0 0.7177734375 0.99609375 0.013671875 0.0078125
0 0.896484375 0.9951171875 0.015625 0.009765625
0 0.3017578125 0.994140625 0.017578125 0.01171875
0 0.212890625 0.9912109375 0.01953125 0.017578125
0 0.5634765625 0.9892578125 0.025390625 0.021484375
0 0.1220703125 0.9892578125 0.021484375 0.021484375
0 0.6494140625 0.9853515625 0.025390625 0.029296875
0 0.0888671875 0.9833984375 0.029296875 0.025390625
0 0.94921875 0.9833984375 0.03515625 0.029296875
0 0.2685546875 0.984375 0.029296875 0.03125
0 0.8662109375 0.982421875 0.033203125 0.03515625
0 0.41796875 0.9814453125 0.02734375 0.037109375
0 0.3876953125 0.9736328125 0.025390625 0.025390625
0 0.0556640625 0.970703125 0.025390625 0.0234375
0 0.7353515625 0.9736328125 0.033203125 0.037109375
0 0.5322265625 0.9677734375 0.029296875 0.025390625
0 0.240234375 0.96875 0.03515625 0.03125
0 0.41015625 0.9560546875 0.01953125 0.017578125
0 0.0166015625 0.9541015625 0.017578125 0.017578125
0 0.982421875 0.9609375 0.03515625 0.03515625
0 0.3505859375 0.9501953125 0.025390625 0.021484375
0 0.2021484375 0.9541015625 0.037109375 0.029296875
0 0.830078125 0.955078125 0.046875 0.03515625
0 0.037109375 0.9462890625 0.015625 0.017578125
0 0.4990234375 0.9482421875 0.029296875 0.025390625
0 0.005859375 0.9384765625 0.01171875 0.021484375
0 0.5927734375 0.935546875 0.037109375 0.0234375
0 0.3193359375 0.9326171875 0.025390625 0.021484375
0 0.4677734375 0.9306640625 0.029296875 0.021484375
0 0.169921875 0.9296875 0.03515625 0.0390625
0 0.28515625 0.9140625 0.0234375 0.0234375
0 0.03125 0.916015625 0.02734375 0.02734375
0 0.435546875 0.9091796875 0.0234375 0.025390625
0 0.1357421875 0.912109375 0.033203125 0.03125
0 0.798828125 0.9091796875 0.03515625 0.029296875
0 0.5615234375 0.908203125 0.025390625 0.02734375
0 0.0576171875 0.8984375 0.029296875 0.02734375
0 0.642578125 0.8955078125 0.03125 0.029296875
0 0.1064453125 0.8916015625 0.021484375 0.021484375
0 0.4033203125 0.8935546875 0.029296875 0.029296875
0 0.259765625 0.8896484375 0.03125 0.029296875
0 0.5263671875 0.8857421875 0.029296875 0.029296875
0 0.8505859375 0.8837890625 0.044921875 0.029296875
0 0.21875 0.876953125 0.0234375 0.01953125
0 0.619140625 0.8701171875 0.02734375 0.025390625
0 0.4951171875 0.869140625 0.025390625 0.0234375
0 0.373046875 0.87109375 0.03125 0.02734375
0 0.716796875 0.86328125 0.02734375 0.0234375
0 0.89453125 0.8642578125 0.03515625 0.029296875
0 0.3408203125 0.849609375 0.033203125 0.0234375
0 0.185546875 0.8486328125 0.0234375 0.025390625
0 0.58984375 0.8447265625 0.02734375 0.025390625
0 0.4560546875 0.8447265625 0.025390625 0.029296875
0 0.5341796875 0.837890625 0.017578125 0.01953125
0 0.9541015625 0.837890625 0.033203125 0.03125
0 0.783203125 0.837890625 0.02734375 0.03125
0 0.6865234375 0.8330078125 0.029296875 0.029296875
0 0.013671875 0.8310546875 0.0234375 0.025390625
0 0.306640625 0.828125 0.0234375 0.0234375
0 0.22265625 0.826171875 0.02734375 0.02734375
0 0.5625 0.8271484375 0.03125 0.033203125
0 0.4248046875 0.82421875 0.029296875 0.02734375
0 0.9873046875 0.8193359375 0.025390625 0.025390625
0 0.4638671875 0.80859375 0.017578125 0.015625
0 0.8525390625 0.8115234375 0.029296875 0.025390625
0 0.26953125 0.8076171875 0.0234375 0.017578125
0 0.6611328125 0.8115234375 0.029296875 0.029296875
0 0.7587890625 0.80859375 0.033203125 0.03125
0 0.0380859375 0.806640625 0.025390625 0.02734375
0 0.384765625 0.7998046875 0.02734375 0.025390625
0 0.5302734375 0.7978515625 0.029296875 0.029296875
0 0.0166015625 0.7900390625 0.017578125 0.017578125
0 0.4599609375 0.78125 0.017578125 0.015625
0 0.7392578125 0.779296875 0.033203125 0.02734375
0 0.6357421875 0.783203125 0.025390625 0.03515625
0 0.1298828125 0.7763671875 0.025390625 0.021484375
0 0.828125 0.7783203125 0.03125 0.029296875
0 0.5087890625 0.775390625 0.029296875 0.02734375
0 0.0048828125 0.767578125 0.009765625 0.015625
0 0.34765625 0.765625 0.03125 0.0234375
0 0.0869140625 0.765625 0.025390625 0.0234375
0 0.1689453125 0.7607421875 0.033203125 0.029296875
0 0.60546875 0.755859375 0.02734375 0.03125
0 0.48046875 0.7509765625 0.02734375 0.029296875
0 0.810546875 0.748046875 0.03125 0.03125
0 0.3994140625 0.7451171875 0.025390625 0.025390625
0 0.71875 0.744140625 0.02734375 0.03125
0 0.2021484375 0.7431640625 0.033203125 0.029296875
0 0.5751953125 0.7373046875 0.033203125 0.029296875
0 0.43359375 0.7294921875 0.0234375 0.021484375
0 0.5576171875 0.7197265625 0.017578125 0.017578125
0 0.693359375 0.71875 0.03515625 0.02734375
0 0.6103515625 0.71484375 0.017578125 0.01953125
0 0.7880859375 0.71875 0.029296875 0.03125
0 0.0546875 0.71875 0.02734375 0.03515625
0 0.271484375 0.708984375 0.02734375 0.0234375
0 0.3115234375 0.69921875 0.025390625 0.0234375
0 0.1533203125 0.697265625 0.029296875 0.0234375
0 0.0263671875 0.697265625 0.025390625 0.02734375
0 0.52734375 0.693359375 0.02734375 0.02734375
0 0.666015625 0.6904296875 0.03125 0.033203125
0 0.7666015625 0.6875 0.037109375 0.03515625
0 0.34765625 0.6806640625 0.03125 0.025390625
0 0.552734375 0.6748046875 0.02734375 0.029296875
0 0.005859375 0.66796875 0.01171875 0.01953125
0 0.384765625 0.6650390625 0.02734375 0.025390625
0 0.224609375 0.666015625 0.02734375 0.02734375
0 0.1201171875 0.6650390625 0.025390625 0.029296875
0 0.3466796875 0.65234375 0.013671875 0.015625
0 0.609375 0.6533203125 0.03515625 0.021484375
0 0.2578125 0.6513671875 0.01953125 0.017578125
0 0.05859375 0.6552734375 0.0234375 0.025390625
0 0.7392578125 0.658203125 0.033203125 0.03515625
0 0.203125 0.64453125 0.02734375 0.02734375
0 0.361328125 0.638671875 0.01953125 0.01953125
0 0.642578125 0.638671875 0.0234375 0.0234375
0 0.0888671875 0.63671875 0.029296875 0.02734375
0 0.46875 0.62890625 0.02734375 0.0234375
0 0.2109375 0.6162109375 0.01953125 0.017578125
0 0.1708984375 0.6171875 0.025390625 0.0234375
0 0.3388671875 0.6162109375 0.029296875 0.025390625
0 0.70703125 0.6103515625 0.02734375 0.025390625
0 0.4990234375 0.6103515625 0.029296875 0.029296875
0 0.4609375 0.6044921875 0.01953125 0.017578125
0 0.427734375 0.6064453125 0.03125 0.025390625
0 0.05859375 0.6064453125 0.02734375 0.029296875
0 0.740234375 0.5947265625 0.03515625 0.033203125
0 0.302734375 0.5888671875 0.02734375 0.029296875
0 0.5498046875 0.5869140625 0.033203125 0.029296875
0 0.1376953125 0.5869140625 0.025390625 0.029296875
0 0.3994140625 0.58203125 0.025390625 0.02734375
0 0.16796875 0.576171875 0.01953125 0.01953125
0 0.2392578125 0.5703125 0.017578125 0.015625
0 0.0263671875 0.5791015625 0.029296875 0.033203125
0 0.5849609375 0.5732421875 0.029296875 0.025390625
0 0.27734375 0.56640625 0.02734375 0.02734375
0 0.0048828125 0.5556640625 0.009765625 0.017578125
0 0.111328125 0.55859375 0.02734375 0.02734375
0 0.2080078125 0.5517578125 0.017578125 0.017578125
0 0.37890625 0.5546875 0.03125 0.02734375
0 0.2509765625 0.5439453125 0.029296875 0.025390625
0 0.6474609375 0.537109375 0.025390625 0.02734375
0 0.1845703125 0.5283203125 0.017578125 0.017578125
0 0.6943359375 0.5283203125 0.029296875 0.025390625
0 0.552734375 0.5283203125 0.02734375 0.029296875
0 0.080078125 0.5283203125 0.0390625 0.033203125
0 0.341796875 0.52734375 0.03125 0.03515625
0 0.220703125 0.5234375 0.02734375 0.02734375
0 0.73046875 0.5107421875 0.02734375 0.025390625
0 0.3125 0.5068359375 0.02734375 0.029296875
0 0.05078125 0.5009765625 0.02734375 0.029296875
0 0.5322265625 0.5 0.029296875 0.03125
0 0.1962890625 0.5 0.029296875 0.03125
0 0.6201171875 0.4951171875 0.025390625 0.029296875
0 0.337890625 0.4912109375 0.0234375 0.021484375
0 0.1279296875 0.484375 0.021484375 0.01953125
0 0.2890625 0.482421875 0.0234375 0.0234375
0 0.7685546875 0.4833984375 0.025390625 0.029296875
0 0.1669921875 0.4775390625 0.029296875 0.025390625
0 0.501953125 0.470703125 0.02734375 0.02734375
0 0.5966796875 0.4658203125 0.029296875 0.029296875
0 0.3583984375 0.453125 0.017578125 0.01953125
0 0.138671875 0.4560546875 0.02734375 0.025390625
0 0.0029296875 0.447265625 0.005859375 0.0078125
0 0.474609375 0.4482421875 0.0234375 0.025390625
0 0.1005859375 0.451171875 0.029296875 0.03125
0 0.8759765625 0.4443359375 0.037109375 0.033203125
0 0.8251953125 0.4501953125 0.037109375 0.044921875
0 0.326171875 0.4384765625 0.03125 0.029296875
0 0.4443359375 0.4326171875 0.025390625 0.025390625
0 0.38671875 0.4296875 0.01953125 0.01953125
0 0.41015625 0.4267578125 0.01953125 0.017578125
0 0.7314453125 0.427734375 0.029296875 0.02734375
0 0.22265625 0.431640625 0.03125 0.03515625
0 0.576171875 0.4306640625 0.03515625 0.041015625
0 0.9111328125 0.423828125 0.033203125 0.03515625
0 0.544921875 0.4140625 0.0234375 0.02734375
0 0.3564453125 0.4140625 0.033203125 0.03515625
0 0.2548828125 0.412109375 0.033203125 0.03125
0 0.037109375 0.4072265625 0.0234375 0.025390625
0 0.7197265625 0.400390625 0.021484375 0.0234375
0 0.8056640625 0.3896484375 0.037109375 0.025390625
0 0.5185546875 0.3896484375 0.033203125 0.033203125
0 0.28125 0.3857421875 0.02734375 0.025390625
0 0.1708984375 0.38671875 0.037109375 0.02734375
0 0.384765625 0.3857421875 0.02734375 0.029296875
0 0.060546875 0.384765625 0.02734375 0.02734375
0 0.2421875 0.3798828125 0.0234375 0.021484375
0 0.970703125 0.3828125 0.03515625 0.046875
0 0.7021484375 0.3701171875 0.025390625 0.025390625
0 0.4833984375 0.3720703125 0.029296875 0.029296875
0 0.78515625 0.3662109375 0.03125 0.025390625
0 0.87890625 0.3642578125 0.02734375 0.025390625
0 0.1982421875 0.36328125 0.029296875 0.02734375
0 0.306640625 0.36328125 0.02734375 0.03125
0 0.0859375 0.3583984375 0.03125 0.025390625
0 0.0478515625 0.353515625 0.017578125 0.01953125
0 0.025390625 0.3525390625 0.0234375 0.021484375
0 0.80859375 0.345703125 0.015625 0.015625
0 0.943359375 0.3369140625 0.01953125 0.021484375
0 0.76953125 0.3388671875 0.02734375 0.025390625
0 0.68359375 0.3388671875 0.0234375 0.029296875
0 0.3359375 0.3388671875 0.03125 0.029296875
0 0.4736328125 0.3349609375 0.021484375 0.025390625
0 0.2236328125 0.3369140625 0.029296875 0.029296875
0 0.1162109375 0.3369140625 0.029296875 0.029296875
0 0.8642578125 0.3359375 0.025390625 0.03125
0 0.8212890625 0.3310546875 0.017578125 0.021484375
0 0.4375 0.3359375 0.02734375 0.03125
0 0.0771484375 0.3291015625 0.021484375 0.021484375
0 0.51953125 0.3212890625 0.01953125 0.021484375
0 0.3623046875 0.3115234375 0.025390625 0.025390625
0 0.2529296875 0.314453125 0.033203125 0.03125
0 0.6650390625 0.3115234375 0.033203125 0.033203125
0 0.140625 0.30859375 0.02734375 0.02734375
0 0.0166015625 0.3154296875 0.033203125 0.041015625
0 0.470703125 0.3076171875 0.02734375 0.029296875
0 0.9306640625 0.3046875 0.033203125 0.03125
0 0.84765625 0.302734375 0.0234375 0.02734375
0 0.7421875 0.302734375 0.02734375 0.02734375
0 0.2783203125 0.2880859375 0.025390625 0.025390625
0 0.7919921875 0.2822265625 0.017578125 0.017578125
0 0.4990234375 0.2861328125 0.029296875 0.025390625
0 0.390625 0.28515625 0.0234375 0.0234375
0 0.76953125 0.279296875 0.015625 0.015625
0 0.03515625 0.2861328125 0.03125 0.029296875
0 0.1689453125 0.283203125 0.029296875 0.02734375
0 0.91015625 0.2802734375 0.02734375 0.025390625
0 0.6005859375 0.271484375 0.017578125 0.015625
0 0.6455078125 0.27734375 0.029296875 0.03125
0 0.33984375 0.2705078125 0.0234375 0.021484375
0 0.828125 0.2705078125 0.02734375 0.029296875
0 0.7255859375 0.26953125 0.025390625 0.02734375
0 0.4169921875 0.2626953125 0.029296875 0.029296875
0 0.306640625 0.2626953125 0.02734375 0.029296875
0 0.533203125 0.2587890625 0.02734375 0.029296875
0 0.1943359375 0.2587890625 0.029296875 0.029296875
0 0.89453125 0.2490234375 0.0234375 0.025390625
0 0.076171875 0.25390625 0.03515625 0.03515625
0 0.6298828125 0.2470703125 0.025390625 0.029296875
0 0.708984375 0.2412109375 0.0234375 0.029296875
0 0.447265625 0.2412109375 0.02734375 0.029296875
0 0.80859375 0.240234375 0.03125 0.03515625
0 0.3330078125 0.234375 0.029296875 0.02734375
0 0.224609375 0.2314453125 0.02734375 0.025390625
0 0.5693359375 0.2314453125 0.033203125 0.029296875
0 0.9912109375 0.224609375 0.017578125 0.0234375
0 0.1357421875 0.2197265625 0.017578125 0.017578125
0 0.8779296875 0.2158203125 0.025390625 0.025390625
0 0.47265625 0.2177734375 0.03125 0.029296875
0 0.36328125 0.2119140625 0.03515625 0.029296875
0 0.6904296875 0.208984375 0.025390625 0.02734375
0 0.7900390625 0.20703125 0.025390625 0.02734375
0 0.25 0.2060546875 0.02734375 0.025390625
0 0.6015625 0.205078125 0.03125 0.03125
0 0.1484375 0.1953125 0.02734375 0.02734375
0 0.5029296875 0.1953125 0.033203125 0.03125
0 0.3876953125 0.189453125 0.029296875 0.02734375
0 0.7333984375 0.181640625 0.017578125 0.015625
0 0.9833984375 0.185546875 0.029296875 0.03125
0 0.8525390625 0.1826171875 0.025390625 0.025390625
0 0.275390625 0.1787109375 0.03125 0.029296875
0 0.4560546875 0.169921875 0.017578125 0.01953125
0 0.7734375 0.173828125 0.02734375 0.03125
0 0.5341796875 0.169921875 0.029296875 0.03125
0 0.505859375 0.158203125 0.01953125 0.01953125
0 0.4189453125 0.1669921875 0.037109375 0.037109375
0 0.302734375 0.1591796875 0.0234375 0.025390625
0 0.83984375 0.15625 0.0234375 0.0234375
0 0.6640625 0.154296875 0.02734375 0.02734375
0 0.48828125 0.1455078125 0.015625 0.017578125
0 0.193359375 0.1494140625 0.02734375 0.025390625
0 0.5654296875 0.1455078125 0.025390625 0.025390625
0 0.4443359375 0.1416015625 0.025390625 0.025390625
0 0.7548828125 0.1396484375 0.029296875 0.033203125
0 0.3310546875 0.1357421875 0.029296875 0.025390625
0 0.9521484375 0.138671875 0.033203125 0.03515625
0 0.72265625 0.12890625 0.01953125 0.015625
0 0.513671875 0.1259765625 0.015625 0.017578125
0 0.8203125 0.126953125 0.0234375 0.0234375
0 0.6923828125 0.1279296875 0.025390625 0.025390625
0 0.2236328125 0.1259765625 0.021484375 0.021484375
0 0.4755859375 0.1220703125 0.025390625 0.025390625
0 0.0126953125 0.1201171875 0.025390625 0.033203125
0 0.8720703125 0.109375 0.021484375 0.01953125
0 0.3583984375 0.1103515625 0.025390625 0.025390625
0 0.5419921875 0.103515625 0.017578125 0.015625
0 0.7236328125 0.1044921875 0.033203125 0.029296875
0 0.50390625 0.1005859375 0.0234375 0.021484375
0 0.9189453125 0.09765625 0.029296875 0.03125
0 0.8076171875 0.095703125 0.025390625 0.02734375
0 0.2568359375 0.09765625 0.033203125 0.03125
0 0.6279296875 0.091796875 0.025390625 0.02734375
0 0.38671875 0.091796875 0.02734375 0.02734375
0 0.5283203125 0.0791015625 0.029296875 0.029296875
0 0.8525390625 0.0703125 0.017578125 0.01953125
0 0.4169921875 0.0693359375 0.025390625 0.021484375
0 0.654296875 0.0712890625 0.03125 0.029296875
0 0.0078125 0.0712890625 0.015625 0.029296875
0 0.2939453125 0.0703125 0.029296875 0.03125
0 0.001953125 0.052734375 0.00390625 0.00390625
0 0.892578125 0.060546875 0.02734375 0.02734375
0 0.1220703125 0.0703125 0.041015625 0.046875
0 0.7890625 0.0556640625 0.02734375 0.033203125
0 0.8603515625 0.044921875 0.017578125 0.01953125
0 0.68359375 0.0478515625 0.0234375 0.025390625
0 0.4453125 0.0478515625 0.02734375 0.025390625
0 0.328125 0.0478515625 0.03125 0.033203125
0 0.962890625 0.04296875 0.0234375 0.02734375
0 0.818359375 0.0302734375 0.01953125 0.017578125
0 0.9931640625 0.0302734375 0.013671875 0.021484375
0 0.58203125 0.0283203125 0.02734375 0.025390625
0 0.71484375 0.0185546875 0.02734375 0.025390625
0 0.46875 0.017578125 0.02734375 0.02734375
0 0.3583984375 0.0185546875 0.029296875 0.029296875
0 0.853515625 0.0185546875 0.03125 0.037109375
0 0.7412109375 0.001953125 0.005859375 0.00390625
0 0.611328125 0.0087890625 0.02734375 0.017578125
0 0.3896484375 0.0048828125 0.017578125 0.009765625
0 0.2001953125 0.0146484375 0.021484375 0.029296875
0 0.13671875 0.0048828125 0.01953125 0.009765625