0 0.6220703125 0.998046875 0.005859375 0.00390625
0 0.220703125 0.998046875 0.00390625 0.00390625
0 0.052734375 0.998046875 0.00390625 0.00390625
0 0.69921875 0.9970703125 0.01171875 0.005859375
0 0.0068359375 0.9931640625 0.013671875 0.013671875
0 0.333984375 0.9912109375 0.03515625 0.017578125
0 0.4677734375 0.990234375 0.025390625 0.01953125
0 0.8349609375 0.9873046875 0.037109375 0.025390625
0 0.033203125 0.9853515625 0.0234375 0.025390625
0 0.9921875 0.9765625 0.015625 0.0234375
0 0.25390625 0.9794921875 0.03125 0.029296875
0 0.60546875 0.9765625 0.03515625 0.03125
0 0.1484375 0.9765625 0.05859375 0.046875
0 0.6796875 0.9599609375 0.01953125 0.025390625
0 0.4052734375 0.9609375 0.029296875 0.02734375
0 0.7998046875 0.9619140625 0.025390625 0.033203125
0 0.009765625 0.9580078125 0.01953125 0.025390625
0 0.9375 0.9453125 0.02734375 0.0234375
0 0.275390625 0.94921875 0.03125 0.03125
0 0.53125 0.94921875 0.03515625 0.03515625
0 0.453125 0.9443359375 0.03125 0.025390625
0 0.6982421875 0.935546875 0.021484375 0.01171875
0 0.8515625 0.9423828125 0.0390625 0.029296875
0 0.095703125 0.9423828125 0.05078125 0.029296875
0 0.740234375 0.9453125 0.0234375 0.0390625
0 0.8134765625 0.9296875 0.037109375 0.03125
0 0.3642578125 0.9296875 0.037109375 0.03515625
0 0.16015625 0.927734375 0.04296875 0.0390625
0 0.4384765625 0.9169921875 0.033203125 0.033203125
0 0.2373046875 0.9189453125 0.041015625 0.037109375
0 0.0546875 0.912109375 0.02734375 0.03125
0 0.666015625 0.904296875 0.03125 0.03125
0 0.748046875 0.90234375 0.02734375 0.03125
0 0.7041015625 0.8916015625 0.017578125 0.017578125
0 0.33203125 0.8955078125 0.0390625 0.037109375
0 0.943359375 0.8896484375 0.03515625 0.029296875
0 0.193359375 0.8896484375 0.03515625 0.033203125
0 0.4169921875 0.8857421875 0.041015625 0.033203125
0 0.8642578125 0.87890625 0.037109375 0.0234375
0 0.5869140625 0.880859375 0.033203125 0.03125
0 0.5078125 0.880859375 0.0390625 0.03515625
0 0.03125 0.8818359375 0.02734375 0.037109375
0 0.2978515625 0.873046875 0.029296875 0.03515625
0 0.8173828125 0.8681640625 0.041015625 0.029296875
0 0.673828125 0.865234375 0.0390625 0.03125
0 0.9619140625 0.861328125 0.037109375 0.02734375
0 0.0107421875 0.86328125 0.021484375 0.03125
0 0.7685546875 0.865234375 0.033203125 0.0390625
0 0.9912109375 0.8505859375 0.017578125 0.017578125
0 0.16796875 0.859375 0.0390625 0.03515625
0 0.7255859375 0.8427734375 0.017578125 0.013671875
0 0.2587890625 0.8505859375 0.041015625 0.029296875
0 0.38671875 0.84375 0.02734375 0.03125
0 0.474609375 0.8408203125 0.03515625 0.033203125
0 0.751953125 0.8330078125 0.01953125 0.021484375
0 0.85546875 0.8369140625 0.0390625 0.033203125
0 0.689453125 0.8359375 0.0390625 0.03515625
0 0.5703125 0.8330078125 0.03515625 0.033203125
0 0.98046875 0.8212890625 0.0390625 0.029296875
0 0.22265625 0.8173828125 0.0234375 0.029296875
0 0.142578125 0.8154296875 0.03125 0.029296875
0 0.73828125 0.8076171875 0.01953125 0.017578125
0 0.4521484375 0.8134765625 0.029296875 0.029296875
0 0.357421875 0.8134765625 0.03515625 0.033203125
0 0.79296875 0.8037109375 0.03515625 0.033203125
0 0.705078125 0.8017578125 0.03125 0.029296875
0 0.546875 0.7998046875 0.03125 0.029296875
0 0.212890625 0.791015625 0.03125 0.02734375
0 0.6328125 0.7919921875 0.03125 0.033203125
0 0.328125 0.791015625 0.04296875 0.03125
0 0.00390625 0.7685546875 0.0078125 0.013671875
0 0.9658203125 0.7783203125 0.029296875 0.037109375
0 0.3076171875 0.7705078125 0.025390625 0.025390625
0 0.125 0.767578125 0.0390625 0.03125
0 0.736328125 0.7607421875 0.0234375 0.025390625
0 0.509765625 0.765625 0.04296875 0.03515625
0 0.8916015625 0.7646484375 0.029296875 0.037109375
0 0.609375 0.7626953125 0.0390625 0.037109375
0 0.4208984375 0.7607421875 0.033203125 0.033203125
0 0.2880859375 0.7578125 0.029296875 0.03125
0 0.8525390625 0.755859375 0.025390625 0.03125
0 0.98828125 0.7392578125 0.0234375 0.025390625
0 0.8193359375 0.740234375 0.025390625 0.02734375
0 0.5849609375 0.73828125 0.037109375 0.03125
0 0.2529296875 0.734375 0.029296875 0.02734375
0 0.4794921875 0.7353515625 0.029296875 0.033203125
0 0.2197265625 0.716796875 0.017578125 0.015625
0 0.1953125 0.7177734375 0.02734375 0.025390625
0 0.9228515625 0.712890625 0.029296875 0.02734375
0 0.685546875 0.7138671875 0.03515625 0.037109375
0 0.9931640625 0.705078125 0.013671875 0.02734375
0 0.7880859375 0.70703125 0.033203125 0.03515625
0 0.5517578125 0.70703125 0.037109375 0.03515625
0 0.4443359375 0.7021484375 0.037109375 0.037109375
0 0.3623046875 0.701171875 0.033203125 0.0390625
0 0.6552734375 0.6875 0.037109375 0.0390625
0 0.56640625 0.6767578125 0.0234375 0.025390625
0 0.333984375 0.689453125 0.03515625 0.05078125
0 0.54296875 0.669921875 0.01953125 0.01953125
0 0.3017578125 0.677734375 0.033203125 0.0390625
0 0.8271484375 0.671875 0.033203125 0.03125
0 0.9296875 0.66796875 0.0390625 0.02734375
0 0.583984375 0.6640625 0.01953125 0.01953125
0 0.6298828125 0.6708984375 0.033203125 0.037109375
0 0.51171875 0.666015625 0.03125 0.03515625
0 0.2666015625 0.6572265625 0.029296875 0.029296875
0 0.3818359375 0.654296875 0.037109375 0.03515625
0 0.30078125 0.6455078125 0.01953125 0.017578125
0 0.8564453125 0.6533203125 0.033203125 0.037109375
0 0.3310546875 0.6455078125 0.025390625 0.021484375
0 0.22265625 0.6455078125 0.01953125 0.021484375
0 0.7294921875 0.6494140625 0.044921875 0.044921875
0 0.89453125 0.6396484375 0.02734375 0.033203125
0 0.9287109375 0.630859375 0.033203125 0.0234375
0 0.4833984375 0.6396484375 0.041015625 0.041015625
0 0.609375 0.625 0.03515625 0.02734375
0 0.677734375 0.6181640625 0.01953125 0.025390625
0 0.3349609375 0.6171875 0.033203125 0.02734375
0 0.427734375 0.595703125 0.02734375 0.03125
0 0.6123046875 0.5888671875 0.037109375 0.021484375
0 0.7587890625 0.607421875 0.041015625 0.0625
0 0.71484375 0.58984375 0.04296875 0.0390625
0 0.294921875 0.591796875 0.03515625 0.04296875
0 0.8369140625 0.5810546875 0.033203125 0.041015625
0 0.3935546875 0.5771484375 0.033203125 0.037109375
0 0.7333984375 0.572265625 0.037109375 0.0390625
0 0.265625 0.5673828125 0.02734375 0.029296875
0 0.87109375 0.568359375 0.03125 0.04296875
0 0.9033203125 0.5546875 0.037109375 0.03515625
0 0.3681640625 0.546875 0.029296875 0.03125
0 0.6494140625 0.5419921875 0.025390625 0.025390625
0 0.8095703125 0.5419921875 0.037109375 0.033203125
0 0.86328125 0.51953125 0.0390625 0.04296875
0 0.2841796875 0.5068359375 0.017578125 0.017578125
0 0.7890625 0.5078125 0.05078125 0.04296875
0 0.697265625 0.50390625 0.02734375 0.03515625
0 0.3134765625 0.5 0.025390625 0.03125
0 0.9716796875 0.4990234375 0.029296875 0.033203125
0 0.939453125 0.490234375 0.03125 0.0390625
0 0.828125 0.4833984375 0.0390625 0.037109375
0 0.740234375 0.4814453125 0.0234375 0.033203125
0 0.80078125 0.458984375 0.03125 0.03515625
0 0.978515625 0.4580078125 0.03515625 0.037109375
0 0.890625 0.4384765625 0.02734375 0.033203125
0 0.76171875 0.421875 0.046875 0.0390625
0 0.98828125 0.4091796875 0.0234375 0.037109375
0 0.9033203125 0.4013671875 0.029296875 0.033203125
0 0.3388671875 0.416015625 0.048828125 0.0625
0 0.8349609375 0.3828125 0.029296875 0.03515625
0 0.9111328125 0.365234375 0.025390625 0.02734375
0 0.9912109375 0.3564453125 0.017578125 0.029296875
0 0.8427734375 0.34765625 0.025390625 0.0234375
0 0.779296875 0.3388671875 0.03515625 0.037109375
0 0.9208984375 0.3310546875 0.025390625 0.029296875
0 0.85546875 0.3115234375 0.0234375 0.033203125
0 0.9345703125 0.296875 0.021484375 0.02734375
0 0.7880859375 0.2890625 0.025390625 0.02734375
0 0.984375 0.283203125 0.01953125 0.01953125
0 0.8662109375 0.275390625 0.021484375 0.02734375
0 0.7041015625 0.2744140625 0.033203125 0.025390625
0 0.9453125 0.2607421875 0.0234375 0.033203125
0 0.7958984375 0.255859375 0.021484375 0.03125
0 0.8759765625 0.2412109375 0.025390625 0.033203125
0 0.7197265625 0.2275390625 0.029296875 0.025390625
0 0.953125 0.224609375 0.0234375 0.02734375
0 0.658203125 0.2216796875 0.0390625 0.029296875
0 0.8056640625 0.21875 0.025390625 0.03125
0 0.8828125 0.2041015625 0.02734375 0.029296875
0 0.7333984375 0.197265625 0.025390625 0.03125
0 0.9619140625 0.19140625 0.025390625 0.02734375
0 0.814453125 0.1875 0.0234375 0.02734375
0 0.6640625 0.1845703125 0.04296875 0.029296875
0 0.892578125 0.1708984375 0.02734375 0.033203125
0 0.744140625 0.162109375 0.02734375 0.03125
0 0.5966796875 0.1650390625 0.029296875 0.041015625
0 0.0048828125 0.1533203125 0.009765625 0.017578125
0 0.9716796875 0.154296875 0.021484375 0.02734375
0 0.6728515625 0.154296875 0.041015625 0.02734375
0 0.8251953125 0.1484375 0.025390625 0.02734375
0 0.5703125 0.1513671875 0.03125 0.041015625
0 0.9052734375 0.13671875 0.025390625 0.03125
0 0.6787109375 0.1279296875 0.037109375 0.025390625
0 0.75390625 0.12890625 0.02734375 0.03125
0 0.9833984375 0.12109375 0.021484375 0.02734375
0 0.0166015625 0.119140625 0.025390625 0.02734375
0 0.5380859375 0.1240234375 0.037109375 0.041015625
0 0.8369140625 0.1142578125 0.025390625 0.025390625
0 0.6083984375 0.10546875 0.037109375 0.02734375
0 0.9130859375 0.09765625 0.029296875 0.03125
0 0.6884765625 0.095703125 0.033203125 0.02734375
0 0.765625 0.091796875 0.0234375 0.02734375
0 0.9892578125 0.083984375 0.021484375 0.03125
0 0.8447265625 0.0810546875 0.025390625 0.029296875
0 0.615234375 0.0771484375 0.0390625 0.029296875
0 0.541015625 0.0771484375 0.04296875 0.029296875
0 0.2900390625 0.0791015625 0.029296875 0.033203125
0 0.697265625 0.068359375 0.0390625 0.02734375
0 0.9267578125 0.0625 0.025390625 0.02734375
0 0.037109375 0.0595703125 0.02734375 0.025390625
0 0.9970703125 0.0517578125 0.005859375 0.013671875
0 0.7744140625 0.056640625 0.025390625 0.03125
0 0.4755859375 0.0556640625 0.025390625 0.037109375
0 0.6240234375 0.046875 0.037109375 0.02734375
0 0.55078125 0.0458984375 0.0390625 0.025390625
0 0.8564453125 0.0439453125 0.021484375 0.025390625
0 0.7060546875 0.0380859375 0.037109375 0.025390625
0 0.056640625 0.037109375 0.03125 0.03125
0 0.9287109375 0.03125 0.029296875 0.0234375
0 0.443359375 0.037109375 0.0390625 0.0390625
0 0.083984375 0.142578125 0.16796875 0.26171875
0 0.7841796875 0.0234375 0.029296875 0.03125
0 0.6328125 0.0205078125 0.03515625 0.029296875
0 0.55859375 0.017578125 0.03515625 0.0234375
0 0.873046875 0.013671875 0.0390625 0.02734375
0 0.8017578125 0.001953125 0.005859375 0.00390625
0 0.7138671875 0.01171875 0.033203125 0.0234375
0 0.650390625 0.001953125 0.00390625 0.00390625
0 0.5712890625 0.005859375 0.033203125 0.01171875
0 0.4873046875 0.0078125 0.037109375 0.015625
0 0.404296875 0.0107421875 0.02734375 0.021484375
0 0.1005859375 0.00390625 0.013671875 0.0078125
0 0.0732421875 0.017578125 0.041015625 0.03515625
0 0.0048828125 0.0087890625 0.009765625 0.017578125