0 0.4541015625 0.9951171875 0.017578125 0.009765625
0 0.8623046875 0.9873046875 0.029296875 0.025390625
0 0.666015625 0.986328125 0.0390625 0.02734375
0 0.5625 0.984375 0.0390625 0.03125
0 0.3388671875 0.984375 0.033203125 0.03125
0 0.189453125 0.9697265625 0.0390625 0.021484375
0 0.1298828125 0.9697265625 0.041015625 0.021484375
0 0.9873046875 0.9677734375 0.025390625 0.025390625
0 0.94140625 0.958984375 0.0390625 0.0234375
0 0.7744140625 0.96484375 0.029296875 0.0390625
0 0.265625 0.9599609375 0.046875 0.029296875
0 0.0751953125 0.95703125 0.037109375 0.04296875
0 0.8623046875 0.9453125 0.025390625 0.03515625
0 0.5859375 0.9482421875 0.03515625 0.041015625
0 0.4501953125 0.9482421875 0.029296875 0.041015625
0 0.021484375 0.939453125 0.04296875 0.03515625
0 0.6796875 0.9345703125 0.03515625 0.041015625
0 0.357421875 0.931640625 0.04296875 0.05078125
0 0.466796875 0.8955078125 0.02734375 0.029296875
0 0.59375 0.8974609375 0.03515625 0.041015625
0 0.759765625 0.890625 0.0390625 0.03125
0 0.9736328125 0.876953125 0.033203125 0.03515625
0 0.939453125 0.8671875 0.03515625 0.02734375
0 0.69921875 0.8701171875 0.0390625 0.037109375
0 0.3837890625 0.86328125 0.033203125 0.046875
0 0.4931640625 0.8525390625 0.037109375 0.041015625
0 0.89453125 0.8427734375 0.0234375 0.029296875
0 0.587890625 0.837890625 0.04296875 0.0234375
0 0.8134765625 0.822265625 0.037109375 0.03125
0 0.134765625 0.8212890625 0.05078125 0.041015625
0 0.2099609375 0.80859375 0.064453125 0.03515625
0 0.0576171875 0.802734375 0.048828125 0.03125
0 0.9033203125 0.7919921875 0.021484375 0.033203125
0 0.9833984375 0.787109375 0.033203125 0.04296875
0 0.8203125 0.7783203125 0.0234375 0.029296875
0 0.3974609375 0.7880859375 0.044921875 0.048828125
0 0.7421875 0.7666015625 0.05078125 0.041015625
0 0.29296875 0.7685546875 0.0546875 0.048828125
0 0.6826171875 0.75390625 0.041015625 0.04296875
0 0.6259765625 0.7451171875 0.041015625 0.041015625
0 0.8955078125 0.7412109375 0.029296875 0.037109375
0 0.529296875 0.7421875 0.03515625 0.046875
0 0.802734375 0.736328125 0.03515625 0.0390625
0 0.5654296875 0.7392578125 0.029296875 0.048828125
0 0.9560546875 0.7197265625 0.029296875 0.044921875
0 0.4462890625 0.716796875 0.033203125 0.046875
0 0.15234375 0.70703125 0.046875 0.03515625
0 0.0810546875 0.705078125 0.052734375 0.03125
0 0.7744140625 0.708984375 0.037109375 0.04296875
0 0.8759765625 0.6962890625 0.041015625 0.037109375
0 0.3447265625 0.701171875 0.044921875 0.0625
0 0.22265625 0.6865234375 0.0625 0.048828125
0 0.5673828125 0.677734375 0.037109375 0.0390625
0 0.7333984375 0.669921875 0.044921875 0.0390625
0 0.9423828125 0.6689453125 0.033203125 0.041015625
0 0.837890625 0.658203125 0.0390625 0.0390625
0 0.478515625 0.6572265625 0.03515625 0.052734375
0 0.189453125 0.6357421875 0.02734375 0.029296875
0 0.3681640625 0.6337890625 0.033203125 0.037109375
0 0.7109375 0.626953125 0.03515625 0.03515625
0 0.806640625 0.625 0.0390625 0.03515625
0 0.9033203125 0.6259765625 0.052734375 0.041015625
0 0.59765625 0.6279296875 0.0390625 0.044921875
0 0.9921875 0.61328125 0.015625 0.03125
0 0.2607421875 0.6162109375 0.056640625 0.056640625
0 0.787109375 0.5859375 0.02734375 0.03125
0 0.6201171875 0.5859375 0.033203125 0.04296875
0 0.5048828125 0.5830078125 0.052734375 0.052734375
0 0.70703125 0.5712890625 0.01953125 0.033203125
0 0.88671875 0.568359375 0.01953125 0.04296875
0 0.98046875 0.568359375 0.0390625 0.046875
0 0.4267578125 0.5556640625 0.044921875 0.037109375
0 0.080078125 0.5546875 0.05859375 0.0390625
0 0.634765625 0.5439453125 0.02734375 0.029296875
0 0.7919921875 0.5419921875 0.025390625 0.029296875
0 0.36328125 0.54296875 0.03515625 0.05859375
0 0.2607421875 0.5400390625 0.041015625 0.052734375
0 0.7177734375 0.5166015625 0.029296875 0.041015625
0 0.9873046875 0.5166015625 0.025390625 0.044921875
0 0.8115234375 0.5078125 0.025390625 0.0390625
0 0.6611328125 0.501953125 0.029296875 0.03125
0 0.8994140625 0.5009765625 0.041015625 0.064453125
0 0.228515625 0.4697265625 0.046875 0.041015625
0 0.744140625 0.4658203125 0.0390625 0.037109375
0 0.8359375 0.4638671875 0.03125 0.041015625
0 0.6845703125 0.45703125 0.029296875 0.03515625
0 0.505859375 0.45703125 0.046875 0.046875
0 0.4072265625 0.4501953125 0.052734375 0.041015625
0 0.9375 0.443359375 0.03515625 0.05078125
0 0.86328125 0.4248046875 0.03125 0.041015625
0 0.1484375 0.4248046875 0.078125 0.044921875
0 0.771484375 0.4189453125 0.03125 0.041015625
0 0.7138671875 0.41015625 0.029296875 0.03125
0 0.3583984375 0.408203125 0.056640625 0.05078125
0 0.609375 0.404296875 0.04296875 0.0546875
0 0.9482421875 0.38671875 0.041015625 0.0234375
0 0.8955078125 0.380859375 0.033203125 0.03515625
0 0.462890625 0.392578125 0.05078125 0.05859375
0 0.802734375 0.37109375 0.03125 0.0390625
0 0.3134765625 0.3701171875 0.048828125 0.048828125
0 0.5517578125 0.3642578125 0.041015625 0.056640625
0 0.83203125 0.3359375 0.03125 0.03515625
0 0.064453125 0.3359375 0.046875 0.0390625
0 0.7666015625 0.328125 0.025390625 0.03125
0 0.6376953125 0.3349609375 0.029296875 0.048828125
0 0.005859375 0.3173828125 0.01171875 0.021484375
0 0.2470703125 0.326171875 0.060546875 0.0546875
0 0.4345703125 0.3212890625 0.044921875 0.060546875
0 0.5302734375 0.3046875 0.033203125 0.04296875
0 0.974609375 0.2958984375 0.0390625 0.037109375
0 0.79296875 0.2880859375 0.0234375 0.025390625
0 0.9970703125 0.271484375 0.005859375 0.0078125
0 0.623046875 0.2841796875 0.0390625 0.033203125
0 0.8974609375 0.2783203125 0.033203125 0.033203125
0 0.1865234375 0.279296875 0.048828125 0.046875
0 0.3935546875 0.263671875 0.048828125 0.04296875
0 0.70703125 0.2568359375 0.02734375 0.033203125
0 0.603515625 0.2451171875 0.02734375 0.029296875
0 0.1044921875 0.2412109375 0.060546875 0.041015625
0 0.861328125 0.232421875 0.02734375 0.02734375
0 0.9228515625 0.224609375 0.044921875 0.03515625
0 0.5029296875 0.2392578125 0.033203125 0.064453125
0 0.0244140625 0.21875 0.048828125 0.02734375
0 0.3330078125 0.22265625 0.048828125 0.04296875
0 0.75 0.2099609375 0.03125 0.029296875
0 0.96484375 0.2080078125 0.04296875 0.033203125
0 0.5908203125 0.20703125 0.033203125 0.03125
0 0.9970703125 0.189453125 0.005859375 0.01171875
0 0.73828125 0.1708984375 0.02734375 0.033203125
0 0.564453125 0.1708984375 0.03125 0.033203125
0 0.2705078125 0.1767578125 0.060546875 0.048828125
0 0.462890625 0.1748046875 0.04296875 0.052734375
0 0.818359375 0.1552734375 0.02734375 0.029296875
0 0.408203125 0.158203125 0.046875 0.046875
0 0.6484375 0.1455078125 0.03125 0.037109375
0 0.544921875 0.13671875 0.0234375 0.0234375
0 0.2177734375 0.140625 0.048828125 0.0390625
0 0.904296875 0.12109375 0.03125 0.0234375
0 0.3603515625 0.126953125 0.044921875 0.04296875
0 0.716796875 0.1181640625 0.02734375 0.029296875
0 0.796875 0.111328125 0.0234375 0.03125
0 0.6259765625 0.109375 0.037109375 0.02734375
0 0.3212890625 0.1015625 0.021484375 0.0234375
0 0.150390625 0.107421875 0.05078125 0.0390625
0 0.9541015625 0.1015625 0.037109375 0.03125
0 0.5126953125 0.0966796875 0.037109375 0.044921875
0 0.9912109375 0.0791015625 0.017578125 0.021484375
0 0.0810546875 0.0849609375 0.044921875 0.033203125
0 0.705078125 0.0791015625 0.0234375 0.029296875
0 0.5966796875 0.072265625 0.029296875 0.03125
0 0.0185546875 0.072265625 0.037109375 0.03515625
0 0.787109375 0.0693359375 0.02734375 0.033203125
0 0.48828125 0.0625 0.03125 0.0234375
0 0.26171875 0.052734375 0.05078125 0.0390625
0 0.6875 0.0390625 0.01953125 0.0234375
0 0.5693359375 0.0400390625 0.025390625 0.025390625
0 0.8828125 0.04296875 0.02734375 0.03515625
0 0.4501953125 0.033203125 0.037109375 0.0234375
0 0.3330078125 0.0458984375 0.048828125 0.052734375
0 0.97265625 0.029296875 0.04296875 0.04296875
0 0.7607421875 0.0185546875 0.025390625 0.029296875
0 0.2041015625 0.021484375 0.041015625 0.03515625
0 0.84375 0.0078125 0.02734375 0.015625
0 0.6728515625 0.0048828125 0.021484375 0.009765625
0 0.5439453125 0.0087890625 0.025390625 0.017578125
0 0.1474609375 0.0029296875 0.009765625 0.005859375
0 0.12890625 0.00390625 0.015625 0.0078125