0 0.6796875 0.9970703125 0.0078125 0.005859375
0 0.6484375 0.9970703125 0.0078125 0.005859375
0 0.3681640625 0.9833984375 0.037109375 0.033203125
0 0.0615234375 0.9814453125 0.060546875 0.037109375
0 0.552734375 0.978515625 0.03515625 0.04296875
0 0.6875 0.9755859375 0.0390625 0.041015625
0 0.2412109375 0.9765625 0.041015625 0.04296875
0 0.8759765625 0.9482421875 0.044921875 0.044921875
0 0.962890625 0.94921875 0.0703125 0.078125
0 0.134765625 0.9306640625 0.03125 0.044921875
0 0.5966796875 0.9111328125 0.056640625 0.041015625
0 0.4169921875 0.9111328125 0.041015625 0.044921875
0 0.5048828125 0.908203125 0.048828125 0.04296875
0 0.201171875 0.892578125 0.01953125 0.03125
0 0.796875 0.8955078125 0.046875 0.044921875
0 0.0185546875 0.884765625 0.033203125 0.0546875
0 0.9345703125 0.869140625 0.029296875 0.03515625
0 0.46875 0.8583984375 0.0390625 0.041015625
0 0.259765625 0.8525390625 0.0390625 0.068359375
0 0.7578125 0.8359375 0.0546875 0.046875
0 0.0107421875 0.806640625 0.021484375 0.0390625
0 0.8701171875 0.798828125 0.041015625 0.05078125
0 0.82421875 0.7890625 0.03515625 0.03125
0 0.3251953125 0.802734375 0.072265625 0.05859375
0 0.99609375 0.76953125 0.0078125 0.01953125
0 0.1064453125 0.775390625 0.037109375 0.0390625
0 0.669921875 0.7841796875 0.046875 0.060546875
0 0.2109375 0.7724609375 0.046875 0.037109375
0 0.6103515625 0.759765625 0.044921875 0.05078125
0 0.7490234375 0.7412109375 0.021484375 0.025390625
0 0.07421875 0.75 0.046875 0.046875
0 0.6494140625 0.736328125 0.025390625 0.0234375
0 0.8544921875 0.724609375 0.044921875 0.0390625
0 0.4658203125 0.71484375 0.056640625 0.0390625
0 0.5634765625 0.7197265625 0.048828125 0.068359375
0 0.72265625 0.7021484375 0.05078125 0.037109375
0 0.146484375 0.70703125 0.06640625 0.0546875
0 0.0205078125 0.6923828125 0.041015625 0.060546875
0 0.0859375 0.6748046875 0.04296875 0.037109375
0 0.7763671875 0.671875 0.037109375 0.0390625
0 0.669921875 0.669921875 0.0390625 0.03515625
0 0.9208984375 0.650390625 0.041015625 0.02734375
0 0.388671875 0.6474609375 0.0859375 0.080078125
0 0.849609375 0.6142578125 0.06640625 0.041015625
0 0.947265625 0.6044921875 0.03515625 0.033203125
0 0.287109375 0.607421875 0.05078125 0.0390625
0 0.0751953125 0.61328125 0.060546875 0.0703125
0 0.919921875 0.583984375 0.0234375 0.0234375
0 0.6337890625 0.5966796875 0.041015625 0.056640625
0 0.97265625 0.5576171875 0.02734375 0.033203125
0 0.005859375 0.5537109375 0.01171875 0.025390625
0 0.7587890625 0.556640625 0.048828125 0.0390625
0 0.8759765625 0.55078125 0.037109375 0.03125
0 0.53515625 0.564453125 0.05078125 0.0625
0 0.234375 0.552734375 0.06640625 0.06640625
0 0.400390625 0.5419921875 0.05078125 0.048828125
0 0.958984375 0.515625 0.01953125 0.01953125
0 0.884765625 0.5185546875 0.03125 0.029296875
0 0.6943359375 0.515625 0.041015625 0.0390625
0 0.9892578125 0.5087890625 0.021484375 0.037109375
0 0.498046875 0.50390625 0.0390625 0.03515625
0 0.8994140625 0.486328125 0.037109375 0.03515625
0 0.21484375 0.478515625 0.01171875 0.01953125
0 0.4111328125 0.4814453125 0.037109375 0.033203125
0 0.1484375 0.470703125 0.0546875 0.0390625
0 0.98046875 0.4541015625 0.01953125 0.017578125
0 0.6103515625 0.4599609375 0.041015625 0.033203125
0 0.33984375 0.46875 0.046875 0.0546875
0 0.91015625 0.4521484375 0.03125 0.029296875
0 0.81640625 0.453125 0.02734375 0.03125
0 0.4150390625 0.43359375 0.033203125 0.03125
0 0.5205078125 0.419921875 0.044921875 0.0390625
0 0.7265625 0.4189453125 0.0390625 0.044921875
0 0.8359375 0.40625 0.02734375 0.03125
0 0.4345703125 0.40625 0.025390625 0.03125
0 0.9208984375 0.3994140625 0.029296875 0.029296875
0 0.8076171875 0.3662109375 0.021484375 0.021484375
0 0.8525390625 0.3671875 0.029296875 0.03515625
0 0.943359375 0.3603515625 0.02734375 0.029296875
0 0.4482421875 0.337890625 0.044921875 0.03515625
0 0.86328125 0.3271484375 0.0390625 0.029296875
0 0.5693359375 0.3251953125 0.037109375 0.029296875
0 0.9560546875 0.318359375 0.025390625 0.02734375
0 0.7734375 0.3330078125 0.0390625 0.060546875
0 0.822265625 0.3095703125 0.02734375 0.025390625
0 0.8408203125 0.275390625 0.033203125 0.03515625
0 0.8876953125 0.2763671875 0.033203125 0.048828125
0 0.9794921875 0.25390625 0.037109375 0.02734375
0 0.09765625 0.25390625 0.1953125 0.109375
0 0.5205078125 0.1904296875 0.044921875 0.044921875
0 0.3251953125 0.21484375 0.158203125 0.09375
0 0.671875 0.15625 0.203125 0.08984375
0 0.8759765625 0.1494140625 0.142578125 0.087890625
0 0.0078125 0.111328125 0.015625 0.02734375
0 0.46484375 0.1572265625 0.078125 0.166015625
0 0.0322265625 0.0654296875 0.041015625 0.041015625
0 0.6865234375 0.04296875 0.119140625 0.078125
0 0.951171875 0.0224609375 0.09765625 0.044921875
0 0.5673828125 0.0478515625 0.056640625 0.095703125
0 0.4169921875 0.02734375 0.126953125 0.0546875
0 0.0771484375 0.01171875 0.033203125 0.0234375