0 0.70703125 0.9970703125 0.01171875 0.005859375
0 0.990234375 0.99609375 0.01953125 0.0078125
0 0.9619140625 0.9921875 0.029296875 0.015625
0 0.07421875 0.9873046875 0.07421875 0.025390625
0 0.9267578125 0.98046875 0.037109375 0.0234375
0 0.9892578125 0.974609375 0.021484375 0.01953125
0 0.96484375 0.9716796875 0.015625 0.013671875
0 0.53515625 0.9580078125 0.046875 0.033203125
0 0.919921875 0.9501953125 0.03515625 0.021484375
0 0.986328125 0.9443359375 0.02734375 0.021484375
0 0.056640625 0.951171875 0.0234375 0.03515625
0 0.953125 0.935546875 0.03125 0.02734375
0 0.916015625 0.916015625 0.0390625 0.0234375
0 0.71875 0.9521484375 0.203125 0.095703125
0 0.994140625 0.9111328125 0.01171875 0.021484375
0 0.0419921875 0.9111328125 0.025390625 0.025390625
0 0.9892578125 0.88671875 0.017578125 0.01171875
0 0.01171875 0.8955078125 0.0234375 0.033203125
0 0.9609375 0.8857421875 0.0234375 0.037109375
0 0.9033203125 0.8798828125 0.021484375 0.025390625
0 0.990234375 0.869140625 0.01953125 0.01953125
0 0.033203125 0.83203125 0.0390625 0.03125
0 0.916015625 0.8232421875 0.05078125 0.025390625
0 0.98046875 0.8154296875 0.03125 0.021484375
0 0.9404296875 0.80078125 0.029296875 0.015625
0 0.04296875 0.794921875 0.02734375 0.0234375
0 0.9052734375 0.7919921875 0.037109375 0.021484375
0 0.9775390625 0.7861328125 0.037109375 0.021484375
0 0.0517578125 0.7724609375 0.025390625 0.021484375
0 0.9169921875 0.7646484375 0.068359375 0.025390625
0 0.974609375 0.7587890625 0.03515625 0.021484375
0 0.234375 0.8369140625 0.21875 0.181640625
0 0.9453125 0.7412109375 0.015625 0.013671875
0 0.5166015625 0.74609375 0.021484375 0.0234375
0 0.4736328125 0.751953125 0.056640625 0.04296875
0 0.0673828125 0.7421875 0.041015625 0.0390625
0 0.90234375 0.73046875 0.0390625 0.01953125
0 0.9736328125 0.728515625 0.033203125 0.01953125
0 0.9384765625 0.712890625 0.017578125 0.015625
0 0.896484375 0.705078125 0.03515625 0.01953125
0 0.0791015625 0.7021484375 0.041015625 0.029296875
0 0.0078125 0.6923828125 0.015625 0.025390625
0 0.9765625 0.6923828125 0.01953125 0.033203125
0 0.951171875 0.6708984375 0.01953125 0.037109375
0 0.3701171875 0.6728515625 0.025390625 0.048828125
0 0.0888671875 0.6611328125 0.033203125 0.029296875
0 0.2939453125 0.6552734375 0.044921875 0.033203125
0 0.7783203125 0.6904296875 0.083984375 0.115234375
0 0.3310546875 0.6259765625 0.044921875 0.025390625
0 0.099609375 0.6279296875 0.0390625 0.037109375
0 0.1123046875 0.5888671875 0.037109375 0.037109375
0 0.990234375 0.5869140625 0.01953125 0.037109375
0 0.5341796875 0.6083984375 0.185546875 0.091796875
0 0.9619140625 0.580078125 0.025390625 0.04296875
0 0.15625 0.5693359375 0.0234375 0.033203125
0 0.0380859375 0.56640625 0.029296875 0.03125
0 0.001953125 0.5537109375 0.00390625 0.005859375
0 0.916015625 0.5732421875 0.0546875 0.052734375
0 0.8740234375 0.55859375 0.025390625 0.03515625
0 0.931640625 0.54296875 0.015625 0.015625
0 0.1240234375 0.5419921875 0.029296875 0.025390625
0 0.7998046875 0.5380859375 0.025390625 0.029296875
0 0.8623046875 0.5341796875 0.029296875 0.029296875
0 0.986328125 0.5302734375 0.02734375 0.029296875
0 0.0517578125 0.5263671875 0.025390625 0.021484375
0 0.958984375 0.5283203125 0.0234375 0.033203125
0 0.7724609375 0.5302734375 0.025390625 0.037109375
0 0.015625 0.5166015625 0.0234375 0.021484375
0 0.8994140625 0.5146484375 0.021484375 0.025390625
0 0.7373046875 0.51953125 0.029296875 0.04296875
0 0.6943359375 0.513671875 0.025390625 0.03515625
0 0.7197265625 0.501953125 0.017578125 0.01953125
0 0.86328125 0.50390625 0.03515625 0.02734375
0 0.6640625 0.5078125 0.02734375 0.03515625
0 0.0625 0.4951171875 0.02734375 0.025390625
0 0.7783203125 0.4912109375 0.037109375 0.025390625
0 0.6015625 0.4951171875 0.0234375 0.033203125
0 0.705078125 0.484375 0.015625 0.015625
0 0.0205078125 0.484375 0.041015625 0.0390625
0 0.572265625 0.484375 0.03515625 0.046875
0 0.138671875 0.4921875 0.05078125 0.0625
0 0.525390625 0.4755859375 0.02734375 0.037109375
0 0.994140625 0.4677734375 0.01171875 0.025390625
0 0.6767578125 0.4638671875 0.037109375 0.025390625
0 0.59375 0.4619140625 0.015625 0.021484375
0 0.7421875 0.46484375 0.01953125 0.03125
0 0.0703125 0.4609375 0.04296875 0.03125
0 0.77734375 0.455078125 0.04296875 0.0234375
0 0.5546875 0.451171875 0.015625 0.015625
0 0.00390625 0.44921875 0.0078125 0.015625
0 0.8837890625 0.4501953125 0.021484375 0.029296875
0 0.513671875 0.4443359375 0.015625 0.017578125
0 0.9541015625 0.455078125 0.056640625 0.046875
0 0.4716796875 0.458984375 0.060546875 0.0546875
0 0.91015625 0.44921875 0.02734375 0.0390625
0 0.931640625 0.435546875 0.015625 0.015625
0 0.4296875 0.43359375 0.01171875 0.015625
0 0.4130859375 0.447265625 0.033203125 0.04296875
0 0.6728515625 0.4326171875 0.021484375 0.021484375
0 0.3359375 0.43359375 0.01953125 0.0234375
0 0.779296875 0.4296875 0.02734375 0.01953125
0 0.60546875 0.43359375 0.01953125 0.03125
0 0.853515625 0.4384765625 0.03125 0.048828125
0 0.57421875 0.4296875 0.0234375 0.03125
0 0.5283203125 0.4228515625 0.021484375 0.025390625
0 0.4931640625 0.4169921875 0.033203125 0.025390625
0 0.4482421875 0.4140625 0.021484375 0.0234375
0 0.986328125 0.4140625 0.02734375 0.03125
0 0.7314453125 0.4052734375 0.017578125 0.013671875
0 0.4013671875 0.4140625 0.025390625 0.03125
0 0.958984375 0.404296875 0.01953125 0.03515625
0 0.9306640625 0.4013671875 0.021484375 0.033203125
0 0.6669921875 0.3994140625 0.033203125 0.029296875
0 0.875 0.3984375 0.0234375 0.03125
0 0.337890625 0.396484375 0.0234375 0.02734375
0 0.8974609375 0.39453125 0.021484375 0.03125
0 0.8466796875 0.390625 0.029296875 0.04296875
0 0.779296875 0.3857421875 0.01953125 0.037109375
0 0.7421875 0.37890625 0.0234375 0.03125
0 0.6337890625 0.375 0.025390625 0.0234375
0 0.712890625 0.3720703125 0.0234375 0.021484375
0 0.6025390625 0.369140625 0.025390625 0.03125
0 0.53125 0.36328125 0.0234375 0.03125
0 0.4990234375 0.359375 0.025390625 0.0234375
0 0.4609375 0.3583984375 0.01953125 0.021484375
0 0.427734375 0.3515625 0.01953125 0.01953125
0 0.3916015625 0.345703125 0.025390625 0.03125
0 0.3525390625 0.353515625 0.029296875 0.0546875
0 0.255859375 0.37109375 0.09765625 0.13671875
0 0.89453125 0.322265625 0.2109375 0.05078125
0 0.07421875 0.30859375 0.0234375 0.03125
0 0.13671875 0.3486328125 0.09375 0.115234375
0 0.0517578125 0.306640625 0.021484375 0.03125
0 0.0302734375 0.3046875 0.021484375 0.03125
0 0.7392578125 0.302734375 0.044921875 0.03125
0 0.03515625 0.341796875 0.0703125 0.109375
0 0.5283203125 0.2822265625 0.025390625 0.021484375
0 0.48828125 0.27734375 0.05078125 0.02734375
0 0.2197265625 0.23828125 0.041015625 0.0546875
0 0.048828125 0.2177734375 0.09765625 0.068359375
0 0.1962890625 0.134765625 0.064453125 0.02734375
0 0.150390625 0.1015625 0.0234375 0.01953125
0 0.01953125 0.111328125 0.0390625 0.04296875
0 0.0634765625 0.1005859375 0.056640625 0.056640625
0 0.0400390625 0.0712890625 0.029296875 0.021484375
0 0.1806640625 0.0712890625 0.041015625 0.029296875
0 0.322265625 0.0703125 0.22265625 0.078125
0 0.072265625 0.04296875 0.04296875 0.03125
0 0.9365234375 0.1318359375 0.126953125 0.220703125
0 0.6962890625 0.138671875 0.345703125 0.25
0 0.14453125 0.0244140625 0.03515625 0.029296875
0 0.466796875 0.0234375 0.2578125 0.046875
0 0.2646484375 0.00390625 0.013671875 0.0078125
0 0.2099609375 0.0126953125 0.041015625 0.025390625
0 0.1240234375 0.005859375 0.021484375 0.01171875
0 0.0556640625 0.013671875 0.033203125 0.02734375