0 0.0107421875 0.9931640625 0.021484375 0.013671875
0 0.0302734375 0.8515625 0.025390625 0.01953125
0 0.197265625 0.826171875 0.05078125 0.03515625
0 0.111328125 0.8212890625 0.03515625 0.048828125
0 0.0390625 0.7568359375 0.046875 0.037109375
0 0.2685546875 0.755859375 0.033203125 0.0546875
0 0.1337890625 0.6650390625 0.048828125 0.029296875
0 0.4248046875 0.6650390625 0.037109375 0.033203125
0 0.1953125 0.6611328125 0.05078125 0.033203125
0 0.2509765625 0.6533203125 0.037109375 0.033203125
0 0.330078125 0.6513671875 0.0546875 0.033203125
0 0.380859375 0.6279296875 0.03125 0.037109375
0 0.7333984375 0.5732421875 0.052734375 0.041015625
0 0.138671875 0.5458984375 0.01953125 0.017578125
0 0.814453125 0.537109375 0.05078125 0.03125
0 0.9912109375 0.533203125 0.017578125 0.03125
0 0.9658203125 0.5263671875 0.017578125 0.017578125
0 0.916015625 0.5283203125 0.04296875 0.029296875
0 0.181640625 0.5302734375 0.01953125 0.041015625
0 0.232421875 0.5224609375 0.0390625 0.033203125
0 0.0908203125 0.517578125 0.052734375 0.03125
0 0.3212890625 0.4970703125 0.041015625 0.033203125
0 0.47265625 0.4853515625 0.046875 0.044921875
0 0.353515625 0.46875 0.01953125 0.0234375
0 0.6484375 0.4111328125 0.04296875 0.033203125
0 0.4619140625 0.416015625 0.029296875 0.046875
0 0.9482421875 0.3984375 0.029296875 0.0234375
0 0.869140625 0.4033203125 0.05078125 0.033203125
0 0.0078125 0.41796875 0.015625 0.0625
0 0.7431640625 0.4052734375 0.037109375 0.041015625
0 0.552734375 0.3857421875 0.03125 0.021484375
0 0.6982421875 0.359375 0.037109375 0.0234375
0 0.1279296875 0.3662109375 0.041015625 0.068359375
0 0.05078125 0.333984375 0.046875 0.05078125
0 0.6396484375 0.314453125 0.044921875 0.03515625
0 0.9443359375 0.3134765625 0.041015625 0.048828125
0 0.421875 0.302734375 0.0390625 0.04296875
0 0.7802734375 0.2939453125 0.033203125 0.033203125
0 0.5859375 0.296875 0.0390625 0.04296875
0 0.2509765625 0.3115234375 0.044921875 0.095703125
0 0.841796875 0.28125 0.046875 0.05078125
0 0.5166015625 0.26953125 0.048828125 0.0546875
0 0.68359375 0.2470703125 0.0234375 0.033203125
0 0.9833984375 0.2431640625 0.033203125 0.037109375
0 0.4150390625 0.244140625 0.021484375 0.0390625
0 0.7421875 0.2314453125 0.03125 0.029296875
0 0.0048828125 0.22265625 0.009765625 0.01953125
0 0.8818359375 0.228515625 0.033203125 0.03515625
0 0.80859375 0.21484375 0.03125 0.02734375
0 0.1162109375 0.1953125 0.033203125 0.03515625
0 0.2236328125 0.19921875 0.048828125 0.0546875
0 0.591796875 0.18359375 0.04296875 0.02734375
0 0.3818359375 0.185546875 0.041015625 0.03515625
0 0.6572265625 0.16796875 0.033203125 0.02734375
0 0.3251953125 0.1455078125 0.033203125 0.029296875
0 0.02734375 0.1435546875 0.03125 0.025390625
0 0.1337890625 0.1533203125 0.033203125 0.048828125
0 0.849609375 0.138671875 0.046875 0.0234375
0 0.5361328125 0.14453125 0.052734375 0.03515625
0 0.7744140625 0.1396484375 0.044921875 0.037109375
0 0.955078125 0.1328125 0.04296875 0.04296875
0 0.2744140625 0.1142578125 0.033203125 0.033203125
0 0.439453125 0.1171875 0.0390625 0.046875
0 0.1767578125 0.1083984375 0.037109375 0.033203125
0 0.640625 0.0888671875 0.01953125 0.025390625
0 0.2314453125 0.0849609375 0.048828125 0.025390625
0 0.755859375 0.0546875 0.0234375 0.01953125
0 0.576171875 0.06640625 0.0390625 0.04296875
0 0.9853515625 0.0517578125 0.029296875 0.041015625
0 0.7109375 0.0556640625 0.0390625 0.048828125
0 0.0556640625 0.02734375 0.076171875 0.0234375
0 0.3466796875 0.0361328125 0.052734375 0.048828125
0 0.9423828125 0.0263671875 0.041015625 0.037109375
0 0.1494140625 0.0244140625 0.041015625 0.033203125
0 0.4541015625 0.037109375 0.060546875 0.0703125
0 0.9033203125 0.005859375 0.021484375 0.01171875
0 0.8095703125 0.0048828125 0.017578125 0.009765625
0 0.77734375 0.0205078125 0.0390625 0.041015625
0 0.19921875 0.005859375 0.02734375 0.01171875