0 0.0048828125 0.8154296875 0.009765625 0.017578125
0 0.064453125 0.78125 0.03125 0.03125
0 0.0849609375 0.708984375 0.029296875 0.0390625
0 0.00390625 0.6201171875 0.0078125 0.013671875
0 0.0751953125 0.56640625 0.029296875 0.03125
0 0.1953125 0.529296875 0.0234375 0.01953125
0 0.0126953125 0.52734375 0.025390625 0.0390625
0 0.197265625 0.4482421875 0.03515625 0.029296875
0 0.091796875 0.4248046875 0.0546875 0.041015625
0 0.0205078125 0.390625 0.025390625 0.0234375
0 0.1162109375 0.330078125 0.033203125 0.02734375
0 0.064453125 0.306640625 0.02734375 0.02734375
0 0.0185546875 0.287109375 0.037109375 0.03515625
0 0.091796875 0.271484375 0.0234375 0.0234375
0 0.04296875 0.2236328125 0.03515625 0.044921875
0 0.05859375 0.1728515625 0.03125 0.037109375
0 0.0029296875 0.1337890625 0.005859375 0.013671875
0 0.095703125 0.1328125 0.03125 0.0390625
0 0.0078125 0.0927734375 0.015625 0.037109375
0 0.0673828125 0.0595703125 0.041015625 0.029296875
0 0.009765625 0.0126953125 0.01953125 0.025390625