0 0.9599609375 0.998046875 0.005859375 0.00390625
0 0.267578125 0.9970703125 0.01953125 0.005859375
0 0.5517578125 0.9892578125 0.029296875 0.021484375
0 0.349609375 0.9873046875 0.02734375 0.025390625
0 0.16015625 0.9873046875 0.03125 0.025390625
0 0.9013671875 0.9853515625 0.052734375 0.029296875
0 0.064453125 0.966796875 0.01953125 0.03125
0 0.5908203125 0.9677734375 0.041015625 0.041015625
0 0.703125 0.9658203125 0.05078125 0.041015625
0 0.263671875 0.955078125 0.01953125 0.03125
0 0.8427734375 0.955078125 0.048828125 0.04296875
0 0.6328125 0.951171875 0.03515625 0.03515625
0 0.158203125 0.935546875 0.02734375 0.03515625
0 0.34765625 0.9365234375 0.03125 0.052734375
0 0.96484375 0.916015625 0.046875 0.0390625
0 0.798828125 0.9111328125 0.046875 0.044921875
0 0.4111328125 0.904296875 0.041015625 0.03515625
0 0.064453125 0.9052734375 0.01953125 0.041015625
0 0.9111328125 0.89453125 0.048828125 0.046875
0 0.46484375 0.88671875 0.04296875 0.0390625
0 0.2529296875 0.8818359375 0.033203125 0.037109375
0 0.154296875 0.875 0.03515625 0.03125
0 0.763671875 0.876953125 0.03125 0.0390625
0 0.513671875 0.87109375 0.04296875 0.03515625
0 0.8662109375 0.869140625 0.041015625 0.03515625
0 0.6953125 0.8623046875 0.04296875 0.037109375
0 0.5625 0.857421875 0.046875 0.03515625
0 0.6083984375 0.837890625 0.037109375 0.03125
0 0.0556640625 0.8427734375 0.033203125 0.041015625
0 0.3525390625 0.8310546875 0.048828125 0.033203125
0 0.25390625 0.8330078125 0.0390625 0.044921875
0 0.416015625 0.8154296875 0.03125 0.025390625
0 0.8232421875 0.8212890625 0.037109375 0.044921875
0 0.16796875 0.8095703125 0.03515625 0.041015625
0 0.453125 0.794921875 0.0390625 0.03515625
0 0.5048828125 0.7841796875 0.048828125 0.033203125
0 0.255859375 0.783203125 0.02734375 0.03515625
0 0.3388671875 0.779296875 0.029296875 0.03125
0 0.056640625 0.78125 0.03125 0.04296875
0 0.7919921875 0.7763671875 0.033203125 0.041015625
0 0.9716796875 0.7744140625 0.052734375 0.041015625
0 0.6806640625 0.763671875 0.041015625 0.0390625
0 0.544921875 0.75390625 0.0390625 0.04296875
0 0.17578125 0.740234375 0.0390625 0.0390625
0 0.34375 0.732421875 0.03515625 0.046875
0 0.9111328125 0.7294921875 0.052734375 0.052734375
0 0.25390625 0.724609375 0.03515625 0.046875
0 0.4931640625 0.7177734375 0.048828125 0.037109375
0 0.091796875 0.71484375 0.04296875 0.03515625
0 0.6142578125 0.712890625 0.048828125 0.046875
0 0.42578125 0.7021484375 0.04296875 0.029296875
0 0.759765625 0.705078125 0.05078125 0.04296875
0 0.3642578125 0.689453125 0.048828125 0.0390625
0 0.8544921875 0.6767578125 0.056640625 0.056640625
0 0.0244140625 0.6572265625 0.048828125 0.029296875
0 0.65625 0.6650390625 0.03515625 0.048828125
0 0.546875 0.6591796875 0.04296875 0.037109375
0 0.7392578125 0.6572265625 0.033203125 0.037109375
0 0.2783203125 0.6611328125 0.029296875 0.044921875
0 0.0791015625 0.6337890625 0.033203125 0.033203125
0 0.232421875 0.6396484375 0.046875 0.048828125
0 0.4892578125 0.6240234375 0.033203125 0.041015625
0 0.4072265625 0.6083984375 0.029296875 0.044921875
0 0.80859375 0.61328125 0.0546875 0.06640625
0 0.3369140625 0.5908203125 0.037109375 0.037109375
0 0.1298828125 0.576171875 0.033203125 0.02734375
0 0.2861328125 0.5712890625 0.052734375 0.041015625
0 0.9052734375 0.5751953125 0.044921875 0.056640625
0 0.494140625 0.568359375 0.02734375 0.04296875
0 0.0283203125 0.5634765625 0.025390625 0.033203125
0 0.408203125 0.546875 0.03515625 0.04296875
0 0.63671875 0.5400390625 0.046875 0.033203125
0 0.7626953125 0.5400390625 0.052734375 0.064453125
0 0.052734375 0.51953125 0.0390625 0.03515625
0 0.2236328125 0.5234375 0.056640625 0.05078125
0 0.5 0.5146484375 0.03125 0.044921875
0 0.1728515625 0.5009765625 0.041015625 0.037109375
0 0.0068359375 0.490234375 0.013671875 0.0234375
0 0.896484375 0.5068359375 0.0859375 0.072265625
0 0.4169921875 0.4921875 0.029296875 0.04296875
0 0.130859375 0.4716796875 0.03515625 0.033203125
0 0.5361328125 0.470703125 0.041015625 0.05078125
0 0.0908203125 0.447265625 0.033203125 0.03125
0 0.771484375 0.4462890625 0.03125 0.048828125
0 0.4423828125 0.443359375 0.041015625 0.046875
0 0.3037109375 0.4296875 0.048828125 0.0390625
0 0.23046875 0.4326171875 0.05078125 0.048828125
0 0.5703125 0.42578125 0.04296875 0.0546875
0 0.0478515625 0.416015625 0.041015625 0.04296875
0 0.1787109375 0.4111328125 0.048828125 0.037109375
0 0.01171875 0.3994140625 0.0234375 0.025390625
0 0.48046875 0.4033203125 0.03515625 0.044921875
0 0.35546875 0.3994140625 0.046875 0.056640625
0 0.134765625 0.3759765625 0.046875 0.041015625
0 0.6083984375 0.3759765625 0.041015625 0.052734375
0 0.7958984375 0.37109375 0.033203125 0.05078125
0 0.9140625 0.357421875 0.0546875 0.05078125
0 0.3935546875 0.3564453125 0.037109375 0.052734375
0 0.5068359375 0.3505859375 0.044921875 0.056640625
0 0.9794921875 0.3232421875 0.041015625 0.029296875
0 0.0830078125 0.337890625 0.041015625 0.05859375
0 0.6572265625 0.3251953125 0.037109375 0.041015625
0 0.2353515625 0.328125 0.037109375 0.046875
0 0.296875 0.32421875 0.04296875 0.05078125
0 0.4248046875 0.3115234375 0.048828125 0.041015625
0 0.5537109375 0.298828125 0.048828125 0.05078125
0 0.6923828125 0.2822265625 0.037109375 0.044921875
0 0.1611328125 0.271484375 0.041015625 0.046875
0 0.8349609375 0.279296875 0.072265625 0.06640625
0 0.3349609375 0.271484375 0.041015625 0.05078125
0 0.2666015625 0.2685546875 0.041015625 0.044921875
0 0.4521484375 0.263671875 0.048828125 0.04296875
0 0.0556640625 0.2626953125 0.029296875 0.044921875
0 0.90234375 0.2392578125 0.01953125 0.017578125
0 0.5888671875 0.2470703125 0.041015625 0.052734375
0 0.994140625 0.220703125 0.01171875 0.01953125
0 0.3017578125 0.216796875 0.041015625 0.0390625
0 0.3681640625 0.2158203125 0.033203125 0.041015625
0 0.1474609375 0.212890625 0.029296875 0.0390625
0 0.91796875 0.20703125 0.0390625 0.03125
0 0.201171875 0.216796875 0.0390625 0.05078125
0 0.0537109375 0.20703125 0.041015625 0.0390625
0 0.46875 0.2060546875 0.04296875 0.041015625
0 0.6142578125 0.1865234375 0.041015625 0.056640625
0 0.2275390625 0.1640625 0.033203125 0.046875
0 0.7802734375 0.15234375 0.033203125 0.03515625
0 0.33203125 0.15234375 0.03125 0.046875
0 0.0380859375 0.1513671875 0.033203125 0.044921875
0 0.3896484375 0.1455078125 0.029296875 0.037109375
0 0.1494140625 0.1474609375 0.048828125 0.044921875
0 0.4775390625 0.1474609375 0.029296875 0.052734375
0 0.79296875 0.1171875 0.01953125 0.01953125
0 0.2451171875 0.1083984375 0.048828125 0.037109375
0 0.013671875 0.10546875 0.02734375 0.05078125
0 0.1201171875 0.09765625 0.048828125 0.04296875
0 0.8544921875 0.1005859375 0.056640625 0.052734375
0 0.4912109375 0.0859375 0.041015625 0.046875
0 0.3955078125 0.0830078125 0.033203125 0.041015625
0 0.990234375 0.0751953125 0.01953125 0.029296875
0 0.3427734375 0.0810546875 0.029296875 0.041015625
0 0.93359375 0.0693359375 0.05859375 0.037109375
0 0.6513671875 0.0751953125 0.052734375 0.068359375
0 0.087890625 0.060546875 0.05078125 0.0390625
0 0.25 0.0498046875 0.02734375 0.033203125
0 0.0537109375 0.021484375 0.044921875 0.0390625
0 0.7216796875 0.013671875 0.068359375 0.02734375
0 0.4892578125 0.0224609375 0.033203125 0.044921875
0 0.3994140625 0.0205078125 0.037109375 0.041015625
0 0.337890625 0.0224609375 0.03125 0.044921875
0 0.2099609375 0.0166015625 0.052734375 0.033203125
0 0.0283203125 0.001953125 0.005859375 0.00390625