0 0.84765625 0.9970703125 0.015625 0.005859375
0 0.748046875 0.9970703125 0.01171875 0.005859375
0 0.185546875 0.99609375 0.01953125 0.0078125
0 0.806640625 0.9931640625 0.0234375 0.013671875
0 0.6142578125 0.9931640625 0.017578125 0.013671875
0 0.279296875 0.9912109375 0.03515625 0.017578125
0 0.9970703125 0.9833984375 0.005859375 0.013671875
0 0.736328125 0.9833984375 0.0234375 0.021484375
0 0.3388671875 0.9833984375 0.029296875 0.021484375
0 0.634765625 0.9853515625 0.02734375 0.029296875
0 0.3916015625 0.974609375 0.037109375 0.01953125
0 0.4443359375 0.966796875 0.037109375 0.01953125
0 0.9482421875 0.96875 0.025390625 0.02734375
0 0.978515625 0.9697265625 0.0234375 0.033203125
0 0.6513671875 0.9599609375 0.033203125 0.025390625
0 0.732421875 0.9560546875 0.0234375 0.021484375
0 0.9189453125 0.955078125 0.033203125 0.03125
0 0.88671875 0.94921875 0.0234375 0.02734375
0 0.5 0.947265625 0.0390625 0.0234375
0 0.861328125 0.9443359375 0.0234375 0.025390625
0 0.8330078125 0.94140625 0.021484375 0.0234375
0 0.7998046875 0.931640625 0.021484375 0.0234375
0 0.666015625 0.9326171875 0.03125 0.025390625
0 0.7421875 0.9248046875 0.02734375 0.029296875
0 0.1953125 0.9228515625 0.0390625 0.029296875
0 0.6767578125 0.9111328125 0.029296875 0.025390625
0 0.990234375 0.90625 0.01953125 0.0234375
0 0.59765625 0.91015625 0.03125 0.0390625
0 0.96484375 0.9013671875 0.0234375 0.025390625
0 0.9365234375 0.8916015625 0.021484375 0.021484375
0 0.7412109375 0.8916015625 0.033203125 0.021484375
0 0.380859375 0.900390625 0.03515625 0.04296875
0 0.1484375 0.8896484375 0.01953125 0.021484375
0 0.900390625 0.884765625 0.01953125 0.0234375
0 0.873046875 0.8818359375 0.0234375 0.021484375
0 0.6923828125 0.876953125 0.025390625 0.0234375
0 0.8134765625 0.8662109375 0.025390625 0.025390625
0 0.6181640625 0.8671875 0.021484375 0.02734375
0 0.7548828125 0.8623046875 0.021484375 0.025390625
0 0.71484375 0.84765625 0.02734375 0.0234375
0 0.9970703125 0.84375 0.005859375 0.0234375
0 0.5263671875 0.8515625 0.037109375 0.0390625
0 0.1455078125 0.84765625 0.029296875 0.03515625
0 0.974609375 0.833984375 0.01953125 0.02734375
0 0.94921875 0.830078125 0.01953125 0.0234375
0 0.400390625 0.8369140625 0.0390625 0.037109375
0 0.91796875 0.8251953125 0.0234375 0.025390625
0 0.88671875 0.8173828125 0.01953125 0.017578125
0 0.8623046875 0.8115234375 0.017578125 0.021484375
0 0.654296875 0.810546875 0.04296875 0.02734375
0 0.794921875 0.794921875 0.0234375 0.0234375
0 0.564453125 0.796875 0.03125 0.03125
0 0.4560546875 0.7900390625 0.033203125 0.033203125
0 0.6708984375 0.783203125 0.033203125 0.02734375
0 0.19140625 0.7890625 0.0234375 0.0390625
0 0.990234375 0.775390625 0.01953125 0.03125
0 0.962890625 0.76953125 0.02734375 0.0234375
0 0.767578125 0.7607421875 0.03125 0.025390625
0 0.9287109375 0.7548828125 0.013671875 0.017578125
0 0.900390625 0.7529296875 0.01953125 0.025390625
0 0.4853515625 0.751953125 0.037109375 0.03515625
0 0.8779296875 0.7490234375 0.021484375 0.033203125
0 0.234375 0.74609375 0.015625 0.02734375
0 0.8154296875 0.732421875 0.021484375 0.01953125
0 0.7021484375 0.7314453125 0.033203125 0.029296875
0 0.6220703125 0.732421875 0.037109375 0.03125
0 0.78515625 0.7236328125 0.01953125 0.021484375
0 0.9794921875 0.708984375 0.021484375 0.01953125
0 0.9365234375 0.6982421875 0.025390625 0.021484375
0 0.51953125 0.701171875 0.03125 0.03125
0 0.21875 0.6943359375 0.03125 0.033203125
0 0.73828125 0.6826171875 0.03125 0.025390625
0 0.84375 0.6728515625 0.03515625 0.025390625
0 0.6650390625 0.6748046875 0.037109375 0.033203125
0 0.9296875 0.6650390625 0.04296875 0.025390625
0 0.80078125 0.6650390625 0.01953125 0.025390625
0 0.7705078125 0.6513671875 0.025390625 0.037109375
0 0.4765625 0.64453125 0.0390625 0.03125
0 0.0341796875 0.6435546875 0.033203125 0.029296875
0 0.0029296875 0.6337890625 0.005859375 0.009765625
0 0.9375 0.6328125 0.0234375 0.02734375
0 0.8623046875 0.6357421875 0.029296875 0.037109375
0 0.087890625 0.6357421875 0.0390625 0.037109375
0 0.2587890625 0.6171875 0.021484375 0.01953125
0 0.078125 0.6123046875 0.015625 0.013671875
0 0.59375 0.6201171875 0.0390625 0.033203125
0 0.138671875 0.6171875 0.046875 0.03515625
0 0.8720703125 0.6005859375 0.025390625 0.021484375
0 0.431640625 0.5986328125 0.03515625 0.033203125
0 0.9443359375 0.5966796875 0.033203125 0.037109375
0 0.0126953125 0.5869140625 0.017578125 0.017578125
0 0.7060546875 0.595703125 0.033203125 0.0390625
0 0.5390625 0.587890625 0.04296875 0.046875
0 0.177734375 0.576171875 0.0390625 0.03515625
0 0.8837890625 0.5615234375 0.029296875 0.021484375
0 0.6337890625 0.5625 0.029296875 0.0390625
0 0.392578125 0.5615234375 0.05078125 0.041015625
0 0.3125 0.5537109375 0.0234375 0.025390625
0 0.9580078125 0.55078125 0.029296875 0.02734375
0 0.0263671875 0.5380859375 0.037109375 0.021484375
0 0.4931640625 0.5439453125 0.037109375 0.041015625
0 0.7333984375 0.5380859375 0.037109375 0.037109375
0 0.8935546875 0.5302734375 0.029296875 0.029296875
0 0.208984375 0.525390625 0.03515625 0.03125
0 0.958984375 0.5068359375 0.01953125 0.021484375
0 0.087890625 0.5087890625 0.0390625 0.033203125
0 0.658203125 0.509765625 0.03125 0.0390625
0 0.3447265625 0.51171875 0.044921875 0.046875
0 0.458984375 0.5068359375 0.03515625 0.041015625
0 0.9091796875 0.4931640625 0.029296875 0.025390625
0 0.9853515625 0.4794921875 0.021484375 0.033203125
0 0.14453125 0.474609375 0.03515625 0.03515625
0 0.8447265625 0.4609375 0.048828125 0.01953125
0 0.9150390625 0.4580078125 0.025390625 0.017578125
0 0.2587890625 0.4609375 0.037109375 0.03515625
0 0.78515625 0.447265625 0.0234375 0.02734375
0 0.41015625 0.451171875 0.0390625 0.03515625
0 0.6875 0.447265625 0.03125 0.0390625
0 0.0234375 0.443359375 0.03515625 0.0390625
0 0.5859375 0.42578125 0.0234375 0.03125
0 0.4677734375 0.423828125 0.033203125 0.02734375
0 0.55859375 0.4169921875 0.0234375 0.021484375
0 0.28125 0.4111328125 0.015625 0.017578125
0 0.2080078125 0.421875 0.037109375 0.0390625
0 0.5244140625 0.4052734375 0.021484375 0.017578125
0 0.06640625 0.4091796875 0.03125 0.041015625
0 0.298828125 0.400390625 0.03125 0.02734375
0 0.9912109375 0.376953125 0.017578125 0.03515625
0 0.3388671875 0.3671875 0.041015625 0.0390625
0 0.2216796875 0.3662109375 0.037109375 0.044921875
0 0.1318359375 0.3427734375 0.041015625 0.044921875
0 0.0146484375 0.3447265625 0.029296875 0.048828125
0 0.630859375 0.3330078125 0.04296875 0.029296875
0 0.505859375 0.3212890625 0.02734375 0.029296875
0 0.5751953125 0.3232421875 0.037109375 0.041015625
0 0.095703125 0.3125 0.05078125 0.0390625
0 0.337890625 0.3056640625 0.04296875 0.044921875
0 0.1787109375 0.287109375 0.041015625 0.0390625
0 0.2646484375 0.2958984375 0.037109375 0.060546875
0 0.05078125 0.2724609375 0.03515625 0.033203125
0 0.3525390625 0.2568359375 0.025390625 0.029296875
0 0.7734375 0.291015625 0.17578125 0.125
0 0.43359375 0.25 0.04296875 0.046875
0 0.154296875 0.23046875 0.04296875 0.05078125
0 0.0107421875 0.22265625 0.021484375 0.0390625
0 0.587890625 0.2236328125 0.02734375 0.044921875
0 0.25390625 0.21875 0.03515625 0.04296875
0 0.4921875 0.193359375 0.046875 0.0390625
0 0.3759765625 0.1943359375 0.037109375 0.041015625
0 0.1181640625 0.1904296875 0.041015625 0.041015625
0 0.21484375 0.1728515625 0.04296875 0.041015625
0 0.654296875 0.154296875 0.01953125 0.01953125
0 0.6328125 0.1552734375 0.02734375 0.029296875
0 0.6962890625 0.1494140625 0.025390625 0.029296875
0 0.455078125 0.1552734375 0.046875 0.044921875
0 0.33203125 0.150390625 0.0390625 0.046875
0 0.076171875 0.1484375 0.04296875 0.04296875
0 0.1806640625 0.12890625 0.048828125 0.046875
0 0.4140625 0.1123046875 0.046875 0.041015625
0 0.2939453125 0.1103515625 0.037109375 0.041015625
0 0.03515625 0.1083984375 0.0390625 0.044921875
0 0.6904296875 0.08984375 0.021484375 0.03515625
0 0.9970703125 0.080078125 0.005859375 0.01953125
0 0.13671875 0.0908203125 0.04296875 0.041015625
0 0.96484375 0.0712890625 0.03125 0.021484375
0 0.3759765625 0.076171875 0.041015625 0.0390625
0 0.923828125 0.0634765625 0.03125 0.021484375
0 0.8740234375 0.0634765625 0.029296875 0.021484375
0 0.0087890625 0.06640625 0.017578125 0.03125
0 0.7626953125 0.0625 0.021484375 0.02734375
0 0.2529296875 0.06640625 0.037109375 0.04296875
0 0.095703125 0.0517578125 0.046875 0.037109375
0 0.720703125 0.0439453125 0.0390625 0.025390625
0 0.8310546875 0.0400390625 0.033203125 0.029296875
0 0.3330078125 0.029296875 0.044921875 0.0390625
0 0.212890625 0.025390625 0.0390625 0.04296875
0 0.990234375 0.009765625 0.01953125 0.01953125
0 0.9541015625 0.005859375 0.029296875 0.01171875
0 0.744140625 0.0068359375 0.0390625 0.013671875
0 0.296875 0.0068359375 0.0234375 0.013671875
0 0.0537109375 0.0146484375 0.041015625 0.029296875