0 0.4814453125 0.9951171875 0.029296875 0.009765625
0 0.2109375 0.9951171875 0.0234375 0.009765625
0 0.1435546875 0.994140625 0.021484375 0.01171875
0 0.5224609375 0.990234375 0.025390625 0.01953125
0 0.265625 0.9873046875 0.02734375 0.025390625
0 0.5576171875 0.982421875 0.025390625 0.01953125
0 0.30859375 0.982421875 0.02734375 0.02734375
0 0.3544921875 0.970703125 0.021484375 0.02734375
0 0.1474609375 0.9609375 0.029296875 0.01953125
0 0.412109375 0.951171875 0.0234375 0.02734375
0 0.2177734375 0.9462890625 0.025390625 0.021484375
0 0.4462890625 0.9443359375 0.021484375 0.025390625
0 0.484375 0.9365234375 0.0234375 0.017578125
0 0.52734375 0.93359375 0.015625 0.015625
0 0.1083984375 0.9423828125 0.037109375 0.033203125
0 0.1650390625 0.9306640625 0.021484375 0.021484375
0 0.3359375 0.9296875 0.02734375 0.0234375
0 0.0576171875 0.9306640625 0.033203125 0.025390625
0 0.01171875 0.921875 0.0234375 0.0234375
0 0.541015625 0.9111328125 0.0234375 0.021484375
0 0.2314453125 0.9072265625 0.025390625 0.025390625
0 0.392578125 0.90625 0.0234375 0.02734375
0 0.2646484375 0.900390625 0.021484375 0.01953125
0 0.3271484375 0.8916015625 0.025390625 0.025390625
0 0.44140625 0.884765625 0.02734375 0.01953125
0 0.47265625 0.8759765625 0.02734375 0.017578125
0 0.505859375 0.8681640625 0.02734375 0.021484375
0 0.533203125 0.8642578125 0.01953125 0.025390625
0 0.18359375 0.8603515625 0.03125 0.025390625
0 0.2431640625 0.857421875 0.041015625 0.0234375
0 0.3154296875 0.849609375 0.021484375 0.0234375
0 0.123046875 0.8525390625 0.0390625 0.029296875
0 0.279296875 0.83984375 0.01953125 0.01953125
0 0.07421875 0.8466796875 0.04296875 0.033203125
0 0.0263671875 0.837890625 0.037109375 0.02734375
0 0.3837890625 0.833984375 0.025390625 0.0234375
0 0.1787109375 0.8212890625 0.037109375 0.021484375
0 0.4833984375 0.80859375 0.021484375 0.015625
0 0.4462890625 0.8154296875 0.029296875 0.029296875
0 0.3125 0.7958984375 0.01953125 0.021484375
0 0.517578125 0.794921875 0.02734375 0.02734375
0 0.259765625 0.78125 0.04296875 0.02734375
0 0.1904296875 0.779296875 0.033203125 0.03125
0 0.4111328125 0.7734375 0.033203125 0.03125
0 0.0556640625 0.7548828125 0.013671875 0.017578125
0 0.46484375 0.755859375 0.02734375 0.03125
0 0.5048828125 0.748046875 0.029296875 0.03125
0 0.32421875 0.7421875 0.0234375 0.03125
0 0.2021484375 0.7353515625 0.021484375 0.025390625
0 0.267578125 0.7294921875 0.02734375 0.017578125
0 0.015625 0.7265625 0.03125 0.02734375
0 0.0546875 0.7236328125 0.03515625 0.025390625
0 0.10546875 0.7158203125 0.0390625 0.025390625
0 0.359375 0.7109375 0.02734375 0.0234375
0 0.1552734375 0.7080078125 0.029296875 0.021484375
0 0.41796875 0.6953125 0.0390625 0.01953125
0 0.20703125 0.6943359375 0.0234375 0.029296875
0 0.453125 0.6845703125 0.02734375 0.025390625
0 0.3017578125 0.671875 0.029296875 0.0234375
0 0.484375 0.673828125 0.03515625 0.03515625
0 0.3623046875 0.6630859375 0.029296875 0.021484375
0 0.00390625 0.65234375 0.0078125 0.01953125
0 0.0458984375 0.6435546875 0.021484375 0.017578125
0 0.419921875 0.64453125 0.05078125 0.02734375
0 0.130859375 0.6396484375 0.03125 0.021484375
0 0.017578125 0.63671875 0.015625 0.015625
0 0.001953125 0.626953125 0.00390625 0.00390625
0 0.4697265625 0.6328125 0.037109375 0.0234375
0 0.2041015625 0.6220703125 0.025390625 0.025390625
0 0.9501953125 0.61328125 0.025390625 0.03515625
0 0.3134765625 0.5986328125 0.021484375 0.017578125
0 0.1318359375 0.6083984375 0.052734375 0.037109375
0 0.0556640625 0.599609375 0.021484375 0.01953125
0 0.1123046875 0.58203125 0.029296875 0.0234375
0 0.1875 0.5849609375 0.0234375 0.033203125
0 0.41015625 0.5732421875 0.03125 0.017578125
0 0.03515625 0.5771484375 0.03125 0.025390625
0 0.2626953125 0.58203125 0.048828125 0.0546875
0 0.4248046875 0.552734375 0.033203125 0.01953125
0 0.103515625 0.5498046875 0.0234375 0.017578125
0 0.333984375 0.5546875 0.03515625 0.03125
0 0.1787109375 0.55078125 0.021484375 0.0234375
0 0.240234375 0.55078125 0.02734375 0.03125
0 0.037109375 0.54296875 0.03515625 0.0234375
0 0.0078125 0.5390625 0.015625 0.015625
0 0.392578125 0.537109375 0.0234375 0.0234375
0 0.4716796875 0.5341796875 0.029296875 0.025390625
0 0.0966796875 0.5263671875 0.021484375 0.021484375
0 0.5400390625 0.5205078125 0.021484375 0.025390625
0 0.236328125 0.51953125 0.0234375 0.0234375
0 0.1708984375 0.515625 0.029296875 0.03515625
0 0.3955078125 0.5 0.025390625 0.01953125
0 0.46484375 0.5 0.0234375 0.0234375
0 0.2939453125 0.4990234375 0.021484375 0.029296875
0 0.5322265625 0.4931640625 0.017578125 0.021484375
0 0.0927734375 0.4912109375 0.029296875 0.021484375
0 0.2587890625 0.4873046875 0.021484375 0.017578125
0 0.224609375 0.484375 0.03125 0.0234375
0 0.37890625 0.47265625 0.01953125 0.0234375
0 0.08203125 0.4658203125 0.02734375 0.021484375
0 0.1484375 0.4541015625 0.0234375 0.013671875
0 0.5234375 0.455078125 0.03125 0.01953125
0 0.013671875 0.462890625 0.02734375 0.03515625
0 0.22265625 0.4541015625 0.03125 0.025390625
0 0.517578125 0.4375 0.02734375 0.01953125
0 0.3642578125 0.439453125 0.021484375 0.0234375
0 0.2822265625 0.439453125 0.021484375 0.0234375
0 0.07421875 0.435546875 0.02734375 0.01953125
0 0.435546875 0.4228515625 0.02734375 0.025390625
0 0.134765625 0.427734375 0.03125 0.03515625
0 0.0048828125 0.4140625 0.009765625 0.0234375
0 0.5107421875 0.4140625 0.033203125 0.02734375
0 0.2138671875 0.4189453125 0.037109375 0.037109375
0 0.3505859375 0.4072265625 0.025390625 0.029296875
0 0.2880859375 0.40234375 0.025390625 0.01953125
0 0.072265625 0.4052734375 0.02734375 0.025390625
0 0.423828125 0.400390625 0.0234375 0.0234375
0 0.1171875 0.3935546875 0.0234375 0.021484375
0 0.5439453125 0.3896484375 0.025390625 0.025390625
0 0.8037109375 0.3955078125 0.033203125 0.044921875
0 0.2041015625 0.380859375 0.025390625 0.01953125
0 0.0576171875 0.380859375 0.021484375 0.0234375
0 0.279296875 0.3740234375 0.02734375 0.021484375
0 0.3447265625 0.373046875 0.037109375 0.0234375
0 0.4072265625 0.37109375 0.037109375 0.0234375
0 0.5654296875 0.3701171875 0.033203125 0.029296875
0 0.1171875 0.36328125 0.0234375 0.0234375
0 0.048828125 0.35546875 0.03125 0.0234375
0 0.271484375 0.345703125 0.03125 0.02734375
0 0.39453125 0.3427734375 0.02734375 0.025390625
0 0.1865234375 0.34765625 0.025390625 0.0390625
0 0.5078125 0.33984375 0.0234375 0.02734375
0 0.466796875 0.33984375 0.03515625 0.02734375
0 0.1083984375 0.328125 0.025390625 0.0234375
0 0.2294921875 0.32421875 0.021484375 0.0234375
0 0.0439453125 0.326171875 0.021484375 0.02734375
0 0.330078125 0.318359375 0.0234375 0.01953125
0 0.1767578125 0.3115234375 0.025390625 0.021484375
0 0.4599609375 0.2998046875 0.041015625 0.025390625
0 0.5068359375 0.2900390625 0.033203125 0.017578125
0 0.3779296875 0.29296875 0.029296875 0.0234375
0 0.091796875 0.2939453125 0.03125 0.029296875
0 0.0380859375 0.29296875 0.037109375 0.02734375
0 0.2529296875 0.287109375 0.025390625 0.01953125
0 0.318359375 0.2890625 0.02734375 0.02734375
0 0.169921875 0.2841796875 0.0234375 0.025390625
0 0.58203125 0.27734375 0.05859375 0.02734375
0 0.4423828125 0.26953125 0.025390625 0.0234375
0 0.2451171875 0.2607421875 0.021484375 0.025390625
0 0.3720703125 0.2578125 0.021484375 0.0234375
0 0.0205078125 0.259765625 0.033203125 0.02734375
0 0.08984375 0.255859375 0.0234375 0.0234375
0 0.314453125 0.25390625 0.02734375 0.02734375
0 0.49609375 0.2509765625 0.0234375 0.029296875
0 0.4404296875 0.24609375 0.029296875 0.01953125
0 0.560546875 0.240234375 0.01953125 0.0234375
0 0.3603515625 0.23828125 0.037109375 0.01953125
0 0.18359375 0.2373046875 0.0234375 0.017578125
0 0.1494140625 0.2392578125 0.037109375 0.029296875
0 0.076171875 0.2314453125 0.03515625 0.021484375
0 0.025390625 0.2314453125 0.04296875 0.021484375
0 0.4853515625 0.228515625 0.025390625 0.01953125
0 0.302734375 0.2294921875 0.0234375 0.021484375
0 0.236328125 0.23046875 0.01953125 0.0234375
0 0.3515625 0.2138671875 0.03125 0.025390625
0 0.1357421875 0.203125 0.029296875 0.01953125
0 0.177734375 0.2041015625 0.01953125 0.025390625
0 0.552734375 0.1982421875 0.0234375 0.029296875
0 0.228515625 0.1923828125 0.03125 0.021484375
0 0.302734375 0.1884765625 0.01953125 0.021484375
0 0.4482421875 0.1728515625 0.021484375 0.029296875
0 0.4052734375 0.1708984375 0.017578125 0.029296875
0 0.0615234375 0.169921875 0.033203125 0.03125
0 0.0126953125 0.1669921875 0.017578125 0.025390625
0 0.4794921875 0.166015625 0.025390625 0.03125
0 0.1005859375 0.1640625 0.017578125 0.02734375
0 0.37890625 0.1650390625 0.03125 0.037109375
0 0.1240234375 0.1572265625 0.025390625 0.025390625
0 0.154296875 0.1484375 0.01953125 0.01953125
0 0.5078125 0.15625 0.02734375 0.0390625
0 0.353515625 0.150390625 0.02734375 0.0390625
0 0.322265625 0.1416015625 0.03125 0.029296875
0 0.21484375 0.126953125 0.01953125 0.0234375
0 0.2431640625 0.119140625 0.021484375 0.02734375
0 0.265625 0.1181640625 0.01953125 0.037109375
0 0.9765625 0.001953125 0.00390625 0.00390625