0 0.876953125 0.9970703125 0.0234375 0.005859375
0 0.53515625 0.994140625 0.0234375 0.01171875
0 0.8359375 0.9931640625 0.0234375 0.013671875
0 0.2705078125 0.990234375 0.021484375 0.01953125
0 0.80078125 0.9853515625 0.02734375 0.025390625
0 0.6298828125 0.986328125 0.029296875 0.02734375
0 0.4306640625 0.9775390625 0.017578125 0.017578125
0 0.3251953125 0.9833984375 0.033203125 0.029296875
0 0.3974609375 0.974609375 0.021484375 0.0234375
0 0.4814453125 0.97265625 0.025390625 0.0234375
0 0.57421875 0.9658203125 0.02734375 0.025390625
0 0.2978515625 0.9580078125 0.025390625 0.025390625
0 0.828125 0.9560546875 0.02734375 0.025390625
0 0.7255859375 0.943359375 0.013671875 0.015625
0 0.705078125 0.951171875 0.0234375 0.03125
0 0.5546875 0.94921875 0.02734375 0.02734375
0 0.431640625 0.943359375 0.01953125 0.01953125
0 0.75390625 0.9384765625 0.03125 0.029296875
0 0.6748046875 0.9365234375 0.029296875 0.025390625
0 0.3759765625 0.9404296875 0.029296875 0.033203125
0 0.126953125 0.9423828125 0.03125 0.041015625
0 0.265625 0.9267578125 0.0234375 0.025390625
0 0.9970703125 0.9208984375 0.005859375 0.021484375
0 0.4443359375 0.919921875 0.017578125 0.01953125
0 0.775390625 0.9208984375 0.0234375 0.025390625
0 0.6416015625 0.921875 0.025390625 0.03125
0 0.857421875 0.919921875 0.04296875 0.03125
0 0.5244140625 0.919921875 0.033203125 0.03125
0 0.97265625 0.9130859375 0.03125 0.025390625
0 0.607421875 0.908203125 0.0234375 0.03125
0 0.9296875 0.900390625 0.03515625 0.0234375
0 0.4873046875 0.900390625 0.044921875 0.03515625
0 0.791015625 0.892578125 0.02734375 0.0234375
0 0.2392578125 0.8935546875 0.029296875 0.025390625
0 0.1708984375 0.8974609375 0.041015625 0.041015625
0 0.8642578125 0.8837890625 0.021484375 0.025390625
0 0.7744140625 0.8671875 0.017578125 0.01171875
0 0.3701171875 0.869140625 0.021484375 0.01953125
0 0.802734375 0.8671875 0.0234375 0.01953125
0 0.1923828125 0.8701171875 0.029296875 0.029296875
0 0.45703125 0.86328125 0.03125 0.02734375
0 0.740234375 0.859375 0.02734375 0.0234375
0 0.3388671875 0.8544921875 0.044921875 0.033203125
0 0.275390625 0.8466796875 0.0234375 0.029296875
0 0.7138671875 0.84375 0.025390625 0.02734375
0 0.6103515625 0.8408203125 0.029296875 0.029296875
0 0.984375 0.8271484375 0.03125 0.025390625
0 0.4091796875 0.8349609375 0.037109375 0.041015625
0 0.8896484375 0.818359375 0.021484375 0.0234375
0 0.5869140625 0.818359375 0.025390625 0.0234375
0 0.24609375 0.81640625 0.02734375 0.0234375
0 0.81640625 0.8095703125 0.02734375 0.025390625
0 0.6630859375 0.806640625 0.033203125 0.03125
0 0.7685546875 0.7939453125 0.029296875 0.025390625
0 0.498046875 0.794921875 0.03125 0.03125
0 0.2734375 0.791015625 0.0234375 0.02734375
0 0.908203125 0.7880859375 0.03515625 0.029296875
0 0.3857421875 0.78515625 0.025390625 0.02734375
0 0.8349609375 0.779296875 0.029296875 0.0234375
0 0.720703125 0.7646484375 0.03125 0.033203125
0 0.46484375 0.7646484375 0.03515625 0.033203125
0 0.6162109375 0.7587890625 0.029296875 0.033203125
0 0.357421875 0.7568359375 0.02734375 0.029296875
0 0.8388671875 0.75 0.037109375 0.0234375
0 0.53515625 0.755859375 0.03515625 0.03515625
0 0.306640625 0.7578125 0.03515625 0.0390625
0 0.921875 0.748046875 0.03125 0.03515625
0 0.697265625 0.7373046875 0.03515625 0.033203125
0 0.5927734375 0.7373046875 0.033203125 0.033203125
0 0.328125 0.7275390625 0.02734375 0.025390625
0 0.4267578125 0.7255859375 0.029296875 0.025390625
0 0.9970703125 0.7216796875 0.005859375 0.021484375
0 0.8544921875 0.720703125 0.025390625 0.0234375
0 0.978515625 0.7138671875 0.0234375 0.017578125
0 0.5673828125 0.7177734375 0.029296875 0.033203125
0 0.9326171875 0.708984375 0.021484375 0.02734375
0 0.392578125 0.7099609375 0.02734375 0.033203125
0 0.5126953125 0.7109375 0.052734375 0.046875
0 0.865234375 0.693359375 0.02734375 0.0234375
0 0.4482421875 0.693359375 0.021484375 0.0234375
0 0.6611328125 0.6962890625 0.041015625 0.033203125
0 0.484375 0.68359375 0.01953125 0.01953125
0 0.787109375 0.6884765625 0.03515625 0.037109375
0 0.3671875 0.67578125 0.03515625 0.02734375
0 0.5126953125 0.6640625 0.033203125 0.03515625
0 0.9873046875 0.6533203125 0.025390625 0.017578125
0 0.953125 0.6484375 0.02734375 0.01953125
0 0.4619140625 0.6484375 0.021484375 0.0234375
0 0.4013671875 0.6533203125 0.037109375 0.037109375
0 0.88671875 0.630859375 0.02734375 0.02734375
0 0.5810546875 0.630859375 0.033203125 0.03125
0 0.48046875 0.6162109375 0.02734375 0.025390625
0 0.4189453125 0.6181640625 0.033203125 0.033203125
0 0.966796875 0.6103515625 0.0234375 0.025390625
0 0.8271484375 0.6083984375 0.029296875 0.029296875
0 0.7412109375 0.642578125 0.095703125 0.09765625
0 0.544921875 0.599609375 0.0234375 0.0234375
0 0.8994140625 0.59765625 0.025390625 0.03125
0 0.4453125 0.5888671875 0.02734375 0.029296875
0 0.9765625 0.58203125 0.0234375 0.02734375
0 0.7978515625 0.58203125 0.029296875 0.03125
0 0.90625 0.5634765625 0.03515625 0.025390625
0 0.7705078125 0.5556640625 0.029296875 0.029296875
0 0.986328125 0.5537109375 0.0234375 0.029296875
0 0.99609375 0.5263671875 0.0078125 0.013671875
0 0.2939453125 0.56640625 0.091796875 0.1015625
0 0.9228515625 0.5244140625 0.025390625 0.025390625
0 0.744140625 0.52734375 0.03125 0.03515625
0 0.509765625 0.5361328125 0.07421875 0.076171875
0 0.9013671875 0.494140625 0.021484375 0.0234375
0 0.943359375 0.4873046875 0.03515625 0.029296875
0 0.8291015625 0.4794921875 0.029296875 0.021484375
0 0.8720703125 0.46875 0.033203125 0.03125
0 0.583984375 0.5 0.11328125 0.109375
0 0.98828125 0.4423828125 0.0234375 0.025390625
0 0.69140625 0.47265625 0.13671875 0.1171875
0 0.9970703125 0.4150390625 0.005859375 0.009765625
0 0.873046875 0.4248046875 0.01953125 0.029296875
0 0.818359375 0.4189453125 0.015625 0.017578125
0 0.970703125 0.3935546875 0.01953125 0.017578125
0 0.7763671875 0.3984375 0.033203125 0.03125
0 0.365234375 0.3916015625 0.0234375 0.017578125
0 0.8203125 0.3896484375 0.015625 0.021484375
0 0.478515625 0.3857421875 0.01953125 0.025390625
0 0.8740234375 0.3720703125 0.017578125 0.021484375
0 0.3115234375 0.3818359375 0.048828125 0.048828125
0 0.994140625 0.36328125 0.01171875 0.015625
0 0.41796875 0.392578125 0.05078125 0.078125
0 0.685546875 0.3671875 0.0625 0.0625
0 0.99609375 0.3330078125 0.0078125 0.013671875
0 0.7119140625 0.3330078125 0.037109375 0.033203125
0 0.7763671875 0.326171875 0.017578125 0.0234375
0 0.8173828125 0.33203125 0.021484375 0.04296875
0 0.9462890625 0.32421875 0.017578125 0.03125
0 0.8681640625 0.3212890625 0.013671875 0.029296875
0 0.357421875 0.3310546875 0.078125 0.056640625
0 0.603515625 0.30859375 0.02734375 0.0234375
0 0.7431640625 0.3095703125 0.021484375 0.029296875
0 0.578125 0.318359375 0.05078125 0.046875
0 0.2861328125 0.2939453125 0.017578125 0.013671875
0 0.4384765625 0.314453125 0.060546875 0.0625
0 0.630859375 0.283203125 0.02734375 0.03125
0 0.5458984375 0.2666015625 0.029296875 0.029296875
0 0.7744140625 0.2578125 0.033203125 0.0234375
0 0.87109375 0.2548828125 0.0234375 0.021484375
0 0.837890625 0.25390625 0.02734375 0.0234375
0 0.4013671875 0.2626953125 0.041015625 0.041015625
0 0.921875 0.2509765625 0.03515625 0.021484375
0 0.666015625 0.2431640625 0.03125 0.029296875
0 0.994140625 0.2265625 0.01171875 0.01953125
0 0.9287109375 0.2255859375 0.037109375 0.017578125
0 0.794921875 0.2314453125 0.0234375 0.033203125
0 0.65234375 0.220703125 0.015625 0.015625
0 0.57421875 0.2265625 0.03125 0.03125
0 0.6318359375 0.2119140625 0.033203125 0.029296875
0 0.8232421875 0.20703125 0.033203125 0.0234375
0 0.927734375 0.201171875 0.02734375 0.01953125
0 0.5048828125 0.2060546875 0.029296875 0.029296875
0 0.4599609375 0.2373046875 0.091796875 0.126953125
0 0.921875 0.1787109375 0.03125 0.017578125
0 0.1748046875 0.177734375 0.021484375 0.015625
0 0.845703125 0.181640625 0.02734375 0.03515625
0 0.98828125 0.1787109375 0.0234375 0.033203125
0 0.5263671875 0.1806640625 0.033203125 0.037109375
0 0.7255859375 0.1767578125 0.037109375 0.037109375
0 0.54296875 0.1669921875 0.01953125 0.021484375
0 0.74609375 0.166015625 0.03125 0.03125
0 0.998046875 0.1513671875 0.00390625 0.005859375
0 0.8681640625 0.1630859375 0.033203125 0.029296875
0 0.67578125 0.16015625 0.03125 0.03515625
0 0.7158203125 0.1435546875 0.017578125 0.017578125
0 0.5693359375 0.14453125 0.037109375 0.03125
0 0.7666015625 0.140625 0.025390625 0.02734375
0 0.986328125 0.13671875 0.02734375 0.03515625
0 0.6474609375 0.1318359375 0.048828125 0.041015625
0 0.54296875 0.123046875 0.03515625 0.03515625
0 0.73046875 0.11328125 0.02734375 0.0234375
0 0.466796875 0.1181640625 0.03515625 0.037109375
0 0.908203125 0.123046875 0.0625 0.05859375
0 0.6162109375 0.10546875 0.025390625 0.02734375
0 0.798828125 0.1015625 0.02734375 0.02734375
0 0.5205078125 0.099609375 0.033203125 0.03515625
0 0.708984375 0.09375 0.02734375 0.03125
0 0.59375 0.0830078125 0.0234375 0.029296875
0 0.8232421875 0.0791015625 0.037109375 0.037109375
0 0.5 0.0751953125 0.03125 0.029296875
0 0.7724609375 0.0751953125 0.041015625 0.044921875
0 0.6826171875 0.0673828125 0.037109375 0.029296875
0 0.4423828125 0.0654296875 0.025390625 0.025390625
0 0.5712890625 0.060546875 0.021484375 0.02734375
0 0.2255859375 0.2802734375 0.306640625 0.486328125
0 0.6611328125 0.052734375 0.037109375 0.03515625
0 0.8193359375 0.0556640625 0.099609375 0.052734375
0 0.744140625 0.0439453125 0.03125 0.029296875
0 0.55078125 0.0419921875 0.0234375 0.025390625
0 0.611328125 0.0322265625 0.015625 0.013671875
0 0.978515625 0.04296875 0.04296875 0.046875
0 0.4609375 0.029296875 0.02734375 0.02734375
0 0.4130859375 0.02734375 0.025390625 0.03125
0 0.640625 0.0234375 0.03125 0.02734375
0 0.7236328125 0.021484375 0.029296875 0.03125
0 0.8798828125 0.0205078125 0.060546875 0.033203125
0 0.923828125 0.0029296875 0.0234375 0.005859375
0 0.8251953125 0.0078125 0.025390625 0.015625
0 0.6953125 0.00390625 0.01171875 0.0078125
0 0.6220703125 0.01171875 0.029296875 0.0234375
0 0.53125 0.015625 0.02734375 0.03125
0 0.482421875 0.01171875 0.03125 0.0234375