0 0.9638671875 0.9931640625 0.021484375 0.013671875
0 0.9384765625 0.990234375 0.025390625 0.01953125
0 0.830078125 0.9873046875 0.0390625 0.025390625
0 0.287109375 0.984375 0.0390625 0.03125
0 0.1787109375 0.974609375 0.044921875 0.03515625
0 0.0673828125 0.9755859375 0.048828125 0.037109375
0 0.86328125 0.9521484375 0.02734375 0.029296875
0 0.9921875 0.9404296875 0.015625 0.025390625
0 0.763671875 0.935546875 0.01953125 0.01953125
0 0.8349609375 0.935546875 0.029296875 0.02734375
0 0.3212890625 0.9404296875 0.056640625 0.060546875
0 0.8056640625 0.9150390625 0.029296875 0.029296875
0 0.7744140625 0.9091796875 0.029296875 0.029296875
0 0.216796875 0.9150390625 0.0625 0.044921875
0 0.3486328125 0.900390625 0.037109375 0.02734375
0 0.4384765625 0.94140625 0.130859375 0.1171875
0 0.9072265625 0.89453125 0.037109375 0.03515625
0 0.505859375 0.88671875 0.046875 0.04296875
0 0.9482421875 0.8740234375 0.025390625 0.021484375
0 0.87109375 0.875 0.02734375 0.0234375
0 0.0830078125 0.8837890625 0.052734375 0.056640625
0 0.978515625 0.8515625 0.0234375 0.0234375
0 0.8115234375 0.84765625 0.029296875 0.03125
0 0.384765625 0.8466796875 0.0390625 0.041015625
0 0.615234375 0.90625 0.21484375 0.1875
0 0.8232421875 0.8203125 0.017578125 0.01953125
0 0.4013671875 0.80859375 0.033203125 0.03515625
0 0.8486328125 0.8017578125 0.037109375 0.029296875
0 0.291015625 0.7978515625 0.0390625 0.037109375
0 0.5595703125 0.81640625 0.068359375 0.078125
0 0.419921875 0.779296875 0.0390625 0.03515625
0 0.5400390625 0.7744140625 0.029296875 0.029296875
0 0.9912109375 0.7666015625 0.017578125 0.025390625
0 0.861328125 0.7705078125 0.02734375 0.033203125
0 0.7109375 0.7783203125 0.08203125 0.072265625
0 0.3212890625 0.75 0.037109375 0.04296875
0 0.607421875 0.7421875 0.02734375 0.03125
0 0.1689453125 0.755859375 0.048828125 0.05859375
0 0.927734375 0.736328125 0.02734375 0.03515625
0 0.8759765625 0.7294921875 0.025390625 0.029296875
0 0.9599609375 0.7275390625 0.029296875 0.029296875
0 0.5771484375 0.716796875 0.029296875 0.02734375
0 0.46484375 0.720703125 0.0390625 0.05078125
0 0.7412109375 0.7236328125 0.080078125 0.068359375
0 0.212890625 0.703125 0.02734375 0.02734375
0 0.9345703125 0.7001953125 0.029296875 0.029296875
0 0.2841796875 0.7021484375 0.037109375 0.041015625
0 0.6416015625 0.69140625 0.025390625 0.02734375
0 0.369140625 0.6787109375 0.0390625 0.044921875
0 0.8974609375 0.6787109375 0.044921875 0.048828125
0 0.8095703125 0.6748046875 0.033203125 0.041015625
0 0.9912109375 0.6669921875 0.017578125 0.029296875
0 0.974609375 0.640625 0.0234375 0.0234375
0 0.7421875 0.63671875 0.01953125 0.0234375
0 0.228515625 0.646484375 0.0546875 0.046875
0 0.8271484375 0.6298828125 0.033203125 0.029296875
0 0.646484375 0.62890625 0.0234375 0.03515625
0 0.546875 0.65625 0.1015625 0.109375
0 0.4091796875 0.625 0.056640625 0.05859375
0 0.849609375 0.599609375 0.02734375 0.02734375
0 0.9501953125 0.59765625 0.029296875 0.03515625
0 0.7255859375 0.5810546875 0.021484375 0.029296875
0 0.29296875 0.580078125 0.03125 0.03515625
0 0.591796875 0.578125 0.0390625 0.0390625
0 0.8701171875 0.572265625 0.029296875 0.03125
0 0.833984375 0.5654296875 0.01953125 0.017578125
0 0.115234375 0.5703125 0.03125 0.03125
0 0.337890625 0.5693359375 0.04296875 0.041015625
0 0.0380859375 0.591796875 0.052734375 0.0859375
0 0.98828125 0.5615234375 0.0234375 0.033203125
0 0.462890625 0.5615234375 0.046875 0.041015625
0 0.8544921875 0.5380859375 0.017578125 0.017578125
0 0.90234375 0.5341796875 0.03125 0.025390625
0 0.6181640625 0.5341796875 0.029296875 0.029296875
0 0.7890625 0.5244140625 0.01953125 0.017578125
0 0.8671875 0.5224609375 0.015625 0.017578125
0 0.2734375 0.529296875 0.03125 0.0390625
0 0.9248046875 0.4951171875 0.021484375 0.029296875
0 0.8857421875 0.4794921875 0.017578125 0.017578125
0 0.7138671875 0.4892578125 0.033203125 0.037109375
0 0.53125 0.486328125 0.0390625 0.03515625
0 0.4599609375 0.48828125 0.064453125 0.04296875
0 0.3525390625 0.4833984375 0.041015625 0.044921875
0 0.2060546875 0.4833984375 0.048828125 0.052734375
0 0.7861328125 0.4638671875 0.041015625 0.041015625
0 0.90625 0.4560546875 0.03125 0.029296875
0 0.9873046875 0.4423828125 0.025390625 0.029296875
0 0.5625 0.4462890625 0.03125 0.044921875
0 0.373046875 0.43359375 0.01953125 0.01953125
0 0.80859375 0.431640625 0.02734375 0.03515625
0 0.1083984375 0.43359375 0.037109375 0.05078125
0 0.9658203125 0.4150390625 0.029296875 0.033203125
0 0.03515625 0.4228515625 0.04296875 0.048828125
0 0.8505859375 0.4091796875 0.029296875 0.033203125
0 0.65625 0.408203125 0.04296875 0.03125
0 0.279296875 0.4140625 0.046875 0.0625
0 0.5341796875 0.4033203125 0.044921875 0.044921875
0 0.69921875 0.376953125 0.0390625 0.03125
0 0.93359375 0.3681640625 0.0234375 0.025390625
0 0.51953125 0.3583984375 0.046875 0.044921875
0 0.7412109375 0.330078125 0.037109375 0.0390625
0 0.615234375 0.333984375 0.02734375 0.046875
0 0.9951171875 0.310546875 0.009765625 0.015625
0 0.498046875 0.3125 0.0390625 0.0390625
0 0.1640625 0.30859375 0.046875 0.046875
0 0.8037109375 0.2890625 0.037109375 0.0390625
0 0.4208984375 0.287109375 0.048828125 0.0625
0 0.6767578125 0.2666015625 0.041015625 0.025390625
0 0.33203125 0.2783203125 0.07421875 0.048828125
0 0.5966796875 0.267578125 0.033203125 0.046875
0 0.181640625 0.2412109375 0.046875 0.052734375
0 0.0888671875 0.240234375 0.056640625 0.0625
0 0.576171875 0.2255859375 0.03515625 0.041015625
0 0.0234375 0.216796875 0.046875 0.03515625
0 0.4443359375 0.19921875 0.025390625 0.03125
0 0.8583984375 0.203125 0.041015625 0.04296875
0 0.2890625 0.197265625 0.046875 0.04296875
0 0.546875 0.17578125 0.03515625 0.04296875
0 0.2138671875 0.162109375 0.029296875 0.03515625
0 0.904296875 0.154296875 0.046875 0.046875
0 0.123046875 0.1611328125 0.04296875 0.060546875
0 0.419921875 0.1435546875 0.03515625 0.037109375
0 0.779296875 0.146484375 0.046875 0.046875
0 0.9951171875 0.1201171875 0.009765625 0.017578125
0 0.16796875 0.1220703125 0.02734375 0.029296875
0 0.5849609375 0.1240234375 0.048828125 0.044921875
0 0.87109375 0.09765625 0.05078125 0.05859375
0 0.2744140625 0.078125 0.041015625 0.0546875
0 0.9765625 0.0595703125 0.046875 0.056640625
0 0.9228515625 0.0556640625 0.056640625 0.048828125
0 0.1875 0.0341796875 0.0625 0.029296875
0 0.5087890625 0.0419921875 0.044921875 0.048828125
0 0.9755859375 0.00390625 0.013671875 0.0078125
0 0.6259765625 0.021484375 0.037109375 0.04296875