0 0.3896484375 0.998046875 0.005859375 0.00390625
0 0.13671875 0.9970703125 0.015625 0.005859375
0 0.1005859375 0.994140625 0.025390625 0.01171875
0 0.2177734375 0.9921875 0.025390625 0.015625
0 0.74609375 0.9912109375 0.03125 0.017578125
0 0.662109375 0.990234375 0.04296875 0.01953125
0 0.5888671875 0.98828125 0.041015625 0.0234375
0 0.1884765625 0.9814453125 0.017578125 0.017578125
0 0.4970703125 0.984375 0.044921875 0.02734375
0 0.0361328125 0.9853515625 0.029296875 0.029296875
0 0.828125 0.9814453125 0.02734375 0.025390625
0 0.3115234375 0.98046875 0.037109375 0.02734375
0 0.0078125 0.978515625 0.015625 0.0234375
0 0.935546875 0.974609375 0.0234375 0.0390625
0 0.666015625 0.9580078125 0.04296875 0.025390625
0 0.3955078125 0.9619140625 0.044921875 0.033203125
0 0.2197265625 0.9580078125 0.029296875 0.033203125
0 0.58984375 0.9521484375 0.0390625 0.033203125
0 0.1943359375 0.94140625 0.017578125 0.01953125
0 0.1240234375 0.9404296875 0.029296875 0.029296875
0 0.322265625 0.9375 0.03515625 0.02734375
0 0.7373046875 0.9365234375 0.033203125 0.029296875
0 0.509765625 0.9326171875 0.04296875 0.025390625
0 0.6689453125 0.9267578125 0.044921875 0.025390625
0 0.8212890625 0.923828125 0.029296875 0.0234375
0 0.0419921875 0.92578125 0.029296875 0.03125
0 0.9345703125 0.9208984375 0.029296875 0.033203125
0 0.228515625 0.912109375 0.03515625 0.02734375
0 0.599609375 0.91015625 0.03515625 0.03515625
0 0.3232421875 0.8974609375 0.025390625 0.033203125
0 0.1435546875 0.8916015625 0.037109375 0.025390625
0 0.05078125 0.888671875 0.03125 0.03125
0 0.56640625 0.875 0.015625 0.015625
0 0.5224609375 0.8798828125 0.029296875 0.025390625
0 0.240234375 0.87109375 0.04296875 0.0234375
0 0.8193359375 0.876953125 0.041015625 0.0390625
0 0.1513671875 0.8583984375 0.025390625 0.025390625
0 0.0107421875 0.8544921875 0.021484375 0.017578125
0 0.4111328125 0.8701171875 0.064453125 0.052734375
0 0.2109375 0.8515625 0.01953125 0.015625
0 0.6181640625 0.8623046875 0.029296875 0.041015625
0 0.0654296875 0.85546875 0.025390625 0.02734375
0 0.669921875 0.8515625 0.01953125 0.0234375
0 0.34375 0.8525390625 0.0390625 0.029296875
0 0.732421875 0.84765625 0.0234375 0.03125
0 0.001953125 0.8232421875 0.00390625 0.009765625
0 0.9423828125 0.837890625 0.025390625 0.04296875
0 0.1591796875 0.828125 0.029296875 0.0234375
0 0.8681640625 0.8232421875 0.017578125 0.017578125
0 0.529296875 0.826171875 0.0390625 0.02734375
0 0.81640625 0.826171875 0.03125 0.03125
0 0.4443359375 0.8291015625 0.029296875 0.037109375
0 0.5947265625 0.814453125 0.017578125 0.015625
0 0.25 0.822265625 0.04296875 0.03515625
0 0.07421875 0.8173828125 0.03125 0.029296875
0 0.220703125 0.80078125 0.015625 0.015625
0 0.3515625 0.80859375 0.02734375 0.0390625
0 0.1650390625 0.7958984375 0.025390625 0.025390625
0 0.0185546875 0.794921875 0.025390625 0.03125
0 0.0830078125 0.7880859375 0.029296875 0.029296875
0 0.873046875 0.77734375 0.01953125 0.02734375
0 0.55078125 0.7783203125 0.03515625 0.029296875
0 0.26171875 0.77734375 0.04296875 0.02734375
0 0.447265625 0.7763671875 0.03125 0.029296875
0 0.9306640625 0.7666015625 0.037109375 0.037109375
0 0.7294921875 0.7724609375 0.033203125 0.048828125
0 0.365234375 0.759765625 0.0234375 0.02734375
0 0.1728515625 0.7578125 0.029296875 0.03125
0 0.0517578125 0.75 0.017578125 0.015625
0 0.8154296875 0.744140625 0.025390625 0.0234375
0 0.0908203125 0.7451171875 0.029296875 0.029296875
0 0.283203125 0.7421875 0.03125 0.03125
0 0.4580078125 0.7314453125 0.029296875 0.029296875
0 0.2451171875 0.7255859375 0.029296875 0.021484375
0 0.8427734375 0.7177734375 0.021484375 0.017578125
0 0.5654296875 0.71875 0.041015625 0.02734375
0 0.0927734375 0.7138671875 0.029296875 0.025390625
0 0.3662109375 0.708984375 0.021484375 0.0234375
0 0.9453125 0.7060546875 0.02734375 0.021484375
0 0.005859375 0.7060546875 0.01171875 0.025390625
0 0.1875 0.7021484375 0.02734375 0.029296875
0 0.822265625 0.69140625 0.03515625 0.0234375
0 0.734375 0.6953125 0.0390625 0.03515625
0 0.65234375 0.6884765625 0.0234375 0.029296875
0 0.62109375 0.677734375 0.02734375 0.01953125
0 0.4697265625 0.6796875 0.025390625 0.0234375
0 0.099609375 0.6728515625 0.03515625 0.029296875
0 0.0107421875 0.6728515625 0.021484375 0.029296875
0 0.56640625 0.6728515625 0.02734375 0.037109375
0 0.3740234375 0.671875 0.029296875 0.04296875
0 0.291015625 0.6640625 0.0390625 0.03125
0 0.05859375 0.654296875 0.0234375 0.01953125
0 0.2353515625 0.6611328125 0.037109375 0.037109375
0 0.4873046875 0.6435546875 0.021484375 0.021484375
0 0.0205078125 0.6435546875 0.029296875 0.025390625
0 0.205078125 0.6337890625 0.02734375 0.029296875
0 0.935546875 0.6279296875 0.02734375 0.029296875
0 0.296875 0.625 0.03515625 0.02734375
0 0.3974609375 0.625 0.044921875 0.03515625
0 0.6962890625 0.6123046875 0.021484375 0.021484375
0 0.8232421875 0.6083984375 0.029296875 0.025390625
0 0.7421875 0.609375 0.03125 0.03125
0 0.1240234375 0.607421875 0.025390625 0.02734375
0 0.6533203125 0.607421875 0.048828125 0.03125
0 0.080078125 0.599609375 0.0234375 0.01953125
0 0.2177734375 0.5947265625 0.025390625 0.025390625
0 0.5966796875 0.5947265625 0.041015625 0.029296875
0 0.3076171875 0.5947265625 0.033203125 0.033203125
0 0.091796875 0.5830078125 0.01953125 0.017578125
0 0.490234375 0.58203125 0.03515625 0.0390625
0 0.037109375 0.5810546875 0.03515625 0.037109375
0 0.4072265625 0.5732421875 0.044921875 0.033203125
0 0.220703125 0.564453125 0.02734375 0.0234375
0 0.1279296875 0.5654296875 0.037109375 0.025390625
0 0.2568359375 0.556640625 0.017578125 0.015625
0 0.0986328125 0.5537109375 0.017578125 0.017578125
0 0.607421875 0.5546875 0.03515625 0.0234375
0 0.931640625 0.5546875 0.02734375 0.03125
0 0.046875 0.5498046875 0.03125 0.029296875
0 0.3134765625 0.5498046875 0.037109375 0.033203125
0 0.8359375 0.5458984375 0.05078125 0.029296875
0 0.7421875 0.552734375 0.0390625 0.05078125
0 0.134765625 0.5400390625 0.03125 0.025390625
0 0.2802734375 0.529296875 0.017578125 0.015625
0 0.2294921875 0.533203125 0.021484375 0.0234375
0 0.41015625 0.5302734375 0.03125 0.033203125
0 0.10546875 0.5224609375 0.01953125 0.017578125
0 0.517578125 0.51953125 0.02734375 0.02734375
0 0.060546875 0.5185546875 0.03125 0.025390625
0 0.61328125 0.5078125 0.0234375 0.0234375
0 0.1474609375 0.5107421875 0.021484375 0.029296875
0 0.92578125 0.50390625 0.03125 0.03125
0 0.234375 0.50390625 0.02734375 0.03125
0 0.1220703125 0.494140625 0.017578125 0.01953125
0 0.4912109375 0.48828125 0.021484375 0.01953125
0 0.3271484375 0.4931640625 0.044921875 0.033203125
0 0.0654296875 0.486328125 0.025390625 0.01953125
0 0.8505859375 0.4921875 0.060546875 0.0390625
0 0.4248046875 0.482421875 0.044921875 0.02734375
0 0.154296875 0.48046875 0.02734375 0.0234375
0 0.2939453125 0.47265625 0.017578125 0.015625
0 0.2412109375 0.470703125 0.029296875 0.0234375
0 0.12109375 0.4677734375 0.015625 0.017578125
0 0.998046875 0.4638671875 0.00390625 0.025390625
0 0.0712890625 0.4609375 0.029296875 0.02734375
0 0.7060546875 0.462890625 0.041015625 0.03515625
0 0.62890625 0.4580078125 0.0390625 0.025390625
0 0.53125 0.4599609375 0.03125 0.029296875
0 0.3408203125 0.455078125 0.029296875 0.02734375
0 0.9326171875 0.4501953125 0.037109375 0.037109375
0 0.1611328125 0.4462890625 0.037109375 0.029296875
0 0.4990234375 0.439453125 0.025390625 0.01953125
0 0.30078125 0.4365234375 0.015625 0.017578125
0 0.2451171875 0.4404296875 0.025390625 0.025390625
0 0.4365234375 0.439453125 0.037109375 0.03125
0 0.078125 0.431640625 0.02734375 0.0234375
0 0.119140625 0.4140625 0.01953125 0.01953125
0 0.3515625 0.4130859375 0.0234375 0.029296875
0 0.54296875 0.412109375 0.03125 0.03125
0 0.0029296875 0.400390625 0.005859375 0.015625
0 0.998046875 0.3955078125 0.00390625 0.009765625
0 0.865234375 0.40625 0.046875 0.03125
0 0.640625 0.40625 0.03125 0.03125
0 0.255859375 0.4033203125 0.0234375 0.029296875
0 0.5126953125 0.392578125 0.017578125 0.015625
0 0.16796875 0.3974609375 0.02734375 0.025390625
0 0.08203125 0.3994140625 0.03515625 0.029296875
0 0.90234375 0.388671875 0.01953125 0.015625
0 0.7412109375 0.404296875 0.033203125 0.046875
0 0.314453125 0.3876953125 0.0234375 0.017578125
0 0.451171875 0.3857421875 0.04296875 0.025390625
0 0.14453125 0.380859375 0.015625 0.015625
0 0.515625 0.3740234375 0.01953125 0.017578125
0 0.2666015625 0.369140625 0.025390625 0.01953125
0 0.0888671875 0.3701171875 0.025390625 0.021484375
0 0.177734375 0.3642578125 0.03515625 0.025390625
0 0.359375 0.3662109375 0.02734375 0.033203125
0 0.7763671875 0.3583984375 0.033203125 0.025390625
0 0.65234375 0.359375 0.03515625 0.03125
0 0.5498046875 0.3603515625 0.025390625 0.033203125
0 0.0087890625 0.3583984375 0.017578125 0.029296875
0 0.4873046875 0.337890625 0.013671875 0.015625
0 0.0986328125 0.3408203125 0.025390625 0.025390625
0 0.4599609375 0.33984375 0.037109375 0.02734375
0 0.275390625 0.33984375 0.02734375 0.02734375
0 0.189453125 0.330078125 0.02734375 0.02734375
0 0.8544921875 0.328125 0.029296875 0.03515625
0 0.7822265625 0.31640625 0.029296875 0.0234375
0 0.0126953125 0.3173828125 0.025390625 0.029296875
0 0.56640625 0.314453125 0.03125 0.02734375
0 0.1044921875 0.3115234375 0.025390625 0.021484375
0 0.373046875 0.3154296875 0.02734375 0.041015625
0 0.9248046875 0.2998046875 0.041015625 0.025390625
0 0.6650390625 0.3037109375 0.029296875 0.033203125
0 0.28125 0.30078125 0.02734375 0.03515625
0 0.1962890625 0.2978515625 0.029296875 0.029296875
0 0.470703125 0.2958984375 0.03515625 0.029296875
0 0.1650390625 0.2880859375 0.017578125 0.017578125
0 0.876953125 0.2880859375 0.0546875 0.029296875
0 0.3349609375 0.279296875 0.021484375 0.015625
0 0.1123046875 0.28125 0.029296875 0.0234375
0 0.0224609375 0.28125 0.025390625 0.02734375
0 0.2001953125 0.2734375 0.029296875 0.0234375
0 0.78515625 0.271484375 0.0234375 0.0234375
0 0.576171875 0.27734375 0.03515625 0.0390625
0 0.376953125 0.2744140625 0.046875 0.033203125
0 0.1630859375 0.2548828125 0.037109375 0.021484375
0 0.6748046875 0.2578125 0.033203125 0.03515625
0 0.2958984375 0.2529296875 0.025390625 0.025390625
0 0.7353515625 0.2509765625 0.041015625 0.025390625
0 0.1171875 0.2509765625 0.02734375 0.025390625
0 0.4853515625 0.2490234375 0.041015625 0.033203125
0 0.033203125 0.2451171875 0.0234375 0.029296875
0 0.1552734375 0.236328125 0.017578125 0.015625
0 0.2080078125 0.2392578125 0.025390625 0.025390625
0 0.3935546875 0.23046875 0.025390625 0.03515625
0 0.58984375 0.2265625 0.02734375 0.03125
0 0.5673828125 0.21875 0.013671875 0.015625
0 0.125 0.220703125 0.02734375 0.0234375
0 0.212890625 0.2109375 0.02734375 0.0234375
0 0.0390625 0.2099609375 0.0234375 0.025390625
0 0.353515625 0.2099609375 0.0234375 0.033203125
0 0.30078125 0.208984375 0.0234375 0.03515625
0 0.5361328125 0.1982421875 0.017578125 0.017578125
0 0.4833984375 0.2021484375 0.029296875 0.025390625
0 0.1298828125 0.19140625 0.025390625 0.0234375
0 0.75 0.185546875 0.02734375 0.03125
0 0.2236328125 0.1796875 0.021484375 0.03125
0 0.4052734375 0.1796875 0.029296875 0.03515625
0 0.046875 0.17578125 0.0234375 0.03125
0 0.66015625 0.1689453125 0.04296875 0.029296875
0 0.1357421875 0.16015625 0.025390625 0.0234375
0 0.3134765625 0.150390625 0.029296875 0.02734375
0 0.615234375 0.1416015625 0.02734375 0.029296875
0 0.0576171875 0.140625 0.025390625 0.02734375
0 0.1435546875 0.1337890625 0.021484375 0.021484375
0 0.685546875 0.1240234375 0.0234375 0.021484375
0 0.5498046875 0.1259765625 0.029296875 0.025390625
0 0.2373046875 0.119140625 0.029296875 0.0234375
0 0.7529296875 0.1171875 0.021484375 0.0234375
0 0.4931640625 0.1103515625 0.029296875 0.025390625
0 0.4599609375 0.1015625 0.025390625 0.0234375
0 0.42578125 0.1044921875 0.02734375 0.029296875
0 0.0654296875 0.10546875 0.021484375 0.03125
0 0.162109375 0.103515625 0.0390625 0.03125
0 0.38671875 0.0947265625 0.02734375 0.029296875
0 0.3583984375 0.0908203125 0.025390625 0.029296875
0 0.6923828125 0.08984375 0.021484375 0.03125
0 0.00390625 0.0849609375 0.0078125 0.025390625
0 0.3271484375 0.078125 0.029296875 0.03125
0 0.0732421875 0.0732421875 0.029296875 0.025390625
0 0.0361328125 0.0595703125 0.013671875 0.017578125
0 0.7548828125 0.0673828125 0.021484375 0.037109375
0 0.013671875 0.052734375 0.02734375 0.0234375
0 0.263671875 0.0537109375 0.03515625 0.044921875
0 0.2275390625 0.0478515625 0.029296875 0.033203125
0 0.681640625 0.0419921875 0.0234375 0.025390625
0 0.34375 0.0283203125 0.03125 0.025390625
0 0.1875 0.0302734375 0.0390625 0.029296875
0 0.748046875 0.0185546875 0.03125 0.029296875
0 0.0908203125 0.013671875 0.029296875 0.0234375
0 0.669921875 0.0107421875 0.0234375 0.021484375
0 0.4228515625 0.013671875 0.052734375 0.02734375
0 0.3466796875 0.0048828125 0.021484375 0.009765625
0 0.01953125 0.001953125 0.00390625 0.00390625