0 0.0673828125 0.5126953125 0.021484375 0.021484375
0 0.072265625 0.4580078125 0.02734375 0.025390625
0 0.259765625 0.2490234375 0.0234375 0.025390625
0 0.3076171875 0.1962890625 0.017578125 0.017578125
0 0.3828125 0.14453125 0.02734375 0.03515625
0 0.0068359375 0.099609375 0.013671875 0.02734375
0 0.017578125 0.0732421875 0.02734375 0.029296875
0 0.4189453125 0.0400390625 0.021484375 0.021484375
0 0.474609375 0.037109375 0.02734375 0.02734375
0 0.046875 0.037109375 0.03515625 0.03515625
0 0.08203125 0.01171875 0.0390625 0.0234375