0 0.28125 0.9736328125 0.046875 0.052734375
0 0.2099609375 0.9443359375 0.037109375 0.037109375
0 0.1689453125 0.9208984375 0.037109375 0.048828125
0 0.1083984375 0.8955078125 0.044921875 0.044921875
0 0.3193359375 0.8916015625 0.041015625 0.064453125
0 0.048828125 0.880859375 0.0546875 0.05078125
0 0.0087890625 0.853515625 0.017578125 0.02734375
0 0.5107421875 0.8798828125 0.111328125 0.126953125
0 0.2109375 0.8349609375 0.0546875 0.041015625
0 0.150390625 0.8056640625 0.0546875 0.033203125
0 0.6416015625 0.7919921875 0.037109375 0.044921875
0 0.0927734375 0.7861328125 0.044921875 0.037109375
0 0.037109375 0.759765625 0.046875 0.0390625
0 0.65625 0.7333984375 0.03125 0.048828125
0 0.5546875 0.724609375 0.03125 0.0390625
0 0.2294921875 0.6953125 0.048828125 0.03125
0 0.578125 0.6865234375 0.03125 0.037109375
0 0.697265625 0.6826171875 0.03515625 0.041015625
0 0.1435546875 0.6650390625 0.076171875 0.048828125
0 0.4716796875 0.6484375 0.052734375 0.046875
0 0.7255859375 0.638671875 0.033203125 0.04296875
0 0.609375 0.6376953125 0.03125 0.041015625
0 0.04296875 0.642578125 0.04296875 0.0546875
0 0.3134765625 0.6064453125 0.068359375 0.048828125
0 0.765625 0.59765625 0.03515625 0.04296875
0 0.634765625 0.5986328125 0.03125 0.044921875
0 0.4970703125 0.591796875 0.037109375 0.0390625
0 0.220703125 0.583984375 0.01953125 0.0234375
0 0.5390625 0.5732421875 0.05078125 0.044921875
0 0.4033203125 0.5712890625 0.044921875 0.041015625
0 0.1962890625 0.560546875 0.044921875 0.02734375
0 0.66015625 0.5576171875 0.046875 0.044921875
0 0.80078125 0.548828125 0.04296875 0.046875
0 0.435546875 0.5322265625 0.04296875 0.037109375
0 0.0869140625 0.5283203125 0.056640625 0.041015625
0 0.564453125 0.52734375 0.046875 0.046875
0 0.8486328125 0.5087890625 0.041015625 0.044921875
0 0.6962890625 0.5068359375 0.048828125 0.048828125
0 0.6005859375 0.50390625 0.052734375 0.04296875
0 0.4755859375 0.4921875 0.037109375 0.0390625
0 0.2138671875 0.48046875 0.044921875 0.046875
0 0.8994140625 0.4765625 0.044921875 0.04296875
0 0.5048828125 0.4638671875 0.044921875 0.037109375
0 0.0986328125 0.4541015625 0.044921875 0.033203125
0 0.6318359375 0.4560546875 0.037109375 0.041015625
0 0.748046875 0.4462890625 0.05078125 0.052734375
0 0.8056640625 0.4267578125 0.044921875 0.037109375
0 0.5361328125 0.4267578125 0.044921875 0.041015625
0 0.2744140625 0.4072265625 0.044921875 0.041015625
0 0.84765625 0.3994140625 0.04296875 0.041015625
0 0.572265625 0.388671875 0.046875 0.03515625
0 0.69140625 0.3798828125 0.04296875 0.037109375
0 0.88671875 0.375 0.0390625 0.0390625
0 0.9296875 0.34765625 0.04296875 0.04296875
0 0.3193359375 0.345703125 0.044921875 0.04296875
0 0.60546875 0.3427734375 0.03515625 0.048828125
0 0.7109375 0.333984375 0.046875 0.04296875
0 0.5673828125 0.3134765625 0.044921875 0.037109375
0 0.970703125 0.3154296875 0.0390625 0.044921875
0 0.8173828125 0.291015625 0.041015625 0.0234375
0 0.76171875 0.2900390625 0.0390625 0.029296875
0 0.9921875 0.279296875 0.015625 0.01953125
0 0.884765625 0.2802734375 0.04296875 0.025390625
0 0.7158203125 0.2763671875 0.029296875 0.044921875
0 0.326171875 0.26953125 0.03515625 0.04296875
0 0.498046875 0.2734375 0.05859375 0.0546875
0 0.6396484375 0.2431640625 0.029296875 0.041015625
0 0.9384765625 0.2392578125 0.029296875 0.037109375
0 0.373046875 0.2412109375 0.046875 0.044921875
0 0.4384765625 0.220703125 0.060546875 0.0390625
0 0.8232421875 0.1953125 0.044921875 0.03125
0 0.650390625 0.189453125 0.046875 0.04296875
0 0.541015625 0.1884765625 0.03515625 0.041015625
0 0.763671875 0.18359375 0.04296875 0.046875
0 0.9404296875 0.1806640625 0.044921875 0.052734375
0 0.876953125 0.1650390625 0.03515625 0.029296875
0 0.3779296875 0.16015625 0.044921875 0.046875
0 0.6103515625 0.150390625 0.044921875 0.0390625
0 0.7890625 0.138671875 0.0390625 0.046875
0 0.486328125 0.1396484375 0.05078125 0.056640625
0 0.162109375 0.185546875 0.21875 0.171875
0 0.009765625 0.1171875 0.01953125 0.03515625
0 0.705078125 0.1123046875 0.046875 0.041015625
0 0.5771484375 0.1083984375 0.037109375 0.037109375
0 0.8271484375 0.091796875 0.033203125 0.04296875
0 0.419921875 0.0810546875 0.0390625 0.037109375
0 0.3046875 0.0859375 0.03125 0.046875
0 0.740234375 0.0654296875 0.05078125 0.048828125
0 0.2099609375 0.0517578125 0.052734375 0.029296875
0 0.0322265625 0.0556640625 0.037109375 0.041015625
0 0.09765625 0.046875 0.04296875 0.02734375
0 0.6552734375 0.0537109375 0.037109375 0.048828125
0 0.8515625 0.04296875 0.03125 0.0390625
0 0.7734375 0.0224609375 0.02734375 0.037109375
0 0.853515625 0.0048828125 0.015625 0.009765625
0 0.6591796875 0.0068359375 0.029296875 0.013671875
0 0.5625 0.005859375 0.03125 0.01171875
0 0.4521484375 0.0078125 0.017578125 0.015625
0 0.333984375 0.0087890625 0.03125 0.017578125