0 0.265625 0.990234375 0.01953125 0.01953125
0 0.3642578125 0.9775390625 0.017578125 0.037109375
0 0.3505859375 0.9091796875 0.048828125 0.044921875
0 0.9951171875 0.5283203125 0.009765625 0.013671875
0 0.9970703125 0.513671875 0.005859375 0.01171875
0 0.1240234375 0.47265625 0.037109375 0.03515625
0 0.974609375 0.455078125 0.03515625 0.0390625
0 0.1611328125 0.40625 0.091796875 0.0859375
0 0.9521484375 0.3642578125 0.037109375 0.056640625
0 0.1748046875 0.3349609375 0.072265625 0.064453125
0 0.9921875 0.248046875 0.015625 0.04296875
0 0.9423828125 0.1318359375 0.048828125 0.044921875
0 0.001953125 0.0966796875 0.00390625 0.005859375
0 0.8525390625 0.091796875 0.056640625 0.03515625
0 0.0283203125 0.08203125 0.033203125 0.0390625
0 0.779296875 0.0712890625 0.0703125 0.037109375
0 0.068359375 0.052734375 0.03515625 0.02734375
0 0.1005859375 0.033203125 0.041015625 0.03125
0 0.98828125 0.0146484375 0.0234375 0.029296875
0 0.6728515625 0.005859375 0.021484375 0.01171875
0 0.6484375 0.0048828125 0.015625 0.009765625
0 0.17578125 0.001953125 0.0078125 0.00390625
0 0.1357421875 0.0126953125 0.033203125 0.025390625