0 0.6552734375 0.990234375 0.060546875 0.01953125
0 0.91015625 0.982421875 0.04296875 0.03515625
0 0.544921875 0.947265625 0.0390625 0.0234375
0 0.005859375 0.935546875 0.01171875 0.01953125
0 0.75390625 0.9619140625 0.109375 0.076171875
0 0.49609375 0.9326171875 0.03515625 0.037109375
0 0.9638671875 0.927734375 0.072265625 0.07421875
0 0.591796875 0.9130859375 0.05078125 0.048828125
0 0.4599609375 0.90625 0.037109375 0.0390625
0 0.4287109375 0.8701171875 0.037109375 0.033203125
0 0.5927734375 0.859375 0.052734375 0.046875
0 0.8564453125 0.849609375 0.060546875 0.078125
0 0.625 0.8291015625 0.05078125 0.048828125
0 0.3720703125 0.8212890625 0.056640625 0.041015625
0 0.5068359375 0.8203125 0.037109375 0.04296875
0 0.9853515625 0.8125 0.029296875 0.0390625
0 0.6513671875 0.796875 0.052734375 0.046875
0 0.4599609375 0.7841796875 0.048828125 0.052734375
0 0.5390625 0.779296875 0.03515625 0.046875
0 0.8603515625 0.78515625 0.146484375 0.09375
0 0.6787109375 0.7626953125 0.052734375 0.048828125
0 0.3994140625 0.7509765625 0.041015625 0.056640625
0 0.556640625 0.7412109375 0.05078125 0.052734375
0 0.70703125 0.732421875 0.05078125 0.05078125
0 0.337890625 0.732421875 0.046875 0.07421875
0 0.5849609375 0.7099609375 0.052734375 0.052734375
0 0.736328125 0.69921875 0.05078125 0.046875
0 0.6142578125 0.6787109375 0.048828125 0.052734375
0 0.4130859375 0.681640625 0.044921875 0.07421875
0 0.76953125 0.65625 0.046875 0.046875
0 0.6494140625 0.6513671875 0.044921875 0.041015625
0 0.3486328125 0.6611328125 0.041015625 0.060546875
0 0.9501953125 0.6103515625 0.064453125 0.029296875
0 0.6943359375 0.60546875 0.033203125 0.03125
0 0.6591796875 0.5771484375 0.041015625 0.037109375
0 0.99609375 0.5458984375 0.0078125 0.017578125
0 0.625 0.544921875 0.02734375 0.02734375
0 0.1640625 0.5380859375 0.03515625 0.033203125
0 0.1142578125 0.52734375 0.025390625 0.0390625
0 0.42578125 0.55859375 0.0859375 0.13671875
0 0.015625 0.50390625 0.03125 0.02734375
0 0.048828125 0.4833984375 0.0234375 0.017578125
0 0.080078125 0.478515625 0.0234375 0.01953125
0 0.556640625 0.498046875 0.06640625 0.0625
0 0.1884765625 0.48046875 0.021484375 0.02734375
0 0.1142578125 0.4775390625 0.021484375 0.029296875
0 0.154296875 0.47265625 0.01953125 0.02734375
0 0.134765625 0.4677734375 0.01171875 0.017578125
0 0.220703125 0.4697265625 0.01171875 0.037109375
0 0.283203125 0.462890625 0.03515625 0.02734375
0 0.748046875 0.509765625 0.28125 0.19921875
0 0.943359375 0.47265625 0.11328125 0.12890625
0 0.1005859375 0.39453125 0.017578125 0.015625
0 0.0185546875 0.3896484375 0.037109375 0.044921875
0 0.0693359375 0.3818359375 0.033203125 0.041015625
0 0.1708984375 0.3740234375 0.091796875 0.056640625
0 0.4931640625 0.3310546875 0.029296875 0.037109375
0 0.2861328125 0.32421875 0.037109375 0.03125
0 0.25390625 0.3154296875 0.02734375 0.029296875
0 0.4052734375 0.3310546875 0.087890625 0.072265625
0 0.4365234375 0.2919921875 0.033203125 0.021484375
0 0.1640625 0.298828125 0.046875 0.04296875
0 0.11328125 0.2890625 0.0234375 0.02734375
0 0.326171875 0.2841796875 0.02734375 0.033203125
0 0.9892578125 0.27734375 0.021484375 0.02734375
0 0.517578125 0.283203125 0.04296875 0.0546875
0 0.4423828125 0.263671875 0.033203125 0.0234375
0 0.302734375 0.25 0.01953125 0.02734375
0 0.251953125 0.2509765625 0.01953125 0.029296875
0 0.1826171875 0.2529296875 0.041015625 0.041015625
0 0.0498046875 0.2705078125 0.048828125 0.080078125
0 0.99609375 0.2412109375 0.0078125 0.025390625
0 0.09375 0.2373046875 0.015625 0.017578125
0 0.4482421875 0.2333984375 0.033203125 0.021484375
0 0.9365234375 0.2060546875 0.021484375 0.025390625
0 0.455078125 0.203125 0.03515625 0.0234375
0 0.2666015625 0.203125 0.056640625 0.0390625
0 0.1572265625 0.2001953125 0.072265625 0.048828125
0 0.087890625 0.1845703125 0.03125 0.041015625
0 0.466796875 0.17578125 0.03125 0.03125
0 0.533203125 0.189453125 0.05078125 0.06640625
0 0.173828125 0.16015625 0.03125 0.01953125
0 0.953125 0.150390625 0.02734375 0.02734375
0 0.064453125 0.134765625 0.015625 0.01953125
0 0.1650390625 0.1318359375 0.033203125 0.021484375
0 0.025390625 0.1533203125 0.0390625 0.068359375
0 0.55078125 0.123046875 0.02734375 0.03515625
0 0.2783203125 0.1328125 0.126953125 0.0625
0 0.4736328125 0.111328125 0.033203125 0.02734375
0 0.16015625 0.109375 0.03515625 0.02734375
0 0.9677734375 0.109375 0.025390625 0.0390625
0 0.15625 0.0888671875 0.03125 0.021484375
0 0.556640625 0.0830078125 0.0234375 0.029296875
0 0.4794921875 0.0810546875 0.033203125 0.033203125
0 0.9814453125 0.068359375 0.025390625 0.03515625
0 0.373046875 0.0654296875 0.0546875 0.041015625
0 0.3095703125 0.0693359375 0.056640625 0.076171875
0 0.126953125 0.0517578125 0.0546875 0.072265625
0 0.9921875 0.01953125 0.015625 0.01953125
0 0.2568359375 0.0224609375 0.021484375 0.025390625
0 0.8466796875 0.0234375 0.072265625 0.046875
0 0.732421875 0.0322265625 0.09375 0.064453125
0 0.431640625 0.009765625 0.02734375 0.01953125
0 0.2978515625 0.0048828125 0.041015625 0.009765625
0 0.2333984375 0.0048828125 0.037109375 0.009765625
0 0.2021484375 0.0234375 0.041015625 0.046875
0 0.04296875 0.00390625 0.0234375 0.0078125