0 0.63671875 0.998046875 0.00390625 0.00390625
0 0.279296875 0.9970703125 0.01171875 0.005859375
0 0.3759765625 0.9951171875 0.017578125 0.009765625
0 0.0400390625 0.994140625 0.025390625 0.01171875
0 0.5546875 0.9931640625 0.02734375 0.013671875
0 0.189453125 0.990234375 0.0390625 0.01953125
0 0.607421875 0.9873046875 0.0390625 0.025390625
0 0.33984375 0.9853515625 0.03515625 0.029296875
0 0.521484375 0.9833984375 0.03515625 0.033203125
0 0.0634765625 0.98046875 0.029296875 0.03125
0 0.6875 0.9765625 0.0390625 0.03515625
0 0.2099609375 0.97265625 0.029296875 0.02734375
0 0.576171875 0.9736328125 0.0390625 0.037109375
0 0.3095703125 0.9658203125 0.033203125 0.033203125
0 0.490234375 0.966796875 0.03515625 0.0390625
0 0.6416015625 0.9501953125 0.025390625 0.025390625
0 0.54296875 0.9541015625 0.03515625 0.033203125
0 0.0810546875 0.953125 0.029296875 0.03125
0 0.1416015625 0.947265625 0.021484375 0.0234375
0 0.4599609375 0.9482421875 0.033203125 0.037109375
0 0.5146484375 0.9345703125 0.037109375 0.033203125
0 0.4287109375 0.9287109375 0.033203125 0.037109375
0 0.1005859375 0.9267578125 0.029296875 0.033203125
0 0.22265625 0.923828125 0.0390625 0.0390625
0 0.0087890625 0.919921875 0.017578125 0.03125
0 0.591796875 0.91796875 0.03515625 0.03125
0 0.4912109375 0.9169921875 0.037109375 0.037109375
0 0.3984375 0.91015625 0.03125 0.0390625
0 0.55859375 0.8974609375 0.03125 0.033203125
0 0.9736328125 0.8984375 0.037109375 0.0390625
0 0.3681640625 0.892578125 0.029296875 0.02734375
0 0.203125 0.8994140625 0.03515625 0.041015625
0 0.4521484375 0.8935546875 0.037109375 0.037109375
0 0.1142578125 0.8955078125 0.041015625 0.044921875
0 0.009765625 0.880859375 0.01953125 0.02734375
0 0.9443359375 0.8818359375 0.041015625 0.037109375
0 0.52734375 0.8779296875 0.03125 0.029296875
0 0.1767578125 0.8828125 0.037109375 0.0390625
0 0.421875 0.8740234375 0.0390625 0.037109375
0 0.134765625 0.873046875 0.04296875 0.03515625
0 0.9658203125 0.85546875 0.025390625 0.0234375
0 0.0361328125 0.85546875 0.037109375 0.03125
0 0.990234375 0.85546875 0.01953125 0.03515625
0 0.7333984375 0.8662109375 0.060546875 0.060546875
0 0.4873046875 0.8515625 0.033203125 0.03125
0 0.1484375 0.849609375 0.046875 0.0390625
0 0.9208984375 0.84375 0.044921875 0.046875
0 0.9951171875 0.8212890625 0.009765625 0.013671875
0 0.4541015625 0.8291015625 0.033203125 0.033203125
0 0.375 0.845703125 0.06640625 0.06640625
0 0.8798828125 0.8291015625 0.044921875 0.041015625
0 0.291015625 0.830078125 0.03515625 0.04296875
0 0.0068359375 0.818359375 0.013671875 0.01953125
0 0.92578125 0.8076171875 0.0234375 0.021484375
0 0.4267578125 0.810546875 0.029296875 0.03125
0 0.986328125 0.8017578125 0.015625 0.017578125
0 0.265625 0.8125 0.0390625 0.0390625
0 0.0791015625 0.814453125 0.037109375 0.04296875
0 0.908203125 0.798828125 0.01953125 0.01953125
0 0.634765625 0.8046875 0.04296875 0.0546875
0 0.23828125 0.794921875 0.0390625 0.0390625
0 0.048828125 0.794921875 0.03515625 0.0390625
0 0.390625 0.783203125 0.03125 0.02734375
0 0.826171875 0.7841796875 0.03515625 0.037109375
0 0.005859375 0.775390625 0.01171875 0.0234375
0 0.5908203125 0.7890625 0.048828125 0.06640625
0 0.9228515625 0.7685546875 0.033203125 0.029296875
0 0.3115234375 0.7724609375 0.037109375 0.037109375
0 0.966796875 0.7529296875 0.015625 0.017578125
0 0.9951171875 0.7490234375 0.009765625 0.017578125
0 0.1982421875 0.76953125 0.060546875 0.05859375
0 0.2802734375 0.7509765625 0.037109375 0.037109375
0 0.94140625 0.7451171875 0.02734375 0.029296875
0 0.80078125 0.7470703125 0.0390625 0.041015625
0 0.25390625 0.7412109375 0.03515625 0.041015625
0 0.8623046875 0.732421875 0.033203125 0.03125
0 0.544921875 0.74609375 0.046875 0.06640625
0 0.958984375 0.724609375 0.0390625 0.03515625
0 0.15625 0.7333984375 0.0390625 0.056640625
0 0.123046875 0.72265625 0.03515625 0.03515625
0 0.220703125 0.7138671875 0.0390625 0.037109375
0 0.34765625 0.7041015625 0.0390625 0.033203125
0 0.0927734375 0.7041015625 0.037109375 0.033203125
0 0.814453125 0.6943359375 0.01953125 0.017578125
0 0.521484375 0.693359375 0.03515625 0.02734375
0 0.1875 0.6953125 0.0390625 0.03515625
0 0.8837890625 0.6953125 0.041015625 0.0390625
0 0.314453125 0.68359375 0.0234375 0.0234375
0 0.060546875 0.685546875 0.03515625 0.03515625
0 0.974609375 0.693359375 0.05078125 0.05859375
0 0.736328125 0.69140625 0.046875 0.0546875
0 0.091796875 0.6748046875 0.01953125 0.021484375
0 0.662109375 0.6796875 0.03515625 0.03515625
0 0.48828125 0.6767578125 0.0390625 0.033203125
0 0.2900390625 0.6650390625 0.025390625 0.025390625
0 0.9052734375 0.666015625 0.037109375 0.03515625
0 0.1533203125 0.66796875 0.041015625 0.0390625
0 0.0595703125 0.6572265625 0.017578125 0.021484375
0 0.029296875 0.666015625 0.0390625 0.0390625
0 0.990234375 0.6591796875 0.01953125 0.029296875
0 0.3779296875 0.6513671875 0.017578125 0.017578125
0 0.4541015625 0.6552734375 0.037109375 0.033203125
0 0.998046875 0.63671875 0.00390625 0.00390625
0 0.875 0.638671875 0.01953125 0.01953125
0 0.11328125 0.6484375 0.0390625 0.0390625
0 0.677734375 0.6416015625 0.03125 0.029296875
0 0.2587890625 0.638671875 0.025390625 0.0234375
0 0.92578125 0.6396484375 0.0390625 0.033203125
0 0.0078125 0.6396484375 0.015625 0.037109375
0 0.4208984375 0.638671875 0.037109375 0.04296875
0 0.2294921875 0.6240234375 0.025390625 0.025390625
0 0.875 0.615234375 0.01953125 0.01953125
0 0.0693359375 0.6240234375 0.041015625 0.037109375
0 0.6982421875 0.611328125 0.029296875 0.02734375
0 0.9443359375 0.6123046875 0.037109375 0.033203125
0 0.203125 0.6083984375 0.03125 0.025390625
0 0.578125 0.6142578125 0.04296875 0.041015625
0 0.373046875 0.611328125 0.0390625 0.04296875
0 0.7841796875 0.6083984375 0.060546875 0.041015625
0 0.7421875 0.59765625 0.02734375 0.0234375
0 0.0205078125 0.6005859375 0.037109375 0.041015625
0 0.1689453125 0.5888671875 0.041015625 0.037109375
0 0.958984375 0.5849609375 0.03515625 0.033203125
0 0.3408203125 0.58984375 0.041015625 0.04296875
0 0.716796875 0.5830078125 0.03515625 0.033203125
0 0.5283203125 0.5830078125 0.037109375 0.044921875
0 0.30078125 0.572265625 0.046875 0.04296875
0 0.1953125 0.5615234375 0.0234375 0.025390625
0 0.125 0.5673828125 0.0390625 0.037109375
0 0.265625 0.5546875 0.03515625 0.04296875
0 0.947265625 0.541015625 0.01953125 0.01953125
0 0.7421875 0.5458984375 0.04296875 0.037109375
0 0.091796875 0.537109375 0.01953125 0.01953125
0 0.4638671875 0.5439453125 0.037109375 0.044921875
0 0.646484375 0.53515625 0.03125 0.03125
0 0.2314453125 0.537109375 0.033203125 0.04296875
0 0.0517578125 0.5224609375 0.037109375 0.029296875
0 0.9970703125 0.5087890625 0.005859375 0.005859375
0 0.0859375 0.51171875 0.0234375 0.01953125
0 0.8076171875 0.5048828125 0.021484375 0.021484375
0 0.2001953125 0.5126953125 0.037109375 0.037109375
0 0.9052734375 0.509765625 0.041015625 0.0390625
0 0.484375 0.5029296875 0.0390625 0.029296875
0 0.6611328125 0.5029296875 0.037109375 0.041015625
0 0.7724609375 0.498046875 0.037109375 0.0390625
0 0.8193359375 0.486328125 0.021484375 0.0234375
0 0.39453125 0.4990234375 0.03515625 0.048828125
0 0.1484375 0.4912109375 0.0390625 0.048828125
0 0.8701171875 0.48046875 0.041015625 0.04296875
0 0.6181640625 0.47265625 0.033203125 0.03125
0 0.33203125 0.4677734375 0.0390625 0.041015625
0 0.501953125 0.4609375 0.0390625 0.0390625
0 0.5439453125 0.4599609375 0.029296875 0.044921875
0 0.0927734375 0.4599609375 0.041015625 0.044921875
0 0.80078125 0.453125 0.0390625 0.03515625
0 0.9541015625 0.4453125 0.025390625 0.02734375
0 0.57421875 0.4453125 0.03515625 0.03125
0 0.0556640625 0.435546875 0.041015625 0.03515625
0 0.419921875 0.43359375 0.03515625 0.0390625
0 0.337890625 0.4248046875 0.02734375 0.025390625
0 0.25 0.4296875 0.03125 0.03515625
0 0.2255859375 0.423828125 0.025390625 0.02734375
0 0.71484375 0.427734375 0.0390625 0.046875
0 0.837890625 0.4208984375 0.05078125 0.041015625
0 0.5234375 0.4140625 0.03515625 0.0390625
0 0.9228515625 0.404296875 0.037109375 0.04296875
0 0.654296875 0.3974609375 0.03515625 0.029296875
0 0.4384765625 0.3984375 0.033203125 0.0390625
0 0.7392578125 0.38671875 0.037109375 0.0390625
0 0.2607421875 0.38671875 0.037109375 0.0390625
0 0.6826171875 0.3740234375 0.017578125 0.017578125
0 0.3564453125 0.3837890625 0.041015625 0.037109375
0 0.419921875 0.369140625 0.01953125 0.015625
0 0.6162109375 0.3740234375 0.044921875 0.033203125
0 0.716796875 0.36328125 0.0234375 0.01953125
0 0.4560546875 0.3671875 0.033203125 0.03125
0 0.12109375 0.3642578125 0.03515625 0.029296875
0 0.6640625 0.3447265625 0.01953125 0.017578125
0 0.193359375 0.3583984375 0.046875 0.044921875
0 0.2919921875 0.3447265625 0.029296875 0.033203125
0 0.765625 0.34375 0.04296875 0.04296875
0 0.56640625 0.3388671875 0.0390625 0.037109375
0 0.4716796875 0.3359375 0.033203125 0.03125
0 0.0859375 0.3388671875 0.046875 0.037109375
0 0.89453125 0.3310546875 0.0390625 0.041015625
0 0.6943359375 0.328125 0.041015625 0.0390625
0 0.3896484375 0.3203125 0.037109375 0.0390625
0 0.0361328125 0.31640625 0.037109375 0.03125
0 0.65234375 0.3056640625 0.0390625 0.029296875
0 0.4873046875 0.2998046875 0.037109375 0.033203125
0 0.25390625 0.3046875 0.0546875 0.04296875
0 0.060546875 0.287109375 0.01953125 0.015625
0 0.30859375 0.2890625 0.0390625 0.0390625
0 0.5927734375 0.283203125 0.037109375 0.03125
0 0.42578125 0.27734375 0.04296875 0.0390625
0 0.9208984375 0.2744140625 0.041015625 0.041015625
0 0.4990234375 0.267578125 0.041015625 0.0390625
0 0.259765625 0.259765625 0.03125 0.02734375
0 0.2001953125 0.26171875 0.044921875 0.03515625
0 0.013671875 0.259765625 0.02734375 0.05078125
0 0.7998046875 0.2587890625 0.048828125 0.056640625
0 0.328125 0.2490234375 0.0390625 0.037109375
0 0.94140625 0.234375 0.03125 0.03515625
0 0.724609375 0.2294921875 0.046875 0.029296875
0 0.447265625 0.234375 0.046875 0.0390625
0 0.220703125 0.228515625 0.03125 0.0546875
0 0.8408203125 0.2197265625 0.041015625 0.041015625
0 0.1376953125 0.2060546875 0.044921875 0.033203125
0 0.34375 0.205078125 0.04296875 0.03515625
0 0.015625 0.197265625 0.01953125 0.01953125
0 0.9677734375 0.201171875 0.048828125 0.046875
0 0.6357421875 0.1962890625 0.041015625 0.041015625
0 0.283203125 0.1904296875 0.03515625 0.037109375
0 0.869140625 0.1865234375 0.03125 0.037109375
0 0.08203125 0.181640625 0.0234375 0.02734375
0 0.75 0.181640625 0.03515625 0.04296875
0 0.5458984375 0.17578125 0.029296875 0.0390625
0 0.2412109375 0.1748046875 0.029296875 0.037109375
0 0.494140625 0.171875 0.03515625 0.04296875
0 0.9912109375 0.1640625 0.017578125 0.0390625
0 0.6572265625 0.1533203125 0.044921875 0.029296875
0 0.16796875 0.158203125 0.0390625 0.0390625
0 0.130859375 0.1513671875 0.0234375 0.033203125
0 0.5302734375 0.1396484375 0.017578125 0.017578125
0 0.890625 0.1455078125 0.04296875 0.037109375
0 0.7705078125 0.1474609375 0.033203125 0.041015625
0 0.0029296875 0.134765625 0.005859375 0.0234375
0 0.037109375 0.146484375 0.03125 0.05078125
0 0.4306640625 0.1357421875 0.037109375 0.037109375
0 0.5634765625 0.1171875 0.025390625 0.03515625
0 0.4189453125 0.10546875 0.021484375 0.01953125
0 0.3828125 0.1142578125 0.04296875 0.037109375
0 0.7998046875 0.111328125 0.041015625 0.0390625
0 0.90625 0.10546875 0.03125 0.03125
0 0.64453125 0.1005859375 0.03515625 0.037109375
0 0.29296875 0.099609375 0.03515625 0.0390625
0 0.50390625 0.09375 0.0234375 0.03515625
0 0.240234375 0.0888671875 0.04296875 0.037109375
0 0.9287109375 0.0751953125 0.033203125 0.033203125
0 0.27734375 0.06640625 0.01953125 0.01953125
0 0.822265625 0.07421875 0.0390625 0.0390625
0 0.1630859375 0.0712890625 0.033203125 0.033203125
0 0.724609375 0.068359375 0.02734375 0.03515625
0 0.5703125 0.0654296875 0.0390625 0.033203125
0 0.2568359375 0.0458984375 0.025390625 0.017578125
0 0.03125 0.0517578125 0.03515625 0.029296875
0 0.515625 0.0517578125 0.02734375 0.033203125
0 0.3876953125 0.048828125 0.033203125 0.03515625
0 0.6572265625 0.044921875 0.029296875 0.03515625
0 0.12109375 0.0400390625 0.03125 0.025390625
0 0.005859375 0.0361328125 0.01171875 0.017578125
0 0.84765625 0.041015625 0.03515625 0.03125
0 0.4609375 0.037109375 0.0234375 0.02734375
0 0.5556640625 0.0302734375 0.017578125 0.017578125
0 0.3115234375 0.0341796875 0.033203125 0.041015625
0 0.583984375 0.025390625 0.03125 0.02734375
0 0.17578125 0.025390625 0.03515625 0.02734375
0 0.7421875 0.013671875 0.03515625 0.02734375
0 0.666015625 0.009765625 0.02734375 0.01953125
0 0.5283203125 0.0126953125 0.037109375 0.025390625
0 0.4619140625 0.009765625 0.029296875 0.01953125
0 0.40234375 0.0068359375 0.03125 0.013671875
0 0.2568359375 0.0068359375 0.025390625 0.013671875
0 0.1279296875 0.0048828125 0.025390625 0.009765625
0 0.0361328125 0.0087890625 0.029296875 0.017578125