0 0.7646484375 0.7041015625 0.048828125 0.029296875
0 0.3642578125 0.6640625 0.173828125 0.0859375
0 0.57421875 0.599609375 0.015625 0.01953125
0 0.0166015625 0.1650390625 0.033203125 0.021484375
0 0.0146484375 0.12890625 0.029296875 0.0234375
0 0.1044921875 0.1171875 0.025390625 0.03515625
0 0.078125 0.123046875 0.0234375 0.05078125
0 0.0146484375 0.099609375 0.029296875 0.0234375
0 0.140625 0.09375 0.04296875 0.04296875
0 0.0859375 0.0732421875 0.046875 0.033203125
0 0.0126953125 0.0634765625 0.025390625 0.021484375
0 0.1494140625 0.0546875 0.029296875 0.01953125
0 0.009765625 0.0341796875 0.01953125 0.021484375
0 0.078125 0.029296875 0.03125 0.0234375
0 0.2451171875 0.0302734375 0.025390625 0.033203125
0 0.21484375 0.0380859375 0.0234375 0.048828125
0 0.146484375 0.01953125 0.03125 0.0234375
0 0.2998046875 0.0068359375 0.017578125 0.013671875
0 0.2705078125 0.013671875 0.021484375 0.02734375
0 0.220703125 0.0029296875 0.03515625 0.005859375
0 0.1494140625 0.00390625 0.029296875 0.0078125
0 0.1181640625 0.005859375 0.013671875 0.01171875
0 0.0732421875 0.00390625 0.029296875 0.0078125
0 0.0078125 0.009765625 0.015625 0.01953125