0 0.5361328125 0.75 0.025390625 0.04296875
0 0.646484375 0.7373046875 0.03125 0.029296875
0 0.962890625 0.6962890625 0.05859375 0.048828125
0 0.5556640625 0.6640625 0.033203125 0.0234375
0 0.890625 0.6640625 0.0390625 0.046875
0 0.9375 0.6259765625 0.0546875 0.037109375
0 0.068359375 0.533203125 0.01953125 0.01953125
0 0.0224609375 0.537109375 0.029296875 0.02734375
0 0.0517578125 0.416015625 0.037109375 0.0390625
0 0.392578125 0.181640625 0.03125 0.0234375
0 0.35546875 0.1357421875 0.0234375 0.025390625
0 0.828125 0.0341796875 0.0390625 0.044921875