0 0.99609375 0.931640625 0.0078125 0.01171875
0 0.8662109375 0.921875 0.052734375 0.02734375
0 0.9140625 0.896484375 0.01953125 0.01953125
0 0.6953125 0.833984375 0.046875 0.046875
0 0.751953125 0.810546875 0.01953125 0.015625
0 0.998046875 0.5576171875 0.00390625 0.005859375
0 0.884765625 0.5361328125 0.08984375 0.064453125
0 0.982421875 0.4501953125 0.03515625 0.072265625
0 0.931640625 0.419921875 0.0234375 0.02734375
0 0.9130859375 0.3916015625 0.044921875 0.041015625
0 0.37890625 0.375 0.04296875 0.04296875
0 0.845703125 0.3701171875 0.046875 0.044921875
0 0.4697265625 0.3564453125 0.044921875 0.033203125
0 0.365234375 0.3408203125 0.015625 0.021484375
0 0.279296875 0.3291015625 0.01953125 0.021484375
0 0.638671875 0.30859375 0.09375 0.03515625
0 0.3095703125 0.3251953125 0.052734375 0.068359375
0 0.9599609375 0.3154296875 0.044921875 0.056640625
0 0.755859375 0.298828125 0.03515625 0.03125
0 0.4326171875 0.2607421875 0.044921875 0.029296875
0 0.990234375 0.2568359375 0.01953125 0.025390625
0 0.9111328125 0.2607421875 0.064453125 0.052734375
0 0.1416015625 0.2626953125 0.091796875 0.060546875
0 0.9658203125 0.251953125 0.033203125 0.0546875
0 0.3818359375 0.2421875 0.044921875 0.03515625
0 0.5 0.240234375 0.0390625 0.04296875
0 0.8984375 0.2177734375 0.0234375 0.021484375
0 0.333984375 0.2236328125 0.03515625 0.041015625
0 0.8642578125 0.2041015625 0.025390625 0.021484375
0 0.5302734375 0.19921875 0.041015625 0.04296875
0 0.294921875 0.1962890625 0.04296875 0.037109375
0 0.060546875 0.1796875 0.0625 0.03515625
0 0.955078125 0.1787109375 0.0390625 0.048828125
0 0.7919921875 0.1748046875 0.052734375 0.048828125
0 0.4443359375 0.1669921875 0.041015625 0.041015625
0 0.2451171875 0.1640625 0.041015625 0.04296875
0 0.8203125 0.1279296875 0.0234375 0.025390625
0 0.9306640625 0.1171875 0.033203125 0.03515625
0 0.59765625 0.1123046875 0.0546875 0.041015625
0 0.1123046875 0.0908203125 0.041015625 0.048828125
0 0.8603515625 0.0859375 0.037109375 0.04296875
0 0.7822265625 0.080078125 0.037109375 0.03515625
0 0.302734375 0.080078125 0.04296875 0.05078125
0 0.197265625 0.0615234375 0.046875 0.041015625
0 0.4921875 0.0576171875 0.046875 0.056640625
0 0.125 0.0478515625 0.0546875 0.041015625
0 0.986328125 0.033203125 0.02734375 0.04296875
0 0.7431640625 0.0712890625 0.111328125 0.126953125
0 0.6826171875 0.005859375 0.017578125 0.01171875
0 0.65234375 0.0146484375 0.03515625 0.029296875
0 0.546875 0.005859375 0.0234375 0.01171875
0 0.36328125 0.0087890625 0.03125 0.017578125
0 0.0849609375 0.001953125 0.005859375 0.00390625
0 0.068359375 0.00390625 0.015625 0.0078125