0 0.1611328125 0.998046875 0.005859375 0.00390625
0 0.6943359375 0.990234375 0.064453125 0.01953125
0 0.796875 0.986328125 0.02734375 0.02734375
0 0.2470703125 0.9755859375 0.033203125 0.029296875
0 0.9208984375 0.9755859375 0.029296875 0.037109375
0 0.2138671875 0.9560546875 0.033203125 0.029296875
0 0.1689453125 0.951171875 0.033203125 0.02734375
0 0.005859375 0.947265625 0.01171875 0.0234375
0 0.3232421875 0.9306640625 0.033203125 0.033203125
0 0.404296875 0.9267578125 0.08203125 0.060546875
0 0.2802734375 0.9033203125 0.041015625 0.037109375
0 0.439453125 0.9111328125 0.07421875 0.072265625
0 0.2373046875 0.873046875 0.056640625 0.03125
0 0.9365234375 0.87109375 0.037109375 0.03125
0 0.744140625 0.8740234375 0.03125 0.041015625
0 0.169921875 0.8642578125 0.03125 0.025390625
0 0.3916015625 0.8603515625 0.033203125 0.037109375
0 0.5 0.845703125 0.046875 0.04296875
0 0.0595703125 0.8427734375 0.025390625 0.048828125
0 0.685546875 0.8330078125 0.05078125 0.033203125
0 0.337890625 0.8203125 0.02734375 0.0234375
0 0.6220703125 0.8291015625 0.052734375 0.044921875
0 0.4716796875 0.81640625 0.041015625 0.04296875
0 0.3154296875 0.794921875 0.033203125 0.0390625
0 0.2109375 0.7646484375 0.01953125 0.021484375
0 0.03515625 0.765625 0.046875 0.02734375
0 0.87890625 0.7607421875 0.0390625 0.037109375
0 0.15234375 0.7431640625 0.01953125 0.021484375
0 0.0888671875 0.7431640625 0.044921875 0.037109375
0 0.2412109375 0.73046875 0.052734375 0.03125
0 0.1298828125 0.7216796875 0.029296875 0.025390625
0 0.16796875 0.705078125 0.0390625 0.02734375
0 0.015625 0.689453125 0.03125 0.01953125
0 0.41796875 0.6982421875 0.04296875 0.044921875
0 0.2099609375 0.6845703125 0.029296875 0.025390625
0 0.052734375 0.673828125 0.02734375 0.02734375
0 0.26171875 0.6640625 0.0390625 0.03515625
0 0.0947265625 0.6552734375 0.029296875 0.025390625
0 0.1337890625 0.634765625 0.033203125 0.02734375
0 0.9609375 0.6455078125 0.078125 0.087890625
0 0.1796875 0.611328125 0.03515625 0.02734375
0 0.1083984375 0.60546875 0.013671875 0.015625
0 0.0146484375 0.591796875 0.029296875 0.02734375
0 0.228515625 0.587890625 0.0234375 0.03515625
0 0.0478515625 0.572265625 0.029296875 0.02734375
0 0.6181640625 0.552734375 0.029296875 0.0390625
0 0.0908203125 0.5458984375 0.029296875 0.025390625
0 0.193359375 0.5400390625 0.015625 0.017578125
0 0.22265625 0.5439453125 0.01953125 0.029296875
0 0.1201171875 0.53125 0.029296875 0.02734375
0 0.9951171875 0.5234375 0.009765625 0.0234375
0 0.7138671875 0.556640625 0.103515625 0.1015625
0 0.1650390625 0.5029296875 0.033203125 0.029296875
0 0.9716796875 0.501953125 0.033203125 0.03515625
0 0.21484375 0.4990234375 0.02734375 0.033203125
0 0.609375 0.4873046875 0.02734375 0.041015625
0 0.4990234375 0.5009765625 0.068359375 0.091796875
0 0.9189453125 0.46875 0.068359375 0.07421875
0 0.8330078125 0.4267578125 0.080078125 0.087890625
0 0.7451171875 0.4130859375 0.048828125 0.060546875
0 0.552734375 0.3740234375 0.0390625 0.029296875
0 0.3427734375 0.3701171875 0.072265625 0.033203125
0 0.0087890625 0.32421875 0.017578125 0.0234375
0 0.177734375 0.3125 0.09375 0.05078125
0 0.5322265625 0.2890625 0.041015625 0.0234375
0 0.6005859375 0.28125 0.013671875 0.015625
0 0.998046875 0.2783203125 0.00390625 0.013671875
0 0.9375 0.2783203125 0.01171875 0.013671875
0 0.09765625 0.2998046875 0.06640625 0.056640625
0 0.9765625 0.2490234375 0.01953125 0.021484375
0 0.9443359375 0.248046875 0.021484375 0.01953125
0 0.912109375 0.248046875 0.0234375 0.01953125
0 0.8427734375 0.251953125 0.021484375 0.02734375
0 0.8798828125 0.25 0.017578125 0.02734375
0 0.7783203125 0.2509765625 0.021484375 0.029296875
0 0.7431640625 0.251953125 0.025390625 0.03125
0 0.6748046875 0.2490234375 0.021484375 0.025390625
0 0.8115234375 0.25 0.017578125 0.03125
0 0.7080078125 0.25 0.021484375 0.03125
0 0.609375 0.25 0.0234375 0.03125
0 0.5791015625 0.25 0.025390625 0.03125
0 0.6435546875 0.24609375 0.021484375 0.03515625
0 0.88671875 0.1650390625 0.02734375 0.025390625
0 0.1689453125 0.189453125 0.087890625 0.07421875
0 0.919921875 0.1640625 0.02734375 0.02734375
0 0.830078125 0.1640625 0.0234375 0.02734375
0 0.9541015625 0.1630859375 0.029296875 0.029296875
0 0.6474609375 0.1611328125 0.021484375 0.025390625
0 0.68359375 0.16015625 0.01953125 0.03125
0 0.53515625 0.1591796875 0.02734375 0.037109375
0 0.3505859375 0.1943359375 0.076171875 0.107421875
0 0.283203125 0.1669921875 0.078125 0.068359375
0 0.8427734375 0.13671875 0.025390625 0.02734375
0 0.5595703125 0.1328125 0.033203125 0.03125
0 0.9697265625 0.115234375 0.033203125 0.03125
0 0.91015625 0.1064453125 0.01953125 0.017578125
0 0.85546875 0.109375 0.0234375 0.02734375
0 0.5771484375 0.1064453125 0.033203125 0.025390625
0 0.201171875 0.119140625 0.05078125 0.05859375
0 0.9375 0.0869140625 0.01953125 0.021484375
0 0.880859375 0.0810546875 0.03125 0.029296875
0 0.984375 0.0771484375 0.03125 0.037109375
0 0.94140625 0.0546875 0.015625 0.015625
0 0.3056640625 0.0615234375 0.033203125 0.037109375
0 0.3486328125 0.0693359375 0.041015625 0.056640625
0 0.8994140625 0.052734375 0.037109375 0.03125
0 0.3994140625 0.0791015625 0.068359375 0.083984375
0 0.7919921875 0.0517578125 0.033203125 0.033203125
0 0.05859375 0.060546875 0.046875 0.05859375
0 0.91796875 0.029296875 0.03515625 0.03125
0 0.2529296875 0.0361328125 0.044921875 0.044921875
0 0.8134765625 0.0234375 0.037109375 0.03515625
0 0.98828125 0.013671875 0.0234375 0.0234375
0 0.9619140625 0.005859375 0.021484375 0.01171875
0 0.9345703125 0.0048828125 0.017578125 0.009765625
0 0.8359375 0.0048828125 0.01953125 0.009765625
0 0.5830078125 0.009765625 0.037109375 0.01953125
0 0.5107421875 0.0966796875 0.119140625 0.193359375
0 0.4150390625 0.0126953125 0.080078125 0.025390625
0 0.2978515625 0.001953125 0.005859375 0.00390625
0 0.2880859375 0.001953125 0.005859375 0.00390625