0 0.048828125 0.365234375 0.02734375 0.03515625
0 0.0126953125 0.3544921875 0.025390625 0.052734375
0 0.1298828125 0.302734375 0.033203125 0.03515625
0 0.1748046875 0.2568359375 0.041015625 0.037109375
0 0.07421875 0.2421875 0.04296875 0.04296875
0 0.23828125 0.197265625 0.0390625 0.0390625
0 0.14453125 0.169921875 0.046875 0.046875
0 0.91015625 0.1220703125 0.03125 0.021484375
0 0.8583984375 0.12109375 0.017578125 0.01953125
0 0.2958984375 0.13671875 0.048828125 0.05078125
0 0.1923828125 0.1220703125 0.041015625 0.037109375
0 0.953125 0.1123046875 0.03125 0.021484375
0 0.826171875 0.1142578125 0.03125 0.029296875
0 0.9873046875 0.1015625 0.025390625 0.03125
0 0.783203125 0.1005859375 0.03125 0.029296875
0 0.3291015625 0.0986328125 0.041015625 0.041015625
0 0.7412109375 0.087890625 0.033203125 0.0234375
0 0.69921875 0.087890625 0.03125 0.0234375
0 0.6416015625 0.087890625 0.033203125 0.0234375
0 0.5751953125 0.0888671875 0.044921875 0.029296875
0 0.525390625 0.072265625 0.03125 0.02734375
0 0.4853515625 0.0615234375 0.033203125 0.025390625
0 0.4296875 0.0634765625 0.046875 0.037109375
0 0.3720703125 0.0615234375 0.037109375 0.037109375
0 0.251953125 0.0595703125 0.0390625 0.037109375
0 0.8701171875 0.037109375 0.025390625 0.02734375
0 0.013671875 0.0537109375 0.02734375 0.068359375
0 0.837890625 0.0283203125 0.03515625 0.033203125
0 0.9560546875 0.0234375 0.033203125 0.03125
0 0.798828125 0.017578125 0.02734375 0.0234375
0 0.986328125 0.0087890625 0.0234375 0.017578125
0 0.76953125 0.0068359375 0.03125 0.013671875
0 0.65234375 0.0087890625 0.01953125 0.017578125
0 0.6103515625 0.0078125 0.029296875 0.015625
0 0.3134765625 0.0078125 0.029296875 0.015625