0 0.83984375 0.9931640625 0.0234375 0.013671875
0 0.5380859375 0.9921875 0.025390625 0.015625
0 0.669921875 0.990234375 0.0234375 0.01953125
0 0.998046875 0.984375 0.00390625 0.01171875
0 0.1396484375 0.9873046875 0.044921875 0.025390625
0 0.751953125 0.982421875 0.0234375 0.02734375
0 0.31640625 0.96484375 0.04296875 0.03125
0 0.0673828125 0.9677734375 0.056640625 0.037109375
0 0.56640625 0.9599609375 0.0234375 0.029296875
0 0.013671875 0.9638671875 0.02734375 0.037109375
0 0.9208984375 0.9560546875 0.041015625 0.029296875
0 0.822265625 0.9580078125 0.03125 0.037109375
0 0.58984375 0.9365234375 0.03515625 0.025390625
0 0.4755859375 0.939453125 0.033203125 0.03515625
0 0.73046875 0.93359375 0.0234375 0.02734375
0 0.2490234375 0.931640625 0.048828125 0.0390625
0 0.6318359375 0.9189453125 0.033203125 0.033203125
0 0.96484375 0.9169921875 0.03125 0.037109375
0 0.814453125 0.9150390625 0.01953125 0.033203125
0 0.9013671875 0.916015625 0.017578125 0.0390625
0 0.1982421875 0.9111328125 0.044921875 0.033203125
0 0.505859375 0.8974609375 0.03515625 0.029296875
0 0.712890625 0.888671875 0.0234375 0.02734375
0 0.1318359375 0.8837890625 0.056640625 0.037109375
0 0.0634765625 0.875 0.044921875 0.03125
0 0.8876953125 0.875 0.025390625 0.03515625
0 0.009765625 0.873046875 0.01953125 0.03125
0 0.8046875 0.869140625 0.0234375 0.03515625
0 0.5361328125 0.865234375 0.041015625 0.03125
0 0.7041015625 0.849609375 0.021484375 0.0234375
0 0.587890625 0.8359375 0.03515625 0.03125
0 0.8974609375 0.8330078125 0.025390625 0.029296875
0 0.2861328125 0.837890625 0.025390625 0.0390625
0 0.974609375 0.830078125 0.03125 0.03125
0 0.8017578125 0.818359375 0.033203125 0.03515625
0 0.197265625 0.8076171875 0.046875 0.029296875
0 0.67578125 0.8037109375 0.0390625 0.041015625
0 0.576171875 0.7998046875 0.03515625 0.037109375
0 0.140625 0.794921875 0.046875 0.03125
0 0.916015625 0.78515625 0.0234375 0.02734375
0 0.982421875 0.7841796875 0.0234375 0.037109375
0 0.0810546875 0.783203125 0.041015625 0.03515625
0 0.03125 0.77734375 0.0390625 0.0390625
0 0.6533203125 0.767578125 0.033203125 0.02734375
0 0.8056640625 0.7666015625 0.029296875 0.029296875
0 0.2958984375 0.7724609375 0.029296875 0.041015625
0 0.548828125 0.767578125 0.03125 0.0390625
0 0.982421875 0.73828125 0.02734375 0.0390625
0 0.6318359375 0.73046875 0.025390625 0.0234375
0 0.166015625 0.7353515625 0.0390625 0.037109375
0 0.8544921875 0.728515625 0.060546875 0.03125
0 0.7158203125 0.7060546875 0.037109375 0.029296875
0 0.259765625 0.7099609375 0.04296875 0.037109375
0 0.11328125 0.705078125 0.0546875 0.05078125
0 0.9697265625 0.69140625 0.037109375 0.03515625
0 0.609375 0.6904296875 0.04296875 0.033203125
0 0.931640625 0.6689453125 0.02734375 0.029296875
0 0.2236328125 0.6689453125 0.048828125 0.041015625
0 0.072265625 0.6767578125 0.046875 0.056640625
0 0.75 0.6640625 0.04296875 0.0390625
0 0.890625 0.6435546875 0.0390625 0.033203125
0 0.0224609375 0.6474609375 0.044921875 0.044921875
0 0.6484375 0.6298828125 0.0390625 0.033203125
0 0.78125 0.623046875 0.02734375 0.03125
0 0.173828125 0.6298828125 0.0546875 0.048828125
0 0.85546875 0.6171875 0.03515625 0.03125
0 0.671875 0.60546875 0.0390625 0.046875
0 0.994140625 0.587890625 0.01171875 0.0234375
0 0.1240234375 0.5986328125 0.052734375 0.044921875
0 0.9619140625 0.5869140625 0.041015625 0.033203125
0 0.80859375 0.5810546875 0.03125 0.029296875
0 0.697265625 0.572265625 0.02734375 0.03515625
0 0.0712890625 0.564453125 0.048828125 0.03515625
0 0.9150390625 0.5615234375 0.037109375 0.033203125
0 0.013671875 0.5556640625 0.02734375 0.033203125
0 0.73046875 0.5361328125 0.02734375 0.037109375
0 0.8818359375 0.5341796875 0.029296875 0.037109375
0 0.845703125 0.5078125 0.0390625 0.0390625
0 0.6904296875 0.5029296875 0.037109375 0.033203125
0 0.8662109375 0.455078125 0.041015625 0.04296875
0 0.76953125 0.4443359375 0.046875 0.044921875
0 0.724609375 0.421875 0.0390625 0.0390625
0 0.8857421875 0.4140625 0.044921875 0.03515625
0 0.9765625 0.4072265625 0.046875 0.044921875
0 0.775390625 0.3857421875 0.046875 0.037109375
0 0.802734375 0.3447265625 0.0390625 0.048828125
0 0.2314453125 0.1318359375 0.025390625 0.025390625
0 0.083984375 0.1259765625 0.0234375 0.033203125
0 0.1572265625 0.099609375 0.060546875 0.05859375