0 0.5234375 0.998046875 0.00390625 0.00390625
0 0.5400390625 0.99609375 0.013671875 0.0078125
0 0.0498046875 0.990234375 0.025390625 0.01953125
0 0.2861328125 0.9833984375 0.044921875 0.033203125
0 0.099609375 0.9619140625 0.0390625 0.037109375
0 0.673828125 0.9638671875 0.125 0.072265625
0 0.19140625 0.9453125 0.0390625 0.0390625
0 0.3310546875 0.9443359375 0.041015625 0.048828125
0 0.216796875 0.919921875 0.01953125 0.0234375
0 0.734375 0.927734375 0.046875 0.0546875
0 0.7626953125 0.9091796875 0.037109375 0.037109375
0 0.810546875 0.9091796875 0.04296875 0.052734375
0 0.2431640625 0.8876953125 0.037109375 0.037109375
0 0.0830078125 0.8857421875 0.029296875 0.037109375
0 0.8955078125 0.904296875 0.111328125 0.08203125
0 0.4384765625 0.8740234375 0.041015625 0.029296875
0 0.3203125 0.861328125 0.03515625 0.0390625
0 0.16796875 0.8564453125 0.02734375 0.033203125
0 0.2626953125 0.84765625 0.033203125 0.0390625
0 0.0478515625 0.83984375 0.033203125 0.02734375
0 0.0146484375 0.814453125 0.029296875 0.0234375
0 0.453125 0.81640625 0.0625 0.0546875
0 0.1572265625 0.7919921875 0.025390625 0.025390625
0 0.6171875 0.8095703125 0.04296875 0.064453125
0 0.3583984375 0.7958984375 0.029296875 0.048828125
0 0.2880859375 0.7919921875 0.029296875 0.048828125
0 0.447265625 0.767578125 0.01953125 0.0234375
0 0.544921875 0.76953125 0.0390625 0.03515625
0 0.677734375 0.7783203125 0.06640625 0.064453125
0 0.853515625 0.7529296875 0.05078125 0.041015625
0 0.3369140625 0.7451171875 0.029296875 0.033203125
0 0.8193359375 0.751953125 0.021484375 0.05078125
0 0.1435546875 0.7509765625 0.037109375 0.048828125
0 0.5556640625 0.734375 0.017578125 0.01953125
0 0.453125 0.734375 0.02734375 0.0234375
0 0.3740234375 0.7353515625 0.021484375 0.025390625
0 0.19921875 0.73046875 0.0234375 0.02734375
0 0.0634765625 0.7353515625 0.068359375 0.048828125
0 0.779296875 0.740234375 0.0546875 0.0859375
0 0.4521484375 0.7021484375 0.021484375 0.025390625
0 0.201171875 0.6904296875 0.03125 0.025390625
0 0.978515625 0.7021484375 0.04296875 0.052734375
0 0.375 0.6875 0.0234375 0.02734375
0 0.6923828125 0.677734375 0.025390625 0.02734375
0 0.60546875 0.681640625 0.03125 0.0390625
0 0.314453125 0.6865234375 0.03515625 0.048828125
0 0.455078125 0.6669921875 0.0390625 0.025390625
0 0.3662109375 0.6474609375 0.029296875 0.033203125
0 0.201171875 0.6474609375 0.0390625 0.041015625
0 0.4423828125 0.6328125 0.037109375 0.0234375
0 0.0771484375 0.638671875 0.041015625 0.03515625
0 0.2958984375 0.6357421875 0.044921875 0.037109375
0 0.3564453125 0.6044921875 0.033203125 0.029296875
0 0.435546875 0.6015625 0.03515625 0.03125
0 0.8408203125 0.6171875 0.052734375 0.07421875
0 0.1669921875 0.5908203125 0.029296875 0.029296875
0 0.099609375 0.583984375 0.0390625 0.0390625
0 0.2626953125 0.5791015625 0.033203125 0.033203125
0 0.998046875 0.5625 0.00390625 0.00390625
0 0.4248046875 0.5712890625 0.037109375 0.033203125
0 0.3427734375 0.5625 0.025390625 0.03125
0 0.05078125 0.5595703125 0.03125 0.025390625
0 0.412109375 0.5400390625 0.03515625 0.033203125
0 0.21484375 0.5390625 0.03515625 0.03515625
0 0.3115234375 0.537109375 0.048828125 0.0390625
0 0.9501953125 0.509765625 0.037109375 0.02734375
0 0.177734375 0.513671875 0.04296875 0.0390625
0 0.8681640625 0.5048828125 0.029296875 0.025390625
0 0.400390625 0.5078125 0.046875 0.04296875
0 0.291015625 0.5 0.03125 0.0390625
0 0.1279296875 0.486328125 0.033203125 0.03515625
0 0.0068359375 0.4765625 0.013671875 0.01953125
0 0.9521484375 0.4755859375 0.037109375 0.021484375
0 0.068359375 0.478515625 0.03515625 0.03125
0 0.3798828125 0.4775390625 0.044921875 0.041015625
0 0.263671875 0.47265625 0.03125 0.03125
0 0.8701171875 0.4677734375 0.029296875 0.025390625
0 0.955078125 0.4384765625 0.03515625 0.021484375
0 0.2265625 0.4482421875 0.03125 0.041015625
0 0.873046875 0.4267578125 0.03125 0.029296875
0 0.6982421875 0.4345703125 0.044921875 0.052734375
0 0.32421875 0.4267578125 0.03515625 0.037109375
0 0.1875 0.4248046875 0.0390625 0.037109375
0 0.0908203125 0.4140625 0.029296875 0.02734375
0 0.80078125 0.4072265625 0.04296875 0.021484375
0 0.14453125 0.4111328125 0.0390625 0.037109375
0 0.9462890625 0.4013671875 0.025390625 0.021484375
0 0.0126953125 0.3876953125 0.025390625 0.025390625
0 0.8759765625 0.38671875 0.033203125 0.02734375
0 0.05078125 0.3916015625 0.02734375 0.037109375
0 0.99609375 0.376953125 0.0078125 0.01953125
0 0.9501953125 0.373046875 0.025390625 0.0234375
0 0.9873046875 0.353515625 0.017578125 0.01953125
0 0.951171875 0.345703125 0.02734375 0.01953125
0 0.8798828125 0.34765625 0.029296875 0.03125
0 0.2900390625 0.34765625 0.025390625 0.03125
0 0.677734375 0.34765625 0.03515625 0.0546875
0 0.1611328125 0.33203125 0.041015625 0.0234375
0 0.1044921875 0.326171875 0.033203125 0.0234375
0 0.8095703125 0.3349609375 0.021484375 0.044921875
0 0.244140625 0.3212890625 0.0390625 0.021484375
0 0.7744140625 0.3232421875 0.029296875 0.037109375
0 0.052734375 0.314453125 0.03125 0.01953125
0 0.3447265625 0.3466796875 0.076171875 0.099609375
0 0.986328125 0.2861328125 0.02734375 0.037109375
0 0.9560546875 0.28515625 0.021484375 0.03515625
0 0.9296875 0.28125 0.0234375 0.03125
0 0.89453125 0.2763671875 0.02734375 0.021484375
0 0.8642578125 0.267578125 0.021484375 0.03125
0 0.1142578125 0.275390625 0.099609375 0.0546875
0 0.0234375 0.263671875 0.046875 0.04296875
0 0.2666015625 0.267578125 0.099609375 0.0546875
0 0.7197265625 0.2431640625 0.029296875 0.025390625
0 0.7724609375 0.24609375 0.033203125 0.03515625
0 0.822265625 0.2470703125 0.0390625 0.041015625
0 0.724609375 0.2080078125 0.03125 0.025390625
0 0.962890625 0.2080078125 0.0234375 0.033203125
0 0.9306640625 0.201171875 0.025390625 0.0234375
0 0.9912109375 0.205078125 0.017578125 0.03515625
0 0.8955078125 0.1943359375 0.025390625 0.021484375
0 0.86328125 0.1884765625 0.02734375 0.025390625
0 0.8291015625 0.1826171875 0.029296875 0.021484375
0 0.7578125 0.1865234375 0.03125 0.029296875
0 0.79296875 0.181640625 0.03125 0.02734375
0 0.9521484375 0.1357421875 0.025390625 0.033203125
0 0.8857421875 0.130859375 0.025390625 0.0234375
0 0.9873046875 0.1328125 0.025390625 0.03515625
0 0.8544921875 0.1240234375 0.025390625 0.021484375
0 0.7451171875 0.123046875 0.033203125 0.02734375
0 0.921875 0.1259765625 0.0234375 0.037109375
0 0.7802734375 0.1123046875 0.029296875 0.021484375
0 0.81640625 0.109375 0.02734375 0.01953125
0 0.578125 0.130859375 0.05078125 0.0625
0 0.642578125 0.1015625 0.1640625 0.14453125
0 0.927734375 0.0263671875 0.06640625 0.052734375
0 0.798828125 0.0263671875 0.16015625 0.052734375
0 0.640625 0.025390625 0.109375 0.05078125