0 0.5888671875 0.9970703125 0.017578125 0.005859375
0 0.953125 0.994140625 0.015625 0.01171875
0 0.025390625 0.994140625 0.03125 0.01171875
0 0.90234375 0.990234375 0.04296875 0.01953125
0 0.5419921875 0.990234375 0.037109375 0.01953125
0 0.85546875 0.9873046875 0.0390625 0.025390625
0 0.001953125 0.98046875 0.00390625 0.01171875
0 0.490234375 0.982421875 0.046875 0.03515625
0 0.43359375 0.9658203125 0.046875 0.033203125
0 0.171875 0.953125 0.04296875 0.03125
0 0.6806640625 0.9384765625 0.025390625 0.025390625
0 0.302734375 0.9560546875 0.05078125 0.076171875
0 0.640625 0.927734375 0.03125 0.02734375
0 0.755859375 0.9384765625 0.03125 0.052734375
0 0.0908203125 0.9267578125 0.029296875 0.029296875
0 0.05859375 0.916015625 0.03125 0.03515625
0 0.5947265625 0.912109375 0.033203125 0.03515625
0 0.107421875 0.892578125 0.015625 0.015625
0 0.0146484375 0.8984375 0.029296875 0.02734375
0 0.560546875 0.8974609375 0.0390625 0.044921875
0 0.458984375 0.896484375 0.03515625 0.04296875
0 0.35546875 0.89453125 0.05078125 0.046875
0 0.2529296875 0.865234375 0.041015625 0.0234375
0 0.18359375 0.8349609375 0.0234375 0.025390625
0 0.53125 0.826171875 0.0234375 0.02734375
0 0.0224609375 0.8330078125 0.044921875 0.041015625
0 0.9150390625 0.83203125 0.044921875 0.04296875
0 0.794921875 0.8154296875 0.0234375 0.017578125
0 0.138671875 0.8251953125 0.03515625 0.037109375
0 0.4873046875 0.822265625 0.029296875 0.03515625
0 0.380859375 0.826171875 0.0390625 0.05078125
0 0.0947265625 0.8095703125 0.041015625 0.025390625
0 0.85546875 0.8037109375 0.05078125 0.025390625
0 0.3388671875 0.8134765625 0.037109375 0.048828125
0 0.7412109375 0.8017578125 0.056640625 0.037109375
0 0.0263671875 0.7861328125 0.041015625 0.033203125
0 0.6845703125 0.783203125 0.033203125 0.03125
0 0.50390625 0.77734375 0.04296875 0.03515625
0 0.1953125 0.763671875 0.01953125 0.01953125
0 0.6162109375 0.7685546875 0.033203125 0.033203125
0 0.255859375 0.7685546875 0.0625 0.056640625
0 0.1611328125 0.7392578125 0.029296875 0.033203125
0 0.1220703125 0.73046875 0.029296875 0.02734375
0 0.5693359375 0.734375 0.037109375 0.0390625
0 0.5244140625 0.7216796875 0.029296875 0.048828125
0 0.4150390625 0.7236328125 0.041015625 0.056640625
0 0.8828125 0.705078125 0.03125 0.03125
0 0.826171875 0.703125 0.02734375 0.02734375
0 0.0595703125 0.7080078125 0.037109375 0.041015625
0 0.3603515625 0.701171875 0.044921875 0.0390625
0 0.298828125 0.7021484375 0.05078125 0.041015625
0 0.775390625 0.68359375 0.0390625 0.04296875
0 0.130859375 0.6708984375 0.05078125 0.029296875
0 0.724609375 0.66796875 0.03515625 0.03515625
0 0.6337890625 0.6533203125 0.041015625 0.041015625
0 0.068359375 0.6513671875 0.0546875 0.037109375
0 0.1875 0.6435546875 0.046875 0.048828125
0 0.5517578125 0.6318359375 0.037109375 0.033203125
0 0.884765625 0.6279296875 0.04296875 0.033203125
0 0.3828125 0.6142578125 0.05859375 0.048828125
0 0.2578125 0.572265625 0.01953125 0.01171875
0 0.185546875 0.5849609375 0.046875 0.041015625
0 0.296875 0.5791015625 0.05078125 0.041015625
0 0.8974609375 0.5517578125 0.025390625 0.025390625
0 0.822265625 0.5478515625 0.01953125 0.017578125
0 0.74609375 0.546875 0.02734375 0.01953125
0 0.1025390625 0.560546875 0.033203125 0.05078125
0 0.60546875 0.5546875 0.05078125 0.046875
0 0.9970703125 0.5390625 0.005859375 0.02734375
0 0.66796875 0.5205078125 0.03515625 0.025390625
0 0.892578125 0.509765625 0.03515625 0.0234375
0 0.84375 0.50390625 0.0234375 0.015625
0 0.0048828125 0.5009765625 0.009765625 0.025390625
0 0.4453125 0.51953125 0.04296875 0.06640625
0 0.9931640625 0.4970703125 0.013671875 0.025390625
0 0.1884765625 0.4990234375 0.033203125 0.041015625
0 0.1279296875 0.49609375 0.048828125 0.05078125
0 0.9912109375 0.4580078125 0.017578125 0.021484375
0 0.021484375 0.4580078125 0.02734375 0.029296875
0 0.462890625 0.451171875 0.03515625 0.03515625
0 0.626953125 0.447265625 0.046875 0.03125
0 0.3955078125 0.4326171875 0.021484375 0.021484375
0 0.990234375 0.42578125 0.01953125 0.02734375
0 0.1474609375 0.4296875 0.044921875 0.03515625
0 0.26953125 0.431640625 0.03515625 0.04296875
0 0.90625 0.41796875 0.0234375 0.02734375
0 0.3203125 0.4130859375 0.03125 0.037109375
0 0.859375 0.40625 0.03125 0.03515625
0 0.80078125 0.390625 0.03125 0.03125
0 0.7138671875 0.3857421875 0.056640625 0.037109375
0 0.9462890625 0.3583984375 0.021484375 0.017578125
0 0.015625 0.3564453125 0.03125 0.025390625
0 0.048828125 0.349609375 0.01953125 0.01953125
0 0.53125 0.333984375 0.02734375 0.05859375
0 0.0869140625 0.3203125 0.041015625 0.0390625
0 0.3525390625 0.31640625 0.041015625 0.05078125
0 0.259765625 0.3134765625 0.078125 0.044921875
0 0.9345703125 0.3046875 0.041015625 0.03125
0 0.865234375 0.302734375 0.03515625 0.02734375
0 0.4501953125 0.3232421875 0.044921875 0.072265625
0 0.8017578125 0.3017578125 0.025390625 0.033203125
0 0.9912109375 0.2890625 0.017578125 0.0234375
0 0.01953125 0.2880859375 0.0234375 0.025390625
0 0.7431640625 0.2763671875 0.048828125 0.041015625
0 0.103515625 0.2373046875 0.03515625 0.044921875
0 0.015625 0.224609375 0.02734375 0.02734375
0 0.5576171875 0.2099609375 0.041015625 0.052734375
0 0.5009765625 0.19140625 0.025390625 0.02734375
0 0.404296875 0.1728515625 0.046875 0.044921875
0 0.9912109375 0.162109375 0.017578125 0.0390625
0 0.8837890625 0.1572265625 0.048828125 0.037109375
0 0.2529296875 0.14453125 0.037109375 0.03515625
0 0.3154296875 0.123046875 0.033203125 0.0234375
0 0.4130859375 0.119140625 0.029296875 0.01953125
0 0.125 0.109375 0.03125 0.03125
0 0.7353515625 0.11328125 0.048828125 0.04296875
0 0.5615234375 0.1123046875 0.080078125 0.052734375
0 0.4638671875 0.0830078125 0.044921875 0.033203125
0 0.2587890625 0.072265625 0.044921875 0.03125
0 0.138671875 0.0703125 0.0234375 0.03125
0 0.689453125 0.0703125 0.0390625 0.04296875
0 0.9912109375 0.0693359375 0.017578125 0.044921875
0 0.3681640625 0.0634765625 0.037109375 0.033203125
0 0.763671875 0.0576171875 0.015625 0.025390625
0 0.30859375 0.044921875 0.04296875 0.0234375
0 0.765625 0.033203125 0.0234375 0.015625
0 0.2607421875 0.025390625 0.033203125 0.0234375
0 0.849609375 0.02734375 0.02734375 0.0390625
0 0.9326171875 0.0078125 0.025390625 0.015625
0 0.6806640625 0.009765625 0.025390625 0.01953125
0 0.583984375 0.017578125 0.03125 0.03515625
0 0.48828125 0.005859375 0.015625 0.01171875
0 0.1318359375 0.0166015625 0.029296875 0.033203125