0 0.1103515625 0.99609375 0.017578125 0.0078125
0 0.9267578125 0.9921875 0.025390625 0.015625
0 0.392578125 0.9755859375 0.0625 0.048828125
0 0.95703125 0.9462890625 0.03125 0.033203125
0 0.1376953125 0.9453125 0.025390625 0.03125
0 0.01171875 0.9541015625 0.0234375 0.052734375
0 0.802734375 0.890625 0.03515625 0.04296875
0 0.2451171875 0.8837890625 0.037109375 0.041015625
0 0.1572265625 0.8837890625 0.033203125 0.041015625
0 0.59765625 0.8984375 0.05078125 0.07421875
0 0.9482421875 0.869140625 0.025390625 0.03125
0 0.01953125 0.8603515625 0.0390625 0.041015625
0 0.12890625 0.7919921875 0.0234375 0.021484375
0 0.076171875 0.7783203125 0.02734375 0.037109375
0 0.41015625 0.7607421875 0.05859375 0.044921875
0 0.0380859375 0.7333984375 0.052734375 0.048828125
0 0.0048828125 0.708984375 0.009765625 0.03125
0 0.330078125 0.705078125 0.05859375 0.06640625
0 0.7138671875 0.6611328125 0.041015625 0.068359375
0 0.6455078125 0.474609375 0.033203125 0.0546875
0 0.794921875 0.3994140625 0.0703125 0.048828125
0 0.61328125 0.4052734375 0.04296875 0.064453125
0 0.896484375 0.3759765625 0.046875 0.044921875
0 0.419921875 0.3515625 0.08984375 0.0625
0 0.7314453125 0.3251953125 0.041015625 0.037109375
0 0.8759765625 0.2685546875 0.056640625 0.041015625
0 0.478515625 0.2509765625 0.046875 0.041015625
0 0.716796875 0.234375 0.03125 0.0390625
0 0.994140625 0.216796875 0.01171875 0.0234375
0 0.0126953125 0.21484375 0.025390625 0.02734375
0 0.404296875 0.21875 0.0546875 0.04296875
0 0.3232421875 0.208984375 0.044921875 0.05078125
0 0.2216796875 0.1689453125 0.044921875 0.037109375
0 0.611328125 0.173828125 0.046875 0.05078125
0 0.154296875 0.158203125 0.04296875 0.0390625
0 0.755859375 0.1474609375 0.04296875 0.064453125
0 0.05859375 0.1201171875 0.046875 0.041015625
0 0.361328125 0.1171875 0.0390625 0.046875
0 0.4111328125 0.115234375 0.037109375 0.05078125
0 0.2626953125 0.0908203125 0.052734375 0.037109375
0 0.150390625 0.0732421875 0.0625 0.037109375
0 0.4775390625 0.05078125 0.056640625 0.05859375
0 0.666015625 0.0146484375 0.06640625 0.029296875
0 0.501953125 0.005859375 0.01953125 0.01171875
0 0.4013671875 0.013671875 0.044921875 0.02734375
0 0.3291015625 0.013671875 0.033203125 0.02734375