0 0.6103515625 0.998046875 0.029296875 0.00390625
0 0.9873046875 0.9921875 0.025390625 0.015625
0 0.65234375 0.9921875 0.01953125 0.015625
0 0.7724609375 0.990234375 0.033203125 0.01953125
0 0.3193359375 0.9892578125 0.037109375 0.021484375
0 0.4951171875 0.9853515625 0.029296875 0.021484375
0 0.73828125 0.97265625 0.02734375 0.0234375
0 0.453125 0.96875 0.03515625 0.03515625
0 0.5419921875 0.962890625 0.033203125 0.03125
0 0.3515625 0.9619140625 0.0390625 0.037109375
0 0.712890625 0.94140625 0.03515625 0.03515625
0 0.57421875 0.9326171875 0.03515625 0.025390625
0 0.490234375 0.9306640625 0.04296875 0.041015625
0 0.3876953125 0.9267578125 0.037109375 0.037109375
0 0.6689453125 0.91796875 0.029296875 0.02734375
0 0.9853515625 0.904296875 0.029296875 0.02734375
0 0.9208984375 0.8974609375 0.033203125 0.025390625
0 0.625 0.8984375 0.01953125 0.02734375
0 0.529296875 0.8896484375 0.03515625 0.037109375
0 0.4267578125 0.888671875 0.033203125 0.03515625
0 0.2412109375 0.892578125 0.068359375 0.07421875
0 0.7607421875 0.87109375 0.080078125 0.0546875
0 0.0380859375 0.8740234375 0.076171875 0.064453125
0 0.4638671875 0.8515625 0.037109375 0.0390625
0 0.572265625 0.84765625 0.03515625 0.03515625
0 0.6640625 0.837890625 0.0390625 0.046875
0 0.169921875 0.837890625 0.07421875 0.0703125
0 0.607421875 0.814453125 0.03515625 0.03515625
0 0.4853515625 0.80859375 0.033203125 0.03125
0 0.0068359375 0.8056640625 0.013671875 0.029296875
0 0.2509765625 0.802734375 0.033203125 0.02734375
0 0.9091796875 0.802734375 0.033203125 0.0390625
0 0.9580078125 0.79296875 0.033203125 0.02734375
0 0.9912109375 0.7841796875 0.017578125 0.029296875
0 0.05078125 0.78515625 0.03515625 0.03125
0 0.6376953125 0.7822265625 0.037109375 0.037109375
0 0.8408203125 0.791015625 0.052734375 0.078125
0 0.453125 0.74609375 0.0234375 0.0234375
0 0.552734375 0.75 0.03515625 0.0390625
0 0.779296875 0.7666015625 0.05078125 0.080078125
0 0.3544921875 0.7783203125 0.091796875 0.107421875
0 0.5078125 0.7421875 0.0390625 0.0390625
0 0.6572265625 0.7353515625 0.033203125 0.033203125
0 0.7119140625 0.7177734375 0.033203125 0.029296875
0 0.072265625 0.7216796875 0.02734375 0.037109375
0 0.9970703125 0.7109375 0.005859375 0.02734375
0 0.97265625 0.7119140625 0.01953125 0.029296875
0 0.2177734375 0.7119140625 0.029296875 0.037109375
0 0.02734375 0.7216796875 0.04296875 0.060546875
0 0.9453125 0.7109375 0.02734375 0.04296875
0 0.8603515625 0.705078125 0.037109375 0.03515625
0 0.4541015625 0.7041015625 0.025390625 0.033203125
0 0.751953125 0.703125 0.03515625 0.03515625
0 0.9091796875 0.693359375 0.021484375 0.01953125
0 0.3212890625 0.68359375 0.037109375 0.02734375
0 0.2724609375 0.6787109375 0.037109375 0.029296875
0 0.978515625 0.638671875 0.03515625 0.02734375
0 0.8642578125 0.630859375 0.029296875 0.0234375
0 0.8994140625 0.6279296875 0.021484375 0.029296875
0 0.927734375 0.623046875 0.01953125 0.03125
0 0.658203125 0.6005859375 0.0234375 0.021484375
0 0.9951171875 0.59765625 0.009765625 0.01953125
0 0.9697265625 0.57421875 0.033203125 0.0390625
0 0.0546875 0.552734375 0.109375 0.02734375
0 0.7705078125 0.5751953125 0.087890625 0.099609375
0 0.943359375 0.544921875 0.03515625 0.04296875
0 0.27734375 0.546875 0.06640625 0.05078125
0 0.9892578125 0.4931640625 0.021484375 0.041015625
0 0.02734375 0.4443359375 0.0546875 0.064453125
0 0.080078125 0.4775390625 0.0546875 0.142578125
0 0.259765625 0.427734375 0.07421875 0.05078125
0 0.107421875 0.48046875 0.06640625 0.15625
0 0.142578125 0.4208984375 0.06640625 0.080078125
0 0.380859375 0.4189453125 0.10546875 0.080078125
0 0.8896484375 0.388671875 0.064453125 0.05859375
0 0.2158203125 0.34375 0.052734375 0.04296875
0 0.8232421875 0.3408203125 0.056640625 0.064453125
0 0.591796875 0.380859375 0.1328125 0.16015625
0 0.345703125 0.33203125 0.09765625 0.08203125
0 0.873046875 0.302734375 0.04296875 0.0703125
0 0.00390625 0.275390625 0.0078125 0.01953125
0 0.9482421875 0.3564453125 0.076171875 0.197265625
0 0.7744140625 0.2607421875 0.052734375 0.068359375
0 0.0087890625 0.2392578125 0.017578125 0.033203125
0 0.0166015625 0.203125 0.021484375 0.02734375
0 0.6435546875 0.2294921875 0.107421875 0.115234375
0 0.9677734375 0.193359375 0.064453125 0.0625
0 0.837890625 0.1806640625 0.0546875 0.083984375
0 0.0361328125 0.1484375 0.025390625 0.03125
0 0.896484375 0.171875 0.0703125 0.15234375
0 0.048828125 0.1123046875 0.0234375 0.037109375
0 0.953125 0.1142578125 0.09375 0.076171875
0 0.0732421875 0.0390625 0.025390625 0.03125
0 0.00390625 0.0205078125 0.0078125 0.017578125
0 0.0830078125 0.0078125 0.021484375 0.015625