0 0.01171875 0.98828125 0.0234375 0.0234375
0 0.115234375 0.9873046875 0.04296875 0.025390625
0 0.6787109375 0.982421875 0.056640625 0.03515625
0 0.9267578125 0.9814453125 0.033203125 0.037109375
0 0.1708984375 0.97265625 0.037109375 0.02734375
0 0.982421875 0.9580078125 0.03515625 0.033203125
0 0.806640625 0.9599609375 0.05859375 0.044921875
0 0.7333984375 0.9619140625 0.056640625 0.048828125
0 0.0888671875 0.9521484375 0.037109375 0.044921875
0 0.2265625 0.9462890625 0.03125 0.041015625
0 0.37109375 0.9248046875 0.04296875 0.025390625
0 0.12109375 0.9248046875 0.0390625 0.033203125
0 0.1591796875 0.91015625 0.041015625 0.03515625
0 0.3056640625 0.912109375 0.037109375 0.046875
0 0.4443359375 0.9013671875 0.037109375 0.033203125
0 0.5302734375 0.8984375 0.025390625 0.046875
0 0.1953125 0.892578125 0.03125 0.03515625
0 0.88671875 0.8876953125 0.04296875 0.037109375
0 0.2822265625 0.8701171875 0.029296875 0.037109375
0 0.41796875 0.861328125 0.03125 0.03125
0 0.6318359375 0.8671875 0.048828125 0.046875
0 0.05859375 0.853515625 0.02734375 0.03125
0 0.1103515625 0.8427734375 0.037109375 0.025390625
0 0.9677734375 0.8427734375 0.033203125 0.033203125
0 0.5107421875 0.8427734375 0.033203125 0.041015625
0 0.693359375 0.83984375 0.04296875 0.046875
0 0.37890625 0.826171875 0.03515625 0.0390625
0 0.2646484375 0.826171875 0.041015625 0.0390625
0 0.15234375 0.8203125 0.03515625 0.03515625
0 0.0615234375 0.8076171875 0.025390625 0.033203125
0 0.4892578125 0.8017578125 0.041015625 0.037109375
0 0.240234375 0.7880859375 0.04296875 0.037109375
0 0.3486328125 0.78515625 0.037109375 0.04296875
0 0.115234375 0.779296875 0.05859375 0.046875
0 0.4521484375 0.7705078125 0.033203125 0.033203125
0 0.0673828125 0.7587890625 0.037109375 0.037109375
0 0.201171875 0.74609375 0.046875 0.04296875
0 0.3212890625 0.7373046875 0.033203125 0.037109375
0 0.42578125 0.7353515625 0.03515625 0.037109375
0 0.876953125 0.73828125 0.04296875 0.046875
0 0.6279296875 0.7314453125 0.033203125 0.041015625
0 0.5107421875 0.72265625 0.037109375 0.04296875
0 0.1591796875 0.71875 0.041015625 0.0390625
0 0.9501953125 0.7158203125 0.037109375 0.044921875
0 0.40625 0.69140625 0.02734375 0.03125
0 0.990234375 0.6884765625 0.01953125 0.037109375
0 0.310546875 0.6826171875 0.01953125 0.037109375
0 0.12109375 0.6826171875 0.03515625 0.044921875
0 0.63671875 0.6708984375 0.0234375 0.044921875
0 0.5126953125 0.6650390625 0.033203125 0.041015625
0 0.8486328125 0.658203125 0.025390625 0.0390625
0 0.0810546875 0.658203125 0.041015625 0.0390625
0 0.40625 0.638671875 0.0234375 0.02734375
0 0.0419921875 0.6357421875 0.041015625 0.033203125
0 0.9169921875 0.625 0.033203125 0.04296875
0 0.2021484375 0.6162109375 0.044921875 0.037109375
0 0.3046875 0.619140625 0.03515625 0.05078125
0 0.5224609375 0.6083984375 0.033203125 0.044921875
0 0.6357421875 0.609375 0.037109375 0.0546875
0 0.4248046875 0.595703125 0.033203125 0.03515625
0 0.0146484375 0.5927734375 0.029296875 0.041015625
0 0.1533203125 0.5859375 0.048828125 0.04296875
0 0.833984375 0.5791015625 0.0390625 0.044921875
0 0.4599609375 0.5576171875 0.033203125 0.033203125
0 0.8955078125 0.560546875 0.048828125 0.04296875
0 0.1142578125 0.5546875 0.041015625 0.03515625
0 0.62890625 0.5283203125 0.03515625 0.041015625
0 0.29296875 0.5205078125 0.02734375 0.044921875
0 0.5029296875 0.5166015625 0.044921875 0.044921875
0 0.38671875 0.509765625 0.0390625 0.03515625
0 0.064453125 0.5126953125 0.05078125 0.052734375
0 0.2822265625 0.478515625 0.025390625 0.03515625
0 0.0380859375 0.46875 0.021484375 0.0234375
0 0.150390625 0.4755859375 0.0390625 0.041015625
0 0.4365234375 0.453125 0.029296875 0.0390625
0 0.0185546875 0.44921875 0.029296875 0.03125
0 0.5205078125 0.4541015625 0.025390625 0.044921875
0 0.2568359375 0.4306640625 0.033203125 0.041015625
0 0.1240234375 0.4248046875 0.048828125 0.041015625
0 0.0029296875 0.408203125 0.005859375 0.0078125
0 0.3505859375 0.41015625 0.029296875 0.046875
0 0.4453125 0.4052734375 0.02734375 0.041015625
0 0.0908203125 0.400390625 0.044921875 0.04296875
0 0.529296875 0.392578125 0.03125 0.03515625
0 0.2294921875 0.3798828125 0.037109375 0.044921875
0 0.322265625 0.36328125 0.03125 0.0390625
0 0.0556640625 0.35546875 0.037109375 0.03515625
0 0.5302734375 0.337890625 0.025390625 0.03515625
0 0.4208984375 0.3388671875 0.033203125 0.052734375
0 0.208984375 0.3291015625 0.03515625 0.033203125
0 0.30859375 0.3125 0.03125 0.0390625
0 0.025390625 0.3125 0.0390625 0.046875
0 0.537109375 0.287109375 0.03515625 0.0390625
0 0.2021484375 0.27734375 0.029296875 0.02734375
0 0.3125 0.263671875 0.0234375 0.04296875
0 0.44140625 0.2509765625 0.04296875 0.048828125
0 0.529296875 0.236328125 0.03125 0.03125
0 0.2216796875 0.234375 0.041015625 0.0390625
0 0.3447265625 0.2138671875 0.048828125 0.037109375
0 0.4130859375 0.2099609375 0.037109375 0.033203125
0 0.4951171875 0.1767578125 0.037109375 0.037109375
0 0.2490234375 0.173828125 0.025390625 0.04296875
0 0.453125 0.142578125 0.04296875 0.03515625
0 0.259765625 0.1201171875 0.0234375 0.029296875
0 0.361328125 0.109375 0.046875 0.0390625
0 0.259765625 0.0556640625 0.03515625 0.041015625
0 0.35546875 0.0498046875 0.0234375 0.037109375
0 0.263671875 0.0126953125 0.0234375 0.025390625