0 0.388671875 0.998046875 0.0078125 0.00390625
0 0.955078125 0.99609375 0.015625 0.0078125
0 0.61328125 0.99609375 0.02734375 0.0078125
0 0.6689453125 0.9921875 0.033203125 0.015625
0 0.478515625 0.9921875 0.03515625 0.015625
0 0.314453125 0.978515625 0.046875 0.03515625
0 0.9248046875 0.9765625 0.041015625 0.03515625
0 0.1689453125 0.9716796875 0.037109375 0.041015625
0 0.0498046875 0.974609375 0.060546875 0.05078125
0 0.0068359375 0.9580078125 0.013671875 0.025390625
0 0.9970703125 0.94921875 0.005859375 0.01171875
0 0.888671875 0.9423828125 0.0390625 0.037109375
0 0.2021484375 0.9130859375 0.037109375 0.029296875
0 0.712890625 0.91796875 0.03125 0.04296875
0 0.0361328125 0.9111328125 0.033203125 0.041015625
0 0.8505859375 0.91015625 0.044921875 0.04296875
0 0.5458984375 0.8984375 0.041015625 0.02734375
0 0.4267578125 0.8974609375 0.041015625 0.029296875
0 0.6328125 0.89453125 0.0234375 0.03125
0 0.947265625 0.8916015625 0.03125 0.029296875
0 0.103515625 0.884765625 0.04296875 0.046875
0 0.369140625 0.87890625 0.03125 0.04296875
0 0.7783203125 0.8701171875 0.052734375 0.037109375
0 0.7255859375 0.8623046875 0.025390625 0.033203125
0 0.390625 0.85546875 0.01953125 0.01953125
0 0.9599609375 0.857421875 0.025390625 0.03125
0 0.890625 0.841796875 0.0234375 0.02734375
0 0.4189453125 0.837890625 0.021484375 0.0234375
0 0.2939453125 0.841796875 0.044921875 0.04296875
0 0.5556640625 0.8349609375 0.037109375 0.033203125
0 0.4619140625 0.837890625 0.044921875 0.0390625
0 0.041015625 0.8173828125 0.046875 0.041015625
0 0.666015625 0.8095703125 0.02734375 0.029296875
0 0.3994140625 0.8095703125 0.025390625 0.029296875
0 0.9775390625 0.8076171875 0.025390625 0.029296875
0 0.90625 0.80078125 0.02734375 0.03125
0 0.8251953125 0.798828125 0.029296875 0.03515625
0 0.232421875 0.8095703125 0.04296875 0.056640625
0 0.5693359375 0.7919921875 0.033203125 0.037109375
0 0.4892578125 0.7861328125 0.052734375 0.037109375
0 0.787109375 0.7724609375 0.015625 0.017578125
0 0.4443359375 0.7724609375 0.017578125 0.021484375
0 0.1533203125 0.78125 0.044921875 0.0390625
0 0.4150390625 0.77734375 0.029296875 0.03515625
0 0.3349609375 0.7783203125 0.033203125 0.037109375
0 0.673828125 0.7724609375 0.03125 0.029296875
0 0.990234375 0.7646484375 0.01953125 0.033203125
0 0.921875 0.7587890625 0.02734375 0.037109375
0 0.1630859375 0.7509765625 0.017578125 0.021484375
0 0.1142578125 0.7548828125 0.041015625 0.041015625
0 0.587890625 0.75 0.03125 0.0390625
0 0.689453125 0.7421875 0.0234375 0.02734375
0 0.771484375 0.74609375 0.03515625 0.0390625
0 0.8427734375 0.744140625 0.033203125 0.0390625
0 0.50390625 0.7421875 0.0390625 0.03515625
0 0.25 0.740234375 0.03125 0.03515625
0 0.662109375 0.7265625 0.01953125 0.015625
0 0.4306640625 0.7373046875 0.033203125 0.037109375
0 0.353515625 0.7294921875 0.0234375 0.021484375
0 0.6416015625 0.7177734375 0.017578125 0.017578125
0 0.291015625 0.7119140625 0.01953125 0.017578125
0 0.609375 0.7119140625 0.0390625 0.029296875
0 0.7021484375 0.708984375 0.025390625 0.02734375
0 0.515625 0.712890625 0.0390625 0.03515625
0 0.990234375 0.7080078125 0.01953125 0.037109375
0 0.94140625 0.708984375 0.03515625 0.046875
0 0.7861328125 0.7001953125 0.029296875 0.037109375
0 0.4521484375 0.6943359375 0.041015625 0.037109375
0 0.86328125 0.689453125 0.03125 0.03515625
0 0.658203125 0.6845703125 0.0234375 0.025390625
0 0.26171875 0.685546875 0.03515625 0.03125
0 0.5302734375 0.6845703125 0.033203125 0.033203125
0 0.0703125 0.6923828125 0.03515625 0.048828125
0 0.2978515625 0.671875 0.017578125 0.01953125
0 0.6201171875 0.67578125 0.037109375 0.03125
0 0.7158203125 0.671875 0.025390625 0.03515625
0 0.373046875 0.66796875 0.02734375 0.02734375
0 0.1259765625 0.671875 0.037109375 0.0390625
0 0.9658203125 0.6630859375 0.037109375 0.033203125
0 0.6875 0.6591796875 0.0234375 0.025390625
0 0.7998046875 0.662109375 0.029296875 0.0390625
0 0.4638671875 0.65234375 0.033203125 0.03125
0 0.83984375 0.6513671875 0.0390625 0.033203125
0 0.697265625 0.638671875 0.01953125 0.01953125
0 0.5439453125 0.646484375 0.037109375 0.03515625
0 0.2646484375 0.6455078125 0.037109375 0.033203125
0 0.63671875 0.6396484375 0.0390625 0.029296875
0 0.3876953125 0.6357421875 0.029296875 0.025390625
0 0.7275390625 0.63671875 0.025390625 0.03125
0 0.1787109375 0.638671875 0.044921875 0.0390625
0 0.87890625 0.6328125 0.03125 0.03515625
0 0.3525390625 0.625 0.017578125 0.01953125
0 0.82421875 0.623046875 0.03515625 0.02734375
0 0.4755859375 0.6181640625 0.025390625 0.025390625
0 0.5556640625 0.6123046875 0.037109375 0.037109375
0 0.4013671875 0.6064453125 0.037109375 0.029296875
0 0.654296875 0.6015625 0.04296875 0.03125
0 0.7451171875 0.59765625 0.025390625 0.03125
0 0.2568359375 0.599609375 0.052734375 0.04296875
0 0.4140625 0.57421875 0.03515625 0.03125
0 0.6689453125 0.5634765625 0.041015625 0.029296875
0 0.5048828125 0.5712890625 0.048828125 0.044921875
0 0.3720703125 0.546875 0.025390625 0.0234375
0 0.7763671875 0.552734375 0.048828125 0.04296875
0 0.5869140625 0.5537109375 0.041015625 0.044921875
0 0.4267578125 0.54296875 0.033203125 0.02734375
0 0.05859375 0.541015625 0.03125 0.02734375
0 0.330078125 0.5419921875 0.03515625 0.033203125
0 0.921875 0.5380859375 0.04296875 0.037109375
0 0.111328125 0.5341796875 0.03515625 0.029296875
0 0.892578125 0.5234375 0.015625 0.015625
0 0.83203125 0.53125 0.0390625 0.0390625
0 0.685546875 0.5283203125 0.04296875 0.033203125
0 0.5263671875 0.5185546875 0.044921875 0.033203125
0 0.443359375 0.5126953125 0.0234375 0.029296875
0 0.3662109375 0.515625 0.033203125 0.03515625
0 0.60546875 0.51171875 0.03125 0.0390625
0 0.9287109375 0.5009765625 0.017578125 0.021484375
0 0.158203125 0.50390625 0.04296875 0.03515625
0 0.7939453125 0.4853515625 0.021484375 0.021484375
0 0.404296875 0.4921875 0.04296875 0.0390625
0 0.7001953125 0.4873046875 0.037109375 0.037109375
0 0.5380859375 0.4853515625 0.041015625 0.033203125
0 0.19921875 0.484375 0.04296875 0.0390625
0 0.44140625 0.4765625 0.03125 0.03515625
0 0.921875 0.4677734375 0.03125 0.025390625
0 0.8759765625 0.4658203125 0.033203125 0.021484375
0 0.6171875 0.47265625 0.03515625 0.0390625
0 0.0615234375 0.4736328125 0.025390625 0.041015625
0 0.8310546875 0.4599609375 0.037109375 0.025390625
0 0.548828125 0.4541015625 0.03515625 0.037109375
0 0.783203125 0.4482421875 0.03515625 0.029296875
0 0.4736328125 0.443359375 0.033203125 0.03515625
0 0.724609375 0.44140625 0.04296875 0.0390625
0 0.2646484375 0.4365234375 0.041015625 0.033203125
0 0.6298828125 0.4267578125 0.041015625 0.033203125
0 0.576171875 0.4267578125 0.0390625 0.033203125
0 0.08984375 0.41796875 0.015625 0.015625
0 0.0615234375 0.423828125 0.021484375 0.02734375
0 0.3056640625 0.40234375 0.033203125 0.0390625
0 0.18359375 0.39453125 0.02734375 0.03515625
0 0.0634765625 0.380859375 0.021484375 0.03125
0 0.3515625 0.376953125 0.04296875 0.03515625
0 0.263671875 0.3623046875 0.0234375 0.044921875
0 0.390625 0.35546875 0.04296875 0.03515625
0 0.193359375 0.34375 0.0234375 0.03515625
0 0.904296875 0.333984375 0.03125 0.0234375
0 0.8623046875 0.3310546875 0.029296875 0.029296875
0 0.8203125 0.32421875 0.03125 0.0234375
0 0.8935546875 0.310546875 0.013671875 0.015625
0 0.478515625 0.3193359375 0.02734375 0.033203125
0 0.3583984375 0.3095703125 0.052734375 0.025390625
0 0.98828125 0.3095703125 0.0234375 0.029296875
0 0.7734375 0.3037109375 0.02734375 0.033203125
0 0.271484375 0.3037109375 0.0234375 0.033203125
0 0.2001953125 0.29296875 0.025390625 0.03515625
0 0.162109375 0.2802734375 0.03125 0.025390625
0 0.9609375 0.2802734375 0.0234375 0.029296875
0 0.880859375 0.28125 0.01953125 0.03515625
0 0.69140625 0.2822265625 0.08984375 0.060546875
0 0.0751953125 0.265625 0.025390625 0.0390625
0 0.615234375 0.2705078125 0.05078125 0.060546875
0 0.78125 0.23046875 0.0390625 0.02734375
0 0.97265625 0.228515625 0.03125 0.046875
0 0.7041015625 0.212890625 0.033203125 0.02734375
0 0.201171875 0.2119140625 0.03125 0.025390625
0 0.2353515625 0.2099609375 0.021484375 0.041015625
0 0.1591796875 0.2001953125 0.041015625 0.029296875
0 0.62890625 0.1923828125 0.0390625 0.033203125
0 0.9931640625 0.1796875 0.013671875 0.03125
0 0.2353515625 0.1630859375 0.021484375 0.029296875
0 0.1162109375 0.1669921875 0.041015625 0.072265625
0 0.181640625 0.109375 0.02734375 0.0234375
0 0.23046875 0.1025390625 0.0234375 0.033203125
0 0.0185546875 0.1005859375 0.037109375 0.060546875
0 0.1396484375 0.0634765625 0.025390625 0.029296875
0 0.837890625 0.0693359375 0.08203125 0.056640625
0 0.2236328125 0.0419921875 0.021484375 0.029296875
0 0.7294921875 0.087890625 0.056640625 0.12890625
0 0.97265625 0.001953125 0.0078125 0.00390625
0 0.2353515625 0.0078125 0.025390625 0.015625
0 0.15625 0.0146484375 0.02734375 0.029296875
0 0.013671875 0.0048828125 0.02734375 0.009765625