0 0.587890625 0.9921875 0.02734375 0.015625
0 0.1259765625 0.990234375 0.037109375 0.01953125
0 0.68359375 0.9833984375 0.02734375 0.033203125
0 0.4873046875 0.982421875 0.029296875 0.03515625
0 0.7626953125 0.9775390625 0.029296875 0.033203125
0 0.40234375 0.9755859375 0.03125 0.044921875
0 0.93359375 0.974609375 0.0390625 0.05078125
0 0.7041015625 0.951171875 0.017578125 0.015625
0 0.8681640625 0.966796875 0.033203125 0.0546875
0 0.58984375 0.947265625 0.0234375 0.03125
0 0.2958984375 0.9501953125 0.044921875 0.037109375
0 0.783203125 0.9150390625 0.03125 0.037109375
0 0.197265625 0.9140625 0.0390625 0.05078125
0 0.1337890625 0.9033203125 0.056640625 0.033203125
0 0.98828125 0.904296875 0.0234375 0.0546875
0 0.6962890625 0.892578125 0.029296875 0.03125
0 0.6005859375 0.890625 0.025390625 0.03515625
0 0.5087890625 0.8984375 0.029296875 0.05078125
0 0.318359375 0.8916015625 0.04296875 0.037109375
0 0.8916015625 0.890625 0.037109375 0.0390625
0 0.0478515625 0.861328125 0.025390625 0.05078125
0 0.9287109375 0.84375 0.041015625 0.03515625
0 0.751953125 0.8359375 0.01953125 0.01953125
0 0.7216796875 0.845703125 0.025390625 0.0390625
0 0.6083984375 0.83984375 0.029296875 0.0390625
0 0.33203125 0.83984375 0.03515625 0.0390625
0 0.1748046875 0.8310546875 0.021484375 0.021484375
0 0.775390625 0.8212890625 0.015625 0.017578125
0 0.5341796875 0.8271484375 0.037109375 0.041015625
0 0.2197265625 0.8193359375 0.041015625 0.025390625
0 0.4267578125 0.8125 0.033203125 0.0390625
0 0.9677734375 0.810546875 0.048828125 0.0390625
0 0.8173828125 0.8046875 0.044921875 0.03125
0 0.736328125 0.7861328125 0.05078125 0.025390625
0 0.349609375 0.787109375 0.03515625 0.03515625
0 0.3798828125 0.767578125 0.017578125 0.01953125
0 0.619140625 0.7744140625 0.03515625 0.041015625
0 0.25390625 0.763671875 0.04296875 0.0390625
0 0.44921875 0.7529296875 0.0234375 0.025390625
0 0.5888671875 0.7236328125 0.017578125 0.017578125
0 0.5458984375 0.716796875 0.048828125 0.03515625
0 0.4091796875 0.7197265625 0.044921875 0.041015625
0 0.8369140625 0.703125 0.033203125 0.02734375
0 0.8916015625 0.69921875 0.044921875 0.03125
0 0.2822265625 0.6923828125 0.025390625 0.025390625
0 0.771484375 0.6884765625 0.03515625 0.025390625
0 0.9599609375 0.6796875 0.048828125 0.0390625
0 0.80078125 0.6708984375 0.015625 0.021484375
0 0.1669921875 0.669921875 0.044921875 0.02734375
0 0.63671875 0.654296875 0.046875 0.02734375
0 0.4365234375 0.666015625 0.080078125 0.05859375
0 0.8291015625 0.6416015625 0.033203125 0.025390625
0 0.248046875 0.6298828125 0.0234375 0.025390625
0 0.8740234375 0.630859375 0.037109375 0.0390625
0 0.919921875 0.6083984375 0.0390625 0.037109375
0 0.2763671875 0.6015625 0.021484375 0.0234375
0 0.9658203125 0.5986328125 0.037109375 0.025390625
0 0.525390625 0.6005859375 0.046875 0.029296875
0 0.7607421875 0.5927734375 0.041015625 0.025390625
0 0.5908203125 0.59375 0.044921875 0.03515625
0 0.24609375 0.5908203125 0.02734375 0.033203125
0 0.017578125 0.5947265625 0.03515625 0.044921875
0 0.6728515625 0.58984375 0.029296875 0.0390625
0 0.80078125 0.5810546875 0.02734375 0.025390625
0 0.16796875 0.591796875 0.04296875 0.05078125
0 0.9951171875 0.5751953125 0.009765625 0.021484375
0 0.8330078125 0.5576171875 0.037109375 0.029296875
0 0.33984375 0.560546875 0.04296875 0.04296875
0 0.7607421875 0.5439453125 0.017578125 0.021484375
0 0.4716796875 0.5498046875 0.029296875 0.041015625
0 0.7958984375 0.53515625 0.025390625 0.01953125
0 0.865234375 0.53515625 0.02734375 0.03125
0 0.6826171875 0.53515625 0.025390625 0.03125
0 0.9248046875 0.51953125 0.029296875 0.02734375
0 0.2802734375 0.5234375 0.037109375 0.04296875
0 0.140625 0.52734375 0.03515625 0.05078125
0 0.7705078125 0.5009765625 0.021484375 0.029296875
0 0.689453125 0.50390625 0.02734375 0.03515625
0 0.8056640625 0.486328125 0.017578125 0.015625
0 0.84765625 0.490234375 0.0234375 0.03125
0 0.017578125 0.486328125 0.03515625 0.03515625
0 0.91015625 0.474609375 0.03125 0.03125
0 0.962890625 0.474609375 0.04296875 0.0390625
0 0.5234375 0.482421875 0.05078125 0.05859375
0 0.2021484375 0.4716796875 0.052734375 0.041015625
0 0.78125 0.462890625 0.02734375 0.02734375
0 0.8408203125 0.451171875 0.021484375 0.0234375
0 0.6982421875 0.4521484375 0.037109375 0.029296875
0 0.9716796875 0.4404296875 0.021484375 0.021484375
0 0.8994140625 0.439453125 0.029296875 0.03125
0 0.9326171875 0.4287109375 0.017578125 0.013671875
0 0.3271484375 0.42578125 0.044921875 0.03515625
0 0.537109375 0.4150390625 0.0390625 0.033203125
0 0.7138671875 0.412109375 0.029296875 0.04296875
0 0.970703125 0.400390625 0.02734375 0.0234375
0 0.1337890625 0.4091796875 0.041015625 0.044921875
0 0.046875 0.3974609375 0.0234375 0.025390625
0 0.826171875 0.40234375 0.05078125 0.04296875
0 0.6796875 0.3955078125 0.03125 0.029296875
0 0.6474609375 0.3876953125 0.025390625 0.025390625
0 0.6201171875 0.3798828125 0.025390625 0.025390625
0 0.869140625 0.3779296875 0.03125 0.025390625
0 0.275390625 0.3837890625 0.03515625 0.044921875
0 0.958984375 0.361328125 0.04296875 0.02734375
0 0.5458984375 0.3642578125 0.052734375 0.033203125
0 0.0859375 0.3740234375 0.05859375 0.052734375
0 0.82421875 0.3447265625 0.03515625 0.033203125
0 0.9189453125 0.3349609375 0.037109375 0.029296875
0 0.8544921875 0.32421875 0.017578125 0.015625
0 0.34375 0.333984375 0.0390625 0.04296875
0 0.23046875 0.3349609375 0.04296875 0.048828125
0 0.6982421875 0.3154296875 0.017578125 0.017578125
0 0.0380859375 0.3310546875 0.041015625 0.048828125
0 0.7294921875 0.3193359375 0.037109375 0.033203125
0 0.8837890625 0.3154296875 0.025390625 0.029296875
0 0.0087890625 0.306640625 0.017578125 0.03125
0 0.1708984375 0.3037109375 0.044921875 0.041015625
0 0.994140625 0.2939453125 0.01171875 0.029296875
0 0.837890625 0.296875 0.04296875 0.03515625
0 0.6708984375 0.296875 0.029296875 0.0390625
0 0.6416015625 0.291015625 0.029296875 0.0390625
0 0.3837890625 0.287109375 0.041015625 0.03515625
0 0.9658203125 0.2783203125 0.029296875 0.025390625
0 0.568359375 0.279296875 0.03515625 0.03125
0 0.60546875 0.28125 0.03515625 0.04296875
0 0.705078125 0.2666015625 0.01953125 0.017578125
0 0.125 0.2734375 0.046875 0.0390625
0 0.54296875 0.2587890625 0.0234375 0.025390625
0 0.9375 0.255859375 0.03515625 0.03515625
0 0.50390625 0.2578125 0.046875 0.04296875
0 0.685546875 0.2353515625 0.015625 0.017578125
0 0.740234375 0.2392578125 0.046875 0.041015625
0 0.2099609375 0.234375 0.037109375 0.0390625
0 0.3447265625 0.2314453125 0.037109375 0.044921875
0 0.8984375 0.2255859375 0.04296875 0.037109375
0 0.083984375 0.2138671875 0.0546875 0.041015625
0 0.9912109375 0.201171875 0.017578125 0.01953125
0 0.2958984375 0.2109375 0.041015625 0.0390625
0 0.85546875 0.205078125 0.0390625 0.03125
0 0.50390625 0.2001953125 0.04296875 0.029296875
0 0.177734375 0.1982421875 0.03515625 0.041015625
0 0.9580078125 0.181640625 0.021484375 0.01953125
0 0.3154296875 0.1787109375 0.041015625 0.037109375
0 0.0361328125 0.181640625 0.041015625 0.04296875
0 0.853515625 0.166015625 0.046875 0.03125
0 0.23828125 0.1640625 0.05078125 0.0390625
0 0.3994140625 0.1513671875 0.041015625 0.037109375
0 0.9873046875 0.1376953125 0.025390625 0.029296875
0 0.6357421875 0.1357421875 0.048828125 0.029296875
0 0.953125 0.1259765625 0.03515625 0.041015625
0 0.26171875 0.1162109375 0.046875 0.033203125
0 0.189453125 0.1083984375 0.02734375 0.025390625
0 0.9189453125 0.09765625 0.037109375 0.03515625
0 0.1044921875 0.095703125 0.037109375 0.03515625
0 0.400390625 0.0888671875 0.03515625 0.033203125
0 0.033203125 0.091796875 0.04296875 0.04296875
0 0.81640625 0.083984375 0.0234375 0.03125
0 0.8681640625 0.0869140625 0.044921875 0.044921875
0 0.345703125 0.078125 0.03515625 0.03515625
0 0.2236328125 0.072265625 0.041015625 0.04296875
0 0.009765625 0.068359375 0.01953125 0.0390625
0 0.99609375 0.05078125 0.0078125 0.01171875
0 0.802734375 0.048828125 0.01953125 0.02734375
0 0.314453125 0.05078125 0.03515625 0.03515625
0 0.142578125 0.0458984375 0.0390625 0.037109375
0 0.8466796875 0.0400390625 0.037109375 0.029296875
0 0.3935546875 0.0380859375 0.037109375 0.025390625
0 0.08984375 0.0302734375 0.046875 0.044921875
0 0.953125 0.0146484375 0.0390625 0.029296875
0 0.919921875 0.0048828125 0.01953125 0.009765625
0 0.8056640625 0.0126953125 0.025390625 0.025390625
0 0.400390625 0.005859375 0.01953125 0.01171875
0 0.3203125 0.005859375 0.015625 0.01171875
0 0.28125 0.0078125 0.02734375 0.015625
0 0.1630859375 0.0166015625 0.041015625 0.033203125