0 0.4736328125 0.998046875 0.009765625 0.00390625
0 0.2041015625 0.99609375 0.017578125 0.0078125
0 0.3115234375 0.9951171875 0.029296875 0.009765625
0 0.041015625 0.994140625 0.015625 0.01171875
0 0.6162109375 0.9931640625 0.021484375 0.013671875
0 0.53125 0.9921875 0.0234375 0.015625
0 0.94921875 0.9912109375 0.01953125 0.017578125
0 0.8720703125 0.98828125 0.041015625 0.0234375
0 0.6826171875 0.9853515625 0.025390625 0.029296875
0 0.263671875 0.982421875 0.03515625 0.03515625
0 0.8232421875 0.966796875 0.033203125 0.02734375
0 0.453125 0.9658203125 0.02734375 0.037109375
0 0.6064453125 0.958984375 0.025390625 0.03125
0 0.525390625 0.953125 0.0234375 0.03515625
0 0.89453125 0.9453125 0.03125 0.03125
0 0.673828125 0.9453125 0.02734375 0.03125
0 0.9921875 0.9384765625 0.015625 0.025390625
0 0.7783203125 0.939453125 0.037109375 0.0390625
0 0.365234375 0.9296875 0.04296875 0.04296875
0 0.1005859375 0.9287109375 0.044921875 0.056640625
0 0.9677734375 0.9140625 0.029296875 0.03125
0 0.3125 0.9111328125 0.03125 0.025390625
0 0.263671875 0.9111328125 0.0390625 0.025390625
0 0.6005859375 0.9130859375 0.021484375 0.033203125
0 0.4453125 0.9169921875 0.02734375 0.041015625
0 0.2109375 0.91015625 0.03515625 0.02734375
0 0.859375 0.9111328125 0.03125 0.037109375
0 0.517578125 0.9052734375 0.0234375 0.037109375
0 0.05078125 0.8984375 0.02734375 0.02734375
0 0.7451171875 0.8974609375 0.029296875 0.029296875
0 0.6611328125 0.900390625 0.025390625 0.03515625
0 0.0078125 0.8916015625 0.015625 0.029296875
0 0.93359375 0.884765625 0.03125 0.03125
0 0.8310546875 0.8740234375 0.033203125 0.033203125
0 0.5888671875 0.8720703125 0.025390625 0.029296875
0 0.4365234375 0.8662109375 0.025390625 0.033203125
0 0.72265625 0.857421875 0.0234375 0.03125
0 0.5087890625 0.8603515625 0.025390625 0.037109375
0 0.6474609375 0.85546875 0.025390625 0.03125
0 0.3525390625 0.8408203125 0.029296875 0.033203125
0 0.263671875 0.8359375 0.03515625 0.0234375
0 0.2158203125 0.8349609375 0.033203125 0.025390625
0 0.8056640625 0.83203125 0.029296875 0.03515625
0 0.1708984375 0.8271484375 0.037109375 0.025390625
0 0.99609375 0.8125 0.0078125 0.01171875
0 0.0888671875 0.8154296875 0.041015625 0.021484375
0 0.919921875 0.8193359375 0.0390625 0.037109375
0 0.439453125 0.8193359375 0.03515625 0.041015625
0 0.1416015625 0.80078125 0.021484375 0.01953125
0 0.7119140625 0.802734375 0.021484375 0.02734375
0 0.296875 0.7998046875 0.01953125 0.021484375
0 0.0361328125 0.8017578125 0.037109375 0.033203125
0 0.533203125 0.796875 0.02734375 0.03125
0 0.3544921875 0.7919921875 0.021484375 0.029296875
0 0.978515625 0.791015625 0.0390625 0.0390625
0 0.7880859375 0.78515625 0.025390625 0.03125
0 0.1083984375 0.7734375 0.021484375 0.01953125
0 0.4306640625 0.7744140625 0.021484375 0.037109375
0 0.62890625 0.7685546875 0.03515625 0.029296875
0 0.7060546875 0.7470703125 0.017578125 0.029296875
0 0.3515625 0.7490234375 0.02734375 0.041015625
0 0.7744140625 0.7431640625 0.025390625 0.033203125
0 0.5439453125 0.73828125 0.021484375 0.03125
0 0.9912109375 0.7353515625 0.017578125 0.033203125
0 0.8955078125 0.734375 0.033203125 0.03515625
0 0.4296875 0.7275390625 0.03125 0.021484375
0 0.63671875 0.72265625 0.01953125 0.02734375
0 0.5810546875 0.701171875 0.037109375 0.01953125
0 0.34375 0.701171875 0.046875 0.02734375
0 0.2919921875 0.69921875 0.041015625 0.03125
0 0.763671875 0.693359375 0.0234375 0.02734375
0 0.7099609375 0.6953125 0.021484375 0.03125
0 0.0615234375 0.6884765625 0.033203125 0.021484375
0 0.2421875 0.6904296875 0.046875 0.029296875
0 0.9169921875 0.6875 0.033203125 0.03125
0 0.8359375 0.68359375 0.02734375 0.0390625
0 0.435546875 0.6796875 0.0234375 0.03515625
0 0.1796875 0.681640625 0.03515625 0.0390625
0 0.64453125 0.658203125 0.01953125 0.03125
0 0.498046875 0.64453125 0.03125 0.0234375
0 0.0458984375 0.646484375 0.021484375 0.03125
0 0.6025390625 0.6435546875 0.017578125 0.029296875
0 0.4375 0.6396484375 0.02734375 0.021484375
0 0.107421875 0.638671875 0.01953125 0.0234375
0 0.744140625 0.6416015625 0.03125 0.037109375
0 0.8232421875 0.640625 0.033203125 0.0390625
0 0.576171875 0.6337890625 0.0234375 0.025390625
0 0.9228515625 0.6337890625 0.033203125 0.033203125
0 0.345703125 0.6240234375 0.046875 0.025390625
0 0.439453125 0.6103515625 0.0234375 0.021484375
0 0.294921875 0.6123046875 0.02734375 0.029296875
0 0.0498046875 0.6005859375 0.021484375 0.025390625
0 0.9208984375 0.5888671875 0.025390625 0.033203125
0 0.9921875 0.5849609375 0.015625 0.029296875
0 0.8134765625 0.5869140625 0.033203125 0.037109375
0 0.2421875 0.591796875 0.03125 0.046875
0 0.173828125 0.580078125 0.03515625 0.03515625
0 0.3681640625 0.576171875 0.021484375 0.03125
0 0.66015625 0.5673828125 0.03125 0.021484375
0 0.61328125 0.560546875 0.02734375 0.0234375
0 0.576171875 0.5595703125 0.0234375 0.025390625
0 0.54296875 0.552734375 0.02734375 0.0234375
0 0.70703125 0.5537109375 0.03125 0.033203125
0 0.646484375 0.5439453125 0.015625 0.013671875
0 0.5068359375 0.5498046875 0.025390625 0.025390625
0 0.4501953125 0.544921875 0.029296875 0.0234375
0 0.6884765625 0.53515625 0.017578125 0.015625
0 0.103515625 0.5390625 0.03515625 0.0234375
0 0.9130859375 0.53515625 0.025390625 0.02734375
0 0.8095703125 0.5400390625 0.041015625 0.041015625
0 0.9892578125 0.5341796875 0.021484375 0.033203125
0 0.455078125 0.5185546875 0.03125 0.021484375
0 0.37109375 0.5244140625 0.0234375 0.041015625
0 0.060546875 0.513671875 0.03125 0.03125
0 0.61328125 0.5068359375 0.02734375 0.025390625
0 0.697265625 0.501953125 0.03125 0.02734375
0 0.796875 0.4970703125 0.03125 0.033203125
0 0.56640625 0.4931640625 0.0234375 0.029296875
0 0.01953125 0.4912109375 0.03125 0.025390625
0 0.9091796875 0.48828125 0.025390625 0.03515625
0 0.455078125 0.48046875 0.03125 0.02734375
0 0.5263671875 0.4794921875 0.029296875 0.029296875
0 0.38671875 0.4765625 0.03125 0.0234375
0 0.984375 0.4765625 0.0234375 0.03515625
0 0.458984375 0.4482421875 0.02734375 0.021484375
0 0.283203125 0.443359375 0.03125 0.0234375
0 0.1884765625 0.4404296875 0.025390625 0.017578125
0 0.1474609375 0.4384765625 0.025390625 0.017578125
0 0.1083984375 0.4345703125 0.025390625 0.017578125
0 0.0673828125 0.4306640625 0.025390625 0.017578125
0 0.900390625 0.4365234375 0.0234375 0.033203125
0 0.3203125 0.435546875 0.03125 0.03125
0 0.0234375 0.4306640625 0.02734375 0.021484375
0 0.7822265625 0.431640625 0.029296875 0.03515625
0 0.3857421875 0.4296875 0.021484375 0.03125
0 0.6640625 0.431640625 0.0390625 0.0390625
0 0.615234375 0.427734375 0.03125 0.03125
0 0.9755859375 0.42578125 0.021484375 0.03125
0 0.2568359375 0.4169921875 0.025390625 0.037109375
0 0.576171875 0.412109375 0.03125 0.03125
0 0.3330078125 0.3984375 0.025390625 0.02734375
0 0.5400390625 0.3955078125 0.033203125 0.033203125
0 0.8974609375 0.3876953125 0.021484375 0.029296875
0 0.9697265625 0.3818359375 0.021484375 0.029296875
0 0.15625 0.376953125 0.02734375 0.01953125
0 0.501953125 0.3818359375 0.03515625 0.033203125
0 0.109375 0.3740234375 0.02734375 0.017578125
0 0.8037109375 0.376953125 0.029296875 0.02734375
0 0.275390625 0.3779296875 0.03125 0.029296875
0 0.0625 0.3701171875 0.02734375 0.017578125
0 0.630859375 0.3779296875 0.0390625 0.037109375
0 0.234375 0.3701171875 0.0234375 0.029296875
0 0.01171875 0.3662109375 0.0234375 0.021484375
0 0.037109375 0.3603515625 0.01171875 0.013671875
0 0.7177734375 0.359375 0.033203125 0.02734375
0 0.4580078125 0.361328125 0.041015625 0.04296875
0 0.58984375 0.35546875 0.03515625 0.03515625
0 0.384765625 0.3427734375 0.02734375 0.021484375
0 0.353515625 0.3388671875 0.015625 0.017578125
0 0.1787109375 0.337890625 0.029296875 0.0234375
0 0.8876953125 0.341796875 0.021484375 0.03515625
0 0.697265625 0.3369140625 0.0234375 0.025390625
0 0.8193359375 0.3330078125 0.041015625 0.033203125
0 0.55078125 0.333984375 0.03125 0.03515625
0 0.96484375 0.330078125 0.0234375 0.03125
0 0.10546875 0.32421875 0.0234375 0.0234375
0 0.0537109375 0.31640625 0.021484375 0.01953125
0 0.66796875 0.3173828125 0.03125 0.029296875
0 0.748046875 0.318359375 0.02734375 0.03515625
0 0.5068359375 0.318359375 0.037109375 0.0390625
0 0.3857421875 0.3037109375 0.029296875 0.021484375
0 0.287109375 0.306640625 0.02734375 0.02734375
0 0.7216796875 0.294921875 0.021484375 0.01953125
0 0.6318359375 0.291015625 0.029296875 0.02734375
0 0.255859375 0.29296875 0.03125 0.03515625
0 0.46875 0.291015625 0.03515625 0.03515625
0 0.9658203125 0.2822265625 0.029296875 0.025390625
0 0.8349609375 0.28125 0.029296875 0.0234375
0 0.875 0.283203125 0.0234375 0.03515625
0 0.2294921875 0.2744140625 0.029296875 0.029296875
0 0.7578125 0.2724609375 0.02734375 0.029296875
0 0.2939453125 0.267578125 0.017578125 0.01953125
0 0.599609375 0.2646484375 0.02734375 0.037109375
0 0.3818359375 0.25 0.029296875 0.04296875
0 0.9521484375 0.2373046875 0.021484375 0.033203125
0 0.5322265625 0.2333984375 0.029296875 0.025390625
0 0.619140625 0.228515625 0.02734375 0.0234375
0 0.3486328125 0.2294921875 0.033203125 0.033203125
0 0.7548828125 0.220703125 0.029296875 0.03125
0 0.31640625 0.2158203125 0.03125 0.033203125
0 0.494140625 0.2109375 0.03515625 0.03515625
0 0.2841796875 0.19921875 0.029296875 0.03125
0 0.6318359375 0.189453125 0.033203125 0.03125
0 0.9482421875 0.1826171875 0.029296875 0.021484375
0 0.251953125 0.18359375 0.03125 0.03125
0 0.451171875 0.1796875 0.03515625 0.04296875
0 0.7587890625 0.1640625 0.025390625 0.03515625
0 0.55859375 0.162109375 0.02734375 0.03125
0 0.2314453125 0.1552734375 0.029296875 0.029296875
0 0.3837890625 0.1513671875 0.033203125 0.037109375
0 0.6533203125 0.146484375 0.037109375 0.03125
0 0.19921875 0.1416015625 0.01953125 0.041015625
0 0.4833984375 0.1279296875 0.037109375 0.033203125
0 0.9384765625 0.1259765625 0.033203125 0.037109375
0 0.5791015625 0.119140625 0.033203125 0.03125
0 0.095703125 0.181640625 0.19140625 0.15625
0 0.75 0.1142578125 0.03125 0.025390625
0 0.3232421875 0.1181640625 0.033203125 0.033203125
0 0.7880859375 0.11328125 0.037109375 0.03515625
0 0.6650390625 0.1083984375 0.029296875 0.029296875
0 0.359375 0.0869140625 0.02734375 0.025390625
0 0.2548828125 0.0908203125 0.029296875 0.033203125
0 0.591796875 0.0830078125 0.03125 0.029296875
0 0.5029296875 0.080078125 0.033203125 0.02734375
0 0.2275390625 0.0791015625 0.029296875 0.033203125
0 0.5400390625 0.0703125 0.021484375 0.01953125
0 0.41796875 0.0732421875 0.03515625 0.029296875
0 0.9013671875 0.0712890625 0.021484375 0.029296875
0 0.82421875 0.0732421875 0.0234375 0.033203125
0 0.6826171875 0.0712890625 0.025390625 0.029296875
0 0.1982421875 0.068359375 0.037109375 0.03515625
0 0.212890625 0.046875 0.02734375 0.0234375
0 0.345703125 0.0498046875 0.03515625 0.037109375
0 0.1494140625 0.0439453125 0.029296875 0.025390625
0 0.267578125 0.0419921875 0.03125 0.029296875
0 0.6123046875 0.0380859375 0.029296875 0.025390625
0 0.5234375 0.0400390625 0.03515625 0.029296875
0 0.4375 0.0380859375 0.02734375 0.025390625
0 0.7041015625 0.029296875 0.037109375 0.02734375
0 0.826171875 0.029296875 0.0234375 0.03125
0 0.0712890625 0.021484375 0.017578125 0.02734375
0 0.0517578125 0.01953125 0.021484375 0.0234375
0 0.96875 0.017578125 0.02734375 0.02734375
0 0.169921875 0.0166015625 0.04296875 0.025390625
0 0.908203125 0.0146484375 0.01953125 0.029296875
0 0.7138671875 0.0048828125 0.021484375 0.009765625
0 0.6318359375 0.0078125 0.025390625 0.015625
0 0.5341796875 0.0107421875 0.029296875 0.021484375
0 0.44921875 0.0107421875 0.03125 0.021484375
0 0.376953125 0.0126953125 0.0390625 0.025390625
0 0.283203125 0.009765625 0.03125 0.01953125
0 0.1064453125 0.0029296875 0.009765625 0.005859375
0 0.0390625 0.0029296875 0.015625 0.005859375