0 0.8232421875 0.998046875 0.005859375 0.00390625
0 0.7119140625 0.9951171875 0.013671875 0.009765625
0 0.9833984375 0.9921875 0.029296875 0.015625
0 0.7900390625 0.9912109375 0.029296875 0.017578125
0 0.8916015625 0.990234375 0.025390625 0.01953125
0 0.6025390625 0.98828125 0.025390625 0.0234375
0 0.6494140625 0.9873046875 0.029296875 0.025390625
0 0.9892578125 0.9697265625 0.017578125 0.017578125
0 0.77734375 0.9775390625 0.03125 0.033203125
0 0.6748046875 0.9619140625 0.025390625 0.025390625
0 0.962890625 0.9638671875 0.02734375 0.037109375
0 0.86328125 0.955078125 0.02734375 0.0234375
0 0.7802734375 0.943359375 0.025390625 0.02734375
0 0.943359375 0.939453125 0.0234375 0.0234375
0 0.6455078125 0.9345703125 0.021484375 0.021484375
0 0.8486328125 0.93359375 0.025390625 0.0234375
0 0.71875 0.9228515625 0.0234375 0.025390625
0 0.9267578125 0.919921875 0.029296875 0.02734375
0 0.4716796875 0.91796875 0.029296875 0.03125
0 0.7421875 0.8984375 0.02734375 0.02734375
0 0.9111328125 0.8984375 0.033203125 0.03125
0 0.8203125 0.896484375 0.03125 0.02734375
0 0.5 0.8818359375 0.0234375 0.021484375
0 0.6982421875 0.8798828125 0.033203125 0.033203125
0 0.96484375 0.865234375 0.01953125 0.01953125
0 0.892578125 0.87109375 0.02734375 0.03125
0 0.478515625 0.8662109375 0.0234375 0.021484375
0 0.5185546875 0.8642578125 0.021484375 0.021484375
0 0.9921875 0.86328125 0.015625 0.02734375
0 0.7880859375 0.8583984375 0.025390625 0.025390625
0 0.876953125 0.8505859375 0.0234375 0.025390625
0 0.52734375 0.8359375 0.0234375 0.02734375
0 0.857421875 0.8349609375 0.02734375 0.029296875
0 0.9853515625 0.8349609375 0.029296875 0.037109375
0 0.763671875 0.828125 0.05078125 0.0390625
0 0.544921875 0.8212890625 0.0234375 0.029296875
0 0.9736328125 0.8095703125 0.029296875 0.025390625
0 0.8447265625 0.8076171875 0.029296875 0.025390625
0 0.5625 0.8037109375 0.0234375 0.025390625
0 0.9580078125 0.7880859375 0.025390625 0.025390625
0 0.576171875 0.783203125 0.02734375 0.02734375
0 0.822265625 0.7802734375 0.03125 0.033203125
0 0.5986328125 0.7744140625 0.025390625 0.025390625
0 0.9404296875 0.7685546875 0.029296875 0.025390625
0 0.619140625 0.755859375 0.02734375 0.03125
0 0.849609375 0.7548828125 0.03515625 0.033203125
0 0.923828125 0.748046875 0.03125 0.02734375
0 0.9931640625 0.7431640625 0.013671875 0.025390625
0 0.87890625 0.736328125 0.03125 0.03125
0 0.66796875 0.732421875 0.03125 0.0234375
0 0.9033203125 0.7177734375 0.029296875 0.033203125
0 0.984375 0.712890625 0.02734375 0.03125
0 0.9609375 0.6845703125 0.03125 0.025390625
0 0.7548828125 0.677734375 0.029296875 0.02734375
0 0.9873046875 0.662109375 0.025390625 0.03515625
0 0.7431640625 0.646484375 0.048828125 0.06640625
0 0.8779296875 0.5751953125 0.033203125 0.033203125
0 0.6826171875 0.5810546875 0.052734375 0.044921875
0 0.7919921875 0.5712890625 0.033203125 0.029296875
0 0.8583984375 0.5634765625 0.017578125 0.017578125
0 0.6640625 0.5517578125 0.0234375 0.017578125
0 0.916015625 0.544921875 0.01953125 0.01953125
0 0.7353515625 0.5400390625 0.037109375 0.041015625
0 0.94140625 0.533203125 0.03515625 0.03125
0 0.8388671875 0.5302734375 0.029296875 0.025390625
0 0.6552734375 0.5302734375 0.029296875 0.025390625
0 0.8701171875 0.51171875 0.037109375 0.03515625
0 0.64453125 0.5068359375 0.0234375 0.025390625
0 0.9912109375 0.49609375 0.017578125 0.02734375
0 0.6328125 0.482421875 0.01953125 0.01953125
0 0.904296875 0.482421875 0.0390625 0.0390625
0 0.736328125 0.4716796875 0.03515625 0.041015625
0 0.6220703125 0.4619140625 0.021484375 0.021484375
0 0.8076171875 0.458984375 0.029296875 0.03125
0 0.7099609375 0.431640625 0.037109375 0.0390625
0 0.6279296875 0.4296875 0.033203125 0.03515625
0 0.859375 0.421875 0.03125 0.03125
0 0.958984375 0.42578125 0.0390625 0.05078125
0 0.78125 0.4150390625 0.02734375 0.033203125
0 0.6533203125 0.408203125 0.021484375 0.0234375
0 0.6787109375 0.384765625 0.037109375 0.03515625
0 0.5771484375 0.3857421875 0.033203125 0.037109375
0 0.9892578125 0.3818359375 0.021484375 0.033203125
0 0.8408203125 0.3759765625 0.029296875 0.033203125
0 0.7626953125 0.3779296875 0.037109375 0.037109375
0 0.6064453125 0.36328125 0.033203125 0.03125
0 0.916015625 0.357421875 0.0390625 0.03515625
0 0.5625 0.3408203125 0.03125 0.025390625
0 0.62109375 0.3408203125 0.02734375 0.029296875
0 0.8212890625 0.341796875 0.029296875 0.03515625
0 0.740234375 0.32421875 0.03125 0.03515625
0 0.6513671875 0.3212890625 0.033203125 0.033203125
0 0.9462890625 0.3193359375 0.029296875 0.033203125
0 0.8876953125 0.318359375 0.029296875 0.03515625
0 0.8095703125 0.3134765625 0.033203125 0.025390625
0 0.544921875 0.3125 0.02734375 0.03125
0 0.6484375 0.2958984375 0.015625 0.013671875
0 0.7734375 0.2958984375 0.02734375 0.033203125
0 0.873046875 0.2861328125 0.02734375 0.029296875
0 0.5234375 0.2783203125 0.02734375 0.033203125
0 0.7939453125 0.2626953125 0.025390625 0.029296875
0 0.9443359375 0.263671875 0.025390625 0.03515625
0 0.7060546875 0.26171875 0.033203125 0.03125
0 0.861328125 0.2587890625 0.03125 0.029296875
0 0.50390625 0.2431640625 0.03125 0.037109375
0 0.8369140625 0.2236328125 0.029296875 0.021484375
0 0.9267578125 0.21875 0.037109375 0.03515625
0 0.74609375 0.212890625 0.02734375 0.0234375
0 0.9921875 0.2021484375 0.015625 0.025390625
0 0.4814453125 0.193359375 0.021484375 0.0234375
0 0.873046875 0.1845703125 0.0234375 0.017578125
0 0.783203125 0.171875 0.03515625 0.03515625
0 0.462890625 0.1689453125 0.02734375 0.029296875
0 0.9013671875 0.1630859375 0.025390625 0.029296875
0 0.61328125 0.17578125 0.07421875 0.0546875
0 0.4423828125 0.140625 0.021484375 0.0234375
0 0.4267578125 0.12109375 0.025390625 0.0234375
0 0.853515625 0.1103515625 0.03515625 0.037109375
0 0.6865234375 0.123046875 0.080078125 0.07421875
0 0.9580078125 0.095703125 0.029296875 0.03125
0 0.9892578125 0.0654296875 0.021484375 0.025390625
0 0.8818359375 0.06640625 0.033203125 0.03125
0 0.3564453125 0.0419921875 0.021484375 0.021484375
0 0.515625 0.0712890625 0.06640625 0.091796875
0 0.91796875 0.03125 0.02734375 0.02734375
0 0.94921875 0.0068359375 0.0234375 0.013671875
0 0.6123046875 0.044921875 0.087890625 0.08984375
0 0.337890625 0.0146484375 0.03515625 0.029296875