0 0.6708984375 0.99609375 0.021484375 0.0078125
0 0.4130859375 0.9951171875 0.029296875 0.009765625
0 0.3486328125 0.9921875 0.021484375 0.015625
0 0.7412109375 0.9853515625 0.021484375 0.025390625
0 0.0244140625 0.986328125 0.033203125 0.02734375
0 0.1943359375 0.9853515625 0.041015625 0.029296875
0 0.275390625 0.98046875 0.03515625 0.02734375
0 0.3564453125 0.9736328125 0.029296875 0.021484375
0 0.111328125 0.9775390625 0.0234375 0.029296875
0 0.673828125 0.958984375 0.0234375 0.01953125
0 0.205078125 0.9541015625 0.0390625 0.029296875
0 0.0283203125 0.953125 0.025390625 0.02734375
0 0.287109375 0.9482421875 0.03515625 0.025390625
0 0.744140625 0.9462890625 0.0234375 0.025390625
0 0.36328125 0.9375 0.02734375 0.02734375
0 0.1240234375 0.931640625 0.025390625 0.0390625
0 0.2158203125 0.923828125 0.041015625 0.03125
0 0.044921875 0.919921875 0.0390625 0.03125
0 0.6728515625 0.91796875 0.033203125 0.03125
0 0.294921875 0.916015625 0.03515625 0.03125
0 0.37109375 0.9072265625 0.02734375 0.033203125
0 0.619140625 0.8994140625 0.02734375 0.025390625
0 0.2197265625 0.8994140625 0.041015625 0.029296875
0 0.576171875 0.890625 0.03125 0.02734375
0 0.3046875 0.8876953125 0.03515625 0.029296875
0 0.05078125 0.8857421875 0.02734375 0.029296875
0 0.5341796875 0.8798828125 0.021484375 0.021484375
0 0.2626953125 0.8740234375 0.017578125 0.017578125
0 0.515625 0.873046875 0.01953125 0.01953125
0 0.376953125 0.876953125 0.0234375 0.02734375
0 0.142578125 0.8818359375 0.03125 0.037109375
0 0.2314453125 0.8701171875 0.041015625 0.029296875
0 0.3095703125 0.861328125 0.041015625 0.03125
0 0.06640625 0.8525390625 0.0390625 0.025390625
0 0.15625 0.8447265625 0.02734375 0.029296875
0 0.48828125 0.8388671875 0.03125 0.025390625
0 0.3623046875 0.8359375 0.017578125 0.01953125
0 0.2412109375 0.841796875 0.044921875 0.03125
0 0.00390625 0.830078125 0.0078125 0.0234375
0 0.4365234375 0.8251953125 0.021484375 0.025390625
0 0.599609375 0.8193359375 0.02734375 0.025390625
0 0.4072265625 0.8134765625 0.033203125 0.025390625
0 0.072265625 0.8173828125 0.02734375 0.037109375
0 0.25 0.8095703125 0.0390625 0.025390625
0 0.5712890625 0.806640625 0.029296875 0.02734375
0 0.169921875 0.8017578125 0.0234375 0.025390625
0 0.009765625 0.794921875 0.01953125 0.03125
0 0.3671875 0.7890625 0.02734375 0.02734375
0 0.2578125 0.787109375 0.0390625 0.02734375
0 0.5087890625 0.7822265625 0.025390625 0.021484375
0 0.3115234375 0.7919921875 0.029296875 0.041015625
0 0.580078125 0.77734375 0.02734375 0.02734375
0 0.0849609375 0.7802734375 0.025390625 0.033203125
0 0.546875 0.7734375 0.02734375 0.03125
0 0.181640625 0.76953125 0.0234375 0.03125
0 0.0166015625 0.7587890625 0.025390625 0.029296875
0 0.2666015625 0.7568359375 0.041015625 0.029296875
0 0.455078125 0.7568359375 0.03515625 0.041015625
0 0.0927734375 0.7431640625 0.029296875 0.033203125
0 0.49609375 0.7333984375 0.03125 0.029296875
0 0.1923828125 0.7333984375 0.025390625 0.029296875
0 0.0263671875 0.7216796875 0.021484375 0.025390625
0 0.330078125 0.716796875 0.02734375 0.02734375
0 0.42578125 0.71484375 0.03515625 0.03125
0 0.1025390625 0.7060546875 0.025390625 0.029296875
0 0.28515625 0.7021484375 0.04296875 0.033203125
0 0.1982421875 0.697265625 0.033203125 0.02734375
0 0.3798828125 0.6904296875 0.029296875 0.025390625
0 0.0361328125 0.689453125 0.025390625 0.03125
0 0.2939453125 0.6708984375 0.037109375 0.029296875
0 0.11328125 0.671875 0.02734375 0.03515625
0 0.21875 0.6591796875 0.02734375 0.033203125
0 0.0478515625 0.6484375 0.025390625 0.02734375
0 0.3037109375 0.6455078125 0.037109375 0.029296875
0 0.125 0.6328125 0.0234375 0.03125
0 0.892578125 0.6533203125 0.14453125 0.087890625
0 0.333984375 0.6181640625 0.0390625 0.029296875
0 0.232421875 0.6201171875 0.02734375 0.033203125
0 0.0556640625 0.61328125 0.029296875 0.03125
0 0.001953125 0.5888671875 0.00390625 0.005859375
0 0.1396484375 0.5966796875 0.025390625 0.037109375
0 0.033203125 0.580078125 0.015625 0.01953125
0 0.2431640625 0.58203125 0.029296875 0.03515625
0 0.0703125 0.5771484375 0.0234375 0.033203125
0 0.1552734375 0.5595703125 0.029296875 0.033203125
0 0.0087890625 0.552734375 0.017578125 0.0234375
0 0.0859375 0.5419921875 0.03125 0.033203125
0 0.2578125 0.533203125 0.02734375 0.03515625
0 0.2197265625 0.521484375 0.025390625 0.01953125
0 0.173828125 0.515625 0.03125 0.03515625
0 0.0146484375 0.5166015625 0.029296875 0.037109375
0 0.0400390625 0.501953125 0.017578125 0.01953125
0 0.1083984375 0.5 0.025390625 0.03125
0 0.0703125 0.4814453125 0.03125 0.021484375
0 0.03515625 0.4775390625 0.0234375 0.025390625
0 0.2734375 0.4599609375 0.04296875 0.029296875
0 0.2421875 0.443359375 0.0234375 0.02734375
0 0.2138671875 0.443359375 0.029296875 0.03125
0 0.14453125 0.421875 0.02734375 0.03125
0 0.2294921875 0.400390625 0.025390625 0.02734375
0 0.0908203125 0.4052734375 0.033203125 0.037109375
0 0.2939453125 0.3994140625 0.029296875 0.037109375
0 0.0205078125 0.3876953125 0.025390625 0.029296875
0 0.166015625 0.3779296875 0.02734375 0.029296875
0 0.2724609375 0.369140625 0.021484375 0.0234375
0 0.1064453125 0.365234375 0.025390625 0.03125
0 0.24609375 0.359375 0.02734375 0.02734375
0 0.037109375 0.357421875 0.02734375 0.02734375
0 0.2744140625 0.3408203125 0.017578125 0.021484375
0 0.17578125 0.33984375 0.02734375 0.03125
0 0.322265625 0.33984375 0.03125 0.0390625
0 0.9638671875 0.322265625 0.048828125 0.02734375
0 0.1220703125 0.32421875 0.025390625 0.03125
0 0.0517578125 0.3251953125 0.025390625 0.033203125
0 0.99609375 0.314453125 0.0078125 0.0234375
0 0.880859375 0.314453125 0.03515625 0.02734375
0 0.2587890625 0.3193359375 0.029296875 0.037109375
0 0.8076171875 0.3134765625 0.041015625 0.029296875
0 0.0078125 0.30859375 0.015625 0.0234375
0 0.287109375 0.3037109375 0.01953125 0.017578125
0 0.416015625 0.3134765625 0.03515625 0.044921875
0 0.33203125 0.302734375 0.03125 0.03125
0 0.3095703125 0.296875 0.017578125 0.01953125
0 0.1923828125 0.298828125 0.025390625 0.03125
0 0.853515625 0.287109375 0.01953125 0.015625
0 0.064453125 0.287109375 0.0234375 0.02734375
0 0.98828125 0.2822265625 0.01953125 0.021484375
0 0.8974609375 0.283203125 0.025390625 0.0234375
0 0.8173828125 0.28515625 0.044921875 0.03125
0 0.962890625 0.283203125 0.02734375 0.03125
0 0.716796875 0.283203125 0.0390625 0.03125
0 0.1337890625 0.2822265625 0.025390625 0.029296875
0 0.2734375 0.2802734375 0.02734375 0.029296875
0 0.5576171875 0.2666015625 0.025390625 0.025390625
0 0.01171875 0.2685546875 0.0234375 0.029296875
0 0.6396484375 0.2607421875 0.025390625 0.029296875
0 0.34765625 0.2607421875 0.0234375 0.033203125
0 0.90234375 0.2568359375 0.0390625 0.029296875
0 0.2041015625 0.2587890625 0.025390625 0.033203125
0 0.8251953125 0.255859375 0.044921875 0.03125
0 0.4228515625 0.2509765625 0.025390625 0.025390625
0 0.078125 0.251953125 0.02734375 0.03125
0 0.97265625 0.244140625 0.02734375 0.03125
0 0.1484375 0.2421875 0.0234375 0.03125
0 0.2861328125 0.240234375 0.025390625 0.03125
0 0.716796875 0.244140625 0.0546875 0.04296875
0 0.6474609375 0.234375 0.025390625 0.0234375
0 0.5595703125 0.2353515625 0.041015625 0.033203125
0 0.8720703125 0.2255859375 0.017578125 0.017578125
0 0.515625 0.236328125 0.02734375 0.0390625
0 0.0205078125 0.23046875 0.025390625 0.03125
0 0.9130859375 0.2265625 0.033203125 0.02734375
0 0.833984375 0.2236328125 0.046875 0.029296875
0 0.484375 0.2265625 0.0234375 0.0390625
0 0.7314453125 0.2197265625 0.041015625 0.029296875
0 0.984375 0.2158203125 0.03125 0.025390625
0 0.2177734375 0.21875 0.025390625 0.03125
0 0.353515625 0.216796875 0.0234375 0.03125
0 0.08984375 0.2119140625 0.0234375 0.025390625
0 0.6552734375 0.2099609375 0.025390625 0.025390625
0 0.4375 0.20703125 0.03515625 0.02734375
0 0.1630859375 0.201171875 0.025390625 0.02734375
0 0.2978515625 0.2021484375 0.025390625 0.033203125
0 0.744140625 0.1923828125 0.046875 0.025390625
0 0.9208984375 0.19140625 0.037109375 0.02734375
0 0.033203125 0.193359375 0.02734375 0.03125
0 0.580078125 0.185546875 0.0390625 0.02734375
0 0.6650390625 0.18359375 0.025390625 0.02734375
0 0.8740234375 0.1875 0.029296875 0.046875
0 0.365234375 0.1767578125 0.02734375 0.033203125
0 0.232421875 0.1767578125 0.0234375 0.033203125
0 0.103515625 0.17578125 0.0234375 0.03125
0 0.841796875 0.1787109375 0.03125 0.044921875
0 0.6787109375 0.162109375 0.037109375 0.02734375
0 0.5859375 0.1591796875 0.0390625 0.029296875
0 0.1767578125 0.16015625 0.025390625 0.03125
0 0.3134765625 0.1591796875 0.033203125 0.033203125
0 0.044921875 0.15625 0.02734375 0.03125
0 0.541015625 0.15625 0.02734375 0.046875
0 0.5126953125 0.1494140625 0.029296875 0.041015625
0 0.46875 0.1416015625 0.05859375 0.029296875
0 0.98828125 0.1376953125 0.0234375 0.025390625
0 0.763671875 0.1435546875 0.03125 0.037109375
0 0.376953125 0.1396484375 0.02734375 0.033203125
0 0.1142578125 0.138671875 0.021484375 0.03125
0 0.2451171875 0.13671875 0.025390625 0.03125
0 0.59765625 0.1328125 0.03125 0.02734375
0 0.685546875 0.1318359375 0.04296875 0.029296875
0 0.732421875 0.13671875 0.02734375 0.04296875
0 0.9599609375 0.1240234375 0.021484375 0.025390625
0 0.1904296875 0.12109375 0.025390625 0.03125
0 0.056640625 0.12109375 0.0234375 0.03125
0 0.9326171875 0.115234375 0.021484375 0.0234375
0 0.4697265625 0.1162109375 0.041015625 0.029296875
0 0.3251953125 0.1181640625 0.029296875 0.033203125
0 0.9970703125 0.1044921875 0.005859375 0.009765625
0 0.7080078125 0.111328125 0.029296875 0.02734375
0 0.1279296875 0.1015625 0.021484375 0.02734375
0 0.9033203125 0.1025390625 0.029296875 0.033203125
0 0.0048828125 0.1005859375 0.009765625 0.029296875
0 0.875 0.095703125 0.02734375 0.02734375
0 0.392578125 0.0986328125 0.0234375 0.033203125
0 0.2578125 0.0966796875 0.02734375 0.033203125
0 0.607421875 0.0947265625 0.0390625 0.052734375
0 0.0693359375 0.0830078125 0.025390625 0.033203125
0 0.34375 0.080078125 0.0390625 0.03125
0 0.9228515625 0.07421875 0.025390625 0.0234375
0 0.2041015625 0.0791015625 0.025390625 0.033203125
0 0.849609375 0.0810546875 0.02734375 0.041015625
0 0.984375 0.07421875 0.03125 0.0390625
0 0.822265625 0.0712890625 0.03125 0.041015625
0 0.51953125 0.08203125 0.09765625 0.06640625
0 0.796875 0.0615234375 0.02734375 0.033203125
0 0.1396484375 0.060546875 0.029296875 0.03125
0 0.0126953125 0.060546875 0.021484375 0.03125
0 0.9599609375 0.05859375 0.033203125 0.03515625
0 0.76953125 0.052734375 0.02734375 0.03515625
0 0.2744140625 0.05078125 0.025390625 0.03125
0 0.8388671875 0.041015625 0.021484375 0.015625
0 0.08203125 0.0458984375 0.02734375 0.029296875
0 0.869140625 0.0458984375 0.0234375 0.037109375
0 0.40234375 0.04296875 0.03515625 0.03125
0 0.8134765625 0.0322265625 0.017578125 0.017578125
0 0.7421875 0.04296875 0.03125 0.0390625
0 0.00390625 0.03125 0.0078125 0.015625
0 0.216796875 0.0361328125 0.0234375 0.029296875
0 0.8427734375 0.0244140625 0.021484375 0.017578125
0 0.71484375 0.03515625 0.02734375 0.0390625
0 0.353515625 0.03125 0.02734375 0.03515625
0 0.15234375 0.0263671875 0.0234375 0.029296875
0 0.771484375 0.017578125 0.01953125 0.01953125
0 0.0234375 0.0224609375 0.0234375 0.029296875
0 0.6826171875 0.025390625 0.029296875 0.0390625
0 0.9052734375 0.0390625 0.044921875 0.07421875
0 0.861328125 0.00390625 0.01171875 0.0078125
0 0.7451171875 0.0068359375 0.021484375 0.013671875
0 0.716796875 0.0029296875 0.01171875 0.005859375
0 0.6572265625 0.017578125 0.029296875 0.03515625
0 0.630859375 0.0126953125 0.0234375 0.025390625
0 0.2783203125 0.0166015625 0.037109375 0.033203125
0 0.2421875 0.0029296875 0.01953125 0.005859375
0 0.22265625 0.001953125 0.01171875 0.00390625
0 0.134765625 0.0068359375 0.01953125 0.013671875
0 0.0947265625 0.0126953125 0.029296875 0.025390625