0 0.869140625 0.998046875 0.00390625 0.00390625
0 0.4345703125 0.9970703125 0.017578125 0.005859375
0 0.1923828125 0.994140625 0.021484375 0.01171875
0 0.298828125 0.990234375 0.046875 0.01953125
0 0.041015625 0.990234375 0.02734375 0.01953125
0 0.2314453125 0.98828125 0.041015625 0.0234375
0 0.34765625 0.9775390625 0.03125 0.025390625
0 0.4052734375 0.9677734375 0.017578125 0.017578125
0 0.5830078125 0.9609375 0.033203125 0.03125
0 0.1064453125 0.9560546875 0.025390625 0.025390625
0 0.7919921875 0.9677734375 0.138671875 0.064453125
0 0.2080078125 0.9453125 0.021484375 0.0234375
0 0.169921875 0.92578125 0.03515625 0.03125
0 0.064453125 0.9228515625 0.03125 0.033203125
0 0.4912109375 0.91796875 0.025390625 0.02734375
0 0.2744140625 0.9208984375 0.025390625 0.037109375
0 0.548828125 0.912109375 0.03125 0.03125
0 0.3251953125 0.91015625 0.033203125 0.02734375
0 0.2412109375 0.90625 0.029296875 0.03515625
0 0.69921875 0.91796875 0.05859375 0.0625
0 0.1640625 0.8935546875 0.02734375 0.025390625
0 0.392578125 0.8896484375 0.03125 0.025390625
0 0.8310546875 0.900390625 0.056640625 0.07421875
0 0.5146484375 0.8701171875 0.025390625 0.021484375
0 0.3125 0.8671875 0.01953125 0.01953125
0 0.56640625 0.861328125 0.0234375 0.01953125
0 0.1494140625 0.865234375 0.048828125 0.03125
0 0.4892578125 0.857421875 0.025390625 0.0234375
0 0.400390625 0.8515625 0.0390625 0.0234375
0 0.00390625 0.845703125 0.0078125 0.015625
0 0.109375 0.833984375 0.03125 0.03125
0 0.4560546875 0.8203125 0.025390625 0.0234375
0 0.1630859375 0.8232421875 0.044921875 0.041015625
0 0.61328125 0.8115234375 0.02734375 0.021484375
0 0.548828125 0.8193359375 0.04296875 0.041015625
0 0.341796875 0.8095703125 0.0390625 0.029296875
0 0.2802734375 0.806640625 0.025390625 0.0234375
0 0.236328125 0.8134765625 0.03125 0.037109375
0 0.474609375 0.765625 0.0234375 0.0234375
0 0.0615234375 0.7646484375 0.041015625 0.037109375
0 0.8486328125 0.79296875 0.185546875 0.125
0 0.599609375 0.74609375 0.05078125 0.03515625
0 0.2919921875 0.7421875 0.025390625 0.02734375
0 0.3505859375 0.7412109375 0.029296875 0.037109375
0 0.255859375 0.7392578125 0.0234375 0.037109375
0 0.3935546875 0.728515625 0.017578125 0.01953125
0 0.21484375 0.7373046875 0.01953125 0.037109375
0 0.2734375 0.7119140625 0.01953125 0.021484375
0 0.173828125 0.73046875 0.05859375 0.0625
0 0.1064453125 0.7333984375 0.056640625 0.076171875
0 0.5224609375 0.7138671875 0.052734375 0.044921875
0 0.025390625 0.7041015625 0.03515625 0.033203125
0 0.42578125 0.703125 0.03125 0.04296875
0 0.291015625 0.689453125 0.01953125 0.01953125
0 0.623046875 0.68359375 0.02734375 0.0546875
0 0.564453125 0.6728515625 0.046875 0.033203125
0 0.4521484375 0.6806640625 0.029296875 0.052734375
0 0.189453125 0.66796875 0.02734375 0.02734375
0 0.232421875 0.66015625 0.02734375 0.0234375
0 0.0087890625 0.662109375 0.017578125 0.03125
0 0.28125 0.6572265625 0.0234375 0.025390625
0 0.05859375 0.6328125 0.015625 0.01953125
0 0.6123046875 0.6357421875 0.037109375 0.029296875
0 0.12109375 0.623046875 0.046875 0.03125
0 0.1767578125 0.6142578125 0.048828125 0.029296875
0 0.2314453125 0.6025390625 0.048828125 0.029296875
0 0.0029296875 0.5400390625 0.005859375 0.013671875
0 0.109375 0.53125 0.046875 0.04296875
0 0.5263671875 0.5556640625 0.056640625 0.095703125
0 0.4208984375 0.5322265625 0.056640625 0.091796875
0 0.3564453125 0.521484375 0.056640625 0.09375
0 0.015625 0.4638671875 0.03125 0.021484375
0 0.296875 0.494140625 0.0546875 0.08984375
0 0.494140625 0.4609375 0.09765625 0.046875
0 0.072265625 0.439453125 0.0390625 0.03125
0 0.236328125 0.4541015625 0.05078125 0.083984375
0 0.361328125 0.421875 0.09375 0.05078125
0 0.177734375 0.427734375 0.05078125 0.08203125
0 0.0107421875 0.3876953125 0.021484375 0.025390625
0 0.2431640625 0.3642578125 0.080078125 0.052734375
0 0.0400390625 0.330078125 0.029296875 0.03515625
0 0.0048828125 0.1162109375 0.009765625 0.029296875