0 0.1279296875 0.986328125 0.041015625 0.02734375
0 0.2109375 0.9814453125 0.0859375 0.037109375
0 0.3486328125 0.2353515625 0.041015625 0.017578125
0 0.47265625 0.203125 0.02734375 0.02734375
0 0.4970703125 0.1630859375 0.033203125 0.037109375
0 0.4482421875 0.14453125 0.029296875 0.0234375
0 0.513671875 0.1123046875 0.0546875 0.037109375
0 0.677734375 0.048828125 0.06640625 0.0390625
0 0.4189453125 0.0341796875 0.048828125 0.037109375
0 0.828125 0.0263671875 0.04296875 0.033203125
0 0.5830078125 0.0244140625 0.044921875 0.033203125
0 0.904296875 0.013671875 0.0390625 0.02734375
0 0.7705078125 0.0234375 0.037109375 0.046875
0 0.3134765625 0.0107421875 0.048828125 0.021484375