0 0.62890625 0.998046875 0.0078125 0.00390625
0 0.8681640625 0.9951171875 0.029296875 0.009765625
0 0.3662109375 0.9931640625 0.025390625 0.013671875
0 0.7734375 0.984375 0.02734375 0.03125
0 0.267578125 0.9775390625 0.0390625 0.033203125
0 0.5400390625 0.978515625 0.052734375 0.04296875
0 0.9443359375 0.9580078125 0.029296875 0.037109375
0 0.4833984375 0.9609375 0.041015625 0.04296875
0 0.2041015625 0.9482421875 0.041015625 0.037109375
0 0.138671875 0.947265625 0.04296875 0.0390625
0 0.671875 0.9462890625 0.05859375 0.052734375
0 0.083984375 0.9267578125 0.046875 0.029296875
0 0.013671875 0.9228515625 0.02734375 0.033203125
0 0.7822265625 0.9267578125 0.033203125 0.048828125
0 0.5712890625 0.9013671875 0.037109375 0.048828125
0 0.3271484375 0.8876953125 0.044921875 0.037109375
0 0.6923828125 0.890625 0.041015625 0.046875
0 0.82421875 0.8681640625 0.0390625 0.052734375
0 0.2646484375 0.8583984375 0.037109375 0.037109375
0 0.986328125 0.84765625 0.02734375 0.03515625
0 0.2080078125 0.8427734375 0.044921875 0.033203125
0 0.5966796875 0.8447265625 0.037109375 0.052734375
0 0.7265625 0.833984375 0.0546875 0.0546875
0 0.9345703125 0.8251953125 0.048828125 0.048828125
0 0.0087890625 0.7919921875 0.017578125 0.021484375
0 0.845703125 0.796875 0.03125 0.04296875
0 0.623046875 0.791015625 0.05078125 0.05078125
0 0.7568359375 0.76953125 0.052734375 0.05078125
0 0.3193359375 0.759765625 0.083984375 0.05078125
0 0.046875 0.755859375 0.03515625 0.046875
0 0.1455078125 0.75 0.025390625 0.046875
0 0.650390625 0.736328125 0.05078125 0.0546875
0 0.9775390625 0.7265625 0.044921875 0.05078125
0 0.8642578125 0.7265625 0.044921875 0.0546875
0 0.248046875 0.7138671875 0.05078125 0.044921875
0 0.384765625 0.7177734375 0.0546875 0.056640625
0 0.005859375 0.6962890625 0.01171875 0.017578125
0 0.1474609375 0.6943359375 0.033203125 0.041015625
0 0.5673828125 0.6875 0.052734375 0.03515625
0 0.0458984375 0.67578125 0.041015625 0.03125
0 0.466796875 0.6630859375 0.0390625 0.052734375
0 0.267578125 0.658203125 0.05078125 0.04296875
0 0.7919921875 0.65625 0.033203125 0.046875
0 0.6826171875 0.6435546875 0.041015625 0.048828125
0 0.884765625 0.6240234375 0.02734375 0.033203125
0 0.380859375 0.630859375 0.04296875 0.05078125
0 0.158203125 0.615234375 0.046875 0.03125
0 0.228515625 0.5908203125 0.046875 0.044921875
0 0.5693359375 0.560546875 0.052734375 0.02734375
0 0.37109375 0.5693359375 0.03515625 0.044921875
0 0.064453125 0.548828125 0.04296875 0.03125
0 0.2890625 0.55859375 0.0390625 0.0546875
0 0.1171875 0.52734375 0.04296875 0.03125
0 0.9248046875 0.51171875 0.013671875 0.015625
0 0.685546875 0.5078125 0.05078125 0.02734375
0 0.3740234375 0.513671875 0.044921875 0.0390625
0 0.8896484375 0.50390625 0.044921875 0.02734375
0 0.4658203125 0.5078125 0.056640625 0.03515625
0 0.169921875 0.498046875 0.03515625 0.046875
0 0.9736328125 0.4892578125 0.033203125 0.052734375
0 0.0244140625 0.45703125 0.029296875 0.04296875
0 0.2578125 0.453125 0.04296875 0.0390625
0 0.0751953125 0.4228515625 0.041015625 0.037109375
0 0.326171875 0.41796875 0.04296875 0.03515625
0 0.7041015625 0.4013671875 0.029296875 0.025390625
0 0.6220703125 0.396484375 0.029296875 0.02734375
0 0.2314453125 0.4033203125 0.041015625 0.044921875
0 0.51953125 0.3935546875 0.04296875 0.029296875
0 0.1318359375 0.408203125 0.041015625 0.05859375
0 0.576171875 0.3916015625 0.046875 0.029296875
0 0.7646484375 0.3837890625 0.033203125 0.029296875
0 0.466796875 0.3837890625 0.02734375 0.041015625
0 0.384765625 0.37109375 0.02734375 0.046875
0 0.0087890625 0.3505859375 0.017578125 0.021484375
0 0.208984375 0.353515625 0.03125 0.046875
0 0.4912109375 0.328125 0.052734375 0.04296875
0 0.0576171875 0.326171875 0.041015625 0.0390625
0 0.3447265625 0.3193359375 0.048828125 0.041015625
0 0.5263671875 0.2998046875 0.037109375 0.044921875
0 0.1923828125 0.2998046875 0.041015625 0.048828125
0 0.791015625 0.28125 0.046875 0.0234375
0 0.7333984375 0.2880859375 0.044921875 0.037109375
0 0.6220703125 0.291015625 0.037109375 0.04296875
0 0.57421875 0.2880859375 0.03515625 0.037109375
0 0.6748046875 0.283203125 0.044921875 0.03125
0 0.30078125 0.2841796875 0.04296875 0.044921875
0 0.849609375 0.2734375 0.05078125 0.03125
0 0.07421875 0.26953125 0.02734375 0.03515625
0 0.42578125 0.259765625 0.05078125 0.03125
0 0.912109375 0.25390625 0.046875 0.05078125
0 0.166015625 0.2412109375 0.02734375 0.041015625
0 0.27734375 0.234375 0.0390625 0.046875
0 0.3798828125 0.2255859375 0.048828125 0.044921875
0 0.466796875 0.21875 0.05078125 0.03515625
0 0.0771484375 0.2080078125 0.025390625 0.037109375
0 0.947265625 0.2109375 0.04296875 0.046875
0 0.7724609375 0.1953125 0.037109375 0.02734375
0 0.724609375 0.193359375 0.0390625 0.0234375
0 0.5478515625 0.1943359375 0.048828125 0.029296875
0 0.6767578125 0.19140625 0.044921875 0.02734375
0 0.626953125 0.189453125 0.0390625 0.03515625
0 0.27734375 0.1796875 0.0234375 0.04296875
0 0.162109375 0.1787109375 0.0234375 0.041015625
0 0.369140625 0.1748046875 0.03515625 0.041015625
0 0.97265625 0.1630859375 0.0390625 0.041015625
0 0.873046875 0.1611328125 0.0390625 0.048828125
0 0.0712890625 0.1494140625 0.029296875 0.044921875
0 0.375 0.126953125 0.04296875 0.03125
0 0.8310546875 0.12890625 0.041015625 0.04296875
0 0.4306640625 0.1259765625 0.041015625 0.041015625
0 0.48828125 0.12109375 0.046875 0.03515625
0 0.271484375 0.1240234375 0.0234375 0.041015625
0 0.1611328125 0.1201171875 0.029296875 0.037109375
0 0.9892578125 0.1181640625 0.021484375 0.041015625
0 0.70703125 0.1201171875 0.04296875 0.044921875
0 0.55859375 0.1083984375 0.046875 0.037109375
0 0.9130859375 0.099609375 0.044921875 0.0546875
0 0.0673828125 0.087890625 0.021484375 0.0390625
0 0.6142578125 0.080078125 0.044921875 0.046875
0 0.7939453125 0.0791015625 0.044921875 0.052734375
0 0.263671875 0.0693359375 0.03125 0.041015625
0 0.1611328125 0.0556640625 0.033203125 0.037109375
0 0.3642578125 0.0400390625 0.048828125 0.029296875
0 0.6630859375 0.044921875 0.048828125 0.046875
0 0.423828125 0.033203125 0.03515625 0.03515625
0 0.470703125 0.0302734375 0.03515625 0.033203125
0 0.064453125 0.029296875 0.03125 0.03515625
0 0.513671875 0.0244140625 0.0390625 0.037109375
0 0.7607421875 0.0283203125 0.037109375 0.048828125
0 0.962890625 0.0205078125 0.03515625 0.041015625
0 0.91796875 0.0029296875 0.01171875 0.005859375
0 0.8984375 0.0068359375 0.01953125 0.013671875
0 0.5478515625 0.0087890625 0.021484375 0.017578125
0 0.3505859375 0.0087890625 0.025390625 0.017578125
0 0.2646484375 0.017578125 0.025390625 0.03515625
0 0.15625 0.0078125 0.0234375 0.015625