0 0.328125 0.990234375 0.01953125 0.01953125
0 0.896484375 0.9755859375 0.05078125 0.048828125
0 0.5322265625 0.9619140625 0.060546875 0.029296875
0 0.7412109375 0.9501953125 0.025390625 0.017578125
0 0.966796875 0.9208984375 0.04296875 0.056640625
0 0.716796875 0.9140625 0.07421875 0.0546875
0 0.7919921875 0.900390625 0.052734375 0.0390625
0 0.5703125 0.861328125 0.04296875 0.03125
0 0.6015625 0.8515625 0.0234375 0.01953125
0 0.8828125 0.8359375 0.05078125 0.05078125
0 0.6923828125 0.8154296875 0.037109375 0.041015625
0 0.990234375 0.8095703125 0.01953125 0.037109375
0 0.9609375 0.7548828125 0.03515625 0.037109375
0 0.826171875 0.7451171875 0.05078125 0.029296875
0 0.900390625 0.7353515625 0.0390625 0.033203125
0 0.7158203125 0.744140625 0.048828125 0.05078125
0 0.986328125 0.6845703125 0.02734375 0.033203125
0 0.904296875 0.626953125 0.02734375 0.0390625
0 0.7626953125 0.615234375 0.080078125 0.05078125
0 0.9365234375 0.59765625 0.025390625 0.0234375
0 0.23828125 0.5986328125 0.0546875 0.033203125
0 0.8720703125 0.58984375 0.052734375 0.03515625
0 0.1513671875 0.5927734375 0.052734375 0.044921875
0 0.5888671875 0.5927734375 0.072265625 0.080078125
0 0.0439453125 0.5615234375 0.029296875 0.033203125
0 0.98046875 0.5625 0.0390625 0.0390625
0 0.0712890625 0.548828125 0.017578125 0.015625
0 0.697265625 0.53515625 0.04296875 0.02734375
0 0.009765625 0.537109375 0.01953125 0.03125
0 0.4423828125 0.5478515625 0.044921875 0.064453125
0 0.75390625 0.51953125 0.03125 0.0234375
0 0.8173828125 0.5068359375 0.041015625 0.029296875
0 0.8720703125 0.4931640625 0.033203125 0.033203125
0 0.294921875 0.46484375 0.046875 0.0234375
0 0.6748046875 0.44921875 0.044921875 0.0234375
0 0.951171875 0.4521484375 0.05078125 0.041015625
0 0.7421875 0.4443359375 0.0390625 0.033203125
0 0.0830078125 0.4423828125 0.044921875 0.033203125
0 0.8046875 0.4384765625 0.04296875 0.029296875
0 0.17578125 0.4375 0.05078125 0.03125
0 0.87109375 0.4189453125 0.05078125 0.029296875
0 0.9287109375 0.412109375 0.021484375 0.01953125
0 0.015625 0.4150390625 0.03125 0.033203125
0 0.4033203125 0.41015625 0.064453125 0.03515625
0 0.1171875 0.3515625 0.046875 0.0390625
0 0.259765625 0.3349609375 0.05078125 0.052734375
0 0.5703125 0.3291015625 0.05859375 0.048828125
0 0.2265625 0.3125 0.01953125 0.0234375
0 0.134765625 0.2802734375 0.0234375 0.029296875
0 0.4892578125 0.3017578125 0.037109375 0.095703125
0 0.5830078125 0.2607421875 0.021484375 0.017578125
0 0.9970703125 0.248046875 0.005859375 0.015625
0 0.00390625 0.23828125 0.0078125 0.01171875
0 0.1435546875 0.2138671875 0.048828125 0.037109375
0 0.2392578125 0.2109375 0.029296875 0.03515625
0 0.30859375 0.2197265625 0.0390625 0.056640625
0 0.03515625 0.1845703125 0.0390625 0.041015625
0 0.9150390625 0.19140625 0.107421875 0.0703125
0 0.634765625 0.2021484375 0.09765625 0.099609375
0 0.2431640625 0.13671875 0.033203125 0.04296875
0 0.1484375 0.1357421875 0.046875 0.044921875
0 0.994140625 0.111328125 0.01171875 0.0234375
0 0.0830078125 0.1123046875 0.041015625 0.041015625
0 0.3525390625 0.1083984375 0.041015625 0.060546875
0 0.2109375 0.0810546875 0.03125 0.033203125
0 0.87109375 0.103515625 0.09375 0.09765625
0 0.00390625 0.044921875 0.0078125 0.015625
0 0.1533203125 0.0322265625 0.060546875 0.037109375
0 0.7939453125 0.0546875 0.064453125 0.10546875
0 0.958984375 0.013671875 0.03515625 0.02734375
0 0.69921875 0.1533203125 0.16015625 0.306640625
0 0.576171875 0.044921875 0.109375 0.08984375
0 0.447265625 0.1748046875 0.140625 0.349609375
0 0.3828125 0.0224609375 0.03515625 0.044921875
0 0.0537109375 0.001953125 0.005859375 0.00390625