0 0.2412109375 0.990234375 0.029296875 0.01953125
0 0.0146484375 0.9892578125 0.029296875 0.021484375
0 0.18359375 0.9599609375 0.0390625 0.041015625
0 0.265625 0.955078125 0.02734375 0.0390625
0 0.6015625 0.94140625 0.015625 0.02734375
0 0.404296875 0.9345703125 0.03515625 0.021484375
0 0.546875 0.9345703125 0.01953125 0.025390625
0 0.361328125 0.935546875 0.03515625 0.02734375
0 0.96875 0.9599609375 0.05859375 0.080078125
0 0.197265625 0.9228515625 0.03125 0.037109375
0 0.05078125 0.91796875 0.0390625 0.03125
0 0.4638671875 0.9208984375 0.025390625 0.048828125
0 0.009765625 0.9111328125 0.01953125 0.029296875
0 0.283203125 0.9091796875 0.03125 0.041015625
0 0.10546875 0.90234375 0.03125 0.05078125
0 0.54296875 0.87890625 0.02734375 0.0390625
0 0.2177734375 0.876953125 0.037109375 0.03515625
0 0.46484375 0.8671875 0.0234375 0.0390625
0 0.3857421875 0.8701171875 0.033203125 0.044921875
0 0.0712890625 0.865234375 0.029296875 0.04296875
0 0.2919921875 0.86328125 0.037109375 0.04296875
0 0.6083984375 0.8486328125 0.021484375 0.044921875
0 0.13671875 0.84375 0.0390625 0.04296875
0 0.998046875 0.81640625 0.00390625 0.0078125
0 0.537109375 0.8291015625 0.01953125 0.033203125
0 0.818359375 0.8251953125 0.02734375 0.029296875
0 0.2392578125 0.8271484375 0.033203125 0.037109375
0 0.4609375 0.8203125 0.02734375 0.0390625
0 0.3154296875 0.8193359375 0.033203125 0.044921875
0 0.0537109375 0.8134765625 0.044921875 0.037109375
0 0.404296875 0.8203125 0.03515625 0.0546875
0 0.0068359375 0.8017578125 0.013671875 0.021484375
0 0.15625 0.794921875 0.03515625 0.0390625
0 0.6123046875 0.7900390625 0.021484375 0.041015625
0 0.2587890625 0.779296875 0.033203125 0.03125
0 0.5390625 0.78125 0.0234375 0.0390625
0 0.4599609375 0.7744140625 0.025390625 0.033203125
0 0.3349609375 0.775390625 0.029296875 0.04296875
0 0.1689453125 0.75 0.041015625 0.0390625
0 0.615234375 0.7333984375 0.02734375 0.037109375
0 0.275390625 0.73046875 0.03125 0.03125
0 0.5361328125 0.732421875 0.025390625 0.0390625
0 0.3525390625 0.7265625 0.029296875 0.04296875
0 0.4462890625 0.7216796875 0.025390625 0.041015625
0 0.62890625 0.6923828125 0.03125 0.033203125
0 0.283203125 0.6904296875 0.03125 0.033203125
0 0.0302734375 0.7099609375 0.060546875 0.076171875
0 0.5205078125 0.6826171875 0.025390625 0.037109375
0 0.373046875 0.6845703125 0.02734375 0.044921875
0 0.1923828125 0.67578125 0.029296875 0.03125
0 0.6474609375 0.6474609375 0.017578125 0.025390625
0 0.287109375 0.6513671875 0.03125 0.033203125
0 0.4990234375 0.634765625 0.021484375 0.03125
0 0.001953125 0.626953125 0.00390625 0.015625
0 0.1953125 0.6279296875 0.03125 0.041015625
0 0.39453125 0.623046875 0.0390625 0.05078125
0 0.302734375 0.6103515625 0.03515625 0.037109375
0 0.609375 0.6015625 0.0234375 0.03125
0 0.490234375 0.5869140625 0.03125 0.037109375
0 0.322265625 0.58203125 0.03515625 0.03515625
0 0.8291015625 0.5634765625 0.037109375 0.017578125
0 0.3408203125 0.5625 0.033203125 0.03125
0 0.9697265625 0.56640625 0.033203125 0.04296875
0 0.880859375 0.556640625 0.03515625 0.02734375
0 0.4169921875 0.546875 0.025390625 0.0390625
0 0.359375 0.537109375 0.03515625 0.03515625
0 0.5859375 0.537109375 0.04296875 0.046875
0 0.2392578125 0.5341796875 0.044921875 0.041015625
0 0.7099609375 0.5234375 0.033203125 0.0234375
0 0.658203125 0.513671875 0.0234375 0.01953125
0 0.2216796875 0.5146484375 0.025390625 0.025390625
0 0.7587890625 0.509765625 0.029296875 0.0390625
0 0.79296875 0.49609375 0.0234375 0.0234375
0 0.2685546875 0.50390625 0.033203125 0.0390625
0 0.82421875 0.486328125 0.0234375 0.01953125
0 0.40234375 0.4951171875 0.046875 0.044921875
0 0.90625 0.4765625 0.03125 0.01953125
0 0.8583984375 0.4775390625 0.025390625 0.021484375
0 0.994140625 0.4755859375 0.01171875 0.021484375
0 0.9443359375 0.4755859375 0.025390625 0.021484375
0 0.4931640625 0.4755859375 0.029296875 0.029296875
0 0.30859375 0.45703125 0.046875 0.03515625
0 0.619140625 0.4443359375 0.02734375 0.021484375
0 0.6552734375 0.4375 0.025390625 0.01953125
0 0.69921875 0.431640625 0.03125 0.0234375
0 0.7626953125 0.421875 0.037109375 0.02734375
0 0.8154296875 0.4091796875 0.025390625 0.021484375
0 0.8642578125 0.40625 0.033203125 0.0234375
0 0.373046875 0.4072265625 0.04296875 0.037109375
0 0.90234375 0.3935546875 0.03515625 0.021484375
0 0.42578125 0.3955078125 0.04296875 0.025390625
0 0.958984375 0.390625 0.03125 0.02734375
0 0.5234375 0.380859375 0.04296875 0.02734375
0 0.4755859375 0.3828125 0.041015625 0.0390625
0 0.5771484375 0.3740234375 0.044921875 0.025390625
0 0.6279296875 0.36328125 0.044921875 0.03125
0 0.701171875 0.35546875 0.05078125 0.0234375
0 0.8359375 0.341796875 0.01953125 0.01953125
0 0.7998046875 0.345703125 0.037109375 0.02734375
0 0.75 0.3447265625 0.03515625 0.029296875
0 0.455078125 0.3359375 0.01953125 0.01953125
0 0.859375 0.3369140625 0.02734375 0.025390625
0 0.013671875 0.3193359375 0.02734375 0.021484375
0 0.392578125 0.29296875 0.01953125 0.01953125
0 0.4638671875 0.2998046875 0.052734375 0.041015625
0 0.0380859375 0.27734375 0.041015625 0.02734375
0 0.9716796875 0.279296875 0.056640625 0.06640625
0 0.00390625 0.2607421875 0.0078125 0.029296875
0 0.0166015625 0.1796875 0.033203125 0.03515625
0 0.005859375 0.1181640625 0.01171875 0.021484375
0 0.0048828125 0.029296875 0.009765625 0.015625