0 0.685546875 0.998046875 0.0078125 0.00390625
0 0.640625 0.998046875 0.00390625 0.00390625
0 0.408203125 0.998046875 0.00390625 0.00390625
0 0.103515625 0.998046875 0.00390625 0.00390625
0 0.1171875 0.99609375 0.01171875 0.0078125
0 0.486328125 0.9951171875 0.015625 0.009765625
0 0.3046875 0.9951171875 0.015625 0.009765625
0 0.0078125 0.9951171875 0.015625 0.009765625
0 0.884765625 0.9931640625 0.0234375 0.013671875
0 0.98046875 0.9921875 0.0234375 0.015625
0 0.5947265625 0.9921875 0.033203125 0.015625
0 0.3876953125 0.9892578125 0.029296875 0.021484375
0 0.2822265625 0.9873046875 0.037109375 0.025390625
0 0.02734375 0.9853515625 0.01953125 0.021484375
0 0.658203125 0.9814453125 0.01953125 0.017578125
0 0.857421875 0.9833984375 0.03515625 0.033203125
0 0.775390625 0.9814453125 0.03515625 0.033203125
0 0.234375 0.97265625 0.01953125 0.01953125
0 0.61328125 0.9765625 0.03515625 0.03125
0 0.978515625 0.9697265625 0.01953125 0.021484375
0 0.7998046875 0.966796875 0.017578125 0.01953125
0 0.3701171875 0.9736328125 0.033203125 0.033203125
0 0.8359375 0.970703125 0.03515625 0.03515625
0 0.7451171875 0.9716796875 0.033203125 0.037109375
0 0.931640625 0.9638671875 0.02734375 0.033203125
0 0.173828125 0.962890625 0.0390625 0.03515625
0 0.3544921875 0.958984375 0.033203125 0.03125
0 0.265625 0.9580078125 0.03515625 0.029296875
0 0.630859375 0.9560546875 0.03515625 0.033203125
0 0.7216796875 0.951171875 0.033203125 0.0390625
0 0.0439453125 0.9462890625 0.029296875 0.029296875
0 0.19921875 0.943359375 0.02734375 0.02734375
0 0.80859375 0.9404296875 0.02734375 0.025390625
0 0.9912109375 0.94140625 0.017578125 0.03125
0 0.33203125 0.9404296875 0.03515625 0.029296875
0 0.783203125 0.9248046875 0.03515625 0.041015625
0 0.693359375 0.9228515625 0.03125 0.037109375
0 0.974609375 0.9189453125 0.03125 0.037109375
0 0.23046875 0.9208984375 0.03515625 0.041015625
0 0.0654296875 0.9130859375 0.033203125 0.044921875
0 0.9541015625 0.9033203125 0.029296875 0.033203125
0 0.7607421875 0.904296875 0.037109375 0.0390625
0 0.669921875 0.89453125 0.03515625 0.03515625
0 0.89453125 0.9140625 0.06640625 0.08203125
0 0.7265625 0.8857421875 0.0546875 0.037109375
0 0.1640625 0.87890625 0.02734375 0.0234375
0 0.9345703125 0.8828125 0.033203125 0.03515625
0 0.2861328125 0.8828125 0.033203125 0.0390625
0 0.119140625 0.8798828125 0.03515625 0.037109375
0 0.8486328125 0.8828125 0.033203125 0.046875
0 0.826171875 0.8740234375 0.03125 0.029296875
0 0.0341796875 0.8740234375 0.025390625 0.029296875
0 0.9951171875 0.861328125 0.009765625 0.015625
0 0.4228515625 0.8701171875 0.033203125 0.033203125
0 0.3056640625 0.8662109375 0.037109375 0.037109375
0 0.91015625 0.86328125 0.03515625 0.03515625
0 0.185546875 0.8603515625 0.03515625 0.037109375
0 0.8095703125 0.8564453125 0.029296875 0.033203125
0 0.0126953125 0.8515625 0.025390625 0.02734375
0 0.326171875 0.8486328125 0.03125 0.033203125
0 0.7001953125 0.8505859375 0.052734375 0.052734375
0 0.888671875 0.8369140625 0.03125 0.033203125
0 0.4892578125 0.8330078125 0.025390625 0.025390625
0 0.9853515625 0.8359375 0.029296875 0.0390625
0 0.7783203125 0.8349609375 0.048828125 0.037109375
0 0.0888671875 0.8310546875 0.029296875 0.029296875
0 0.3544921875 0.828125 0.025390625 0.02734375
0 0.2294921875 0.830078125 0.033203125 0.0390625
0 0.1484375 0.826171875 0.0390625 0.03515625
0 0.4521484375 0.8193359375 0.033203125 0.033203125
0 0.857421875 0.8173828125 0.03515625 0.037109375
0 0.2119140625 0.8076171875 0.017578125 0.017578125
0 0.25 0.814453125 0.03515625 0.03515625
0 0.783203125 0.8046875 0.01953125 0.01953125
0 0.3798828125 0.806640625 0.025390625 0.02734375
0 0.0673828125 0.806640625 0.025390625 0.02734375
0 0.7314453125 0.8046875 0.029296875 0.03125
0 0.8369140625 0.8037109375 0.037109375 0.037109375
0 0.1298828125 0.80078125 0.041015625 0.03515625
0 0.9423828125 0.7978515625 0.033203125 0.037109375
0 0.2724609375 0.7978515625 0.033203125 0.037109375
0 0.2353515625 0.78515625 0.017578125 0.015625
0 0.75 0.787109375 0.0390625 0.03515625
0 0.2939453125 0.7841796875 0.029296875 0.033203125
0 0.2041015625 0.7841796875 0.037109375 0.033203125
0 0.0537109375 0.7802734375 0.025390625 0.025390625
0 0.9189453125 0.779296875 0.033203125 0.03515625
0 0.4287109375 0.7783203125 0.037109375 0.037109375
0 0.80859375 0.78125 0.03515625 0.06640625
0 0.765625 0.7626953125 0.0390625 0.037109375
0 0.986328125 0.7568359375 0.0234375 0.029296875
0 0.89453125 0.759765625 0.03515625 0.03515625
0 0.03125 0.7529296875 0.0234375 0.021484375
0 0.1875 0.7578125 0.03515625 0.03515625
0 0.005859375 0.74609375 0.01171875 0.01953125
0 0.8740234375 0.7451171875 0.033203125 0.037109375
0 0.0986328125 0.7548828125 0.056640625 0.060546875
0 0.345703125 0.740234375 0.03515625 0.0390625
0 0.9580078125 0.7314453125 0.025390625 0.025390625
0 0.1669921875 0.734375 0.037109375 0.03515625
0 0.2080078125 0.724609375 0.021484375 0.01953125
0 0.240234375 0.724609375 0.0390625 0.03515625
0 0.3681640625 0.720703125 0.033203125 0.0390625
0 0.830078125 0.7138671875 0.0390625 0.037109375
0 0.40625 0.705078125 0.02734375 0.02734375
0 0.1494140625 0.7080078125 0.037109375 0.033203125
0 0.91796875 0.7060546875 0.03515625 0.033203125
0 0.8544921875 0.701171875 0.037109375 0.03515625
0 0.3251953125 0.69921875 0.044921875 0.0390625
0 0.216796875 0.6923828125 0.03515625 0.033203125
0 0.427734375 0.6875 0.02734375 0.02734375
0 0.2958984375 0.6845703125 0.033203125 0.029296875
0 0.97265625 0.6708984375 0.0234375 0.029296875
0 0.88671875 0.6650390625 0.02734375 0.025390625
0 0.2802734375 0.662109375 0.033203125 0.03515625
0 0.4736328125 0.65625 0.025390625 0.02734375
0 0.0166015625 0.658203125 0.033203125 0.04296875
0 0.990234375 0.6435546875 0.01953125 0.021484375
0 0.388671875 0.646484375 0.03515625 0.02734375
0 0.0595703125 0.6435546875 0.041015625 0.037109375
0 0.962890625 0.630859375 0.01953125 0.01953125
0 0.49609375 0.6357421875 0.03125 0.029296875
0 0.9833984375 0.6220703125 0.017578125 0.017578125
0 0.9248046875 0.6259765625 0.041015625 0.033203125
0 0.375 0.625 0.03125 0.03125
0 0.5234375 0.6171875 0.02734375 0.02734375
0 0.4443359375 0.60546875 0.029296875 0.02734375
0 0.5458984375 0.599609375 0.025390625 0.02734375
0 0.3525390625 0.59765625 0.033203125 0.03515625
0 0.9375 0.5908203125 0.01953125 0.025390625
0 0.9697265625 0.587890625 0.029296875 0.03515625
0 0.00390625 0.578125 0.0078125 0.015625
0 0.427734375 0.580078125 0.03515625 0.03515625
0 0.337890625 0.5654296875 0.02734375 0.025390625
0 0.5888671875 0.5634765625 0.025390625 0.029296875
0 0.513671875 0.5576171875 0.03125 0.025390625
0 0.404296875 0.5537109375 0.02734375 0.025390625
0 0.9609375 0.5498046875 0.0234375 0.025390625
0 0.6162109375 0.5458984375 0.021484375 0.025390625
0 0.1025390625 0.599609375 0.099609375 0.15234375
0 0.6416015625 0.537109375 0.029296875 0.03125
0 0.494140625 0.5283203125 0.0234375 0.025390625
0 0.396484375 0.53125 0.02734375 0.03125
0 0.580078125 0.5205078125 0.01953125 0.017578125
0 0.66796875 0.5205078125 0.03125 0.033203125
0 0.55859375 0.517578125 0.02734375 0.02734375
0 0.0283203125 0.5302734375 0.056640625 0.052734375
0 0.4677734375 0.515625 0.033203125 0.03515625
0 0.611328125 0.4990234375 0.01953125 0.021484375
0 0.994140625 0.501953125 0.01171875 0.03515625
0 0.7255859375 0.4990234375 0.029296875 0.029296875
0 0.9541015625 0.4990234375 0.033203125 0.033203125
0 0.1640625 0.5009765625 0.04296875 0.041015625
0 0.5478515625 0.49609375 0.037109375 0.03515625
0 0.6240234375 0.47265625 0.033203125 0.0234375
0 0.5234375 0.474609375 0.03125 0.03125
0 0.7001953125 0.4638671875 0.033203125 0.033203125
0 0.7978515625 0.4599609375 0.025390625 0.033203125
0 0.8349609375 0.4560546875 0.033203125 0.029296875
0 0.6083984375 0.4482421875 0.025390625 0.025390625
0 0.8818359375 0.439453125 0.025390625 0.0390625
0 0.998046875 0.419921875 0.00390625 0.01171875
0 0.6787109375 0.4287109375 0.029296875 0.029296875
0 0.7412109375 0.427734375 0.021484375 0.03125
0 0.564453125 0.4296875 0.03125 0.03515625
0 0.9462890625 0.42578125 0.025390625 0.03515625
0 0.0048828125 0.4140625 0.009765625 0.01953125
0 0.9833984375 0.421875 0.025390625 0.0390625
0 0.33203125 0.4375 0.07421875 0.08203125
0 0.65625 0.4033203125 0.03125 0.033203125
0 0.794921875 0.3974609375 0.01953125 0.029296875
0 0.8759765625 0.3896484375 0.017578125 0.029296875
0 0.7255859375 0.3857421875 0.025390625 0.033203125
0 0.625 0.3818359375 0.03125 0.025390625
0 0.474609375 0.3837890625 0.0390625 0.033203125
0 0.9482421875 0.3740234375 0.041015625 0.025390625
0 0.5390625 0.37890625 0.04296875 0.0390625
0 0.2412109375 0.376953125 0.041015625 0.0390625
0 0.79296875 0.359375 0.01953125 0.02734375
0 0.869140625 0.3583984375 0.02734375 0.029296875
0 0.42578125 0.359375 0.0546875 0.046875
0 0.9453125 0.3427734375 0.03515625 0.021484375
0 0.2197265625 0.34765625 0.021484375 0.03125
0 0.7236328125 0.34765625 0.021484375 0.03515625
0 0.673828125 0.3369140625 0.03125 0.029296875
0 0.5888671875 0.341796875 0.048828125 0.046875
0 0.7880859375 0.3251953125 0.017578125 0.029296875
0 0.9404296875 0.31640625 0.029296875 0.01953125
0 0.857421875 0.3193359375 0.04296875 0.025390625
0 0.0322265625 0.3291015625 0.037109375 0.044921875
0 0.4990234375 0.3095703125 0.044921875 0.029296875
0 0.7119140625 0.296875 0.021484375 0.02734375
0 0.6298828125 0.302734375 0.041015625 0.0390625
0 0.078125 0.310546875 0.08203125 0.05859375
0 0.3876953125 0.30078125 0.033203125 0.046875
0 0.9931640625 0.287109375 0.013671875 0.02734375
0 0.8642578125 0.2861328125 0.025390625 0.029296875
0 0.7919921875 0.2861328125 0.029296875 0.033203125
0 0.6748046875 0.279296875 0.029296875 0.01953125
0 0.93359375 0.2802734375 0.0234375 0.029296875
0 0.5478515625 0.283203125 0.048828125 0.046875
0 0.4541015625 0.2607421875 0.025390625 0.041015625
0 0.5830078125 0.2412109375 0.044921875 0.048828125
0 0.1357421875 0.2470703125 0.072265625 0.068359375
0 0.9912109375 0.208984375 0.017578125 0.02734375
0 0.4833984375 0.212890625 0.044921875 0.046875
0 0.2109375 0.2080078125 0.046875 0.048828125
0 0.8583984375 0.2001953125 0.025390625 0.041015625
0 0.80078125 0.1982421875 0.03515625 0.044921875
0 0.71484375 0.197265625 0.04296875 0.046875
0 0.66015625 0.1923828125 0.046875 0.044921875
0 0.5791015625 0.1826171875 0.044921875 0.048828125
0 0.923828125 0.1572265625 0.03125 0.021484375
0 0.5244140625 0.16015625 0.041015625 0.04296875
0 0.853515625 0.1474609375 0.0234375 0.021484375
0 0.2548828125 0.1689453125 0.072265625 0.064453125
0 0.630859375 0.1474609375 0.04296875 0.048828125
0 0.79296875 0.1416015625 0.03515625 0.044921875
0 0.921875 0.125 0.03125 0.01953125
0 0.7177734375 0.13671875 0.041015625 0.04296875
0 0.2998046875 0.13671875 0.072265625 0.046875
0 0.8515625 0.1123046875 0.0234375 0.017578125
0 0.919921875 0.09765625 0.03125 0.01953125
0 0.9755859375 0.0986328125 0.021484375 0.041015625
0 0.3544921875 0.099609375 0.044921875 0.04296875
0 0.607421875 0.09765625 0.0390625 0.046875
0 0.8486328125 0.083984375 0.025390625 0.02734375
0 0.4970703125 0.087890625 0.048828125 0.05078125
0 0.693359375 0.083984375 0.04296875 0.046875
0 0.9228515625 0.0703125 0.037109375 0.0234375
0 0.337890625 0.07421875 0.03125 0.03125
0 0.76953125 0.08203125 0.04296875 0.05078125
0 0.53125 0.060546875 0.02734375 0.02734375
0 0.84765625 0.0517578125 0.0234375 0.025390625
0 0.6416015625 0.052734375 0.041015625 0.03125
0 0.4033203125 0.052734375 0.037109375 0.03515625
0 0.9140625 0.0390625 0.0234375 0.02734375
0 0.744140625 0.0263671875 0.0390625 0.048828125
0 0.916015625 0.01171875 0.02734375 0.0234375
0 0.8486328125 0.013671875 0.033203125 0.02734375
0 0.5732421875 0.0078125 0.029296875 0.015625
0 0.4716796875 0.0126953125 0.041015625 0.025390625