0 0.5185546875 0.998046875 0.009765625 0.00390625
0 0.7451171875 0.99609375 0.017578125 0.0078125
0 0.66796875 0.99609375 0.0234375 0.0078125
0 0.4638671875 0.9921875 0.025390625 0.015625
0 0.255859375 0.9912109375 0.03515625 0.017578125
0 0.1259765625 0.990234375 0.033203125 0.01953125
0 0.404296875 0.9892578125 0.03125 0.021484375
0 0.037109375 0.9873046875 0.02734375 0.025390625
0 0.59765625 0.9794921875 0.0234375 0.025390625
0 0.185546875 0.9794921875 0.03515625 0.025390625
0 0.6767578125 0.9775390625 0.033203125 0.025390625
0 0.3232421875 0.98046875 0.033203125 0.03515625
0 0.001953125 0.962890625 0.00390625 0.015625
0 0.533203125 0.9677734375 0.0234375 0.029296875
0 0.1337890625 0.9560546875 0.033203125 0.029296875
0 0.2705078125 0.9482421875 0.029296875 0.025390625
0 0.421875 0.94921875 0.046875 0.03515625
0 0.603515625 0.943359375 0.02734375 0.02734375
0 0.05078125 0.939453125 0.03125 0.0234375
0 0.19921875 0.931640625 0.03515625 0.02734375
0 0.541015625 0.9228515625 0.0234375 0.033203125
0 0.3349609375 0.923828125 0.029296875 0.0390625
0 0.140625 0.91796875 0.03515625 0.03125
0 0.27734375 0.9052734375 0.0390625 0.041015625
0 0.4892578125 0.896484375 0.033203125 0.02734375
0 0.2041015625 0.8916015625 0.037109375 0.037109375
0 0.0791015625 0.72265625 0.029296875 0.0234375
0 0.04296875 0.7158203125 0.0234375 0.025390625
0 0.009765625 0.7060546875 0.01953125 0.025390625
0 0.3681640625 0.67578125 0.056640625 0.0625
0 0.23046875 0.6669921875 0.08203125 0.056640625
0 0.3115234375 0.6650390625 0.056640625 0.060546875
0 0.8369140625 0.640625 0.048828125 0.015625
0 0.158203125 0.6474609375 0.05859375 0.044921875
0 0.0830078125 0.6435546875 0.072265625 0.076171875
0 0.0166015625 0.6181640625 0.029296875 0.037109375
0 0.9365234375 0.19140625 0.029296875 0.0234375
0 0.7744140625 0.1943359375 0.052734375 0.037109375
0 0.40625 0.185546875 0.07421875 0.05078125
0 0.9921875 0.1669921875 0.015625 0.021484375
0 0.970703125 0.1728515625 0.0234375 0.033203125
0 0.1494140625 0.16015625 0.064453125 0.04296875
0 0.84375 0.1494140625 0.03515625 0.037109375
0 0.9970703125 0.130859375 0.005859375 0.01953125
0 0.9501953125 0.1328125 0.048828125 0.03125
0 0.939453125 0.107421875 0.03515625 0.0234375
0 0.99609375 0.1005859375 0.0078125 0.021484375
0 0.0615234375 0.1240234375 0.123046875 0.091796875
0 0.9326171875 0.0751953125 0.021484375 0.021484375
0 0.2890625 0.125 0.203125 0.13671875
0 0.9951171875 0.064453125 0.009765625 0.01953125
0 0.001953125 0.05078125 0.00390625 0.00390625
0 0.97265625 0.0498046875 0.015625 0.013671875
0 0.1103515625 0.0693359375 0.064453125 0.060546875
0 0.9326171875 0.0439453125 0.041015625 0.021484375
0 0.9912109375 0.03515625 0.017578125 0.01953125
0 0.9287109375 0.017578125 0.037109375 0.02734375
0 0.990234375 0.0078125 0.01953125 0.015625
0 0.9541015625 0.0068359375 0.013671875 0.013671875
0 0.701171875 0.0205078125 0.13671875 0.041015625
0 0.5205078125 0.1162109375 0.212890625 0.232421875
0 0.068359375 0.0302734375 0.09375 0.060546875