0 0.7216796875 0.998046875 0.009765625 0.00390625
0 0.359375 0.9970703125 0.01171875 0.005859375
0 0.8740234375 0.9951171875 0.021484375 0.009765625
0 0.5185546875 0.9912109375 0.044921875 0.017578125
0 0.3837890625 0.9912109375 0.017578125 0.017578125
0 0.5849609375 0.98828125 0.044921875 0.0234375
0 0.65625 0.9873046875 0.02734375 0.025390625
0 0.4091796875 0.984375 0.037109375 0.03125
0 0.111328125 0.984375 0.08984375 0.03125
0 0.693359375 0.9755859375 0.0234375 0.029296875
0 0.939453125 0.9755859375 0.0390625 0.033203125
0 0.0263671875 0.9765625 0.052734375 0.046875
0 0.732421875 0.9609375 0.04296875 0.03125
0 0.6396484375 0.9501953125 0.029296875 0.025390625
0 0.5771484375 0.9619140625 0.041015625 0.048828125
0 0.4814453125 0.958984375 0.033203125 0.04296875
0 0.9765625 0.9541015625 0.03125 0.037109375
0 0.818359375 0.95703125 0.08203125 0.0625
0 0.6787109375 0.9375 0.021484375 0.0234375
0 0.5068359375 0.94921875 0.048828125 0.0546875
0 0.9931640625 0.93359375 0.013671875 0.02734375
0 0.7177734375 0.923828125 0.037109375 0.03125
0 0.62890625 0.921875 0.03125 0.03515625
0 0.91015625 0.91015625 0.03515625 0.0390625
0 0.5673828125 0.9091796875 0.037109375 0.044921875
0 0.8056640625 0.904296875 0.052734375 0.046875
0 0.173828125 0.916015625 0.0859375 0.07421875
0 0.3173828125 0.9296875 0.189453125 0.10546875
0 0.744140625 0.884765625 0.02734375 0.02734375
0 0.697265625 0.87890625 0.02734375 0.0234375
0 0.9619140625 0.8759765625 0.044921875 0.033203125
0 0.6669921875 0.8779296875 0.025390625 0.037109375
0 0.9052734375 0.873046875 0.029296875 0.03125
0 0.609375 0.875 0.03515625 0.03515625
0 0.787109375 0.8662109375 0.0390625 0.037109375
0 0.4658203125 0.8623046875 0.025390625 0.033203125
0 0.90625 0.8486328125 0.015625 0.013671875
0 0.951171875 0.8544921875 0.03515625 0.033203125
0 0.6357421875 0.8515625 0.041015625 0.04296875
0 0.8671875 0.84375 0.0390625 0.0390625
0 0.41796875 0.8427734375 0.03515625 0.037109375
0 0.6669921875 0.8330078125 0.037109375 0.041015625
0 0.7626953125 0.8232421875 0.037109375 0.025390625
0 0.3837890625 0.822265625 0.029296875 0.03125
0 0.9267578125 0.81640625 0.044921875 0.0390625
0 0.2568359375 0.8447265625 0.103515625 0.099609375
0 0.353515625 0.8017578125 0.02734375 0.029296875
0 0.177734375 0.80078125 0.03125 0.02734375
0 0.8359375 0.8017578125 0.04296875 0.052734375
0 0.1455078125 0.787109375 0.021484375 0.0234375
0 0.3759765625 0.78125 0.021484375 0.01953125
0 0.1337890625 0.8115234375 0.087890625 0.080078125
0 0.9150390625 0.7822265625 0.033203125 0.029296875
0 0.4453125 0.787109375 0.0390625 0.0390625
0 0.990234375 0.7783203125 0.01953125 0.037109375
0 0.1982421875 0.775390625 0.037109375 0.03515625
0 0.7216796875 0.783203125 0.080078125 0.0625
0 0.390625 0.7568359375 0.0234375 0.029296875
0 0.15234375 0.7529296875 0.0234375 0.025390625
0 0.9658203125 0.7421875 0.037109375 0.03515625
0 0.4462890625 0.734375 0.025390625 0.0234375
0 0.306640625 0.744140625 0.046875 0.04296875
0 0.0341796875 0.74609375 0.060546875 0.05859375
0 0.484375 0.71875 0.0234375 0.0234375
0 0.390625 0.71875 0.0234375 0.0234375
0 0.1513671875 0.7138671875 0.060546875 0.044921875
0 0.97265625 0.705078125 0.0234375 0.03125
0 0.845703125 0.7373046875 0.1171875 0.095703125
0 0.2529296875 0.70703125 0.041015625 0.04296875
0 0.615234375 0.6943359375 0.03515625 0.029296875
0 0.9404296875 0.6884765625 0.037109375 0.029296875
0 0.46484375 0.6884765625 0.0390625 0.041015625
0 0.546875 0.7275390625 0.1015625 0.126953125
0 0.4150390625 0.671875 0.021484375 0.0234375
0 0.2802734375 0.6767578125 0.037109375 0.037109375
0 0.3642578125 0.69140625 0.083984375 0.0703125
0 0.2177734375 0.6748046875 0.033203125 0.041015625
0 0.4423828125 0.6669921875 0.029296875 0.029296875
0 0.98828125 0.654296875 0.0234375 0.03125
0 0.3876953125 0.6533203125 0.037109375 0.037109375
0 0.2578125 0.642578125 0.01953125 0.01953125
0 0.04296875 0.6474609375 0.02734375 0.033203125
0 0.30859375 0.6435546875 0.02734375 0.029296875
0 0.1884765625 0.638671875 0.048828125 0.04296875
0 0.6787109375 0.658203125 0.087890625 0.09375
0 0.4111328125 0.6279296875 0.041015625 0.033203125
0 0.28515625 0.62109375 0.02734375 0.02734375
0 0.765625 0.62109375 0.0390625 0.04296875
0 0.5380859375 0.6240234375 0.056640625 0.060546875
0 0.1494140625 0.6083984375 0.041015625 0.037109375
0 0.22265625 0.603515625 0.04296875 0.03515625
0 0.6455078125 0.5966796875 0.033203125 0.029296875
0 0.126953125 0.5947265625 0.02734375 0.029296875
0 0.4345703125 0.59765625 0.044921875 0.046875
0 0.5966796875 0.6083984375 0.041015625 0.072265625
0 0.9375 0.6259765625 0.12109375 0.111328125
0 0.798828125 0.5947265625 0.046875 0.048828125
0 0.326171875 0.591796875 0.0546875 0.046875
0 0.244140625 0.576171875 0.02734375 0.02734375
0 0.490234375 0.60546875 0.08203125 0.08984375
0 0.9970703125 0.5634765625 0.005859375 0.013671875
0 0.005859375 0.5693359375 0.01171875 0.025390625
0 0.626953125 0.56640625 0.02734375 0.02734375
0 0.7431640625 0.5703125 0.041015625 0.0390625
0 0.294921875 0.568359375 0.03515625 0.04296875
0 0.470703125 0.5556640625 0.03515625 0.033203125
0 0.826171875 0.5654296875 0.05859375 0.056640625
0 0.712890625 0.552734375 0.04296875 0.04296875
0 0.265625 0.5498046875 0.04296875 0.037109375
0 0.1796875 0.548828125 0.046875 0.05078125
0 0.0830078125 0.544921875 0.037109375 0.04296875
0 0.19921875 0.5380859375 0.03515625 0.033203125
0 0.89453125 0.533203125 0.046875 0.0390625
0 0.791015625 0.52734375 0.03515625 0.03515625
0 0.1171875 0.5234375 0.02734375 0.03125
0 0.56640625 0.5078125 0.01953125 0.01953125
0 0.3837890625 0.5205078125 0.041015625 0.044921875
0 0.6796875 0.5146484375 0.04296875 0.041015625
0 0.2255859375 0.5107421875 0.041015625 0.041015625
0 0.71875 0.5009765625 0.02734375 0.029296875
0 0.1435546875 0.50390625 0.048828125 0.0390625
0 0.765625 0.49609375 0.0390625 0.03125
0 0.51171875 0.5087890625 0.0546875 0.056640625
0 0.6611328125 0.49609375 0.037109375 0.03515625
0 0.029296875 0.5 0.03515625 0.04296875
0 0.34765625 0.4970703125 0.03515625 0.041015625
0 0.1953125 0.4951171875 0.03515625 0.056640625
0 0.634765625 0.4765625 0.03125 0.03125
0 0.8369140625 0.478515625 0.044921875 0.046875
0 0.0263671875 0.462890625 0.017578125 0.01953125
0 0.4580078125 0.46875 0.033203125 0.03515625
0 0.3681640625 0.458984375 0.017578125 0.015625
0 0.740234375 0.46484375 0.03515625 0.03125
0 0.53515625 0.4638671875 0.02734375 0.029296875
0 0.0556640625 0.4677734375 0.025390625 0.037109375
0 0.3125 0.4697265625 0.0703125 0.044921875
0 0.1611328125 0.4638671875 0.041015625 0.033203125
0 0.01171875 0.4501953125 0.0234375 0.017578125
0 0.087890625 0.4462890625 0.03125 0.029296875
0 0.80859375 0.4453125 0.03125 0.03125
0 0.9375 0.4697265625 0.0859375 0.087890625
0 0.6455078125 0.4375 0.033203125 0.03125
0 0.4208984375 0.4384765625 0.044921875 0.033203125
0 0.7109375 0.4345703125 0.04296875 0.033203125
0 0.4853515625 0.43359375 0.033203125 0.03125
0 0.279296875 0.435546875 0.03515625 0.03515625
0 0.5830078125 0.4345703125 0.037109375 0.041015625
0 0.224609375 0.4267578125 0.03515625 0.037109375
0 0.060546875 0.4189453125 0.01953125 0.021484375
0 0.1142578125 0.4169921875 0.025390625 0.029296875
0 0.380859375 0.4111328125 0.03125 0.033203125
0 0.0048828125 0.4033203125 0.009765625 0.017578125
0 0.462890625 0.412109375 0.0390625 0.0390625
0 0.68359375 0.40625 0.03125 0.03125
0 0.5947265625 0.4013671875 0.033203125 0.033203125
0 0.19921875 0.3984375 0.03125 0.04296875
0 0.083984375 0.388671875 0.0234375 0.0234375
0 0.4404296875 0.388671875 0.037109375 0.03125
0 0.2509765625 0.380859375 0.041015625 0.03125
0 0.5283203125 0.3779296875 0.037109375 0.037109375
0 0.353515625 0.3623046875 0.01953125 0.017578125
0 0.1611328125 0.3701171875 0.033203125 0.033203125
0 0.0576171875 0.365234375 0.029296875 0.02734375
0 0.5048828125 0.359375 0.021484375 0.01953125
0 0.416015625 0.3662109375 0.03515625 0.037109375
0 0.3271484375 0.3564453125 0.021484375 0.021484375
0 0.0283203125 0.34375 0.025390625 0.02734375
0 0.638671875 0.361328125 0.07421875 0.06640625
0 0.5517578125 0.34765625 0.037109375 0.0390625
0 0.2861328125 0.33984375 0.037109375 0.03515625
0 0.1328125 0.3466796875 0.03515625 0.052734375
0 0.494140625 0.3349609375 0.03515625 0.037109375
0 0.3828125 0.3369140625 0.0390625 0.041015625
0 0.7177734375 0.33203125 0.033203125 0.03515625
0 0.1904296875 0.318359375 0.033203125 0.03515625
0 0.46875 0.314453125 0.03515625 0.03515625
0 0.09765625 0.31640625 0.0390625 0.0390625
0 0.583984375 0.3056640625 0.03515625 0.033203125
0 0.69140625 0.3037109375 0.03515625 0.033203125
0 0.0625 0.296875 0.0234375 0.0234375
0 0.2978515625 0.2900390625 0.021484375 0.021484375
0 0.1640625 0.287109375 0.01953125 0.015625
0 0.4501953125 0.29296875 0.033203125 0.03515625
0 0.212890625 0.291015625 0.03515625 0.03515625
0 0.33984375 0.2900390625 0.04296875 0.044921875
0 0.0322265625 0.259765625 0.021484375 0.0234375
0 0.548828125 0.2607421875 0.03125 0.033203125
0 0.2373046875 0.2607421875 0.037109375 0.037109375
0 0.421875 0.2646484375 0.0546875 0.056640625
0 0.1259765625 0.25 0.033203125 0.03515625
0 0.63671875 0.2451171875 0.02734375 0.033203125
0 0.0048828125 0.2333984375 0.009765625 0.017578125
0 0.5263671875 0.236328125 0.033203125 0.03125
0 0.8193359375 0.2939453125 0.173828125 0.154296875
0 0.2734375 0.2265625 0.02734375 0.02734375
0 0.0498046875 0.2275390625 0.033203125 0.037109375
0 0.150390625 0.216796875 0.02734375 0.02734375
0 0.51171875 0.2158203125 0.04296875 0.033203125
0 0.66796875 0.2060546875 0.03125 0.029296875
0 0.60546875 0.20703125 0.03125 0.03125
0 0.078125 0.205078125 0.03515625 0.03515625
0 0.1728515625 0.1904296875 0.029296875 0.025390625
0 0.236328125 0.193359375 0.0390625 0.0390625
0 0.5869140625 0.1787109375 0.033203125 0.029296875
0 0.451171875 0.1748046875 0.01953125 0.021484375
0 0.6943359375 0.1787109375 0.025390625 0.033203125
0 0.486328125 0.1787109375 0.046875 0.033203125
0 0.052734375 0.1767578125 0.02734375 0.029296875
0 0.3974609375 0.2041015625 0.080078125 0.095703125
0 0.6357421875 0.166015625 0.021484375 0.0234375
0 0.3154296875 0.166015625 0.033203125 0.03515625
0 0.201171875 0.158203125 0.03515625 0.04296875
0 0.0263671875 0.1474609375 0.025390625 0.025390625
0 0.125 0.1455078125 0.02734375 0.025390625
0 0.71875 0.1474609375 0.03515625 0.041015625
0 0.4267578125 0.142578125 0.033203125 0.03125
0 0.5615234375 0.1396484375 0.048828125 0.029296875
0 0.3388671875 0.13671875 0.037109375 0.03125
0 0.638671875 0.1279296875 0.01953125 0.021484375
0 0.00390625 0.1220703125 0.0078125 0.013671875
0 0.5966796875 0.1201171875 0.021484375 0.017578125
0 0.2734375 0.1259765625 0.0390625 0.037109375
0 0.3193359375 0.1162109375 0.021484375 0.021484375
0 0.4658203125 0.1171875 0.033203125 0.0390625
0 0.0849609375 0.111328125 0.033203125 0.02734375
0 0.67578125 0.109375 0.03515625 0.03125
0 0.1572265625 0.111328125 0.037109375 0.03515625
0 0.2451171875 0.0947265625 0.029296875 0.037109375
0 0.546875 0.091796875 0.03515625 0.0390625
0 0.7705078125 0.0859375 0.033203125 0.03125
0 0.3642578125 0.083984375 0.033203125 0.0390625
0 0.6484375 0.078125 0.03125 0.03125
0 0.056640625 0.0810546875 0.02734375 0.037109375
0 0.1181640625 0.078125 0.037109375 0.0390625
0 0.5703125 0.0615234375 0.01953125 0.013671875
0 0.9443359375 0.1513671875 0.111328125 0.205078125
0 0.0322265625 0.064453125 0.029296875 0.03125
0 0.2783203125 0.0625 0.029296875 0.03125
0 0.08984375 0.0556640625 0.0390625 0.037109375
0 0.7158203125 0.0498046875 0.029296875 0.029296875
0 0.015625 0.0478515625 0.02734375 0.029296875
0 0.3662109375 0.04296875 0.033203125 0.02734375
0 0.1923828125 0.0458984375 0.033203125 0.033203125
0 0.796875 0.0439453125 0.0390625 0.037109375
0 0.546875 0.0400390625 0.03515625 0.029296875
0 0.6279296875 0.03125 0.025390625 0.03125
0 0.30859375 0.0322265625 0.03515625 0.033203125
0 0.435546875 0.01953125 0.0234375 0.03515625
0 0.8388671875 0.0048828125 0.017578125 0.009765625
0 0.759765625 0.0185546875 0.04296875 0.037109375
0 0.693359375 0.013671875 0.03515625 0.02734375
0 0.6181640625 0.0087890625 0.021484375 0.017578125
0 0.46875 0.0078125 0.02734375 0.015625
0 0.333984375 0.0087890625 0.03515625 0.017578125
0 0.2216796875 0.0146484375 0.029296875 0.029296875
0 0.052734375 0.0146484375 0.03125 0.029296875
0 0.005859375 0.0068359375 0.01171875 0.013671875