0 0.1181640625 0.998046875 0.013671875 0.00390625
0 0.0068359375 0.99609375 0.013671875 0.0078125
0 0.265625 0.9921875 0.015625 0.01171875
0 0.072265625 0.9931640625 0.02734375 0.013671875
0 0.298828125 0.9921875 0.015625 0.015625
0 0.220703125 0.9912109375 0.03515625 0.017578125
0 0.1484375 0.98828125 0.03125 0.0234375
0 0.0068359375 0.9736328125 0.013671875 0.017578125
0 0.0673828125 0.96875 0.025390625 0.0234375
0 0.2158203125 0.9658203125 0.037109375 0.021484375
0 0.294921875 0.9609375 0.0234375 0.01953125
0 0.1396484375 0.9619140625 0.037109375 0.025390625
0 0.2568359375 0.94921875 0.017578125 0.01171875
0 0.00390625 0.94140625 0.0078125 0.01953125
0 0.2900390625 0.935546875 0.025390625 0.01953125
0 0.212890625 0.935546875 0.03125 0.01953125
0 0.0654296875 0.9365234375 0.033203125 0.021484375
0 0.1416015625 0.9326171875 0.029296875 0.025390625
0 0.3955078125 0.92578125 0.013671875 0.015625
0 0.2548828125 0.9248046875 0.017578125 0.013671875
0 0.2880859375 0.912109375 0.025390625 0.01953125
0 0.3671875 0.9375 0.05078125 0.078125
0 0.00390625 0.9091796875 0.0078125 0.021484375
0 0.2119140625 0.9091796875 0.041015625 0.025390625
0 0.4345703125 0.912109375 0.021484375 0.03515625
0 0.0654296875 0.908203125 0.033203125 0.02734375
0 0.7705078125 0.9072265625 0.033203125 0.033203125
0 0.3984375 0.8984375 0.015625 0.015625
0 0.1337890625 0.8994140625 0.037109375 0.021484375
0 0.2880859375 0.88671875 0.029296875 0.01953125
0 0.2080078125 0.8828125 0.037109375 0.0234375
0 0.35546875 0.8798828125 0.0390625 0.021484375
0 0.068359375 0.87890625 0.0390625 0.0234375
0 0.837890625 0.873046875 0.02734375 0.0234375
0 0.1318359375 0.87109375 0.033203125 0.0234375
0 0.00390625 0.8681640625 0.0078125 0.017578125
0 0.42578125 0.8662109375 0.0390625 0.021484375
0 0.27734375 0.8662109375 0.03125 0.021484375
0 0.494140625 0.8671875 0.0234375 0.03515625
0 0.203125 0.8544921875 0.03515625 0.021484375
0 0.05859375 0.8486328125 0.03515625 0.021484375
0 0.3515625 0.84765625 0.03125 0.0234375
0 0.537109375 0.8427734375 0.01953125 0.025390625
0 0.2451171875 0.8330078125 0.017578125 0.013671875
0 0.1240234375 0.83984375 0.033203125 0.02734375
0 0.4140625 0.841796875 0.05859375 0.03515625
0 0.2822265625 0.8359375 0.029296875 0.0234375
0 0.2021484375 0.8310546875 0.033203125 0.025390625
0 0.5771484375 0.8203125 0.029296875 0.01953125
0 0.0517578125 0.8154296875 0.033203125 0.025390625
0 0.35546875 0.814453125 0.0546875 0.03125
0 0.4228515625 0.806640625 0.025390625 0.01953125
0 0.2763671875 0.806640625 0.025390625 0.01953125
0 0.2431640625 0.802734375 0.017578125 0.01171875
0 0.19921875 0.8056640625 0.03515625 0.021484375
0 0.123046875 0.8076171875 0.03515625 0.025390625
0 0.541015625 0.802734375 0.03515625 0.0234375
0 0.4951171875 0.79296875 0.041015625 0.02734375
0 0.048828125 0.78515625 0.03125 0.01953125
0 0.12109375 0.7841796875 0.03125 0.021484375
0 0.203125 0.7822265625 0.0390625 0.021484375
0 0.2763671875 0.779296875 0.025390625 0.0234375
0 0.2373046875 0.7734375 0.017578125 0.015625
0 0.416015625 0.77734375 0.03125 0.02734375
0 0.3798828125 0.7724609375 0.029296875 0.033203125
0 0.05078125 0.759765625 0.03125 0.0234375
0 0.3466796875 0.7734375 0.037109375 0.0546875
0 0.19921875 0.7568359375 0.0390625 0.025390625
0 0.1201171875 0.755859375 0.037109375 0.0234375
0 0.2646484375 0.7421875 0.033203125 0.03125
0 0.185546875 0.734375 0.01953125 0.015625
0 0.2099609375 0.7255859375 0.029296875 0.017578125
0 0.1201171875 0.712890625 0.021484375 0.03515625
0 0.0908203125 0.70703125 0.021484375 0.03125
0 0.8515625 0.7431640625 0.0859375 0.119140625
0 0.05078125 0.701171875 0.02734375 0.0390625
0 0.2197265625 0.638671875 0.025390625 0.03125
0 0.11328125 0.6220703125 0.0234375 0.029296875
0 0.0859375 0.6162109375 0.0234375 0.029296875
0 0.1923828125 0.62890625 0.025390625 0.0625
0 0.0595703125 0.6123046875 0.021484375 0.029296875
0 0.0849609375 0.5888671875 0.021484375 0.017578125
0 0.6494140625 0.6435546875 0.189453125 0.130859375
0 0.1396484375 0.609375 0.025390625 0.0625
0 0.017578125 0.5966796875 0.0234375 0.041015625
0 0.00390625 0.5859375 0.0078125 0.03125
0 0.044921875 0.5732421875 0.0234375 0.029296875
0 0.1337890625 0.55859375 0.021484375 0.02734375
0 0.1103515625 0.548828125 0.021484375 0.02734375
0 0.0869140625 0.5458984375 0.021484375 0.029296875
0 0.037109375 0.5419921875 0.01953125 0.025390625
0 0.013671875 0.537109375 0.01953125 0.0234375
0 0.134765625 0.49609375 0.01953125 0.0234375
0 0.115234375 0.48828125 0.015625 0.015625
0 0.802734375 0.5380859375 0.39453125 0.146484375
0 0.0869140625 0.482421875 0.025390625 0.0390625
0 0.029296875 0.474609375 0.01953125 0.02734375
0 0.1337890625 0.4677734375 0.037109375 0.021484375
0 0.056640625 0.4765625 0.0234375 0.0390625
0 0.005859375 0.4697265625 0.01171875 0.025390625
0 0.3935546875 0.46875 0.033203125 0.0546875
0 0.0166015625 0.4482421875 0.033203125 0.021484375
0 0.349609375 0.4619140625 0.0546875 0.064453125
0 0.228515625 0.509765625 0.09375 0.1796875
0 0.130859375 0.421875 0.0234375 0.0390625
0 0.10546875 0.41796875 0.0234375 0.0390625
0 0.650390625 0.41015625 0.04296875 0.02734375
0 0.080078125 0.4150390625 0.0234375 0.037109375
0 0.0556640625 0.4130859375 0.021484375 0.037109375
0 0.033203125 0.4111328125 0.0234375 0.041015625
0 0.009765625 0.4072265625 0.01953125 0.037109375
0 0.5048828125 0.3857421875 0.123046875 0.033203125
0 0.986328125 0.375 0.02734375 0.01953125
0 0.8623046875 0.3671875 0.044921875 0.0234375
0 0.2431640625 0.3515625 0.041015625 0.0234375
0 0.00390625 0.333984375 0.0078125 0.02734375
0 0.6689453125 0.3515625 0.259765625 0.07421875
0 0.814453125 0.328125 0.05078125 0.0390625
0 0.990234375 0.291015625 0.01953125 0.0390625
0 0.6513671875 0.27734375 0.087890625 0.0625
0 0.859375 0.259765625 0.03125 0.03515625
0 0.884765625 0.2373046875 0.01953125 0.021484375
0 0.8154296875 0.234375 0.048828125 0.05078125
0 0.541015625 0.2294921875 0.11328125 0.080078125
0 0.931640625 0.2431640625 0.0859375 0.119140625
0 0.76171875 0.20703125 0.04296875 0.046875
0 0.728515625 0.19921875 0.03125 0.03515625
0 0.7060546875 0.1875 0.029296875 0.03515625
0 0.673828125 0.1767578125 0.03515625 0.033203125
0 0.97265625 0.1669921875 0.03515625 0.033203125
0 0.640625 0.162109375 0.03515625 0.03125
0 0.9228515625 0.1416015625 0.033203125 0.021484375
0 0.853515625 0.14453125 0.0234375 0.03125
0 0.7919921875 0.1455078125 0.021484375 0.033203125
0 0.8837890625 0.1435546875 0.021484375 0.033203125
0 0.82421875 0.1435546875 0.0234375 0.033203125
0 0.7607421875 0.1416015625 0.025390625 0.029296875
0 0.728515625 0.1396484375 0.02734375 0.025390625
0 0.984375 0.1357421875 0.03125 0.021484375
0 0.693359375 0.1396484375 0.02734375 0.029296875
0 0.615234375 0.1416015625 0.03125 0.037109375
0 0.5869140625 0.1416015625 0.033203125 0.037109375
0 0.3740234375 0.1171875 0.017578125 0.015625
0 0.0078125 0.1650390625 0.015625 0.119140625
0 0.974609375 0.0869140625 0.01171875 0.017578125
0 0.9931640625 0.0791015625 0.013671875 0.021484375
0 0.8896484375 0.0703125 0.029296875 0.03515625
0 0.85546875 0.0634765625 0.01953125 0.021484375
0 0.822265625 0.0654296875 0.01953125 0.029296875
0 0.763671875 0.06640625 0.01953125 0.03125
0 0.701171875 0.0654296875 0.01953125 0.029296875
0 0.5888671875 0.068359375 0.021484375 0.03515625
0 0.556640625 0.0693359375 0.0234375 0.037109375
0 0.5283203125 0.068359375 0.025390625 0.03515625
0 0.7958984375 0.064453125 0.025390625 0.03125
0 0.732421875 0.064453125 0.01953125 0.03125
0 0.671875 0.0654296875 0.01953125 0.033203125
0 0.642578125 0.0673828125 0.01953125 0.037109375
0 0.494140625 0.064453125 0.02734375 0.03515625
0 0.44921875 0.060546875 0.0625 0.03515625
0 0.3154296875 0.177734375 0.185546875 0.2734375
0 0.4052734375 0.05078125 0.033203125 0.03515625
0 0.98828125 0.03125 0.015625 0.015625
0 0.806640625 0.0322265625 0.015625 0.029296875
0 0.7451171875 0.025390625 0.017578125 0.015625
0 0.3779296875 0.03515625 0.033203125 0.03515625
0 0.6494140625 0.021484375 0.025390625 0.01953125
0 0.4677734375 0.0166015625 0.017578125 0.017578125
0 0.169921875 0.123046875 0.1484375 0.2421875
0 0.9755859375 0.0087890625 0.017578125 0.017578125
0 0.947265625 0.0087890625 0.01953125 0.017578125
0 0.9189453125 0.001953125 0.025390625 0.00390625
0 0.8896484375 0.00390625 0.025390625 0.0078125
0 0.8603515625 0.00390625 0.025390625 0.0078125
0 0.8251953125 0.0068359375 0.021484375 0.013671875
0 0.79296875 0.0068359375 0.01953125 0.013671875
0 0.765625 0.005859375 0.01953125 0.01171875
0 0.732421875 0.005859375 0.01953125 0.01171875
0 0.7080078125 0.0234375 0.029296875 0.046875
0 0.6748046875 0.00390625 0.029296875 0.0078125
0 0.62109375 0.0107421875 0.01953125 0.021484375
0 0.5869140625 0.005859375 0.025390625 0.01171875
0 0.5556640625 0.0078125 0.021484375 0.015625
0 0.513671875 0.0087890625 0.046875 0.017578125
0 0.466796875 0.001953125 0.0078125 0.00390625
0 0.3564453125 0.017578125 0.033203125 0.03515625
0 0.330078125 0.0068359375 0.02734375 0.013671875