0 0.498046875 0.998046875 0.015625 0.00390625
0 0.3955078125 0.998046875 0.009765625 0.00390625
0 0.3349609375 0.998046875 0.009765625 0.00390625
0 0.20703125 0.9931640625 0.0234375 0.013671875
0 0.7216796875 0.9892578125 0.068359375 0.021484375
0 0.02734375 0.9814453125 0.04296875 0.037109375
0 0.16796875 0.9775390625 0.0546875 0.041015625
0 0.9873046875 0.9619140625 0.025390625 0.029296875
0 0.9404296875 0.9609375 0.052734375 0.03125
0 0.498046875 0.9580078125 0.0390625 0.037109375
0 0.404296875 0.9580078125 0.03515625 0.041015625
0 0.126953125 0.9560546875 0.05078125 0.037109375
0 0.3076171875 0.958984375 0.041015625 0.0625
0 0.87890625 0.943359375 0.04296875 0.046875
0 0.009765625 0.9384765625 0.01953125 0.041015625
0 0.6552734375 0.93359375 0.048828125 0.04296875
0 0.08984375 0.92578125 0.046875 0.0390625
0 0.8173828125 0.92578125 0.056640625 0.046875
0 0.2646484375 0.923828125 0.044921875 0.046875
0 0.3828125 0.908203125 0.04296875 0.04296875
0 0.7607421875 0.8994140625 0.052734375 0.041015625
0 0.5 0.8935546875 0.046875 0.048828125
0 0.2138671875 0.890625 0.044921875 0.04296875
0 0.3310546875 0.880859375 0.048828125 0.03515625
0 0.0498046875 0.8779296875 0.044921875 0.041015625
0 0.9873046875 0.8671875 0.025390625 0.02734375
0 0.6015625 0.880859375 0.05078125 0.05859375
0 0.9375 0.8671875 0.0390625 0.03515625
0 0.279296875 0.8564453125 0.046875 0.033203125
0 0.1640625 0.865234375 0.0546875 0.05078125
0 0.8662109375 0.84765625 0.044921875 0.04296875
0 0.7216796875 0.8388671875 0.041015625 0.044921875
0 0.44921875 0.8408203125 0.04296875 0.048828125
0 0.2275390625 0.826171875 0.052734375 0.0390625
0 0.0302734375 0.826171875 0.029296875 0.046875
0 0.8017578125 0.810546875 0.044921875 0.04296875
0 0.392578125 0.8095703125 0.04296875 0.044921875
0 0.12109375 0.8115234375 0.03515625 0.052734375
0 0.337890625 0.7890625 0.04296875 0.0390625
0 0.9765625 0.7802734375 0.04296875 0.033203125
0 0.6474609375 0.7841796875 0.048828125 0.041015625
0 0.0185546875 0.7763671875 0.037109375 0.037109375
0 0.189453125 0.77734375 0.04296875 0.04296875
0 0.9267578125 0.771484375 0.044921875 0.0390625
0 0.2841796875 0.76171875 0.044921875 0.046875
0 0.5029296875 0.75 0.064453125 0.03515625
0 0.697265625 0.75 0.046875 0.0390625
0 0.1015625 0.748046875 0.03125 0.046875
0 0.8720703125 0.744140625 0.044921875 0.046875
0 0.1728515625 0.7255859375 0.029296875 0.025390625
0 0.6064453125 0.7333984375 0.037109375 0.044921875
0 0.0146484375 0.7197265625 0.029296875 0.037109375
0 0.748046875 0.71484375 0.05078125 0.0390625
0 0.2626953125 0.7080078125 0.033203125 0.041015625
0 0.9150390625 0.7080078125 0.048828125 0.044921875
0 0.4716796875 0.69921875 0.048828125 0.046875
0 0.1220703125 0.693359375 0.048828125 0.0390625
0 0.796875 0.67578125 0.04296875 0.0390625
0 0.3369140625 0.666015625 0.021484375 0.0234375
0 0.9697265625 0.6748046875 0.041015625 0.052734375
0 0.0322265625 0.6689453125 0.033203125 0.044921875
0 0.6767578125 0.6640625 0.052734375 0.0390625
0 0.583984375 0.669921875 0.0390625 0.0546875
0 0.1708984375 0.6533203125 0.041015625 0.033203125
0 0.3740234375 0.654296875 0.029296875 0.04296875
0 0.8515625 0.6474609375 0.046875 0.041015625
0 0.279296875 0.6494140625 0.03125 0.044921875
0 0.4677734375 0.64453125 0.048828125 0.0390625
0 0.755859375 0.630859375 0.05078125 0.05859375
0 0.8994140625 0.615234375 0.052734375 0.0390625
0 0.068359375 0.6181640625 0.0390625 0.048828125
0 0.326171875 0.6015625 0.03125 0.03125
0 0.015625 0.6044921875 0.03125 0.048828125
0 0.4677734375 0.5869140625 0.041015625 0.041015625
0 0.8212890625 0.5859375 0.044921875 0.05078125
0 0.9462890625 0.5791015625 0.048828125 0.048828125
0 0.1201171875 0.5751953125 0.041015625 0.044921875
0 0.9921875 0.5615234375 0.015625 0.025390625
0 0.642578125 0.5654296875 0.0390625 0.033203125
0 0.173828125 0.5576171875 0.0390625 0.029296875
0 0.2275390625 0.560546875 0.033203125 0.04296875
0 0.0517578125 0.5595703125 0.041015625 0.044921875
0 0.5830078125 0.5537109375 0.037109375 0.044921875
0 0.6982421875 0.54296875 0.041015625 0.05078125
0 0.8818359375 0.5302734375 0.052734375 0.044921875
0 0.341796875 0.5224609375 0.03515625 0.041015625
0 0.484375 0.515625 0.0234375 0.03515625
0 0.76171875 0.517578125 0.0625 0.0546875
0 0.0859375 0.5126953125 0.046875 0.048828125
0 0.2470703125 0.5029296875 0.041015625 0.048828125
0 0.6005859375 0.4814453125 0.037109375 0.052734375
0 0.1201171875 0.48046875 0.037109375 0.0546875
0 0.00390625 0.458984375 0.0078125 0.015625
0 0.5029296875 0.466796875 0.033203125 0.0390625
0 0.4501953125 0.4677734375 0.060546875 0.044921875
0 0.3837890625 0.447265625 0.037109375 0.0234375
0 0.3427734375 0.45703125 0.029296875 0.05078125
0 0.7607421875 0.451171875 0.044921875 0.046875
0 0.634765625 0.4365234375 0.01953125 0.017578125
0 0.1650390625 0.4404296875 0.041015625 0.041015625
0 0.9033203125 0.44921875 0.056640625 0.07421875
0 0.26171875 0.4404296875 0.02734375 0.056640625
0 0.21484375 0.4296875 0.0390625 0.04296875
0 0.6943359375 0.4267578125 0.041015625 0.044921875
0 0.6083984375 0.4130859375 0.041015625 0.033203125
0 0.837890625 0.384765625 0.04296875 0.046875
0 0.4775390625 0.361328125 0.064453125 0.02734375
0 0.3408203125 0.349609375 0.029296875 0.04296875
0 0.7763671875 0.33984375 0.041015625 0.05078125
0 0.275390625 0.3251953125 0.03125 0.041015625
0 0.68359375 0.322265625 0.046875 0.0390625
0 0.607421875 0.2998046875 0.04296875 0.041015625
0 0.427734375 0.1181640625 0.05078125 0.029296875