0 0.076171875 0.9970703125 0.0078125 0.005859375
0 0.0927734375 0.99609375 0.009765625 0.0078125
0 0.1025390625 0.9765625 0.025390625 0.02734375
0 0.01171875 0.9638671875 0.0234375 0.029296875
0 0.125 0.9384765625 0.02734375 0.029296875
0 0.0517578125 0.9091796875 0.025390625 0.029296875
0 0.1494140625 0.90625 0.025390625 0.03125
0 0.0224609375 0.884765625 0.025390625 0.0234375
0 0.185546875 0.873046875 0.03125 0.0390625
0 0.0029296875 0.8583984375 0.005859375 0.009765625
0 0.1025390625 0.8486328125 0.029296875 0.033203125
0 0.2080078125 0.833984375 0.033203125 0.0390625
0 0.06640625 0.8203125 0.02734375 0.03125
0 0.236328125 0.806640625 0.0390625 0.03515625
0 0.1455078125 0.7880859375 0.021484375 0.021484375
0 0.0341796875 0.7958984375 0.033203125 0.037109375
0 0.0068359375 0.7685546875 0.013671875 0.021484375
0 0.2646484375 0.7734375 0.033203125 0.0390625
0 0.1162109375 0.767578125 0.029296875 0.02734375
0 0.29296875 0.7412109375 0.03125 0.029296875
0 0.08203125 0.7392578125 0.03515625 0.033203125
0 0.1953125 0.72265625 0.02734375 0.02734375
0 0.703125 0.7177734375 0.01953125 0.021484375
0 0.0419921875 0.71484375 0.033203125 0.03125
0 0.310546875 0.70703125 0.02734375 0.02734375
0 0.162109375 0.703125 0.03515625 0.03125
0 0.0126953125 0.685546875 0.025390625 0.03125
0 0.2294921875 0.67578125 0.029296875 0.03125
0 0.126953125 0.677734375 0.03125 0.03515625
0 0.3388671875 0.671875 0.025390625 0.02734375
0 0.2060546875 0.6474609375 0.037109375 0.029296875
0 0.1015625 0.6513671875 0.03125 0.037109375
0 0.3720703125 0.6337890625 0.037109375 0.033203125
0 0.1611328125 0.6162109375 0.021484375 0.021484375
0 0.2890625 0.615234375 0.02734375 0.02734375
0 0.017578125 0.61328125 0.03125 0.02734375
0 0.0576171875 0.6103515625 0.025390625 0.025390625
0 0.390625 0.6064453125 0.0234375 0.025390625
0 0.126953125 0.59375 0.02734375 0.02734375
0 0.2509765625 0.5859375 0.033203125 0.03125
0 0.423828125 0.5712890625 0.0390625 0.029296875
0 0.3271484375 0.5634765625 0.033203125 0.033203125
0 0.21875 0.55078125 0.0234375 0.0234375
0 0.091796875 0.546875 0.02734375 0.0234375
0 0.453125 0.5400390625 0.03125 0.033203125
0 0.296875 0.5322265625 0.03125 0.025390625
0 0.1904296875 0.5244140625 0.037109375 0.037109375
0 0.4814453125 0.5078125 0.044921875 0.0390625
0 0.2587890625 0.5078125 0.041015625 0.0390625
0 0.380859375 0.498046875 0.02734375 0.02734375
0 0.1455078125 0.5029296875 0.029296875 0.037109375
0 0.220703125 0.4794921875 0.02734375 0.029296875
0 0.501953125 0.47265625 0.0390625 0.02734375
0 0.3427734375 0.470703125 0.029296875 0.02734375
0 0.0224609375 0.466796875 0.025390625 0.0234375
0 0.4228515625 0.4462890625 0.029296875 0.029296875
0 0.3232421875 0.447265625 0.029296875 0.03125
0 0.005859375 0.4423828125 0.01171875 0.021484375
0 0.20703125 0.4404296875 0.03515625 0.025390625
0 0.52734375 0.4384765625 0.03125 0.033203125
0 0.396484375 0.419921875 0.02734375 0.02734375
0 0.0810546875 0.408203125 0.025390625 0.02734375
0 0.2802734375 0.4072265625 0.033203125 0.029296875
0 0.23046875 0.40625 0.0234375 0.02734375
0 0.5556640625 0.40625 0.029296875 0.03515625
0 0.3515625 0.3935546875 0.0390625 0.029296875
0 0.0625 0.3876953125 0.015625 0.017578125
0 0.47265625 0.376953125 0.02734375 0.03125
0 0.1083984375 0.37890625 0.037109375 0.03515625
0 0.0390625 0.373046875 0.03125 0.02734375
0 0.5849609375 0.3701171875 0.044921875 0.025390625
0 0.1357421875 0.349609375 0.029296875 0.02734375
0 0.4375 0.349609375 0.02734375 0.03515625
0 0.0078125 0.3427734375 0.015625 0.021484375
0 0.1142578125 0.3310546875 0.017578125 0.017578125
0 0.6103515625 0.3359375 0.037109375 0.03515625
0 0.5107421875 0.326171875 0.029296875 0.03515625
0 0.3017578125 0.3212890625 0.025390625 0.029296875
0 0.4111328125 0.3193359375 0.041015625 0.037109375
0 0.08984375 0.3134765625 0.03515625 0.033203125
0 0.638671875 0.306640625 0.03125 0.03515625
0 0.486328125 0.298828125 0.0390625 0.03125
0 0.373046875 0.29296875 0.0234375 0.0234375
0 0.330078125 0.2919921875 0.02734375 0.025390625
0 0.0576171875 0.2890625 0.037109375 0.03515625
0 0.18359375 0.2822265625 0.03125 0.037109375
0 0.4501953125 0.2783203125 0.041015625 0.033203125
0 0.6650390625 0.2783203125 0.029296875 0.037109375
0 0.5625 0.267578125 0.03125 0.03125
0 0.0224609375 0.26953125 0.037109375 0.046875
0 0.2177734375 0.25390625 0.025390625 0.02734375
0 0.001953125 0.234375 0.00390625 0.00390625
0 0.4091796875 0.248046875 0.041015625 0.03515625
0 0.138671875 0.24609375 0.0390625 0.03515625
0 0.685546875 0.240234375 0.0234375 0.02734375
0 0.5341796875 0.23828125 0.041015625 0.03515625
0 0.2421875 0.21875 0.03515625 0.03515625
0 0.1572265625 0.21484375 0.029296875 0.02734375
0 0.7119140625 0.205078125 0.025390625 0.02734375
0 0.3994140625 0.2041015625 0.025390625 0.029296875
0 0.501953125 0.2060546875 0.03125 0.037109375
0 0.619140625 0.1982421875 0.03125 0.029296875
0 0.078125 0.193359375 0.03515625 0.03515625
0 0.419921875 0.1787109375 0.02734375 0.029296875
0 0.265625 0.1796875 0.0390625 0.03125
0 0.466796875 0.17578125 0.02734375 0.02734375
0 0.7373046875 0.1689453125 0.029296875 0.029296875
0 0.19140625 0.173828125 0.03125 0.0390625
0 0.0341796875 0.1630859375 0.037109375 0.033203125
0 0.5869140625 0.166015625 0.044921875 0.04296875
0 0.6533203125 0.154296875 0.033203125 0.02734375
0 0.294921875 0.1435546875 0.03125 0.029296875
0 0.1064453125 0.1494140625 0.037109375 0.041015625
0 0.2216796875 0.1455078125 0.037109375 0.037109375
0 0.556640625 0.142578125 0.03515625 0.04296875
0 0.7724609375 0.134765625 0.037109375 0.03125
0 0.01171875 0.1337890625 0.0234375 0.033203125
0 0.6806640625 0.1201171875 0.033203125 0.033203125
0 0.5205078125 0.119140625 0.029296875 0.03515625
0 0.32421875 0.1171875 0.03515625 0.03125
0 0.1318359375 0.1171875 0.033203125 0.03125
0 0.2490234375 0.1142578125 0.037109375 0.041015625
0 0.0498046875 0.0966796875 0.017578125 0.017578125
0 0.796875 0.09765625 0.03515625 0.03125
0 0.490234375 0.0888671875 0.02734375 0.029296875
0 0.705078125 0.087890625 0.03515625 0.03125
0 0.3505859375 0.0810546875 0.041015625 0.033203125
0 0.099609375 0.078125 0.02734375 0.03515625
0 0.2724609375 0.072265625 0.033203125 0.0390625
0 0.818359375 0.068359375 0.02734375 0.03515625
0 0.6015625 0.0576171875 0.05078125 0.033203125
0 0.060546875 0.052734375 0.02734375 0.02734375
0 0.7373046875 0.052734375 0.029296875 0.03125
0 0.546875 0.048828125 0.0390625 0.03125
0 0.37890625 0.0478515625 0.03515625 0.029296875
0 0.193359375 0.0439453125 0.0234375 0.025390625
0 0.302734375 0.0380859375 0.03515625 0.033203125
0 0.845703125 0.03515625 0.03125 0.03125
0 0.0322265625 0.029296875 0.037109375 0.03125
0 0.50390625 0.029296875 0.03125 0.03515625
0 0.6474609375 0.0263671875 0.033203125 0.033203125
0 0.1630859375 0.021484375 0.033203125 0.0390625
0 0.873046875 0.005859375 0.01953125 0.01171875
0 0.7841796875 0.001953125 0.005859375 0.00390625
0 0.76171875 0.0185546875 0.03125 0.037109375
0 0.67578125 0.0048828125 0.015625 0.009765625
0 0.4052734375 0.013671875 0.033203125 0.02734375
0 0.328125 0.005859375 0.04296875 0.01171875
0 0.224609375 0.00390625 0.02734375 0.0078125
0 0.12890625 0.0078125 0.02734375 0.015625
0 0.001953125 0.0029296875 0.00390625 0.005859375