0 0.4755859375 0.9951171875 0.021484375 0.009765625
0 0.57421875 0.994140625 0.0234375 0.01171875
0 0.91796875 0.9931640625 0.02734375 0.013671875
0 0.8583984375 0.986328125 0.029296875 0.0234375
0 0.91015625 0.9638671875 0.01953125 0.017578125
0 0.853515625 0.9580078125 0.04296875 0.025390625
0 0.59375 0.95703125 0.03515625 0.02734375
0 0.7919921875 0.9482421875 0.025390625 0.025390625
0 0.9208984375 0.94140625 0.021484375 0.015625
0 0.9873046875 0.943359375 0.025390625 0.02734375
0 0.9462890625 0.9345703125 0.025390625 0.041015625
0 0.865234375 0.9287109375 0.02734375 0.029296875
0 0.6240234375 0.9169921875 0.021484375 0.025390625
0 0.8193359375 0.9111328125 0.013671875 0.021484375
0 0.861328125 0.8984375 0.03515625 0.0234375
0 0.65234375 0.8798828125 0.03125 0.029296875
0 0.8203125 0.861328125 0.03125 0.03515625
0 0.9658203125 0.8564453125 0.037109375 0.033203125
0 0.9140625 0.8408203125 0.03125 0.025390625
0 0.94140625 0.8330078125 0.01953125 0.021484375
0 0.3857421875 0.8359375 0.048828125 0.03125
0 0.80078125 0.826171875 0.02734375 0.03125
0 0.6982421875 0.837890625 0.048828125 0.05859375
0 0.87890625 0.8212890625 0.03515625 0.037109375
0 0.2626953125 0.7919921875 0.037109375 0.029296875
0 0.9599609375 0.783203125 0.041015625 0.03125
0 0.89453125 0.7783203125 0.03125 0.037109375
0 0.7646484375 0.771484375 0.037109375 0.0390625
0 0.3359375 0.74609375 0.03125 0.03515625
0 0.9208984375 0.7421875 0.041015625 0.0390625
0 0.998046875 0.685546875 0.00390625 0.0078125
0 0.3974609375 0.703125 0.060546875 0.046875
0 0.5234375 0.6748046875 0.03125 0.041015625
0 0.9658203125 0.6640625 0.029296875 0.04296875
0 0.4453125 0.6552734375 0.02734375 0.029296875
0 0.40234375 0.6484375 0.0234375 0.0234375
0 0.978515625 0.6220703125 0.02734375 0.029296875
0 0.6318359375 0.6171875 0.033203125 0.0390625
0 0.3408203125 0.5615234375 0.068359375 0.048828125
0 0.0146484375 0.490234375 0.029296875 0.015625
0 0.3935546875 0.4765625 0.037109375 0.0390625
0 0.1240234375 0.470703125 0.021484375 0.0390625
0 0.880859375 0.453125 0.03125 0.0390625
0 0.4189453125 0.43359375 0.037109375 0.0390625
0 0.693359375 0.43359375 0.03515625 0.04296875
0 0.3828125 0.4248046875 0.02734375 0.025390625
0 0.185546875 0.4306640625 0.0625 0.064453125
0 0.748046875 0.4072265625 0.04296875 0.056640625
0 0.9111328125 0.3916015625 0.048828125 0.033203125
0 0.4990234375 0.3828125 0.025390625 0.0234375
0 0.0322265625 0.384765625 0.064453125 0.0546875
0 0.1171875 0.3740234375 0.04296875 0.041015625
0 0.4970703125 0.349609375 0.021484375 0.015625
0 0.2919921875 0.3642578125 0.029296875 0.048828125
0 0.775390625 0.34765625 0.03125 0.03125
0 0.427734375 0.3388671875 0.03125 0.033203125
0 0.99609375 0.3232421875 0.0078125 0.013671875
0 0.9755859375 0.333984375 0.037109375 0.0390625
0 0.166015625 0.3359375 0.046875 0.04296875
0 0.83203125 0.3193359375 0.03515625 0.037109375
0 0.05078125 0.314453125 0.03515625 0.03515625
0 0.634765625 0.3232421875 0.03515625 0.060546875
0 0.8837890625 0.2919921875 0.044921875 0.044921875
0 0.515625 0.28125 0.02734375 0.04296875
0 0.4443359375 0.2705078125 0.041015625 0.044921875
0 0.8037109375 0.265625 0.037109375 0.0390625
0 0.0771484375 0.259765625 0.033203125 0.04296875
0 0.9638671875 0.255859375 0.037109375 0.0390625
0 0.7138671875 0.244140625 0.037109375 0.03515625
0 0.197265625 0.2509765625 0.02734375 0.052734375
0 0.6357421875 0.2353515625 0.041015625 0.033203125
0 0.330078125 0.224609375 0.05078125 0.03125
0 0.802734375 0.208984375 0.0390625 0.02734375
0 0.849609375 0.1962890625 0.03515625 0.033203125
0 0.9453125 0.1962890625 0.046875 0.037109375
0 0.11328125 0.2021484375 0.046875 0.048828125
0 0.0263671875 0.1689453125 0.041015625 0.044921875
0 0.255859375 0.1669921875 0.05078125 0.052734375
0 0.9111328125 0.1513671875 0.025390625 0.025390625
0 0.9560546875 0.1474609375 0.021484375 0.025390625
0 0.875 0.1474609375 0.0234375 0.025390625
0 0.841796875 0.1396484375 0.02734375 0.025390625
0 0.4130859375 0.1484375 0.052734375 0.04296875
0 0.560546875 0.1572265625 0.03515625 0.068359375
0 0.7763671875 0.1298828125 0.029296875 0.029296875
0 0.7099609375 0.1376953125 0.041015625 0.048828125
0 0.19921875 0.107421875 0.02734375 0.02734375
0 0.0595703125 0.1142578125 0.037109375 0.041015625
0 0.0751953125 0.078125 0.025390625 0.02734375
0 0.6123046875 0.060546875 0.041015625 0.02734375
0 0.1943359375 0.029296875 0.048828125 0.05078125
0 0.921875 0.021484375 0.0390625 0.04296875
0 0.37890625 0.0068359375 0.03515625 0.013671875
0 0.111328125 0.01953125 0.03125 0.0390625