0 0.00390625 0.88671875 0.0078125 0.01171875
0 0.0107421875 0.751953125 0.021484375 0.03515625
0 0.2021484375 0.6669921875 0.037109375 0.037109375
0 0.26953125 0.6083984375 0.05078125 0.044921875
0 0.0068359375 0.58984375 0.013671875 0.02734375
0 0.1533203125 0.5927734375 0.041015625 0.044921875
0 0.1142578125 0.5546875 0.044921875 0.04296875
0 0.3486328125 0.5478515625 0.044921875 0.041015625
0 0.068359375 0.513671875 0.04296875 0.04296875
0 0.23828125 0.5107421875 0.03515625 0.041015625
0 0.345703125 0.4873046875 0.02734375 0.037109375
0 0.2021484375 0.470703125 0.041015625 0.03515625
0 0.01953125 0.47265625 0.0390625 0.04296875
0 0.001953125 0.419921875 0.00390625 0.00390625
0 0.1474609375 0.4384765625 0.048828125 0.052734375
0 0.306640625 0.4267578125 0.05078125 0.037109375
0 0.44140625 0.4189453125 0.05859375 0.072265625
0 0.103515625 0.396484375 0.04296875 0.03515625
0 0.5205078125 0.40234375 0.048828125 0.0546875
0 0.259765625 0.3857421875 0.03125 0.041015625
0 0.048828125 0.3447265625 0.046875 0.041015625
0 0.580078125 0.3349609375 0.046875 0.041015625
0 0.310546875 0.3349609375 0.04296875 0.048828125
0 0.42578125 0.3359375 0.04296875 0.0546875
0 0.18359375 0.32421875 0.05078125 0.046875
0 0.015625 0.298828125 0.03125 0.0390625
0 0.6357421875 0.28515625 0.044921875 0.03515625
0 0.3671875 0.28125 0.046875 0.04296875
0 0.5048828125 0.279296875 0.052734375 0.04296875
0 0.2412109375 0.2666015625 0.052734375 0.048828125
0 0.0966796875 0.2646484375 0.048828125 0.048828125
0 0.5576171875 0.2373046875 0.044921875 0.041015625
0 0.1376953125 0.2353515625 0.044921875 0.048828125
0 0.990234375 0.2138671875 0.01953125 0.033203125
0 0.3046875 0.2119140625 0.04296875 0.037109375
0 0.4423828125 0.212890625 0.041015625 0.04296875
0 0.2041015625 0.1923828125 0.052734375 0.041015625
0 0.607421875 0.1708984375 0.0390625 0.044921875
0 0.0341796875 0.173828125 0.048828125 0.05078125
0 0.4814453125 0.1689453125 0.048828125 0.048828125
0 0.2587890625 0.15234375 0.052734375 0.046875
0 0.3662109375 0.14453125 0.041015625 0.0390625
0 0.0986328125 0.1376953125 0.044921875 0.048828125
0 0.9453125 0.15625 0.0859375 0.08984375
0 0.5048828125 0.115234375 0.033203125 0.0390625
0 0.009765625 0.111328125 0.01953125 0.04296875
0 0.3037109375 0.099609375 0.048828125 0.046875
0 0.421875 0.08984375 0.0390625 0.05078125
0 0.2021484375 0.0771484375 0.041015625 0.048828125
0 0.52734375 0.068359375 0.04296875 0.04296875
0 0.96875 0.0810546875 0.0625 0.072265625
0 0.3583984375 0.0517578125 0.044921875 0.041015625
0 0.240234375 0.0283203125 0.04296875 0.052734375
0 0.27734375 0.001953125 0.00390625 0.00390625