0 0.99609375 0.9951171875 0.0078125 0.009765625
0 0.1416015625 0.9951171875 0.017578125 0.009765625
0 0.0029296875 0.9921875 0.005859375 0.0078125
0 0.6484375 0.984375 0.07421875 0.03125
0 0.173828125 0.984375 0.03125 0.03125
0 0.029296875 0.98046875 0.03125 0.03125
0 0.060546875 0.958984375 0.03125 0.02734375
0 0.0927734375 0.9375 0.033203125 0.02734375
0 0.7861328125 0.9482421875 0.056640625 0.052734375
0 0.9755859375 0.9130859375 0.048828125 0.033203125
0 0.005859375 0.8994140625 0.01171875 0.021484375
0 0.125 0.9052734375 0.0390625 0.037109375
0 0.8935546875 0.8837890625 0.052734375 0.048828125
0 0.6064453125 0.8701171875 0.025390625 0.044921875
0 0.1005859375 0.86328125 0.025390625 0.03125
0 0.0263671875 0.859375 0.037109375 0.03125
0 0.06640625 0.8349609375 0.04296875 0.033203125
0 0.798828125 0.8291015625 0.02734375 0.025390625
0 0.7333984375 0.8046875 0.044921875 0.03125
0 0.0146484375 0.779296875 0.029296875 0.03515625
0 0.0625 0.7607421875 0.02734375 0.029296875
0 0.5947265625 0.76953125 0.029296875 0.06640625
0 0.009765625 0.7109375 0.01953125 0.02734375
0 0.0419921875 0.70703125 0.025390625 0.02734375
0 0.732421875 0.6650390625 0.02734375 0.025390625
0 0.3544921875 0.6669921875 0.052734375 0.033203125
0 0.515625 0.65234375 0.03515625 0.0390625
0 0.037109375 0.6279296875 0.03125 0.029296875
0 0.3232421875 0.626953125 0.037109375 0.04296875
0 0.4814453125 0.6162109375 0.025390625 0.025390625
0 0.6396484375 0.615234375 0.076171875 0.046875
0 0.01171875 0.5986328125 0.0234375 0.033203125
0 0.09375 0.5927734375 0.03515625 0.037109375
0 0.42578125 0.583984375 0.04296875 0.0390625
0 0.2958984375 0.5693359375 0.025390625 0.033203125
0 0.16015625 0.564453125 0.0390625 0.03515625
0 0.0595703125 0.560546875 0.033203125 0.03125
0 0.375 0.5556640625 0.046875 0.033203125
0 0.3359375 0.53515625 0.03125 0.01953125
0 0.0283203125 0.5302734375 0.029296875 0.033203125
0 0.2666015625 0.5 0.025390625 0.03125
0 0.1416015625 0.4990234375 0.025390625 0.029296875
0 0.0087890625 0.4951171875 0.017578125 0.041015625
0 0.0341796875 0.4833984375 0.029296875 0.029296875
0 0.1279296875 0.4609375 0.021484375 0.0234375
0 0.3125 0.4541015625 0.0234375 0.025390625
0 0.27734375 0.4619140625 0.046875 0.041015625
0 0.32421875 0.4228515625 0.04296875 0.033203125
0 0.240234375 0.41796875 0.04296875 0.0390625
0 0.0927734375 0.4208984375 0.064453125 0.064453125
0 0.3349609375 0.4013671875 0.041015625 0.033203125
0 0.2275390625 0.38671875 0.033203125 0.03125
0 0.0517578125 0.3857421875 0.083984375 0.076171875
0 0.34375 0.35546875 0.03515625 0.0234375
0 0.216796875 0.3544921875 0.03125 0.029296875
0 0.357421875 0.3349609375 0.03125 0.025390625
0 0.365234375 0.310546875 0.02734375 0.0234375
0 0.20703125 0.3076171875 0.03515625 0.029296875
0 0.376953125 0.2822265625 0.02734375 0.025390625
0 0.2373046875 0.2822265625 0.029296875 0.029296875
0 0.3154296875 0.26171875 0.029296875 0.02734375
0 0.388671875 0.255859375 0.0234375 0.0234375
0 0.9873046875 0.25 0.021484375 0.03125
0 0.0458984375 0.279296875 0.068359375 0.10546875
0 0.40234375 0.2255859375 0.0234375 0.021484375
0 0.2607421875 0.2197265625 0.033203125 0.025390625
0 0.41796875 0.2041015625 0.03515625 0.033203125
0 0.1748046875 0.2314453125 0.044921875 0.087890625
0 0.3701171875 0.193359375 0.021484375 0.02734375
0 0.322265625 0.18359375 0.03125 0.0390625
0 0.0234375 0.181640625 0.046875 0.0546875
0 0.2783203125 0.1630859375 0.029296875 0.029296875
0 0.4482421875 0.15625 0.025390625 0.02734375
0 0.189453125 0.1533203125 0.1015625 0.060546875
0 0.4443359375 0.12890625 0.041015625 0.02734375
0 0.3740234375 0.126953125 0.044921875 0.0390625
0 0.302734375 0.109375 0.01953125 0.01953125
0 0.3271484375 0.0947265625 0.021484375 0.017578125
0 0.4541015625 0.095703125 0.029296875 0.03125
0 0.2392578125 0.103515625 0.056640625 0.07421875
0 0.158203125 0.048828125 0.09765625 0.07421875
0 0.3525390625 0.033203125 0.052734375 0.06640625
0 0.2841796875 0.02734375 0.037109375 0.0546875
0 0.1953125 0.01171875 0.09765625 0.0234375