0 0.5 0.8564453125 1.0 0.287109375
0 0.947265625 0.708984375 0.02734375 0.0390625
0 0.6484375 0.6455078125 0.046875 0.048828125
0 0.8017578125 0.6533203125 0.130859375 0.076171875
0 0.826171875 0.6083984375 0.04296875 0.025390625
0 0.775390625 0.5625 0.0390625 0.0859375
0 0.8388671875 0.537109375 0.041015625 0.10546875
0 0.94140625 0.53515625 0.1171875 0.15234375
0 0.9931640625 0.4296875 0.013671875 0.03515625
0 0.029296875 0.4580078125 0.05859375 0.197265625
0 0.767578125 0.314453125 0.0234375 0.03125
0 0.79296875 0.3056640625 0.01953125 0.021484375
0 0.7353515625 0.3310546875 0.041015625 0.072265625
0 0.7236328125 0.2626953125 0.033203125 0.021484375
0 0.7216796875 0.2412109375 0.033203125 0.021484375
0 0.7744140625 0.2412109375 0.052734375 0.060546875
0 0.7197265625 0.21875 0.033203125 0.01953125
0 0.74609375 0.21484375 0.01171875 0.015625
0 0.962890625 0.224609375 0.05078125 0.08203125
0 0.830078125 0.17578125 0.046875 0.03515625
0 0.916015625 0.1630859375 0.0390625 0.025390625
0 0.72265625 0.1640625 0.046875 0.02734375
0 0.39453125 0.3798828125 0.51171875 0.466796875
0 0.7109375 0.14453125 0.02734375 0.01953125
0 0.7666015625 0.150390625 0.041015625 0.05078125
0 0.953125 0.140625 0.03125 0.0390625
0 0.9853515625 0.134765625 0.029296875 0.0390625
0 0.708984375 0.123046875 0.02734375 0.01953125
0 0.9072265625 0.1318359375 0.041015625 0.041015625
0 0.8251953125 0.1298828125 0.056640625 0.041015625
0 0.90234375 0.1015625 0.0390625 0.0234375
0 0.962890625 0.0908203125 0.015625 0.017578125
0 0.7138671875 0.08984375 0.033203125 0.03515625
0 0.8984375 0.08203125 0.0390625 0.0234375
0 0.94140625 0.072265625 0.02734375 0.03515625
0 0.755859375 0.0673828125 0.02734375 0.025390625
0 0.8935546875 0.0615234375 0.037109375 0.021484375
0 0.9794921875 0.056640625 0.041015625 0.02734375
0 0.732421875 0.041015625 0.06640625 0.0234375
0 0.88671875 0.0205078125 0.03515625 0.021484375
0 0.982421875 0.00390625 0.015625 0.0078125
0 0.9619140625 0.005859375 0.017578125 0.01171875
0 0.9306640625 0.0107421875 0.041015625 0.021484375
0 0.8818359375 0.005859375 0.033203125 0.01171875
0 0.798828125 0.015625 0.0390625 0.03125
0 0.630859375 0.001953125 0.0078125 0.00390625
0 0.6005859375 0.0556640625 0.134765625 0.111328125
0 0.1572265625 0.041015625 0.119140625 0.08203125