0 0.8515625 0.99609375 0.015625 0.0078125
0 0.994140625 0.9951171875 0.01171875 0.009765625
0 0.755859375 0.9951171875 0.01953125 0.009765625
0 0.0986328125 0.9951171875 0.017578125 0.009765625
0 0.1884765625 0.9931640625 0.025390625 0.013671875
0 0.654296875 0.9921875 0.03125 0.015625
0 0.373046875 0.9921875 0.02734375 0.015625
0 0.560546875 0.9912109375 0.02734375 0.017578125
0 0.4677734375 0.990234375 0.033203125 0.01953125
0 0.2861328125 0.9892578125 0.029296875 0.021484375
0 0.791015625 0.9873046875 0.01953125 0.021484375
0 0.73046875 0.9873046875 0.03125 0.025390625
0 0.6005859375 0.982421875 0.017578125 0.015625
0 0.16796875 0.9833984375 0.02734375 0.025390625
0 0.83203125 0.982421875 0.03125 0.02734375
0 0.0205078125 0.978515625 0.025390625 0.0234375
0 0.63671875 0.9755859375 0.02734375 0.025390625
0 0.541015625 0.9736328125 0.03125 0.029296875
0 0.2685546875 0.97265625 0.029296875 0.02734375
0 0.91796875 0.9775390625 0.0625 0.044921875
0 0.3515625 0.96875 0.02734375 0.02734375
0 0.4482421875 0.96875 0.029296875 0.03125
0 0.708984375 0.9658203125 0.02734375 0.029296875
0 0.5859375 0.9560546875 0.01953125 0.017578125
0 0.8134765625 0.958984375 0.025390625 0.02734375
0 0.154296875 0.9599609375 0.03125 0.029296875
0 0.755859375 0.958984375 0.03515625 0.03125
0 0.9638671875 0.955078125 0.029296875 0.03125
0 0.056640625 0.9521484375 0.02734375 0.025390625
0 0.6181640625 0.951171875 0.029296875 0.02734375
0 0.25 0.951171875 0.03125 0.02734375
0 0.884765625 0.947265625 0.02734375 0.02734375
0 0.5224609375 0.9482421875 0.033203125 0.029296875
0 0.333984375 0.947265625 0.03125 0.02734375
0 0.431640625 0.947265625 0.02734375 0.03125
0 0.9853515625 0.9423828125 0.025390625 0.025390625
0 0.6904296875 0.9423828125 0.029296875 0.029296875
0 0.7958984375 0.935546875 0.029296875 0.02734375
0 0.091796875 0.9306640625 0.03515625 0.025390625
0 0.5986328125 0.9296875 0.033203125 0.03125
0 0.314453125 0.923828125 0.02734375 0.02734375
0 0.23046875 0.923828125 0.03125 0.03125
0 0.5068359375 0.9248046875 0.037109375 0.037109375
0 0.412109375 0.9228515625 0.0390625 0.037109375
0 0.7744140625 0.9140625 0.029296875 0.03125
0 0.5810546875 0.9072265625 0.033203125 0.033203125
0 0.486328125 0.90234375 0.03125 0.03125
0 0.9462890625 0.8984375 0.029296875 0.02734375
0 0.3935546875 0.9013671875 0.037109375 0.037109375
0 0.294921875 0.896484375 0.02734375 0.02734375
0 0.861328125 0.9052734375 0.05078125 0.052734375
0 0.759765625 0.888671875 0.02734375 0.02734375
0 0.6630859375 0.88671875 0.033203125 0.03125
0 0.55859375 0.8828125 0.03515625 0.03515625
0 0.466796875 0.8779296875 0.03125 0.029296875
0 0.376953125 0.8779296875 0.0390625 0.033203125
0 0.9248046875 0.8740234375 0.033203125 0.029296875
0 0.69921875 0.8671875 0.01953125 0.01953125
0 0.830078125 0.87109375 0.03125 0.03125
0 0.7412109375 0.86328125 0.029296875 0.02734375
0 0.634765625 0.8642578125 0.02734375 0.029296875
0 0.5068359375 0.859375 0.021484375 0.01953125
0 0.1953125 0.865234375 0.046875 0.0390625
0 0.9892578125 0.8583984375 0.021484375 0.029296875
0 0.4521484375 0.8544921875 0.037109375 0.033203125
0 0.359375 0.8544921875 0.0390625 0.037109375
0 0.9091796875 0.8466796875 0.029296875 0.029296875
0 0.240234375 0.8447265625 0.0234375 0.025390625
0 0.8076171875 0.845703125 0.029296875 0.03515625
0 0.26953125 0.8388671875 0.02734375 0.029296875
0 0.6181640625 0.8359375 0.033203125 0.03515625
0 0.5263671875 0.83203125 0.029296875 0.03125
0 0.791015625 0.82421875 0.02734375 0.03125
0 0.4306640625 0.828125 0.041015625 0.0390625
0 0.2978515625 0.822265625 0.029296875 0.02734375
0 0.990234375 0.8154296875 0.01953125 0.017578125
0 0.890625 0.8251953125 0.03125 0.037109375
0 0.7119140625 0.8251953125 0.041015625 0.048828125
0 0.5966796875 0.814453125 0.029296875 0.02734375
0 0.5087890625 0.8095703125 0.033203125 0.033203125
0 0.4150390625 0.8076171875 0.037109375 0.037109375
0 0.32421875 0.80078125 0.02734375 0.02734375
0 0.7724609375 0.80078125 0.029296875 0.03125
0 0.9736328125 0.7998046875 0.033203125 0.033203125
0 0.869140625 0.794921875 0.03125 0.03515625
0 0.6865234375 0.7919921875 0.029296875 0.029296875
0 0.5810546875 0.7900390625 0.037109375 0.033203125
0 0.490234375 0.78515625 0.03125 0.02734375
0 0.349609375 0.783203125 0.02734375 0.02734375
0 0.6220703125 0.771484375 0.017578125 0.01953125
0 0.560546875 0.7685546875 0.03125 0.029296875
0 0.6669921875 0.7666015625 0.029296875 0.029296875
0 0.37109375 0.7666015625 0.03125 0.029296875
0 0.470703125 0.763671875 0.03125 0.03125
0 0.8427734375 0.765625 0.033203125 0.0390625
0 0.75 0.7646484375 0.046875 0.048828125
0 0.6396484375 0.7431640625 0.029296875 0.029296875
0 0.5419921875 0.7431640625 0.029296875 0.033203125
0 0.392578125 0.744140625 0.03125 0.03515625
0 0.8203125 0.7373046875 0.03515625 0.041015625
0 0.419921875 0.7275390625 0.03125 0.029296875
0 0.7685546875 0.72265625 0.029296875 0.03125
0 0.525390625 0.7216796875 0.02734375 0.029296875
0 0.6220703125 0.71875 0.029296875 0.03515625
0 0.451171875 0.7080078125 0.03515625 0.033203125
0 0.7998046875 0.7060546875 0.033203125 0.033203125
0 0.599609375 0.6923828125 0.03515625 0.029296875
0 0.7802734375 0.6796875 0.029296875 0.03125
0 0.4892578125 0.6806640625 0.033203125 0.033203125
0 0.966796875 0.6826171875 0.0546875 0.060546875
0 0.70703125 0.6630859375 0.109375 0.041015625
0 0.951171875 0.5068359375 0.09765625 0.095703125
0 0.82421875 0.5009765625 0.0859375 0.091796875
0 0.3251953125 0.4912109375 0.099609375 0.095703125
0 0.6376953125 0.4462890625 0.298828125 0.150390625
0 0.892578125 0.408203125 0.08984375 0.0859375
0 0.6650390625 0.3603515625 0.248046875 0.185546875
0 0.537109375 0.271484375 0.04296875 0.078125
0 0.4267578125 0.26953125 0.087890625 0.1328125
0 0.578125 0.216796875 0.0234375 0.0625
0 0.3359375 0.1826171875 0.03515625 0.037109375
0 0.7919921875 0.1572265625 0.052734375 0.103515625
0 0.744140625 0.177734375 0.10546875 0.1640625
0 0.873046875 0.15234375 0.10546875 0.12890625
0 0.951171875 0.130859375 0.046875 0.12890625
0 0.6748046875 0.0810546875 0.072265625 0.048828125
0 0.49609375 0.107421875 0.15625 0.1484375
0 0.9619140625 0.0439453125 0.076171875 0.044921875
0 0.80859375 0.03125 0.078125 0.02734375
0 0.875 0.0146484375 0.0390625 0.029296875
0 0.72265625 0.021484375 0.08984375 0.04296875
0 0.53125 0.015625 0.0703125 0.03125
0 0.4248046875 0.04296875 0.130859375 0.0859375
0 0.4296875 0.0048828125 0.01953125 0.009765625
0 0.2451171875 0.009765625 0.025390625 0.01953125
0 0.2060546875 0.01953125 0.048828125 0.0390625