0 0.65625 0.9970703125 0.0078125 0.005859375
0 0.982421875 0.99609375 0.01171875 0.0078125
0 0.685546875 0.990234375 0.046875 0.01953125
0 0.138671875 0.98828125 0.046875 0.0234375
0 0.4130859375 0.9814453125 0.095703125 0.037109375
0 0.9970703125 0.9365234375 0.005859375 0.009765625
0 0.080078125 0.8828125 0.03125 0.0234375
0 0.9453125 0.8974609375 0.109375 0.080078125
0 0.75390625 0.736328125 0.0234375 0.01953125
0 0.8603515625 0.6591796875 0.017578125 0.017578125
0 0.7138671875 0.6533203125 0.052734375 0.037109375
0 0.3935546875 0.623046875 0.033203125 0.0234375
0 0.59375 0.6318359375 0.04296875 0.044921875
0 0.52734375 0.6279296875 0.05078125 0.037109375
0 0.8173828125 0.6328125 0.060546875 0.05078125
0 0.458984375 0.6220703125 0.046875 0.029296875
0 0.3447265625 0.599609375 0.044921875 0.0390625
0 0.6962890625 0.58203125 0.068359375 0.0390625
0 0.9130859375 0.587890625 0.076171875 0.0625
0 0.5849609375 0.5771484375 0.041015625 0.041015625
0 0.5400390625 0.537109375 0.044921875 0.04296875
0 0.2802734375 0.53515625 0.041015625 0.04296875
0 0.435546875 0.5205078125 0.02734375 0.029296875
0 0.48828125 0.5146484375 0.03515625 0.021484375
0 0.857421875 0.498046875 0.0234375 0.01953125
0 0.375 0.498046875 0.0390625 0.03515625
0 0.6484375 0.4990234375 0.046875 0.060546875
0 0.3212890625 0.4765625 0.044921875 0.03125
0 0.009765625 0.4765625 0.01953125 0.03125
0 0.197265625 0.4765625 0.03515625 0.0390625
0 0.1787109375 0.4521484375 0.021484375 0.021484375
0 0.6025390625 0.45703125 0.064453125 0.0546875
0 0.2724609375 0.4423828125 0.033203125 0.033203125
0 0.4794921875 0.41796875 0.033203125 0.046875
0 0.212890625 0.404296875 0.03125 0.0390625
0 0.1064453125 0.404296875 0.029296875 0.046875
0 0.9794921875 0.392578125 0.041015625 0.03125
0 0.5791015625 0.3955078125 0.041015625 0.044921875
0 0.81640625 0.4013671875 0.0703125 0.060546875
0 0.3798828125 0.388671875 0.044921875 0.05859375
0 0.4716796875 0.3642578125 0.041015625 0.033203125
0 0.04296875 0.3671875 0.05859375 0.046875
0 0.00390625 0.345703125 0.0078125 0.01171875
0 0.1328125 0.349609375 0.03125 0.03515625
0 0.5693359375 0.3359375 0.041015625 0.046875
0 0.4482421875 0.3212890625 0.033203125 0.033203125
0 0.1689453125 0.314453125 0.029296875 0.03125
0 0.0849609375 0.298828125 0.017578125 0.015625
0 0.7021484375 0.310546875 0.068359375 0.0546875
0 0.8818359375 0.310546875 0.076171875 0.05859375
0 0.314453125 0.3154296875 0.046875 0.068359375
0 0.0556640625 0.287109375 0.041015625 0.0234375
0 0.1953125 0.2783203125 0.0234375 0.029296875
0 0.4189453125 0.2763671875 0.037109375 0.037109375
0 0.830078125 0.2646484375 0.046875 0.041015625
0 0.5087890625 0.2568359375 0.044921875 0.044921875
0 0.181640625 0.236328125 0.046875 0.03125
0 0.6640625 0.1904296875 0.0234375 0.021484375
0 0.619140625 0.1943359375 0.04296875 0.037109375
0 0.498046875 0.1865234375 0.0625 0.037109375
0 0.3759765625 0.1953125 0.052734375 0.0546875
0 0.0419921875 0.169921875 0.033203125 0.0390625
0 0.013671875 0.1455078125 0.015625 0.017578125
0 0.1650390625 0.130859375 0.048828125 0.0390625
0 0.263671875 0.078125 0.04296875 0.05859375
0 0.12890625 0.072265625 0.04296875 0.046875
0 0.03125 0.0625 0.0390625 0.03515625
0 0.091796875 0.0302734375 0.05078125 0.044921875
0 0.0029296875 0.013671875 0.005859375 0.01171875
0 0.5908203125 0.00390625 0.021484375 0.0078125
0 0.2275390625 0.0244140625 0.048828125 0.048828125
0 0.0390625 0.001953125 0.00390625 0.00390625