0 0.2275390625 0.892578125 0.283203125 0.16796875
0 0.029296875 0.859375 0.05859375 0.1328125
0 0.728515625 0.7685546875 0.17578125 0.064453125
0 0.189453125 0.751953125 0.0625 0.046875
0 0.0390625 0.7099609375 0.03515625 0.037109375
0 0.2998046875 0.736328125 0.154296875 0.1015625
0 0.8056640625 0.7119140625 0.181640625 0.064453125
0 0.4091796875 0.703125 0.060546875 0.0703125
0 0.7841796875 0.630859375 0.060546875 0.0546875
0 0.4130859375 0.58984375 0.076171875 0.1015625
0 0.75390625 0.48828125 0.15234375 0.1328125
0 0.603515625 0.521484375 0.1796875 0.23046875
0 0.318359375 0.4384765625 0.0859375 0.107421875
0 0.14453125 0.53125 0.2890625 0.296875
0 0.7060546875 0.4140625 0.154296875 0.13671875
0 0.8486328125 0.3447265625 0.095703125 0.216796875
0 0.9482421875 0.25390625 0.103515625 0.1015625
0 0.2060546875 0.2080078125 0.146484375 0.029296875
0 0.0634765625 0.201171875 0.107421875 0.07421875
0 0.001953125 0.1435546875 0.00390625 0.013671875
0 0.0283203125 0.126953125 0.052734375 0.04296875
0 0.07421875 0.1181640625 0.04296875 0.041015625
0 0.11328125 0.1103515625 0.02734375 0.037109375
0 0.056640625 0.08984375 0.01171875 0.015625
0 0.095703125 0.08203125 0.015625 0.015625
0 0.24609375 0.1181640625 0.19140625 0.111328125
0 0.5224609375 0.193359375 0.201171875 0.29296875
0 0.0576171875 0.04296875 0.115234375 0.046875
0 0.98046875 0.0439453125 0.0390625 0.060546875
0 0.904296875 0.064453125 0.1015625 0.12890625
0 0.65234375 0.013671875 0.08203125 0.02734375