0 0.9521484375 0.99609375 0.017578125 0.0078125
0 0.255859375 0.9931640625 0.0234375 0.013671875
0 0.47265625 0.986328125 0.02734375 0.02734375
0 0.5673828125 0.984375 0.025390625 0.03125
0 0.19140625 0.984375 0.046875 0.03125
0 0.5107421875 0.98046875 0.048828125 0.0390625
0 0.376953125 0.966796875 0.03125 0.03515625
0 0.4697265625 0.9560546875 0.017578125 0.017578125
0 0.4267578125 0.9638671875 0.060546875 0.064453125
0 0.103515625 0.9638671875 0.08203125 0.072265625
0 0.32421875 0.931640625 0.02734375 0.04296875
0 0.4990234375 0.9228515625 0.033203125 0.029296875
0 0.2685546875 0.931640625 0.064453125 0.046875
0 0.3662109375 0.9228515625 0.033203125 0.041015625
0 0.8505859375 0.9150390625 0.025390625 0.033203125
0 0.0224609375 0.947265625 0.044921875 0.10546875
0 0.830078125 0.9091796875 0.02734375 0.033203125
0 0.470703125 0.900390625 0.0234375 0.02734375
0 0.6708984375 0.9375 0.310546875 0.125
0 0.3046875 0.8876953125 0.06640625 0.025390625
0 0.4443359375 0.88671875 0.025390625 0.02734375
0 0.412109375 0.88671875 0.03125 0.02734375
0 0.759765625 0.8828125 0.03125 0.0234375
0 0.712890625 0.8681640625 0.03515625 0.029296875
0 0.66015625 0.841796875 0.0234375 0.03125
0 0.6845703125 0.845703125 0.029296875 0.04296875
0 0.9287109375 0.8046875 0.119140625 0.0546875
0 0.10546875 0.591796875 0.2109375 0.09375
0 0.9560546875 0.5126953125 0.083984375 0.099609375
0 0.8359375 0.490234375 0.0546875 0.09375
0 0.693359375 0.490234375 0.046875 0.10546875
0 0.296875 0.451171875 0.13671875 0.0859375
0 0.5625 0.4521484375 0.19140625 0.111328125
0 0.8828125 0.3427734375 0.0390625 0.068359375
0 0.9912109375 0.3017578125 0.017578125 0.052734375
0 0.7841796875 0.31640625 0.107421875 0.09375
0 0.9384765625 0.3125 0.048828125 0.09375