0 0.408203125 0.9951171875 0.03125 0.009765625
0 0.283203125 0.9931640625 0.02734375 0.013671875
0 0.748046875 0.9921875 0.03125 0.015625
0 0.0029296875 0.9912109375 0.005859375 0.017578125
0 0.37109375 0.990234375 0.03515625 0.01953125
0 0.4560546875 0.98046875 0.048828125 0.0390625
0 0.3369140625 0.9755859375 0.037109375 0.033203125
0 0.203125 0.9755859375 0.04296875 0.048828125
0 0.30859375 0.9638671875 0.02734375 0.029296875
0 0.9453125 0.9736328125 0.05078125 0.052734375
0 0.5380859375 0.97265625 0.044921875 0.0546875
0 0.4765625 0.95703125 0.03125 0.02734375
0 0.44140625 0.9482421875 0.01953125 0.021484375
0 0.26953125 0.9443359375 0.046875 0.037109375
0 0.013671875 0.9404296875 0.02734375 0.044921875
0 0.591796875 0.951171875 0.10546875 0.07421875
0 0.6845703125 0.951171875 0.091796875 0.078125
0 0.236328125 0.9267578125 0.03125 0.037109375
0 0.138671875 0.9296875 0.07421875 0.05859375
0 0.009765625 0.89453125 0.01953125 0.02734375
0 0.037109375 0.89453125 0.03515625 0.046875
0 0.2470703125 0.88671875 0.041015625 0.03515625
0 0.8330078125 0.93359375 0.111328125 0.1328125
0 0.9599609375 0.8984375 0.080078125 0.0703125
0 0.482421875 0.8935546875 0.08984375 0.064453125
0 0.3251953125 0.853515625 0.021484375 0.0234375
0 0.62109375 0.8349609375 0.03515625 0.029296875
0 0.1953125 0.8603515625 0.0703125 0.095703125
0 0.5107421875 0.80078125 0.107421875 0.0546875
0 0.3896484375 0.8193359375 0.107421875 0.111328125
0 0.2978515625 0.7939453125 0.080078125 0.068359375
0 0.18359375 0.822265625 0.13671875 0.13671875
0 0.078125 0.787109375 0.0859375 0.078125
0 0.015625 0.796875 0.03125 0.09765625
0 0.4267578125 0.7001953125 0.123046875 0.072265625
0 0.314453125 0.6962890625 0.0859375 0.064453125
0 0.7578125 0.65625 0.05859375 0.03125
0 0.34375 0.6513671875 0.03125 0.021484375
0 0.6123046875 0.6689453125 0.083984375 0.076171875
0 0.4482421875 0.65625 0.091796875 0.0625
0 0.31640625 0.638671875 0.0234375 0.02734375
0 0.2158203125 0.673828125 0.107421875 0.09765625
0 0.9150390625 0.7548828125 0.169921875 0.267578125
0 0.3505859375 0.6279296875 0.021484375 0.017578125
0 0.2900390625 0.6240234375 0.021484375 0.017578125
0 0.7373046875 0.619140625 0.037109375 0.03125
0 0.0654296875 0.65234375 0.130859375 0.109375
0 0.8720703125 0.609375 0.037109375 0.0390625
0 0.3232421875 0.599609375 0.025390625 0.0390625
0 0.90234375 0.5888671875 0.0390625 0.044921875
0 0.349609375 0.587890625 0.02734375 0.04296875
0 0.025390625 0.591796875 0.05078125 0.05078125
0 0.8017578125 0.6162109375 0.091796875 0.111328125
0 0.2998046875 0.5849609375 0.025390625 0.048828125
0 0.14453125 0.591796875 0.046875 0.0625
0 0.9296875 0.5712890625 0.03125 0.037109375
0 0.7080078125 0.5703125 0.029296875 0.0390625
0 0.24609375 0.560546875 0.05859375 0.03515625
0 0.677734375 0.5576171875 0.03125 0.037109375
0 0.64453125 0.55078125 0.02734375 0.02734375
0 0.8623046875 0.556640625 0.033203125 0.04296875
0 0.96484375 0.5517578125 0.04296875 0.041015625
0 0.767578125 0.548828125 0.046875 0.0390625
0 0.0087890625 0.5390625 0.017578125 0.0234375
0 0.5263671875 0.5390625 0.025390625 0.02734375
0 0.083984375 0.5458984375 0.0390625 0.044921875
0 0.578125 0.5390625 0.0390625 0.04296875
0 0.431640625 0.5234375 0.015625 0.0234375
0 0.9375 0.51953125 0.02734375 0.02734375
0 0.841796875 0.5205078125 0.03125 0.033203125
0 0.05859375 0.515625 0.01953125 0.0234375
0 0.49609375 0.517578125 0.03515625 0.046875
0 0.0087890625 0.5078125 0.017578125 0.02734375
0 0.0341796875 0.509765625 0.025390625 0.0390625
0 0.65234375 0.4990234375 0.0390625 0.025390625
0 0.5302734375 0.494140625 0.017578125 0.01953125
0 0.3388671875 0.5078125 0.064453125 0.0546875
0 0.8857421875 0.49609375 0.033203125 0.03515625
0 0.27734375 0.501953125 0.0625 0.05078125
0 0.580078125 0.486328125 0.03125 0.0234375
0 0.986328125 0.490234375 0.02734375 0.0390625
0 0.431640625 0.48046875 0.0234375 0.01953125
0 0.7314453125 0.4794921875 0.021484375 0.025390625
0 0.5 0.4736328125 0.03515625 0.021484375
0 0.841796875 0.4775390625 0.03515625 0.033203125
0 0.775390625 0.4716796875 0.03125 0.029296875
0 0.6572265625 0.46875 0.033203125 0.0234375
0 0.1123046875 0.4716796875 0.029296875 0.029296875
0 0.9599609375 0.4677734375 0.037109375 0.033203125
0 0.43359375 0.453125 0.0234375 0.02734375
0 0.1845703125 0.4716796875 0.068359375 0.064453125
0 0.58203125 0.4501953125 0.0390625 0.025390625
0 0.908203125 0.4560546875 0.0390625 0.044921875
0 0.0732421875 0.451171875 0.048828125 0.0390625
0 0.654296875 0.4384765625 0.03515625 0.021484375
0 0.5068359375 0.439453125 0.037109375 0.02734375
0 0.3994140625 0.43359375 0.017578125 0.015625
0 0.8681640625 0.43359375 0.029296875 0.02734375
0 0.0283203125 0.435546875 0.041015625 0.03125
0 0.7744140625 0.4296875 0.037109375 0.04296875
0 0.587890625 0.4130859375 0.03125 0.029296875
0 0.4384765625 0.412109375 0.037109375 0.02734375
0 0.5166015625 0.40625 0.041015625 0.03515625
0 0.0830078125 0.396484375 0.017578125 0.015625
0 0.03515625 0.4052734375 0.0390625 0.033203125
0 0.80078125 0.408203125 0.03515625 0.04296875
0 0.662109375 0.4013671875 0.02734375 0.033203125
0 0.4052734375 0.37890625 0.017578125 0.01953125
0 0.7578125 0.3837890625 0.03515625 0.033203125
0 0.1455078125 0.4033203125 0.080078125 0.072265625
0 0.5947265625 0.3798828125 0.029296875 0.029296875
0 0.4453125 0.3759765625 0.0390625 0.029296875
0 0.04296875 0.3720703125 0.0390625 0.029296875
0 0.529296875 0.373046875 0.0390625 0.0390625
0 0.7119140625 0.365234375 0.033203125 0.03515625
0 0.341796875 0.37109375 0.0703125 0.046875
0 0.2578125 0.3603515625 0.046875 0.041015625
0 0.9482421875 0.3544921875 0.041015625 0.048828125
0 0.671875 0.3486328125 0.03125 0.041015625
0 0.998046875 0.3310546875 0.00390625 0.009765625
0 0.2314453125 0.3369140625 0.025390625 0.021484375
0 0.5498046875 0.3408203125 0.044921875 0.033203125
0 0.4609375 0.341796875 0.0390625 0.03515625
0 0.095703125 0.3330078125 0.01953125 0.021484375
0 0.05078125 0.33984375 0.03515625 0.03515625
0 0.8876953125 0.3349609375 0.037109375 0.041015625
0 0.1845703125 0.330078125 0.029296875 0.0390625
0 0.98046875 0.3173828125 0.0234375 0.021484375
0 0.162109375 0.3212890625 0.02734375 0.033203125
0 0.607421875 0.3203125 0.03125 0.03515625
0 0.3662109375 0.328125 0.068359375 0.05859375
0 0.0546875 0.30859375 0.03515625 0.02734375
0 0.8388671875 0.310546875 0.033203125 0.0390625
0 0.12109375 0.30859375 0.03125 0.0390625
0 0.48046875 0.30078125 0.03515625 0.03125
0 0.5673828125 0.298828125 0.037109375 0.0390625
0 0.091796875 0.2958984375 0.02734375 0.033203125
0 0.787109375 0.2861328125 0.03515625 0.037109375
0 0.998046875 0.2666015625 0.00390625 0.005859375
0 0.0634765625 0.279296875 0.037109375 0.03125
0 0.0068359375 0.275390625 0.013671875 0.03125
0 0.9013671875 0.2666015625 0.021484375 0.021484375
0 0.7529296875 0.275390625 0.033203125 0.0390625
0 0.388671875 0.27734375 0.05859375 0.04296875
0 0.7080078125 0.2646484375 0.044921875 0.044921875
0 0.81640625 0.2529296875 0.0390625 0.029296875
0 0.1943359375 0.2529296875 0.029296875 0.037109375
0 0.298828125 0.2734375 0.0546875 0.08203125
0 0.2314453125 0.2548828125 0.044921875 0.044921875
0 0.404296875 0.2470703125 0.03515625 0.033203125
0 0.1650390625 0.2412109375 0.041015625 0.041015625
0 0.4404296875 0.2421875 0.044921875 0.046875
0 0.32421875 0.228515625 0.03125 0.0234375
0 0.984375 0.2373046875 0.03125 0.044921875
0 0.6640625 0.2353515625 0.0390625 0.044921875
0 0.130859375 0.2265625 0.03125 0.03515625
0 0.6240234375 0.2236328125 0.029296875 0.033203125
0 0.9541015625 0.2236328125 0.033203125 0.041015625
0 0.2880859375 0.212890625 0.029296875 0.02734375
0 0.091796875 0.2158203125 0.046875 0.037109375
0 0.7724609375 0.203125 0.017578125 0.01953125
0 0.591796875 0.2109375 0.03515625 0.03515625
0 0.923828125 0.212890625 0.03515625 0.04296875
0 0.8955078125 0.2021484375 0.033203125 0.041015625
0 0.1884765625 0.19140625 0.021484375 0.01953125
0 0.2587890625 0.2001953125 0.041015625 0.044921875
0 0.15625 0.1953125 0.03125 0.03515625
0 0.0224609375 0.1923828125 0.025390625 0.029296875
0 0.673828125 0.189453125 0.03515625 0.03125
0 0.8701171875 0.1865234375 0.029296875 0.029296875
0 0.49609375 0.1884765625 0.0390625 0.037109375
0 0.5537109375 0.19140625 0.041015625 0.046875
0 0.1015625 0.1767578125 0.04296875 0.033203125
0 0.2216796875 0.18359375 0.041015625 0.05078125
0 0.0068359375 0.173828125 0.013671875 0.03125
0 0.8408203125 0.1767578125 0.033203125 0.041015625
0 0.3232421875 0.185546875 0.072265625 0.06640625
0 0.9853515625 0.15625 0.029296875 0.0390625
0 0.630859375 0.14453125 0.0234375 0.01953125
0 0.8017578125 0.1572265625 0.056640625 0.048828125
0 0.1142578125 0.1484375 0.041015625 0.03125
0 0.03515625 0.150390625 0.03515625 0.0390625
0 0.9599609375 0.1435546875 0.029296875 0.037109375
0 0.6025390625 0.1328125 0.021484375 0.01953125
0 0.208984375 0.1357421875 0.02734375 0.025390625
0 0.93359375 0.1318359375 0.03125 0.037109375
0 0.4501953125 0.1484375 0.048828125 0.0703125
0 0.5703125 0.1201171875 0.01953125 0.017578125
0 0.7470703125 0.1328125 0.060546875 0.046875
0 0.048828125 0.119140625 0.0390625 0.03125
0 0.9013671875 0.1181640625 0.033203125 0.037109375
0 0.70703125 0.115234375 0.03125 0.0390625
0 0.1650390625 0.11328125 0.052734375 0.03515625
0 0.1240234375 0.1005859375 0.033203125 0.029296875
0 0.677734375 0.099609375 0.03515625 0.0390625
0 0.86328125 0.099609375 0.0546875 0.0546875
0 0.6484375 0.087890625 0.03125 0.0390625
0 0.0615234375 0.0849609375 0.033203125 0.033203125
0 0.99609375 0.0703125 0.0078125 0.01953125
0 0.82421875 0.0791015625 0.03515625 0.041015625
0 0.6220703125 0.076171875 0.033203125 0.0390625
0 0.5068359375 0.0859375 0.099609375 0.0625
0 0.7958984375 0.0693359375 0.033203125 0.041015625
0 0.0068359375 0.0595703125 0.013671875 0.025390625
0 0.5947265625 0.0625 0.033203125 0.0390625
0 0.76953125 0.0546875 0.03515625 0.0390625
0 0.564453125 0.0517578125 0.03125 0.037109375
0 0.93359375 0.0400390625 0.04296875 0.029296875
0 0.740234375 0.04296875 0.03515625 0.0390625
0 0.537109375 0.0390625 0.03125 0.0390625
0 0.7119140625 0.029296875 0.033203125 0.0390625
0 0.0966796875 0.0244140625 0.041015625 0.033203125
0 0.7607421875 0.0146484375 0.017578125 0.017578125
0 0.947265625 0.01171875 0.03515625 0.0234375
0 0.8994140625 0.00390625 0.017578125 0.0078125
0 0.6826171875 0.0185546875 0.037109375 0.037109375
0 0.6533203125 0.01171875 0.029296875 0.0234375
0 0.626953125 0.005859375 0.0234375 0.01171875
0 0.5 0.0283203125 0.0390625 0.056640625
0 0.3193359375 0.0654296875 0.095703125 0.130859375
0 0.1953125 0.033203125 0.078125 0.06640625
0 0.0595703125 0.009765625 0.033203125 0.01953125
0 0.021484375 0.001953125 0.00390625 0.00390625