0 0.2919921875 0.998046875 0.013671875 0.00390625
0 0.7177734375 0.9970703125 0.013671875 0.005859375
0 0.4521484375 0.9912109375 0.033203125 0.017578125
0 0.5908203125 0.9833984375 0.037109375 0.033203125
0 0.1767578125 0.9833984375 0.037109375 0.033203125
0 0.80859375 0.970703125 0.03125 0.04296875
0 0.5615234375 0.958984375 0.033203125 0.03125
0 0.2705078125 0.962890625 0.033203125 0.0390625
0 0.7158203125 0.9541015625 0.041015625 0.041015625
0 0.173828125 0.9375 0.03515625 0.046875
0 0.412109375 0.9375 0.04296875 0.05078125
0 0.66796875 0.927734375 0.0390625 0.03515625
0 0.53125 0.9267578125 0.03515625 0.044921875
0 0.267578125 0.9072265625 0.03125 0.044921875
0 0.8193359375 0.8984375 0.025390625 0.03125
0 0.6279296875 0.8857421875 0.037109375 0.037109375
0 0.5029296875 0.888671875 0.041015625 0.046875
0 0.37890625 0.8857421875 0.03515625 0.056640625
0 0.177734375 0.8828125 0.04296875 0.05078125
0 0.0478515625 0.86328125 0.044921875 0.0390625
0 0.2978515625 0.859375 0.044921875 0.04296875
0 0.732421875 0.8583984375 0.0390625 0.044921875
0 0.0107421875 0.8525390625 0.021484375 0.033203125
0 0.59765625 0.84765625 0.0390625 0.0390625
0 0.8349609375 0.8466796875 0.033203125 0.041015625
0 0.205078125 0.8388671875 0.0390625 0.041015625
0 0.681640625 0.837890625 0.04296875 0.04296875
0 0.349609375 0.833984375 0.0546875 0.04296875
0 0.1015625 0.833984375 0.046875 0.05078125
0 0.4755859375 0.8212890625 0.041015625 0.029296875
0 0.5234375 0.8125 0.03515625 0.03125
0 0.7548828125 0.802734375 0.041015625 0.04296875
0 0.5830078125 0.7939453125 0.037109375 0.037109375
0 0.232421875 0.7919921875 0.046875 0.041015625
0 0.703125 0.775390625 0.01953125 0.01953125
0 0.8603515625 0.7802734375 0.033203125 0.041015625
0 0.7314453125 0.767578125 0.021484375 0.01953125
0 0.66796875 0.7783203125 0.0234375 0.041015625
0 0.0947265625 0.7744140625 0.037109375 0.041015625
0 0.009765625 0.75390625 0.01953125 0.03515625
0 0.78125 0.751953125 0.03515625 0.0390625
0 0.2705078125 0.751953125 0.052734375 0.04296875
0 0.328125 0.75 0.05078125 0.04296875
0 0.451171875 0.7373046875 0.0390625 0.021484375
0 0.7236328125 0.732421875 0.021484375 0.0234375
0 0.505859375 0.7275390625 0.0390625 0.037109375
0 0.8876953125 0.724609375 0.033203125 0.03515625
0 0.671875 0.7265625 0.0390625 0.04296875
0 0.1083984375 0.7265625 0.037109375 0.04296875
0 0.02734375 0.7158203125 0.03125 0.044921875
0 0.80078125 0.7041015625 0.03515625 0.037109375
0 0.5458984375 0.7021484375 0.037109375 0.044921875
0 0.326171875 0.6982421875 0.04296875 0.041015625
0 0.5849609375 0.6865234375 0.033203125 0.029296875
0 0.4345703125 0.6845703125 0.025390625 0.033203125
0 0.7109375 0.6787109375 0.0390625 0.037109375
0 0.919921875 0.67578125 0.03515625 0.0390625
0 0.5537109375 0.658203125 0.017578125 0.01953125
0 0.044921875 0.6689453125 0.02734375 0.041015625
0 0.8310546875 0.65625 0.037109375 0.0390625
0 0.623046875 0.6494140625 0.0390625 0.037109375
0 0.9912109375 0.6328125 0.017578125 0.0234375
0 0.3056640625 0.6416015625 0.052734375 0.041015625
0 0.134765625 0.6640625 0.05859375 0.0859375
0 0.7431640625 0.634765625 0.037109375 0.03515625
0 0.798828125 0.6240234375 0.01953125 0.021484375
0 0.44140625 0.630859375 0.0390625 0.0390625
0 0.9580078125 0.62890625 0.037109375 0.0390625
0 0.6083984375 0.6142578125 0.017578125 0.017578125
0 0.494140625 0.619140625 0.03125 0.02734375
0 0.05859375 0.625 0.03515625 0.0390625
0 0.9970703125 0.607421875 0.005859375 0.0078125
0 0.8623046875 0.6142578125 0.037109375 0.041015625
0 0.8173828125 0.6015625 0.017578125 0.01953125
0 0.6533203125 0.61328125 0.048828125 0.05078125
0 0.5400390625 0.6015625 0.041015625 0.04296875
0 0.1591796875 0.599609375 0.037109375 0.046875
0 0.7744140625 0.59375 0.037109375 0.04296875
0 0.81640625 0.5693359375 0.01953125 0.021484375
0 0.080078125 0.578125 0.03515625 0.046875
0 0.3212890625 0.5810546875 0.056640625 0.060546875
0 0.693359375 0.5703125 0.0390625 0.04296875
0 0.5830078125 0.568359375 0.044921875 0.04296875
0 0.9873046875 0.5673828125 0.025390625 0.044921875
0 0.8837890625 0.5673828125 0.048828125 0.044921875
0 0.1904296875 0.552734375 0.041015625 0.03515625
0 0.345703125 0.541015625 0.03125 0.02734375
0 0.6708984375 0.5302734375 0.021484375 0.017578125
0 0.451171875 0.537109375 0.03125 0.03515625
0 0.8017578125 0.5380859375 0.041015625 0.041015625
0 0.10546875 0.5341796875 0.03515625 0.044921875
0 0.72265625 0.5302734375 0.0390625 0.044921875
0 0.2119140625 0.52734375 0.041015625 0.04296875
0 0.6162109375 0.5205078125 0.037109375 0.037109375
0 0.509765625 0.5068359375 0.0546875 0.044921875
0 0.255859375 0.4990234375 0.046875 0.033203125
0 0.8349609375 0.5009765625 0.048828125 0.048828125
0 0.697265625 0.4853515625 0.0234375 0.021484375
0 0.943359375 0.4951171875 0.0390625 0.052734375
0 0.1298828125 0.4931640625 0.041015625 0.052734375
0 0.4521484375 0.4814453125 0.025390625 0.033203125
0 0.634765625 0.478515625 0.02734375 0.0390625
0 0.75 0.48046875 0.04296875 0.046875
0 0.3486328125 0.4833984375 0.041015625 0.064453125
0 0.89453125 0.458984375 0.0390625 0.04296875
0 0.1728515625 0.45703125 0.037109375 0.04296875
0 0.0263671875 0.431640625 0.033203125 0.02734375
0 0.7412109375 0.419921875 0.021484375 0.0234375
0 0.6455078125 0.4287109375 0.037109375 0.041015625
0 0.4619140625 0.4306640625 0.029296875 0.044921875
0 0.2158203125 0.4267578125 0.037109375 0.037109375
0 0.7216796875 0.4140625 0.017578125 0.01953125
0 0.5478515625 0.4228515625 0.037109375 0.041015625
0 0.7802734375 0.42578125 0.037109375 0.05078125
0 0.3662109375 0.4111328125 0.025390625 0.048828125
0 0.0947265625 0.396484375 0.033203125 0.02734375
0 0.9814453125 0.4033203125 0.037109375 0.048828125
0 0.8740234375 0.3994140625 0.033203125 0.041015625
0 0.26171875 0.3876953125 0.04296875 0.044921875
0 0.4677734375 0.37890625 0.029296875 0.046875
0 0.7275390625 0.373046875 0.041015625 0.0390625
0 0.5546875 0.3701171875 0.02734375 0.041015625
0 0.94921875 0.3642578125 0.0390625 0.041015625
0 0.646484375 0.3662109375 0.03125 0.048828125
0 0.302734375 0.3515625 0.04296875 0.0390625
0 0.6904296875 0.33984375 0.037109375 0.0390625
0 0.9140625 0.3291015625 0.04296875 0.041015625
0 0.8193359375 0.330078125 0.037109375 0.05078125
0 0.484375 0.328125 0.046875 0.046875
0 0.3505859375 0.3125 0.041015625 0.03515625
0 0.0947265625 0.34765625 0.154296875 0.109375
0 0.564453125 0.314453125 0.02734375 0.046875
0 0.65234375 0.3017578125 0.046875 0.052734375
0 0.9921875 0.2880859375 0.015625 0.029296875
0 0.767578125 0.2890625 0.046875 0.03515625
0 0.515625 0.28515625 0.046875 0.03515625
0 0.3828125 0.279296875 0.02734375 0.0390625
0 0.853515625 0.267578125 0.03515625 0.05078125
0 0.576171875 0.2626953125 0.02734375 0.041015625
0 0.9755859375 0.2470703125 0.041015625 0.041015625
0 0.7197265625 0.244140625 0.048828125 0.04296875
0 0.8125 0.22265625 0.0390625 0.03515625
0 0.677734375 0.2109375 0.03515625 0.03515625
0 0.490234375 0.205078125 0.03515625 0.0390625
0 0.5322265625 0.189453125 0.037109375 0.03125
0 0.77734375 0.1796875 0.03515625 0.04296875
0 0.91796875 0.1728515625 0.0390625 0.056640625
0 0.5712890625 0.1533203125 0.029296875 0.029296875
0 0.6923828125 0.146484375 0.033203125 0.03125
0 0.7490234375 0.13671875 0.033203125 0.03515625
0 0.974609375 0.123046875 0.03125 0.04296875
0 0.6044921875 0.119140625 0.033203125 0.03515625
0 0.84765625 0.1162109375 0.03515625 0.033203125
0 0.9951171875 0.1064453125 0.009765625 0.017578125
0 0.625 0.0859375 0.0390625 0.03125
0 0.9189453125 0.0908203125 0.044921875 0.044921875
0 0.9794921875 0.052734375 0.041015625 0.0390625
0 0.869140625 0.052734375 0.05078125 0.04296875
0 0.6748046875 0.048828125 0.033203125 0.04296875
0 0.716796875 0.0390625 0.03515625 0.0390625
0 0.9287109375 0.0283203125 0.037109375 0.033203125
0 0.7626953125 0.01953125 0.033203125 0.03125
0 0.794921875 0.0048828125 0.01953125 0.009765625
0 0.5390625 0.0224609375 0.05859375 0.044921875