0 0.2158203125 0.9951171875 0.021484375 0.009765625
0 0.671875 0.9921875 0.03515625 0.015625
0 0.822265625 0.990234375 0.05859375 0.01953125
0 0.7626953125 0.9892578125 0.037109375 0.021484375
0 0.6279296875 0.9892578125 0.017578125 0.021484375
0 0.5986328125 0.9892578125 0.021484375 0.021484375
0 0.5673828125 0.9892578125 0.017578125 0.021484375
0 0.482421875 0.98828125 0.01953125 0.0234375
0 0.537109375 0.9873046875 0.01953125 0.025390625
0 0.509765625 0.9853515625 0.0234375 0.029296875
0 0.91796875 0.982421875 0.08203125 0.03515625
0 0.0107421875 0.974609375 0.021484375 0.05078125
0 0.4814453125 0.9541015625 0.029296875 0.025390625
0 0.07421875 0.9638671875 0.08984375 0.048828125
0 0.671875 0.939453125 0.03515625 0.0234375
0 0.6591796875 0.9521484375 0.060546875 0.056640625
0 0.822265625 0.9384765625 0.03515625 0.048828125
0 0.1376953125 0.94140625 0.048828125 0.05859375
0 0.6455078125 0.9140625 0.013671875 0.015625
0 0.5517578125 0.9150390625 0.021484375 0.033203125
0 0.5263671875 0.9140625 0.021484375 0.03125
0 0.671875 0.9091796875 0.03515625 0.025390625
0 0.625 0.9140625 0.01953125 0.03515625
0 0.599609375 0.9130859375 0.01953125 0.033203125
0 0.5771484375 0.9111328125 0.021484375 0.029296875
0 0.5029296875 0.9140625 0.021484375 0.03515625
0 0.4775390625 0.9140625 0.021484375 0.03515625
0 0.009765625 0.9111328125 0.01953125 0.029296875
0 0.7666015625 0.9296875 0.048828125 0.078125
0 0.4404296875 0.908203125 0.037109375 0.03515625
0 0.18359375 0.8916015625 0.0390625 0.033203125
0 0.0947265625 0.900390625 0.052734375 0.0546875
0 0.2265625 0.90625 0.08984375 0.078125
0 0.3125 0.9326171875 0.12890625 0.134765625
0 0.0029296875 0.8671875 0.005859375 0.01171875
0 0.07421875 0.8720703125 0.0390625 0.033203125
0 0.1669921875 0.8681640625 0.041015625 0.029296875
0 0.220703125 0.8603515625 0.0390625 0.033203125
0 0.0078125 0.84765625 0.015625 0.01953125
0 0.150390625 0.84765625 0.0390625 0.03515625
0 0.052734375 0.84765625 0.04296875 0.0390625
0 0.2041015625 0.83984375 0.037109375 0.03515625
0 0.1298828125 0.826171875 0.037109375 0.03515625
0 0.1884765625 0.8193359375 0.037109375 0.037109375
0 0.1123046875 0.80078125 0.037109375 0.03125
0 0.166015625 0.796875 0.04296875 0.0390625
0 0.2548828125 0.7880859375 0.037109375 0.033203125
0 0.0927734375 0.77734375 0.037109375 0.03125
0 0.0078125 0.7724609375 0.015625 0.029296875
0 0.146484375 0.771484375 0.03515625 0.03125
0 0.23828125 0.763671875 0.0390625 0.03515625
0 0.3203125 0.8037109375 0.09765625 0.119140625
0 0.0751953125 0.75390625 0.037109375 0.03515625
0 0.001953125 0.7431640625 0.00390625 0.017578125
0 0.2177734375 0.7421875 0.033203125 0.03125
0 0.1298828125 0.7470703125 0.041015625 0.041015625
0 0.640625 0.794921875 0.10546875 0.14453125
0 0.255859375 0.73046875 0.01953125 0.01953125
0 0.056640625 0.7333984375 0.0390625 0.037109375
0 0.5 0.787109375 0.16015625 0.1640625
0 0.2021484375 0.7216796875 0.033203125 0.033203125
0 0.11328125 0.7236328125 0.0390625 0.037109375
0 0.236328125 0.705078125 0.01953125 0.01953125
0 0.185546875 0.7001953125 0.03125 0.033203125
0 0.0966796875 0.7021484375 0.041015625 0.037109375
0 0.40234375 0.703125 0.05078125 0.05078125
0 0.3857421875 0.671875 0.017578125 0.01953125
0 0.1689453125 0.6767578125 0.041015625 0.033203125
0 0.2646484375 0.705078125 0.107421875 0.09375
0 0.353515625 0.6748046875 0.05078125 0.041015625
0 0.2001953125 0.6591796875 0.017578125 0.021484375
0 0.0283203125 0.6826171875 0.056640625 0.068359375
0 0.15234375 0.6572265625 0.03515625 0.033203125
0 0.232421875 0.65234375 0.0390625 0.0390625
0 0.0654296875 0.650390625 0.033203125 0.0390625
0 0.017578125 0.63671875 0.015625 0.015625
0 0.3837890625 0.64453125 0.037109375 0.03515625
0 0.181640625 0.6337890625 0.01953125 0.017578125
0 0.1357421875 0.6357421875 0.037109375 0.033203125
0 0.32421875 0.6435546875 0.0390625 0.056640625
0 0.4638671875 0.6337890625 0.048828125 0.041015625
0 0.212890625 0.6298828125 0.03515625 0.033203125
0 0.36328125 0.619140625 0.0390625 0.03125
0 0.3017578125 0.6201171875 0.037109375 0.033203125
0 0.158203125 0.611328125 0.01953125 0.01953125
0 0.119140625 0.6162109375 0.03515625 0.033203125
0 0.005859375 0.61328125 0.01171875 0.02734375
0 0.1943359375 0.6064453125 0.037109375 0.033203125
0 0.02734375 0.6015625 0.03515625 0.0390625
0 0.4365234375 0.59765625 0.033203125 0.0390625
0 0.10546875 0.59375 0.0390625 0.03515625
0 0.33984375 0.59375 0.0390625 0.0390625
0 0.173828125 0.58203125 0.04296875 0.03515625
0 0.0859375 0.5693359375 0.02734375 0.033203125
0 0.462890625 0.5595703125 0.0390625 0.033203125
0 0.15625 0.5556640625 0.03515625 0.037109375
0 0.408203125 0.5625 0.0546875 0.0625
0 0.0771484375 0.53125 0.025390625 0.01953125
0 0.0078125 0.5302734375 0.015625 0.021484375
0 0.44921875 0.5263671875 0.04296875 0.033203125
0 0.37890625 0.529296875 0.03515625 0.0390625
0 0.2861328125 0.5234375 0.033203125 0.03125
0 0.1259765625 0.52734375 0.025390625 0.0390625
0 0.6591796875 0.5185546875 0.041015625 0.033203125
0 0.359375 0.505859375 0.03515625 0.0390625
0 0.259765625 0.544921875 0.16015625 0.1328125
0 0.427734375 0.4951171875 0.04296875 0.041015625
0 0.884765625 0.6865234375 0.23046875 0.435546875
0 0.353515625 0.484375 0.0546875 0.03515625
0 0.224609375 0.486328125 0.03125 0.0390625
0 0.251953125 0.4833984375 0.0390625 0.052734375
0 0.69921875 0.4833984375 0.0625 0.068359375
0 0.7724609375 0.4619140625 0.025390625 0.037109375
0 0.4052734375 0.4599609375 0.041015625 0.033203125
0 0.076171875 0.4560546875 0.02734375 0.025390625
0 0.3818359375 0.4462890625 0.017578125 0.017578125
0 0.7978515625 0.4501953125 0.025390625 0.037109375
0 0.310546875 0.44921875 0.03125 0.0390625
0 0.0224609375 0.4443359375 0.033203125 0.037109375
0 0.82421875 0.4404296875 0.02734375 0.037109375
0 0.0048828125 0.4287109375 0.009765625 0.013671875
0 0.33203125 0.4384765625 0.03515625 0.037109375
0 0.765625 0.4208984375 0.015625 0.017578125
0 0.12890625 0.4365234375 0.06640625 0.052734375
0 0.6953125 0.4228515625 0.03515625 0.029296875
0 0.357421875 0.42578125 0.02734375 0.0390625
0 0.0673828125 0.4111328125 0.013671875 0.017578125
0 0.162109375 0.416015625 0.05078125 0.04296875
0 0.384765625 0.4130859375 0.03125 0.041015625
0 0.0859375 0.4013671875 0.01953125 0.017578125
0 0.8408203125 0.40625 0.029296875 0.046875
0 0.765625 0.3955078125 0.0390625 0.025390625
0 0.8935546875 0.396484375 0.025390625 0.03515625
0 0.919921875 0.384765625 0.0234375 0.02734375
0 0.1220703125 0.3896484375 0.037109375 0.037109375
0 0.060546875 0.3779296875 0.01953125 0.017578125
0 0.6904296875 0.3740234375 0.025390625 0.029296875
0 0.82421875 0.3662109375 0.04296875 0.025390625
0 0.0087890625 0.369140625 0.017578125 0.03125
0 0.9423828125 0.37109375 0.025390625 0.0390625
0 0.2841796875 0.3701171875 0.025390625 0.037109375
0 0.224609375 0.3701171875 0.02734375 0.037109375
0 0.0986328125 0.3662109375 0.037109375 0.037109375
0 0.7568359375 0.35546875 0.037109375 0.0234375
0 0.96875 0.357421875 0.0234375 0.03515625
0 0.3115234375 0.35546875 0.025390625 0.0390625
0 0.03125 0.3525390625 0.03125 0.033203125
0 0.822265625 0.3369140625 0.03515625 0.025390625
0 0.939453125 0.33203125 0.01953125 0.01953125
0 0.0810546875 0.3408203125 0.037109375 0.037109375
0 0.8876953125 0.3349609375 0.041015625 0.033203125
0 0.1748046875 0.3369140625 0.037109375 0.041015625
0 0.3623046875 0.3349609375 0.025390625 0.041015625
0 0.208984375 0.326171875 0.01953125 0.0234375
0 0.748046875 0.32421875 0.03125 0.02734375
0 0.326171875 0.3349609375 0.0546875 0.060546875
0 0.0634765625 0.322265625 0.037109375 0.0390625
0 0.9111328125 0.3076171875 0.017578125 0.017578125
0 0.1806640625 0.3056640625 0.017578125 0.017578125
0 0.2763671875 0.3095703125 0.041015625 0.029296875
0 0.80859375 0.3125 0.0546875 0.0390625
0 0.677734375 0.306640625 0.04296875 0.02734375
0 0.150390625 0.30859375 0.0390625 0.03125
0 0.880859375 0.2998046875 0.0390625 0.025390625
0 0.0029296875 0.2919921875 0.005859375 0.009765625
0 0.3466796875 0.2958984375 0.041015625 0.025390625
0 0.947265625 0.294921875 0.0390625 0.02734375
0 0.744140625 0.2900390625 0.0390625 0.025390625
0 0.1923828125 0.2919921875 0.041015625 0.041015625
0 0.16015625 0.2802734375 0.01953125 0.017578125
0 0.50390625 0.326171875 0.12109375 0.1171875
0 0.267578125 0.28125 0.0390625 0.03125
0 0.80859375 0.27734375 0.0390625 0.02734375
0 0.134765625 0.27734375 0.0390625 0.03515625
0 0.99609375 0.267578125 0.0078125 0.0234375
0 0.3388671875 0.2666015625 0.041015625 0.025390625
0 0.9423828125 0.2646484375 0.037109375 0.025390625
0 0.7373046875 0.2587890625 0.037109375 0.025390625
0 0.2998046875 0.2578125 0.033203125 0.0234375
0 0.1875 0.255859375 0.01953125 0.0234375
0 0.0185546875 0.2646484375 0.037109375 0.041015625
0 0.41796875 0.265625 0.05078125 0.05078125
0 0.6669921875 0.2529296875 0.037109375 0.029296875
0 0.796875 0.2490234375 0.0390625 0.029296875
0 0.26171875 0.248046875 0.0390625 0.02734375
0 0.125 0.25 0.03515625 0.03125
0 0.87890625 0.2548828125 0.05859375 0.056640625
0 0.4560546875 0.2412109375 0.029296875 0.033203125
0 0.150390625 0.23046875 0.015625 0.015625
0 0.9921875 0.2333984375 0.015625 0.025390625
0 0.033203125 0.2373046875 0.03515625 0.037109375
0 0.7333984375 0.2294921875 0.041015625 0.025390625
0 0.3154296875 0.232421875 0.076171875 0.03125
0 0.1767578125 0.2265625 0.017578125 0.01953125
0 0.48046875 0.2353515625 0.02734375 0.041015625
0 0.7900390625 0.21875 0.037109375 0.0234375
0 0.5126953125 0.2197265625 0.029296875 0.025390625
0 0.251953125 0.2197265625 0.03515625 0.025390625
0 0.5419921875 0.2138671875 0.025390625 0.033203125
0 0.3251953125 0.20703125 0.041015625 0.0234375
0 0.9892578125 0.19921875 0.021484375 0.0234375
0 0.724609375 0.2001953125 0.03515625 0.025390625
0 0.2802734375 0.1953125 0.017578125 0.015625
0 0.0439453125 0.203125 0.033203125 0.03125
0 0.572265625 0.2021484375 0.03125 0.033203125
0 0.1298828125 0.2001953125 0.048828125 0.037109375
0 0.7841796875 0.189453125 0.037109375 0.02734375
0 0.4052734375 0.189453125 0.056640625 0.04296875
0 0.318359375 0.177734375 0.04296875 0.02734375
0 0.71875 0.169921875 0.03515625 0.02734375
0 0.2529296875 0.177734375 0.056640625 0.04296875
0 0.986328125 0.1669921875 0.02734375 0.025390625
0 0.8955078125 0.197265625 0.119140625 0.0859375
0 0.126953125 0.16796875 0.04296875 0.02734375
0 0.17578125 0.1728515625 0.03125 0.041015625
0 0.04296875 0.1640625 0.04296875 0.0234375
0 0.6318359375 0.1943359375 0.087890625 0.091796875
0 0.7783203125 0.158203125 0.037109375 0.02734375
0 0.4560546875 0.1689453125 0.048828125 0.052734375
0 0.2392578125 0.16015625 0.041015625 0.03515625
0 0.849609375 0.1494140625 0.04296875 0.025390625
0 0.3095703125 0.1474609375 0.037109375 0.025390625
0 0.5 0.15234375 0.03125 0.04296875
0 0.390625 0.15234375 0.046875 0.04296875
0 0.7138671875 0.140625 0.041015625 0.0234375
0 0.9169921875 0.138671875 0.037109375 0.0234375
0 0.5283203125 0.1435546875 0.029296875 0.037109375
0 0.982421875 0.134765625 0.03515625 0.0234375
0 0.041015625 0.1337890625 0.03515625 0.029296875
0 0.23046875 0.130859375 0.04296875 0.02734375
0 0.13671875 0.1328125 0.04296875 0.03125
0 0.7724609375 0.12890625 0.037109375 0.02734375
0 0.5556640625 0.1298828125 0.037109375 0.041015625
0 0.841796875 0.1201171875 0.0390625 0.025390625
0 0.4951171875 0.1171875 0.021484375 0.01953125
0 0.294921875 0.1259765625 0.0546875 0.044921875
0 0.9072265625 0.1123046875 0.041015625 0.025390625
0 0.37109375 0.1171875 0.03125 0.03515625
0 0.708984375 0.1103515625 0.0390625 0.025390625
0 0.978515625 0.1064453125 0.03515625 0.025390625
0 0.869140625 0.099609375 0.015625 0.015625
0 0.3974609375 0.111328125 0.029296875 0.0390625
0 0.2265625 0.1025390625 0.0390625 0.029296875
0 0.03125 0.103515625 0.03515625 0.03125
0 0.767578125 0.1005859375 0.04296875 0.029296875
0 0.5830078125 0.11328125 0.048828125 0.0546875
0 0.8388671875 0.091796875 0.041015625 0.02734375
0 0.2958984375 0.087890625 0.037109375 0.02734375
0 0.517578125 0.0830078125 0.0234375 0.021484375
0 0.150390625 0.091796875 0.02734375 0.0390625
0 0.9052734375 0.08203125 0.037109375 0.02734375
0 0.4697265625 0.0849609375 0.025390625 0.033203125
0 0.7021484375 0.080078125 0.037109375 0.02734375
0 0.25 0.076171875 0.01953125 0.01953125
0 0.970703125 0.0771484375 0.03125 0.025390625
0 0.0166015625 0.0732421875 0.033203125 0.033203125
0 0.7607421875 0.0673828125 0.041015625 0.025390625
0 0.216796875 0.0712890625 0.03515625 0.033203125
0 0.8291015625 0.0595703125 0.037109375 0.021484375
0 0.6298828125 0.0869140625 0.048828125 0.083984375
0 0.2880859375 0.0556640625 0.037109375 0.021484375
0 0.3662109375 0.052734375 0.048828125 0.01953125
0 0.6923828125 0.0517578125 0.037109375 0.025390625
0 0.5478515625 0.05859375 0.044921875 0.0390625
0 0.2421875 0.0458984375 0.01953125 0.017578125
0 0.9658203125 0.0458984375 0.033203125 0.021484375
0 0.5830078125 0.0517578125 0.025390625 0.037109375
0 0.0078125 0.044921875 0.015625 0.0234375
0 0.7548828125 0.0419921875 0.041015625 0.025390625
0 0.2099609375 0.0390625 0.041015625 0.0234375
0 0.439453125 0.0361328125 0.03125 0.025390625
0 0.8955078125 0.041015625 0.037109375 0.04296875
0 0.82421875 0.03125 0.03515625 0.0234375
0 0.62109375 0.033203125 0.03515625 0.02734375
0 0.361328125 0.025390625 0.03515625 0.01953125
0 0.283203125 0.025390625 0.03515625 0.01953125
0 0.7568359375 0.01953125 0.017578125 0.015625
0 0.6875 0.0224609375 0.03515625 0.025390625
0 0.38671875 0.0146484375 0.015625 0.013671875
0 0.9951171875 0.0087890625 0.009765625 0.017578125
0 0.9765625 0.0087890625 0.0234375 0.017578125
0 0.9521484375 0.0087890625 0.021484375 0.017578125
0 0.8935546875 0.0068359375 0.021484375 0.013671875
0 0.8662109375 0.005859375 0.021484375 0.01171875
0 0.8388671875 0.00390625 0.021484375 0.0078125
0 0.5703125 0.005859375 0.01953125 0.01171875
0 0.5458984375 0.0078125 0.021484375 0.015625
0 0.5205078125 0.01171875 0.025390625 0.0234375
0 0.4921875 0.0166015625 0.02734375 0.033203125
0 0.359375 0.00390625 0.03515625 0.0078125
0 0.287109375 0.001953125 0.0234375 0.00390625
0 0.2080078125 0.0107421875 0.037109375 0.021484375
0 0.1240234375 0.00390625 0.013671875 0.0078125
0 0.0966796875 0.033203125 0.060546875 0.06640625
0 0.0498046875 0.001953125 0.017578125 0.00390625