0 0.2431640625 0.998046875 0.009765625 0.00390625
0 0.8583984375 0.994140625 0.041015625 0.01171875
0 0.3818359375 0.994140625 0.048828125 0.01171875
0 0.4833984375 0.9931640625 0.044921875 0.013671875
0 0.0888671875 0.9892578125 0.037109375 0.021484375
0 0.7890625 0.982421875 0.046875 0.03515625
0 0.96875 0.978515625 0.0625 0.04296875
0 0.255859375 0.9599609375 0.03125 0.021484375
0 0.7373046875 0.9619140625 0.044921875 0.029296875
0 0.1513671875 0.9638671875 0.033203125 0.041015625
0 0.638671875 0.939453125 0.0234375 0.01953125
0 0.9599609375 0.900390625 0.044921875 0.0703125
0 0.9619140625 0.6767578125 0.076171875 0.107421875
0 0.509765625 0.1513671875 0.046875 0.041015625