0 0.1650390625 0.9970703125 0.021484375 0.005859375
0 0.982421875 0.9931640625 0.03125 0.013671875
0 0.6103515625 0.96875 0.029296875 0.03515625
0 0.9267578125 0.9599609375 0.037109375 0.025390625
0 0.9892578125 0.9482421875 0.021484375 0.025390625
0 0.1572265625 0.9560546875 0.029296875 0.044921875
0 0.0185546875 0.943359375 0.037109375 0.0390625
0 0.771484375 0.939453125 0.046875 0.03515625
0 0.58984375 0.93359375 0.0390625 0.04296875
0 0.6123046875 0.9111328125 0.021484375 0.021484375
0 0.84375 0.9140625 0.0390625 0.03125
0 0.650390625 0.919921875 0.03515625 0.04296875
0 0.9013671875 0.9033203125 0.048828125 0.044921875
0 0.962890625 0.884765625 0.046875 0.0859375
0 0.5498046875 0.865234375 0.056640625 0.05078125
0 0.5947265625 0.833984375 0.041015625 0.046875
0 0.7919921875 0.82421875 0.033203125 0.03515625
0 0.748046875 0.802734375 0.01953125 0.01953125
0 0.701171875 0.8154296875 0.07421875 0.052734375
0 0.8291015625 0.7890625 0.021484375 0.01953125
0 0.2431640625 0.806640625 0.064453125 0.0625
0 0.8583984375 0.7880859375 0.033203125 0.033203125
0 0.1142578125 0.7783203125 0.033203125 0.033203125
0 0.76171875 0.76953125 0.046875 0.04296875
0 0.9169921875 0.7578125 0.041015625 0.05078125
0 0.3583984375 0.7763671875 0.083984375 0.091796875
0 0.9013671875 0.7177734375 0.025390625 0.025390625
0 0.822265625 0.732421875 0.05078125 0.0625
0 0.513671875 0.7353515625 0.078125 0.076171875
0 0.9921875 0.7021484375 0.015625 0.041015625
0 0.8759765625 0.701171875 0.044921875 0.046875
0 0.0224609375 0.6689453125 0.029296875 0.029296875
0 0.6064453125 0.6904296875 0.087890625 0.087890625
0 0.96484375 0.6552734375 0.0625 0.056640625
0 0.8662109375 0.6044921875 0.037109375 0.033203125
0 0.998046875 0.587890625 0.00390625 0.00390625
0 0.5927734375 0.58203125 0.029296875 0.0234375
0 0.896484375 0.5625 0.04296875 0.0546875
0 0.6318359375 0.548828125 0.041015625 0.0390625
0 0.0263671875 0.5517578125 0.052734375 0.044921875
0 0.8076171875 0.5361328125 0.021484375 0.021484375
0 0.9306640625 0.5322265625 0.044921875 0.037109375
0 0.984375 0.4755859375 0.03125 0.041015625
0 0.916015625 0.462890625 0.0234375 0.0234375
0 0.0126953125 0.4716796875 0.025390625 0.041015625
0 0.0029296875 0.4306640625 0.005859375 0.009765625
0 0.958984375 0.4248046875 0.0234375 0.025390625
0 0.41015625 0.404296875 0.04296875 0.03125
0 0.9921875 0.3916015625 0.015625 0.021484375
0 0.095703125 0.365234375 0.0390625 0.03515625
0 0.51953125 0.3564453125 0.0625 0.056640625
0 0.03125 0.3359375 0.04296875 0.05859375
0 0.869140625 0.3056640625 0.04296875 0.052734375
0 0.6357421875 0.2861328125 0.056640625 0.037109375
0 0.00390625 0.259765625 0.0078125 0.01171875
0 0.9130859375 0.2646484375 0.044921875 0.037109375
0 0.0302734375 0.2314453125 0.041015625 0.041015625
0 0.755859375 0.2197265625 0.05859375 0.044921875
0 0.1455078125 0.2099609375 0.056640625 0.064453125
0 0.26953125 0.197265625 0.13671875 0.08203125
0 0.5 0.146484375 0.04296875 0.04296875
0 0.873046875 0.12890625 0.0625 0.0546875
0 0.091796875 0.1025390625 0.046875 0.044921875
0 0.7255859375 0.09765625 0.056640625 0.0546875
0 0.8720703125 0.0791015625 0.025390625 0.021484375
0 0.9951171875 0.06640625 0.009765625 0.01953125
0 0.08203125 0.0595703125 0.0234375 0.021484375
0 0.591796875 0.0615234375 0.04296875 0.033203125
0 0.1376953125 0.048828125 0.037109375 0.05078125
0 0.0107421875 0.0341796875 0.021484375 0.041015625
0 0.068359375 0.0263671875 0.02734375 0.029296875
0 0.921875 0.029296875 0.05078125 0.046875
0 0.5048828125 0.0146484375 0.068359375 0.029296875
0 0.38671875 0.0244140625 0.06640625 0.048828125