0 0.595703125 0.9921875 0.02734375 0.015625
0 0.2109375 0.9892578125 0.046875 0.021484375
0 0.0478515625 0.9873046875 0.037109375 0.025390625
0 0.51953125 0.98046875 0.05078125 0.0390625
0 0.16015625 0.974609375 0.0546875 0.04296875
0 0.1064453125 0.9501953125 0.037109375 0.037109375
0 0.4619140625 0.943359375 0.044921875 0.03125
0 0.0712890625 0.9267578125 0.033203125 0.033203125
0 0.40625 0.921875 0.04296875 0.03125
0 0.3505859375 0.91015625 0.044921875 0.03515625
0 0.0400390625 0.8994140625 0.025390625 0.025390625
0 0.2978515625 0.8916015625 0.041015625 0.037109375
0 0.244140625 0.869140625 0.04296875 0.03125
0 0.025390625 0.873046875 0.0390625 0.0390625
0 0.00390625 0.853515625 0.0078125 0.01171875
0 0.001953125 0.8408203125 0.00390625 0.005859375
0 0.193359375 0.841796875 0.0390625 0.04296875
0 0.142578125 0.8037109375 0.04296875 0.041015625
0 0.1025390625 0.7587890625 0.044921875 0.048828125
0 0.0703125 0.7294921875 0.04296875 0.037109375
0 0.0390625 0.6923828125 0.03125 0.029296875
0 0.0146484375 0.6640625 0.029296875 0.03515625
0 0.0556640625 0.498046875 0.048828125 0.0859375
0 0.283203125 0.44921875 0.01953125 0.015625
0 0.16796875 0.30078125 0.04296875 0.04296875