0 0.3720703125 0.994140625 0.021484375 0.01171875
0 0.5078125 0.9873046875 0.05078125 0.025390625
0 0.455078125 0.9794921875 0.0234375 0.025390625
0 0.5576171875 0.9775390625 0.044921875 0.041015625
0 0.96875 0.9541015625 0.03515625 0.044921875
0 0.1962890625 0.9375 0.041015625 0.046875
0 0.8037109375 0.9287109375 0.064453125 0.052734375
0 0.7099609375 0.908203125 0.044921875 0.03515625
0 0.69140625 0.8681640625 0.01953125 0.017578125
0 0.28515625 0.8671875 0.05078125 0.02734375
0 0.599609375 0.833984375 0.0859375 0.046875
0 0.9404296875 0.82421875 0.044921875 0.04296875
0 0.82421875 0.7734375 0.0546875 0.0390625
0 0.107421875 0.78125 0.0546875 0.05859375
0 0.328125 0.779296875 0.05078125 0.0703125
0 0.017578125 0.7607421875 0.03515625 0.064453125
0 0.9892578125 0.71484375 0.021484375 0.02734375
0 0.4658203125 0.703125 0.056640625 0.06640625
0 0.6396484375 0.6865234375 0.087890625 0.064453125
0 0.044921875 0.677734375 0.0390625 0.05078125
0 0.1728515625 0.6748046875 0.037109375 0.048828125
0 0.341796875 0.6494140625 0.05078125 0.048828125
0 0.765625 0.6455078125 0.05078125 0.048828125
0 0.99609375 0.6162109375 0.0078125 0.013671875
0 0.0546875 0.611328125 0.05078125 0.046875
0 0.1533203125 0.603515625 0.041015625 0.04296875
0 0.939453125 0.5810546875 0.05859375 0.037109375
0 0.509765625 0.556640625 0.05078125 0.03515625
0 0.861328125 0.556640625 0.05078125 0.05078125
0 0.630859375 0.5498046875 0.03125 0.037109375
0 0.3251953125 0.541015625 0.033203125 0.03125
0 0.0732421875 0.54296875 0.041015625 0.0546875
0 0.263671875 0.5458984375 0.0546875 0.064453125
0 0.1474609375 0.533203125 0.033203125 0.046875
0 0.4365234375 0.521484375 0.060546875 0.0390625
0 0.00390625 0.5048828125 0.0078125 0.017578125
0 0.33203125 0.5009765625 0.046875 0.052734375
0 0.9970703125 0.4580078125 0.005859375 0.009765625
0 0.7724609375 0.4814453125 0.068359375 0.060546875
0 0.0166015625 0.4541015625 0.029296875 0.033203125
0 0.09765625 0.4658203125 0.046875 0.064453125
0 0.5673828125 0.4482421875 0.037109375 0.033203125
0 0.8740234375 0.451171875 0.068359375 0.046875
0 0.1708984375 0.455078125 0.033203125 0.0546875
0 0.9541015625 0.4443359375 0.037109375 0.037109375
0 0.37109375 0.443359375 0.0625 0.046875
0 0.2578125 0.4365234375 0.02734375 0.044921875
0 0.5078125 0.4296875 0.03515625 0.0390625
0 0.537109375 0.404296875 0.03125 0.03125
0 0.6328125 0.3974609375 0.03125 0.029296875
0 0.716796875 0.4140625 0.0625 0.06640625
0 0.4150390625 0.3916015625 0.044921875 0.029296875
0 0.1279296875 0.390625 0.041015625 0.04296875
0 0.013671875 0.37890625 0.01953125 0.01953125
0 0.0439453125 0.3818359375 0.029296875 0.037109375
0 0.4482421875 0.3671875 0.029296875 0.03125
0 0.24609375 0.3671875 0.0625 0.046875
0 0.8271484375 0.3662109375 0.056640625 0.060546875
0 0.376953125 0.3525390625 0.03515625 0.033203125
0 0.048828125 0.3388671875 0.01953125 0.021484375
0 0.6826171875 0.3466796875 0.037109375 0.044921875
0 0.4130859375 0.328125 0.037109375 0.03125
0 0.7822265625 0.3310546875 0.048828125 0.041015625
0 0.583984375 0.3330078125 0.0390625 0.044921875
0 0.466796875 0.3134765625 0.02734375 0.021484375
0 0.505859375 0.3095703125 0.03515625 0.025390625
0 0.0673828125 0.3134765625 0.041015625 0.044921875
0 0.6416015625 0.2978515625 0.037109375 0.033203125
0 0.982421875 0.294921875 0.03515625 0.0390625
0 0.306640625 0.2939453125 0.04296875 0.037109375
0 0.19921875 0.296875 0.0390625 0.04296875
0 0.357421875 0.271484375 0.02734375 0.02734375
0 0.94140625 0.265625 0.03515625 0.03515625
0 0.7197265625 0.2646484375 0.033203125 0.033203125
0 0.4013671875 0.2470703125 0.033203125 0.033203125
0 0.029296875 0.2470703125 0.03125 0.033203125
0 0.90234375 0.2431640625 0.04296875 0.037109375
0 0.0859375 0.244140625 0.02734375 0.0390625
0 0.458984375 0.2392578125 0.03515625 0.033203125
0 0.5078125 0.2314453125 0.04296875 0.029296875
0 0.2763671875 0.22265625 0.029296875 0.0234375
0 0.2001953125 0.2314453125 0.033203125 0.044921875
0 0.6796875 0.2216796875 0.04296875 0.044921875
0 0.849609375 0.2099609375 0.03515625 0.029296875
0 0.3369140625 0.2001953125 0.041015625 0.025390625
0 0.3857421875 0.1923828125 0.033203125 0.021484375
0 0.8076171875 0.1982421875 0.029296875 0.037109375
0 0.576171875 0.185546875 0.03125 0.0234375
0 0.4287109375 0.185546875 0.033203125 0.0234375
0 0.771484375 0.1796875 0.03515625 0.03125
0 0.5 0.173828125 0.04296875 0.03125
0 0.72265625 0.16796875 0.03515625 0.03125
0 0.6376953125 0.142578125 0.029296875 0.0234375
0 0.103515625 0.0458984375 0.20703125 0.091796875