0 0.6943359375 0.7119140625 0.048828125 0.056640625
0 0.4853515625 0.7109375 0.064453125 0.06640625
0 0.900390625 0.68359375 0.06640625 0.0546875
0 0.974609375 0.6298828125 0.05078125 0.056640625
0 0.46484375 0.609375 0.0625 0.0703125
0 0.5732421875 0.603515625 0.068359375 0.06640625
0 0.8544921875 0.5927734375 0.048828125 0.064453125
0 0.6650390625 0.5859375 0.107421875 0.0859375
0 0.380859375 0.5859375 0.0859375 0.10546875
0 0.6171875 0.5263671875 0.109375 0.087890625
0 0.7001953125 0.505859375 0.044921875 0.05859375
0 0.0322265625 0.478515625 0.033203125 0.03125
0 0.9521484375 0.48828125 0.060546875 0.0625
0 0.3544921875 0.4853515625 0.044921875 0.056640625
0 0.4423828125 0.4990234375 0.068359375 0.115234375
0 0.0654296875 0.4423828125 0.033203125 0.037109375
0 0.9951171875 0.4287109375 0.009765625 0.017578125
0 0.5576171875 0.447265625 0.072265625 0.05859375
0 0.34375 0.3955078125 0.1171875 0.083984375
0 0.46875 0.380859375 0.0859375 0.109375
0 0.1083984375 0.3505859375 0.033203125 0.048828125
0 0.5556640625 0.3515625 0.087890625 0.10546875
0 0.46484375 0.2890625 0.0546875 0.0390625
0 0.259765625 0.287109375 0.03125 0.0390625
0 0.1689453125 0.2490234375 0.033203125 0.033203125
0 0.0537109375 0.208984375 0.052734375 0.03515625
0 0.8564453125 0.23046875 0.158203125 0.1328125
0 0.3935546875 0.173828125 0.111328125 0.0859375
0 0.189453125 0.11328125 0.04296875 0.02734375
0 0.0927734375 0.1064453125 0.044921875 0.033203125
0 0.033203125 0.0908203125 0.05078125 0.056640625
0 0.9814453125 0.0234375 0.037109375 0.046875
0 0.634765625 0.041015625 0.14453125 0.08203125
0 0.4111328125 0.017578125 0.095703125 0.03515625
0 0.1396484375 0.0068359375 0.041015625 0.013671875