0 0.9365234375 0.998046875 0.005859375 0.00390625
0 0.6494140625 0.998046875 0.005859375 0.00390625
0 0.681640625 0.9970703125 0.0078125 0.005859375
0 0.3369140625 0.9931640625 0.029296875 0.013671875
0 0.060546875 0.9931640625 0.03125 0.013671875
0 0.9013671875 0.9921875 0.021484375 0.015625
0 0.0146484375 0.98828125 0.029296875 0.0234375
0 0.630859375 0.986328125 0.03125 0.02734375
0 0.111328125 0.9833984375 0.02734375 0.029296875
0 0.81640625 0.982421875 0.04296875 0.03125
0 0.708984375 0.9716796875 0.01953125 0.017578125
0 0.5986328125 0.9765625 0.033203125 0.0390625
0 0.9736328125 0.9619140625 0.037109375 0.025390625
0 0.57421875 0.9658203125 0.03515625 0.041015625
0 0.53125 0.9609375 0.03515625 0.03125
0 0.9287109375 0.95703125 0.033203125 0.0390625
0 0.8291015625 0.9521484375 0.041015625 0.029296875
0 0.75 0.9521484375 0.0390625 0.029296875
0 0.65234375 0.9443359375 0.0234375 0.017578125
0 0.9052734375 0.94921875 0.029296875 0.03515625
0 0.228515625 0.96484375 0.0859375 0.0703125
0 0.0380859375 0.94921875 0.037109375 0.0390625
0 0.8818359375 0.9423828125 0.029296875 0.037109375
0 0.5458984375 0.935546875 0.044921875 0.03125
0 0.60546875 0.9306640625 0.01953125 0.025390625
0 0.12890625 0.9375 0.03515625 0.046875
0 0.6865234375 0.921875 0.029296875 0.01953125
0 0.8369140625 0.9228515625 0.033203125 0.029296875
0 0.646484375 0.91796875 0.015625 0.01953125
0 0.0458984375 0.91796875 0.033203125 0.03125
0 0.5859375 0.91015625 0.0234375 0.03125
0 0.552734375 0.908203125 0.03515625 0.03515625
0 0.783203125 0.904296875 0.02734375 0.03515625
0 0.9892578125 0.900390625 0.021484375 0.04296875
0 0.6142578125 0.8955078125 0.029296875 0.033203125
0 0.748046875 0.8955078125 0.03125 0.037109375
0 0.9560546875 0.8935546875 0.029296875 0.037109375
0 0.91015625 0.8818359375 0.0234375 0.025390625
0 0.1572265625 0.8828125 0.029296875 0.02734375
0 0.064453125 0.8828125 0.046875 0.02734375
0 0.998046875 0.8701171875 0.00390625 0.005859375
0 0.9345703125 0.8740234375 0.017578125 0.017578125
0 0.72265625 0.8876953125 0.03515625 0.044921875
0 0.56640625 0.87890625 0.0390625 0.03125
0 0.4482421875 0.8828125 0.076171875 0.046875
0 0.6923828125 0.875 0.033203125 0.03515625
0 0.369140625 0.8642578125 0.02734375 0.025390625
0 0.8837890625 0.8671875 0.029296875 0.03515625
0 0.66015625 0.8662109375 0.03515625 0.037109375
0 0.970703125 0.857421875 0.0234375 0.03125
0 0.861328125 0.859375 0.02734375 0.03515625
0 0.482421875 0.853515625 0.02734375 0.0234375
0 0.578125 0.85546875 0.0390625 0.03125
0 0.6259765625 0.857421875 0.041015625 0.0390625
0 0.05859375 0.84765625 0.02734375 0.0234375
0 0.9462890625 0.8486328125 0.025390625 0.033203125
0 0.9208984375 0.83984375 0.025390625 0.03125
0 0.810546875 0.8408203125 0.03125 0.041015625
0 0.587890625 0.8330078125 0.0390625 0.033203125
0 0.88671875 0.8251953125 0.03515625 0.029296875
0 0.78515625 0.8310546875 0.03125 0.041015625
0 0.7587890625 0.8232421875 0.033203125 0.041015625
0 0.19140625 0.8154296875 0.02734375 0.025390625
0 0.4921875 0.8193359375 0.04296875 0.037109375
0 0.419921875 0.8125 0.03515625 0.03515625
0 0.7333984375 0.814453125 0.029296875 0.04296875
0 0.994140625 0.8017578125 0.01171875 0.029296875
0 0.7080078125 0.8046875 0.029296875 0.0390625
0 0.0576171875 0.7939453125 0.025390625 0.021484375
0 0.9755859375 0.794921875 0.025390625 0.03125
0 0.6826171875 0.796875 0.029296875 0.0390625
0 0.953125 0.7880859375 0.0234375 0.029296875
0 0.611328125 0.78515625 0.0390625 0.03125
0 0.5234375 0.7841796875 0.03125 0.029296875
0 0.6552734375 0.787109375 0.033203125 0.0390625
0 0.4814453125 0.779296875 0.025390625 0.0234375
0 0.1982421875 0.7861328125 0.041015625 0.037109375
0 0.8359375 0.783203125 0.03125 0.0390625
0 0.9111328125 0.775390625 0.041015625 0.02734375
0 0.8115234375 0.7734375 0.029296875 0.0390625
0 0.2197265625 0.7607421875 0.029296875 0.029296875
0 0.7861328125 0.7646484375 0.029296875 0.041015625
0 0.6220703125 0.759765625 0.041015625 0.03125
0 0.98828125 0.7578125 0.0234375 0.0390625
0 0.759765625 0.7568359375 0.03125 0.041015625
0 0.052734375 0.7529296875 0.05078125 0.037109375
0 0.5283203125 0.7490234375 0.041015625 0.033203125
0 0.966796875 0.75 0.03125 0.0390625
0 0.7314453125 0.7470703125 0.029296875 0.041015625
0 0.9423828125 0.7412109375 0.029296875 0.041015625
0 0.4775390625 0.7333984375 0.025390625 0.025390625
0 0.70703125 0.73828125 0.03125 0.0390625
0 0.6328125 0.7333984375 0.0390625 0.029296875
0 0.2333984375 0.734375 0.029296875 0.03515625
0 0.1962890625 0.7255859375 0.021484375 0.017578125
0 0.91796875 0.7333984375 0.03125 0.041015625
0 0.3779296875 0.7265625 0.029296875 0.02734375
0 0.453125 0.7265625 0.02734375 0.03125
0 0.6796875 0.728515625 0.03125 0.0390625
0 0.8583984375 0.7197265625 0.029296875 0.033203125
0 0.32421875 0.7119140625 0.02734375 0.025390625
0 0.42578125 0.716796875 0.03125 0.0390625
0 0.64453125 0.7099609375 0.0390625 0.029296875
0 0.83203125 0.7099609375 0.03125 0.033203125
0 0.244140625 0.7080078125 0.03515625 0.029296875
0 0.0205078125 0.705078125 0.041015625 0.03515625
0 0.8017578125 0.7001953125 0.029296875 0.033203125
0 0.556640625 0.6962890625 0.03125 0.029296875
0 0.3896484375 0.6953125 0.029296875 0.02734375
0 0.990234375 0.6904296875 0.01953125 0.033203125
0 0.7744140625 0.6904296875 0.029296875 0.033203125
0 0.955078125 0.68359375 0.03515625 0.02734375
0 0.330078125 0.6787109375 0.03125 0.029296875
0 0.744140625 0.6796875 0.03125 0.03515625
0 0.1181640625 0.67578125 0.025390625 0.03125
0 0.525390625 0.673828125 0.02734375 0.03125
0 0.009765625 0.673828125 0.01953125 0.03125
0 0.572265625 0.6650390625 0.03125 0.029296875
0 0.095703125 0.6640625 0.02734375 0.03125
0 0.712890625 0.6669921875 0.03125 0.041015625
0 0.9638671875 0.6572265625 0.037109375 0.029296875
0 0.20703125 0.6533203125 0.01953125 0.021484375
0 0.498046875 0.66015625 0.03125 0.0390625
0 0.4677734375 0.6533203125 0.025390625 0.029296875
0 0.0693359375 0.654296875 0.025390625 0.03125
0 0.89453125 0.6552734375 0.02734375 0.037109375
0 0.341796875 0.6474609375 0.02734375 0.029296875
0 0.673828125 0.650390625 0.04296875 0.05078125
0 0.0439453125 0.63671875 0.029296875 0.02734375
0 0.9716796875 0.6337890625 0.037109375 0.025390625
0 0.439453125 0.63671875 0.03125 0.0390625
0 0.1728515625 0.634765625 0.029296875 0.03515625
0 0.5849609375 0.6298828125 0.033203125 0.033203125
0 0.1484375 0.6259765625 0.0234375 0.025390625
0 0.4150390625 0.6259765625 0.033203125 0.037109375
0 0.84765625 0.6337890625 0.0703125 0.060546875
0 0.8046875 0.62109375 0.02734375 0.03515625
0 0.5400390625 0.6181640625 0.025390625 0.029296875
0 0.35546875 0.6171875 0.03125 0.02734375
0 0.1240234375 0.61328125 0.025390625 0.02734375
0 0.0224609375 0.6142578125 0.029296875 0.029296875
0 0.6015625 0.6044921875 0.03125 0.029296875
0 0.765625 0.6064453125 0.05078125 0.037109375
0 0.1005859375 0.59765625 0.029296875 0.03125
0 0.0068359375 0.587890625 0.013671875 0.0234375
0 0.435546875 0.5849609375 0.0234375 0.021484375
0 0.98828125 0.5859375 0.0234375 0.02734375
0 0.365234375 0.5869140625 0.02734375 0.033203125
0 0.0751953125 0.5791015625 0.029296875 0.029296875
0 0.6943359375 0.5888671875 0.048828125 0.056640625
0 0.994140625 0.5595703125 0.01171875 0.021484375
0 0.4462890625 0.5595703125 0.025390625 0.021484375
0 0.599609375 0.5703125 0.0625 0.046875
0 0.3818359375 0.5595703125 0.025390625 0.025390625
0 0.0576171875 0.5576171875 0.029296875 0.029296875
0 0.998046875 0.541015625 0.00390625 0.0078125
0 0.9091796875 0.576171875 0.068359375 0.0859375
0 0.7509765625 0.55859375 0.123046875 0.05859375
0 0.4580078125 0.5361328125 0.029296875 0.021484375
0 0.3896484375 0.533203125 0.025390625 0.0234375
0 0.03515625 0.53515625 0.02734375 0.02734375
0 0.552734375 0.5322265625 0.06640625 0.033203125
0 0.4658203125 0.5107421875 0.025390625 0.025390625
0 0.0126953125 0.5087890625 0.017578125 0.021484375
0 0.4013671875 0.5078125 0.025390625 0.02734375
0 0.869140625 0.4873046875 0.04296875 0.033203125
0 0.4853515625 0.4853515625 0.041015625 0.033203125
0 0.412109375 0.4814453125 0.02734375 0.025390625
0 0.013671875 0.48046875 0.02734375 0.0234375
0 0.625 0.49609375 0.05078125 0.05859375
0 0.83203125 0.474609375 0.03125 0.02734375
0 0.4228515625 0.4580078125 0.021484375 0.021484375
0 0.4990234375 0.455078125 0.041015625 0.03125
0 0.013671875 0.4501953125 0.02734375 0.021484375
0 0.9462890625 0.4599609375 0.068359375 0.044921875
0 0.583984375 0.4609375 0.0390625 0.0546875
0 0.9921875 0.439453125 0.015625 0.01953125
0 0.7705078125 0.4833984375 0.111328125 0.107421875
0 0.8828125 0.439453125 0.02734375 0.03125
0 0.55078125 0.44140625 0.02734375 0.03515625
0 0.435546875 0.4287109375 0.0234375 0.029296875
0 0.99609375 0.419921875 0.0078125 0.015625
0 0.3876953125 0.4248046875 0.025390625 0.029296875
0 0.009765625 0.421875 0.01953125 0.0234375
0 0.8291015625 0.4208984375 0.025390625 0.029296875
0 0.53125 0.4228515625 0.02734375 0.037109375
0 0.5107421875 0.4130859375 0.033203125 0.041015625
0 0.009765625 0.390625 0.01953125 0.01953125
0 0.4619140625 0.38671875 0.029296875 0.03515625
0 0.435546875 0.3759765625 0.02734375 0.037109375
0 0.7890625 0.388671875 0.0546875 0.06640625
0 0.576171875 0.369140625 0.03125 0.02734375
0 0.408203125 0.3720703125 0.02734375 0.037109375
0 0.8583984375 0.373046875 0.080078125 0.046875
0 0.3828125 0.3671875 0.01953125 0.03515625
0 0.0107421875 0.3603515625 0.021484375 0.021484375
0 0.685546875 0.3876953125 0.05859375 0.091796875
0 0.8837890625 0.345703125 0.033203125 0.03125
0 0.0146484375 0.3349609375 0.029296875 0.021484375
0 0.015625 0.3095703125 0.03125 0.021484375
0 0.4853515625 0.3095703125 0.033203125 0.037109375
0 0.8408203125 0.3115234375 0.044921875 0.068359375
0 0.5439453125 0.30859375 0.095703125 0.07421875
0 0.986328125 0.265625 0.02734375 0.0625
0 0.0439453125 0.2451171875 0.025390625 0.025390625
0 0.015625 0.2392578125 0.01953125 0.029296875
0 0.9150390625 0.2470703125 0.048828125 0.060546875
0 0.873046875 0.232421875 0.0390625 0.04296875
0 0.0244140625 0.21484375 0.017578125 0.015625
0 0.658203125 0.296875 0.125 0.19140625
0 0.3896484375 0.248046875 0.044921875 0.11328125
0 0.3212890625 0.232421875 0.044921875 0.11328125
0 0.7734375 0.197265625 0.05859375 0.0546875
0 0.2509765625 0.2265625 0.044921875 0.11328125
0 0.736328125 0.1787109375 0.03515625 0.033203125
0 0.1669921875 0.2158203125 0.044921875 0.115234375
0 0.1103515625 0.1884765625 0.068359375 0.158203125
0 0.55078125 0.13671875 0.04296875 0.06640625
0 0.9111328125 0.1298828125 0.060546875 0.087890625
0 0.814453125 0.0966796875 0.04296875 0.033203125
0 0.4658203125 0.1455078125 0.064453125 0.162109375
0 0.392578125 0.091796875 0.06640625 0.11328125
0 0.330078125 0.0751953125 0.06640625 0.111328125
0 0.5546875 0.021484375 0.03125 0.03125
0 0.9677734375 0.0224609375 0.064453125 0.044921875
0 0.775390625 0.0595703125 0.08203125 0.119140625
0 0.6748046875 0.05078125 0.146484375 0.1015625
0 0.56640625 0.001953125 0.0078125 0.00390625
0 0.505859375 0.0146484375 0.05078125 0.029296875
0 0.46875 0.0068359375 0.0234375 0.013671875
0 0.24609375 0.0498046875 0.06640625 0.099609375
0 0.177734375 0.041015625 0.05859375 0.08203125
0 0.0712890625 0.091796875 0.111328125 0.18359375
0 0.0166015625 0.005859375 0.033203125 0.01171875