0 0.72265625 0.994140625 0.0234375 0.01171875
0 0.52734375 0.9892578125 0.03515625 0.021484375
0 0.8544921875 0.9853515625 0.033203125 0.029296875
0 0.958984375 0.9814453125 0.03125 0.029296875
0 0.001953125 0.9697265625 0.00390625 0.005859375
0 0.7060546875 0.97265625 0.033203125 0.03515625
0 0.34765625 0.9716796875 0.046875 0.056640625
0 0.24609375 0.9658203125 0.03125 0.052734375
0 0.140625 0.95703125 0.03515625 0.03515625
0 0.7900390625 0.955078125 0.033203125 0.0390625
0 0.044921875 0.9453125 0.046875 0.03125
0 0.68359375 0.9462890625 0.0390625 0.041015625
0 0.5048828125 0.931640625 0.048828125 0.0390625
0 0.66015625 0.908203125 0.03125 0.03125
0 0.783203125 0.904296875 0.03125 0.03125
0 0.3779296875 0.9150390625 0.041015625 0.060546875
0 0.2568359375 0.900390625 0.037109375 0.05078125
0 0.1533203125 0.8994140625 0.037109375 0.048828125
0 0.939453125 0.8916015625 0.03515625 0.037109375
0 0.6455078125 0.8720703125 0.029296875 0.029296875
0 0.9052734375 0.865234375 0.037109375 0.03125
0 0.72265625 0.8681640625 0.03125 0.037109375
0 0.4873046875 0.8623046875 0.021484375 0.037109375
0 0.9873046875 0.84765625 0.025390625 0.0390625
0 0.1591796875 0.845703125 0.021484375 0.03515625
0 0.875 0.841796875 0.03125 0.03125
0 0.390625 0.8525390625 0.046875 0.056640625
0 0.7060546875 0.8359375 0.029296875 0.03125
0 0.634765625 0.8349609375 0.01953125 0.029296875
0 0.267578125 0.8408203125 0.04296875 0.048828125
0 0.8349609375 0.81640625 0.033203125 0.02734375
0 0.96875 0.8203125 0.03125 0.0390625
0 0.6240234375 0.80078125 0.021484375 0.02734375
0 0.5009765625 0.80078125 0.025390625 0.02734375
0 0.0458984375 0.80859375 0.037109375 0.04296875
0 0.693359375 0.798828125 0.0234375 0.02734375
0 0.7890625 0.7958984375 0.0234375 0.029296875
0 0.9423828125 0.794921875 0.029296875 0.03125
0 0.408203125 0.79296875 0.04296875 0.05078125
0 0.748046875 0.78125 0.046875 0.03125
0 0.62109375 0.7734375 0.0390625 0.01953125
0 0.283203125 0.783203125 0.0625 0.05078125
0 0.09765625 0.76953125 0.046875 0.03515625
0 0.9130859375 0.765625 0.037109375 0.03515625
0 0.5126953125 0.7578125 0.021484375 0.02734375
0 0.697265625 0.7568359375 0.03515625 0.037109375
0 0.876953125 0.74609375 0.03515625 0.03125
0 0.6171875 0.7421875 0.03125 0.0234375
0 0.1572265625 0.7568359375 0.048828125 0.056640625
0 0.83984375 0.7314453125 0.03515625 0.025390625
0 0.4208984375 0.732421875 0.048828125 0.05078125
0 0.310546875 0.7275390625 0.03515625 0.041015625
0 0.796875 0.7060546875 0.046875 0.033203125
0 0.7451171875 0.703125 0.033203125 0.02734375
0 0.6298828125 0.6982421875 0.021484375 0.021484375
0 0.978515625 0.6865234375 0.0234375 0.021484375
0 0.2587890625 0.685546875 0.044921875 0.03125
0 0.0146484375 0.6865234375 0.029296875 0.033203125
0 0.998046875 0.6572265625 0.00390625 0.005859375
0 0.7119140625 0.671875 0.029296875 0.03515625
0 0.4482421875 0.6748046875 0.037109375 0.052734375
0 0.5478515625 0.6640625 0.025390625 0.03515625
0 0.33203125 0.673828125 0.06640625 0.05859375
0 0.63671875 0.658203125 0.02734375 0.03125
0 0.0625 0.662109375 0.05078125 0.04296875
0 0.7451171875 0.642578125 0.037109375 0.03515625
0 0.986328125 0.6357421875 0.02734375 0.025390625
0 0.111328125 0.63671875 0.046875 0.03515625
0 0.763671875 0.6181640625 0.03125 0.029296875
0 0.79296875 0.607421875 0.02734375 0.0234375
0 0.1455078125 0.6142578125 0.052734375 0.037109375
0 0.94921875 0.6083984375 0.03515625 0.029296875
0 0.65625 0.6123046875 0.03125 0.037109375
0 0.8291015625 0.5986328125 0.033203125 0.025390625
0 0.3515625 0.6025390625 0.046875 0.041015625
0 0.5625 0.5927734375 0.02734375 0.029296875
0 0.865234375 0.5869140625 0.03515625 0.025390625
0 0.46484375 0.603515625 0.0390625 0.0625
0 0.9052734375 0.5888671875 0.029296875 0.052734375
0 0.6884765625 0.576171875 0.025390625 0.02734375
0 0.1923828125 0.5849609375 0.041015625 0.044921875
0 0.73828125 0.5517578125 0.03125 0.025390625
0 0.5830078125 0.55078125 0.025390625 0.03125
0 0.404296875 0.5546875 0.06640625 0.0546875
0 0.240234375 0.5498046875 0.046875 0.044921875
0 0.771484375 0.5283203125 0.01953125 0.017578125
0 0.822265625 0.51953125 0.03125 0.02734375
0 0.58984375 0.505859375 0.02734375 0.03125
0 0.4736328125 0.51171875 0.041015625 0.04296875
0 0.29296875 0.5107421875 0.04296875 0.041015625
0 0.77734375 0.4970703125 0.03125 0.025390625
0 0.6416015625 0.482421875 0.017578125 0.015625
0 0.73046875 0.478515625 0.03125 0.0234375
0 0.6982421875 0.4638671875 0.025390625 0.021484375
0 0.333984375 0.470703125 0.046875 0.046875
0 0.6630859375 0.455078125 0.033203125 0.01953125
0 0.623046875 0.443359375 0.03125 0.0234375
0 0.38671875 0.4306640625 0.04296875 0.044921875
0 0.416015625 0.3681640625 0.03125 0.052734375
0 0.3857421875 0.3125 0.033203125 0.0546875
0 0.318359375 0.2880859375 0.0390625 0.037109375
0 0.236328125 0.20703125 0.09765625 0.09765625
0 0.412109375 0.1435546875 0.0625 0.068359375
0 0.1474609375 0.1279296875 0.072265625 0.068359375
0 0.326171875 0.0810546875 0.0625 0.060546875
0 0.513671875 0.0654296875 0.0546875 0.052734375
0 0.376953125 0.0302734375 0.03125 0.033203125
0 0.2724609375 0.0234375 0.056640625 0.046875