0 0.998046875 0.9970703125 0.00390625 0.005859375
0 0.36328125 0.9951171875 0.01953125 0.009765625
0 0.2666015625 0.9951171875 0.017578125 0.009765625
0 0.3935546875 0.9921875 0.021484375 0.015625
0 0.0126953125 0.9921875 0.025390625 0.015625
0 0.52734375 0.990234375 0.03515625 0.01953125
0 0.046875 0.9892578125 0.0234375 0.021484375
0 0.11328125 0.9814453125 0.01953125 0.021484375
0 0.07421875 0.9853515625 0.02734375 0.029296875
0 0.5625 0.9697265625 0.01953125 0.017578125
0 0.140625 0.970703125 0.02734375 0.03125
0 0.4384765625 0.9765625 0.041015625 0.046875
0 0.1689453125 0.9638671875 0.025390625 0.029296875
0 0.2041015625 0.958984375 0.021484375 0.0234375
0 0.2265625 0.9541015625 0.01953125 0.029296875
0 0.3369140625 0.947265625 0.037109375 0.0234375
0 0.2509765625 0.94921875 0.025390625 0.03125
0 0.3017578125 0.943359375 0.021484375 0.0234375
0 0.2744140625 0.9453125 0.021484375 0.03125
0 0.8916015625 0.9580078125 0.154296875 0.080078125
0 0.498046875 0.9423828125 0.046875 0.048828125
0 0.654296875 0.947265625 0.0859375 0.0859375
0 0.978515625 0.9462890625 0.04296875 0.107421875
0 0.291015625 0.748046875 0.05078125 0.0546875
0 0.48828125 0.732421875 0.05859375 0.03125
0 0.0205078125 0.6884765625 0.041015625 0.025390625
0 0.4912109375 0.6220703125 0.064453125 0.044921875
0 0.8896484375 0.6162109375 0.037109375 0.056640625
0 0.70703125 0.6025390625 0.15234375 0.056640625
0 0.9814453125 0.6005859375 0.037109375 0.056640625
0 0.060546875 0.16015625 0.015625 0.015625
0 0.0146484375 0.16015625 0.025390625 0.015625
0 0.2666015625 0.0341796875 0.533203125 0.068359375