0 0.33203125 0.9970703125 0.01171875 0.005859375
0 0.5810546875 0.99609375 0.021484375 0.0078125
0 0.9873046875 0.9931640625 0.025390625 0.013671875
0 0.046875 0.990234375 0.03125 0.01953125
0 0.54296875 0.98828125 0.03515625 0.0234375
0 0.375 0.9873046875 0.03515625 0.025390625
0 0.1240234375 0.9873046875 0.033203125 0.025390625
0 0.6513671875 0.982421875 0.033203125 0.02734375
0 0.7841796875 0.98046875 0.033203125 0.02734375
0 0.505859375 0.978515625 0.03515625 0.02734375
0 0.236328125 0.978515625 0.03515625 0.03515625
0 0.470703125 0.9619140625 0.03125 0.025390625
0 0.158203125 0.9638671875 0.0390625 0.033203125
0 0.8369140625 0.9482421875 0.025390625 0.021484375
0 0.6630859375 0.953125 0.029296875 0.03125
0 0.720703125 0.943359375 0.01953125 0.01953125
0 0.2998046875 0.9443359375 0.025390625 0.025390625
0 0.1884765625 0.9384765625 0.029296875 0.029296875
0 0.4169921875 0.9306640625 0.033203125 0.033203125
0 0.59375 0.9248046875 0.02734375 0.029296875
0 0.013671875 0.921875 0.02734375 0.03125
0 0.806640625 0.916015625 0.02734375 0.02734375
0 0.677734375 0.912109375 0.01953125 0.0234375
0 0.376953125 0.90625 0.03515625 0.03125
0 0.8818359375 0.9013671875 0.025390625 0.025390625
0 0.486328125 0.89453125 0.0234375 0.01953125
0 0.2265625 0.8974609375 0.02734375 0.025390625
0 0.04296875 0.8994140625 0.03125 0.029296875
0 0.6083984375 0.8916015625 0.021484375 0.025390625
0 0.701171875 0.8818359375 0.01953125 0.021484375
0 0.51953125 0.8818359375 0.03125 0.025390625
0 0.4443359375 0.880859375 0.029296875 0.02734375
0 0.337890625 0.8798828125 0.02734375 0.025390625
0 0.765625 0.8701171875 0.0234375 0.025390625
0 0.2431640625 0.87109375 0.033203125 0.03125
0 0.162109375 0.8671875 0.03125 0.03125
0 0.408203125 0.865234375 0.03515625 0.03125
0 0.6318359375 0.859375 0.025390625 0.0234375
0 0.83984375 0.849609375 0.02734375 0.02734375
0 0.099609375 0.849609375 0.02734375 0.02734375
0 0.5546875 0.845703125 0.0234375 0.02734375
0 0.3671875 0.8408203125 0.0234375 0.025390625
0 0.73828125 0.8427734375 0.0390625 0.037109375
0 0.2275390625 0.8369140625 0.025390625 0.025390625
0 0.6494140625 0.83203125 0.021484375 0.0234375
0 0.8154296875 0.8232421875 0.025390625 0.029296875
0 0.4794921875 0.8193359375 0.037109375 0.025390625
0 0.21484375 0.8125 0.01953125 0.01953125
0 0.5791015625 0.818359375 0.037109375 0.04296875
0 0.2890625 0.8125 0.02734375 0.03125
0 0.427734375 0.7919921875 0.02734375 0.037109375
0 0.78515625 0.7880859375 0.02734375 0.033203125
0 0.2763671875 0.7802734375 0.029296875 0.029296875
0 0.5146484375 0.7822265625 0.041015625 0.037109375
0 0.6064453125 0.7763671875 0.029296875 0.033203125
0 0.6787109375 0.7734375 0.041015625 0.0390625
0 0.7568359375 0.7607421875 0.025390625 0.025390625
0 0.458984375 0.7587890625 0.02734375 0.025390625
0 0.345703125 0.759765625 0.03125 0.03125
0 0.3759765625 0.740234375 0.029296875 0.03125
0 0.2529296875 0.740234375 0.033203125 0.03125
0 0.6201171875 0.7333984375 0.017578125 0.025390625
0 0.5439453125 0.736328125 0.029296875 0.0390625
0 0.50390625 0.7216796875 0.03125 0.025390625
0 0.32421875 0.716796875 0.03515625 0.03125
0 0.404296875 0.7099609375 0.0390625 0.029296875
0 0.224609375 0.70703125 0.02734375 0.02734375
0 0.615234375 0.697265625 0.02734375 0.02734375
0 0.353515625 0.689453125 0.04296875 0.03515625
0 0.4404296875 0.6787109375 0.029296875 0.037109375
0 0.2744140625 0.6728515625 0.033203125 0.033203125
0 0.5771484375 0.6689453125 0.033203125 0.029296875
0 0.3876953125 0.6611328125 0.041015625 0.037109375
0 0.5419921875 0.65234375 0.033203125 0.03125
0 0.5048828125 0.6376953125 0.033203125 0.025390625
0 0.3056640625 0.6416015625 0.033203125 0.033203125
0 0.4716796875 0.6181640625 0.029296875 0.025390625
0 0.435546875 0.603515625 0.03125 0.02734375
0 0.3408203125 0.609375 0.037109375 0.0390625
0 0.3994140625 0.5869140625 0.041015625 0.033203125