0 0.716796875 0.994140625 0.0234375 0.01171875
0 0.99609375 0.9931640625 0.0078125 0.013671875
0 0.560546875 0.9921875 0.03125 0.015625
0 0.4599609375 0.9912109375 0.025390625 0.017578125
0 0.90234375 0.9853515625 0.0390625 0.029296875
0 0.5869140625 0.9755859375 0.033203125 0.029296875
0 0.4833984375 0.9736328125 0.029296875 0.029296875
0 0.70703125 0.9619140625 0.03125 0.025390625
0 0.61328125 0.9521484375 0.03125 0.029296875
0 0.5126953125 0.9482421875 0.033203125 0.029296875
0 0.8779296875 0.947265625 0.037109375 0.0390625
0 0.96484375 0.939453125 0.03515625 0.03515625
0 0.7138671875 0.9267578125 0.029296875 0.029296875
0 0.642578125 0.92578125 0.03125 0.03125
0 0.5400390625 0.923828125 0.029296875 0.03125
0 0.841796875 0.919921875 0.03515625 0.03515625
0 0.9765625 0.9052734375 0.0390625 0.033203125
0 0.5673828125 0.8984375 0.029296875 0.03125
0 0.71875 0.892578125 0.02734375 0.02734375
0 0.81640625 0.89453125 0.0390625 0.03515625
0 0.9912109375 0.880859375 0.017578125 0.02734375
0 0.5927734375 0.8759765625 0.029296875 0.025390625
0 0.7939453125 0.873046875 0.033203125 0.03125
0 0.904296875 0.8701171875 0.03515625 0.037109375
0 0.62109375 0.8525390625 0.03125 0.029296875
0 0.7724609375 0.8515625 0.041015625 0.03125
0 0.923828125 0.8486328125 0.0390625 0.033203125
0 0.9404296875 0.8271484375 0.033203125 0.033203125
0 0.6474609375 0.8271484375 0.029296875 0.033203125
0 0.75 0.8291015625 0.03515625 0.044921875
0 0.8427734375 0.8046875 0.033203125 0.03125
0 0.9599609375 0.802734375 0.033203125 0.03125
0 0.67578125 0.8017578125 0.03125 0.029296875
0 0.984375 0.7822265625 0.03125 0.029296875
0 0.724609375 0.7734375 0.02734375 0.03515625
0 0.8759765625 0.7705078125 0.033203125 0.033203125
0 0.6025390625 0.76171875 0.033203125 0.03515625
0 0.7998046875 0.7548828125 0.029296875 0.033203125
0 0.90625 0.7431640625 0.03125 0.033203125
0 0.712890625 0.7421875 0.02734375 0.03125
0 0.62890625 0.7431640625 0.03515625 0.037109375
0 0.9248046875 0.7197265625 0.029296875 0.025390625
0 0.6962890625 0.7099609375 0.033203125 0.033203125
0 0.5517578125 0.7080078125 0.029296875 0.029296875
0 0.947265625 0.7001953125 0.03125 0.037109375
0 0.77734375 0.6884765625 0.02734375 0.029296875
0 0.5751953125 0.6884765625 0.033203125 0.033203125
0 0.6826171875 0.6796875 0.029296875 0.03515625
0 0.8740234375 0.6748046875 0.029296875 0.033203125
0 0.9697265625 0.669921875 0.029296875 0.03515625
0 0.5966796875 0.6689453125 0.033203125 0.033203125
0 0.51953125 0.65234375 0.03125 0.04296875
0 0.75 0.638671875 0.03515625 0.04296875
0 0.65625 0.6279296875 0.03125 0.029296875
0 0.9931640625 0.6171875 0.013671875 0.0234375
0 0.548828125 0.6083984375 0.03125 0.033203125
0 0.8935546875 0.607421875 0.033203125 0.03515625
0 0.85546875 0.5947265625 0.03125 0.033203125
0 0.5703125 0.5830078125 0.03125 0.033203125
0 0.9599609375 0.5791015625 0.029296875 0.033203125
0 0.4736328125 0.5712890625 0.037109375 0.037109375
0 0.634765625 0.583984375 0.046875 0.0703125
0 0.919921875 0.5556640625 0.01953125 0.017578125
0 0.9755859375 0.5576171875 0.029296875 0.025390625
0 0.818359375 0.552734375 0.02734375 0.03125
0 0.990234375 0.5361328125 0.01953125 0.029296875
0 0.61328125 0.5322265625 0.0390625 0.029296875
0 0.4072265625 0.5322265625 0.037109375 0.029296875
0 0.5224609375 0.5322265625 0.029296875 0.033203125
0 0.7568359375 0.5185546875 0.029296875 0.029296875
0 0.5458984375 0.5107421875 0.033203125 0.029296875
0 0.43359375 0.5048828125 0.03125 0.033203125
0 0.8974609375 0.5048828125 0.041015625 0.060546875
0 0.58984375 0.478515625 0.03125 0.02734375
0 0.4609375 0.4765625 0.0390625 0.03125
0 0.34375 0.466796875 0.03515625 0.02734375
0 0.6572265625 0.4619140625 0.033203125 0.025390625
0 0.9111328125 0.4599609375 0.037109375 0.033203125
0 0.5673828125 0.4521484375 0.029296875 0.029296875
0 0.8291015625 0.453125 0.037109375 0.03515625
0 0.490234375 0.4521484375 0.03515625 0.033203125
0 0.3701171875 0.44921875 0.033203125 0.02734375
0 0.9306640625 0.4365234375 0.033203125 0.033203125
0 0.544921875 0.4326171875 0.02734375 0.029296875
0 0.396484375 0.4326171875 0.02734375 0.029296875
0 0.9912109375 0.4296875 0.017578125 0.03125
0 0.802734375 0.427734375 0.03125 0.0390625
0 0.419921875 0.412109375 0.03125 0.03125
0 0.974609375 0.4091796875 0.02734375 0.029296875
0 0.51953125 0.4091796875 0.03125 0.029296875
0 0.7626953125 0.412109375 0.029296875 0.0390625
0 0.7177734375 0.4013671875 0.017578125 0.033203125
0 0.861328125 0.400390625 0.03515625 0.03515625
0 0.642578125 0.388671875 0.0234375 0.01953125
0 0.2958984375 0.388671875 0.037109375 0.03515625
0 0.953125 0.388671875 0.0390625 0.0390625
0 0.5791015625 0.373046875 0.029296875 0.02734375
0 0.4755859375 0.3720703125 0.025390625 0.025390625
0 0.8837890625 0.3701171875 0.037109375 0.033203125
0 0.6513671875 0.359375 0.021484375 0.01953125
0 0.72265625 0.3505859375 0.03515625 0.021484375
0 0.55078125 0.3525390625 0.03125 0.029296875
0 0.4482421875 0.3505859375 0.029296875 0.037109375
0 0.3408203125 0.349609375 0.037109375 0.0390625
0 0.9892578125 0.3427734375 0.021484375 0.029296875
0 0.9052734375 0.345703125 0.033203125 0.03515625
0 0.4208984375 0.3359375 0.025390625 0.03125
0 0.2490234375 0.3388671875 0.041015625 0.037109375
0 0.529296875 0.330078125 0.02734375 0.03125
0 0.7265625 0.3115234375 0.03515625 0.021484375
0 0.9482421875 0.3037109375 0.029296875 0.025390625
0 0.388671875 0.3095703125 0.03515625 0.037109375
0 0.64453125 0.2958984375 0.03515625 0.033203125
0 0.59375 0.2880859375 0.02734375 0.021484375
0 0.4755859375 0.2919921875 0.029296875 0.029296875
0 0.55859375 0.2890625 0.02734375 0.02734375
0 0.294921875 0.2939453125 0.03515625 0.041015625
0 0.7275390625 0.2822265625 0.033203125 0.021484375
0 0.9296875 0.279296875 0.03125 0.02734375
0 0.982421875 0.2724609375 0.03125 0.029296875
0 0.498046875 0.2666015625 0.03125 0.029296875
0 0.6611328125 0.2568359375 0.025390625 0.029296875
0 0.84375 0.2587890625 0.0390625 0.037109375
0 0.728515625 0.248046875 0.03515625 0.0234375
0 0.3427734375 0.255859375 0.037109375 0.0390625
0 0.4189453125 0.2451171875 0.029296875 0.029296875
0 0.521484375 0.2421875 0.02734375 0.03125
0 0.9560546875 0.23828125 0.029296875 0.03125
0 0.62109375 0.2412109375 0.03515625 0.037109375
0 0.92578125 0.2275390625 0.03515625 0.033203125
0 0.8076171875 0.2216796875 0.029296875 0.025390625
0 0.4345703125 0.22265625 0.029296875 0.02734375
0 0.73046875 0.2138671875 0.03515625 0.021484375
0 0.5419921875 0.2158203125 0.029296875 0.029296875
0 0.994140625 0.2080078125 0.01171875 0.021484375
0 0.6572265625 0.2109375 0.025390625 0.02734375
0 0.9052734375 0.208984375 0.037109375 0.03515625
0 0.455078125 0.205078125 0.03125 0.03125
0 0.3740234375 0.2021484375 0.025390625 0.025390625
0 0.9794921875 0.189453125 0.025390625 0.02734375
0 0.5615234375 0.1904296875 0.029296875 0.029296875
0 0.798828125 0.185546875 0.02734375 0.0234375
0 0.8837890625 0.1884765625 0.033203125 0.033203125
0 0.4716796875 0.185546875 0.033203125 0.03125
0 0.3916015625 0.1826171875 0.025390625 0.025390625
0 0.734375 0.1728515625 0.0390625 0.021484375
0 0.958984375 0.1669921875 0.02734375 0.029296875
0 0.6611328125 0.1630859375 0.033203125 0.029296875
0 0.490234375 0.1650390625 0.03515625 0.033203125
0 0.859375 0.1591796875 0.03125 0.033203125
0 0.5869140625 0.1591796875 0.029296875 0.037109375
0 0.40625 0.1591796875 0.03125 0.037109375
0 0.9404296875 0.1494140625 0.033203125 0.029296875
0 0.78515625 0.14453125 0.02734375 0.0234375
0 0.7255859375 0.140625 0.041015625 0.01953125
0 0.5087890625 0.14453125 0.033203125 0.02734375
0 0.5517578125 0.1376953125 0.017578125 0.017578125
0 0.4248046875 0.1396484375 0.037109375 0.025390625
0 0.3330078125 0.1435546875 0.041015625 0.033203125
0 0.6083984375 0.134765625 0.029296875 0.03125
0 0.9169921875 0.1279296875 0.029296875 0.025390625
0 0.5283203125 0.125 0.033203125 0.03125
0 0.4453125 0.1181640625 0.03125 0.029296875
0 0.9921875 0.115234375 0.015625 0.02734375
0 0.3603515625 0.11328125 0.033203125 0.03515625
0 0.708984375 0.103515625 0.03125 0.01953125
0 0.892578125 0.1064453125 0.02734375 0.029296875
0 0.8505859375 0.1015625 0.029296875 0.01953125
0 0.54296875 0.103515625 0.03125 0.03125
0 0.46484375 0.099609375 0.0234375 0.0234375
0 0.6279296875 0.0986328125 0.025390625 0.025390625
0 0.2890625 0.0927734375 0.03125 0.033203125
0 0.9736328125 0.0908203125 0.029296875 0.033203125
0 0.5595703125 0.08203125 0.029296875 0.03125
0 0.388671875 0.08203125 0.03125 0.0390625
0 0.4794921875 0.0771484375 0.025390625 0.033203125
0 0.8525390625 0.0654296875 0.025390625 0.029296875
0 0.314453125 0.064453125 0.03125 0.03125
0 0.580078125 0.0615234375 0.03125 0.029296875
0 0.689453125 0.0556640625 0.05859375 0.029296875
0 0.4970703125 0.0556640625 0.029296875 0.029296875
0 0.8916015625 0.0576171875 0.029296875 0.037109375
0 0.7900390625 0.05859375 0.025390625 0.0390625
0 0.935546875 0.046875 0.02734375 0.02734375
0 0.4208984375 0.0478515625 0.033203125 0.033203125
0 0.3408203125 0.037109375 0.033203125 0.03125
0 0.26953125 0.0302734375 0.03515625 0.033203125
0 0.5146484375 0.013671875 0.033203125 0.02734375
0 0.4931640625 0.001953125 0.005859375 0.00390625
0 0.4521484375 0.0166015625 0.033203125 0.033203125
0 0.3701171875 0.01171875 0.029296875 0.0234375
0 0.2919921875 0.0087890625 0.029296875 0.017578125