0 0.1640625 0.9970703125 0.01171875 0.005859375
0 0.6376953125 0.9951171875 0.017578125 0.009765625
0 0.5537109375 0.9951171875 0.017578125 0.009765625
0 0.7529296875 0.994140625 0.025390625 0.01171875
0 0.94140625 0.9912109375 0.0234375 0.017578125
0 0.1875 0.9873046875 0.02734375 0.025390625
0 0.53125 0.9853515625 0.02734375 0.029296875
0 0.865234375 0.982421875 0.03125 0.03125
0 0.96484375 0.9755859375 0.01953125 0.021484375
0 0.7255859375 0.982421875 0.033203125 0.03515625
0 0.0634765625 0.9794921875 0.056640625 0.041015625
0 0.2607421875 0.970703125 0.029296875 0.02734375
0 0.6279296875 0.9638671875 0.029296875 0.029296875
0 0.5078125 0.9609375 0.02734375 0.0234375
0 0.3271484375 0.974609375 0.060546875 0.05078125
0 0.0859375 0.966796875 0.03515625 0.0390625
0 0.7080078125 0.9609375 0.033203125 0.03125
0 0.59375 0.958984375 0.02734375 0.02734375
0 0.83984375 0.9619140625 0.04296875 0.041015625
0 0.796875 0.953125 0.0234375 0.0234375
0 0.994140625 0.9443359375 0.01171875 0.021484375
0 0.890625 0.947265625 0.02734375 0.02734375
0 0.1064453125 0.9482421875 0.033203125 0.033203125
0 0.2412109375 0.943359375 0.029296875 0.02734375
0 0.58203125 0.9404296875 0.03515625 0.029296875
0 0.783203125 0.9326171875 0.02734375 0.025390625
0 0.689453125 0.935546875 0.03515625 0.03125
0 0.9150390625 0.9287109375 0.029296875 0.029296875
0 0.134765625 0.9306640625 0.0390625 0.041015625
0 0.5517578125 0.916015625 0.025390625 0.02734375
0 0.2216796875 0.9169921875 0.025390625 0.029296875
0 0.7705078125 0.9111328125 0.029296875 0.029296875
0 0.669921875 0.9111328125 0.03515625 0.033203125
0 0.1630859375 0.9111328125 0.029296875 0.037109375
0 0.400390625 0.9228515625 0.06640625 0.095703125
0 0.654296875 0.888671875 0.03515625 0.03125
0 0.75390625 0.88671875 0.03125 0.03125
0 0.01171875 0.8828125 0.0234375 0.0234375
0 0.9853515625 0.8798828125 0.029296875 0.025390625
0 0.1982421875 0.8798828125 0.037109375 0.041015625
0 0.798828125 0.8603515625 0.01953125 0.017578125
0 0.5498046875 0.8623046875 0.021484375 0.025390625
0 0.23046875 0.8740234375 0.046875 0.048828125
0 0.6337890625 0.8642578125 0.037109375 0.033203125
0 0.728515625 0.8564453125 0.03125 0.029296875
0 0.34765625 0.8876953125 0.06640625 0.095703125
0 0.6005859375 0.845703125 0.017578125 0.01953125
0 0.7861328125 0.841796875 0.017578125 0.01953125
0 0.6279296875 0.8369140625 0.029296875 0.029296875
0 0.8642578125 0.8310546875 0.021484375 0.021484375
0 0.7099609375 0.83203125 0.033203125 0.03125
0 0.5712890625 0.83203125 0.029296875 0.03125
0 0.009765625 0.833984375 0.01953125 0.0390625
0 0.8125 0.8330078125 0.0390625 0.041015625
0 0.26953125 0.8564453125 0.078125 0.087890625
0 0.9638671875 0.814453125 0.017578125 0.015625
0 0.7294921875 0.8115234375 0.025390625 0.025390625
0 0.6083984375 0.8125 0.029296875 0.02734375
0 0.9873046875 0.8076171875 0.025390625 0.025390625
0 0.689453125 0.8076171875 0.03515625 0.025390625
0 0.111328125 0.8125 0.02734375 0.03515625
0 0.8642578125 0.8056640625 0.029296875 0.029296875
0 0.142578125 0.810546875 0.03515625 0.0390625
0 0.7548828125 0.796875 0.029296875 0.02734375
0 0.7109375 0.7880859375 0.01953125 0.017578125
0 0.9921875 0.7861328125 0.015625 0.017578125
0 0.58984375 0.791015625 0.03125 0.02734375
0 0.8935546875 0.787109375 0.025390625 0.0234375
0 0.3115234375 0.8056640625 0.080078125 0.064453125
0 0.923828125 0.77734375 0.02734375 0.0234375
0 0.01171875 0.7783203125 0.0234375 0.037109375
0 0.953125 0.7734375 0.02734375 0.03515625
0 0.7900390625 0.765625 0.033203125 0.02734375
0 0.7578125 0.7587890625 0.01953125 0.021484375
0 0.671875 0.7724609375 0.05078125 0.048828125
0 0.990234375 0.755859375 0.01953125 0.03125
0 0.6396484375 0.7470703125 0.021484375 0.021484375
0 0.220703125 0.75390625 0.03125 0.03515625
0 0.849609375 0.7421875 0.05078125 0.02734375
0 0.24609375 0.7412109375 0.03125 0.041015625
0 0.884765625 0.7255859375 0.02734375 0.021484375
0 0.7578125 0.7275390625 0.03515625 0.033203125
0 0.6201171875 0.7236328125 0.029296875 0.025390625
0 0.4873046875 0.765625 0.064453125 0.1171875
0 0.826171875 0.716796875 0.04296875 0.02734375
0 0.91796875 0.7119140625 0.03515625 0.041015625
0 0.1923828125 0.7001953125 0.017578125 0.017578125
0 0.740234375 0.7021484375 0.03515625 0.033203125
0 0.2119140625 0.6884765625 0.017578125 0.017578125
0 0.259765625 0.6962890625 0.046875 0.044921875
0 0.73046875 0.6806640625 0.04296875 0.033203125
0 0.6572265625 0.6875 0.041015625 0.046875
0 0.68359375 0.6787109375 0.0390625 0.044921875
0 0.787109375 0.6669921875 0.0234375 0.025390625
0 0.3681640625 0.681640625 0.107421875 0.07421875
0 0.708984375 0.6572265625 0.03125 0.029296875
0 0.984375 0.642578125 0.01953125 0.01953125
0 0.201171875 0.65234375 0.046875 0.0390625
0 0.787109375 0.6455078125 0.08203125 0.068359375
0 0.3837890625 0.6201171875 0.029296875 0.021484375
0 0.857421875 0.615234375 0.0234375 0.03125
0 0.9951171875 0.6025390625 0.009765625 0.017578125
0 0.8955078125 0.60546875 0.029296875 0.03125
0 0.923828125 0.5927734375 0.03125 0.033203125
0 0.9580078125 0.5830078125 0.033203125 0.044921875
0 0.4599609375 0.6123046875 0.076171875 0.111328125
0 0.7158203125 0.5703125 0.048828125 0.04296875
0 0.7529296875 0.5537109375 0.021484375 0.025390625
0 0.419921875 0.5458984375 0.046875 0.029296875
0 0.794921875 0.5400390625 0.03125 0.029296875
0 0.7001953125 0.53515625 0.037109375 0.02734375
0 0.3056640625 0.548828125 0.119140625 0.05859375
0 0.1328125 0.623046875 0.21875 0.21875
0 0.73046875 0.5146484375 0.01953125 0.021484375
0 0.7470703125 0.4833984375 0.029296875 0.029296875
0 0.9619140625 0.482421875 0.041015625 0.03125
0 0.869140625 0.4794921875 0.03515625 0.044921875
0 0.826171875 0.48828125 0.05859375 0.1015625
0 0.982421875 0.447265625 0.03515625 0.04296875
0 0.939453125 0.408203125 0.01953125 0.0234375
0 0.7685546875 0.421875 0.044921875 0.07421875
0 0.96484375 0.3896484375 0.03125 0.033203125
0 0.8828125 0.408203125 0.08984375 0.08984375
0 0.9453125 0.3681640625 0.03125 0.033203125
0 0.9208984375 0.345703125 0.041015625 0.0390625
0 0.9951171875 0.333984375 0.009765625 0.01953125
0 0.8037109375 0.34375 0.048828125 0.07421875
0 0.5791015625 0.3740234375 0.236328125 0.166015625
0 0.982421875 0.302734375 0.03515625 0.03125
0 0.96484375 0.2822265625 0.0390625 0.037109375
0 0.84765625 0.2861328125 0.0546875 0.068359375
0 0.419921875 0.2626953125 0.03515625 0.033203125
0 0.39453125 0.2421875 0.03125 0.03515625
0 0.93359375 0.2451171875 0.05859375 0.060546875
0 0.375 0.21484375 0.02734375 0.02734375
0 0.4677734375 0.2138671875 0.033203125 0.033203125
0 0.9951171875 0.201171875 0.009765625 0.0234375
0 0.638671875 0.2021484375 0.03125 0.029296875
0 0.94140625 0.2021484375 0.03125 0.033203125
0 0.5634765625 0.201171875 0.037109375 0.03515625
0 0.353515625 0.193359375 0.03125 0.02734375
0 0.955078125 0.1826171875 0.015625 0.013671875
0 0.44921875 0.19140625 0.03515625 0.03515625
0 0.4990234375 0.1796875 0.017578125 0.015625
0 0.8779296875 0.1767578125 0.029296875 0.033203125
0 0.984375 0.1748046875 0.03125 0.037109375
0 0.330078125 0.169921875 0.03515625 0.03515625
0 0.4267578125 0.166015625 0.037109375 0.03515625
0 0.9736328125 0.154296875 0.029296875 0.02734375
0 0.6142578125 0.15625 0.029296875 0.03125
0 0.525390625 0.1591796875 0.03515625 0.037109375
0 0.8935546875 0.150390625 0.033203125 0.03515625
0 0.404296875 0.1484375 0.03515625 0.03125
0 0.3095703125 0.1474609375 0.029296875 0.033203125
0 0.5107421875 0.13671875 0.029296875 0.02734375
0 0.732421875 0.150390625 0.0703125 0.05859375
0 0.4423828125 0.130859375 0.017578125 0.01953125
0 0.6435546875 0.130859375 0.029296875 0.02734375
0 0.3828125 0.1259765625 0.02734375 0.025390625
0 0.916015625 0.1259765625 0.03125 0.029296875
0 0.4150390625 0.1142578125 0.021484375 0.017578125
0 0.673828125 0.1181640625 0.03515625 0.033203125
0 0.2841796875 0.1201171875 0.037109375 0.037109375
0 0.482421875 0.115234375 0.02734375 0.03125
0 0.5849609375 0.107421875 0.033203125 0.02734375
0 0.0029296875 0.09375 0.005859375 0.0078125
0 0.931640625 0.1064453125 0.03515625 0.037109375
0 0.3623046875 0.1005859375 0.025390625 0.029296875
0 0.693359375 0.1015625 0.03125 0.0390625
0 0.4619140625 0.0927734375 0.033203125 0.033203125
0 0.8046875 0.0869140625 0.02734375 0.033203125
0 0.564453125 0.0849609375 0.03125 0.033203125
0 0.7138671875 0.083984375 0.033203125 0.03515625
0 0.251953125 0.0849609375 0.03125 0.037109375
0 0.34375 0.078125 0.02734375 0.03125
0 0.6083984375 0.0771484375 0.033203125 0.037109375
0 0.0234375 0.0732421875 0.03125 0.029296875
0 0.3994140625 0.0634765625 0.017578125 0.017578125
0 0.9716796875 0.0654296875 0.029296875 0.029296875
0 0.44921875 0.068359375 0.0390625 0.03515625
0 0.23046875 0.0634765625 0.02734375 0.029296875
0 0.5439453125 0.0634765625 0.033203125 0.033203125
0 0.64453125 0.05859375 0.03125 0.02734375
0 0.3251953125 0.0556640625 0.029296875 0.029296875
0 0.82421875 0.044921875 0.02734375 0.01953125
0 0.5810546875 0.04296875 0.017578125 0.015625
0 0.7734375 0.0517578125 0.0390625 0.037109375
0 0.9912109375 0.044921875 0.017578125 0.02734375
0 0.951171875 0.0390625 0.01953125 0.01953125
0 0.52734375 0.04296875 0.03125 0.03125
0 0.4287109375 0.044921875 0.041015625 0.03515625
0 0.2109375 0.0439453125 0.03515625 0.033203125
0 0.3017578125 0.0390625 0.025390625 0.02734375
0 0.66796875 0.0361328125 0.02734375 0.025390625
0 0.744140625 0.029296875 0.03515625 0.03125
0 0.998046875 0.0126953125 0.00390625 0.005859375
0 0.4091796875 0.0234375 0.037109375 0.03515625
0 0.1943359375 0.01953125 0.029296875 0.02734375
0 0.505859375 0.021484375 0.0390625 0.03515625
0 0.54296875 0.013671875 0.01953125 0.0234375
0 0.28125 0.0146484375 0.0234375 0.025390625
0 0.9853515625 0.005859375 0.017578125 0.01171875
0 0.8671875 0.01171875 0.03515625 0.0234375
0 0.8359375 0.009765625 0.02734375 0.01953125
0 0.7197265625 0.0087890625 0.029296875 0.017578125
0 0.6298828125 0.017578125 0.033203125 0.03515625
0 0.5927734375 0.0029296875 0.005859375 0.005859375
0 0.478515625 0.0078125 0.0234375 0.015625
0 0.3876953125 0.009765625 0.033203125 0.01953125
0 0.259765625 0.0029296875 0.0078125 0.005859375
0 0.17578125 0.005859375 0.0234375 0.01171875