0 0.0771484375 0.9951171875 0.017578125 0.009765625
0 0.16796875 0.9931640625 0.03125 0.013671875
0 0.111328125 0.9658203125 0.0390625 0.037109375
0 0.27734375 0.962890625 0.09765625 0.07421875
0 0.0224609375 0.931640625 0.041015625 0.04296875
0 0.1572265625 0.92578125 0.044921875 0.04296875
0 0.0087890625 0.9033203125 0.017578125 0.029296875
0 0.1953125 0.8876953125 0.0390625 0.037109375
0 0.0751953125 0.884765625 0.044921875 0.0390625
0 0.357421875 0.9169921875 0.109375 0.123046875
0 0.0263671875 0.859375 0.033203125 0.046875
0 0.1162109375 0.8291015625 0.041015625 0.037109375
0 0.275390625 0.8271484375 0.0390625 0.041015625
0 0.5478515625 0.8232421875 0.041015625 0.056640625
0 0.0615234375 0.80078125 0.048828125 0.0390625
0 0.466796875 0.7900390625 0.04296875 0.033203125
0 0.234375 0.78515625 0.046875 0.04296875
0 0.5908203125 0.7763671875 0.044921875 0.056640625
0 0.3857421875 0.763671875 0.037109375 0.0390625
0 0.19140625 0.76171875 0.03515625 0.03515625
0 0.1494140625 0.736328125 0.041015625 0.0390625
0 0.32421875 0.7216796875 0.05859375 0.037109375
0 0.1025390625 0.71875 0.041015625 0.03515625
0 0.2880859375 0.6943359375 0.041015625 0.037109375
0 0.56640625 0.69140625 0.03125 0.0390625
0 0.072265625 0.689453125 0.0390625 0.0546875
0 0.25 0.6630859375 0.0390625 0.037109375
0 0.451171875 0.6669921875 0.046875 0.052734375
0 0.599609375 0.642578125 0.05078125 0.0390625
0 0.392578125 0.6455078125 0.04296875 0.052734375
0 0.203125 0.630859375 0.03125 0.02734375
0 0.3505859375 0.591796875 0.048828125 0.046875
0 0.6787109375 0.58203125 0.037109375 0.0546875
0 0.3037109375 0.548828125 0.041015625 0.03515625
0 0.9521484375 0.5390625 0.044921875 0.02734375
0 0.5078125 0.560546875 0.05078125 0.07421875
0 0.1240234375 0.556640625 0.029296875 0.06640625
0 0.646484375 0.5234375 0.03515625 0.0234375
0 0.8837890625 0.5126953125 0.041015625 0.037109375
0 0.2470703125 0.5166015625 0.048828125 0.044921875
0 0.4658203125 0.494140625 0.048828125 0.05078125
0 0.0146484375 0.494140625 0.029296875 0.0546875
0 0.826171875 0.4794921875 0.04296875 0.044921875
0 0.162109375 0.46875 0.02734375 0.03125
0 0.994140625 0.4619140625 0.01171875 0.025390625
0 0.65625 0.4658203125 0.02734375 0.037109375
0 0.5546875 0.4453125 0.0390625 0.03125
0 0.7685546875 0.447265625 0.044921875 0.046875
0 0.4033203125 0.4443359375 0.052734375 0.044921875
0 0.9619140625 0.435546875 0.044921875 0.05078125
0 0.892578125 0.4189453125 0.03515625 0.033203125
0 0.2041015625 0.4189453125 0.033203125 0.033203125
0 0.669921875 0.416015625 0.03515625 0.04296875
0 0.345703125 0.4072265625 0.0546875 0.044921875
0 0.7177734375 0.40234375 0.037109375 0.046875
0 0.57421875 0.3916015625 0.0234375 0.044921875
0 0.060546875 0.3955078125 0.04296875 0.052734375
0 0.861328125 0.3798828125 0.0390625 0.037109375
0 0.115234375 0.3779296875 0.046875 0.041015625
0 0.2763671875 0.3701171875 0.044921875 0.029296875
0 0.4951171875 0.375 0.044921875 0.04296875
0 0.6865234375 0.3623046875 0.044921875 0.044921875
0 0.8193359375 0.3544921875 0.041015625 0.044921875
0 0.451171875 0.345703125 0.05078125 0.046875
0 0.0166015625 0.341796875 0.033203125 0.046875
0 0.3994140625 0.3232421875 0.044921875 0.025390625
0 0.5908203125 0.326171875 0.025390625 0.03515625
0 0.7861328125 0.3291015625 0.041015625 0.044921875
0 0.74609375 0.2978515625 0.046875 0.037109375
0 0.1962890625 0.2939453125 0.037109375 0.037109375
0 0.611328125 0.2841796875 0.03515625 0.029296875
0 0.974609375 0.2783203125 0.03125 0.033203125
0 0.3359375 0.2734375 0.03125 0.03515625
0 0.708984375 0.2626953125 0.03515625 0.037109375
0 0.9482421875 0.25390625 0.033203125 0.0390625
0 0.5693359375 0.2451171875 0.056640625 0.052734375
0 0.9140625 0.2275390625 0.0390625 0.025390625
0 0.6728515625 0.2216796875 0.037109375 0.033203125
0 0.0078125 0.2177734375 0.015625 0.025390625
0 0.1318359375 0.2119140625 0.052734375 0.048828125
0 0.892578125 0.1953125 0.03125 0.03125
0 0.533203125 0.1953125 0.0390625 0.0390625
0 0.24609375 0.1953125 0.046875 0.046875
0 0.3603515625 0.19140625 0.033203125 0.04296875
0 0.6396484375 0.181640625 0.025390625 0.03515625
0 0.98828125 0.1787109375 0.0234375 0.033203125
0 0.87109375 0.1748046875 0.03125 0.037109375
0 0.5078125 0.1552734375 0.03125 0.029296875
0 0.0068359375 0.15625 0.013671875 0.03515625
0 0.8388671875 0.14453125 0.033203125 0.03125
0 0.1240234375 0.134765625 0.033203125 0.0234375
0 0.982421875 0.1396484375 0.03515625 0.037109375
0 0.607421875 0.1357421875 0.03125 0.029296875
0 0.4013671875 0.12109375 0.048828125 0.02734375
0 0.2255859375 0.1171875 0.037109375 0.05078125
0 0.8115234375 0.103515625 0.025390625 0.02734375
0 0.9462890625 0.095703125 0.033203125 0.03125
0 0.4814453125 0.1064453125 0.029296875 0.052734375
0 0.302734375 0.1103515625 0.0390625 0.060546875
0 0.58203125 0.095703125 0.04296875 0.05078125
0 0.060546875 0.083984375 0.04296875 0.03125
0 0.4501953125 0.0693359375 0.025390625 0.025390625
0 0.4189453125 0.0791015625 0.041015625 0.044921875
0 0.0078125 0.083984375 0.015625 0.0546875
0 0.7763671875 0.0625 0.025390625 0.02734375
0 0.1259765625 0.0654296875 0.041015625 0.041015625
0 0.8798828125 0.05078125 0.044921875 0.04296875
0 0.5537109375 0.0478515625 0.041015625 0.037109375
0 0.7509765625 0.033203125 0.029296875 0.02734375
0 0.2333984375 0.041015625 0.044921875 0.05078125
0 0.330078125 0.0419921875 0.0390625 0.060546875
0 0.4375 0.02734375 0.03515625 0.046875
0 0.857421875 0.0068359375 0.0234375 0.013671875
0 0.71875 0.0146484375 0.04296875 0.029296875
0 0.5322265625 0.0087890625 0.037109375 0.017578125