0 0.7978515625 0.984375 0.033203125 0.03125
0 0.505859375 0.9765625 0.0234375 0.0234375
0 0.5625 0.9814453125 0.03125 0.037109375
0 0.69921875 0.9677734375 0.0390625 0.041015625
0 0.6171875 0.935546875 0.03125 0.02734375
0 0.8974609375 0.93359375 0.048828125 0.0546875
0 0.3369140625 0.9208984375 0.076171875 0.056640625
0 0.64453125 0.90234375 0.03125 0.03125
0 0.888671875 0.8896484375 0.0234375 0.021484375
0 0.2509765625 0.904296875 0.048828125 0.05078125
0 0.8447265625 0.888671875 0.029296875 0.02734375
0 0.1904296875 0.876953125 0.037109375 0.03515625
0 0.423828125 0.86328125 0.01953125 0.02734375
0 0.6728515625 0.8642578125 0.041015625 0.037109375
0 0.0400390625 0.8857421875 0.076171875 0.091796875
0 0.9912109375 0.8466796875 0.017578125 0.033203125
0 0.109375 0.84765625 0.03125 0.03515625
0 0.7841796875 0.8427734375 0.041015625 0.037109375
0 0.974609375 0.8017578125 0.02734375 0.041015625
0 0.2919921875 0.8095703125 0.068359375 0.060546875
0 0.7294921875 0.79296875 0.033203125 0.03515625
0 0.5771484375 0.7666015625 0.044921875 0.025390625
0 0.025390625 0.7724609375 0.0390625 0.048828125
0 0.8935546875 0.767578125 0.041015625 0.05078125
0 0.9873046875 0.759765625 0.025390625 0.0390625
0 0.509765625 0.7646484375 0.0390625 0.048828125
0 0.919921875 0.7314453125 0.02734375 0.025390625
0 0.00390625 0.71484375 0.0078125 0.015625
0 0.1005859375 0.73046875 0.056640625 0.0546875
0 0.65625 0.7099609375 0.0390625 0.037109375
0 0.37109375 0.7041015625 0.0546875 0.052734375
0 0.232421875 0.705078125 0.05859375 0.0625
0 0.576171875 0.6806640625 0.0546875 0.025390625
0 0.3212890625 0.6455078125 0.048828125 0.048828125
0 0.205078125 0.6337890625 0.0390625 0.044921875
0 0.0224609375 0.6279296875 0.044921875 0.048828125
0 0.275390625 0.5927734375 0.03515625 0.037109375
0 0.1845703125 0.5576171875 0.041015625 0.041015625
0 0.8076171875 0.6005859375 0.177734375 0.142578125
0 0.0869140625 0.498046875 0.021484375 0.03125
0 0.1435546875 0.5068359375 0.041015625 0.060546875
0 0.96484375 0.4951171875 0.06640625 0.064453125
0 0.013671875 0.4560546875 0.02734375 0.029296875
0 0.798828125 0.439453125 0.02734375 0.02734375
0 0.080078125 0.4248046875 0.05078125 0.048828125
0 0.080078125 0.353515625 0.03515625 0.03125
0 0.03515625 0.3251953125 0.03515625 0.033203125