0 0.970703125 0.6826171875 0.05859375 0.048828125
0 0.0205078125 0.6044921875 0.041015625 0.044921875
0 0.9873046875 0.5400390625 0.025390625 0.021484375
0 0.111328125 0.5283203125 0.0625 0.048828125
0 0.734375 0.5048828125 0.02734375 0.029296875
0 0.2509765625 0.4404296875 0.076171875 0.052734375
0 0.818359375 0.4287109375 0.0390625 0.072265625
0 0.9384765625 0.40625 0.064453125 0.03125
0 0.0322265625 0.3955078125 0.064453125 0.080078125
0 0.1328125 0.3701171875 0.08203125 0.056640625
0 0.3671875 0.36328125 0.0625 0.08984375
0 0.2900390625 0.2705078125 0.056640625 0.072265625
0 0.47265625 0.24609375 0.06640625 0.05078125
0 0.630859375 0.2197265625 0.0859375 0.052734375
0 0.8955078125 0.15625 0.017578125 0.02734375
0 0.8583984375 0.1142578125 0.021484375 0.029296875
0 0.1787109375 0.1611328125 0.126953125 0.130859375
0 0.5419921875 0.1259765625 0.044921875 0.087890625
0 0.373046875 0.1044921875 0.07421875 0.080078125
0 0.8408203125 0.068359375 0.029296875 0.02734375
0 0.0107421875 0.02734375 0.021484375 0.0390625
0 0.986328125 0.0224609375 0.02734375 0.041015625
0 0.5732421875 0.0234375 0.060546875 0.046875
0 0.3955078125 0.009765625 0.025390625 0.01953125
0 0.0126953125 0.00390625 0.013671875 0.0078125