0 0.0771484375 0.9892578125 0.041015625 0.021484375
0 0.072265625 0.9423828125 0.046875 0.064453125
0 0.1044921875 0.8896484375 0.052734375 0.044921875
0 0.958984375 0.859375 0.08203125 0.05859375
0 0.7822265625 0.876953125 0.150390625 0.12109375
0 0.03515625 0.7099609375 0.03515625 0.033203125
0 0.1025390625 0.67578125 0.068359375 0.046875
0 0.95703125 0.67578125 0.046875 0.05859375
0 0.001953125 0.6435546875 0.00390625 0.009765625
0 0.1767578125 0.6484375 0.037109375 0.02734375
0 0.740234375 0.6435546875 0.03125 0.021484375
0 0.806640625 0.6455078125 0.03515625 0.029296875
0 0.6796875 0.6298828125 0.03125 0.025390625
0 0.001953125 0.6220703125 0.00390625 0.009765625
0 0.8828125 0.62109375 0.03515625 0.02734375
0 0.6025390625 0.6123046875 0.029296875 0.021484375
0 0.3125 0.609375 0.05078125 0.03125
0 0.5322265625 0.599609375 0.044921875 0.02734375
0 0.45703125 0.5986328125 0.04296875 0.033203125
0 0.3828125 0.5908203125 0.02734375 0.021484375
0 0.001953125 0.56640625 0.00390625 0.00390625
0 0.75 0.55859375 0.04296875 0.01953125
0 0.07421875 0.5693359375 0.03125 0.052734375
0 0.818359375 0.5439453125 0.0234375 0.044921875
0 0.6826171875 0.5380859375 0.044921875 0.037109375
0 0.1552734375 0.5380859375 0.033203125 0.048828125
0 0.328125 0.521484375 0.046875 0.0234375
0 0.3955078125 0.517578125 0.048828125 0.01953125
0 0.263671875 0.525390625 0.05078125 0.03515625
0 0.62109375 0.5146484375 0.0390625 0.048828125
0 0.7783203125 0.5029296875 0.029296875 0.029296875
0 0.4658203125 0.5009765625 0.041015625 0.052734375
0 0.0576171875 0.50390625 0.021484375 0.05859375
0 0.576171875 0.4794921875 0.0390625 0.037109375
0 0.73046875 0.4697265625 0.046875 0.044921875
0 0.4033203125 0.451171875 0.048828125 0.03515625
0 0.25390625 0.4580078125 0.0234375 0.048828125
0 0.1669921875 0.4501953125 0.021484375 0.044921875
0 0.673828125 0.4423828125 0.046875 0.041015625
0 0.5283203125 0.4296875 0.048828125 0.046875
0 0.35546875 0.4189453125 0.05078125 0.041015625
0 0.0634765625 0.416015625 0.025390625 0.04296875
0 0.6298828125 0.4052734375 0.041015625 0.048828125
0 0.48046875 0.3935546875 0.046875 0.041015625
0 0.7607421875 0.390625 0.033203125 0.0390625
0 0.29296875 0.3828125 0.05078125 0.03125
0 0.9658203125 0.4365234375 0.068359375 0.146484375
0 0.0048828125 0.375 0.009765625 0.0234375
0 0.7236328125 0.376953125 0.033203125 0.0390625
0 0.169921875 0.376953125 0.046875 0.046875
0 0.576171875 0.3720703125 0.0390625 0.041015625
0 0.6962890625 0.3515625 0.033203125 0.02734375
0 0.0869140625 0.3505859375 0.037109375 0.041015625
0 0.41796875 0.349609375 0.0625 0.04296875
0 0.5322265625 0.3349609375 0.044921875 0.041015625
0 0.6708984375 0.328125 0.033203125 0.03515625
0 0.3662109375 0.3125 0.048828125 0.0390625
0 0.2060546875 0.3154296875 0.048828125 0.052734375
0 0.6318359375 0.3056640625 0.033203125 0.037109375
0 0.4716796875 0.3017578125 0.041015625 0.033203125
0 0.28515625 0.291015625 0.05078125 0.02734375
0 0.853515625 0.2841796875 0.03125 0.029296875
0 0.001953125 0.271484375 0.00390625 0.0078125
0 0.5947265625 0.28125 0.029296875 0.03125
0 0.0888671875 0.271484375 0.033203125 0.03125
0 0.431640625 0.26953125 0.04296875 0.03515625
0 0.8203125 0.263671875 0.03515625 0.03125
0 0.560546875 0.259765625 0.0234375 0.02734375
0 0.625 0.2509765625 0.01953125 0.021484375
0 0.9873046875 0.251953125 0.025390625 0.04296875
0 0.7900390625 0.24609375 0.033203125 0.03125
0 0.5791015625 0.23828125 0.021484375 0.01953125
0 0.380859375 0.240234375 0.0390625 0.03515625
0 0.53515625 0.240234375 0.0390625 0.0390625
0 0.94921875 0.228515625 0.0546875 0.05078125
0 0.5009765625 0.2177734375 0.037109375 0.033203125
0 0.7431640625 0.2265625 0.060546875 0.05859375
0 0.3251953125 0.208984375 0.033203125 0.0234375
0 0.701171875 0.201171875 0.0390625 0.02734375
0 0.4658203125 0.193359375 0.025390625 0.03125
0 0.083984375 0.197265625 0.03515625 0.04296875
0 0.259765625 0.1884765625 0.05078125 0.029296875
0 0.974609375 0.1875 0.04296875 0.03125
0 0.6298828125 0.1826171875 0.029296875 0.025390625
0 0.41796875 0.1689453125 0.03125 0.033203125
0 0.5732421875 0.16796875 0.044921875 0.03515625
0 0.203125 0.1630859375 0.04296875 0.029296875
0 0.900390625 0.181640625 0.0625 0.0703125
0 0.990234375 0.1533203125 0.01953125 0.029296875
0 0.3994140625 0.1552734375 0.029296875 0.033203125
0 0.125 0.1435546875 0.0390625 0.029296875
0 0.525390625 0.142578125 0.03515625 0.03125
0 0.37890625 0.1416015625 0.02734375 0.029296875
0 0.998046875 0.115234375 0.00390625 0.00390625
0 0.7880859375 0.130859375 0.037109375 0.0390625
0 0.349609375 0.1240234375 0.046875 0.037109375
0 0.4453125 0.1162109375 0.06640625 0.041015625
0 0.4033203125 0.1044921875 0.033203125 0.033203125
0 0.31640625 0.091796875 0.04296875 0.03515625
0 0.6884765625 0.0625 0.041015625 0.03515625
0 0.517578125 0.0576171875 0.05078125 0.048828125
0 0.7861328125 0.0400390625 0.029296875 0.041015625
0 0.6376953125 0.025390625 0.037109375 0.03515625
0 0.3271484375 0.01953125 0.044921875 0.03125
0 0.7099609375 0.0166015625 0.037109375 0.033203125
0 0.5947265625 0.0048828125 0.017578125 0.009765625
0 0.4609375 0.013671875 0.03125 0.02734375
0 0.375 0.017578125 0.0390625 0.03515625
0 0.27734375 0.015625 0.046875 0.03125
0 0.1826171875 0.001953125 0.029296875 0.00390625