0 0.685546875 0.9970703125 0.01171875 0.005859375
0 0.35546875 0.9970703125 0.015625 0.005859375
0 0.005859375 0.994140625 0.01171875 0.01171875
0 0.892578125 0.9931640625 0.02734375 0.013671875
0 0.9892578125 0.990234375 0.021484375 0.01953125
0 0.919921875 0.986328125 0.02734375 0.0234375
0 0.7578125 0.986328125 0.0234375 0.0234375
0 0.021484375 0.986328125 0.02734375 0.02734375
0 0.484375 0.9775390625 0.01953125 0.017578125
0 0.453125 0.9775390625 0.0234375 0.017578125
0 0.54296875 0.978515625 0.01953125 0.0234375
0 0.5146484375 0.974609375 0.021484375 0.015625
0 0.41796875 0.9794921875 0.0234375 0.025390625
0 0.359375 0.9775390625 0.0234375 0.021484375
0 0.671875 0.9775390625 0.02734375 0.025390625
0 0.5732421875 0.97265625 0.025390625 0.015625
0 0.611328125 0.978515625 0.02734375 0.0390625
0 0.8369140625 0.97265625 0.033203125 0.03125
0 0.94921875 0.96875 0.02734375 0.02734375
0 0.7509765625 0.958984375 0.025390625 0.02734375
0 0.359375 0.94921875 0.0234375 0.0234375
0 0.0654296875 0.94921875 0.029296875 0.03125
0 0.8291015625 0.9375 0.037109375 0.03125
0 0.6650390625 0.9404296875 0.037109375 0.041015625
0 0.744140625 0.927734375 0.02734375 0.02734375
0 0.87890625 0.91796875 0.02734375 0.02734375
0 0.455078125 0.912109375 0.01953125 0.01953125
0 0.357421875 0.916015625 0.02734375 0.02734375
0 0.513671875 0.91015625 0.01953125 0.01953125
0 0.4814453125 0.91015625 0.021484375 0.01953125
0 0.5439453125 0.908203125 0.021484375 0.01953125
0 0.41796875 0.9140625 0.0234375 0.03125
0 0.9130859375 0.90625 0.029296875 0.02734375
0 0.734375 0.8994140625 0.0234375 0.021484375
0 0.5859375 0.90234375 0.0234375 0.03125
0 0.0380859375 0.9033203125 0.033203125 0.037109375
0 0.947265625 0.8935546875 0.03125 0.021484375
0 0.5009765625 0.88671875 0.013671875 0.015625
0 0.654296875 0.8974609375 0.03515625 0.041015625
0 0.56640625 0.8828125 0.015625 0.01171875
0 0.986328125 0.88671875 0.02734375 0.0234375
0 0.013671875 0.884765625 0.02734375 0.02734375
0 0.36328125 0.8779296875 0.02734375 0.029296875
0 0.8154296875 0.876953125 0.041015625 0.03515625
0 0.3359375 0.8564453125 0.0234375 0.017578125
0 0.427734375 0.8623046875 0.02734375 0.033203125
0 0.4697265625 0.8544921875 0.037109375 0.029296875
0 0.0087890625 0.8525390625 0.017578125 0.029296875
0 0.8603515625 0.8486328125 0.025390625 0.033203125
0 0.720703125 0.857421875 0.0390625 0.0546875
0 0.5107421875 0.845703125 0.041015625 0.03125
0 0.6416015625 0.849609375 0.033203125 0.04296875
0 0.6826171875 0.8408203125 0.021484375 0.033203125
0 0.802734375 0.83984375 0.03125 0.03515625
0 0.8935546875 0.8359375 0.033203125 0.03125
0 0.5576171875 0.8388671875 0.029296875 0.037109375
0 0.9697265625 0.822265625 0.029296875 0.01953125
0 0.9345703125 0.8271484375 0.029296875 0.033203125
0 0.99609375 0.8095703125 0.0078125 0.017578125
0 0.7890625 0.8037109375 0.0234375 0.021484375
0 0.63671875 0.810546875 0.046875 0.03515625
0 0.6728515625 0.798828125 0.021484375 0.01953125
0 0.8828125 0.7939453125 0.02734375 0.021484375
0 0.7060546875 0.806640625 0.041015625 0.05078125
0 0.4482421875 0.7919921875 0.037109375 0.025390625
0 0.3564453125 0.7900390625 0.021484375 0.025390625
0 0.939453125 0.7822265625 0.015625 0.017578125
0 0.783203125 0.779296875 0.0234375 0.0234375
0 0.86328125 0.7685546875 0.02734375 0.021484375
0 0.5380859375 0.7685546875 0.025390625 0.033203125
0 0.896484375 0.7568359375 0.0234375 0.021484375
0 0.3564453125 0.75390625 0.021484375 0.01953125
0 0.9248046875 0.7548828125 0.029296875 0.025390625
0 0.953125 0.748046875 0.0234375 0.0234375
0 0.6162109375 0.75 0.044921875 0.03125
0 0.4443359375 0.751953125 0.033203125 0.03515625
0 0.982421875 0.7451171875 0.0234375 0.029296875
0 0.998046875 0.73046875 0.00390625 0.00390625
0 0.68359375 0.7333984375 0.02734375 0.037109375
0 0.7666015625 0.724609375 0.021484375 0.0234375
0 0.357421875 0.71484375 0.0234375 0.02734375
0 0.6025390625 0.712890625 0.033203125 0.02734375
0 0.8115234375 0.7080078125 0.025390625 0.021484375
0 0.5166015625 0.705078125 0.037109375 0.0234375
0 0.4365234375 0.705078125 0.021484375 0.0234375
0 0.84375 0.701171875 0.02734375 0.0234375
0 0.7578125 0.697265625 0.0234375 0.02734375
0 0.671875 0.697265625 0.02734375 0.02734375
0 0.90234375 0.6884765625 0.01953125 0.021484375
0 0.873046875 0.69140625 0.0234375 0.02734375
0 0.35546875 0.685546875 0.0234375 0.01953125
0 0.9365234375 0.681640625 0.021484375 0.01953125
0 0.96484375 0.6748046875 0.01953125 0.021484375
0 0.509765625 0.673828125 0.03125 0.0234375
0 0.9912109375 0.6689453125 0.017578125 0.021484375
0 0.43359375 0.6669921875 0.0234375 0.025390625
0 0.2509765625 0.6630859375 0.037109375 0.021484375
0 0.587890625 0.67578125 0.03515625 0.0546875
0 0.2919921875 0.66015625 0.033203125 0.0234375
0 0.345703125 0.654296875 0.03515625 0.01953125
0 0.5087890625 0.6474609375 0.021484375 0.021484375
0 0.9814453125 0.6435546875 0.017578125 0.017578125
0 0.658203125 0.65234375 0.03515625 0.05078125
0 0.75390625 0.6474609375 0.04296875 0.044921875
0 0.798828125 0.6318359375 0.0234375 0.021484375
0 0.5732421875 0.6279296875 0.025390625 0.021484375
0 0.82421875 0.626953125 0.02734375 0.0234375
0 0.4296875 0.6259765625 0.03125 0.021484375
0 0.859375 0.6240234375 0.02734375 0.033203125
0 0.4912109375 0.6181640625 0.041015625 0.025390625
0 0.884765625 0.6142578125 0.0234375 0.021484375
0 0.9150390625 0.607421875 0.025390625 0.01953125
0 0.9482421875 0.6025390625 0.021484375 0.021484375
0 0.646484375 0.6044921875 0.02734375 0.029296875
0 0.9716796875 0.595703125 0.021484375 0.01953125
0 0.99609375 0.5888671875 0.0078125 0.017578125
0 0.5693359375 0.595703125 0.033203125 0.03125
0 0.7333984375 0.58203125 0.025390625 0.0234375
0 0.6328125 0.5791015625 0.0390625 0.029296875
0 0.7265625 0.552734375 0.0390625 0.0234375
0 0.8154296875 0.537109375 0.048828125 0.02734375
0 0.875 0.5380859375 0.0234375 0.033203125
0 0.3173828125 0.5302734375 0.037109375 0.025390625
0 0.9580078125 0.5263671875 0.025390625 0.021484375
0 0.8955078125 0.53125 0.025390625 0.0390625
0 0.9892578125 0.5205078125 0.021484375 0.021484375
0 0.9248046875 0.51953125 0.029296875 0.01953125
0 0.3994140625 0.5068359375 0.037109375 0.025390625
0 0.169921875 0.521484375 0.046875 0.0703125
0 0.4326171875 0.49609375 0.017578125 0.0234375
0 0.3115234375 0.49609375 0.025390625 0.0234375
0 0.0556640625 0.521484375 0.111328125 0.078125
0 0.4638671875 0.4912109375 0.021484375 0.021484375
0 0.38671875 0.4814453125 0.02734375 0.025390625
0 0.5390625 0.47265625 0.03515625 0.02734375
0 0.3076171875 0.4677734375 0.021484375 0.025390625
0 0.45703125 0.4609375 0.01953125 0.01953125
0 0.6044921875 0.4580078125 0.021484375 0.021484375
0 0.376953125 0.453125 0.0234375 0.0234375
0 0.5322265625 0.4453125 0.033203125 0.02734375
0 0.296875 0.4423828125 0.03125 0.029296875
0 0.4501953125 0.4326171875 0.021484375 0.021484375
0 0.6787109375 0.4345703125 0.029296875 0.029296875
0 0.5986328125 0.431640625 0.025390625 0.02734375
0 0.7080078125 0.4287109375 0.025390625 0.029296875
0 0.416015625 0.4208984375 0.01953125 0.021484375
0 0.3720703125 0.4228515625 0.029296875 0.033203125
0 0.5205078125 0.4169921875 0.025390625 0.029296875
0 0.80078125 0.412109375 0.0234375 0.0234375
0 0.7392578125 0.4189453125 0.029296875 0.037109375
0 0.76953125 0.4130859375 0.02734375 0.033203125
0 0.2900390625 0.412109375 0.029296875 0.03125
0 0.4423828125 0.40234375 0.021484375 0.01953125
0 0.8310546875 0.40234375 0.025390625 0.0234375
0 0.859375 0.3984375 0.02734375 0.0234375
0 0.5908203125 0.3994140625 0.025390625 0.025390625
0 0.8876953125 0.390625 0.025390625 0.0234375
0 0.3642578125 0.392578125 0.025390625 0.02734375
0 0.1162109375 0.4306640625 0.115234375 0.111328125
0 0.921875 0.384765625 0.03515625 0.0234375
0 0.515625 0.3857421875 0.03515625 0.025390625
0 0.2822265625 0.380859375 0.029296875 0.02734375
0 0.4345703125 0.376953125 0.025390625 0.0234375
0 0.9677734375 0.375 0.033203125 0.0234375
0 0.67578125 0.376953125 0.03515625 0.03125
0 0.58203125 0.37109375 0.03125 0.0234375
0 0.9951171875 0.3681640625 0.009765625 0.021484375
0 0.36328125 0.3623046875 0.02734375 0.025390625
0 0.505859375 0.3583984375 0.02734375 0.025390625
0 0.71875 0.3564453125 0.03125 0.033203125
0 0.275390625 0.3505859375 0.02734375 0.025390625
0 0.4267578125 0.3486328125 0.029296875 0.025390625
0 0.7470703125 0.34375 0.029296875 0.03125
0 0.576171875 0.33984375 0.02734375 0.02734375
0 0.3505859375 0.3330078125 0.029296875 0.025390625
0 0.77734375 0.3330078125 0.02734375 0.033203125
0 0.5 0.328125 0.03125 0.02734375
0 0.2685546875 0.322265625 0.021484375 0.02734375
0 0.8017578125 0.3232421875 0.029296875 0.033203125
0 0.4169921875 0.3173828125 0.025390625 0.025390625
0 0.833984375 0.3173828125 0.03515625 0.044921875
0 0.3447265625 0.3037109375 0.029296875 0.025390625
0 0.669921875 0.30078125 0.03125 0.02734375
0 0.4853515625 0.2998046875 0.021484375 0.025390625
0 0.5703125 0.2998046875 0.0234375 0.029296875
0 0.890625 0.29296875 0.02734375 0.02734375
0 0.2578125 0.2919921875 0.02734375 0.025390625
0 0.412109375 0.287109375 0.0234375 0.0234375
0 0.986328125 0.287109375 0.02734375 0.03125
0 0.9580078125 0.2822265625 0.025390625 0.025390625
0 0.9208984375 0.283203125 0.033203125 0.02734375
0 0.708984375 0.279296875 0.03125 0.02734375
0 0.3349609375 0.275390625 0.029296875 0.02734375
0 0.7451171875 0.2685546875 0.029296875 0.025390625
0 0.486328125 0.26953125 0.03125 0.02734375
0 0.2509765625 0.2607421875 0.029296875 0.025390625
0 0.4013671875 0.2587890625 0.025390625 0.029296875
0 0.7734375 0.2568359375 0.02734375 0.029296875
0 0.560546875 0.2548828125 0.0234375 0.029296875
0 0.8037109375 0.24609375 0.029296875 0.03125
0 0.328125 0.2451171875 0.03125 0.029296875
0 0.474609375 0.2392578125 0.0234375 0.029296875
0 0.833984375 0.2373046875 0.03125 0.029296875
0 0.24609375 0.232421875 0.0234375 0.02734375
0 0.861328125 0.224609375 0.02734375 0.02734375
0 0.5478515625 0.2216796875 0.033203125 0.029296875
0 0.39453125 0.21875 0.0234375 0.02734375
0 0.9912109375 0.2138671875 0.017578125 0.021484375
0 0.322265625 0.216796875 0.03125 0.02734375
0 0.9619140625 0.208984375 0.025390625 0.01953125
0 0.927734375 0.208984375 0.01953125 0.0234375
0 0.892578125 0.212890625 0.03125 0.03125
0 0.4677734375 0.2119140625 0.025390625 0.029296875
0 0.234375 0.2041015625 0.02734375 0.021484375
0 0.5478515625 0.19140625 0.021484375 0.0234375
0 0.3125 0.1865234375 0.02734375 0.025390625
0 0.46484375 0.1806640625 0.03125 0.025390625
0 0.375 0.1767578125 0.04296875 0.037109375
0 0.458984375 0.1474609375 0.03515625 0.025390625
0 0.537109375 0.1337890625 0.03125 0.025390625
0 0.220703125 0.1318359375 0.02734375 0.025390625
0 0.2978515625 0.1142578125 0.029296875 0.025390625
0 0.2177734375 0.1044921875 0.025390625 0.029296875
0 0.357421875 0.1005859375 0.03515625 0.025390625
0 0.291015625 0.083984375 0.02734375 0.02734375
0 0.439453125 0.0771484375 0.02734375 0.029296875
0 0.3583984375 0.0693359375 0.025390625 0.025390625
0 0.208984375 0.0712890625 0.02734375 0.029296875
0 0.4912109375 0.060546875 0.033203125 0.02734375
0 0.2783203125 0.0546875 0.025390625 0.02734375
0 0.435546875 0.05078125 0.02734375 0.0234375
0 0.173828125 0.0439453125 0.01953125 0.017578125
0 0.2021484375 0.0439453125 0.025390625 0.025390625
0 0.3486328125 0.0390625 0.025390625 0.02734375
0 0.7314453125 0.0400390625 0.068359375 0.037109375
0 0.521484375 0.04296875 0.02734375 0.04296875
0 0.0478515625 0.0830078125 0.095703125 0.130859375
0 0.2734375 0.02734375 0.02734375 0.0234375
0 0.423828125 0.0185546875 0.02734375 0.025390625
0 0.41015625 0.001953125 0.0078125 0.00390625
0 0.341796875 0.01171875 0.02734375 0.0234375
0 0.263671875 0.0048828125 0.015625 0.009765625
0 0.193359375 0.013671875 0.02734375 0.02734375
0 0.078125 0.041015625 0.04296875 0.08203125