0 0.234375 0.998046875 0.00390625 0.00390625
0 0.2138671875 0.9921875 0.025390625 0.015625
0 0.986328125 0.9912109375 0.01953125 0.017578125
0 0.5888671875 0.9794921875 0.037109375 0.041015625
0 0.3974609375 0.96875 0.029296875 0.02734375
0 0.0537109375 0.9775390625 0.048828125 0.044921875
0 0.28125 0.96875 0.03515625 0.0390625
0 0.0029296875 0.94921875 0.005859375 0.0078125
0 0.1552734375 0.939453125 0.044921875 0.04296875
0 0.6591796875 0.91015625 0.033203125 0.03125
0 0.5859375 0.9111328125 0.0546875 0.037109375
0 0.4033203125 0.9072265625 0.029296875 0.029296875
0 0.72265625 0.9052734375 0.04296875 0.033203125
0 0.34765625 0.912109375 0.04296875 0.046875
0 0.232421875 0.8818359375 0.03125 0.037109375
0 0.7939453125 0.8759765625 0.044921875 0.037109375
0 0.498046875 0.875 0.05078125 0.04296875
0 0.115234375 0.8681640625 0.0390625 0.044921875
0 0.3935546875 0.859375 0.037109375 0.03515625
0 0.4404296875 0.8505859375 0.029296875 0.029296875
0 0.2763671875 0.849609375 0.060546875 0.04296875
0 0.8662109375 0.8330078125 0.044921875 0.037109375
0 0.3193359375 0.8134765625 0.041015625 0.037109375
0 0.677734375 0.810546875 0.03125 0.04296875
0 0.072265625 0.8017578125 0.04296875 0.041015625
0 0.923828125 0.7919921875 0.0390625 0.033203125
0 0.4462890625 0.796875 0.044921875 0.04296875
0 0.5673828125 0.78515625 0.064453125 0.0546875
0 0.1240234375 0.7685546875 0.021484375 0.021484375
0 0.8037109375 0.7685546875 0.052734375 0.041015625
0 0.3515625 0.7666015625 0.046875 0.044921875
0 0.9775390625 0.7568359375 0.041015625 0.044921875
0 0.2509765625 0.751953125 0.060546875 0.046875
0 0.390625 0.7314453125 0.03515625 0.033203125
0 0.169921875 0.7373046875 0.046875 0.044921875
0 0.8603515625 0.7294921875 0.044921875 0.044921875
0 0.7275390625 0.73828125 0.037109375 0.0625
0 0.0888671875 0.716796875 0.021484375 0.01953125
0 0.2998046875 0.7216796875 0.037109375 0.037109375
0 0.03125 0.7109375 0.01953125 0.01953125
0 0.5869140625 0.6953125 0.021484375 0.01953125
0 0.009765625 0.7001953125 0.01953125 0.037109375
0 0.91796875 0.6884765625 0.0546875 0.041015625
0 0.5390625 0.67578125 0.03515625 0.0390625
0 0.654296875 0.6787109375 0.046875 0.056640625
0 0.78125 0.6728515625 0.046875 0.048828125
0 0.44921875 0.65625 0.03515625 0.0390625
0 0.0732421875 0.6416015625 0.060546875 0.044921875
0 0.4375 0.626953125 0.01953125 0.01953125
0 0.9814453125 0.6396484375 0.037109375 0.048828125
0 0.2431640625 0.6416015625 0.048828125 0.052734375
0 0.205078125 0.6259765625 0.04296875 0.041015625
0 0.837890625 0.61328125 0.05078125 0.03515625
0 0.3916015625 0.6142578125 0.044921875 0.044921875
0 0.611328125 0.6103515625 0.05859375 0.056640625
0 0.1640625 0.595703125 0.03125 0.03125
0 0.0185546875 0.59375 0.037109375 0.03515625
0 0.6611328125 0.5869140625 0.029296875 0.037109375
0 0.3642578125 0.578125 0.021484375 0.03125
0 0.7451171875 0.5810546875 0.041015625 0.048828125
0 0.2333984375 0.5693359375 0.025390625 0.025390625
0 0.1376953125 0.5654296875 0.033203125 0.033203125
0 0.9833984375 0.5673828125 0.033203125 0.041015625
0 0.8837890625 0.55859375 0.048828125 0.046875
0 0.099609375 0.54296875 0.03515625 0.03125
0 0.5 0.5439453125 0.046875 0.048828125
0 0.2890625 0.5341796875 0.04296875 0.041015625
0 0.0703125 0.5126953125 0.03515625 0.037109375
0 0.0986328125 0.4970703125 0.017578125 0.021484375
0 0.7978515625 0.5048828125 0.041015625 0.048828125
0 0.255859375 0.4775390625 0.01953125 0.017578125
0 0.9716796875 0.4951171875 0.033203125 0.056640625
0 0.00390625 0.4736328125 0.0078125 0.013671875
0 0.70703125 0.4736328125 0.03515625 0.037109375
0 0.8515625 0.458984375 0.0546875 0.046875
0 0.1328125 0.4462890625 0.05078125 0.037109375
0 0.3046875 0.4453125 0.0390625 0.0390625
0 0.2734375 0.4375 0.0234375 0.0234375
0 0.03125 0.4443359375 0.0390625 0.037109375
0 0.484375 0.435546875 0.0546875 0.046875
0 0.59765625 0.4228515625 0.046875 0.056640625
0 0.345703125 0.416015625 0.04296875 0.04296875
0 0.7666015625 0.4169921875 0.052734375 0.048828125
0 0.00390625 0.3916015625 0.0078125 0.013671875
0 0.1748046875 0.3974609375 0.037109375 0.033203125
0 0.6171875 0.3896484375 0.0234375 0.021484375
0 0.919921875 0.3984375 0.05859375 0.046875
0 0.5126953125 0.3896484375 0.041015625 0.033203125
0 0.3212890625 0.3798828125 0.021484375 0.021484375
0 0.9921875 0.3779296875 0.015625 0.033203125
0 0.20703125 0.3701171875 0.03125 0.029296875
0 0.802734375 0.3642578125 0.03515625 0.037109375
0 0.6552734375 0.3583984375 0.052734375 0.044921875
0 0.388671875 0.349609375 0.046875 0.046875
0 0.5537109375 0.341796875 0.037109375 0.04296875
0 0.0830078125 0.3818359375 0.115234375 0.123046875
0 0.2451171875 0.3349609375 0.033203125 0.033203125
0 0.8896484375 0.3271484375 0.037109375 0.021484375
0 0.8447265625 0.328125 0.041015625 0.04296875
0 0.6875 0.30859375 0.0234375 0.0234375
0 0.5947265625 0.30859375 0.037109375 0.03515625
0 0.3974609375 0.296875 0.029296875 0.03125
0 0.9033203125 0.28515625 0.052734375 0.04296875
0 0.4775390625 0.275390625 0.033203125 0.03515625
0 0.9775390625 0.2724609375 0.044921875 0.033203125
0 0.1728515625 0.255859375 0.041015625 0.0390625
0 0.22265625 0.255859375 0.0390625 0.04296875
0 0.3369140625 0.2529296875 0.037109375 0.041015625
0 0.7900390625 0.2470703125 0.037109375 0.044921875
0 0.5185546875 0.236328125 0.029296875 0.03515625
0 0.2587890625 0.21875 0.037109375 0.03515625
0 0.5595703125 0.197265625 0.033203125 0.03125
0 0.7060546875 0.1923828125 0.041015625 0.041015625
0 0.298828125 0.1865234375 0.03515625 0.033203125
0 0.9033203125 0.1640625 0.068359375 0.0390625
0 0.3359375 0.1552734375 0.03515625 0.033203125
0 0.4716796875 0.1591796875 0.064453125 0.056640625
0 0.6064453125 0.15234375 0.037109375 0.0625
0 0.775390625 0.142578125 0.05859375 0.0546875
0 0.55078125 0.1123046875 0.03125 0.029296875
0 0.3974609375 0.109375 0.056640625 0.04296875
0 0.609375 0.099609375 0.03515625 0.03515625
0 0.6728515625 0.095703125 0.044921875 0.04296875
0 0.6689453125 0.0634765625 0.025390625 0.021484375
0 0.0107421875 0.0693359375 0.021484375 0.033203125
0 0.8740234375 0.046875 0.033203125 0.0234375
0 0.7119140625 0.0556640625 0.037109375 0.041015625
0 0.48828125 0.05078125 0.0390625 0.03515625
0 0.794921875 0.005859375 0.01953125 0.01171875
0 0.75390625 0.0146484375 0.03125 0.029296875
0 0.55859375 0.001953125 0.00390625 0.00390625
0 0.5263671875 0.017578125 0.037109375 0.03515625