0 0.87890625 0.9931640625 0.02734375 0.013671875
0 0.0361328125 0.9853515625 0.041015625 0.025390625
0 0.0791015625 0.9677734375 0.044921875 0.029296875
0 0.0166015625 0.9697265625 0.033203125 0.060546875
0 0.0830078125 0.935546875 0.037109375 0.0234375
0 0.681640625 0.9560546875 0.1640625 0.087890625
0 0.9794921875 0.9306640625 0.041015625 0.064453125
0 0.109375 0.8955078125 0.01953125 0.013671875
0 0.9306640625 0.8642578125 0.080078125 0.068359375
0 0.1455078125 0.8232421875 0.021484375 0.029296875
0 0.5634765625 0.7744140625 0.025390625 0.013671875
0 0.380859375 0.759765625 0.046875 0.0234375
0 0.86328125 0.7705078125 0.06640625 0.060546875
0 0.22265625 0.7119140625 0.08984375 0.064453125
0 0.2958984375 0.693359375 0.025390625 0.0390625
0 0.7236328125 0.6845703125 0.029296875 0.025390625
0 0.021484375 0.681640625 0.04296875 0.03515625
0 0.759765625 0.6669921875 0.02734375 0.025390625
0 0.80078125 0.671875 0.0390625 0.04296875
0 0.4296875 0.6640625 0.06640625 0.0546875
0 0.1044921875 0.6572265625 0.044921875 0.041015625
0 0.05859375 0.6494140625 0.03125 0.025390625
0 0.0087890625 0.646484375 0.017578125 0.0234375
0 0.587890625 0.6640625 0.046875 0.0625
0 0.140625 0.6787109375 0.03515625 0.099609375
0 0.541015625 0.61328125 0.03515625 0.04296875
0 0.24609375 0.6005859375 0.03125 0.025390625
0 0.20703125 0.5791015625 0.02734375 0.029296875
0 0.12109375 0.5693359375 0.05078125 0.033203125
0 0.0693359375 0.56640625 0.041015625 0.03125
0 0.3623046875 0.5830078125 0.115234375 0.091796875
0 0.2373046875 0.5439453125 0.041015625 0.025390625
0 0.15234375 0.54296875 0.0390625 0.0234375
0 0.052734375 0.5390625 0.01953125 0.015625
0 0.2470703125 0.5205078125 0.041015625 0.025390625
0 0.16796875 0.515625 0.0390625 0.0234375
0 0.58984375 0.5234375 0.05078125 0.05078125
0 0.26171875 0.498046875 0.0390625 0.02734375
0 0.4306640625 0.5087890625 0.041015625 0.052734375
0 0.2744140625 0.4775390625 0.041015625 0.029296875
0 0.3818359375 0.486328125 0.037109375 0.05078125
0 0.1376953125 0.46875 0.021484375 0.03515625
0 0.1123046875 0.46875 0.021484375 0.03515625
0 0.0322265625 0.466796875 0.021484375 0.03125
0 0.087890625 0.4697265625 0.0234375 0.041015625
0 0.0595703125 0.466796875 0.021484375 0.03515625
0 0.1767578125 0.4765625 0.052734375 0.0625
0 0.0087890625 0.4658203125 0.017578125 0.041015625
0 0.2880859375 0.4541015625 0.041015625 0.029296875
0 0.2099609375 0.45703125 0.041015625 0.03515625
0 0.4560546875 0.451171875 0.041015625 0.05078125
0 0.35546875 0.4599609375 0.05078125 0.068359375
0 0.529296875 0.4228515625 0.01953125 0.017578125
0 0.3046875 0.4287109375 0.0390625 0.033203125
0 0.421875 0.435546875 0.04296875 0.05078125
0 0.3193359375 0.40625 0.041015625 0.03125
0 0.33203125 0.384765625 0.04296875 0.02734375
0 0.0771484375 0.38671875 0.025390625 0.03515625
0 0.013671875 0.3837890625 0.02734375 0.029296875
0 0.537109375 0.37890625 0.0390625 0.03125
0 0.4521484375 0.3837890625 0.080078125 0.044921875
0 0.3916015625 0.3896484375 0.037109375 0.056640625
0 0.345703125 0.3623046875 0.04296875 0.029296875
0 0.5546875 0.3583984375 0.04296875 0.033203125
0 0.638671875 0.3759765625 0.0859375 0.087890625
0 0.5 0.3388671875 0.0234375 0.017578125
0 0.0830078125 0.3271484375 0.025390625 0.021484375
0 0.361328125 0.3330078125 0.03515625 0.041015625
0 0.39453125 0.3251953125 0.05078125 0.064453125
0 0.56640625 0.3173828125 0.0546875 0.052734375
0 0.421875 0.306640625 0.0234375 0.0390625
0 0.53125 0.3017578125 0.02734375 0.037109375
0 0.47265625 0.3017578125 0.01953125 0.037109375
0 0.4453125 0.302734375 0.0234375 0.0390625
0 0.3037109375 0.30078125 0.037109375 0.03515625
0 0.50390625 0.2939453125 0.0234375 0.037109375
0 0.1044921875 0.275390625 0.029296875 0.03515625
0 0.361328125 0.263671875 0.01953125 0.01953125
0 0.392578125 0.2421875 0.03515625 0.03515625
0 0.3583984375 0.232421875 0.025390625 0.03125
0 0.3330078125 0.2216796875 0.033203125 0.033203125
0 0.265625 0.240234375 0.09375 0.12890625
0 0.1708984375 0.2158203125 0.115234375 0.173828125
0 0.3466796875 0.125 0.033203125 0.03515625
0 0.2998046875 0.1103515625 0.025390625 0.025390625
0 0.0859375 0.140625 0.171875 0.1875
0 0.3828125 0.08203125 0.10546875 0.09375
0 0.21484375 0.0498046875 0.171875 0.099609375
0 0.087890625 0.005859375 0.0234375 0.01171875