0 0.8125 0.998046875 0.00390625 0.00390625
0 0.5771484375 0.990234375 0.033203125 0.01953125
0 0.927734375 0.9892578125 0.04296875 0.021484375
0 0.9580078125 0.9873046875 0.021484375 0.025390625
0 0.8798828125 0.9833984375 0.037109375 0.033203125
0 0.9951171875 0.98046875 0.009765625 0.03125
0 0.626953125 0.982421875 0.03515625 0.03515625
0 0.978515625 0.9794921875 0.0234375 0.041015625
0 0.7568359375 0.9765625 0.107421875 0.04296875
0 0.0263671875 0.9140625 0.021484375 0.0234375
0 0.0048828125 0.9140625 0.009765625 0.0234375
0 0.7802734375 0.9248046875 0.068359375 0.056640625
0 0.5556640625 0.93359375 0.064453125 0.07421875
0 0.6396484375 0.904296875 0.029296875 0.03125
0 0.6181640625 0.8896484375 0.029296875 0.029296875
0 0.00390625 0.8798828125 0.0078125 0.013671875
0 0.029296875 0.85546875 0.0234375 0.0234375
0 0.6826171875 0.8740234375 0.095703125 0.103515625
0 0.7431640625 0.83984375 0.048828125 0.04296875
0 0.0068359375 0.7919921875 0.013671875 0.025390625
0 0.0244140625 0.7578125 0.037109375 0.03125
0 0.1640625 0.8671875 0.125 0.265625
0 0.708984375 0.76171875 0.125 0.12109375
0 0.4150390625 0.7744140625 0.228515625 0.205078125
0 0.7216796875 0.685546875 0.033203125 0.03515625
0 0.98828125 0.6806640625 0.0234375 0.033203125
0 0.98828125 0.640625 0.0234375 0.03515625
0 0.859375 0.6572265625 0.15234375 0.083984375
0 0.1640625 0.625 0.01953125 0.01953125
0 0.048828125 0.6572265625 0.0390625 0.095703125
0 0.16015625 0.591796875 0.03125 0.03515625
0 0.0126953125 0.59375 0.025390625 0.04296875
0 0.1171875 0.595703125 0.03125 0.05078125
0 0.8095703125 0.5654296875 0.052734375 0.029296875
0 0.8984375 0.5634765625 0.0234375 0.033203125
0 0.970703125 0.564453125 0.05078125 0.05078125
0 0.9287109375 0.5556640625 0.029296875 0.041015625
0 0.6865234375 0.5361328125 0.044921875 0.025390625
0 0.5048828125 0.537109375 0.041015625 0.02734375
0 0.8662109375 0.5498046875 0.033203125 0.056640625
0 0.05078125 0.5546875 0.0546875 0.06640625
0 0.951171875 0.5244140625 0.015625 0.013671875
0 0.6494140625 0.533203125 0.021484375 0.03515625
0 0.5361328125 0.5283203125 0.013671875 0.041015625
0 0.6240234375 0.5244140625 0.021484375 0.037109375
0 0.57421875 0.52734375 0.05859375 0.05859375
0 0.9912109375 0.498046875 0.017578125 0.01953125
0 0.689453125 0.4990234375 0.03515625 0.021484375
0 0.0068359375 0.498046875 0.013671875 0.03125
0 0.1669921875 0.498046875 0.029296875 0.04296875
0 0.1318359375 0.490234375 0.037109375 0.03125
0 0.4140625 0.5087890625 0.06640625 0.087890625
0 0.689453125 0.47265625 0.03515625 0.01953125
0 0.337890625 0.5029296875 0.12890625 0.091796875
0 0.2197265625 0.5029296875 0.068359375 0.099609375
0 0.9970703125 0.466796875 0.005859375 0.03515625
0 0.9501953125 0.4619140625 0.021484375 0.033203125
0 0.9189453125 0.4697265625 0.033203125 0.048828125
0 0.9775390625 0.4638671875 0.021484375 0.041015625
0 0.89453125 0.4599609375 0.0234375 0.033203125
0 0.4033203125 0.4560546875 0.048828125 0.025390625
0 0.1494140625 0.4521484375 0.037109375 0.021484375
0 0.8525390625 0.474609375 0.048828125 0.078125
0 0.5009765625 0.4560546875 0.056640625 0.044921875
0 0.1787109375 0.4443359375 0.017578125 0.025390625
0 0.3193359375 0.4365234375 0.076171875 0.021484375
0 0.220703125 0.439453125 0.0625 0.02734375
0 0.0732421875 0.4423828125 0.048828125 0.056640625
0 0.6806640625 0.4326171875 0.056640625 0.052734375
0 0.0224609375 0.42578125 0.025390625 0.0546875
0 0.1865234375 0.4052734375 0.013671875 0.017578125
0 0.1533203125 0.4072265625 0.044921875 0.025390625
0 0.3203125 0.404296875 0.05078125 0.03125
0 0.4072265625 0.404296875 0.048828125 0.0390625
0 0.927734375 0.3857421875 0.02734375 0.029296875
0 0.6943359375 0.3828125 0.009765625 0.0234375
0 0.40625 0.373046875 0.0390625 0.0234375
0 0.2353515625 0.3828125 0.044921875 0.04296875
0 0.0556640625 0.3701171875 0.017578125 0.017578125
0 0.966796875 0.380859375 0.03125 0.04296875
0 0.0830078125 0.3701171875 0.033203125 0.021484375
0 0.169921875 0.373046875 0.06640625 0.03515625
0 0.6806640625 0.3564453125 0.037109375 0.021484375
0 0.083984375 0.34765625 0.0390625 0.0234375
0 0.5869140625 0.3837890625 0.052734375 0.111328125
0 0.3984375 0.33984375 0.046875 0.03515625
0 0.1640625 0.3349609375 0.03125 0.025390625
0 0.92578125 0.33984375 0.046875 0.05078125
0 0.6806640625 0.3271484375 0.037109375 0.025390625
0 0.0888671875 0.322265625 0.025390625 0.01953125
0 0.390625 0.310546875 0.0234375 0.015625
0 0.3330078125 0.3232421875 0.033203125 0.044921875
0 0.216796875 0.314453125 0.01953125 0.02734375
0 0.1748046875 0.302734375 0.041015625 0.01953125
0 0.6806640625 0.2978515625 0.037109375 0.017578125
0 0.2509765625 0.30078125 0.033203125 0.0234375
0 0.0888671875 0.298828125 0.029296875 0.01953125
0 0.498046875 0.33203125 0.0625 0.09765625
0 0.380859375 0.2900390625 0.02734375 0.025390625
0 0.1767578125 0.275390625 0.041015625 0.0234375
0 0.6806640625 0.271484375 0.037109375 0.01953125
0 0.3232421875 0.2763671875 0.029296875 0.029296875
0 0.2578125 0.2734375 0.03125 0.0234375
0 0.091796875 0.267578125 0.0234375 0.0234375
0 0.8115234375 0.3330078125 0.111328125 0.169921875
0 0.6806640625 0.2431640625 0.037109375 0.021484375
0 0.1845703125 0.2431640625 0.041015625 0.021484375
0 0.0966796875 0.2431640625 0.033203125 0.025390625
0 0.2646484375 0.2314453125 0.025390625 0.025390625
0 0.0654296875 0.21484375 0.013671875 0.01953125
0 0.1044921875 0.212890625 0.029296875 0.01953125
0 0.189453125 0.212890625 0.04296875 0.0234375
0 0.359375 0.236328125 0.04296875 0.07421875
0 0.6708984375 0.2119140625 0.044921875 0.033203125
0 0.8076171875 0.220703125 0.107421875 0.0546875
0 0.248046875 0.19921875 0.05859375 0.0234375
0 0.08984375 0.1943359375 0.01953125 0.013671875
0 0.482421875 0.21875 0.05859375 0.09765625
0 0.1923828125 0.18359375 0.029296875 0.03125
0 0.1142578125 0.177734375 0.029296875 0.02734375
0 0.2666015625 0.169921875 0.037109375 0.0234375
0 0.1923828125 0.1533203125 0.025390625 0.021484375
0 0.1142578125 0.1552734375 0.033203125 0.025390625
0 0.67578125 0.150390625 0.03515625 0.0234375
0 0.767578125 0.1455078125 0.04296875 0.021484375
0 0.259765625 0.1396484375 0.03125 0.025390625
0 0.9638671875 0.2080078125 0.072265625 0.166015625
0 0.5673828125 0.1494140625 0.107421875 0.048828125
0 0.67578125 0.1259765625 0.03515625 0.017578125
0 0.119140625 0.12890625 0.03125 0.0234375
0 0.7685546875 0.1103515625 0.052734375 0.021484375
0 0.1953125 0.1123046875 0.0234375 0.025390625
0 0.2470703125 0.107421875 0.029296875 0.0234375
0 0.1279296875 0.1044921875 0.025390625 0.021484375
0 0.0263671875 0.1357421875 0.052734375 0.095703125
0 0.828125 0.1240234375 0.0625 0.076171875
0 0.6669921875 0.0908203125 0.048828125 0.029296875
0 0.7626953125 0.08203125 0.037109375 0.01953125
0 0.1298828125 0.080078125 0.029296875 0.0234375
0 0.23828125 0.080078125 0.03515625 0.02734375
0 0.2001953125 0.0791015625 0.029296875 0.025390625
0 0.6494140625 0.06640625 0.013671875 0.015625
0 0.4599609375 0.0751953125 0.044921875 0.044921875
0 0.6748046875 0.0625 0.033203125 0.0234375
0 0.498046875 0.0634765625 0.01953125 0.029296875
0 0.03125 0.0654296875 0.0625 0.033203125
0 0.59765625 0.0625 0.01953125 0.03125
0 0.126953125 0.056640625 0.03515625 0.01953125
0 0.623046875 0.0634765625 0.01953125 0.037109375
0 0.5732421875 0.0615234375 0.017578125 0.033203125
0 0.548828125 0.0615234375 0.01953125 0.033203125
0 0.5234375 0.0615234375 0.01953125 0.033203125
0 0.7607421875 0.048828125 0.029296875 0.015625
0 0.8251953125 0.048828125 0.060546875 0.06640625
0 0.333984375 0.078125 0.08203125 0.1328125
0 0.765625 0.01953125 0.0390625 0.01953125
0 0.9248046875 0.0673828125 0.099609375 0.134765625
0 0.83203125 0.00390625 0.0390625 0.0078125
0 0.671875 0.0048828125 0.03515625 0.009765625
0 0.6279296875 0.00390625 0.017578125 0.0078125
0 0.599609375 0.0048828125 0.01953125 0.009765625
0 0.568359375 0.00390625 0.015625 0.0078125
0 0.537109375 0.00390625 0.01953125 0.0078125
0 0.5087890625 0.0048828125 0.025390625 0.009765625
0 0.482421875 0.005859375 0.01953125 0.01171875
0 0.26171875 0.001953125 0.00390625 0.00390625
0 0.2080078125 0.0234375 0.048828125 0.046875
0 0.013671875 0.0029296875 0.0078125 0.005859375