0 0.333984375 0.9951171875 0.01953125 0.009765625
0 0.0322265625 0.9912109375 0.021484375 0.017578125
0 0.2333984375 0.9873046875 0.029296875 0.025390625
0 0.3056640625 0.9794921875 0.029296875 0.025390625
0 0.021484375 0.9697265625 0.0234375 0.021484375
0 0.7939453125 0.9775390625 0.115234375 0.044921875
0 0.2119140625 0.962890625 0.029296875 0.03125
0 0.2802734375 0.9521484375 0.029296875 0.025390625
0 0.115234375 0.9580078125 0.05078125 0.048828125
0 0.013671875 0.9404296875 0.02734375 0.025390625
0 0.1875 0.9345703125 0.02734375 0.025390625
0 0.2568359375 0.923828125 0.033203125 0.03125
0 0.1650390625 0.9091796875 0.029296875 0.029296875
0 0.1201171875 0.89453125 0.029296875 0.01953125
0 0.2353515625 0.8955078125 0.037109375 0.029296875
0 0.08203125 0.888671875 0.0234375 0.01953125
0 0.0029296875 0.876953125 0.005859375 0.015625
0 0.5126953125 0.9248046875 0.287109375 0.150390625
0 0.21875 0.8671875 0.046875 0.03515625
0 0.1875 0.84375 0.0234375 0.02734375
0 0.0869140625 0.833984375 0.025390625 0.02734375
0 0.1533203125 0.8349609375 0.021484375 0.033203125
0 0.9541015625 0.8232421875 0.037109375 0.037109375
0 0.0087890625 0.8056640625 0.017578125 0.025390625
0 0.1005859375 0.80078125 0.041015625 0.0234375
0 0.91015625 0.798828125 0.03125 0.03125
0 0.001953125 0.7861328125 0.00390625 0.009765625
0 0.9833984375 0.7890625 0.033203125 0.02734375
0 0.8603515625 0.7724609375 0.029296875 0.029296875
0 0.1005859375 0.7666015625 0.021484375 0.021484375
0 0.814453125 0.7685546875 0.03125 0.029296875
0 0.9443359375 0.7587890625 0.029296875 0.033203125
0 0.7490234375 0.7568359375 0.037109375 0.033203125
0 0.00390625 0.75390625 0.0078125 0.03125
0 0.310546875 0.7451171875 0.0234375 0.025390625
0 0.021484375 0.7587890625 0.0234375 0.052734375
0 0.7890625 0.73828125 0.01953125 0.02734375
0 0.888671875 0.73828125 0.03125 0.03515625
0 0.119140625 0.73046875 0.04296875 0.02734375
0 0.685546875 0.7255859375 0.03515625 0.029296875
0 0.98046875 0.7177734375 0.02734375 0.029296875
0 0.9169921875 0.705078125 0.033203125 0.03125
0 0.6455078125 0.6982421875 0.025390625 0.029296875
0 0.9970703125 0.685546875 0.005859375 0.0078125
0 0.8251953125 0.6982421875 0.033203125 0.033203125
0 0.7197265625 0.6953125 0.033203125 0.03125
0 0.01953125 0.68359375 0.02734375 0.02734375
0 0.9462890625 0.6728515625 0.029296875 0.033203125
0 0.7509765625 0.6689453125 0.029296875 0.029296875
0 0.6728515625 0.6669921875 0.029296875 0.029296875
0 0.8525390625 0.6630859375 0.029296875 0.033203125
0 0.6015625 0.65625 0.03125 0.03515625
0 0.0546875 0.64453125 0.015625 0.0234375
0 0.78125 0.6435546875 0.03125 0.029296875
0 0.6943359375 0.6416015625 0.025390625 0.025390625
0 0.876953125 0.638671875 0.02734375 0.02734375
0 0.9736328125 0.6396484375 0.033203125 0.033203125
0 0.572265625 0.634765625 0.03515625 0.03125
0 0.03125 0.6279296875 0.03125 0.021484375
0 0.8046875 0.6201171875 0.02734375 0.029296875
0 0.7177734375 0.619140625 0.029296875 0.02734375
0 0.896484375 0.6103515625 0.02734375 0.029296875
0 0.5478515625 0.611328125 0.037109375 0.03125
0 0.0048828125 0.6025390625 0.009765625 0.017578125
0 0.640625 0.60546875 0.03515625 0.0390625
0 0.8291015625 0.59375 0.029296875 0.03125
0 0.7373046875 0.591796875 0.029296875 0.03125
0 0.6708984375 0.5703125 0.029296875 0.0234375
0 0.578125 0.5732421875 0.03125 0.033203125
0 0.7587890625 0.5673828125 0.033203125 0.029296875
0 0.8544921875 0.564453125 0.029296875 0.03125
0 0.021484375 0.58203125 0.0390625 0.06640625
0 0.0478515625 0.5546875 0.041015625 0.0390625
0 0.69140625 0.544921875 0.02734375 0.02734375
0 0.6025390625 0.544921875 0.029296875 0.03125
0 0.9892578125 0.5341796875 0.021484375 0.029296875
0 0.7099609375 0.51953125 0.029296875 0.02734375
0 0.6259765625 0.515625 0.033203125 0.03515625
0 0.97265625 0.5068359375 0.02734375 0.029296875
0 0.7724609375 0.5048828125 0.029296875 0.037109375
0 0.7294921875 0.4970703125 0.021484375 0.025390625
0 0.8037109375 0.49609375 0.025390625 0.02734375
0 0.6494140625 0.4921875 0.037109375 0.03125
0 0.9462890625 0.484375 0.041015625 0.03515625
0 0.837890625 0.478515625 0.0390625 0.0390625
0 0.66796875 0.4677734375 0.03125 0.029296875
0 0.7431640625 0.4658203125 0.033203125 0.033203125
0 0.9296875 0.455078125 0.03125 0.03125
0 0.8583984375 0.4521484375 0.041015625 0.041015625
0 0.478515625 0.505859375 0.1640625 0.16796875
0 0.0185546875 0.4375 0.037109375 0.05078125
0 0.6962890625 0.43359375 0.083984375 0.05859375
0 0.9091796875 0.421875 0.037109375 0.0390625
0 0.6416015625 0.408203125 0.021484375 0.0234375
0 0.591796875 0.4296875 0.078125 0.0703125
0 0.802734375 0.4111328125 0.0390625 0.044921875
0 0.888671875 0.404296875 0.03515625 0.04296875
0 0.6826171875 0.396484375 0.029296875 0.03125
0 0.111328125 0.4150390625 0.078125 0.072265625
0 0.0712890625 0.3916015625 0.037109375 0.037109375
0 0.8271484375 0.3828125 0.029296875 0.02734375
0 0.98828125 0.376953125 0.0234375 0.03125
0 0.6611328125 0.376953125 0.033203125 0.03125
0 0.755859375 0.3740234375 0.03125 0.029296875
0 0.607421875 0.375 0.03125 0.03125
0 0.3994140625 0.4130859375 0.099609375 0.107421875
0 0.1064453125 0.3701171875 0.021484375 0.021484375
0 0.7822265625 0.3662109375 0.021484375 0.021484375
0 0.1435546875 0.3681640625 0.033203125 0.033203125
0 0.0478515625 0.369140625 0.037109375 0.03515625
0 0.8486328125 0.359375 0.041015625 0.0390625
0 0.79296875 0.349609375 0.01953125 0.01953125
0 0.732421875 0.3544921875 0.03125 0.029296875
0 0.63671875 0.3583984375 0.03515625 0.037109375
0 0.021484375 0.3515625 0.0234375 0.02734375
0 0.1103515625 0.345703125 0.017578125 0.01953125
0 0.7587890625 0.3427734375 0.025390625 0.025390625
0 0.16796875 0.345703125 0.03515625 0.03515625
0 0.97265625 0.3466796875 0.04296875 0.041015625
0 0.615234375 0.3369140625 0.03515625 0.033203125
0 0.0107421875 0.333984375 0.021484375 0.03125
0 0.826171875 0.3388671875 0.04296875 0.044921875
0 0.7080078125 0.33203125 0.029296875 0.03125
0 0.76953125 0.3251953125 0.01953125 0.021484375
0 0.134765625 0.3291015625 0.03125 0.033203125
0 0.59375 0.31640625 0.03515625 0.03125
0 0.3359375 0.3486328125 0.14453125 0.095703125
0 0.0849609375 0.318359375 0.033203125 0.03515625
0 0.041015625 0.30859375 0.01953125 0.01953125
0 0.8056640625 0.3173828125 0.037109375 0.041015625
0 0.748046875 0.3056640625 0.01953125 0.017578125
0 0.001953125 0.2998046875 0.00390625 0.005859375
0 0.69140625 0.3115234375 0.0390625 0.037109375
0 0.5341796875 0.3046875 0.021484375 0.0234375
0 0.115234375 0.310546875 0.03515625 0.03515625
0 0.9873046875 0.30859375 0.025390625 0.03515625
0 0.001953125 0.29296875 0.00390625 0.00390625
0 0.1923828125 0.2978515625 0.033203125 0.029296875
0 0.7841796875 0.294921875 0.033203125 0.03515625
0 0.5673828125 0.296875 0.041015625 0.0390625
0 0.72265625 0.28515625 0.01953125 0.01953125
0 0.662109375 0.291015625 0.03125 0.03125
0 0.9150390625 0.291015625 0.037109375 0.03515625
0 0.48828125 0.291015625 0.0390625 0.03515625
0 0.091796875 0.2861328125 0.03515625 0.029296875
0 0.0263671875 0.2822265625 0.021484375 0.021484375
0 0.763671875 0.2763671875 0.0390625 0.037109375
0 0.7041015625 0.263671875 0.017578125 0.01953125
0 0.0654296875 0.2685546875 0.029296875 0.029296875
0 0.1650390625 0.2685546875 0.041015625 0.033203125
0 0.6435546875 0.2666015625 0.037109375 0.037109375
0 0.9033203125 0.26171875 0.033203125 0.03125
0 0.5361328125 0.267578125 0.052734375 0.046875
0 0.205078125 0.259765625 0.0390625 0.0390625
0 0.94140625 0.2568359375 0.03515625 0.037109375
0 0.8662109375 0.25390625 0.029296875 0.03125
0 0.681640625 0.2421875 0.01953125 0.01953125
0 0.048828125 0.2412109375 0.03515625 0.041015625
0 0.845703125 0.2333984375 0.03125 0.029296875
0 0.5 0.2392578125 0.04296875 0.041015625
0 0.14453125 0.234375 0.03515625 0.03515625
0 0.21875 0.234375 0.0390625 0.0390625
0 0.7314453125 0.244140625 0.060546875 0.06640625
0 0.4296875 0.228515625 0.0390625 0.03515625
0 0.626953125 0.216796875 0.015625 0.015625
0 0.0283203125 0.2197265625 0.033203125 0.033203125
0 0.5771484375 0.2119140625 0.029296875 0.029296875
0 0.6220703125 0.23046875 0.072265625 0.0703125
0 0.873046875 0.2099609375 0.03125 0.033203125
0 0.1240234375 0.2119140625 0.037109375 0.037109375
0 0.2314453125 0.2099609375 0.041015625 0.037109375
0 0.9765625 0.20703125 0.03515625 0.03515625
0 0.7001953125 0.2099609375 0.037109375 0.041015625
0 0.5576171875 0.193359375 0.029296875 0.0234375
0 0.0986328125 0.1962890625 0.033203125 0.029296875
0 0.01171875 0.1962890625 0.0234375 0.033203125
0 0.8037109375 0.193359375 0.033203125 0.03125
0 0.4599609375 0.1982421875 0.037109375 0.041015625
0 0.615234375 0.18359375 0.015625 0.015625
0 0.8955078125 0.1875 0.029296875 0.03125
0 0.2490234375 0.1875 0.037109375 0.03515625
0 0.001953125 0.1728515625 0.00390625 0.005859375
0 0.6767578125 0.1884765625 0.037109375 0.041015625
0 0.9912109375 0.1767578125 0.017578125 0.033203125
0 0.4404296875 0.1787109375 0.033203125 0.037109375
0 0.533203125 0.1708984375 0.02734375 0.029296875
0 0.0771484375 0.1708984375 0.029296875 0.029296875
0 0.7841796875 0.171875 0.033203125 0.03515625
0 0.5927734375 0.162109375 0.021484375 0.01953125
0 0.65625 0.16796875 0.0390625 0.0390625
0 0.916015625 0.1640625 0.03515625 0.03515625
0 0.2236328125 0.158203125 0.029296875 0.03125
0 0.759765625 0.154296875 0.03125 0.03125
0 0.8310546875 0.1552734375 0.037109375 0.037109375
0 0.412109375 0.169921875 0.05078125 0.0703125
0 0.0595703125 0.1484375 0.029296875 0.03125
0 0.201171875 0.1416015625 0.03515625 0.037109375
0 0.5263671875 0.1279296875 0.017578125 0.017578125
0 0.125 0.1240234375 0.01953125 0.017578125
0 0.7412109375 0.126953125 0.037109375 0.03125
0 0.84765625 0.1259765625 0.0390625 0.037109375
0 0.3818359375 0.1396484375 0.048828125 0.064453125
0 0.041015625 0.1240234375 0.03515625 0.033203125
0 0.1796875 0.123046875 0.03515625 0.03515625
0 0.80078125 0.1123046875 0.015625 0.017578125
0 0.6201171875 0.13671875 0.060546875 0.06640625
0 0.9658203125 0.1142578125 0.033203125 0.033203125
0 0.482421875 0.1220703125 0.05859375 0.048828125
0 0.8720703125 0.10546875 0.037109375 0.03515625
0 0.771484375 0.099609375 0.03125 0.0234375
0 0.5830078125 0.1064453125 0.037109375 0.037109375
0 0.51953125 0.09765625 0.01953125 0.01953125
0 0.0224609375 0.103515625 0.037109375 0.03515625
0 0.1591796875 0.1005859375 0.037109375 0.037109375
0 0.447265625 0.0927734375 0.03125 0.029296875
0 0.091796875 0.09375 0.0546875 0.03515625
0 0.828125 0.080078125 0.01953125 0.01953125
0 0.9833984375 0.08984375 0.033203125 0.04296875
0 0.890625 0.0869140625 0.03125 0.037109375
0 0.7939453125 0.0771484375 0.033203125 0.033203125
0 0.5615234375 0.078125 0.033203125 0.03515625
0 0.140625 0.078125 0.0390625 0.03515625
0 0.048828125 0.0703125 0.01953125 0.01953125
0 0.48046875 0.064453125 0.01953125 0.01953125
0 0.23046875 0.0693359375 0.03125 0.033203125
0 0.9931640625 0.060546875 0.013671875 0.0234375
0 0.912109375 0.0625 0.03515625 0.03515625
0 0.5341796875 0.0615234375 0.037109375 0.041015625
0 0.8125 0.0556640625 0.03515625 0.033203125
0 0.3125 0.068359375 0.05859375 0.05859375
0 0.9326171875 0.048828125 0.025390625 0.0234375
0 0.115234375 0.052734375 0.03125 0.03125
0 0.005859375 0.0458984375 0.01171875 0.021484375
0 0.208984375 0.046875 0.03515625 0.03125
0 0.5126953125 0.0380859375 0.033203125 0.033203125
0 0.8310546875 0.0322265625 0.033203125 0.029296875
0 0.09375 0.0419921875 0.04296875 0.048828125
0 0.27734375 0.033203125 0.03515625 0.03515625
0 0.18359375 0.0263671875 0.02734375 0.033203125
0 0.947265625 0.0224609375 0.03125 0.029296875
0 0.62890625 0.025390625 0.04296875 0.0390625
0 0.2158203125 0.013671875 0.017578125 0.015625
0 0.8515625 0.0185546875 0.03125 0.029296875
0 0.359375 0.0341796875 0.04296875 0.060546875
0 0.0166015625 0.01953125 0.033203125 0.03515625
0 0.96875 0.0087890625 0.03125 0.017578125
0 0.873046875 0.00390625 0.015625 0.0078125
0 0.4873046875 0.0126953125 0.037109375 0.025390625
0 0.4384765625 0.0498046875 0.072265625 0.099609375
0 0.2607421875 0.009765625 0.025390625 0.01953125
0 0.169921875 0.0107421875 0.03515625 0.021484375
0 0.0478515625 0.0068359375 0.021484375 0.013671875