0 0.18359375 0.998046875 0.00390625 0.00390625
0 0.4931640625 0.9951171875 0.017578125 0.009765625
0 0.291015625 0.9951171875 0.01953125 0.009765625
0 0.3916015625 0.9931640625 0.025390625 0.013671875
0 0.3662109375 0.9892578125 0.025390625 0.021484375
0 0.166015625 0.9873046875 0.03125 0.025390625
0 0.271484375 0.9853515625 0.03125 0.029296875
0 0.4677734375 0.984375 0.037109375 0.03125
0 0.34765625 0.9736328125 0.03515625 0.033203125
0 0.146484375 0.96484375 0.02734375 0.02734375
0 0.525390625 0.9580078125 0.0234375 0.021484375
0 0.5576171875 0.97265625 0.041015625 0.0546875
0 0.24609375 0.9619140625 0.03125 0.037109375
0 0.5908203125 0.9521484375 0.033203125 0.029296875
0 0.4365234375 0.955078125 0.033203125 0.03515625
0 0.337890625 0.94921875 0.0390625 0.0390625
0 0.1240234375 0.935546875 0.029296875 0.02734375
0 0.103515625 0.912109375 0.02734375 0.02734375
0 0.498046875 0.9130859375 0.0390625 0.033203125
0 0.4052734375 0.9140625 0.041015625 0.0390625
0 0.59765625 0.9189453125 0.0546875 0.052734375
0 0.302734375 0.9013671875 0.0390625 0.041015625
0 0.4775390625 0.892578125 0.037109375 0.03515625
0 0.0849609375 0.8828125 0.029296875 0.02734375
0 0.3583984375 0.8720703125 0.037109375 0.033203125
0 0.06640625 0.85546875 0.0234375 0.0234375
0 0.0537109375 0.82421875 0.025390625 0.02734375
0 0.423828125 0.826171875 0.03125 0.0390625
0 0.3974609375 0.787109375 0.041015625 0.0390625
0 0.296875 0.796875 0.0546875 0.05859375
0 0.3583984375 0.7529296875 0.029296875 0.029296875
0 0.732421875 0.7607421875 0.06640625 0.064453125
0 0.7998046875 0.716796875 0.029296875 0.02734375
0 0.771484375 0.705078125 0.03515625 0.0390625
0 0.6005859375 0.7548828125 0.193359375 0.138671875
0 0.65625 0.689453125 0.07421875 0.0703125
0 0.5810546875 0.6337890625 0.041015625 0.041015625
0 0.7080078125 0.6396484375 0.056640625 0.060546875
0 0.859375 0.6220703125 0.03125 0.029296875
0 0.826171875 0.607421875 0.01953125 0.01953125
0 0.5498046875 0.6005859375 0.041015625 0.044921875
0 0.6474609375 0.56640625 0.044921875 0.046875
0 0.7626953125 0.5546875 0.044921875 0.04296875
0 0.8955078125 0.5576171875 0.091796875 0.087890625
0 0.5986328125 0.5234375 0.044921875 0.04296875
0 0.5712890625 0.484375 0.021484375 0.0234375
0 0.9853515625 0.462890625 0.029296875 0.0390625
0 0.9921875 0.419921875 0.015625 0.03125
0 0.8388671875 0.4541015625 0.099609375 0.099609375
0 0.9296875 0.388671875 0.0390625 0.046875
0 0.8056640625 0.361328125 0.041015625 0.03515625
0 0.986328125 0.3291015625 0.02734375 0.029296875
0 0.97265625 0.30859375 0.02734375 0.02734375
0 0.72265625 0.244140625 0.03515625 0.03515625
0 0.90625 0.2431640625 0.03125 0.037109375
0 0.830078125 0.2548828125 0.07421875 0.064453125
0 0.9892578125 0.2255859375 0.021484375 0.029296875
0 0.7060546875 0.21875 0.037109375 0.03515625
0 0.8818359375 0.2119140625 0.025390625 0.025390625
0 0.970703125 0.203125 0.02734375 0.02734375
0 0.8564453125 0.1875 0.025390625 0.02734375
0 0.94921875 0.1767578125 0.02734375 0.029296875
0 0.8310546875 0.1591796875 0.029296875 0.029296875
0 0.7021484375 0.1591796875 0.021484375 0.033203125
0 0.9267578125 0.1533203125 0.029296875 0.029296875
0 0.806640625 0.1337890625 0.02734375 0.029296875
0 0.8994140625 0.126953125 0.029296875 0.02734375
0 0.98828125 0.119140625 0.0234375 0.03515625
0 0.78125 0.10546875 0.02734375 0.02734375
0 0.7451171875 0.099609375 0.025390625 0.01953125
0 0.8759765625 0.099609375 0.029296875 0.02734375
0 0.958984375 0.0791015625 0.03515625 0.037109375
0 0.8525390625 0.07421875 0.029296875 0.03125
0 0.826171875 0.046875 0.03125 0.02734375
0 0.5078125 0.0517578125 0.03125 0.037109375
0 0.9296875 0.0322265625 0.0390625 0.037109375
0 0.5322265625 0.025390625 0.029296875 0.03125
0 0.8017578125 0.01953125 0.029296875 0.02734375
0 0.7490234375 0.0185546875 0.029296875 0.025390625
0 0.6376953125 0.01953125 0.029296875 0.03125
0 0.998046875 0.0029296875 0.00390625 0.005859375
0 0.91015625 0.005859375 0.0234375 0.01171875
0 0.7119140625 0.017578125 0.033203125 0.03515625
0 0.5576171875 0.0078125 0.029296875 0.015625
0 0.458984375 0.0048828125 0.01953125 0.009765625