0 0.2548828125 0.9619140625 0.025390625 0.052734375
0 0.99609375 0.9658203125 0.0078125 0.068359375
0 0.171875 0.921875 0.078125 0.05859375
0 0.4404296875 0.9443359375 0.107421875 0.111328125
0 0.6669921875 0.82421875 0.076171875 0.02734375
0 0.7255859375 0.8525390625 0.076171875 0.099609375
0 0.615234375 0.8515625 0.078125 0.1015625
0 0.884765625 0.859375 0.12109375 0.1796875
0 0.41796875 0.79296875 0.1875 0.0703125
0 0.595703125 0.736328125 0.03515625 0.0859375
0 0.73828125 0.734375 0.0390625 0.08984375
0 0.66796875 0.7021484375 0.078125 0.025390625
0 0.080078125 0.748046875 0.1328125 0.20703125
0 0.2626953125 0.720703125 0.072265625 0.171875
0 0.416015625 0.6875 0.1875 0.109375
0 0.6669921875 0.634765625 0.169921875 0.07421875
0 0.416015625 0.58203125 0.1875 0.0546875
0 0.087890625 0.5712890625 0.17578125 0.119140625
0 0.0556640625 0.45703125 0.041015625 0.02734375
0 0.33203125 0.4580078125 0.0625 0.033203125
0 0.240234375 0.4609375 0.0859375 0.046875
0 0.162109375 0.455078125 0.05078125 0.05078125
0 0.53125 0.466796875 0.13671875 0.09375
0 0.681640625 0.48046875 0.12890625 0.140625
0 0.9296875 0.4619140625 0.140625 0.201171875
0 0.0107421875 0.3720703125 0.021484375 0.052734375
0 0.0986328125 0.3720703125 0.103515625 0.056640625
0 0.0087890625 0.2900390625 0.017578125 0.041015625
0 0.3818359375 0.2197265625 0.220703125 0.154296875
0 0.0869140625 0.212890625 0.123046875 0.1796875
0 0.18359375 0.1552734375 0.140625 0.068359375
0 0.009765625 0.0791015625 0.01953125 0.021484375
0 0.21484375 0.0703125 0.02734375 0.03125
0 0.4443359375 0.0654296875 0.017578125 0.025390625
0 0.185546875 0.0712890625 0.02734375 0.037109375
0 0.1513671875 0.0693359375 0.017578125 0.033203125
0 0.09375 0.0712890625 0.0234375 0.037109375
0 0.5576171875 0.0615234375 0.029296875 0.021484375
0 0.1259765625 0.0703125 0.029296875 0.0390625
0 0.5947265625 0.060546875 0.017578125 0.0234375
0 0.5244140625 0.0595703125 0.025390625 0.021484375
0 0.4052734375 0.0634765625 0.037109375 0.029296875
0 0.4853515625 0.05859375 0.025390625 0.03125
0 0.7041015625 0.0537109375 0.021484375 0.033203125
0 0.6748046875 0.0498046875 0.025390625 0.025390625
0 0.630859375 0.052734375 0.03125 0.03515625
0 0.1982421875 0.0419921875 0.013671875 0.013671875
0 0.1669921875 0.04296875 0.017578125 0.015625
0 0.275390625 0.0400390625 0.015625 0.013671875
0 0.8193359375 0.1259765625 0.283203125 0.201171875
0 0.3115234375 0.041015625 0.037109375 0.03515625
0 0.2607421875 0.0517578125 0.056640625 0.060546875
0 0.5849609375 0.0205078125 0.017578125 0.009765625
0 0.3486328125 0.0244140625 0.017578125 0.017578125
0 0.4375 0.01953125 0.02734375 0.02734375
0 0.6611328125 0.005859375 0.021484375 0.01171875
0 0.52734375 0.0029296875 0.03125 0.005859375
0 0.494140625 0.0224609375 0.05078125 0.044921875
0 0.341796875 0.005859375 0.03515625 0.01171875
0 0.3046875 0.0078125 0.01953125 0.015625
0 0.275390625 0.0087890625 0.01953125 0.017578125
0 0.2451171875 0.009765625 0.021484375 0.01953125
0 0.220703125 0.0234375 0.02734375 0.046875
0 0.1875 0.0126953125 0.01953125 0.025390625
0 0.154296875 0.009765625 0.01953125 0.01953125
0 0.1337890625 0.0107421875 0.017578125 0.021484375
0 0.1044921875 0.0185546875 0.033203125 0.037109375
0 0.0380859375 0.0322265625 0.044921875 0.064453125
0 0.005859375 0.001953125 0.01171875 0.00390625