0 0.9697265625 0.7802734375 0.060546875 0.072265625
0 0.041015625 0.6396484375 0.08203125 0.087890625
0 0.02734375 0.59765625 0.0546875 0.06640625
0 0.0146484375 0.5341796875 0.029296875 0.025390625
0 0.009765625 0.4931640625 0.01953125 0.029296875
0 0.1572265625 0.51171875 0.123046875 0.12109375
0 0.15625 0.3671875 0.1328125 0.09375
0 0.001953125 0.296875 0.00390625 0.00390625
0 0.259765625 0.244140625 0.0625 0.0703125
0 0.2119140625 0.158203125 0.041015625 0.046875
0 0.052734375 0.1953125 0.10546875 0.125
0 0.0234375 0.0400390625 0.04296875 0.029296875
0 0.416015625 0.08203125 0.21875 0.1640625
0 0.220703125 0.083984375 0.234375 0.16796875
0 0.0693359375 0.015625 0.041015625 0.03125