0 0.787109375 0.998046875 0.00390625 0.00390625
0 0.884765625 0.990234375 0.02734375 0.01953125
0 0.6611328125 0.98828125 0.029296875 0.0234375
0 0.7578125 0.984375 0.04296875 0.03125
0 0.98046875 0.9794921875 0.03515625 0.037109375
0 0.6337890625 0.9755859375 0.029296875 0.029296875
0 0.8564453125 0.966796875 0.033203125 0.0390625
0 0.7255859375 0.9501953125 0.025390625 0.025390625
0 0.9423828125 0.951171875 0.044921875 0.04296875
0 0.599609375 0.939453125 0.04296875 0.03515625
0 0.8134765625 0.9267578125 0.033203125 0.041015625
0 0.9033203125 0.9189453125 0.041015625 0.037109375
0 0.689453125 0.9228515625 0.0390625 0.044921875
0 0.462890625 0.943359375 0.15625 0.11328125
0 0.7822265625 0.8994140625 0.029296875 0.029296875
0 0.6640625 0.8916015625 0.03125 0.033203125
0 0.5654296875 0.8857421875 0.029296875 0.044921875
0 0.2783203125 0.9306640625 0.126953125 0.138671875
0 0.75 0.8662109375 0.03515625 0.021484375
0 0.828125 0.859375 0.04296875 0.03515625
0 0.62109375 0.853515625 0.0390625 0.03125
0 0.9453125 0.8515625 0.046875 0.03125
0 0.70703125 0.8359375 0.03125 0.03515625
0 0.591796875 0.822265625 0.03515625 0.03515625
0 0.798828125 0.8173828125 0.0390625 0.041015625
0 0.8935546875 0.8095703125 0.041015625 0.037109375
0 0.970703125 0.8017578125 0.0234375 0.033203125
0 0.6806640625 0.8046875 0.041015625 0.0390625
0 0.5576171875 0.7890625 0.037109375 0.03515625
0 0.861328125 0.775390625 0.03125 0.03125
0 0.6474609375 0.7685546875 0.041015625 0.041015625
0 0.734375 0.755859375 0.03515625 0.03515625
0 0.5244140625 0.751953125 0.041015625 0.046875
0 0.96875 0.7451171875 0.0234375 0.037109375
0 0.830078125 0.744140625 0.03515625 0.03515625
0 0.61328125 0.736328125 0.0390625 0.04296875
0 0.7939453125 0.705078125 0.041015625 0.046875
0 0.482421875 0.6982421875 0.04296875 0.037109375
0 0.9443359375 0.697265625 0.025390625 0.0390625
0 0.5771484375 0.6904296875 0.037109375 0.033203125
0 0.76171875 0.6728515625 0.03125 0.033203125
0 0.9072265625 0.6640625 0.033203125 0.03125
0 0.99609375 0.63671875 0.0078125 0.015625
0 0.646484375 0.65625 0.046875 0.0546875
0 0.4521484375 0.6416015625 0.029296875 0.029296875
0 0.728515625 0.640625 0.03125 0.03125
0 0.54296875 0.642578125 0.03515625 0.0390625
0 0.8740234375 0.6259765625 0.029296875 0.029296875
0 0.154296875 0.6083984375 0.03125 0.033203125
0 0.599609375 0.6064453125 0.04296875 0.041015625
0 0.421875 0.6025390625 0.0390625 0.041015625
0 0.5087890625 0.599609375 0.037109375 0.04296875
0 0.1181640625 0.595703125 0.033203125 0.03515625
0 0.6962890625 0.59375 0.033203125 0.03515625
0 0.9814453125 0.58984375 0.025390625 0.03125
0 0.072265625 0.5771484375 0.02734375 0.025390625
0 0.87109375 0.57421875 0.03125 0.03515625
0 0.3212890625 0.5693359375 0.029296875 0.037109375
0 0.0234375 0.560546875 0.0390625 0.03515625
0 0.2666015625 0.5517578125 0.041015625 0.033203125
0 0.5693359375 0.5546875 0.037109375 0.04296875
0 0.9560546875 0.5458984375 0.037109375 0.037109375
0 0.2275390625 0.54296875 0.033203125 0.03125
0 0.822265625 0.541015625 0.03515625 0.03125
0 0.6591796875 0.546875 0.048828125 0.04296875
0 0.466796875 0.541015625 0.03125 0.03515625
0 0.19140625 0.5302734375 0.03125 0.029296875
0 0.3681640625 0.53125 0.033203125 0.03515625
0 0.1572265625 0.517578125 0.033203125 0.02734375
0 0.923828125 0.509765625 0.03515625 0.03515625
0 0.7841796875 0.513671875 0.037109375 0.04296875
0 0.1220703125 0.5048828125 0.029296875 0.029296875
0 0.53125 0.49609375 0.0390625 0.0390625
0 0.0732421875 0.486328125 0.033203125 0.0234375
0 0.6220703125 0.490234375 0.029296875 0.03515625
0 0.439453125 0.482421875 0.03515625 0.03125
0 0.3330078125 0.48828125 0.037109375 0.04296875
0 0.052734375 0.4755859375 0.015625 0.017578125
0 0.8935546875 0.48046875 0.033203125 0.03515625
0 0.7373046875 0.4677734375 0.041015625 0.037109375
0 0.0244140625 0.466796875 0.048828125 0.03515625
0 0.4091796875 0.453125 0.029296875 0.03125
0 0.4951171875 0.4541015625 0.044921875 0.044921875
0 0.5859375 0.443359375 0.03125 0.03125
0 0.8447265625 0.4404296875 0.037109375 0.037109375
0 0.6904296875 0.4345703125 0.041015625 0.033203125
0 0.2978515625 0.439453125 0.048828125 0.0546875
0 0.802734375 0.41015625 0.0390625 0.03515625
0 0.251953125 0.4013671875 0.05078125 0.041015625
0 0.5537109375 0.3935546875 0.029296875 0.033203125
0 0.46484375 0.404296875 0.05078125 0.0546875
0 0.6435546875 0.390625 0.033203125 0.03125
0 0.373046875 0.39453125 0.03515625 0.0390625
0 0.9755859375 0.384765625 0.037109375 0.03515625
0 0.19140625 0.369140625 0.03515625 0.03125
0 0.75 0.3701171875 0.04296875 0.041015625
0 0.60546875 0.3583984375 0.03125 0.029296875
0 0.1337890625 0.3515625 0.033203125 0.02734375
0 0.517578125 0.345703125 0.02734375 0.03125
0 0.92578125 0.345703125 0.04296875 0.03515625
0 0.431640625 0.353515625 0.03515625 0.05078125
0 0.703125 0.3349609375 0.03515625 0.037109375
0 0.3466796875 0.333984375 0.029296875 0.04296875
0 0.0634765625 0.32421875 0.037109375 0.03125
0 0.8876953125 0.3203125 0.033203125 0.03125
0 0.021484375 0.310546875 0.0390625 0.03515625
0 0.8447265625 0.2998046875 0.041015625 0.033203125
0 0.2685546875 0.2998046875 0.041015625 0.033203125
0 0.4130859375 0.291015625 0.029296875 0.0390625
0 0.6494140625 0.291015625 0.048828125 0.04296875
0 0.501953125 0.2861328125 0.0390625 0.033203125
0 0.796875 0.275390625 0.03125 0.0234375
0 0.9697265625 0.271484375 0.029296875 0.02734375
0 0.203125 0.2734375 0.046875 0.03125
0 0.16796875 0.251953125 0.01953125 0.01953125
0 0.744140625 0.2509765625 0.03515625 0.029296875
0 0.1171875 0.2587890625 0.03125 0.044921875
0 0.6015625 0.255859375 0.0390625 0.04296875
0 0.3515625 0.251953125 0.0390625 0.0390625
0 0.2724609375 0.240234375 0.021484375 0.03125
0 0.92578125 0.2431640625 0.04296875 0.041015625
0 0.41015625 0.236328125 0.03515625 0.03515625
0 0.6884765625 0.224609375 0.033203125 0.0234375
0 0.8759765625 0.220703125 0.025390625 0.0234375
0 0.1484375 0.22265625 0.03125 0.02734375
0 0.544921875 0.2158203125 0.03125 0.029296875
0 0.6455078125 0.2109375 0.025390625 0.02734375
0 0.99609375 0.1962890625 0.0078125 0.013671875
0 0.02734375 0.203125 0.03125 0.02734375
0 0.830078125 0.2021484375 0.0390625 0.029296875
0 0.5146484375 0.1923828125 0.037109375 0.033203125
0 0.37109375 0.1884765625 0.03515625 0.025390625
0 0.1875 0.189453125 0.03515625 0.02734375
0 0.787109375 0.1865234375 0.0390625 0.029296875
0 0.2841796875 0.1845703125 0.025390625 0.033203125
0 0.58203125 0.177734375 0.03515625 0.03125
0 0.0107421875 0.1708984375 0.021484375 0.029296875
0 0.96484375 0.171875 0.03515625 0.0390625
0 0.7412109375 0.166015625 0.044921875 0.04296875
0 0.189453125 0.158203125 0.03515625 0.03515625
0 0.4609375 0.1455078125 0.046875 0.037109375
0 0.001953125 0.12890625 0.00390625 0.00390625
0 0.08984375 0.142578125 0.04296875 0.0390625
0 0.3017578125 0.1259765625 0.029296875 0.025390625
0 0.1884765625 0.111328125 0.025390625 0.02734375
0 0.2607421875 0.10546875 0.033203125 0.02734375
0 0.8642578125 0.1171875 0.044921875 0.05859375
0 0.5966796875 0.0986328125 0.048828125 0.037109375
0 0.5537109375 0.0859375 0.025390625 0.02734375
0 0.798828125 0.0732421875 0.0390625 0.033203125
0 0.2021484375 0.07421875 0.044921875 0.0390625
0 0.4951171875 0.05859375 0.048828125 0.03125
0 0.431640625 0.0537109375 0.0390625 0.029296875
0 0.3544921875 0.05078125 0.048828125 0.03125
0 0.734375 0.048828125 0.0390625 0.03125
0 0.0791015625 0.0634765625 0.044921875 0.064453125
0 0.3046875 0.0419921875 0.0390625 0.041015625
0 0.6630859375 0.0234375 0.048828125 0.03125
0 0.6025390625 0.0107421875 0.041015625 0.021484375
0 0.2626953125 0.0224609375 0.044921875 0.044921875
0 0.2099609375 0.0087890625 0.044921875 0.017578125
0 0.0576171875 0.01171875 0.033203125 0.0234375