0 0.009765625 0.9951171875 0.01953125 0.009765625
0 0.23828125 0.9765625 0.04296875 0.02734375
0 0.3388671875 0.9736328125 0.048828125 0.029296875
0 0.5263671875 0.9580078125 0.037109375 0.033203125
0 0.4150390625 0.958984375 0.052734375 0.03515625
0 0.15625 0.96484375 0.0546875 0.06640625
0 0.0068359375 0.9248046875 0.013671875 0.013671875
0 0.07421875 0.9375 0.0546875 0.0546875
0 0.4921875 0.923828125 0.0390625 0.0390625
0 0.2255859375 0.8740234375 0.029296875 0.025390625
0 0.2939453125 0.87109375 0.048828125 0.03125
0 0.3564453125 0.8642578125 0.041015625 0.033203125
0 0.150390625 0.857421875 0.03515625 0.0234375
0 0.4248046875 0.8525390625 0.056640625 0.029296875
0 0.5888671875 0.6767578125 0.025390625 0.052734375
0 0.6494140625 0.6025390625 0.029296875 0.025390625
0 0.5908203125 0.6064453125 0.025390625 0.033203125
0 0.599609375 0.548828125 0.03515625 0.01953125
0 0.7109375 0.56640625 0.046875 0.05859375
0 0.7890625 0.546875 0.0390625 0.03125
0 0.8916015625 0.517578125 0.037109375 0.03125
0 0.3408203125 0.5498046875 0.248046875 0.185546875
0 0.17578125 0.4990234375 0.07421875 0.099609375
0 0.8291015625 0.4619140625 0.052734375 0.044921875
0 0.708984375 0.4462890625 0.015625 0.017578125
0 0.755859375 0.41796875 0.046875 0.0390625
0 0.59375 0.4091796875 0.03125 0.029296875
0 0.697265625 0.40625 0.0390625 0.02734375
0 0.9619140625 0.4033203125 0.041015625 0.052734375
0 0.8916015625 0.34765625 0.044921875 0.0390625
0 0.7890625 0.3173828125 0.03125 0.048828125
0 0.654296875 0.30078125 0.0546875 0.015625
0 0.7314453125 0.3046875 0.052734375 0.04296875
0 0.7998046875 0.2822265625 0.017578125 0.017578125
0 0.9208984375 0.2529296875 0.033203125 0.025390625
0 0.4951171875 0.287109375 0.056640625 0.1171875
0 0.5263671875 0.19921875 0.025390625 0.0234375
0 0.7099609375 0.2021484375 0.068359375 0.048828125
0 0.5302734375 0.1640625 0.025390625 0.02734375
0 0.6396484375 0.16015625 0.025390625 0.04296875
0 0.5205078125 0.134765625 0.037109375 0.02734375
0 0.4599609375 0.123046875 0.033203125 0.0625
0 0.8984375 0.115234375 0.06640625 0.05078125
0 0.4833984375 0.0673828125 0.048828125 0.025390625
0 0.7412109375 0.0732421875 0.052734375 0.064453125
0 0.4970703125 0.037109375 0.029296875 0.0234375
0 0.92578125 0.015625 0.0625 0.03125