0 0.7890625 0.9970703125 0.01953125 0.005859375
0 0.3701171875 0.9970703125 0.009765625 0.005859375
0 0.9384765625 0.99609375 0.025390625 0.0078125
0 0.99609375 0.9951171875 0.0078125 0.009765625
0 0.970703125 0.994140625 0.02734375 0.01171875
0 0.734375 0.990234375 0.02734375 0.01953125
0 0.9482421875 0.693359375 0.103515625 0.03125
0 0.5107421875 0.181640625 0.068359375 0.04296875
0 0.6650390625 0.0771484375 0.017578125 0.021484375
0 0.255859375 0.0283203125 0.0234375 0.021484375
0 0.9931640625 0.0185546875 0.013671875 0.037109375
0 0.4404296875 0.0068359375 0.107421875 0.013671875