0 0.7216796875 0.9970703125 0.033203125 0.005859375
0 0.9033203125 0.99609375 0.013671875 0.0078125
0 0.5341796875 0.99609375 0.037109375 0.0078125
0 0.87890625 0.994140625 0.0234375 0.01171875
0 0.2421875 0.9912109375 0.0390625 0.017578125
0 0.9638671875 0.990234375 0.037109375 0.01953125
0 0.3974609375 0.990234375 0.025390625 0.01953125
0 0.3173828125 0.990234375 0.041015625 0.01953125
0 0.4521484375 0.9892578125 0.033203125 0.021484375
0 0.056640625 0.9873046875 0.0390625 0.025390625
0 0.591796875 0.982421875 0.03515625 0.01953125
0 0.6708984375 0.978515625 0.033203125 0.01953125
0 0.720703125 0.9775390625 0.0390625 0.021484375
0 0.0087890625 0.978515625 0.017578125 0.0234375
0 0.849609375 0.982421875 0.03515625 0.03515625
0 0.1650390625 0.982421875 0.025390625 0.03515625
0 0.13671875 0.9794921875 0.0234375 0.033203125
0 0.5322265625 0.970703125 0.037109375 0.01953125
0 0.798828125 0.9697265625 0.03515625 0.021484375
0 0.3095703125 0.96875 0.037109375 0.0234375
0 0.9423828125 0.97265625 0.041015625 0.03515625
0 0.4521484375 0.9609375 0.029296875 0.01953125
0 0.2353515625 0.958984375 0.041015625 0.02734375
0 0.671875 0.94921875 0.03515625 0.01953125
0 0.7216796875 0.9482421875 0.037109375 0.021484375
0 0.5908203125 0.94921875 0.044921875 0.0234375
0 0.921875 0.9521484375 0.0390625 0.033203125
0 0.3984375 0.9482421875 0.0390625 0.025390625
0 0.53125 0.943359375 0.03515625 0.01953125
0 0.7978515625 0.94140625 0.037109375 0.01953125
0 0.306640625 0.9423828125 0.0390625 0.021484375
0 0.013671875 0.9443359375 0.02734375 0.029296875
0 0.0693359375 0.9501953125 0.048828125 0.052734375
0 0.447265625 0.931640625 0.03125 0.0234375
0 0.2294921875 0.931640625 0.037109375 0.02734375
0 0.8955078125 0.9306640625 0.037109375 0.037109375
0 0.7197265625 0.921875 0.037109375 0.0234375
0 0.6708984375 0.91796875 0.033203125 0.01953125
0 0.3037109375 0.91796875 0.037109375 0.02734375
0 0.5869140625 0.9150390625 0.041015625 0.025390625
0 0.5302734375 0.9130859375 0.037109375 0.021484375
0 0.7958984375 0.9150390625 0.041015625 0.029296875
0 0.0185546875 0.912109375 0.037109375 0.03125
0 0.8671875 0.9130859375 0.03125 0.041015625
0 0.0810546875 0.908203125 0.041015625 0.03125
0 0.974609375 0.8994140625 0.0390625 0.021484375
0 0.38671875 0.9052734375 0.0234375 0.033203125
0 0.224609375 0.9013671875 0.03515625 0.025390625
0 0.8466796875 0.904296875 0.029296875 0.0390625
0 0.943359375 0.8896484375 0.01171875 0.013671875
0 0.66796875 0.8896484375 0.03515625 0.017578125
0 0.71484375 0.890625 0.03515625 0.0234375
0 0.4521484375 0.890625 0.021484375 0.02734375
0 0.7939453125 0.88671875 0.037109375 0.0234375
0 0.298828125 0.8876953125 0.03515625 0.025390625
0 0.5283203125 0.8818359375 0.037109375 0.017578125
0 0.5966796875 0.8837890625 0.029296875 0.025390625
0 0.025390625 0.8828125 0.0390625 0.03125
0 0.388671875 0.873046875 0.03515625 0.0234375
0 0.2158203125 0.873046875 0.033203125 0.0234375
0 0.0908203125 0.8759765625 0.041015625 0.029296875
0 0.2548828125 0.8701171875 0.033203125 0.021484375
0 0.9189453125 0.865234375 0.029296875 0.0234375
0 0.970703125 0.86328125 0.03125 0.02734375
0 0.716796875 0.859375 0.0390625 0.01953125
0 0.6650390625 0.859375 0.037109375 0.01953125
0 0.296875 0.8564453125 0.03515625 0.021484375
0 0.5947265625 0.8544921875 0.025390625 0.025390625
0 0.5263671875 0.8515625 0.037109375 0.01953125
0 0.033203125 0.8544921875 0.0390625 0.029296875
0 0.443359375 0.8486328125 0.0390625 0.025390625
0 0.2099609375 0.84375 0.029296875 0.02734375
0 0.1005859375 0.84375 0.041015625 0.03125
0 0.8427734375 0.8359375 0.037109375 0.02734375
0 0.9150390625 0.83203125 0.029296875 0.0234375
0 0.296875 0.830078125 0.03515625 0.0234375
0 0.7138671875 0.8291015625 0.033203125 0.025390625
0 0.662109375 0.8271484375 0.03125 0.021484375
0 0.9677734375 0.826171875 0.033203125 0.02734375
0 0.787109375 0.82421875 0.03515625 0.0234375
0 0.0419921875 0.826171875 0.041015625 0.03125
0 0.5302734375 0.8232421875 0.048828125 0.029296875
0 0.3857421875 0.82421875 0.037109375 0.03125
0 0.4453125 0.8173828125 0.02734375 0.021484375
0 0.5849609375 0.814453125 0.041015625 0.01953125
0 0.951171875 0.806640625 0.015625 0.01171875
0 0.26171875 0.8134765625 0.015625 0.025390625
0 0.109375 0.8154296875 0.0390625 0.029296875
0 0.8251953125 0.8037109375 0.013671875 0.013671875
0 0.2119140625 0.80859375 0.037109375 0.02734375
0 0.9169921875 0.8017578125 0.041015625 0.025390625
0 0.7109375 0.7978515625 0.03515625 0.021484375
0 0.6611328125 0.796875 0.033203125 0.01953125
0 0.294921875 0.7958984375 0.03515625 0.025390625
0 0.244140625 0.7919921875 0.01953125 0.017578125
0 0.5224609375 0.791015625 0.037109375 0.01953125
0 0.05078125 0.7939453125 0.0390625 0.029296875
0 0.78515625 0.787109375 0.03515625 0.01953125
0 0.96875 0.787109375 0.0390625 0.0234375
0 0.439453125 0.787109375 0.0390625 0.0234375
0 0.5810546875 0.7841796875 0.037109375 0.021484375
0 0.1171875 0.7880859375 0.0390625 0.029296875
0 0.8408203125 0.7822265625 0.037109375 0.021484375
0 0.38671875 0.783203125 0.03515625 0.0234375
0 0.6591796875 0.76953125 0.033203125 0.01953125
0 0.7119140625 0.767578125 0.029296875 0.01953125
0 0.916015625 0.765625 0.04296875 0.0234375
0 0.294921875 0.7646484375 0.0390625 0.021484375
0 0.5205078125 0.7607421875 0.037109375 0.017578125
0 0.2109375 0.7666015625 0.03515625 0.029296875
0 0.0595703125 0.7666015625 0.041015625 0.029296875
0 0.00390625 0.7568359375 0.0078125 0.021484375
0 0.5791015625 0.7548828125 0.033203125 0.021484375
0 0.380859375 0.755859375 0.03125 0.0234375
0 0.78125 0.7529296875 0.03125 0.025390625
0 0.126953125 0.755859375 0.0390625 0.03125
0 0.96484375 0.748046875 0.0390625 0.0234375
0 0.837890625 0.748046875 0.03515625 0.0234375
0 0.44140625 0.7431640625 0.03125 0.025390625
0 0.6591796875 0.73828125 0.037109375 0.01953125
0 0.70703125 0.7392578125 0.0390625 0.025390625
0 0.517578125 0.7294921875 0.0390625 0.017578125
0 0.2197265625 0.7333984375 0.037109375 0.025390625
0 0.0693359375 0.736328125 0.041015625 0.03125
0 0.2919921875 0.7314453125 0.037109375 0.025390625
0 0.9130859375 0.7275390625 0.041015625 0.021484375
0 0.3818359375 0.7265625 0.037109375 0.0234375
0 0.0078125 0.7275390625 0.015625 0.025390625
0 0.578125 0.7236328125 0.03515625 0.021484375
0 0.13671875 0.7236328125 0.0390625 0.029296875
0 0.4384765625 0.716796875 0.033203125 0.0234375
0 0.7890625 0.71875 0.05078125 0.03125
0 0.9638671875 0.7119140625 0.037109375 0.025390625
0 0.6552734375 0.7099609375 0.033203125 0.021484375
0 0.7041015625 0.708984375 0.033203125 0.0234375
0 0.515625 0.701171875 0.0390625 0.01953125
0 0.078125 0.7060546875 0.04296875 0.029296875
0 0.576171875 0.697265625 0.03515625 0.01953125
0 0.14453125 0.697265625 0.0390625 0.02734375
0 0.3857421875 0.6923828125 0.037109375 0.021484375
0 0.912109375 0.69140625 0.04296875 0.0234375
0 0.2333984375 0.6923828125 0.041015625 0.029296875
0 0.4326171875 0.685546875 0.041015625 0.0234375
0 0.8310546875 0.6982421875 0.044921875 0.060546875
0 0.65625 0.6806640625 0.03515625 0.025390625
0 0.78125 0.6748046875 0.0390625 0.021484375
0 0.7041015625 0.6748046875 0.037109375 0.025390625
0 0.576171875 0.6708984375 0.03515625 0.021484375
0 0.513671875 0.669921875 0.0390625 0.01953125
0 0.0869140625 0.67578125 0.041015625 0.03125
0 0.9619140625 0.6728515625 0.037109375 0.029296875
0 0.154296875 0.6669921875 0.04296875 0.029296875
0 0.0166015625 0.6767578125 0.033203125 0.052734375
0 0.23828125 0.6640625 0.03125 0.03125
0 0.9052734375 0.658203125 0.029296875 0.03515625
0 0.7939453125 0.6484375 0.013671875 0.015625
0 0.384765625 0.65625 0.02734375 0.03125
0 0.0947265625 0.6494140625 0.041015625 0.029296875
0 0.283203125 0.6708984375 0.046875 0.080078125
0 0.828125 0.6474609375 0.04296875 0.041015625
0 0.162109375 0.6396484375 0.04296875 0.029296875
0 0.021484375 0.6376953125 0.0390625 0.029296875
0 0.6630859375 0.6357421875 0.025390625 0.033203125
0 0.771484375 0.6357421875 0.02734375 0.037109375
0 0.7138671875 0.6318359375 0.021484375 0.029296875
0 0.6904296875 0.6357421875 0.021484375 0.037109375
0 0.638671875 0.6337890625 0.0234375 0.033203125
0 0.5859375 0.6298828125 0.0234375 0.029296875
0 0.5576171875 0.6328125 0.021484375 0.04296875
0 0.5302734375 0.625 0.021484375 0.02734375
0 0.50390625 0.6240234375 0.0234375 0.029296875
0 0.4169921875 0.625 0.025390625 0.03515625
0 0.4423828125 0.6220703125 0.021484375 0.033203125
0 0.103515625 0.619140625 0.04296875 0.03125
0 0.033203125 0.6025390625 0.0390625 0.029296875
0 0.2666015625 0.6025390625 0.025390625 0.041015625
0 0.9921875 0.587890625 0.015625 0.03515625
0 0.177734375 0.5927734375 0.0546875 0.064453125
0 0.998046875 0.560546875 0.00390625 0.0078125
0 0.9736328125 0.5771484375 0.029296875 0.041015625
0 0.1357421875 0.57421875 0.029296875 0.0390625
0 0.1123046875 0.5615234375 0.025390625 0.029296875
0 0.7626953125 0.5556640625 0.095703125 0.029296875
0 0.0537109375 0.55859375 0.029296875 0.03515625
0 0.9287109375 0.5625 0.041015625 0.046875
0 0.0283203125 0.5576171875 0.029296875 0.041015625
0 0.966796875 0.544921875 0.02734375 0.01953125
0 0.8603515625 0.548828125 0.041015625 0.03125
0 0.9931640625 0.52734375 0.013671875 0.0234375
0 0.642578125 0.53515625 0.09765625 0.05078125
0 0.791015625 0.5185546875 0.03515625 0.025390625
0 0.5166015625 0.52734375 0.107421875 0.05078125
0 0.947265625 0.509765625 0.03125 0.02734375
0 0.7392578125 0.50390625 0.037109375 0.01953125
0 0.4052734375 0.51953125 0.076171875 0.05078125
0 0.3544921875 0.51171875 0.025390625 0.0390625
0 0.857421875 0.501953125 0.0234375 0.02734375
0 0.771484375 0.4873046875 0.01171875 0.013671875
0 0.6650390625 0.4912109375 0.033203125 0.021484375
0 0.2880859375 0.5 0.021484375 0.0390625
0 0.2275390625 0.4951171875 0.021484375 0.037109375
0 0.2568359375 0.494140625 0.025390625 0.0390625
0 0.9833984375 0.484375 0.021484375 0.0234375
0 0.9501953125 0.482421875 0.029296875 0.0234375
0 0.611328125 0.4775390625 0.0234375 0.017578125
0 0.8525390625 0.474609375 0.025390625 0.0234375
0 0.7939453125 0.4736328125 0.025390625 0.025390625
0 0.115234375 0.4775390625 0.01953125 0.033203125
0 0.15625 0.4775390625 0.03125 0.037109375
0 0.740234375 0.466796875 0.0390625 0.01953125
0 0.8857421875 0.4677734375 0.017578125 0.025390625
0 0.4208984375 0.46484375 0.037109375 0.01953125
0 0.6669921875 0.4619140625 0.037109375 0.017578125
0 0.3603515625 0.466796875 0.033203125 0.02734375
0 0.5458984375 0.45703125 0.033203125 0.0234375
0 0.046875 0.4599609375 0.01953125 0.029296875
0 0.9892578125 0.4521484375 0.017578125 0.017578125
0 0.6123046875 0.453125 0.029296875 0.01953125
0 0.4921875 0.451171875 0.03515625 0.01953125
0 0.2412109375 0.44921875 0.013671875 0.015625
0 0.9580078125 0.4521484375 0.037109375 0.025390625
0 0.27734375 0.4482421875 0.046875 0.029296875
0 0.00390625 0.44921875 0.0078125 0.03125
0 0.890625 0.4384765625 0.02734375 0.029296875
0 0.359375 0.435546875 0.03515625 0.0234375
0 0.85546875 0.43359375 0.03125 0.0234375
0 0.6103515625 0.4306640625 0.025390625 0.017578125
0 0.4208984375 0.4326171875 0.033203125 0.021484375
0 0.6669921875 0.4306640625 0.033203125 0.021484375
0 0.2236328125 0.4345703125 0.017578125 0.029296875
0 0.7412109375 0.435546875 0.041015625 0.03515625
0 0.111328125 0.4326171875 0.01953125 0.029296875
0 0.2578125 0.4228515625 0.01171875 0.017578125
0 0.783203125 0.4296875 0.03515625 0.03515625
0 0.5458984375 0.4248046875 0.033203125 0.025390625
0 0.9658203125 0.423828125 0.041015625 0.03125
0 0.1611328125 0.423828125 0.021484375 0.03515625
0 0.4931640625 0.4130859375 0.033203125 0.021484375
0 0.044921875 0.4150390625 0.01953125 0.033203125
0 0.609375 0.4052734375 0.0234375 0.017578125
0 0.28125 0.4111328125 0.03125 0.029296875
0 0.89453125 0.4072265625 0.0234375 0.025390625
0 0.6669921875 0.3994140625 0.033203125 0.017578125
0 0.4208984375 0.3984375 0.033203125 0.01953125
0 0.359375 0.3994140625 0.03515625 0.021484375
0 0.8544921875 0.3955078125 0.029296875 0.021484375
0 0.7421875 0.3984375 0.04296875 0.03125
0 0.970703125 0.39453125 0.0390625 0.02734375
0 0.787109375 0.39453125 0.03125 0.02734375
0 0.5439453125 0.3916015625 0.044921875 0.033203125
0 0.22265625 0.3916015625 0.01953125 0.033203125
0 0.6103515625 0.3818359375 0.025390625 0.017578125
0 0.4990234375 0.384765625 0.041015625 0.03125
0 0.107421875 0.384765625 0.01953125 0.03125
0 0.1591796875 0.3798828125 0.021484375 0.029296875
0 0.900390625 0.375 0.02734375 0.0234375
0 0.28125 0.375 0.02734375 0.0234375
0 0.041015625 0.375 0.01953125 0.02734375
0 0.66796875 0.369140625 0.03125 0.01953125
0 0.3564453125 0.369140625 0.033203125 0.02734375
0 0.544921875 0.3662109375 0.03125 0.025390625
0 0.4228515625 0.3642578125 0.037109375 0.021484375
0 0.787109375 0.365234375 0.03125 0.02734375
0 0.8564453125 0.3623046875 0.033203125 0.025390625
0 0.9765625 0.365234375 0.04296875 0.03515625
0 0.7333984375 0.361328125 0.029296875 0.02734375
0 0.4931640625 0.3515625 0.037109375 0.01953125
0 0.9033203125 0.3447265625 0.041015625 0.029296875
0 0.666015625 0.33984375 0.03515625 0.01953125
0 0.6103515625 0.3349609375 0.025390625 0.021484375
0 0.26953125 0.3408203125 0.0546875 0.037109375
0 0.1044921875 0.3349609375 0.021484375 0.025390625
0 0.98046875 0.3349609375 0.0390625 0.029296875
0 0.1552734375 0.3369140625 0.017578125 0.033203125
0 0.7373046875 0.328125 0.033203125 0.01953125
0 0.419921875 0.330078125 0.0390625 0.0234375
0 0.35546875 0.3349609375 0.03125 0.033203125
0 0.7822265625 0.3271484375 0.029296875 0.025390625
0 0.0361328125 0.3330078125 0.021484375 0.037109375
0 0.85546875 0.3212890625 0.03125 0.017578125
0 0.4951171875 0.322265625 0.037109375 0.01953125
0 0.220703125 0.3271484375 0.01953125 0.044921875
0 0.9111328125 0.3154296875 0.033203125 0.025390625
0 0.76953125 0.310546875 0.015625 0.015625
0 0.541015625 0.3251953125 0.03515625 0.044921875
0 0.66796875 0.306640625 0.03125 0.0234375
0 0.2783203125 0.3046875 0.033203125 0.02734375
0 0.7353515625 0.2958984375 0.033203125 0.017578125
0 0.4931640625 0.296875 0.037109375 0.01953125
0 0.3564453125 0.2998046875 0.033203125 0.025390625
0 0.099609375 0.298828125 0.01953125 0.0234375
0 0.98046875 0.296875 0.0234375 0.0234375
0 0.419921875 0.2958984375 0.0390625 0.021484375
0 0.6171875 0.2939453125 0.03515625 0.025390625
0 0.8564453125 0.2900390625 0.029296875 0.021484375
0 0.1533203125 0.294921875 0.017578125 0.03125
0 0.033203125 0.291015625 0.01953125 0.02734375
0 0.544921875 0.2861328125 0.03125 0.025390625
0 0.9150390625 0.2841796875 0.037109375 0.025390625
0 0.78125 0.2822265625 0.03125 0.021484375
0 0.6689453125 0.2744140625 0.029296875 0.017578125
0 0.2216796875 0.2744140625 0.029296875 0.025390625
0 0.4931640625 0.2705078125 0.037109375 0.021484375
0 0.3544921875 0.26953125 0.029296875 0.02734375
0 0.27734375 0.265625 0.03515625 0.0234375
0 0.91796875 0.2587890625 0.03515625 0.021484375
0 0.7373046875 0.2578125 0.033203125 0.01953125
0 0.5458984375 0.2587890625 0.029296875 0.021484375
0 0.095703125 0.2548828125 0.01953125 0.025390625
0 0.85546875 0.25 0.03125 0.01953125
0 0.6162109375 0.2509765625 0.033203125 0.029296875
0 0.251953125 0.2451171875 0.015625 0.017578125
0 0.1513671875 0.251953125 0.021484375 0.03125
0 0.7822265625 0.24609375 0.029296875 0.0234375
0 0.7568359375 0.2392578125 0.017578125 0.013671875
0 0.029296875 0.24609375 0.01953125 0.02734375
0 0.6689453125 0.2373046875 0.037109375 0.017578125
0 0.8818359375 0.2333984375 0.013671875 0.017578125
0 0.5458984375 0.232421875 0.029296875 0.01953125
0 0.4931640625 0.2333984375 0.037109375 0.021484375
0 0.3564453125 0.234375 0.033203125 0.02734375
0 0.2353515625 0.228515625 0.013671875 0.015625
0 0.21484375 0.234375 0.01953125 0.02734375
0 0.9853515625 0.23046875 0.017578125 0.0234375
0 0.9208984375 0.2275390625 0.037109375 0.021484375
0 0.412109375 0.244140625 0.0546875 0.05859375
0 0.7373046875 0.220703125 0.033203125 0.01953125
0 0.85546875 0.2177734375 0.03125 0.017578125
0 0.6162109375 0.216796875 0.033203125 0.0234375
0 0.7822265625 0.2109375 0.029296875 0.015625
0 0.6708984375 0.2099609375 0.017578125 0.017578125
0 0.091796875 0.216796875 0.01953125 0.03125
0 0.02734375 0.2099609375 0.01953125 0.029296875
0 0.5439453125 0.203125 0.029296875 0.01953125
0 0.1513671875 0.2080078125 0.021484375 0.033203125
0 0.921875 0.201171875 0.04296875 0.0234375
0 0.6484375 0.1962890625 0.015625 0.013671875
0 0.4931640625 0.19921875 0.037109375 0.01953125
0 0.3583984375 0.2041015625 0.041015625 0.029296875
0 0.2744140625 0.2119140625 0.037109375 0.056640625
0 0.41015625 0.1982421875 0.0546875 0.033203125
0 0.2099609375 0.1982421875 0.017578125 0.033203125
0 0.85546875 0.1884765625 0.03125 0.017578125
0 0.234375 0.1826171875 0.015625 0.013671875
0 0.7861328125 0.1806640625 0.025390625 0.021484375
0 0.990234375 0.1767578125 0.01953125 0.017578125
0 0.736328125 0.171875 0.03125 0.01953125
0 0.666015625 0.1728515625 0.03515625 0.021484375
0 0.615234375 0.1748046875 0.03515625 0.025390625
0 0.92578125 0.1708984375 0.03515625 0.021484375
0 0.5400390625 0.1708984375 0.041015625 0.029296875
0 0.35546875 0.171875 0.03515625 0.03125
0 0.4931640625 0.166015625 0.037109375 0.0234375
0 0.0263671875 0.1708984375 0.021484375 0.033203125
0 0.275390625 0.1669921875 0.03515625 0.029296875
0 0.1494140625 0.1650390625 0.021484375 0.025390625
0 0.8564453125 0.158203125 0.033203125 0.01953125
0 0.0888671875 0.1650390625 0.021484375 0.033203125
0 0.416015625 0.158203125 0.0390625 0.0234375
0 0.9912109375 0.150390625 0.017578125 0.01953125
0 0.2119140625 0.1552734375 0.021484375 0.029296875
0 0.9326171875 0.1435546875 0.029296875 0.021484375
0 0.8828125 0.138671875 0.03515625 0.01953125
0 0.849609375 0.13671875 0.0234375 0.015625
0 0.7939453125 0.1416015625 0.021484375 0.029296875
0 0.3583984375 0.1396484375 0.041015625 0.025390625
0 0.7275390625 0.1396484375 0.021484375 0.029296875
0 0.7626953125 0.13671875 0.021484375 0.03125
0 0.6748046875 0.1357421875 0.021484375 0.029296875
0 0.642578125 0.1337890625 0.01953125 0.029296875
0 0.2734375 0.1298828125 0.03125 0.025390625
0 0.6064453125 0.1318359375 0.021484375 0.033203125
0 0.41796875 0.1259765625 0.0390625 0.021484375
0 0.5546875 0.12890625 0.0234375 0.03515625
0 0.5244140625 0.1279296875 0.021484375 0.033203125
0 0.4931640625 0.1279296875 0.025390625 0.033203125
0 0.0224609375 0.126953125 0.021484375 0.03125
0 0.1474609375 0.1259765625 0.021484375 0.033203125
0 0.0869140625 0.12109375 0.021484375 0.0234375
0 0.2109375 0.1171875 0.0234375 0.03125
0 0.353515625 0.107421875 0.03515625 0.0234375
0 0.2734375 0.0908203125 0.03515625 0.029296875
0 0.0205078125 0.0908203125 0.021484375 0.029296875
0 0.0830078125 0.0830078125 0.021484375 0.029296875
0 0.212890625 0.07421875 0.03125 0.0234375
0 0.1396484375 0.07421875 0.033203125 0.0234375
0 0.8447265625 0.068359375 0.033203125 0.01953125
0 0.818359375 0.0634765625 0.015625 0.017578125
0 0.939453125 0.0703125 0.04296875 0.03515625
0 0.794921875 0.0595703125 0.0234375 0.033203125
0 0.765625 0.05859375 0.01953125 0.03125
0 0.9833984375 0.048828125 0.013671875 0.015625
0 0.736328125 0.056640625 0.01953125 0.03125
0 0.5078125 0.0537109375 0.0390625 0.025390625
0 0.705078125 0.0537109375 0.0234375 0.033203125
0 0.6748046875 0.0537109375 0.025390625 0.033203125
0 0.64453125 0.052734375 0.01953125 0.03125
0 0.8486328125 0.04296875 0.037109375 0.01953125
0 0.423828125 0.046875 0.03515625 0.02734375
0 0.3994140625 0.041015625 0.013671875 0.015625
0 0.6123046875 0.048828125 0.025390625 0.0390625
0 0.5517578125 0.044921875 0.025390625 0.03515625
0 0.8173828125 0.033203125 0.017578125 0.015625
0 0.9755859375 0.03125 0.017578125 0.015625
0 0.697265625 0.02734375 0.015625 0.015625
0 0.4013671875 0.0244140625 0.013671875 0.013671875
0 0.361328125 0.03125 0.03515625 0.02734375
0 0.63671875 0.0234375 0.015625 0.015625
0 0.9970703125 0.0224609375 0.005859375 0.021484375
0 0.5830078125 0.0400390625 0.033203125 0.056640625
0 0.8076171875 0.0166015625 0.017578125 0.013671875
0 0.7822265625 0.0224609375 0.025390625 0.029296875
0 0.5087890625 0.0205078125 0.037109375 0.025390625
0 0.751953125 0.0224609375 0.02734375 0.033203125
0 0.7236328125 0.021484375 0.025390625 0.03125
0 0.93359375 0.017578125 0.04296875 0.02734375
0 0.853515625 0.0126953125 0.03125 0.021484375
0 0.4296875 0.0126953125 0.0390625 0.021484375
0 0.27734375 0.0166015625 0.0390625 0.029296875
0 0.9765625 0.00390625 0.015625 0.0078125
0 0.958984375 0.0029296875 0.015625 0.005859375
0 0.6708984375 0.0166015625 0.044921875 0.033203125
0 0.625 0.0068359375 0.015625 0.013671875
0 0.595703125 0.005859375 0.015625 0.01171875
0 0.5625 0.0126953125 0.01953125 0.025390625
0 0.5107421875 0.001953125 0.005859375 0.00390625
0 0.365234375 0.0107421875 0.0546875 0.021484375
0 0.208984375 0.0068359375 0.01953125 0.013671875
0 0.1318359375 0.0068359375 0.033203125 0.013671875
0 0.0859375 0.0078125 0.0234375 0.015625
0 0.013671875 0.0146484375 0.01953125 0.029296875