0 0.9873046875 0.9951171875 0.025390625 0.009765625
0 0.998046875 0.9697265625 0.00390625 0.005859375
0 0.974609375 0.97265625 0.0390625 0.02734375
0 0.95703125 0.90625 0.046875 0.04296875
0 0.984375 0.853515625 0.03125 0.03515625
0 0.9501953125 0.8388671875 0.025390625 0.025390625
0 0.994140625 0.77734375 0.01171875 0.01953125
0 0.9482421875 0.755859375 0.025390625 0.02734375
0 0.962890625 0.728515625 0.0234375 0.02734375
0 0.9755859375 0.7021484375 0.033203125 0.029296875
0 0.982421875 0.658203125 0.03515625 0.046875
0 0.994140625 0.603515625 0.01171875 0.0234375
0 0.109375 0.4716796875 0.08984375 0.099609375
0 0.0302734375 0.4091796875 0.048828125 0.048828125
0 0.1025390625 0.353515625 0.083984375 0.0859375
0 0.2919921875 0.36328125 0.119140625 0.13671875
0 0.134765625 0.298828125 0.07421875 0.05859375
0 0.0341796875 0.283203125 0.068359375 0.1171875
0 0.14453125 0.244140625 0.09765625 0.09765625
0 0.068359375 0.173828125 0.10546875 0.11328125
0 0.9580078125 0.126953125 0.037109375 0.046875
0 0.892578125 0.0166015625 0.07421875 0.033203125
0 0.556640625 0.0068359375 0.01953125 0.013671875
0 0.5205078125 0.005859375 0.021484375 0.01171875