0 0.7236328125 0.9970703125 0.005859375 0.005859375
0 0.5185546875 0.994140625 0.021484375 0.01171875
0 0.83203125 0.9931640625 0.01953125 0.013671875
0 0.7021484375 0.9892578125 0.025390625 0.021484375
0 0.427734375 0.9873046875 0.02734375 0.025390625
0 0.6044921875 0.984375 0.025390625 0.0234375
0 0.6748046875 0.9794921875 0.029296875 0.029296875
0 0.5302734375 0.978515625 0.029296875 0.02734375
0 0.7958984375 0.9716796875 0.037109375 0.037109375
0 0.650390625 0.9658203125 0.02734375 0.029296875
0 0.45703125 0.966796875 0.03515625 0.03125
0 0.841796875 0.9580078125 0.01953125 0.017578125
0 0.7685546875 0.96484375 0.029296875 0.03125
0 0.9609375 0.97265625 0.078125 0.0546875
0 0.546875 0.958984375 0.02734375 0.02734375
0 0.6259765625 0.9521484375 0.029296875 0.033203125
0 0.8134765625 0.943359375 0.021484375 0.01953125
0 0.474609375 0.9462890625 0.03515625 0.025390625
0 0.3896484375 0.9423828125 0.025390625 0.025390625
0 0.5634765625 0.935546875 0.025390625 0.0234375
0 0.7373046875 0.939453125 0.033203125 0.03515625
0 0.7802734375 0.92578125 0.021484375 0.0234375
0 0.8857421875 0.919921875 0.037109375 0.03515625
0 0.4033203125 0.91796875 0.037109375 0.03125
0 0.701171875 0.9208984375 0.0546875 0.041015625
0 0.5791015625 0.9130859375 0.029296875 0.025390625
0 0.4921875 0.9150390625 0.03125 0.033203125
0 0.662109375 0.8984375 0.0234375 0.0234375
0 0.2919921875 0.9052734375 0.041015625 0.037109375
0 0.4150390625 0.896484375 0.029296875 0.02734375
0 0.837890625 0.8974609375 0.03515625 0.033203125
0 0.515625 0.884765625 0.02734375 0.02734375
0 0.306640625 0.8828125 0.0390625 0.03515625
0 0.8125 0.880859375 0.03125 0.03515625
0 0.6826171875 0.873046875 0.025390625 0.0234375
0 0.431640625 0.8740234375 0.03515625 0.029296875
0 0.900390625 0.8671875 0.02734375 0.01953125
0 0.7197265625 0.8603515625 0.017578125 0.017578125
0 0.6064453125 0.8681640625 0.037109375 0.037109375
0 0.5673828125 0.861328125 0.021484375 0.0234375
0 0.787109375 0.87109375 0.04296875 0.05078125
0 0.32421875 0.8623046875 0.04296875 0.037109375
0 0.2255859375 0.859375 0.037109375 0.03515625
0 0.76171875 0.85546875 0.03125 0.03125
0 0.9033203125 0.841796875 0.021484375 0.01953125
0 0.701171875 0.845703125 0.02734375 0.02734375
0 0.443359375 0.84765625 0.03515625 0.03515625
0 0.3388671875 0.8408203125 0.041015625 0.037109375
0 0.2431640625 0.8388671875 0.041015625 0.037109375
0 0.1982421875 0.8310546875 0.021484375 0.021484375
0 0.462890625 0.830078125 0.03125 0.03125
0 0.85546875 0.8251953125 0.03515625 0.041015625
0 0.1474609375 0.8154296875 0.025390625 0.025390625
0 0.3544921875 0.8193359375 0.037109375 0.037109375
0 0.21484375 0.80859375 0.015625 0.015625
0 0.9033203125 0.8095703125 0.029296875 0.025390625
0 0.7265625 0.8232421875 0.05859375 0.056640625
0 0.5634765625 0.8095703125 0.033203125 0.029296875
0 0.830078125 0.80859375 0.03515625 0.03515625
0 0.37109375 0.8017578125 0.03515625 0.029296875
0 0.486328125 0.796875 0.03515625 0.02734375
0 0.1669921875 0.794921875 0.029296875 0.02734375
0 0.2763671875 0.794921875 0.037109375 0.03515625
0 0.23828125 0.779296875 0.01953125 0.01953125
0 0.5830078125 0.7841796875 0.037109375 0.033203125
0 0.900390625 0.7734375 0.0390625 0.0234375
0 0.3876953125 0.7763671875 0.037109375 0.033203125
0 0.0771484375 0.7724609375 0.021484375 0.029296875
0 0.6884765625 0.7666015625 0.025390625 0.025390625
0 0.2880859375 0.771484375 0.041015625 0.03515625
0 0.8046875 0.7783203125 0.03125 0.060546875
0 0.759765625 0.7646484375 0.03125 0.033203125
0 0.162109375 0.7587890625 0.03125 0.029296875
0 0.60546875 0.7548828125 0.03515625 0.033203125
0 0.521484375 0.751953125 0.03515625 0.03125
0 0.9052734375 0.744140625 0.025390625 0.01953125
0 0.3076171875 0.7529296875 0.037109375 0.037109375
0 0.7041015625 0.744140625 0.029296875 0.03125
0 0.26953125 0.7333984375 0.01953125 0.017578125
0 0.6220703125 0.734375 0.025390625 0.02734375
0 0.09375 0.7314453125 0.02734375 0.025390625
0 0.416015625 0.732421875 0.03515625 0.03125
0 0.1728515625 0.73046875 0.029296875 0.02734375
0 0.787109375 0.7275390625 0.02734375 0.025390625
0 0.3251953125 0.7314453125 0.037109375 0.033203125
0 0.9013671875 0.71484375 0.037109375 0.01953125
0 0.720703125 0.7197265625 0.02734375 0.029296875
0 0.798828125 0.7109375 0.02734375 0.02734375
0 0.63671875 0.70703125 0.02734375 0.02734375
0 0.8359375 0.705078125 0.03515625 0.02734375
0 0.1845703125 0.703125 0.029296875 0.0234375
0 0.1025390625 0.705078125 0.029296875 0.02734375
0 0.9892578125 0.732421875 0.021484375 0.0859375
0 0.3349609375 0.7021484375 0.044921875 0.033203125
0 0.4521484375 0.69921875 0.041015625 0.03515625
0 0.55859375 0.6943359375 0.0390625 0.033203125
0 0.904296875 0.6865234375 0.03515625 0.021484375
0 0.6572265625 0.681640625 0.029296875 0.02734375
0 0.11328125 0.677734375 0.02734375 0.02734375
0 0.3671875 0.6796875 0.03125 0.03515625
0 0.1943359375 0.67578125 0.029296875 0.02734375
0 0.5732421875 0.6728515625 0.041015625 0.037109375
0 0.47265625 0.6669921875 0.03515625 0.033203125
0 0.837890625 0.6611328125 0.03125 0.025390625
0 0.755859375 0.6650390625 0.03515625 0.033203125
0 0.677734375 0.658203125 0.03515625 0.03515625
0 0.20703125 0.6552734375 0.02734375 0.029296875
0 0.384765625 0.6533203125 0.03515625 0.033203125
0 0.283203125 0.6474609375 0.01953125 0.021484375
0 0.123046875 0.65234375 0.03125 0.03125
0 0.5888671875 0.6513671875 0.041015625 0.037109375
0 0.7734375 0.6396484375 0.03515625 0.033203125
0 0.916015625 0.6357421875 0.03125 0.029296875
0 0.49609375 0.638671875 0.0390625 0.03515625
0 0.22265625 0.6318359375 0.02734375 0.025390625
0 0.33984375 0.6298828125 0.03125 0.029296875
0 0.1357421875 0.6279296875 0.029296875 0.025390625
0 0.6953125 0.6279296875 0.02734375 0.029296875
0 0.607421875 0.6298828125 0.0390625 0.033203125
0 0.5126953125 0.6171875 0.041015625 0.03515625
0 0.2431640625 0.61328125 0.033203125 0.02734375
0 0.318359375 0.61328125 0.02734375 0.03125
0 0.8974609375 0.6044921875 0.025390625 0.017578125
0 0.1474609375 0.607421875 0.033203125 0.03125
0 0.9931640625 0.6142578125 0.013671875 0.048828125
0 0.7158203125 0.6064453125 0.037109375 0.033203125
0 0.623046875 0.6083984375 0.0390625 0.037109375
0 0.765625 0.5859375 0.015625 0.01953125
0 0.53125 0.5947265625 0.0390625 0.037109375
0 0.2578125 0.5888671875 0.03515625 0.033203125
0 0.814453125 0.5849609375 0.03125 0.029296875
0 0.4169921875 0.5927734375 0.052734375 0.044921875
0 0.7353515625 0.5927734375 0.041015625 0.052734375
0 0.638671875 0.5859375 0.0390625 0.0390625
0 0.166015625 0.5830078125 0.03515625 0.033203125
0 0.90625 0.576171875 0.03515625 0.0234375
0 0.3779296875 0.57421875 0.029296875 0.03125
0 0.5478515625 0.5732421875 0.037109375 0.037109375
0 0.4501953125 0.5703125 0.029296875 0.03125
0 0.2763671875 0.5673828125 0.033203125 0.029296875
0 0.6572265625 0.568359375 0.041015625 0.03515625
0 0.189453125 0.560546875 0.02734375 0.03125
0 0.3564453125 0.55859375 0.029296875 0.03125
0 0.904296875 0.5498046875 0.03515625 0.017578125
0 0.46875 0.548828125 0.02734375 0.02734375
0 0.7568359375 0.548828125 0.037109375 0.03125
0 0.2919921875 0.546875 0.033203125 0.03125
0 0.4443359375 0.5380859375 0.017578125 0.017578125
0 0.6796875 0.541015625 0.03125 0.02734375
0 0.5703125 0.5380859375 0.0390625 0.029296875
0 0.2099609375 0.537109375 0.029296875 0.03125
0 0.103515625 0.53515625 0.03125 0.03125
0 0.90234375 0.5234375 0.03515625 0.01953125
0 0.7705078125 0.5224609375 0.021484375 0.021484375
0 0.42578125 0.521484375 0.02734375 0.0234375
0 0.5927734375 0.5146484375 0.041015625 0.037109375
0 0.5009765625 0.509765625 0.029296875 0.02734375
0 0.119140625 0.5068359375 0.02734375 0.025390625
0 0.3271484375 0.5078125 0.041015625 0.03515625
0 0.2294921875 0.5068359375 0.029296875 0.037109375
0 0.900390625 0.4970703125 0.03515625 0.021484375
0 0.40234375 0.5009765625 0.03125 0.029296875
0 0.7958984375 0.5 0.033203125 0.03125
0 0.72265625 0.490234375 0.02734375 0.02734375
0 0.609375 0.4892578125 0.02734375 0.029296875
0 0.6796875 0.498046875 0.0390625 0.05078125
0 0.5185546875 0.4853515625 0.029296875 0.025390625
0 0.8349609375 0.4794921875 0.021484375 0.017578125
0 0.9033203125 0.4736328125 0.021484375 0.017578125
0 0.2470703125 0.4794921875 0.033203125 0.029296875
0 0.46484375 0.4765625 0.02734375 0.02734375
0 0.6298828125 0.4599609375 0.025390625 0.025390625
0 0.435546875 0.45703125 0.0234375 0.0234375
0 0.90234375 0.4521484375 0.01953125 0.017578125
0 0.375 0.45703125 0.02734375 0.03515625
0 0.2685546875 0.453125 0.029296875 0.02734375
0 0.158203125 0.453125 0.02734375 0.02734375
0 0.9765625 0.4921875 0.046875 0.109375
0 0.673828125 0.4453125 0.0234375 0.01953125
0 0.8291015625 0.44921875 0.037109375 0.03125
0 0.7197265625 0.4345703125 0.037109375 0.033203125
0 0.046875 0.4296875 0.03515625 0.03125
0 0.375 0.421875 0.01953125 0.01953125
0 0.1787109375 0.4248046875 0.029296875 0.029296875
0 0.4384765625 0.41796875 0.017578125 0.01953125
0 0.287109375 0.421875 0.03125 0.03125
0 0.8994140625 0.4189453125 0.021484375 0.029296875
0 0.9658203125 0.41015625 0.025390625 0.0234375
0 0.8515625 0.4150390625 0.02734375 0.033203125
0 0.201171875 0.4072265625 0.0234375 0.025390625
0 0.990234375 0.4111328125 0.01953125 0.041015625
0 0.453125 0.3955078125 0.015625 0.017578125
0 0.3095703125 0.396484375 0.029296875 0.03125
0 0.0205078125 0.3837890625 0.025390625 0.025390625
0 0.4140625 0.3818359375 0.03125 0.025390625
0 0.47265625 0.3701171875 0.015625 0.013671875
0 0.330078125 0.3681640625 0.03515625 0.029296875
0 0.7001953125 0.361328125 0.029296875 0.01953125
0 0.42578125 0.3623046875 0.02734375 0.025390625
0 0.232421875 0.359375 0.02734375 0.02734375
0 0.5390625 0.384765625 0.10546875 0.09765625
0 0.6298828125 0.34375 0.025390625 0.03125
0 0.4443359375 0.337890625 0.025390625 0.03125
0 0.3603515625 0.333984375 0.025390625 0.02734375
0 0.7900390625 0.3349609375 0.021484375 0.037109375
0 0.814453125 0.33203125 0.01953125 0.0390625
0 0.83984375 0.33203125 0.0234375 0.04296875
0 0.6484375 0.3232421875 0.0234375 0.025390625
0 0.759765625 0.322265625 0.03125 0.03515625
0 0.2587890625 0.322265625 0.033203125 0.03515625
0 0.884765625 0.32421875 0.0546875 0.05859375
0 0.7412109375 0.298828125 0.033203125 0.03515625
0 0.501953125 0.2958984375 0.03515625 0.033203125
0 0.388671875 0.2939453125 0.03515625 0.033203125
0 0.2900390625 0.2900390625 0.033203125 0.029296875
0 0.8857421875 0.2822265625 0.041015625 0.021484375
0 0.6806640625 0.2841796875 0.025390625 0.025390625
0 0.5595703125 0.279296875 0.029296875 0.03125
0 0.771484375 0.27734375 0.03515625 0.0390625
0 0.4072265625 0.2705078125 0.029296875 0.025390625
0 0.6162109375 0.27734375 0.056640625 0.04296875
0 0.337890625 0.2578125 0.02734375 0.02734375
0 0.8896484375 0.251953125 0.033203125 0.01953125
0 0.7880859375 0.259765625 0.033203125 0.0390625
0 0.5126953125 0.25390625 0.021484375 0.02734375
0 0.4345703125 0.2490234375 0.025390625 0.029296875
0 0.80859375 0.24609375 0.03125 0.0390625
0 0.9912109375 0.2353515625 0.017578125 0.037109375
0 0.83203125 0.2333984375 0.03125 0.041015625
0 0.5302734375 0.224609375 0.025390625 0.0234375
0 0.880859375 0.224609375 0.03515625 0.02734375
0 0.720703125 0.224609375 0.03125 0.03125
0 0.68359375 0.2216796875 0.02734375 0.025390625
0 0.5849609375 0.2177734375 0.029296875 0.025390625
0 0.3388671875 0.21484375 0.029296875 0.02734375
0 0.4619140625 0.203125 0.025390625 0.02734375
0 0.8681640625 0.201171875 0.033203125 0.03125
0 0.5537109375 0.1953125 0.029296875 0.02734375
0 0.361328125 0.193359375 0.02734375 0.02734375
0 0.712890625 0.1865234375 0.02734375 0.029296875
0 0.775390625 0.1826171875 0.02734375 0.025390625
0 0.3974609375 0.169921875 0.029296875 0.0390625
0 0.939453125 0.166015625 0.0390625 0.046875
0 0.806640625 0.1611328125 0.03125 0.037109375
0 0.615234375 0.162109375 0.03515625 0.04296875
0 0.6787109375 0.1552734375 0.033203125 0.037109375
0 0.5888671875 0.1484375 0.029296875 0.02734375
0 0.921875 0.14453125 0.03515625 0.02734375
0 0.833984375 0.14453125 0.02734375 0.02734375
0 0.50390625 0.1455078125 0.03125 0.029296875
0 0.9609375 0.1298828125 0.04296875 0.037109375
0 0.91015625 0.126953125 0.03515625 0.03125
0 0.6806640625 0.1181640625 0.021484375 0.021484375
0 0.7490234375 0.12109375 0.044921875 0.0390625
0 0.6318359375 0.1142578125 0.033203125 0.037109375
0 0.984375 0.109375 0.03125 0.03125
0 0.4228515625 0.109375 0.037109375 0.03515625
0 0.53515625 0.1083984375 0.03515625 0.041015625
0 0.8037109375 0.0986328125 0.025390625 0.025390625
0 0.8837890625 0.091796875 0.029296875 0.03125
0 0.66796875 0.0927734375 0.03125 0.033203125
0 0.9453125 0.0849609375 0.02734375 0.029296875
0 0.552734375 0.0751953125 0.04296875 0.044921875
0 0.783203125 0.0595703125 0.0234375 0.025390625
0 0.9287109375 0.0576171875 0.029296875 0.025390625
0 0.9677734375 0.0546875 0.025390625 0.0234375
0 0.666015625 0.05859375 0.03515625 0.03125
0 0.470703125 0.0537109375 0.0390625 0.033203125
0 0.8857421875 0.037109375 0.029296875 0.02734375
0 0.7421875 0.029296875 0.02734375 0.02734375
0 0.6787109375 0.0302734375 0.037109375 0.033203125
0 0.5830078125 0.029296875 0.041015625 0.03125
0 0.9833984375 0.0283203125 0.033203125 0.033203125
0 0.8427734375 0.025390625 0.029296875 0.03125
0 0.9697265625 0.013671875 0.029296875 0.02734375
0 0.9443359375 0.00390625 0.013671875 0.0078125
0 0.9052734375 0.013671875 0.033203125 0.02734375
0 0.8251953125 0.0087890625 0.025390625 0.017578125
0 0.73046875 0.005859375 0.01953125 0.01171875
0 0.6962890625 0.0126953125 0.033203125 0.025390625
0 0.6015625 0.009765625 0.03125 0.01953125
0 0.5009765625 0.0185546875 0.041015625 0.037109375