0 0.244140625 0.998046875 0.00390625 0.00390625
0 0.4921875 0.9970703125 0.0078125 0.005859375
0 0.1494140625 0.994140625 0.021484375 0.01171875
0 0.287109375 0.9931640625 0.0234375 0.013671875
0 0.5947265625 0.9912109375 0.029296875 0.017578125
0 0.10546875 0.990234375 0.02734375 0.01953125
0 0.705078125 0.98828125 0.04296875 0.0234375
0 0.365234375 0.98828125 0.03515625 0.0234375
0 0.2216796875 0.98828125 0.037109375 0.0234375
0 0.2626953125 0.982421875 0.033203125 0.03125
0 0.9140625 0.982421875 0.05859375 0.03515625
0 0.556640625 0.98046875 0.03515625 0.0390625
0 0.849609375 0.978515625 0.0390625 0.0390625
0 0.1298828125 0.9736328125 0.033203125 0.037109375
0 0.0234375 0.9736328125 0.02734375 0.037109375
0 0.2001953125 0.9638671875 0.029296875 0.029296875
0 0.5830078125 0.966796875 0.041015625 0.0390625
0 0.2421875 0.9619140625 0.03515625 0.033203125
0 0.400390625 0.9658203125 0.0625 0.056640625
0 0.8330078125 0.9580078125 0.044921875 0.044921875
0 0.6708984375 0.958984375 0.048828125 0.046875
0 0.333984375 0.9541015625 0.0390625 0.037109375
0 0.8876953125 0.9404296875 0.021484375 0.021484375
0 0.8076171875 0.9423828125 0.037109375 0.037109375
0 0.6162109375 0.943359375 0.041015625 0.0390625
0 0.986328125 0.9345703125 0.02734375 0.033203125
0 0.4248046875 0.9365234375 0.048828125 0.044921875
0 0.0361328125 0.93359375 0.056640625 0.0390625
0 0.3115234375 0.931640625 0.037109375 0.0390625
0 0.220703125 0.9296875 0.03515625 0.03515625
0 0.1689453125 0.9267578125 0.029296875 0.029296875
0 0.357421875 0.9189453125 0.01953125 0.021484375
0 0.998046875 0.900390625 0.00390625 0.00390625
0 0.3916015625 0.9140625 0.033203125 0.03515625
0 0.01171875 0.912109375 0.0234375 0.03125
0 0.2919921875 0.912109375 0.037109375 0.0390625
0 0.6474609375 0.9189453125 0.060546875 0.056640625
0 0.3173828125 0.8984375 0.017578125 0.015625
0 0.189453125 0.9033203125 0.03125 0.033203125
0 0.8603515625 0.90234375 0.041015625 0.0390625
0 0.4814453125 0.9033203125 0.041015625 0.041015625
0 0.3740234375 0.8935546875 0.037109375 0.037109375
0 0.1103515625 0.8935546875 0.033203125 0.037109375
0 0.2705078125 0.8896484375 0.037109375 0.037109375
0 0.4580078125 0.87890625 0.017578125 0.01953125
0 0.923828125 0.880859375 0.03515625 0.02734375
0 0.9970703125 0.8701171875 0.005859375 0.009765625
0 0.51171875 0.88671875 0.05078125 0.046875
0 0.1337890625 0.8720703125 0.025390625 0.025390625
0 0.3505859375 0.8828125 0.044921875 0.0546875
0 0.529296875 0.86328125 0.01953125 0.01953125
0 0.4794921875 0.8642578125 0.021484375 0.021484375
0 0.888671875 0.8662109375 0.03125 0.029296875
0 0.44140625 0.86328125 0.03125 0.03125
0 0.9404296875 0.857421875 0.021484375 0.0234375
0 0.3330078125 0.86328125 0.044921875 0.05078125
0 0.240234375 0.8603515625 0.05859375 0.056640625
0 0.560546875 0.8466796875 0.03515625 0.037109375
0 0.4228515625 0.8447265625 0.033203125 0.033203125
0 0.0302734375 0.859375 0.052734375 0.0625
0 0.9677734375 0.837890625 0.021484375 0.0234375
0 0.1591796875 0.8388671875 0.025390625 0.037109375
0 0.3134765625 0.84375 0.044921875 0.0546875
0 0.9248046875 0.830078125 0.033203125 0.03125
0 0.404296875 0.826171875 0.03515625 0.03515625
0 0.072265625 0.8232421875 0.0390625 0.033203125
0 0.5234375 0.828125 0.05078125 0.05078125
0 0.294921875 0.826171875 0.04296875 0.0546875
0 0.75390625 0.857421875 0.12109375 0.125
0 0.18359375 0.8115234375 0.0234375 0.033203125
0 0.38671875 0.806640625 0.03125 0.03125
0 0.271484375 0.8115234375 0.0546875 0.060546875
0 0.95703125 0.7958984375 0.03125 0.033203125
0 0.1015625 0.7919921875 0.02734375 0.033203125
0 0.369140625 0.7890625 0.03125 0.03125
0 0.0078125 0.7822265625 0.015625 0.025390625
0 0.501953125 0.7939453125 0.05859375 0.056640625
0 0.4296875 0.7880859375 0.04296875 0.044921875
0 0.20703125 0.7841796875 0.02734375 0.037109375
0 0.876953125 0.77734375 0.03515625 0.0390625
0 0.3505859375 0.76953125 0.037109375 0.03515625
0 0.125 0.765625 0.02734375 0.02734375
0 0.8076171875 0.759765625 0.041015625 0.04296875
0 0.232421875 0.7568359375 0.02734375 0.037109375
0 0.33203125 0.751953125 0.03515625 0.03515625
0 0.6298828125 0.75 0.041015625 0.0390625
0 0.4599609375 0.7548828125 0.060546875 0.060546875
0 0.15234375 0.7392578125 0.03515625 0.037109375
0 0.83203125 0.736328125 0.04296875 0.04296875
0 0.7275390625 0.7265625 0.033203125 0.03125
0 0.9248046875 0.7265625 0.041015625 0.0390625
0 0.0546875 0.724609375 0.03515625 0.04296875
0 0.18359375 0.7138671875 0.04296875 0.025390625
0 0.4013671875 0.720703125 0.044921875 0.04296875
0 0.033203125 0.705078125 0.04296875 0.02734375
0 0.8583984375 0.7080078125 0.037109375 0.037109375
0 0.9189453125 0.6953125 0.021484375 0.01953125
0 0.5849609375 0.701171875 0.041015625 0.0390625
0 0.4267578125 0.6953125 0.033203125 0.03125
0 0.681640625 0.7158203125 0.06640625 0.087890625
0 0.095703125 0.689453125 0.03125 0.03515625
0 0.890625 0.7158203125 0.0625 0.107421875
0 0.763671875 0.6962890625 0.07421875 0.068359375
0 0.2099609375 0.681640625 0.037109375 0.0390625
0 0.5595703125 0.6787109375 0.037109375 0.041015625
0 0.962890625 0.6865234375 0.05859375 0.064453125
0 0.015625 0.6650390625 0.03125 0.037109375
0 0.7138671875 0.6640625 0.037109375 0.0390625
0 0.615234375 0.6640625 0.0390625 0.0390625
0 0.1279296875 0.66015625 0.029296875 0.03125
0 0.8017578125 0.662109375 0.041015625 0.04296875
0 0.232421875 0.66015625 0.0390625 0.0390625
0 0.9033203125 0.6591796875 0.041015625 0.041015625
0 0.0419921875 0.6513671875 0.033203125 0.033203125
0 0.9873046875 0.65234375 0.025390625 0.0390625
0 0.5341796875 0.6533203125 0.037109375 0.041015625
0 0.1083984375 0.6396484375 0.021484375 0.021484375
0 0.828125 0.6416015625 0.03515625 0.033203125
0 0.7333984375 0.6435546875 0.041015625 0.037109375
0 0.99609375 0.626953125 0.0078125 0.01171875
0 0.6357421875 0.638671875 0.041015625 0.0390625
0 0.9248046875 0.634765625 0.041015625 0.0390625
0 0.9853515625 0.6201171875 0.017578125 0.017578125
0 0.755859375 0.6181640625 0.0390625 0.037109375
0 0.658203125 0.6142578125 0.0390625 0.037109375
0 0.1708984375 0.61328125 0.037109375 0.03515625
0 0.947265625 0.619140625 0.0390625 0.0546875
0 0.07421875 0.607421875 0.03515625 0.03125
0 0.8486328125 0.609375 0.044921875 0.04296875
0 0.591796875 0.5986328125 0.0390625 0.037109375
0 0.7802734375 0.5927734375 0.037109375 0.037109375
0 0.31640625 0.62890625 0.11328125 0.11328125
0 0.046875 0.5908203125 0.03515625 0.037109375
0 0.96484375 0.5908203125 0.0390625 0.041015625
0 0.681640625 0.58984375 0.0390625 0.0390625
0 0.1943359375 0.5908203125 0.037109375 0.041015625
0 0.8720703125 0.5849609375 0.044921875 0.044921875
0 0.4462890625 0.576171875 0.033203125 0.0390625
0 0.6142578125 0.57421875 0.037109375 0.0390625
0 0.8046875 0.568359375 0.03515625 0.03515625
0 0.5 0.5830078125 0.0625 0.064453125
0 0.2177734375 0.568359375 0.037109375 0.0390625
0 0.033203125 0.5625 0.03125 0.03125
0 0.705078125 0.5625 0.03515625 0.03515625
0 0.892578125 0.560546875 0.04296875 0.04296875
0 0.541015625 0.548828125 0.0234375 0.0234375
0 0.6357421875 0.5498046875 0.037109375 0.037109375
0 0.4248046875 0.548828125 0.037109375 0.03515625
0 0.1455078125 0.5498046875 0.044921875 0.041015625
0 0.9951171875 0.5361328125 0.009765625 0.017578125
0 0.8271484375 0.54296875 0.037109375 0.03515625
0 0.0146484375 0.5439453125 0.029296875 0.037109375
0 0.7255859375 0.5390625 0.033203125 0.03515625
0 0.912109375 0.5400390625 0.046875 0.041015625
0 0.560546875 0.529296875 0.0234375 0.0234375
0 0.109375 0.53125 0.0390625 0.0390625
0 0.142578125 0.515625 0.015625 0.015625
0 0.005859375 0.517578125 0.01171875 0.01953125
0 0.84765625 0.5205078125 0.03515625 0.033203125
0 0.6611328125 0.5244140625 0.044921875 0.041015625
0 0.3984375 0.525390625 0.02734375 0.04296875
0 0.513671875 0.509765625 0.0234375 0.0234375
0 0.255859375 0.525390625 0.05859375 0.05859375
0 0.4599609375 0.5009765625 0.017578125 0.017578125
0 0.083984375 0.5078125 0.03125 0.03125
0 0.5849609375 0.5029296875 0.025390625 0.025390625
0 0.8681640625 0.498046875 0.033203125 0.03515625
0 0.6806640625 0.5 0.041015625 0.0390625
0 0.4228515625 0.49609375 0.037109375 0.03515625
0 0.9560546875 0.4931640625 0.041015625 0.041015625
0 0.7607421875 0.5009765625 0.060546875 0.060546875
0 0.5341796875 0.482421875 0.025390625 0.02734375
0 0.4501953125 0.4755859375 0.025390625 0.025390625
0 0.2138671875 0.48046875 0.037109375 0.03515625
0 0.0625 0.4814453125 0.0390625 0.041015625
0 0.1328125 0.4765625 0.04296875 0.0390625
0 0.7041015625 0.474609375 0.041015625 0.0390625
0 0.796875 0.4677734375 0.03515625 0.033203125
0 0.978515625 0.466796875 0.0390625 0.0390625
0 0.4697265625 0.45703125 0.033203125 0.0234375
0 0.0390625 0.4609375 0.03515625 0.03515625
0 0.61328125 0.4599609375 0.03515625 0.037109375
0 0.1904296875 0.45703125 0.041015625 0.0390625
0 0.0810546875 0.4482421875 0.021484375 0.021484375
0 0.7275390625 0.451171875 0.033203125 0.03125
0 0.9130859375 0.458984375 0.041015625 0.05078125
0 0.8134765625 0.4482421875 0.033203125 0.033203125
0 0.5712890625 0.4365234375 0.017578125 0.017578125
0 0.0185546875 0.443359375 0.037109375 0.03515625
0 0.4892578125 0.435546875 0.029296875 0.0234375
0 0.6328125 0.435546875 0.0390625 0.04296875
0 0.6005859375 0.423828125 0.017578125 0.01953125
0 0.3896484375 0.427734375 0.025390625 0.02734375
0 0.349609375 0.4482421875 0.07421875 0.068359375
0 0.751953125 0.42578125 0.03515625 0.03515625
0 0.990234375 0.4287109375 0.01953125 0.052734375
0 0.509765625 0.4140625 0.02734375 0.0234375
0 0.177734375 0.421875 0.04296875 0.04296875
0 0.3662109375 0.41015625 0.021484375 0.0234375
0 0.4140625 0.408203125 0.02734375 0.02734375
0 0.654296875 0.4140625 0.04296875 0.04296875
0 0.3125 0.4140625 0.0546875 0.0546875
0 0.7666015625 0.4033203125 0.037109375 0.037109375
0 0.947265625 0.4140625 0.05859375 0.0625
0 0.5283203125 0.3876953125 0.025390625 0.025390625
0 0.6748046875 0.390625 0.041015625 0.0390625
0 0.4375 0.384765625 0.02734375 0.02734375
0 0.3984375 0.3818359375 0.0234375 0.021484375
0 0.103515625 0.4033203125 0.09765625 0.072265625
0 0.02734375 0.37890625 0.02734375 0.02734375
0 0.009765625 0.3876953125 0.01953125 0.048828125
0 0.9794921875 0.3779296875 0.037109375 0.037109375
0 0.55078125 0.3701171875 0.03125 0.025390625
0 0.8447265625 0.36328125 0.017578125 0.015625
0 0.4580078125 0.36328125 0.025390625 0.02734375
0 0.8349609375 0.380859375 0.083984375 0.08203125
0 0.7041015625 0.3642578125 0.056640625 0.052734375
0 0.6572265625 0.34765625 0.021484375 0.01953125
0 0.9912109375 0.34765625 0.017578125 0.03125
0 0.5712890625 0.34375 0.029296875 0.03125
0 0.478515625 0.33984375 0.02734375 0.02734375
0 0.921875 0.3330078125 0.0390625 0.037109375
0 0.3759765625 0.328125 0.029296875 0.02734375
0 0.8701171875 0.3544921875 0.107421875 0.083984375
0 0.6875 0.32421875 0.01953125 0.0234375
0 0.5927734375 0.32421875 0.033203125 0.02734375
0 0.5009765625 0.318359375 0.029296875 0.02734375
0 0.458984375 0.3125 0.01953125 0.01953125
0 0.400390625 0.3076171875 0.0390625 0.025390625
0 0.6181640625 0.3046875 0.033203125 0.03125
0 0.05859375 0.306640625 0.03515625 0.03515625
0 0.8671875 0.306640625 0.0546875 0.0390625
0 0.234375 0.32421875 0.046875 0.07421875
0 0.005859375 0.3037109375 0.01171875 0.033203125
0 0.7529296875 0.3046875 0.037109375 0.0390625
0 0.1865234375 0.294921875 0.033203125 0.03125
0 0.5205078125 0.29296875 0.037109375 0.03515625
0 0.7216796875 0.28125 0.021484375 0.01953125
0 0.7744140625 0.287109375 0.037109375 0.03515625
0 0.4208984375 0.28125 0.029296875 0.0234375
0 0.6396484375 0.2880859375 0.037109375 0.041015625
0 0.880859375 0.283203125 0.0390625 0.0390625
0 0.970703125 0.2802734375 0.0390625 0.037109375
0 0.30859375 0.2919921875 0.0625 0.060546875
0 0.7353515625 0.265625 0.021484375 0.01953125
0 0.5390625 0.2724609375 0.02734375 0.033203125
0 0.439453125 0.263671875 0.03125 0.0234375
0 0.029296875 0.2666015625 0.0390625 0.037109375
0 0.7958984375 0.263671875 0.037109375 0.0390625
0 0.4892578125 0.2529296875 0.017578125 0.021484375
0 0.92578125 0.2802734375 0.08984375 0.083984375
0 0.21875 0.2578125 0.0390625 0.0390625
0 0.986328125 0.2548828125 0.02734375 0.041015625
0 0.55859375 0.25 0.02734375 0.03515625
0 0.7548828125 0.2412109375 0.021484375 0.021484375
0 0.73046875 0.2421875 0.01953125 0.0234375
0 0.142578125 0.244140625 0.02734375 0.03125
0 0.6826171875 0.2451171875 0.041015625 0.037109375
0 0.81640625 0.244140625 0.0390625 0.0390625
0 0.458984375 0.2392578125 0.02734375 0.029296875
0 0.51171875 0.232421875 0.01953125 0.01953125
0 0.998046875 0.22265625 0.00390625 0.00390625
0 0.9228515625 0.23828125 0.044921875 0.04296875
0 0.240234375 0.232421875 0.0390625 0.0390625
0 0.7734375 0.21875 0.01953125 0.01953125
0 0.833984375 0.22265625 0.0390625 0.03515625
0 0.4814453125 0.22265625 0.033203125 0.03515625
0 0.693359375 0.2177734375 0.02734375 0.029296875
0 0.5712890625 0.220703125 0.041015625 0.03515625
0 0.544921875 0.2021484375 0.01953125 0.017578125
0 0.2626953125 0.2158203125 0.037109375 0.052734375
0 0.7724609375 0.197265625 0.021484375 0.01953125
0 0.7138671875 0.1982421875 0.029296875 0.025390625
0 0.9970703125 0.189453125 0.005859375 0.01171875
0 0.8564453125 0.19921875 0.037109375 0.03515625
0 0.5029296875 0.1962890625 0.033203125 0.029296875
0 0.1845703125 0.1962890625 0.033203125 0.033203125
0 0.8037109375 0.185546875 0.021484375 0.01953125
0 0.287109375 0.19140625 0.03515625 0.0546875
0 0.9599609375 0.205078125 0.064453125 0.0859375
0 0.5263671875 0.1806640625 0.037109375 0.037109375
0 0.109375 0.177734375 0.02734375 0.03125
0 0.7333984375 0.171875 0.025390625 0.02734375
0 0.8798828125 0.1728515625 0.037109375 0.037109375
0 0.8251953125 0.162109375 0.021484375 0.0234375
0 0.20703125 0.1669921875 0.03515625 0.037109375
0 0.6357421875 0.1630859375 0.037109375 0.037109375
0 0.6083984375 0.169921875 0.052734375 0.05859375
0 0.9853515625 0.1591796875 0.029296875 0.041015625
0 0.75390625 0.1484375 0.02734375 0.02734375
0 0.9013671875 0.15234375 0.037109375 0.0390625
0 0.662109375 0.1435546875 0.03515625 0.033203125
0 0.228515625 0.142578125 0.03515625 0.03515625
0 0.134765625 0.1728515625 0.05859375 0.095703125
0 0.9951171875 0.130859375 0.009765625 0.015625
0 0.857421875 0.130859375 0.01953125 0.01953125
0 0.5693359375 0.1328125 0.037109375 0.03515625
0 0.7744140625 0.1279296875 0.025390625 0.029296875
0 0.9228515625 0.12890625 0.037109375 0.03515625
0 0.646484375 0.1181640625 0.015625 0.013671875
0 0.619140625 0.1162109375 0.015625 0.017578125
0 0.1630859375 0.12890625 0.041015625 0.05078125
0 0.251953125 0.119140625 0.0390625 0.03515625
0 0.8779296875 0.1064453125 0.021484375 0.021484375
0 0.5869140625 0.111328125 0.033203125 0.03125
0 0.7978515625 0.1044921875 0.029296875 0.025390625
0 0.6787109375 0.109375 0.041015625 0.046875
0 0.080078125 0.107421875 0.04296875 0.04296875
0 0.1826171875 0.10546875 0.041015625 0.05078125
0 0.7021484375 0.0966796875 0.037109375 0.037109375
0 0.275390625 0.09375 0.03515625 0.0390625
0 0.9501953125 0.0986328125 0.052734375 0.052734375
0 0.896484375 0.0830078125 0.01953125 0.021484375
0 0.607421875 0.087890625 0.03125 0.03125
0 0.8173828125 0.0849609375 0.029296875 0.029296875
0 0.72265625 0.078125 0.02734375 0.03125
0 0.6875 0.0703125 0.015625 0.015625
0 0.1015625 0.0810546875 0.0546875 0.037109375
0 0.919921875 0.0615234375 0.01953125 0.017578125
0 0.630859375 0.068359375 0.0390625 0.03515625
0 0.2978515625 0.0693359375 0.037109375 0.037109375
0 0.984375 0.06640625 0.03125 0.0390625
0 0.8408203125 0.0615234375 0.033203125 0.029296875
0 0.7412109375 0.056640625 0.037109375 0.02734375
0 0.1220703125 0.0537109375 0.052734375 0.037109375
0 0.05859375 0.0498046875 0.04296875 0.041015625
0 0.65234375 0.0458984375 0.04296875 0.037109375
0 0.3193359375 0.0458984375 0.037109375 0.037109375
0 0.9560546875 0.04296875 0.037109375 0.03515625
0 0.8603515625 0.0380859375 0.025390625 0.025390625
0 0.2861328125 0.03515625 0.025390625 0.0234375
0 0.12890625 0.025390625 0.01953125 0.015625
0 0.154296875 0.0283203125 0.02734375 0.025390625
0 0.763671875 0.0322265625 0.0390625 0.037109375
0 0.5556640625 0.0283203125 0.037109375 0.037109375
0 0.2314453125 0.064453125 0.091796875 0.109375
0 0.669921875 0.0234375 0.03125 0.03125
0 0.3388671875 0.025390625 0.037109375 0.03515625
0 0.9208984375 0.0224609375 0.037109375 0.033203125
0 0.7880859375 0.0146484375 0.025390625 0.025390625
0 0.439453125 0.08203125 0.20703125 0.16015625
0 0.8916015625 0.01171875 0.033203125 0.0234375
0 0.724609375 0.001953125 0.00390625 0.00390625
0 0.69140625 0.0078125 0.03515625 0.015625
0 0.607421875 0.001953125 0.00390625 0.00390625
0 0.5751953125 0.01171875 0.041015625 0.0234375
0 0.521484375 0.0078125 0.0234375 0.015625
0 0.5048828125 0.001953125 0.005859375 0.00390625
0 0.3056640625 0.01171875 0.025390625 0.0234375
0 0.2744140625 0.0107421875 0.033203125 0.021484375
0 0.1748046875 0.0126953125 0.041015625 0.025390625
0 0.14453125 0.00390625 0.01171875 0.0078125
0 0.0986328125 0.0107421875 0.041015625 0.021484375