0 0.4296875 0.998046875 0.00390625 0.00390625
0 0.9541015625 0.99609375 0.013671875 0.0078125
0 0.712890625 0.99609375 0.0234375 0.0078125
0 0.2890625 0.99609375 0.015625 0.0078125
0 0.9775390625 0.9921875 0.029296875 0.015625
0 0.865234375 0.9912109375 0.01953125 0.017578125
0 0.5234375 0.9912109375 0.0234375 0.017578125
0 0.0947265625 0.990234375 0.025390625 0.01953125
0 0.837890625 0.9873046875 0.03515625 0.025390625
0 0.474609375 0.9873046875 0.03125 0.025390625
0 0.58984375 0.986328125 0.03515625 0.02734375
0 0.337890625 0.986328125 0.0390625 0.02734375
0 0.025390625 0.986328125 0.0390625 0.02734375
0 0.916015625 0.982421875 0.03515625 0.03515625
0 0.634765625 0.9794921875 0.04296875 0.033203125
0 0.373046875 0.9775390625 0.03125 0.033203125
0 0.1298828125 0.9755859375 0.033203125 0.033203125
0 0.9619140625 0.96875 0.029296875 0.02734375
0 0.517578125 0.9658203125 0.03125 0.021484375
0 0.40625 0.9658203125 0.03515625 0.037109375
0 0.017578125 0.9609375 0.03515625 0.02734375
0 0.1767578125 0.958984375 0.029296875 0.03125
0 0.5107421875 0.9453125 0.033203125 0.01953125
0 0.578125 0.951171875 0.03515625 0.03515625
0 0.1171875 0.9404296875 0.01953125 0.017578125
0 0.986328125 0.943359375 0.02734375 0.02734375
0 0.939453125 0.9423828125 0.03125 0.029296875
0 0.4638671875 0.9453125 0.033203125 0.03515625
0 0.212890625 0.943359375 0.03125 0.03515625
0 0.01171875 0.9365234375 0.0234375 0.025390625
0 0.078125 0.9423828125 0.04296875 0.044921875
0 0.6953125 0.927734375 0.04296875 0.03125
0 0.2470703125 0.927734375 0.041015625 0.0390625
0 0.1513671875 0.9208984375 0.021484375 0.025390625
0 0.87109375 0.9228515625 0.0390625 0.033203125
0 0.623046875 0.93359375 0.05078125 0.0625
0 0.486328125 0.91796875 0.0234375 0.03515625
0 0.0078125 0.91015625 0.015625 0.0234375
0 0.0654296875 0.9091796875 0.029296875 0.025390625
0 0.8037109375 0.9228515625 0.037109375 0.064453125
0 0.5087890625 0.9091796875 0.025390625 0.037109375
0 0.9931640625 0.904296875 0.013671875 0.03515625
0 0.1015625 0.900390625 0.0234375 0.02734375
0 0.685546875 0.8955078125 0.04296875 0.033203125
0 0.861328125 0.890625 0.03515625 0.02734375
0 0.126953125 0.890625 0.0234375 0.02734375
0 0.0048828125 0.88671875 0.009765625 0.0234375
0 0.9892578125 0.8759765625 0.021484375 0.013671875
0 0.2060546875 0.8779296875 0.017578125 0.017578125
0 0.23828125 0.8798828125 0.03125 0.025390625
0 0.9326171875 0.8955078125 0.037109375 0.060546875
0 0.1484375 0.8837890625 0.03125 0.037109375
0 0.1708984375 0.87109375 0.033203125 0.03515625
0 0.58203125 0.884765625 0.09765625 0.0703125
0 0.048828125 0.8623046875 0.02734375 0.025390625
0 0.22265625 0.857421875 0.02734375 0.0234375
0 0.990234375 0.853515625 0.01953125 0.0234375
0 0.1171875 0.837890625 0.0234375 0.0234375
0 0.0419921875 0.8388671875 0.029296875 0.025390625
0 0.0830078125 0.8427734375 0.025390625 0.037109375
0 0.314453125 0.8681640625 0.07421875 0.091796875
0 0.37890625 0.8466796875 0.04296875 0.052734375
0 0.671875 0.8505859375 0.0625 0.064453125
0 0.20703125 0.8349609375 0.0390625 0.033203125
0 0.7685546875 0.9033203125 0.111328125 0.193359375
0 0.03515625 0.81640625 0.02734375 0.0234375
0 0.189453125 0.8125 0.02734375 0.02734375
0 0.453125 0.83203125 0.125 0.078125
0 0.271484375 0.8115234375 0.046875 0.037109375
0 0.13671875 0.7978515625 0.0234375 0.025390625
0 0.951171875 0.82421875 0.09765625 0.08203125
0 0.91796875 0.802734375 0.05078125 0.0390625
0 0.5302734375 0.798828125 0.029296875 0.03515625
0 0.0283203125 0.791015625 0.029296875 0.0234375
0 0.1142578125 0.7890625 0.025390625 0.0234375
0 0.3193359375 0.7919921875 0.041015625 0.044921875
0 0.087890625 0.7802734375 0.0234375 0.021484375
0 0.56640625 0.7734375 0.0234375 0.0234375
0 0.0654296875 0.771484375 0.021484375 0.0234375
0 0.03125 0.7607421875 0.03125 0.033203125
0 0.59765625 0.7626953125 0.046875 0.048828125
0 0.189453125 0.7490234375 0.03125 0.033203125
0 0.677734375 0.7421875 0.03125 0.02734375
0 0.3779296875 0.75 0.068359375 0.05859375
0 0.1552734375 0.736328125 0.029296875 0.0390625
0 0.525390625 0.732421875 0.0234375 0.0390625
0 0.4736328125 0.7275390625 0.025390625 0.029296875
0 0.1962890625 0.7216796875 0.021484375 0.017578125
0 0.1328125 0.728515625 0.02734375 0.03515625
0 0.4365234375 0.7255859375 0.033203125 0.037109375
0 0.109375 0.720703125 0.02734375 0.03515625
0 0.052734375 0.708984375 0.02734375 0.0234375
0 0.0869140625 0.712890625 0.029296875 0.03515625
0 0.0029296875 0.6953125 0.005859375 0.01171875
0 0.1962890625 0.7001953125 0.033203125 0.025390625
0 0.337890625 0.701171875 0.0390625 0.05078125
0 0.255859375 0.693359375 0.03125 0.0390625
0 0.0615234375 0.6865234375 0.029296875 0.025390625
0 0.2939453125 0.7060546875 0.044921875 0.076171875
0 0.0068359375 0.6748046875 0.013671875 0.021484375
0 0.19921875 0.669921875 0.02734375 0.0390625
0 0.9775390625 0.6767578125 0.044921875 0.072265625
0 0.1640625 0.6611328125 0.02734375 0.041015625
0 0.0107421875 0.654296875 0.021484375 0.02734375
0 0.5986328125 0.65234375 0.037109375 0.03515625
0 0.78125 0.666015625 0.13671875 0.06640625
0 0.5478515625 0.646484375 0.025390625 0.02734375
0 0.138671875 0.6484375 0.0234375 0.03125
0 0.1171875 0.640625 0.02734375 0.03515625
0 0.580078125 0.625 0.015625 0.015625
0 0.0185546875 0.6298828125 0.025390625 0.025390625
0 0.078125 0.642578125 0.046875 0.0703125
0 0.478515625 0.626953125 0.0234375 0.04296875
0 0.3447265625 0.6181640625 0.029296875 0.025390625
0 0.3896484375 0.6181640625 0.033203125 0.033203125
0 0.029296875 0.603515625 0.03125 0.03125
0 0.5576171875 0.591796875 0.025390625 0.0234375
0 0.48046875 0.5869140625 0.015625 0.017578125
0 0.8818359375 0.6123046875 0.107421875 0.091796875
0 0.3984375 0.5693359375 0.04296875 0.021484375
0 0.65234375 0.5732421875 0.0390625 0.041015625
0 0.5625 0.56640625 0.02734375 0.02734375
0 0.63671875 0.5546875 0.01953125 0.02734375
0 0.4951171875 0.5556640625 0.033203125 0.029296875
0 0.6181640625 0.548828125 0.017578125 0.0234375
0 0.96875 0.5673828125 0.0625 0.064453125
0 0.455078125 0.546875 0.03515625 0.02734375
0 0.572265625 0.5390625 0.03125 0.0234375
0 0.396484375 0.5400390625 0.03125 0.025390625
0 0.3564453125 0.5595703125 0.033203125 0.076171875
0 0.705078125 0.6044921875 0.13671875 0.173828125
0 0.8427734375 0.546875 0.064453125 0.0625
0 0.5126953125 0.4951171875 0.037109375 0.025390625
0 0.900390625 0.5009765625 0.0546875 0.044921875
0 0.580078125 0.490234375 0.03125 0.0234375
0 0.6396484375 0.498046875 0.033203125 0.04296875
0 0.5166015625 0.46875 0.044921875 0.0234375
0 0.58984375 0.455078125 0.03515625 0.0234375
0 0.779296875 0.478515625 0.10546875 0.1015625
0 0.59375 0.416015625 0.03515625 0.046875
0 0.6943359375 0.40625 0.083984375 0.05859375
0 0.6171875 0.376953125 0.05078125 0.03515625
0 0.22265625 0.4873046875 0.12890625 0.263671875
0 0.0947265625 0.4345703125 0.185546875 0.212890625
0 0.791015625 0.3369140625 0.0390625 0.021484375
0 0.3505859375 0.3916015625 0.080078125 0.130859375
0 0.7333984375 0.328125 0.041015625 0.03515625
0 0.65234375 0.333984375 0.09375 0.046875
0 0.9931640625 0.3212890625 0.013671875 0.033203125
0 0.478515625 0.3408203125 0.15625 0.083984375
0 0.7080078125 0.28515625 0.021484375 0.01953125
0 0.7138671875 0.2578125 0.021484375 0.0234375
0 0.498046875 0.283203125 0.1328125 0.09375
0 0.814453125 0.2802734375 0.06640625 0.099609375
0 0.7587890625 0.265625 0.052734375 0.08203125
0 0.7197265625 0.234375 0.021484375 0.01953125
0 0.677734375 0.234375 0.03125 0.03515625
0 0.6474609375 0.21875 0.029296875 0.01953125
0 0.00390625 0.2119140625 0.0078125 0.025390625
0 0.7314453125 0.2041015625 0.029296875 0.037109375
0 0.9453125 0.2978515625 0.109375 0.240234375
0 0.8505859375 0.19140625 0.064453125 0.08984375
0 0.9130859375 0.15625 0.052734375 0.07421875
0 0.876953125 0.1298828125 0.0390625 0.029296875
0 0.794921875 0.1669921875 0.07421875 0.115234375
0 0.763671875 0.12109375 0.0546875 0.046875
0 0.6845703125 0.1025390625 0.052734375 0.048828125
0 0.9765625 0.0751953125 0.046875 0.052734375
0 0.751953125 0.0400390625 0.15234375 0.080078125
0 0.3876953125 0.0703125 0.365234375 0.140625
0 0.076171875 0.0341796875 0.12109375 0.068359375