0 0.4296875 0.986328125 0.1640625 0.02734375
0 0.80859375 0.982421875 0.0703125 0.03515625
0 0.9873046875 0.98046875 0.025390625 0.0390625
0 0.9423828125 0.8740234375 0.021484375 0.021484375
0 0.3125 0.921875 0.625 0.15625
0 0.916015625 0.8388671875 0.03515625 0.033203125
0 0.931640625 0.8212890625 0.0390625 0.029296875
0 0.8662109375 0.8720703125 0.146484375 0.142578125
0 0.953125 0.794921875 0.03515625 0.02734375
0 0.99609375 0.783203125 0.0078125 0.01171875
0 0.9208984375 0.7802734375 0.021484375 0.017578125
0 0.0361328125 0.72265625 0.072265625 0.1015625
0 0.9013671875 0.560546875 0.060546875 0.08203125
0 0.8408203125 0.6142578125 0.048828125 0.193359375
0 0.7470703125 0.529296875 0.033203125 0.03515625
0 0.2578125 0.568359375 0.08984375 0.18359375
0 0.4716796875 0.5869140625 0.212890625 0.224609375
0 0.17578125 0.560546875 0.0703125 0.171875
0 0.98828125 0.3232421875 0.01953125 0.037109375
0 0.76171875 0.3017578125 0.01953125 0.017578125
0 0.953125 0.3134765625 0.02734375 0.044921875
0 0.9208984375 0.29296875 0.025390625 0.03515625
0 0.88671875 0.27734375 0.0234375 0.03515625
0 0.744140625 0.2705078125 0.0234375 0.029296875
0 0.671875 0.2646484375 0.01953125 0.017578125
0 0.9970703125 0.24609375 0.005859375 0.015625
0 0.82421875 0.251953125 0.0390625 0.04296875
0 0.6806640625 0.2353515625 0.041015625 0.037109375
0 0.74609375 0.2119140625 0.03125 0.033203125
0 0.7099609375 0.189453125 0.021484375 0.01953125
0 0.6318359375 0.1767578125 0.021484375 0.025390625
0 0.5234375 0.166015625 0.01953125 0.0234375
0 0.6025390625 0.169921875 0.025390625 0.0390625
0 0.5693359375 0.16015625 0.021484375 0.02734375
0 0.947265625 0.173828125 0.05859375 0.078125
0 0.9033203125 0.1396484375 0.017578125 0.017578125
0 0.548828125 0.1337890625 0.03125 0.041015625
0 0.46484375 0.1083984375 0.0234375 0.029296875
0 0.7490234375 0.111328125 0.029296875 0.046875
0 0.6591796875 0.099609375 0.029296875 0.03515625
0 0.77734375 0.0859375 0.015625 0.01953125
0 0.427734375 0.08984375 0.02734375 0.03515625
0 0.998046875 0.072265625 0.00390625 0.00390625
0 0.6982421875 0.078125 0.017578125 0.01953125
0 0.392578125 0.080078125 0.02734375 0.0390625
0 0.3076171875 0.07421875 0.021484375 0.02734375
0 0.6103515625 0.072265625 0.029296875 0.0390625
0 0.361328125 0.0595703125 0.02734375 0.025390625
0 0.2490234375 0.05859375 0.029296875 0.02734375
0 0.6962890625 0.0458984375 0.029296875 0.025390625
0 0.5546875 0.048828125 0.03125 0.03125
0 0.7880859375 0.0400390625 0.021484375 0.021484375
0 0.20703125 0.0361328125 0.015625 0.017578125
0 0.181640625 0.03515625 0.02734375 0.02734375
0 0.759765625 0.029296875 0.0234375 0.01953125
0 0.3125 0.03515625 0.03125 0.0390625
0 0.73046875 0.0263671875 0.0234375 0.025390625
0 0.2763671875 0.025390625 0.029296875 0.03125
0 0.7041015625 0.013671875 0.021484375 0.0234375
0 0.6416015625 0.0146484375 0.029296875 0.029296875
0 0.6142578125 0.0078125 0.021484375 0.015625
0 0.5791015625 0.0068359375 0.029296875 0.013671875
0 0.5341796875 0.0068359375 0.021484375 0.013671875
0 0.4853515625 0.0126953125 0.033203125 0.025390625
0 0.443359375 0.0107421875 0.02734375 0.021484375