0 0.6298828125 0.998046875 0.005859375 0.00390625
0 0.529296875 0.9951171875 0.01953125 0.009765625
0 0.095703125 0.9951171875 0.015625 0.009765625
0 0.8291015625 0.994140625 0.021484375 0.01171875
0 0.6513671875 0.9873046875 0.025390625 0.025390625
0 0.7998046875 0.986328125 0.033203125 0.02734375
0 0.55859375 0.984375 0.03515625 0.03125
0 0.978515625 0.9814453125 0.04296875 0.037109375
0 0.7744140625 0.9755859375 0.033203125 0.033203125
0 0.671875 0.96484375 0.02734375 0.02734375
0 0.748046875 0.9609375 0.03515625 0.03125
0 0.5791015625 0.962890625 0.037109375 0.03515625
0 0.900390625 0.9501953125 0.0234375 0.025390625
0 0.6923828125 0.943359375 0.025390625 0.02734375
0 0.8564453125 0.9423828125 0.029296875 0.029296875
0 0.599609375 0.9404296875 0.0390625 0.033203125
0 0.9375 0.919921875 0.01953125 0.0234375
0 0.1845703125 0.9287109375 0.041015625 0.041015625
0 0.7119140625 0.919921875 0.025390625 0.02734375
0 0.7998046875 0.912109375 0.025390625 0.02734375
0 0.62109375 0.916015625 0.03515625 0.03515625
0 0.63671875 0.8974609375 0.03515625 0.033203125
0 0.9853515625 0.890625 0.029296875 0.02734375
0 0.5341796875 0.8935546875 0.033203125 0.033203125
0 0.833984375 0.880859375 0.03515625 0.03125
0 0.6572265625 0.876953125 0.037109375 0.03515625
0 0.7587890625 0.8740234375 0.044921875 0.044921875
0 0.5556640625 0.8681640625 0.033203125 0.033203125
0 0.7255859375 0.857421875 0.025390625 0.02734375
0 0.8583984375 0.8525390625 0.025390625 0.025390625
0 0.0771484375 0.919921875 0.154296875 0.16015625
0 0.99609375 0.8369140625 0.0078125 0.013671875
0 0.7822265625 0.8447265625 0.025390625 0.029296875
0 0.7060546875 0.83984375 0.025390625 0.02734375
0 0.9853515625 0.8251953125 0.025390625 0.025390625
0 0.80078125 0.8271484375 0.02734375 0.029296875
0 0.35546875 0.9052734375 0.1796875 0.189453125
0 0.5947265625 0.8349609375 0.052734375 0.052734375
0 0.71875 0.8115234375 0.015625 0.017578125
0 0.962890625 0.810546875 0.0234375 0.0234375
0 0.6865234375 0.8173828125 0.033203125 0.037109375
0 0.818359375 0.80859375 0.0234375 0.0234375
0 0.4384765625 0.8076171875 0.041015625 0.033203125
0 0.939453125 0.794921875 0.0234375 0.0234375
0 0.8349609375 0.78515625 0.029296875 0.02734375
0 0.638671875 0.7822265625 0.03515625 0.033203125
0 0.548828125 0.794921875 0.07421875 0.06640625
0 0.7353515625 0.7802734375 0.056640625 0.056640625
0 0.09765625 0.83984375 0.1953125 0.17578125
0 0.505859375 0.7587890625 0.02734375 0.033203125
0 0.6103515625 0.7578125 0.029296875 0.03515625
0 0.666015625 0.7470703125 0.0390625 0.037109375
0 0.0517578125 0.744140625 0.033203125 0.03125
0 0.5859375 0.740234375 0.0390625 0.03515625
0 0.4765625 0.7421875 0.0390625 0.04296875
0 0.9892578125 0.7353515625 0.021484375 0.033203125
0 0.76953125 0.740234375 0.0546875 0.05859375
0 0.6845703125 0.7255859375 0.041015625 0.037109375
0 0.4560546875 0.72265625 0.037109375 0.0390625
0 0.5546875 0.712890625 0.03125 0.03125
0 0.9677734375 0.703125 0.041015625 0.02734375
0 0.3583984375 0.7060546875 0.033203125 0.033203125
0 0.4365234375 0.7041015625 0.033203125 0.033203125
0 0.705078125 0.7041015625 0.0390625 0.037109375
0 0.2412109375 0.7236328125 0.076171875 0.076171875
0 0.17578125 0.7451171875 0.12890625 0.119140625
0 0.826171875 0.7080078125 0.08203125 0.052734375
0 0.083984375 0.6982421875 0.05078125 0.041015625
0 0.59375 0.6865234375 0.02734375 0.025390625
0 0.7255859375 0.6826171875 0.037109375 0.037109375
0 0.412109375 0.6826171875 0.03515625 0.037109375
0 0.931640625 0.67578125 0.02734375 0.03125
0 0.693359375 0.66796875 0.015625 0.01953125
0 0.5205078125 0.677734375 0.037109375 0.0390625
0 0.61328125 0.66796875 0.0390625 0.0390625
0 0.67578125 0.654296875 0.015625 0.015625
0 0.3857421875 0.6650390625 0.037109375 0.037109375
0 0.7451171875 0.6611328125 0.041015625 0.037109375
0 0.4931640625 0.6630859375 0.044921875 0.044921875
0 0.7138671875 0.646484375 0.017578125 0.015625
0 0.099609375 0.6630859375 0.0546875 0.048828125
0 0.912109375 0.6533203125 0.03515625 0.037109375
0 0.18359375 0.671875 0.08203125 0.078125
0 0.6337890625 0.6455078125 0.029296875 0.029296875
0 0.69140625 0.6357421875 0.015625 0.017578125
0 0.5556640625 0.6376953125 0.029296875 0.029296875
0 0.28125 0.6640625 0.0859375 0.08203125
0 0.7666015625 0.6376953125 0.041015625 0.037109375
0 0.875 0.6298828125 0.0390625 0.033203125
0 0.4736328125 0.634765625 0.044921875 0.046875
0 0.708984375 0.6171875 0.015625 0.015625
0 0.6552734375 0.6279296875 0.041015625 0.037109375
0 0.7880859375 0.6171875 0.037109375 0.03515625
0 0.1201171875 0.6240234375 0.052734375 0.048828125
0 0.7568359375 0.603515625 0.017578125 0.015625
0 0.8974609375 0.6083984375 0.041015625 0.037109375
0 0.6708984375 0.6083984375 0.041015625 0.037109375
0 0.724609375 0.5966796875 0.015625 0.017578125
0 0.587890625 0.595703125 0.02734375 0.02734375
0 0.44921875 0.5986328125 0.03515625 0.033203125
0 0.9951171875 0.5908203125 0.009765625 0.021484375
0 0.330078125 0.6171875 0.078125 0.07421875
0 0.6884765625 0.5888671875 0.037109375 0.037109375
0 0.7451171875 0.578125 0.021484375 0.01953125
0 0.294921875 0.583984375 0.02734375 0.03125
0 0.2158203125 0.60546875 0.083984375 0.08203125
0 0.9775390625 0.5810546875 0.033203125 0.037109375
0 0.9228515625 0.5791015625 0.037109375 0.037109375
0 0.8212890625 0.5859375 0.064453125 0.05859375
0 0.27734375 0.5673828125 0.02734375 0.029296875
0 0.7060546875 0.5693359375 0.037109375 0.037109375
0 0.494140625 0.5673828125 0.0625 0.041015625
0 0.611328125 0.5576171875 0.02734375 0.025390625
0 0.26171875 0.5556640625 0.02734375 0.029296875
0 0.9443359375 0.5556640625 0.037109375 0.037109375
0 0.84765625 0.5517578125 0.0390625 0.037109375
0 0.7236328125 0.548828125 0.037109375 0.03515625
0 0.5107421875 0.54296875 0.052734375 0.03515625
0 0.2333984375 0.54296875 0.048828125 0.046875
0 0.6337890625 0.53125 0.025390625 0.02734375
0 0.8681640625 0.529296875 0.037109375 0.03515625
0 0.82421875 0.51953125 0.015625 0.015625
0 0.7421875 0.529296875 0.0390625 0.03515625
0 0.525390625 0.515625 0.0546875 0.03515625
0 0.7578125 0.5107421875 0.0390625 0.037109375
0 0.8896484375 0.505859375 0.037109375 0.0390625
0 0.9853515625 0.501953125 0.029296875 0.0390625
0 0.162109375 0.53515625 0.0703125 0.10546875
0 0.7783203125 0.4892578125 0.037109375 0.037109375
0 0.3466796875 0.5283203125 0.134765625 0.115234375
0 0.6513671875 0.4921875 0.064453125 0.05078125
0 0.525390625 0.4833984375 0.05859375 0.041015625
0 0.8408203125 0.478515625 0.033203125 0.03515625
0 0.5908203125 0.4658203125 0.064453125 0.048828125
0 0.931640625 0.4619140625 0.0546875 0.052734375
0 0.271484375 0.46484375 0.05078125 0.07421875
0 0.533203125 0.439453125 0.0625 0.05078125
0 0.80859375 0.4609375 0.06640625 0.1015625
0 0.3701171875 0.4365234375 0.173828125 0.099609375
0 0.7548828125 0.408203125 0.052734375 0.0625
0 0.7138671875 0.3818359375 0.041015625 0.044921875
0 0.859375 0.390625 0.078125 0.078125
0 0.2138671875 0.4072265625 0.068359375 0.119140625
0 0.677734375 0.36328125 0.046875 0.0390625
0 0.626953125 0.40625 0.203125 0.125
0 0.4833984375 0.353515625 0.025390625 0.03125
0 0.6328125 0.34375 0.046875 0.04296875
0 0.3994140625 0.3642578125 0.173828125 0.099609375
0 0.4287109375 0.326171875 0.029296875 0.02734375
0 0.8818359375 0.337890625 0.052734375 0.0546875
0 0.580078125 0.3203125 0.0703125 0.046875
0 0.3857421875 0.306640625 0.041015625 0.0390625
0 0.794921875 0.3193359375 0.09765625 0.095703125
0 0.34765625 0.291015625 0.03515625 0.0390625
0 0.51171875 0.287109375 0.03515625 0.03515625
0 0.693359375 0.30078125 0.10546875 0.0703125
0 0.9384765625 0.361328125 0.123046875 0.1953125
0 0.994140625 0.271484375 0.01171875 0.01953125
0 0.47265625 0.2744140625 0.02734375 0.029296875
0 0.4462890625 0.2587890625 0.033203125 0.037109375
0 0.2861328125 0.29296875 0.107421875 0.1171875
0 0.607421875 0.259765625 0.05859375 0.05859375
0 0.0498046875 0.29296875 0.099609375 0.12890625
0 0.4091796875 0.2412109375 0.033203125 0.037109375
0 0.5390625 0.2421875 0.03125 0.04296875
0 0.37890625 0.2294921875 0.0234375 0.025390625
0 0.513671875 0.23046875 0.03125 0.03515625
0 0.48828125 0.2197265625 0.03125 0.037109375
0 0.8349609375 0.2451171875 0.099609375 0.091796875
0 0.349609375 0.21484375 0.03515625 0.0390625
0 0.962890625 0.2314453125 0.07421875 0.076171875
0 0.46484375 0.2099609375 0.02734375 0.037109375
0 0.322265625 0.205078125 0.03125 0.0390625
0 0.4423828125 0.19921875 0.029296875 0.03515625
0 0.419921875 0.1884765625 0.03125 0.037109375
0 0.6708984375 0.2021484375 0.103515625 0.080078125
0 0.5654296875 0.177734375 0.029296875 0.0390625
0 0.3935546875 0.177734375 0.029296875 0.0390625
0 0.5419921875 0.1669921875 0.029296875 0.037109375
0 0.3701171875 0.166015625 0.029296875 0.0390625
0 0.5185546875 0.1552734375 0.029296875 0.037109375
0 0.8935546875 0.181640625 0.103515625 0.09375
0 0.0966796875 0.1708984375 0.091796875 0.076171875
0 0.3408203125 0.15234375 0.041015625 0.046875
0 0.494140625 0.1435546875 0.03125 0.037109375
0 0.3017578125 0.1640625 0.048828125 0.09375
0 0.4697265625 0.1337890625 0.029296875 0.037109375
0 0.587890625 0.1259765625 0.03125 0.025390625
0 0.4482421875 0.1240234375 0.029296875 0.037109375
0 0.80859375 0.1220703125 0.03515625 0.041015625
0 0.96484375 0.150390625 0.0703125 0.109375
0 0.42578125 0.1142578125 0.03125 0.037109375
0 0.7158203125 0.16015625 0.169921875 0.140625
0 0.3974609375 0.1015625 0.029296875 0.0390625
0 0.603515625 0.0888671875 0.05078125 0.056640625
0 0.3935546875 0.0673828125 0.021484375 0.017578125
0 0.34375 0.080078125 0.0703125 0.0546875
0 0.8212890625 0.06640625 0.052734375 0.04296875
0 0.1181640625 0.0927734375 0.099609375 0.099609375
0 0.904296875 0.087890625 0.078125 0.1171875
0 0.564453125 0.06640625 0.0703125 0.07421875
0 0.728515625 0.0751953125 0.12890625 0.095703125
0 0.9716796875 0.0546875 0.056640625 0.109375
0 0.849609375 0.0166015625 0.05859375 0.033203125
0 0.7978515625 0.0068359375 0.021484375 0.013671875
0 0.7080078125 0.0146484375 0.052734375 0.029296875
0 0.6357421875 0.0185546875 0.041015625 0.037109375
0 0.6025390625 0.0048828125 0.021484375 0.009765625
0 0.49609375 0.052734375 0.1171875 0.10546875
0 0.416015625 0.03125 0.078125 0.0625
0 0.3720703125 0.0029296875 0.009765625 0.005859375
0 0.3447265625 0.0263671875 0.056640625 0.052734375
0 0.14453125 0.0048828125 0.03125 0.009765625
0 0.095703125 0.0029296875 0.015625 0.005859375