0 0.533203125 0.998046875 0.00390625 0.00390625
0 0.1435546875 0.99609375 0.013671875 0.0078125
0 0.01953125 0.9951171875 0.0390625 0.009765625
0 0.1162109375 0.9892578125 0.041015625 0.021484375
0 0.9404296875 0.9873046875 0.033203125 0.025390625
0 0.658203125 0.986328125 0.0390625 0.02734375
0 0.4267578125 0.986328125 0.095703125 0.02734375
0 0.884765625 0.9814453125 0.0390625 0.037109375
0 0.595703125 0.9775390625 0.05859375 0.029296875
0 0.361328125 0.9814453125 0.0390625 0.037109375
0 0.9853515625 0.98046875 0.025390625 0.0390625
0 0.3251953125 0.974609375 0.044921875 0.046875
0 0.9091796875 0.9462890625 0.029296875 0.017578125
0 0.150390625 0.9677734375 0.18359375 0.064453125
0 0.9697265625 0.9423828125 0.017578125 0.017578125
0 0.3359375 0.9267578125 0.0390625 0.025390625
0 0.2548828125 0.9443359375 0.099609375 0.076171875
0 0.5419921875 0.927734375 0.037109375 0.0546875
0 0.4443359375 0.9189453125 0.041015625 0.037109375
0 0.396484375 0.919921875 0.046875 0.0390625
0 0.6396484375 0.935546875 0.150390625 0.078125
0 0.49609375 0.935546875 0.05078125 0.078125
0 0.7451171875 0.947265625 0.060546875 0.10546875
0 0.833984375 0.94140625 0.07421875 0.1171875
0 0.8974609375 0.900390625 0.041015625 0.0390625
0 0.958984375 0.8935546875 0.08203125 0.056640625
0 0.0234375 0.853515625 0.046875 0.046875
0 0.1474609375 0.7919921875 0.185546875 0.087890625
0 0.1611328125 0.7421875 0.021484375 0.01953125
0 0.3349609375 0.744140625 0.123046875 0.05078125
0 0.615234375 0.7333984375 0.0546875 0.056640625
0 0.4921875 0.7333984375 0.171875 0.056640625
0 0.720703125 0.73046875 0.140625 0.078125
0 0.546875 0.6875 0.015625 0.0234375
0 0.884765625 0.7080078125 0.10546875 0.076171875
0 0.5009765625 0.6845703125 0.068359375 0.033203125
0 0.970703125 0.6953125 0.05859375 0.08203125
0 0.44921875 0.669921875 0.03125 0.03125
0 0.7724609375 0.638671875 0.033203125 0.03125
0 0.666015625 0.638671875 0.14453125 0.03125
0 0.501953125 0.6181640625 0.03515625 0.029296875
0 0.2109375 0.64453125 0.1015625 0.09765625
0 0.5810546875 0.5927734375 0.025390625 0.021484375
0 0.8212890625 0.60546875 0.021484375 0.05078125
0 0.8505859375 0.6044921875 0.025390625 0.052734375
0 0.8798828125 0.5947265625 0.029296875 0.044921875
0 0.78125 0.5947265625 0.05078125 0.048828125
0 0.623046875 0.587890625 0.0390625 0.03515625
0 0.302734375 0.5888671875 0.03125 0.037109375
0 0.912109375 0.5849609375 0.03125 0.037109375
0 0.9482421875 0.5810546875 0.029296875 0.037109375
0 0.7275390625 0.5791015625 0.029296875 0.037109375
0 0.662109375 0.578125 0.02734375 0.03515625
0 0.984375 0.57421875 0.03125 0.03515625
0 0.2744140625 0.560546875 0.037109375 0.03515625
0 0.439453125 0.5556640625 0.04296875 0.048828125
0 0.1484375 0.5712890625 0.078125 0.083984375
0 0.0380859375 0.5810546875 0.076171875 0.107421875
0 0.83984375 0.5302734375 0.0234375 0.025390625
0 0.806640625 0.529296875 0.02734375 0.02734375
0 0.248046875 0.5322265625 0.03515625 0.033203125
0 0.7783203125 0.5234375 0.025390625 0.01953125
0 0.7421875 0.513671875 0.0234375 0.0234375
0 0.5087890625 0.5224609375 0.037109375 0.041015625
0 0.8876953125 0.5107421875 0.037109375 0.025390625
0 0.1123046875 0.5185546875 0.033203125 0.041015625
0 0.7080078125 0.5078125 0.025390625 0.0234375
0 0.341796875 0.51171875 0.03515625 0.03515625
0 0.634765625 0.5 0.03125 0.0234375
0 0.583984375 0.5087890625 0.03125 0.041015625
0 0.21875 0.5029296875 0.03125 0.037109375
0 0.6689453125 0.4951171875 0.025390625 0.033203125
0 0.09375 0.4921875 0.03515625 0.0390625
0 0.5947265625 0.4775390625 0.025390625 0.013671875
0 0.3095703125 0.484375 0.033203125 0.03515625
0 0.994140625 0.4677734375 0.01171875 0.021484375
0 0.1953125 0.4716796875 0.03515625 0.037109375
0 0.07421875 0.4697265625 0.03125 0.033203125
0 0.2666015625 0.4580078125 0.029296875 0.029296875
0 0.88671875 0.4541015625 0.04296875 0.029296875
0 0.56640625 0.4560546875 0.0234375 0.033203125
0 0.51953125 0.451171875 0.046875 0.0234375
0 0.662109375 0.4482421875 0.03125 0.021484375
0 0.6279296875 0.4501953125 0.021484375 0.029296875
0 0.046875 0.44921875 0.03125 0.03125
0 0.6962890625 0.435546875 0.025390625 0.02734375
0 0.4453125 0.4306640625 0.0390625 0.025390625
0 0.0234375 0.4345703125 0.03125 0.033203125
0 0.7275390625 0.4296875 0.021484375 0.03125
0 0.244140625 0.431640625 0.03515625 0.03515625
0 0.9453125 0.435546875 0.03515625 0.046875
0 0.392578125 0.4306640625 0.04296875 0.037109375
0 0.9873046875 0.4248046875 0.025390625 0.029296875
0 0.7548828125 0.4248046875 0.021484375 0.029296875
0 0.1474609375 0.4267578125 0.044921875 0.048828125
0 0.794921875 0.4150390625 0.02734375 0.029296875
0 0.009765625 0.412109375 0.01953125 0.03125
0 0.8203125 0.4013671875 0.03125 0.041015625
0 0.3291015625 0.392578125 0.041015625 0.03515625
0 0.1025390625 0.390625 0.041015625 0.03515625
0 0.84765625 0.3876953125 0.0390625 0.041015625
0 0.5517578125 0.3740234375 0.029296875 0.025390625
0 0.6376953125 0.3720703125 0.029296875 0.025390625
0 0.59765625 0.375 0.0390625 0.03515625
0 0.2099609375 0.3701171875 0.029296875 0.029296875
0 0.287109375 0.3662109375 0.03125 0.033203125
0 0.6796875 0.36328125 0.04296875 0.03125
0 0.0771484375 0.3662109375 0.044921875 0.041015625
0 0.8720703125 0.3642578125 0.037109375 0.041015625
0 0.7490234375 0.3466796875 0.037109375 0.041015625
0 0.0625 0.3408203125 0.02734375 0.029296875
0 0.9912109375 0.3330078125 0.017578125 0.021484375
0 0.4931640625 0.34765625 0.037109375 0.05078125
0 0.2451171875 0.3359375 0.033203125 0.03515625
0 0.1572265625 0.328125 0.033203125 0.03515625
0 0.9501953125 0.3251953125 0.033203125 0.033203125
0 0.8046875 0.328125 0.03515625 0.04296875
0 0.037109375 0.32421875 0.03515625 0.0390625
0 0.5078125 0.30859375 0.01953125 0.01953125
0 0.583984375 0.3076171875 0.046875 0.029296875
0 0.015625 0.3115234375 0.03125 0.037109375
0 0.91015625 0.3037109375 0.0390625 0.025390625
0 0.1171875 0.3056640625 0.03125 0.029296875
0 0.8408203125 0.2958984375 0.037109375 0.033203125
0 0.1943359375 0.2978515625 0.044921875 0.037109375
0 0.734375 0.298828125 0.02734375 0.046875
0 0.771484375 0.2958984375 0.0234375 0.044921875
0 0.69140625 0.287109375 0.03515625 0.03125
0 0.1279296875 0.2822265625 0.013671875 0.021484375
0 0.150390625 0.28125 0.02734375 0.0234375
0 0.61328125 0.275390625 0.0390625 0.02734375
0 0.001953125 0.2578125 0.00390625 0.00390625
0 0.0888671875 0.2626953125 0.029296875 0.029296875
0 0.9931640625 0.2578125 0.013671875 0.0234375
0 0.53515625 0.255859375 0.046875 0.03515625
0 0.4892578125 0.244140625 0.041015625 0.03125
0 0.0048828125 0.236328125 0.009765625 0.01953125
0 0.1953125 0.228515625 0.03515625 0.02734375
0 0.82421875 0.2275390625 0.0546875 0.033203125
0 0.7763671875 0.2197265625 0.029296875 0.021484375
0 0.7412109375 0.212890625 0.033203125 0.0234375
0 0.16015625 0.2158203125 0.03515625 0.029296875
0 0.658203125 0.205078125 0.03125 0.01953125
0 0.1171875 0.2080078125 0.0390625 0.025390625
0 0.931640625 0.2158203125 0.0390625 0.052734375
0 0.6181640625 0.197265625 0.037109375 0.0234375
0 0.697265625 0.2001953125 0.03125 0.037109375
0 0.078125 0.1943359375 0.03515625 0.029296875
0 0.5771484375 0.1875 0.033203125 0.01953125
0 0.828125 0.1904296875 0.03125 0.029296875
0 0.53125 0.1845703125 0.02734375 0.021484375
0 0.296875 0.1865234375 0.02734375 0.029296875
0 0.265625 0.177734375 0.0234375 0.02734375
0 0.896484375 0.1767578125 0.03125 0.033203125
0 0.8037109375 0.1708984375 0.021484375 0.025390625
0 0.21875 0.1630859375 0.02734375 0.025390625
0 0.193359375 0.1572265625 0.0234375 0.025390625
0 0.5400390625 0.146484375 0.025390625 0.01953125
0 0.7744140625 0.1396484375 0.033203125 0.029296875
0 0.14453125 0.1416015625 0.03125 0.037109375
0 0.8740234375 0.1337890625 0.029296875 0.033203125
0 0.1044921875 0.1328125 0.029296875 0.03515625
0 0.048828125 0.1416015625 0.06640625 0.080078125
0 0.7275390625 0.115234375 0.041015625 0.03125
0 0.2900390625 0.11328125 0.037109375 0.0390625
0 0.685546875 0.0966796875 0.03515625 0.029296875
0 0.2509765625 0.1005859375 0.044921875 0.041015625
0 0.0078125 0.09375 0.015625 0.03515625
0 0.638671875 0.083984375 0.03515625 0.02734375
0 0.20703125 0.0869140625 0.0390625 0.041015625
0 0.599609375 0.0703125 0.02734375 0.03125
0 0.796875 0.0703125 0.046875 0.0390625
0 0.560546875 0.052734375 0.0390625 0.02734375
0 0.9814453125 0.0556640625 0.033203125 0.037109375
0 0.7265625 0.041015625 0.02734375 0.0234375
0 0.955078125 0.029296875 0.02734375 0.02734375
0 0.6962890625 0.029296875 0.029296875 0.02734375
0 0.107421875 0.0380859375 0.078125 0.068359375
0 0.9208984375 0.0107421875 0.033203125 0.021484375
0 0.662109375 0.0146484375 0.03125 0.029296875
0 0.630859375 0.009765625 0.02734375 0.01953125
0 0.611328125 0.001953125 0.00390625 0.00390625
0 0.599609375 0.0029296875 0.015625 0.005859375
0 0.033203125 0.0244140625 0.06640625 0.048828125