0 0.0615234375 0.9970703125 0.009765625 0.005859375
0 0.2177734375 0.994140625 0.017578125 0.01171875
0 0.0048828125 0.9921875 0.009765625 0.015625
0 0.2900390625 0.986328125 0.037109375 0.02734375
0 0.546875 0.98046875 0.01953125 0.02734375
0 0.0830078125 0.9765625 0.029296875 0.03515625
0 0.1728515625 0.9638671875 0.021484375 0.029296875
0 0.1259765625 0.958984375 0.029296875 0.01953125
0 0.4033203125 0.9521484375 0.037109375 0.021484375
0 0.21875 0.951171875 0.03125 0.01953125
0 0.029296875 0.9541015625 0.03125 0.033203125
0 0.3017578125 0.9482421875 0.033203125 0.025390625
0 0.359375 0.94921875 0.03515625 0.03125
0 0.005859375 0.9345703125 0.01171875 0.021484375
0 0.53515625 0.93359375 0.01953125 0.03125
0 0.4521484375 0.9208984375 0.029296875 0.021484375
0 0.4912109375 0.9130859375 0.025390625 0.029296875
0 0.267578125 0.88671875 0.02734375 0.01953125
0 0.12109375 0.888671875 0.03125 0.03125
0 0.1796875 0.88671875 0.03125 0.03125
0 0.3125 0.8828125 0.03125 0.02734375
0 0.8740234375 0.8828125 0.052734375 0.03515625
0 0.0869140625 0.8818359375 0.025390625 0.033203125
0 0.3623046875 0.8720703125 0.025390625 0.033203125
0 0.04296875 0.8720703125 0.03125 0.033203125
0 0.4228515625 0.865234375 0.029296875 0.0234375
0 0.4541015625 0.8505859375 0.025390625 0.025390625
0 0.01171875 0.845703125 0.0234375 0.03125
0 0.1640625 0.8427734375 0.03125 0.033203125
0 0.224609375 0.8359375 0.03125 0.03515625
0 0.486328125 0.8330078125 0.03125 0.033203125
0 0.2841796875 0.826171875 0.033203125 0.03125
0 0.517578125 0.822265625 0.02734375 0.02734375
0 0.400390625 0.818359375 0.0234375 0.02734375
0 0.33984375 0.818359375 0.03125 0.03515625
0 0.140625 0.8125 0.03125 0.0234375
0 0.5576171875 0.8037109375 0.033203125 0.029296875
0 0.59375 0.7880859375 0.03125 0.029296875
0 0.2314453125 0.78125 0.033203125 0.02734375
0 0.4091796875 0.7822265625 0.029296875 0.033203125
0 0.30859375 0.7724609375 0.03125 0.033203125
0 0.0810546875 0.7763671875 0.025390625 0.041015625
0 0.05078125 0.7724609375 0.02734375 0.033203125
0 0.1181640625 0.76171875 0.029296875 0.03515625
0 0.0185546875 0.7578125 0.033203125 0.03125
0 0.1884765625 0.7587890625 0.029296875 0.037109375
0 0.3837890625 0.7548828125 0.033203125 0.033203125
0 0.6337890625 0.7451171875 0.029296875 0.025390625
0 0.2529296875 0.7373046875 0.037109375 0.033203125
0 0.2109375 0.7177734375 0.03125 0.025390625
0 0.6689453125 0.7197265625 0.033203125 0.033203125
0 0.15625 0.7216796875 0.03125 0.037109375
0 0.35546875 0.712890625 0.0234375 0.0234375
0 0.5712890625 0.7099609375 0.033203125 0.025390625
0 0.5185546875 0.705078125 0.033203125 0.03125
0 0.474609375 0.6875 0.03125 0.02734375
0 0.0830078125 0.6904296875 0.033203125 0.033203125
0 0.376953125 0.6767578125 0.0234375 0.033203125
0 0.005859375 0.66796875 0.01171875 0.03125
0 0.712890625 0.6630859375 0.01953125 0.029296875
0 0.2041015625 0.658203125 0.029296875 0.02734375
0 0.4482421875 0.6474609375 0.033203125 0.033203125
0 0.15625 0.646484375 0.02734375 0.03125
0 0.62109375 0.6396484375 0.0234375 0.021484375
0 0.3583984375 0.6435546875 0.025390625 0.033203125
0 0.123046875 0.6416015625 0.02734375 0.033203125
0 0.580078125 0.634765625 0.03125 0.0234375
0 0.7236328125 0.6259765625 0.021484375 0.025390625
0 0.53515625 0.6259765625 0.03125 0.029296875
0 0.0126953125 0.615234375 0.025390625 0.03125
0 0.4287109375 0.6123046875 0.033203125 0.029296875
0 0.0869140625 0.61328125 0.021484375 0.03125
0 0.3447265625 0.609375 0.029296875 0.03515625
0 0.26953125 0.6064453125 0.02734375 0.033203125
0 0.0380859375 0.595703125 0.021484375 0.03125
0 0.3271484375 0.5751953125 0.029296875 0.033203125
0 0.4111328125 0.5712890625 0.041015625 0.033203125
0 0.70703125 0.5712890625 0.03125 0.037109375
0 0.49609375 0.5654296875 0.03125 0.025390625
0 0.255859375 0.568359375 0.03125 0.03515625
0 0.541015625 0.5595703125 0.03125 0.029296875
0 0.1884765625 0.5498046875 0.029296875 0.025390625
0 0.3095703125 0.541015625 0.025390625 0.03125
0 0.1484375 0.5361328125 0.03125 0.029296875
0 0.396484375 0.533203125 0.02734375 0.03125
0 0.2353515625 0.533203125 0.025390625 0.03125
0 0.5654296875 0.5234375 0.021484375 0.02734375
0 0.02734375 0.5263671875 0.03125 0.041015625
0 0.1171875 0.51953125 0.03515625 0.03125
0 0.6904296875 0.5224609375 0.033203125 0.041015625
0 0.3359375 0.505859375 0.03515625 0.03515625
0 0.083984375 0.5 0.03515625 0.03125
0 0.6689453125 0.4931640625 0.037109375 0.033203125
0 0.470703125 0.482421875 0.03125 0.03125
0 0.3935546875 0.482421875 0.029296875 0.03125
0 0.55078125 0.4775390625 0.03125 0.029296875
0 0.15234375 0.474609375 0.03515625 0.03125
0 0.22265625 0.46875 0.0234375 0.03125
0 0.0556640625 0.466796875 0.025390625 0.03125
0 0.279296875 0.462890625 0.02734375 0.03125
0 0.6337890625 0.4619140625 0.029296875 0.033203125
0 0.5126953125 0.45703125 0.029296875 0.0234375
0 0.185546875 0.4560546875 0.02734375 0.021484375
0 0.125 0.4501953125 0.02734375 0.033203125
0 0.4541015625 0.4326171875 0.029296875 0.029296875
0 0.216796875 0.43359375 0.0234375 0.03125
0 0.0654296875 0.4208984375 0.021484375 0.029296875
0 0.609375 0.423828125 0.0390625 0.0390625
0 0.2763671875 0.4228515625 0.021484375 0.037109375
0 0.3232421875 0.419921875 0.037109375 0.03515625
0 0.1474609375 0.4189453125 0.029296875 0.033203125
0 0.1884765625 0.3984375 0.029296875 0.0234375
0 0.580078125 0.396484375 0.03515625 0.03515625
0 0.40625 0.392578125 0.0234375 0.02734375
0 0.26953125 0.3876953125 0.0234375 0.029296875
0 0.08984375 0.37890625 0.03125 0.03125
0 0.3271484375 0.3740234375 0.029296875 0.033203125
0 0.5517578125 0.35546875 0.025390625 0.03125
0 0.419921875 0.3544921875 0.02734375 0.029296875
0 0.1259765625 0.353515625 0.033203125 0.02734375
0 0.259765625 0.3486328125 0.0234375 0.033203125
0 0.193359375 0.3388671875 0.01953125 0.029296875
0 0.513671875 0.32421875 0.0390625 0.03125
0 0.1474609375 0.3154296875 0.033203125 0.029296875
0 0.2724609375 0.3046875 0.025390625 0.03125
0 0.1953125 0.298828125 0.02734375 0.03125
0 0.48828125 0.2919921875 0.03515625 0.033203125
0 0.3564453125 0.2822265625 0.029296875 0.025390625
0 0.4443359375 0.2783203125 0.037109375 0.033203125
0 0.2890625 0.271484375 0.02734375 0.03125
0 0.2197265625 0.265625 0.029296875 0.03515625
0 0.376953125 0.2421875 0.0234375 0.02734375
0 0.302734375 0.2373046875 0.02734375 0.033203125