0 0.919921875 0.99609375 0.015625 0.0078125
0 0.6298828125 0.990234375 0.025390625 0.01953125
0 0.072265625 0.9892578125 0.046875 0.021484375
0 0.2880859375 0.98828125 0.048828125 0.0234375
0 0.12890625 0.9814453125 0.0390625 0.029296875
0 0.681640625 0.9814453125 0.04296875 0.033203125
0 0.234375 0.9775390625 0.04296875 0.033203125
0 0.1845703125 0.97265625 0.033203125 0.0234375
0 0.443359375 0.966796875 0.0390625 0.0390625
0 0.7333984375 0.962890625 0.041015625 0.03515625
0 0.5673828125 0.951171875 0.021484375 0.015625
0 0.931640625 0.9599609375 0.04296875 0.044921875
0 0.423828125 0.9404296875 0.01953125 0.017578125
0 0.9658203125 0.9296875 0.044921875 0.0390625
0 0.62109375 0.9267578125 0.0390625 0.041015625
0 0.380859375 0.9248046875 0.0390625 0.037109375
0 0.9921875 0.91796875 0.015625 0.03125
0 0.435546875 0.9072265625 0.03515625 0.029296875
0 0.806640625 0.908203125 0.03515625 0.03515625
0 0.029296875 0.9052734375 0.03515625 0.029296875
0 0.484375 0.900390625 0.02734375 0.02734375
0 0.57421875 0.9013671875 0.03515625 0.044921875
0 0.08203125 0.892578125 0.04296875 0.02734375
0 0.5244140625 0.8896484375 0.029296875 0.025390625
0 0.1376953125 0.8818359375 0.048828125 0.033203125
0 0.873046875 0.8818359375 0.0390625 0.044921875
0 0.7783203125 0.8779296875 0.041015625 0.041015625
0 0.201171875 0.869140625 0.046875 0.03125
0 0.7412109375 0.859375 0.037109375 0.03515625
0 0.2607421875 0.8564453125 0.052734375 0.033203125
0 0.9130859375 0.853515625 0.033203125 0.03515625
0 0.7001953125 0.837890625 0.044921875 0.02734375
0 0.3212890625 0.83984375 0.044921875 0.03125
0 0.76953125 0.8271484375 0.03125 0.025390625
0 0.8125 0.82421875 0.0234375 0.03125
0 0.3798828125 0.8232421875 0.037109375 0.033203125
0 0.86328125 0.814453125 0.03125 0.02734375
0 0.9443359375 0.8115234375 0.029296875 0.029296875
0 0.4306640625 0.810546875 0.041015625 0.03125
0 0.4755859375 0.80078125 0.033203125 0.03125
0 0.5302734375 0.779296875 0.029296875 0.0390625
0 0.4853515625 0.7685546875 0.017578125 0.017578125
0 0.6181640625 0.7607421875 0.041015625 0.041015625
0 0.6962890625 0.7548828125 0.029296875 0.037109375
0 0.783203125 0.7412109375 0.03125 0.029296875
0 0.7421875 0.740234375 0.03125 0.0390625
0 0.90625 0.7314453125 0.0390625 0.025390625
0 0.8642578125 0.734375 0.029296875 0.03515625
0 0.8193359375 0.7314453125 0.025390625 0.033203125
0 0.99609375 0.7177734375 0.0078125 0.013671875
0 0.2568359375 0.716796875 0.037109375 0.0390625
0 0.0498046875 0.732421875 0.099609375 0.109375
0 0.4150390625 0.6630859375 0.294921875 0.107421875
0 0.263671875 0.62109375 0.04296875 0.0546875
0 0.626953125 0.599609375 0.03125 0.03515625
0 0.380859375 0.6005859375 0.1953125 0.080078125
0 0.1025390625 0.595703125 0.205078125 0.09375
0 0.4892578125 0.5595703125 0.060546875 0.056640625
0 0.3486328125 0.53125 0.255859375 0.109375
0 0.548828125 0.5009765625 0.078125 0.099609375
0 0.978515625 0.42578125 0.04296875 0.03515625
0 0.0810546875 0.439453125 0.162109375 0.08984375
0 0.6708984375 0.4267578125 0.220703125 0.095703125
0 0.99609375 0.384765625 0.0078125 0.0234375
0 0.22265625 0.4013671875 0.07421875 0.056640625
0 0.013671875 0.384765625 0.02734375 0.03125
0 0.8720703125 0.375 0.189453125 0.07421875
0 0.9951171875 0.3486328125 0.009765625 0.025390625
0 0.08984375 0.365234375 0.1328125 0.0859375
0 0.37109375 0.3369140625 0.04296875 0.076171875
0 0.01171875 0.306640625 0.0234375 0.03515625
0 0.0478515625 0.298828125 0.033203125 0.03125
0 0.5498046875 0.2998046875 0.072265625 0.060546875
0 0.443359375 0.3125 0.1015625 0.1015625
0 0.2958984375 0.3310546875 0.126953125 0.146484375
0 0.1923828125 0.3037109375 0.060546875 0.119140625
0 0.0048828125 0.2587890625 0.009765625 0.029296875
0 0.0361328125 0.2529296875 0.033203125 0.029296875
0 0.26171875 0.23046875 0.03515625 0.02734375
0 0.0947265625 0.2646484375 0.083984375 0.095703125
0 0.3037109375 0.22265625 0.033203125 0.02734375
0 0.197265625 0.234375 0.09375 0.0625
0 0.75390625 0.236328125 0.14453125 0.08203125
0 0.509765625 0.234375 0.08203125 0.08984375
0 0.6162109375 0.25 0.076171875 0.125
0 0.8701171875 0.2060546875 0.048828125 0.052734375
0 0.9404296875 0.1904296875 0.111328125 0.068359375
0 0.6044921875 0.158203125 0.037109375 0.03125
0 0.78515625 0.1591796875 0.0625 0.072265625
0 0.89453125 0.13671875 0.02734375 0.03515625
0 0.6923828125 0.1669921875 0.064453125 0.103515625
0 0.49609375 0.162109375 0.1015625 0.09765625
0 0.5966796875 0.1181640625 0.037109375 0.025390625
0 0.8583984375 0.1376953125 0.056640625 0.068359375
0 0.1279296875 0.1318359375 0.181640625 0.080078125
0 0.412109375 0.123046875 0.09375 0.09375
0 0.9501953125 0.1083984375 0.052734375 0.068359375
0 0.7587890625 0.09765625 0.076171875 0.0546875
0 0.2900390625 0.1181640625 0.111328125 0.099609375
0 0.0234375 0.083984375 0.02734375 0.03515625
0 0.0048828125 0.0654296875 0.009765625 0.017578125
0 0.8505859375 0.0771484375 0.068359375 0.064453125
0 0.2890625 0.0595703125 0.03515625 0.029296875
0 0.923828125 0.060546875 0.05078125 0.0390625
0 0.6708984375 0.05078125 0.041015625 0.02734375
0 0.23828125 0.052734375 0.05078125 0.0390625
0 0.3681640625 0.04296875 0.029296875 0.03515625
0 0.5 0.06640625 0.08203125 0.0859375
0 0.4111328125 0.0341796875 0.033203125 0.033203125
0 0.078125 0.0185546875 0.03125 0.029296875
0 0.80859375 0.0048828125 0.02734375 0.009765625
0 0.7685546875 0.009765625 0.029296875 0.01953125
0 0.7255859375 0.017578125 0.033203125 0.03515625
0 0.66015625 0.01171875 0.03515625 0.0234375
0 0.580078125 0.0498046875 0.07421875 0.099609375
0 0.3671875 0.005859375 0.0234375 0.01171875
0 0.162109375 0.0439453125 0.1171875 0.087890625