0 0.115234375 0.9970703125 0.01953125 0.005859375
0 0.470703125 0.9951171875 0.03515625 0.009765625
0 0.2568359375 0.966796875 0.244140625 0.06640625
0 0.173828125 0.82421875 0.3046875 0.140625
0 0.5732421875 0.875 0.525390625 0.24609375
0 0.9599609375 0.6640625 0.080078125 0.08203125
0 0.5673828125 0.623046875 0.021484375 0.0234375
0 0.5888671875 0.623046875 0.021484375 0.03125
0 0.962890625 0.6171875 0.03515625 0.02734375
0 0.251953125 0.611328125 0.08984375 0.02734375
0 0.6630859375 0.6259765625 0.099609375 0.060546875
0 0.5244140625 0.607421875 0.041015625 0.0390625
0 0.744140625 0.626953125 0.0625 0.08203125
0 0.4609375 0.6015625 0.03125 0.03125
0 0.9697265625 0.59375 0.033203125 0.02734375
0 0.8349609375 0.626953125 0.119140625 0.09375
0 0.8916015625 0.595703125 0.052734375 0.04296875
0 0.5439453125 0.580078125 0.013671875 0.0234375
0 0.6494140625 0.576171875 0.044921875 0.02734375
0 0.9775390625 0.572265625 0.033203125 0.02734375
0 0.5771484375 0.5654296875 0.025390625 0.025390625
0 0.26171875 0.56640625 0.01953125 0.02734375
0 0.291015625 0.5693359375 0.01953125 0.041015625
0 0.4013671875 0.576171875 0.087890625 0.07421875
0 0.1953125 0.5546875 0.03125 0.03125
0 0.3310546875 0.5673828125 0.044921875 0.060546875
0 0.650390625 0.54296875 0.02734375 0.01953125
0 0.2646484375 0.5400390625 0.025390625 0.017578125
0 0.916015625 0.537109375 0.03125 0.0234375
0 0.8251953125 0.537109375 0.072265625 0.02734375
0 0.6513671875 0.51171875 0.025390625 0.015625
0 0.9921875 0.5126953125 0.015625 0.048828125
0 0.2294921875 0.521484375 0.044921875 0.109375
0 0.9404296875 0.4736328125 0.025390625 0.029296875
0 0.853515625 0.482421875 0.0234375 0.05078125
0 0.9970703125 0.4619140625 0.005859375 0.013671875
0 0.65625 0.447265625 0.03515625 0.0390625
0 0.83203125 0.4306640625 0.05859375 0.025390625
0 0.6865234375 0.42578125 0.017578125 0.015625
0 0.755859375 0.4814453125 0.03515625 0.138671875
0 0.9560546875 0.427734375 0.025390625 0.03515625
0 0.6533203125 0.3974609375 0.021484375 0.021484375
0 0.830078125 0.38671875 0.09375 0.02734375
0 0.9697265625 0.384765625 0.025390625 0.02734375
0 0.904296875 0.4072265625 0.03515625 0.072265625
0 0.5927734375 0.3876953125 0.029296875 0.044921875
0 0.2509765625 0.392578125 0.064453125 0.0703125
0 0.6552734375 0.3671875 0.025390625 0.0234375
0 0.5888671875 0.3447265625 0.041015625 0.025390625
0 0.9140625 0.333984375 0.03515625 0.0234375
0 0.6572265625 0.3349609375 0.025390625 0.025390625
0 0.984375 0.330078125 0.03125 0.0234375
0 0.5947265625 0.3203125 0.041015625 0.0234375
0 0.8642578125 0.3291015625 0.025390625 0.048828125
0 0.2734375 0.3203125 0.05078125 0.05859375
0 0.6025390625 0.2939453125 0.029296875 0.021484375
0 0.0341796875 0.298828125 0.068359375 0.0546875
0 0.751953125 0.33203125 0.0390625 0.1328125
0 0.931640625 0.271484375 0.02734375 0.0234375
0 0.119140625 0.30859375 0.07421875 0.1015625
0 0.9658203125 0.2744140625 0.021484375 0.037109375
0 0.5595703125 0.2724609375 0.029296875 0.033203125
0 0.6025390625 0.267578125 0.029296875 0.02734375
0 0.5234375 0.2705078125 0.02734375 0.037109375
0 0.8291015625 0.265625 0.103515625 0.03515625
0 0.4921875 0.2666015625 0.03125 0.041015625
0 0.4384765625 0.2685546875 0.025390625 0.044921875
0 0.3974609375 0.2646484375 0.017578125 0.037109375
0 0.6630859375 0.2783203125 0.029296875 0.076171875
0 0.322265625 0.25390625 0.06640625 0.03125
0 0.9794921875 0.244140625 0.009765625 0.01953125
0 0.712890625 0.2216796875 0.02734375 0.013671875
0 0.66796875 0.2158203125 0.03515625 0.021484375
0 0.970703125 0.1943359375 0.01953125 0.025390625
0 0.9375 0.1962890625 0.01953125 0.033203125
0 0.8955078125 0.1943359375 0.025390625 0.037109375
0 0.556640625 0.1962890625 0.08984375 0.041015625
0 0.857421875 0.1884765625 0.01953125 0.029296875
0 0.8330078125 0.185546875 0.021484375 0.02734375
0 0.8095703125 0.185546875 0.021484375 0.03515625
0 0.7578125 0.1806640625 0.0234375 0.037109375
0 0.716796875 0.17578125 0.0234375 0.046875
0 0.689453125 0.16796875 0.01953125 0.03515625
0 0.6640625 0.1669921875 0.0234375 0.037109375
0 0.3828125 0.1572265625 0.0390625 0.048828125
0 0.9697265625 0.1220703125 0.029296875 0.029296875
0 0.9404296875 0.119140625 0.017578125 0.03125
0 0.884765625 0.1162109375 0.0234375 0.029296875
0 0.7939453125 0.111328125 0.025390625 0.02734375
0 0.859375 0.1103515625 0.0234375 0.037109375
0 0.82421875 0.109375 0.02734375 0.03515625
0 0.7490234375 0.1025390625 0.021484375 0.025390625
0 0.5673828125 0.103515625 0.029296875 0.02734375
0 0.916015625 0.111328125 0.01953125 0.046875
0 0.5322265625 0.095703125 0.021484375 0.03125
0 0.5 0.09375 0.01953125 0.03125
0 0.7216796875 0.1025390625 0.017578125 0.052734375
0 0.4736328125 0.0908203125 0.021484375 0.033203125
0 0.662109375 0.0927734375 0.09375 0.044921875
0 0.4453125 0.0869140625 0.01953125 0.037109375
0 0.923828125 0.0693359375 0.01953125 0.017578125
0 0.57421875 0.0712890625 0.03125 0.033203125
0 0.7802734375 0.060546875 0.013671875 0.015625
0 0.8037109375 0.05078125 0.013671875 0.0234375
0 0.8818359375 0.0537109375 0.025390625 0.037109375
0 0.7587890625 0.048828125 0.025390625 0.02734375
0 0.92578125 0.0439453125 0.0390625 0.021484375
0 0.7275390625 0.046875 0.021484375 0.02734375
0 0.501953125 0.0478515625 0.0234375 0.029296875
0 0.5556640625 0.044921875 0.060546875 0.03125
0 0.3876953125 0.05859375 0.048828125 0.06640625
0 0.82421875 0.02734375 0.03125 0.01953125
0 0.9140625 0.0224609375 0.0234375 0.025390625
0 0.998046875 0.009765625 0.00390625 0.00390625
0 0.9775390625 0.02734375 0.041015625 0.0390625
0 0.9462890625 0.0126953125 0.017578125 0.025390625
0 0.818359375 0.0078125 0.03515625 0.015625
0 0.7548828125 0.0078125 0.037109375 0.015625
0 0.6982421875 0.0068359375 0.041015625 0.013671875