0 0.1455078125 0.998046875 0.005859375 0.00390625
0 0.0869140625 0.990234375 0.021484375 0.01953125
0 0.12890625 0.9609375 0.015625 0.01953125
0 0.0556640625 0.962890625 0.029296875 0.02734375
0 0.1083984375 0.939453125 0.025390625 0.0234375
0 0.14453125 0.9208984375 0.03515625 0.029296875
0 0.1787109375 0.9130859375 0.029296875 0.052734375
0 0.98828125 0.8896484375 0.0234375 0.029296875
0 0.962890625 0.8779296875 0.02734375 0.033203125
0 0.03515625 0.876953125 0.03515625 0.03125
0 0.2236328125 0.884765625 0.048828125 0.05078125
0 0.9345703125 0.861328125 0.025390625 0.0234375
0 0.087890625 0.86328125 0.02734375 0.02734375
0 0.3193359375 0.8642578125 0.052734375 0.041015625
0 0.9052734375 0.8525390625 0.029296875 0.029296875
0 0.109375 0.83203125 0.015625 0.01953125
0 0.8720703125 0.8310546875 0.025390625 0.025390625
0 0.130859375 0.83203125 0.0234375 0.03125
0 0.828125 0.826171875 0.0234375 0.0234375
0 0.8037109375 0.8037109375 0.029296875 0.033203125
0 0.201171875 0.7919921875 0.03125 0.029296875
0 0.771484375 0.7939453125 0.03125 0.041015625
0 0.9599609375 0.7841796875 0.029296875 0.025390625
0 0.5322265625 0.7841796875 0.044921875 0.033203125
0 0.9853515625 0.7607421875 0.017578125 0.017578125
0 0.716796875 0.775390625 0.03125 0.046875
0 0.5732421875 0.7587890625 0.017578125 0.025390625
0 0.162109375 0.7646484375 0.03515625 0.037109375
0 0.904296875 0.7587890625 0.03125 0.033203125
0 0.6748046875 0.767578125 0.041015625 0.0625
0 0.287109375 0.75390625 0.03515625 0.03515625
0 0.6474609375 0.7412109375 0.033203125 0.037109375
0 0.2314453125 0.7373046875 0.029296875 0.029296875
0 0.849609375 0.736328125 0.0234375 0.03125
0 0.1455078125 0.720703125 0.017578125 0.015625
0 0.6015625 0.7294921875 0.04296875 0.044921875
0 0.095703125 0.72265625 0.03125 0.03125
0 0.8046875 0.716796875 0.03515625 0.03125
0 0.9296875 0.7138671875 0.03515625 0.033203125
0 0.0478515625 0.6982421875 0.021484375 0.025390625
0 0.7607421875 0.6962890625 0.037109375 0.029296875
0 0.3779296875 0.7021484375 0.037109375 0.041015625
0 0.943359375 0.685546875 0.0234375 0.0234375
0 0.541015625 0.70703125 0.05859375 0.06640625
0 0.0615234375 0.671875 0.017578125 0.01953125
0 0.7216796875 0.6748046875 0.033203125 0.037109375
0 0.8818359375 0.6650390625 0.025390625 0.029296875
0 0.4794921875 0.6943359375 0.072265625 0.095703125
0 0.8544921875 0.6357421875 0.017578125 0.017578125
0 0.826171875 0.6435546875 0.02734375 0.033203125
0 0.9638671875 0.640625 0.029296875 0.03515625
0 0.3955078125 0.646484375 0.048828125 0.05859375
0 0.76953125 0.62109375 0.03125 0.03515625
0 0.189453125 0.6240234375 0.09375 0.060546875
0 0.6962890625 0.619140625 0.052734375 0.07421875
0 0.6376953125 0.583984375 0.017578125 0.0234375
0 0.9873046875 0.58203125 0.025390625 0.02734375
0 0.8388671875 0.58203125 0.037109375 0.02734375
0 0.5068359375 0.5869140625 0.064453125 0.048828125
0 0.904296875 0.5732421875 0.0390625 0.025390625
0 0.2822265625 0.5673828125 0.044921875 0.037109375
0 0.65234375 0.560546875 0.03515625 0.02734375
0 0.17578125 0.55859375 0.0234375 0.0234375
0 0.9111328125 0.5517578125 0.017578125 0.013671875
0 0.1064453125 0.5732421875 0.095703125 0.072265625
0 0.3681640625 0.5390625 0.037109375 0.03125
0 0.578125 0.5380859375 0.03125 0.037109375
0 0.033203125 0.5439453125 0.06640625 0.048828125
0 0.962890625 0.517578125 0.0234375 0.01953125
0 0.1669921875 0.5234375 0.076171875 0.03515625
0 0.9912109375 0.51171875 0.017578125 0.01953125
0 0.2998046875 0.48828125 0.021484375 0.015625
0 0.6328125 0.486328125 0.01171875 0.015625
0 0.4462890625 0.482421875 0.033203125 0.0234375
0 0.2802734375 0.4775390625 0.017578125 0.013671875
0 0.517578125 0.4716796875 0.01953125 0.029296875
0 0.6328125 0.462890625 0.01171875 0.015625
0 0.9541015625 0.4482421875 0.029296875 0.021484375
0 0.57421875 0.4755859375 0.0546875 0.080078125
0 0.986328125 0.44140625 0.0234375 0.0234375
0 0.6923828125 0.4384765625 0.017578125 0.017578125
0 0.474609375 0.4443359375 0.01953125 0.029296875
0 0.4482421875 0.44921875 0.025390625 0.0390625
0 0.044921875 0.439453125 0.01953125 0.02734375
0 0.5302734375 0.4365234375 0.025390625 0.029296875
0 0.6513671875 0.419921875 0.025390625 0.0234375
0 0.69921875 0.408203125 0.02734375 0.0234375
0 0.947265625 0.3955078125 0.0234375 0.029296875
0 0.7744140625 0.376953125 0.033203125 0.02734375
0 0.431640625 0.369140625 0.03515625 0.02734375
0 0.8076171875 0.384765625 0.033203125 0.06640625
0 0.953125 0.35546875 0.04296875 0.03125
0 0.4951171875 0.357421875 0.037109375 0.03515625
0 0.2919921875 0.3671875 0.099609375 0.0703125
0 0.671875 0.34375 0.02734375 0.03125
0 0.8740234375 0.3369140625 0.025390625 0.037109375
0 0.9921875 0.3291015625 0.015625 0.041015625
0 0.6982421875 0.31640625 0.025390625 0.02734375
0 0.947265625 0.318359375 0.04296875 0.03515625
0 0.6591796875 0.3037109375 0.017578125 0.017578125
0 0.609375 0.3291015625 0.0390625 0.068359375
0 0.73046875 0.3017578125 0.02734375 0.025390625
0 0.7724609375 0.294921875 0.025390625 0.03515625
0 0.5478515625 0.318359375 0.044921875 0.1015625
0 0.2724609375 0.2841796875 0.068359375 0.037109375
0 0.13671875 0.318359375 0.11328125 0.10546875
0 0.7939453125 0.28125 0.025390625 0.03515625
0 0.7490234375 0.2666015625 0.021484375 0.017578125
0 0.0390625 0.2900390625 0.06640625 0.064453125
0 0.484375 0.2880859375 0.04296875 0.064453125
0 0.865234375 0.25390625 0.02734375 0.01953125
0 0.3310546875 0.2666015625 0.029296875 0.044921875
0 0.9248046875 0.2392578125 0.044921875 0.025390625
0 0.7744140625 0.236328125 0.021484375 0.0234375
0 0.4130859375 0.2724609375 0.052734375 0.126953125
0 0.84765625 0.21875 0.03125 0.0234375
0 0.67578125 0.208984375 0.03125 0.01953125
0 0.75390625 0.1953125 0.02734375 0.0234375
0 0.658203125 0.185546875 0.03515625 0.03125
0 0.935546875 0.17578125 0.01953125 0.015625
0 0.8916015625 0.1787109375 0.033203125 0.029296875
0 0.7685546875 0.16796875 0.021484375 0.0234375
0 0.826171875 0.1630859375 0.01953125 0.017578125
0 0.98046875 0.189453125 0.0390625 0.08984375
0 0.80859375 0.142578125 0.03125 0.02734375
0 0.8798828125 0.1416015625 0.029296875 0.037109375
0 0.6201171875 0.123046875 0.037109375 0.02734375
0 0.7861328125 0.1142578125 0.029296875 0.025390625
0 0.5615234375 0.16015625 0.080078125 0.125
0 0.7470703125 0.111328125 0.033203125 0.03515625
0 0.86328125 0.1025390625 0.03125 0.029296875
0 0.77734375 0.0791015625 0.0234375 0.033203125
0 0.61328125 0.0849609375 0.046875 0.044921875
0 0.8505859375 0.0771484375 0.029296875 0.033203125
0 0.703125 0.056640625 0.0390625 0.02734375
0 0.7314453125 0.0380859375 0.017578125 0.017578125
0 0.82421875 0.0205078125 0.02734375 0.029296875
0 0.74609375 0.01953125 0.03125 0.02734375
0 0.595703125 0.0107421875 0.03125 0.021484375