0 0.7001953125 0.9970703125 0.017578125 0.005859375
0 0.623046875 0.99609375 0.015625 0.0078125
0 0.5517578125 0.99609375 0.013671875 0.0078125
0 0.2890625 0.9951171875 0.01953125 0.009765625
0 0.173828125 0.994140625 0.01953125 0.01171875
0 0.8671875 0.9912109375 0.03515625 0.017578125
0 0.2548828125 0.990234375 0.025390625 0.01953125
0 0.7939453125 0.9892578125 0.037109375 0.021484375
0 0.0703125 0.9853515625 0.05078125 0.029296875
0 0.71484375 0.9833984375 0.03515625 0.029296875
0 0.6435546875 0.982421875 0.025390625 0.02734375
0 0.9921875 0.97265625 0.015625 0.02734375
0 0.8828125 0.974609375 0.03515625 0.03515625
0 0.5634765625 0.9716796875 0.025390625 0.029296875
0 0.2138671875 0.9755859375 0.037109375 0.037109375
0 0.8095703125 0.96875 0.037109375 0.03125
0 0.7294921875 0.9580078125 0.033203125 0.029296875
0 0.16796875 0.9560546875 0.03125 0.025390625
0 0.982421875 0.94921875 0.02734375 0.03125
0 0.8955078125 0.947265625 0.033203125 0.02734375
0 0.6572265625 0.947265625 0.033203125 0.02734375
0 0.82421875 0.94140625 0.0390625 0.03125
0 0.578125 0.9404296875 0.02734375 0.033203125
0 0.74609375 0.9326171875 0.03515625 0.029296875
0 0.9140625 0.923828125 0.03515625 0.03125
0 0.603515625 0.9169921875 0.02734375 0.029296875
0 0.84375 0.9150390625 0.04296875 0.029296875
0 0.6728515625 0.9140625 0.025390625 0.03125
0 0.759765625 0.9091796875 0.0390625 0.033203125
0 0.9296875 0.8984375 0.0390625 0.03125
0 0.853515625 0.8896484375 0.03125 0.033203125
0 0.6982421875 0.88671875 0.041015625 0.02734375
0 0.619140625 0.88671875 0.0234375 0.02734375
0 0.7705078125 0.8818359375 0.033203125 0.029296875
0 0.908203125 0.8603515625 0.01953125 0.017578125
0 0.7880859375 0.861328125 0.033203125 0.02734375
0 0.8681640625 0.861328125 0.029296875 0.03125
0 0.9619140625 0.8583984375 0.029296875 0.033203125
0 0.7099609375 0.859375 0.033203125 0.03515625
0 0.6357421875 0.8544921875 0.033203125 0.037109375
0 0.8017578125 0.83984375 0.033203125 0.03125
0 0.73046875 0.8330078125 0.0234375 0.029296875
0 0.9296875 0.8388671875 0.05078125 0.052734375
0 0.650390625 0.8251953125 0.0234375 0.029296875
0 0.15625 0.830078125 0.0703125 0.046875
0 0.814453125 0.818359375 0.03125 0.02734375
0 0.8916015625 0.8134765625 0.033203125 0.033203125
0 0.361328125 0.8818359375 0.30078125 0.193359375
0 0.7412109375 0.7998046875 0.029296875 0.033203125
0 0.6689453125 0.7958984375 0.029296875 0.029296875
0 0.8486328125 0.7822265625 0.021484375 0.021484375
0 0.1552734375 0.7890625 0.033203125 0.03515625
0 0.98828125 0.787109375 0.0234375 0.03515625
0 0.826171875 0.7685546875 0.0234375 0.021484375
0 0.6923828125 0.7685546875 0.025390625 0.029296875
0 0.7998046875 0.76171875 0.029296875 0.03515625
0 0.95703125 0.76171875 0.03515625 0.04296875
0 0.9384765625 0.7509765625 0.029296875 0.037109375
0 0.7734375 0.748046875 0.03125 0.03515625
0 0.9560546875 0.7255859375 0.017578125 0.017578125
0 0.8828125 0.7177734375 0.03125 0.037109375
0 0.7216796875 0.71484375 0.029296875 0.03515625
0 0.7001953125 0.703125 0.029296875 0.03515625
0 0.8583984375 0.701171875 0.033203125 0.03515625
0 0.8310546875 0.6943359375 0.025390625 0.025390625
0 0.9736328125 0.6982421875 0.037109375 0.041015625
0 0.1591796875 0.6796875 0.037109375 0.0234375
0 0.810546875 0.673828125 0.02734375 0.03125
0 0.9052734375 0.671875 0.033203125 0.03125
0 0.98828125 0.6689453125 0.0234375 0.029296875
0 0.8837890625 0.6572265625 0.017578125 0.021484375
0 0.9931640625 0.64453125 0.013671875 0.01953125
0 0.9150390625 0.6474609375 0.037109375 0.029296875
0 0.2412109375 0.650390625 0.052734375 0.04296875
0 0.177734375 0.64453125 0.03515625 0.03125
0 0.998046875 0.625 0.00390625 0.00390625
0 0.841796875 0.6357421875 0.03515625 0.029296875
0 0.7529296875 0.6357421875 0.037109375 0.052734375
0 0.927734375 0.623046875 0.0390625 0.03125
0 0.7177734375 0.6220703125 0.029296875 0.033203125
0 0.857421875 0.6162109375 0.03515625 0.029296875
0 0.697265625 0.6103515625 0.02734375 0.033203125
0 0.6728515625 0.6005859375 0.025390625 0.025390625
0 0.9423828125 0.599609375 0.037109375 0.03515625
0 0.8701171875 0.595703125 0.033203125 0.03125
0 0.77734375 0.5966796875 0.03515625 0.033203125
0 0.693359375 0.576171875 0.01953125 0.01953125
0 0.95703125 0.5791015625 0.03515625 0.033203125
0 0.7890625 0.5751953125 0.03125 0.029296875
0 0.8818359375 0.5732421875 0.029296875 0.029296875
0 0.708984375 0.560546875 0.03515625 0.03125
0 0.96875 0.5576171875 0.03515625 0.029296875
0 0.892578125 0.5517578125 0.03125 0.029296875
0 0.8017578125 0.552734375 0.037109375 0.03125
0 0.9443359375 0.5439453125 0.017578125 0.017578125
0 0.61328125 0.5517578125 0.02734375 0.033203125
0 0.6435546875 0.54296875 0.025390625 0.0234375
0 0.591796875 0.5400390625 0.03125 0.033203125
0 0.72265625 0.5341796875 0.02734375 0.025390625
0 0.9072265625 0.5341796875 0.041015625 0.033203125
0 0.8134765625 0.5322265625 0.037109375 0.033203125
0 0.748046875 0.5234375 0.02734375 0.0234375
0 0.7734375 0.513671875 0.015625 0.015625
0 0.5498046875 0.515625 0.029296875 0.03515625
0 0.8271484375 0.5107421875 0.037109375 0.033203125
0 0.5732421875 0.5185546875 0.037109375 0.052734375
0 0.83984375 0.4921875 0.03515625 0.03125
0 0.7529296875 0.4912109375 0.033203125 0.029296875
0 0.6484375 0.50390625 0.03125 0.05859375
0 0.3232421875 0.5439453125 0.142578125 0.138671875
0 0.958984375 0.490234375 0.03515625 0.03515625
0 0.6865234375 0.47265625 0.025390625 0.0234375
0 0.9970703125 0.4609375 0.005859375 0.0078125
0 0.8193359375 0.466796875 0.017578125 0.01953125
0 0.8017578125 0.4619140625 0.017578125 0.017578125
0 0.767578125 0.4658203125 0.03125 0.029296875
0 0.7001953125 0.4482421875 0.025390625 0.025390625
0 0.78125 0.4404296875 0.03125 0.029296875
0 0.203125 0.431640625 0.05078125 0.046875
0 0.2177734375 0.4130859375 0.017578125 0.017578125
0 0.7138671875 0.4150390625 0.037109375 0.052734375
0 0.365234375 0.4111328125 0.0390625 0.048828125
0 0.5498046875 0.3935546875 0.025390625 0.021484375
0 0.6640625 0.39453125 0.02734375 0.03125
0 0.330078125 0.3896484375 0.0390625 0.044921875
0 0.2958984375 0.3828125 0.025390625 0.03125
0 0.70703125 0.3671875 0.0234375 0.0234375
0 0.2646484375 0.3603515625 0.033203125 0.033203125
0 0.3935546875 0.3505859375 0.021484375 0.021484375
0 0.6826171875 0.3427734375 0.025390625 0.033203125
0 0.9697265625 0.3623046875 0.060546875 0.083984375
0 0.2109375 0.3330078125 0.0390625 0.033203125
0 0.19140625 0.314453125 0.03515625 0.04296875
0 0.296875 0.3232421875 0.09765625 0.064453125
0 0.4287109375 0.2978515625 0.044921875 0.037109375
0 0.9853515625 0.2919921875 0.029296875 0.037109375
0 0.3916015625 0.2763671875 0.021484375 0.025390625
0 0.1103515625 0.2744140625 0.021484375 0.021484375
0 0.361328125 0.2861328125 0.03515625 0.048828125
0 0.4541015625 0.259765625 0.025390625 0.03125
0 0.115234375 0.244140625 0.01953125 0.02734375
0 0.9140625 0.2763671875 0.10546875 0.099609375
0 0.5302734375 0.353515625 0.205078125 0.26953125
0 0.1201171875 0.2177734375 0.017578125 0.017578125
0 0.2119140625 0.232421875 0.056640625 0.05859375
0 0.9521484375 0.2353515625 0.095703125 0.080078125
0 0.3818359375 0.20703125 0.021484375 0.02734375
0 0.2861328125 0.2119140625 0.068359375 0.044921875
0 0.0126953125 0.1962890625 0.025390625 0.037109375
0 0.556640625 0.1669921875 0.046875 0.033203125
0 0.876953125 0.19140625 0.10546875 0.0859375
0 0.5126953125 0.1650390625 0.037109375 0.041015625
0 0.4423828125 0.17578125 0.107421875 0.07421875
0 0.0078125 0.154296875 0.015625 0.03515625
0 0.3828125 0.1064453125 0.12890625 0.099609375
0 0.0068359375 0.0517578125 0.013671875 0.029296875
0 0.251953125 0.095703125 0.09375 0.12109375
0 0.162109375 0.0234375 0.078125 0.046875
0 0.0576171875 0.0185546875 0.048828125 0.037109375
0 0.0068359375 0.009765625 0.013671875 0.01953125