0 0.068359375 0.9931640625 0.109375 0.013671875
0 0.28515625 0.9833984375 0.09375 0.033203125
0 0.5107421875 0.9599609375 0.173828125 0.080078125
0 0.0302734375 0.869140625 0.060546875 0.046875
0 0.7119140625 0.7880859375 0.052734375 0.060546875
0 0.6533203125 0.7900390625 0.037109375 0.072265625
0 0.869140625 0.755859375 0.1953125 0.2265625
0 0.67578125 0.677734375 0.078125 0.078125
0 0.484375 0.6875 0.16015625 0.140625
0 0.3037109375 0.6611328125 0.099609375 0.158203125
0 0.740234375 0.541015625 0.21484375 0.1015625
0 0.3525390625 0.4873046875 0.177734375 0.107421875
0 0.7412109375 0.4462890625 0.205078125 0.087890625
0 0.189453125 0.4443359375 0.1796875 0.158203125
0 0.056640625 0.4228515625 0.09765625 0.134765625
0 0.5390625 0.3828125 0.1484375 0.12890625
0 0.837890625 0.375 0.32421875 0.43359375