0 0.6796875 0.998046875 0.01171875 0.00390625
0 0.5283203125 0.994140625 0.017578125 0.01171875
0 0.4375 0.994140625 0.015625 0.01171875
0 0.705078125 0.9873046875 0.01953125 0.025390625
0 0.935546875 0.9619140625 0.12890625 0.076171875
0 0.1630859375 0.921875 0.029296875 0.03125
0 0.43359375 0.8994140625 0.015625 0.013671875
0 0.095703125 0.9033203125 0.01953125 0.021484375
0 0.498046875 0.8798828125 0.03125 0.029296875
0 0.1591796875 0.8798828125 0.021484375 0.029296875
0 0.59375 0.86328125 0.02734375 0.02734375
0 0.4619140625 0.8564453125 0.021484375 0.029296875
0 0.0830078125 0.8525390625 0.021484375 0.021484375
0 0.2177734375 0.8349609375 0.025390625 0.021484375
0 0.13671875 0.8369140625 0.03515625 0.025390625
0 0.259765625 0.83203125 0.03125 0.0234375
0 0.4736328125 0.828125 0.017578125 0.01953125
0 0.30078125 0.830078125 0.0234375 0.03515625
0 0.341796875 0.822265625 0.02734375 0.03125
0 0.3779296875 0.8154296875 0.025390625 0.021484375
0 0.56640625 0.814453125 0.03125 0.03125
0 0.4169921875 0.8125 0.029296875 0.03125
0 0.4716796875 0.7890625 0.033203125 0.03125
0 0.09375 0.7763671875 0.03515625 0.021484375
0 0.1376953125 0.76953125 0.025390625 0.03515625
0 0.5390625 0.7666015625 0.03125 0.041015625
0 0.18359375 0.763671875 0.0234375 0.0390625
0 0.212890625 0.7587890625 0.0234375 0.037109375
0 0.2861328125 0.7548828125 0.041015625 0.033203125
0 0.0693359375 0.751953125 0.033203125 0.03125
0 0.7451171875 0.779296875 0.162109375 0.09375
0 0.330078125 0.7470703125 0.02734375 0.033203125
0 0.5244140625 0.736328125 0.017578125 0.015625
0 0.4150390625 0.7265625 0.025390625 0.0234375
0 0.4482421875 0.7294921875 0.025390625 0.033203125
0 0.384765625 0.732421875 0.03125 0.0390625
0 0.515625 0.708984375 0.03515625 0.03515625
0 0.1875 0.697265625 0.03125 0.03125
0 0.150390625 0.6923828125 0.0234375 0.025390625
0 0.25390625 0.6806640625 0.02734375 0.033203125
0 0.0361328125 0.673828125 0.037109375 0.03125
0 0.935546875 0.7099609375 0.12890625 0.111328125
0 0.4921875 0.669921875 0.03125 0.0390625
0 0.064453125 0.6611328125 0.01953125 0.021484375
0 0.4072265625 0.6650390625 0.029296875 0.033203125
0 0.095703125 0.6533203125 0.01953125 0.017578125
0 0.2431640625 0.64453125 0.029296875 0.03125
0 0.1689453125 0.646484375 0.029296875 0.03515625
0 0.4697265625 0.630859375 0.029296875 0.03125
0 0.3837890625 0.6240234375 0.025390625 0.029296875
0 0.306640625 0.6162109375 0.01953125 0.021484375
0 0.1552734375 0.61328125 0.029296875 0.0234375
0 0.2314453125 0.611328125 0.025390625 0.0234375
0 0.21875 0.5859375 0.03125 0.03125
0 0.365234375 0.5849609375 0.02734375 0.033203125
0 0.0673828125 0.583984375 0.025390625 0.03125
0 0.447265625 0.5869140625 0.03515625 0.041015625
0 0.271484375 0.56640625 0.03515625 0.0234375
0 0.1259765625 0.5478515625 0.025390625 0.025390625
0 0.31640625 0.5439453125 0.0234375 0.021484375
0 0.423828125 0.544921875 0.03125 0.04296875
0 0.8994140625 0.568359375 0.091796875 0.09375
0 0.345703125 0.5361328125 0.02734375 0.029296875
0 0.7998046875 0.5703125 0.060546875 0.109375
0 0.109375 0.5048828125 0.02734375 0.029296875
0 0.40234375 0.5048828125 0.03515625 0.041015625
0 0.1796875 0.4990234375 0.03125 0.029296875
0 0.2314453125 0.4970703125 0.029296875 0.037109375
0 0.259765625 0.484375 0.03125 0.03515625
0 0.1640625 0.4697265625 0.02734375 0.021484375
0 0.0947265625 0.47265625 0.025390625 0.02734375
0 0.2861328125 0.47265625 0.029296875 0.03125
0 0.30859375 0.4599609375 0.0234375 0.025390625
0 0.3798828125 0.4638671875 0.033203125 0.041015625
0 0.1552734375 0.4423828125 0.029296875 0.025390625
0 0.9365234375 0.4404296875 0.033203125 0.025390625
0 0.046875 0.4453125 0.04296875 0.05078125
0 0.0751953125 0.4248046875 0.029296875 0.029296875
0 0.361328125 0.4248046875 0.02734375 0.037109375
0 0.2783203125 0.419921875 0.025390625 0.03125
0 0.142578125 0.416015625 0.03125 0.02734375
0 0.265625 0.390625 0.0234375 0.0234375
0 0.1337890625 0.3916015625 0.033203125 0.029296875
0 0.3359375 0.38671875 0.03125 0.03125
0 0.1875 0.3720703125 0.02734375 0.029296875
0 0.046875 0.357421875 0.02734375 0.03125
0 0.232421875 0.3515625 0.0390625 0.03125
0 0.3154296875 0.33984375 0.029296875 0.05078125
0 0.1015625 0.32421875 0.02734375 0.03515625
0 0.02734375 0.314453125 0.02734375 0.02734375
0 0.12890625 0.3134765625 0.02734375 0.029296875
0 0.1552734375 0.3037109375 0.029296875 0.025390625
0 0.291015625 0.3037109375 0.02734375 0.029296875
0 0.2021484375 0.279296875 0.033203125 0.02734375
0 0.0888671875 0.283203125 0.033203125 0.04296875
0 0.1796875 0.2451171875 0.0234375 0.029296875
0 0.2607421875 0.2333984375 0.029296875 0.041015625
0 0.0634765625 0.2275390625 0.029296875 0.037109375
0 0.1494140625 0.21484375 0.029296875 0.0234375
0 0.2412109375 0.19921875 0.029296875 0.03125
0 0.0478515625 0.1943359375 0.025390625 0.025390625
0 0.146484375 0.1748046875 0.01953125 0.013671875
0 0.037109375 0.1640625 0.03125 0.02734375
0 0.2158203125 0.154296875 0.021484375 0.02734375
0 0.0791015625 0.14453125 0.029296875 0.02734375
0 0.12109375 0.1328125 0.03515625 0.0234375
0 0.197265625 0.11328125 0.02734375 0.0390625
0 0.0400390625 0.087890625 0.029296875 0.02734375
0 0.1796875 0.0771484375 0.03125 0.033203125
0 0.0673828125 0.0732421875 0.025390625 0.025390625
0 0.095703125 0.0625 0.03125 0.02734375
0 0.142578125 0.01953125 0.0390625 0.0390625
0 0.0908203125 0.0048828125 0.017578125 0.009765625