0 0.193359375 0.9970703125 0.0078125 0.005859375
0 0.984375 0.9931640625 0.0234375 0.013671875
0 0.669921875 0.9912109375 0.02734375 0.017578125
0 0.4150390625 0.9912109375 0.025390625 0.017578125
0 0.8583984375 0.9892578125 0.029296875 0.021484375
0 0.2890625 0.9873046875 0.03515625 0.025390625
0 0.9599609375 0.986328125 0.033203125 0.02734375
0 0.16015625 0.984375 0.03515625 0.03125
0 0.9423828125 0.9736328125 0.033203125 0.033203125
0 0.251953125 0.96875 0.03125 0.02734375
0 0.404296875 0.962890625 0.02734375 0.02734375
0 0.0205078125 0.9736328125 0.041015625 0.052734375
0 0.9228515625 0.9580078125 0.033203125 0.033203125
0 0.9931640625 0.9443359375 0.013671875 0.025390625
0 0.8681640625 0.943359375 0.029296875 0.0234375
0 0.2119140625 0.9404296875 0.033203125 0.029296875
0 0.9052734375 0.9404296875 0.033203125 0.033203125
0 0.392578125 0.9287109375 0.02734375 0.029296875
0 0.314453125 0.9296875 0.03125 0.03125
0 0.091796875 0.9248046875 0.046875 0.033203125
0 0.8564453125 0.921875 0.083984375 0.03515625
0 0.177734375 0.9189453125 0.03125 0.029296875
0 0.9833984375 0.921875 0.033203125 0.0390625
0 0.2783203125 0.9072265625 0.033203125 0.033203125
0 0.96484375 0.9072265625 0.03515625 0.041015625
0 0.828125 0.8994140625 0.0234375 0.025390625
0 0.38671875 0.892578125 0.03125 0.02734375
0 0.033203125 0.89453125 0.04296875 0.0390625
0 0.9453125 0.8896484375 0.03515625 0.037109375
0 0.2412109375 0.880859375 0.033203125 0.03125
0 0.9921875 0.876953125 0.015625 0.02734375
0 0.849609375 0.8818359375 0.0546875 0.044921875
0 0.9267578125 0.875 0.037109375 0.03515625
0 0.37890625 0.8583984375 0.02734375 0.029296875
0 0.9833984375 0.8583984375 0.033203125 0.037109375
0 0.9072265625 0.859375 0.037109375 0.0390625
0 0.203125 0.85546875 0.03515625 0.03125
0 0.3017578125 0.8447265625 0.021484375 0.029296875
0 0.076171875 0.861328125 0.08203125 0.06640625
0 0.9638671875 0.8408203125 0.033203125 0.037109375
0 0.8876953125 0.841796875 0.033203125 0.0390625
0 0.0107421875 0.83203125 0.021484375 0.0390625
0 0.869140625 0.828125 0.03515625 0.0390625
0 0.3681640625 0.8232421875 0.021484375 0.029296875
0 0.947265625 0.826171875 0.03515625 0.0390625
0 0.927734375 0.810546875 0.03515625 0.03515625
0 0.2119140625 0.8056640625 0.021484375 0.029296875
0 0.8408203125 0.796875 0.041015625 0.01953125
0 0.1025390625 0.8203125 0.083984375 0.06640625
0 0.9091796875 0.794921875 0.037109375 0.03515625
0 0.994140625 0.78515625 0.01171875 0.01953125
0 0.296875 0.7900390625 0.0234375 0.033203125
0 0.013671875 0.7890625 0.02734375 0.03515625
0 0.3662109375 0.7841796875 0.029296875 0.029296875
0 0.8388671875 0.7724609375 0.033203125 0.021484375
0 0.888671875 0.7783203125 0.03515625 0.037109375
0 0.1328125 0.7705078125 0.0625 0.037109375
0 0.224609375 0.7646484375 0.02734375 0.033203125
0 0.984375 0.7646484375 0.03125 0.037109375
0 0.8544921875 0.7548828125 0.064453125 0.033203125
0 0.3583984375 0.748046875 0.017578125 0.02734375
0 0.9677734375 0.7490234375 0.033203125 0.037109375
0 0.291015625 0.7373046875 0.01953125 0.029296875
0 0.99609375 0.728515625 0.0078125 0.015625
0 0.94921875 0.7333984375 0.03515625 0.041015625
0 0.8291015625 0.7236328125 0.021484375 0.025390625
0 0.1572265625 0.7265625 0.048828125 0.03125
0 0.2392578125 0.7236328125 0.025390625 0.029296875
0 0.068359375 0.728515625 0.04296875 0.046875
0 0.92578125 0.720703125 0.03515625 0.0390625
0 0.361328125 0.7119140625 0.0234375 0.025390625
0 0.986328125 0.7080078125 0.02734375 0.037109375
0 0.91015625 0.7021484375 0.03515625 0.033203125
0 0.291015625 0.6943359375 0.01953125 0.025390625
0 0.97265625 0.6923828125 0.03515625 0.037109375
0 0.8896484375 0.6865234375 0.037109375 0.037109375
0 0.361328125 0.6748046875 0.0234375 0.029296875
0 0.9541015625 0.6767578125 0.037109375 0.041015625
0 0.02734375 0.6875 0.05078125 0.0625
0 0.87109375 0.66796875 0.03125 0.03515625
0 0.724609375 0.75 0.0390625 0.21484375
0 0.2578125 0.6611328125 0.02734375 0.037109375
0 0.93359375 0.6611328125 0.0390625 0.041015625
0 0.849609375 0.6533203125 0.03515625 0.037109375
0 0.994140625 0.6376953125 0.01171875 0.017578125
0 0.1416015625 0.6611328125 0.083984375 0.068359375
0 0.0068359375 0.640625 0.013671875 0.02734375
0 0.9150390625 0.64453125 0.037109375 0.0390625
0 0.36328125 0.63671875 0.0234375 0.02734375
0 0.83203125 0.6376953125 0.0390625 0.037109375
0 0.9853515625 0.6162109375 0.029296875 0.037109375
0 0.822265625 0.6103515625 0.0390625 0.025390625
0 0.87890625 0.6171875 0.06640625 0.0625
0 0.169921875 0.619140625 0.08203125 0.06640625
0 0.970703125 0.599609375 0.03515625 0.0390625
0 0.998046875 0.5771484375 0.00390625 0.005859375
0 0.8505859375 0.583984375 0.017578125 0.01953125
0 0.81640625 0.5849609375 0.0390625 0.025390625
0 0.9521484375 0.5849609375 0.037109375 0.041015625
0 0.0908203125 0.5986328125 0.068359375 0.080078125
0 0.9326171875 0.5693359375 0.037109375 0.041015625
0 0.8115234375 0.55859375 0.037109375 0.0234375
0 0.9892578125 0.552734375 0.021484375 0.03515625
0 0.9140625 0.5537109375 0.0390625 0.037109375
0 0.0458984375 0.56640625 0.064453125 0.08203125
0 0.9775390625 0.5390625 0.033203125 0.03515625
0 0.8935546875 0.5322265625 0.037109375 0.037109375
0 0.7919921875 0.5322265625 0.025390625 0.037109375
0 0.958984375 0.5205078125 0.03515625 0.037109375
0 0.0205078125 0.529296875 0.041015625 0.06640625
0 0.8740234375 0.5126953125 0.037109375 0.041015625
0 0.1767578125 0.5341796875 0.111328125 0.091796875
0 0.94140625 0.5048828125 0.03515625 0.041015625
0 0.921875 0.4921875 0.03515625 0.03515625
0 0.8486328125 0.4951171875 0.037109375 0.041015625
0 0.9072265625 0.4765625 0.033203125 0.03515625
0 0.0537109375 0.470703125 0.029296875 0.02734375
0 0.8251953125 0.474609375 0.037109375 0.0390625
0 0.9970703125 0.4599609375 0.005859375 0.013671875
0 0.888671875 0.4619140625 0.03515625 0.041015625
0 0.80078125 0.4609375 0.03515625 0.0390625
0 0.025390625 0.447265625 0.03125 0.02734375
0 0.8671875 0.447265625 0.03125 0.03515625
0 0.1943359375 0.447265625 0.126953125 0.0546875
0 0.001953125 0.423828125 0.00390625 0.0078125
0 0.98046875 0.4365234375 0.03125 0.037109375
0 0.8466796875 0.4306640625 0.037109375 0.037109375
0 0.994140625 0.4033203125 0.01171875 0.017578125
0 0.8291015625 0.4150390625 0.037109375 0.041015625
0 0.9453125 0.4130859375 0.03515625 0.041015625
0 0.09765625 0.4072265625 0.03515625 0.029296875
0 0.783203125 0.4013671875 0.0703125 0.048828125
0 0.97265625 0.3828125 0.01953125 0.01953125
0 0.3544921875 0.4716796875 0.142578125 0.197265625
0 0.0654296875 0.388671875 0.033203125 0.03125
0 0.9208984375 0.396484375 0.056640625 0.05078125
0 0.95703125 0.365234375 0.0234375 0.0234375
0 0.8876953125 0.3720703125 0.033203125 0.037109375
0 0.0341796875 0.361328125 0.029296875 0.03125
0 0.2685546875 0.3525390625 0.033203125 0.033203125
0 0.8515625 0.345703125 0.03125 0.03515625
0 0.9306640625 0.3447265625 0.037109375 0.037109375
0 0.87890625 0.330078125 0.01953125 0.01953125
0 0.220703125 0.337890625 0.03125 0.0390625
0 0.158203125 0.322265625 0.0234375 0.02734375
0 0.1904296875 0.326171875 0.037109375 0.0390625
0 0.056640625 0.3271484375 0.03125 0.041015625
0 0.1259765625 0.3125 0.021484375 0.01953125
0 0.09375 0.3095703125 0.0234375 0.025390625
0 0.06640625 0.2939453125 0.01953125 0.021484375
0 0.001953125 0.2744140625 0.00390625 0.005859375
0 0.775390625 0.283203125 0.015625 0.02734375
0 0.013671875 0.28515625 0.0234375 0.03515625
0 0.302734375 0.28125 0.02734375 0.03515625
0 0.275390625 0.2744140625 0.0234375 0.037109375
0 0.3349609375 0.2783203125 0.033203125 0.052734375
0 0.24609375 0.26953125 0.02734375 0.03515625
0 0.8046875 0.2685546875 0.046875 0.052734375
0 0.6259765625 0.2763671875 0.041015625 0.072265625
0 0.1591796875 0.25390625 0.029296875 0.02734375
0 0.1064453125 0.244140625 0.029296875 0.02734375
0 0.3056640625 0.234375 0.025390625 0.0234375
0 0.208984375 0.22265625 0.01953125 0.01953125
0 0.0703125 0.2353515625 0.03125 0.044921875
0 0.0439453125 0.2314453125 0.025390625 0.041015625
0 0.28125 0.2197265625 0.02734375 0.041015625
0 0.24609375 0.2080078125 0.0546875 0.056640625
0 0.2060546875 0.1923828125 0.025390625 0.037109375
0 0.1787109375 0.1845703125 0.029296875 0.025390625
0 0.0283203125 0.185546875 0.025390625 0.03515625
0 0.0068359375 0.1806640625 0.013671875 0.025390625
0 0.1474609375 0.1767578125 0.029296875 0.025390625
0 0.115234375 0.177734375 0.02734375 0.02734375
0 0.083984375 0.1796875 0.02734375 0.03125
0 0.0556640625 0.1796875 0.021484375 0.03515625
0 0.873046875 0.1279296875 0.04296875 0.048828125
0 0.8251953125 0.095703125 0.091796875 0.10546875
0 0.9736328125 0.009765625 0.025390625 0.01953125
0 0.93359375 0.0185546875 0.046875 0.037109375