0 0.626953125 0.9951171875 0.01953125 0.009765625
0 0.36328125 0.994140625 0.01953125 0.01171875
0 0.9404296875 0.9931640625 0.025390625 0.013671875
0 0.7958984375 0.990234375 0.033203125 0.01953125
0 0.689453125 0.986328125 0.0390625 0.02734375
0 0.8251953125 0.984375 0.037109375 0.03125
0 0.9716796875 0.982421875 0.044921875 0.03515625
0 0.5927734375 0.982421875 0.064453125 0.03515625
0 0.2763671875 0.9794921875 0.080078125 0.041015625
0 0.8525390625 0.9736328125 0.033203125 0.033203125
0 0.767578125 0.9736328125 0.04296875 0.037109375
0 0.3330078125 0.9755859375 0.052734375 0.044921875
0 0.12890625 0.9765625 0.1484375 0.046875
0 0.98828125 0.9658203125 0.0234375 0.044921875
0 0.875 0.9521484375 0.03515625 0.037109375
0 0.7509765625 0.9501953125 0.041015625 0.037109375
0 0.3134765625 0.9462890625 0.044921875 0.033203125
0 0.82421875 0.935546875 0.03515625 0.03125
0 0.6767578125 0.9453125 0.076171875 0.06640625
0 0.912109375 0.9287109375 0.0625 0.048828125
0 0.3837890625 0.9521484375 0.083984375 0.095703125
0 0.7177734375 0.919921875 0.033203125 0.04296875
0 0.8125 0.9111328125 0.0390625 0.033203125
0 0.7392578125 0.9072265625 0.037109375 0.044921875
0 0.8857421875 0.8876953125 0.037109375 0.033203125
0 0.7802734375 0.8798828125 0.029296875 0.033203125
0 0.9697265625 0.8935546875 0.060546875 0.068359375
0 0.80078125 0.8662109375 0.02734375 0.029296875
0 0.2734375 0.916015625 0.14453125 0.12890625
0 0.8779296875 0.865234375 0.037109375 0.03515625
0 0.822265625 0.8564453125 0.02734375 0.029296875
0 0.841796875 0.841796875 0.03125 0.03515625
0 0.8623046875 0.8291015625 0.029296875 0.033203125
0 0.5048828125 0.9033203125 0.220703125 0.193359375
0 0.0498046875 0.8369140625 0.099609375 0.068359375
0 0.7421875 0.8173828125 0.0859375 0.080078125
0 0.0390625 0.7861328125 0.078125 0.048828125
0 0.9248046875 0.7900390625 0.080078125 0.072265625
0 0.443359375 0.810546875 0.18359375 0.13671875
0 0.9716796875 0.7744140625 0.056640625 0.095703125
0 0.01171875 0.7158203125 0.01953125 0.033203125
0 0.701171875 0.7431640625 0.11328125 0.119140625
0 0.068359375 0.6845703125 0.03515625 0.041015625
0 0.798828125 0.7275390625 0.125 0.142578125
0 0.091796875 0.6728515625 0.03515625 0.037109375
0 0.00390625 0.6650390625 0.0078125 0.025390625
0 0.619140625 0.7119140625 0.15625 0.150390625
0 0.1162109375 0.654296875 0.033203125 0.0390625
0 0.0078125 0.626953125 0.015625 0.01953125
0 0.166015625 0.6337890625 0.0703125 0.056640625
0 0.8974609375 0.666015625 0.115234375 0.140625
0 0.0107421875 0.6005859375 0.021484375 0.021484375
0 0.9775390625 0.6015625 0.044921875 0.05859375
0 0.1416015625 0.5927734375 0.052734375 0.048828125
0 0.0791015625 0.603515625 0.072265625 0.1015625
0 0.2451171875 0.5673828125 0.048828125 0.048828125
0 0.025390625 0.5615234375 0.03125 0.037109375
0 0.9541015625 0.5498046875 0.052734375 0.037109375
0 0.7861328125 0.6044921875 0.177734375 0.146484375
0 0.259765625 0.6796875 0.3671875 0.296875
0 0.2021484375 0.5654296875 0.068359375 0.080078125
0 0.265625 0.5322265625 0.01953125 0.017578125
0 0.0107421875 0.541015625 0.021484375 0.03515625
0 0.4384765625 0.5634765625 0.083984375 0.111328125
0 0.154296875 0.529296875 0.046875 0.046875
0 0.3095703125 0.51171875 0.029296875 0.02734375
0 0.1201171875 0.5146484375 0.029296875 0.037109375
0 0.271484375 0.49609375 0.02734375 0.02734375
0 0.0869140625 0.5009765625 0.029296875 0.037109375
0 0.4697265625 0.4951171875 0.048828125 0.056640625
0 0.2255859375 0.4833984375 0.044921875 0.037109375
0 0.0634765625 0.4873046875 0.033203125 0.044921875
0 0.9423828125 0.501953125 0.115234375 0.08984375
0 0.041015625 0.4755859375 0.03125 0.041015625
0 0.171875 0.4599609375 0.0234375 0.025390625
0 0.3232421875 0.4560546875 0.029296875 0.029296875
0 0.14453125 0.4541015625 0.0234375 0.025390625
0 0.017578125 0.4580078125 0.03515625 0.048828125
0 0.1123046875 0.4443359375 0.025390625 0.033203125
0 0.2861328125 0.435546875 0.025390625 0.03125
0 0.3876953125 0.453125 0.099609375 0.078125
0 0.087890625 0.4306640625 0.03125 0.037109375
0 0.265625 0.4228515625 0.02734375 0.041015625
0 0.2392578125 0.41796875 0.029296875 0.03125
0 0.0078125 0.4140625 0.015625 0.0234375
0 0.064453125 0.419921875 0.02734375 0.0390625
0 0.041015625 0.4111328125 0.02734375 0.037109375
0 0.3779296875 0.4052734375 0.056640625 0.048828125
0 0.1865234375 0.39453125 0.033203125 0.03515625
0 0.0126953125 0.38671875 0.025390625 0.02734375
0 0.2265625 0.376953125 0.01953125 0.01953125
0 0.146484375 0.37890625 0.03125 0.03515625
0 0.638671875 0.4658203125 0.31640625 0.228515625
0 0.4384765625 0.357421875 0.033203125 0.03125
0 0.109375 0.3603515625 0.03125 0.037109375
0 0.0693359375 0.3486328125 0.033203125 0.037109375
0 0.5 0.376953125 0.1171875 0.1015625
0 0.029296875 0.341796875 0.03515625 0.03125
0 0.2919921875 0.353515625 0.115234375 0.06640625
0 0.4228515625 0.3232421875 0.037109375 0.029296875
0 0.0390625 0.3154296875 0.03515625 0.033203125
0 0.625 0.3857421875 0.2890625 0.189453125
0 0.33984375 0.306640625 0.05078125 0.0390625
0 0.609375 0.31640625 0.078125 0.06640625
0 0.4150390625 0.2919921875 0.037109375 0.025390625
0 0.0517578125 0.2900390625 0.033203125 0.025390625
0 0.3359375 0.2744140625 0.03515625 0.025390625
0 0.26171875 0.2734375 0.0546875 0.0390625
0 0.845703125 0.314453125 0.125 0.125
0 0.5693359375 0.2744140625 0.052734375 0.044921875
0 0.40625 0.26171875 0.03515625 0.02734375
0 0.08203125 0.2666015625 0.0625 0.041015625
0 0.185546875 0.287109375 0.0703125 0.1015625
0 0.3251953125 0.244140625 0.037109375 0.02734375
0 0.8994140625 0.27734375 0.119140625 0.1171875
0 0.3955078125 0.23046875 0.033203125 0.0234375
0 0.0810546875 0.2236328125 0.033203125 0.029296875
0 0.5517578125 0.228515625 0.044921875 0.046875
0 0.3203125 0.216796875 0.03125 0.0234375
0 0.9482421875 0.21484375 0.033203125 0.03125
0 0.2099609375 0.20703125 0.013671875 0.015625
0 0.38671875 0.2001953125 0.03515625 0.025390625
0 0.9931640625 0.205078125 0.013671875 0.0390625
0 0.015625 0.205078125 0.03125 0.0390625
0 0.1748046875 0.193359375 0.044921875 0.03125
0 0.4873046875 0.251953125 0.072265625 0.15234375
0 0.939453125 0.1875 0.03125 0.02734375
0 0.1025390625 0.1748046875 0.033203125 0.025390625
0 0.5380859375 0.181640625 0.044921875 0.046875
0 0.9267578125 0.16015625 0.029296875 0.03125
0 0.1171875 0.154296875 0.0390625 0.03515625
0 0.1982421875 0.154296875 0.044921875 0.0390625
0 0.4462890625 0.150390625 0.048828125 0.04296875
0 0.990234375 0.140625 0.01953125 0.02734375
0 0.9150390625 0.1259765625 0.029296875 0.025390625
0 0.2734375 0.1455078125 0.08203125 0.080078125
0 0.013671875 0.1279296875 0.02734375 0.044921875
0 0.1337890625 0.1201171875 0.037109375 0.033203125
0 0.9814453125 0.111328125 0.025390625 0.03125
0 0.525390625 0.125 0.05859375 0.0625
0 0.435546875 0.1044921875 0.046875 0.044921875
0 0.0361328125 0.1015625 0.041015625 0.04296875
0 0.9052734375 0.0908203125 0.029296875 0.029296875
0 0.375 0.1318359375 0.0703125 0.119140625
0 0.0087890625 0.0849609375 0.017578125 0.029296875
0 0.998046875 0.078125 0.00390625 0.01953125
0 0.8046875 0.158203125 0.171875 0.1796875
0 0.001953125 0.068359375 0.00390625 0.00390625
0 0.8623046875 0.078125 0.029296875 0.02734375
0 0.8994140625 0.0654296875 0.025390625 0.017578125
0 0.275390625 0.0673828125 0.03125 0.025390625
0 0.16015625 0.080078125 0.0546875 0.0546875
0 0.4228515625 0.064453125 0.052734375 0.04296875
0 0.970703125 0.0654296875 0.03125 0.052734375
0 0.90234375 0.0390625 0.03515625 0.01953125
0 0.5068359375 0.0625 0.056640625 0.06640625
0 0.6806640625 0.150390625 0.107421875 0.28515625
0 0.1875 0.033203125 0.0546875 0.05078125
0 0.76953125 0.037109375 0.046875 0.06640625
0 0.0224609375 0.0341796875 0.044921875 0.060546875
0 0.9833984375 0.0166015625 0.033203125 0.029296875
0 0.9091796875 0.0087890625 0.033203125 0.017578125
0 0.8447265625 0.037109375 0.087890625 0.07421875
0 0.7236328125 0.03515625 0.044921875 0.0703125
0 0.6171875 0.0029296875 0.01171875 0.005859375
0 0.501953125 0.0126953125 0.05078125 0.025390625
0 0.419921875 0.017578125 0.04296875 0.03515625
0 0.3544921875 0.0205078125 0.052734375 0.041015625
0 0.2978515625 0.001953125 0.005859375 0.00390625
0 0.11328125 0.0068359375 0.0234375 0.013671875
0 0.080078125 0.0478515625 0.07421875 0.095703125