0 0.515625 0.9970703125 0.0078125 0.005859375
0 0.8408203125 0.9951171875 0.048828125 0.009765625
0 0.953125 0.994140625 0.04296875 0.01171875
0 0.6357421875 0.9931640625 0.017578125 0.013671875
0 0.916015625 0.9912109375 0.01953125 0.017578125
0 0.5419921875 0.9912109375 0.025390625 0.017578125
0 0.46484375 0.9873046875 0.03125 0.025390625
0 0.7529296875 0.9853515625 0.037109375 0.025390625
0 0.830078125 0.98046875 0.03515625 0.0234375
0 0.9521484375 0.9716796875 0.033203125 0.029296875
0 0.6318359375 0.966796875 0.029296875 0.03125
0 0.49609375 0.9697265625 0.03515625 0.037109375
0 0.82421875 0.958984375 0.03515625 0.0234375
0 0.74609375 0.9541015625 0.03515625 0.025390625
0 0.53515625 0.9521484375 0.03515625 0.037109375
0 0.943359375 0.9453125 0.03515625 0.02734375
0 0.818359375 0.9345703125 0.03515625 0.025390625
0 0.625 0.9296875 0.01953125 0.0234375
0 0.73828125 0.927734375 0.0390625 0.02734375
0 0.6953125 0.919921875 0.015625 0.015625
0 0.9375 0.9169921875 0.03515625 0.029296875
0 0.8095703125 0.9111328125 0.029296875 0.025390625
0 0.8916015625 0.908203125 0.021484375 0.0234375
0 0.7294921875 0.8984375 0.033203125 0.02734375
0 0.62890625 0.89453125 0.03125 0.02734375
0 0.845703125 0.8857421875 0.015625 0.017578125
0 0.802734375 0.8876953125 0.03125 0.025390625
0 0.9296875 0.88671875 0.03515625 0.02734375
0 0.88671875 0.876953125 0.015625 0.015625
0 0.6689453125 0.875 0.025390625 0.03125
0 0.6953125 0.869140625 0.0234375 0.03125
0 0.8720703125 0.861328125 0.021484375 0.01953125
0 0.9208984375 0.86328125 0.037109375 0.02734375
0 0.9951171875 0.8564453125 0.009765625 0.025390625
0 0.724609375 0.8583984375 0.0234375 0.033203125
0 0.791015625 0.841796875 0.02734375 0.0390625
0 0.916015625 0.833984375 0.0390625 0.02734375
0 0.8173828125 0.8349609375 0.025390625 0.037109375
0 0.9873046875 0.8251953125 0.025390625 0.029296875
0 0.84375 0.8291015625 0.03125 0.037109375
0 0.87109375 0.8232421875 0.02734375 0.037109375
0 0.9091796875 0.802734375 0.044921875 0.03125
0 0.6162109375 0.7978515625 0.029296875 0.041015625
0 0.703125 0.7841796875 0.03125 0.021484375
0 0.9775390625 0.7880859375 0.025390625 0.033203125
0 0.9970703125 0.77734375 0.005859375 0.015625
0 0.66015625 0.783203125 0.04296875 0.046875
0 0.6962890625 0.7607421875 0.033203125 0.025390625
0 0.6123046875 0.7607421875 0.025390625 0.025390625
0 0.7646484375 0.7607421875 0.033203125 0.029296875
0 0.640625 0.748046875 0.015625 0.01953125
0 0.79296875 0.7470703125 0.0234375 0.037109375
0 0.8134765625 0.7421875 0.025390625 0.03515625
0 0.689453125 0.734375 0.03125 0.0234375
0 0.609375 0.7275390625 0.03125 0.017578125
0 0.7529296875 0.7314453125 0.029296875 0.029296875
0 0.8408203125 0.7333984375 0.025390625 0.037109375
0 0.8681640625 0.7265625 0.029296875 0.0390625
0 0.8095703125 0.7099609375 0.013671875 0.013671875
0 0.8955078125 0.71875 0.029296875 0.04296875
0 0.6806640625 0.708984375 0.033203125 0.0234375
0 0.787109375 0.701171875 0.015625 0.015625
0 0.9541015625 0.708984375 0.029296875 0.0390625
0 0.7490234375 0.701171875 0.037109375 0.0234375
0 0.6044921875 0.6982421875 0.029296875 0.021484375
0 0.9951171875 0.69921875 0.009765625 0.03515625
0 0.8291015625 0.689453125 0.017578125 0.015625
0 0.6728515625 0.681640625 0.033203125 0.0234375
0 0.87109375 0.681640625 0.0390625 0.02734375
0 0.7431640625 0.6796875 0.037109375 0.0234375
0 0.7822265625 0.6748046875 0.017578125 0.021484375
0 0.6025390625 0.6689453125 0.033203125 0.025390625
0 0.962890625 0.66796875 0.04296875 0.02734375
0 0.8623046875 0.658203125 0.037109375 0.0234375
0 0.6650390625 0.65234375 0.033203125 0.0234375
0 0.958984375 0.6416015625 0.0390625 0.029296875
0 0.60546875 0.63671875 0.0234375 0.03125
0 0.65234375 0.6328125 0.046875 0.03515625
0 0.646484375 0.607421875 0.04296875 0.03515625
0 0.6435546875 0.5751953125 0.033203125 0.025390625
0 0.96875 0.556640625 0.01953125 0.01953125
0 0.9794921875 0.525390625 0.017578125 0.015625
0 0.998046875 0.494140625 0.00390625 0.0078125
0 0.99609375 0.46875 0.0078125 0.015625
0 0.931640625 0.4677734375 0.0234375 0.029296875
0 0.958984375 0.462890625 0.0234375 0.03515625
0 0.984375 0.4462890625 0.03125 0.029296875
0 0.8994140625 0.408203125 0.025390625 0.0390625
0 0.53125 0.400390625 0.0234375 0.0234375
0 0.9658203125 0.392578125 0.013671875 0.015625
0 0.9228515625 0.4013671875 0.025390625 0.033203125
0 0.9873046875 0.392578125 0.025390625 0.0234375
0 0.947265625 0.3935546875 0.02734375 0.037109375
0 0.8759765625 0.373046875 0.017578125 0.015625
0 0.9833984375 0.3681640625 0.033203125 0.021484375
0 0.974609375 0.3427734375 0.03515625 0.025390625
0 0.869140625 0.3310546875 0.0234375 0.037109375
0 0.96484375 0.318359375 0.03515625 0.0234375
0 0.552734375 0.349609375 0.09375 0.0859375
0 0.8935546875 0.32421875 0.025390625 0.0390625
0 0.9208984375 0.31640625 0.025390625 0.03125
0 0.9599609375 0.296875 0.033203125 0.0234375
0 0.859375 0.2763671875 0.01953125 0.021484375
0 0.8818359375 0.263671875 0.021484375 0.03515625
0 0.947265625 0.25390625 0.03515625 0.02734375
0 0.908203125 0.2548828125 0.02734375 0.037109375
0 0.9423828125 0.23046875 0.037109375 0.0234375
0 0.935546875 0.1845703125 0.02734375 0.029296875
0 0.6552734375 0.2177734375 0.240234375 0.259765625
0 0.994140625 0.0791015625 0.01171875 0.033203125