0 0.8828125 0.9892578125 0.0390625 0.021484375
0 0.09765625 0.9677734375 0.0234375 0.025390625
0 0.03515625 0.962890625 0.0703125 0.05859375
0 0.1318359375 0.908203125 0.033203125 0.03125
0 0.1015625 0.892578125 0.0234375 0.02734375
0 0.0244140625 0.88671875 0.025390625 0.02734375
0 0.9765625 0.884765625 0.02734375 0.02734375
0 0.421875 0.8681640625 0.0234375 0.021484375
0 0.1142578125 0.86328125 0.017578125 0.015625
0 0.0068359375 0.869140625 0.013671875 0.04296875
0 0.1494140625 0.85546875 0.029296875 0.02734375
0 0.453125 0.857421875 0.03125 0.03515625
0 0.3427734375 0.837890625 0.013671875 0.01953125
0 0.2275390625 0.8466796875 0.033203125 0.037109375
0 0.2900390625 0.8369140625 0.025390625 0.029296875
0 0.3701171875 0.8427734375 0.052734375 0.056640625
0 0.07421875 0.830078125 0.03125 0.0390625
0 0.2392578125 0.8154296875 0.033203125 0.029296875
0 0.0419921875 0.80859375 0.029296875 0.03125
0 0.3310546875 0.8095703125 0.029296875 0.041015625
0 0.5146484375 0.7958984375 0.021484375 0.025390625
0 0.4873046875 0.794921875 0.021484375 0.03125
0 0.294921875 0.7841796875 0.015625 0.013671875
0 0.177734375 0.7900390625 0.03125 0.037109375
0 0.2626953125 0.78125 0.029296875 0.0234375
0 0.4296875 0.7763671875 0.0234375 0.029296875
0 0.0849609375 0.763671875 0.033203125 0.0234375
0 0.4072265625 0.763671875 0.025390625 0.03125
0 0.4931640625 0.7568359375 0.021484375 0.021484375
0 0.2021484375 0.74609375 0.029296875 0.03125
0 0.044921875 0.7421875 0.02734375 0.03125
0 0.974609375 0.7470703125 0.05078125 0.044921875
0 0.375 0.7431640625 0.0234375 0.041015625
0 0.33984375 0.7353515625 0.03515625 0.037109375
0 0.017578125 0.7265625 0.02734375 0.02734375
0 0.14453125 0.72265625 0.0234375 0.02734375
0 0.001953125 0.7119140625 0.00390625 0.005859375
0 0.4287109375 0.712890625 0.017578125 0.01953125
0 0.5361328125 0.7119140625 0.021484375 0.025390625
0 0.2978515625 0.70703125 0.037109375 0.02734375
0 0.09375 0.697265625 0.0234375 0.0234375
0 0.3681640625 0.6923828125 0.025390625 0.033203125
0 0.06640625 0.693359375 0.02734375 0.03515625
0 0.5458984375 0.6845703125 0.021484375 0.025390625
0 0.302734375 0.6826171875 0.02734375 0.025390625
0 0.2158203125 0.6845703125 0.037109375 0.033203125
0 0.0380859375 0.673828125 0.025390625 0.02734375
0 0.9921875 0.6787109375 0.015625 0.048828125
0 0.0107421875 0.6630859375 0.021484375 0.025390625
0 0.30859375 0.66015625 0.03515625 0.02734375
0 0.8125 0.7900390625 0.19921875 0.291015625
0 0.1513671875 0.6572265625 0.033203125 0.025390625
0 0.556640625 0.6533203125 0.0234375 0.029296875
0 0.1865234375 0.646484375 0.017578125 0.015625
0 0.5234375 0.6435546875 0.01953125 0.025390625
0 0.9140625 0.6552734375 0.06640625 0.056640625
0 0.5029296875 0.63671875 0.021484375 0.02734375
0 0.482421875 0.634765625 0.0234375 0.0390625
0 0.236328125 0.6279296875 0.04296875 0.029296875
0 0.8056640625 0.6279296875 0.048828125 0.037109375
0 0.4580078125 0.626953125 0.025390625 0.03515625
0 0.1015625 0.630859375 0.05078125 0.04296875
0 0.3271484375 0.615234375 0.033203125 0.0234375
0 0.173828125 0.6083984375 0.01953125 0.017578125
0 0.4404296875 0.6123046875 0.021484375 0.029296875
0 0.0361328125 0.60546875 0.025390625 0.0234375
0 0.5673828125 0.6064453125 0.044921875 0.029296875
0 0.41015625 0.6083984375 0.03125 0.033203125
0 0.0048828125 0.5849609375 0.009765625 0.021484375
0 0.3486328125 0.5751953125 0.037109375 0.021484375
0 0.578125 0.576171875 0.04296875 0.03125
0 0.4560546875 0.5703125 0.017578125 0.01953125
0 0.2626953125 0.572265625 0.041015625 0.03125
0 0.2080078125 0.5625 0.017578125 0.015625
0 0.078125 0.5576171875 0.03515625 0.025390625
0 0.4140625 0.552734375 0.0234375 0.0234375
0 0.587890625 0.5478515625 0.04296875 0.029296875
0 0.6357421875 0.671875 0.123046875 0.29296875
0 0.3720703125 0.5400390625 0.052734375 0.033203125
0 0.0244140625 0.5341796875 0.025390625 0.029296875
0 0.1318359375 0.5263671875 0.021484375 0.017578125
0 0.294921875 0.5244140625 0.0234375 0.025390625
0 0.173828125 0.505859375 0.03125 0.02734375
0 0.384765625 0.490234375 0.03125 0.02734375
0 0.298828125 0.4912109375 0.03515625 0.029296875
0 0.1142578125 0.4873046875 0.029296875 0.029296875
0 0.2548828125 0.4775390625 0.025390625 0.021484375
0 0.224609375 0.46484375 0.0234375 0.0234375
0 0.931640625 0.4794921875 0.1328125 0.076171875
0 0.40625 0.451171875 0.03125 0.0234375
0 0.330078125 0.4443359375 0.0390625 0.025390625
0 0.177734375 0.443359375 0.01953125 0.0234375
0 0.111328125 0.4228515625 0.0234375 0.025390625
0 0.27734375 0.41796875 0.02734375 0.02734375
0 0.017578125 0.4130859375 0.0234375 0.025390625
0 0.3330078125 0.41015625 0.037109375 0.02734375
0 0.4814453125 0.4130859375 0.083984375 0.044921875
0 0.083984375 0.408203125 0.03125 0.0390625
0 0.6005859375 0.3974609375 0.021484375 0.021484375
0 0.2392578125 0.400390625 0.033203125 0.02734375
0 0.4150390625 0.39453125 0.029296875 0.03125
0 0.2021484375 0.38671875 0.025390625 0.0234375
0 0.333984375 0.384765625 0.03515625 0.03125
0 0.3037109375 0.3740234375 0.017578125 0.017578125
0 0.548828125 0.3720703125 0.03125 0.037109375
0 0.171875 0.3662109375 0.02734375 0.029296875
0 0.6162109375 0.353515625 0.025390625 0.01953125
0 0.2646484375 0.3564453125 0.037109375 0.025390625
0 0.470703125 0.3525390625 0.01953125 0.025390625
0 0.34765625 0.35546875 0.0390625 0.03125
0 0.505859375 0.3525390625 0.03515625 0.029296875
0 0.435546875 0.3466796875 0.04296875 0.029296875
0 0.306640625 0.3369140625 0.0234375 0.025390625
0 0.1025390625 0.337890625 0.041015625 0.03125
0 0.369140625 0.3330078125 0.03515625 0.029296875
0 0.6728515625 0.330078125 0.033203125 0.02734375
0 0.451171875 0.3291015625 0.02734375 0.029296875
0 0.27734375 0.322265625 0.02734375 0.02734375
0 0.228515625 0.314453125 0.02734375 0.03515625
0 0.3759765625 0.30859375 0.037109375 0.02734375
0 0.5869140625 0.306640625 0.025390625 0.02734375
0 0.5244140625 0.306640625 0.021484375 0.02734375
0 0.767578125 0.3955078125 0.09375 0.224609375
0 0.7392578125 0.392578125 0.099609375 0.23828125
0 0.673828125 0.28125 0.01953125 0.015625
0 0.5595703125 0.279296875 0.017578125 0.0234375
0 0.4677734375 0.29296875 0.044921875 0.05078125
0 0.6982421875 0.2783203125 0.025390625 0.029296875
0 0.3916015625 0.2666015625 0.033203125 0.025390625
0 0.658203125 0.2568359375 0.02734375 0.025390625
0 0.4658203125 0.2509765625 0.033203125 0.021484375
0 0.0029296875 0.2373046875 0.005859375 0.009765625
0 0.6064453125 0.251953125 0.029296875 0.046875
0 0.58203125 0.244140625 0.02734375 0.03515625
0 0.9482421875 0.3037109375 0.103515625 0.158203125
0 0.40234375 0.234375 0.03515625 0.02734375
0 0.5546875 0.2373046875 0.0234375 0.037109375
0 0.537109375 0.2265625 0.0234375 0.02734375
0 0.3662109375 0.2197265625 0.017578125 0.017578125
0 0.513671875 0.220703125 0.0234375 0.02734375
0 0.4677734375 0.2109375 0.029296875 0.0234375
0 0.412109375 0.2109375 0.02734375 0.0234375
0 0.3681640625 0.1982421875 0.041015625 0.017578125
0 0.9775390625 0.197265625 0.044921875 0.02734375
0 0.40625 0.177734375 0.04296875 0.03125
0 0.9794921875 0.16015625 0.025390625 0.02734375
0 0.533203125 0.1533203125 0.02734375 0.041015625
0 0.173828125 0.146484375 0.03515625 0.03515625
0 0.4921875 0.142578125 0.0546875 0.03125
0 0.0087890625 0.111328125 0.017578125 0.02734375
0 0.1171875 0.1015625 0.0234375 0.0234375
0 0.431640625 0.1025390625 0.046875 0.029296875
0 0.099609375 0.0908203125 0.01953125 0.021484375
0 0.1552734375 0.095703125 0.029296875 0.03515625
0 0.0439453125 0.09375 0.033203125 0.0390625
0 0.9951171875 0.083984375 0.009765625 0.02734375
0 0.0693359375 0.0712890625 0.025390625 0.029296875
0 0.1171875 0.0361328125 0.0234375 0.025390625
0 0.57421875 0.021484375 0.0234375 0.01953125
0 0.0126953125 0.0263671875 0.025390625 0.029296875
0 0.1416015625 0.0283203125 0.029296875 0.037109375
0 0.86328125 0.0107421875 0.06640625 0.021484375
0 0.75 0.01953125 0.11328125 0.0390625
0 0.529296875 0.013671875 0.03125 0.02734375
0 0.041015625 0.0087890625 0.02734375 0.017578125
0 0.0146484375 0.0048828125 0.013671875 0.009765625