0 0.2626953125 0.98828125 0.037109375 0.0234375
0 0.23828125 0.966796875 0.03515625 0.03125
0 0.2138671875 0.939453125 0.033203125 0.03125
0 0.3115234375 0.9365234375 0.021484375 0.037109375
0 0.0791015625 0.9228515625 0.025390625 0.025390625
0 0.0400390625 0.9248046875 0.025390625 0.029296875
0 0.0078125 0.9208984375 0.015625 0.021484375
0 0.181640625 0.91796875 0.03515625 0.03515625
0 0.283203125 0.916015625 0.03515625 0.03515625
0 0.109375 0.8994140625 0.03125 0.025390625
0 0.2607421875 0.884765625 0.037109375 0.03125
0 0.1396484375 0.8740234375 0.025390625 0.025390625
0 0.2392578125 0.8427734375 0.017578125 0.025390625
0 0.1640625 0.8388671875 0.02734375 0.037109375
0 0.2412109375 0.8037109375 0.029296875 0.029296875
0 0.173828125 0.7998046875 0.01953125 0.025390625
0 0.0185546875 0.783203125 0.029296875 0.0234375
0 0.064453125 0.7763671875 0.0234375 0.021484375
0 0.2421875 0.7685546875 0.02734375 0.029296875
0 0.1748046875 0.759765625 0.025390625 0.03125
0 0.0517578125 0.74609375 0.029296875 0.03515625
0 0.244140625 0.7294921875 0.01953125 0.029296875
0 0.1748046875 0.72265625 0.033203125 0.03125
0 0.06640625 0.7099609375 0.01953125 0.017578125
0 0.0361328125 0.7080078125 0.037109375 0.033203125
0 0.001953125 0.6943359375 0.00390625 0.005859375
0 0.2509765625 0.6953125 0.029296875 0.02734375
0 0.1806640625 0.6875 0.025390625 0.02734375
0 0.2529296875 0.6591796875 0.025390625 0.033203125
0 0.18359375 0.65234375 0.0234375 0.0234375
0 0.087890625 0.638671875 0.03125 0.01953125
0 0.1259765625 0.625 0.029296875 0.0234375
0 0.2548828125 0.6220703125 0.025390625 0.029296875
0 0.189453125 0.6171875 0.01953125 0.0234375
0 0.052734375 0.619140625 0.03125 0.03125
0 0.2568359375 0.5849609375 0.025390625 0.029296875
0 0.0390625 0.5810546875 0.0234375 0.033203125
0 0.181640625 0.55078125 0.02734375 0.01953125
0 0.10546875 0.54296875 0.02734375 0.01953125
0 0.0654296875 0.5478515625 0.029296875 0.029296875
0 0.2666015625 0.5478515625 0.025390625 0.033203125
0 0.1416015625 0.54296875 0.029296875 0.02734375
0 0.2138671875 0.51171875 0.025390625 0.03515625
0 0.2900390625 0.509765625 0.029296875 0.03515625
0 0.1328125 0.4697265625 0.01953125 0.017578125
0 0.2431640625 0.470703125 0.029296875 0.03125