0 0.525390625 0.99609375 0.015625 0.0078125
0 0.515625 0.9833984375 0.01953125 0.017578125
0 0.4892578125 0.9794921875 0.056640625 0.041015625
0 0.4375 0.9052734375 0.01953125 0.041015625
0 0.6083984375 0.9404296875 0.146484375 0.119140625
0 0.7275390625 0.90625 0.111328125 0.0546875
0 0.7939453125 0.8916015625 0.021484375 0.056640625
0 0.9111328125 0.8681640625 0.177734375 0.021484375
0 0.5537109375 0.8515625 0.029296875 0.0234375
0 0.9482421875 0.8310546875 0.044921875 0.021484375
0 0.978515625 0.806640625 0.01953125 0.04296875
0 0.7919921875 0.8017578125 0.025390625 0.087890625
0 0.5556640625 0.767578125 0.021484375 0.0234375
0 0.4033203125 0.765625 0.021484375 0.01953125
0 0.373046875 0.765625 0.0234375 0.01953125
0 0.6669921875 0.80859375 0.095703125 0.109375
0 0.46875 0.7685546875 0.07421875 0.033203125
0 0.837890625 0.791015625 0.07421875 0.10546875
0 0.3828125 0.7412109375 0.01953125 0.025390625
0 0.4208984375 0.7353515625 0.033203125 0.025390625
0 0.2744140625 0.7294921875 0.013671875 0.013671875
0 0.4794921875 0.7275390625 0.052734375 0.029296875
0 0.6279296875 0.7119140625 0.033203125 0.021484375
0 0.3876953125 0.708984375 0.021484375 0.01953125
0 0.580078125 0.7041015625 0.01953125 0.017578125
0 0.544921875 0.7080078125 0.0234375 0.025390625
0 0.365234375 0.7041015625 0.015625 0.021484375
0 0.697265625 0.6962890625 0.04296875 0.025390625
0 0.3046875 0.6904296875 0.02734375 0.025390625
0 0.6318359375 0.681640625 0.037109375 0.01953125
0 0.251953125 0.6708984375 0.03515625 0.017578125
0 0.5458984375 0.6669921875 0.021484375 0.013671875
0 0.7001953125 0.666015625 0.017578125 0.01953125
0 0.484375 0.6689453125 0.0234375 0.037109375
0 0.392578125 0.662109375 0.01953125 0.03515625
0 0.3134765625 0.654296875 0.017578125 0.01953125
0 0.7470703125 0.6533203125 0.017578125 0.021484375
0 0.4619140625 0.6611328125 0.025390625 0.041015625
0 0.2529296875 0.6474609375 0.033203125 0.017578125
0 0.3740234375 0.6533203125 0.017578125 0.033203125
0 0.7197265625 0.65234375 0.021484375 0.03515625
0 0.6787109375 0.6435546875 0.017578125 0.017578125
0 0.6982421875 0.640625 0.017578125 0.0234375
0 0.353515625 0.650390625 0.02734375 0.04296875
0 0.3046875 0.6318359375 0.0234375 0.021484375
0 0.255859375 0.623046875 0.0234375 0.015625
0 0.6025390625 0.626953125 0.017578125 0.02734375
0 0.5517578125 0.62890625 0.037109375 0.03515625
0 0.251953125 0.6025390625 0.03515625 0.017578125
0 0.677734375 0.5947265625 0.03125 0.025390625
0 0.33203125 0.59375 0.03515625 0.03125
0 0.484375 0.59375 0.02734375 0.03515625
0 0.85546875 0.61328125 0.1796875 0.08984375
0 0.435546875 0.6015625 0.1171875 0.08203125
0 0.6826171875 0.5654296875 0.021484375 0.025390625
0 0.251953125 0.5634765625 0.03125 0.025390625
0 0.3388671875 0.55859375 0.021484375 0.0234375
0 0.3046875 0.552734375 0.03515625 0.03125
0 0.642578125 0.5654296875 0.04296875 0.060546875
0 0.85546875 0.5341796875 0.0625 0.025390625
0 0.771484375 0.5166015625 0.0625 0.025390625
0 0.9912109375 0.51171875 0.017578125 0.02734375
0 0.9736328125 0.50390625 0.021484375 0.03125
0 0.2412109375 0.5068359375 0.029296875 0.064453125
0 0.923828125 0.494140625 0.04296875 0.04296875
0 0.8095703125 0.4814453125 0.146484375 0.068359375
0 0.7021484375 0.4736328125 0.044921875 0.064453125
0 0.6171875 0.4580078125 0.03125 0.033203125
0 0.5869140625 0.455078125 0.021484375 0.02734375
0 0.990234375 0.44921875 0.01953125 0.03125
0 0.537109375 0.4443359375 0.0234375 0.021484375
0 0.9189453125 0.4375 0.025390625 0.015625
0 0.9560546875 0.44140625 0.044921875 0.0390625
0 0.6962890625 0.431640625 0.021484375 0.01953125
0 0.6474609375 0.4267578125 0.029296875 0.025390625
0 0.568359375 0.4228515625 0.01953125 0.029296875
0 0.8203125 0.4189453125 0.01953125 0.025390625
0 0.78125 0.416015625 0.02734375 0.01953125
0 0.9140625 0.4111328125 0.03125 0.021484375
0 0.6064453125 0.4189453125 0.048828125 0.037109375
0 0.779296875 0.392578125 0.03125 0.01953125
0 0.9111328125 0.3876953125 0.033203125 0.017578125
0 0.849609375 0.3935546875 0.0234375 0.037109375
0 0.8251953125 0.38671875 0.021484375 0.02734375
0 0.673828125 0.3779296875 0.0234375 0.021484375
0 0.734375 0.38671875 0.0234375 0.046875
0 0.9873046875 0.3740234375 0.025390625 0.025390625
0 0.9609375 0.3662109375 0.0234375 0.025390625
0 0.908203125 0.36328125 0.0390625 0.01953125
0 0.591796875 0.3642578125 0.02734375 0.025390625
0 0.7099609375 0.353515625 0.013671875 0.015625
0 0.4619140625 0.3515625 0.033203125 0.01953125
0 0.3291015625 0.3818359375 0.220703125 0.080078125
0 0.7783203125 0.353515625 0.029296875 0.04296875
0 0.67578125 0.3447265625 0.03125 0.029296875
0 0.546875 0.3505859375 0.05859375 0.041015625
0 0.845703125 0.3388671875 0.015625 0.025390625
0 0.619140625 0.3388671875 0.01953125 0.025390625
0 0.8212890625 0.337890625 0.017578125 0.03125
0 0.779296875 0.318359375 0.02734375 0.01953125
0 0.6767578125 0.31640625 0.037109375 0.01953125
0 0.5390625 0.3134765625 0.0390625 0.017578125
0 0.6123046875 0.310546875 0.025390625 0.015625
0 0.462890625 0.3076171875 0.03125 0.017578125
0 0.001953125 0.296875 0.00390625 0.00390625
0 0.15625 0.322265625 0.08984375 0.06640625
0 0.9775390625 0.3056640625 0.044921875 0.041015625
0 0.8994140625 0.2998046875 0.037109375 0.029296875
0 0.943359375 0.294921875 0.0234375 0.02734375
0 0.9169921875 0.2744140625 0.017578125 0.017578125
0 0.8876953125 0.2734375 0.029296875 0.01953125
0 0.6640625 0.2822265625 0.02734375 0.041015625
0 0.826171875 0.2783203125 0.0234375 0.037109375
0 0.7744140625 0.28125 0.025390625 0.04296875
0 0.7451171875 0.27734375 0.021484375 0.03515625
0 0.708984375 0.28125 0.04296875 0.04296875
0 0.80078125 0.2685546875 0.01953125 0.021484375
0 0.99609375 0.2568359375 0.0078125 0.021484375
0 0.53125 0.255859375 0.0390625 0.01953125
0 0.59765625 0.2705078125 0.0546875 0.052734375
0 0.474609375 0.2578125 0.0234375 0.02734375
0 0.8955078125 0.2431640625 0.044921875 0.029296875
0 0.0732421875 0.2548828125 0.087890625 0.064453125
0 0.6044921875 0.2275390625 0.033203125 0.017578125
0 0.5419921875 0.224609375 0.056640625 0.03125
0 0.9609375 0.2275390625 0.04296875 0.060546875
0 0.8740234375 0.2060546875 0.029296875 0.021484375
0 0.732421875 0.208984375 0.04296875 0.0390625
0 0.47265625 0.2109375 0.0234375 0.05078125
0 0.6015625 0.1943359375 0.03125 0.021484375
0 0.5205078125 0.1923828125 0.021484375 0.017578125
0 0.8720703125 0.181640625 0.025390625 0.01953125
0 0.53515625 0.16796875 0.03125 0.0234375
0 0.6005859375 0.158203125 0.037109375 0.01953125
0 0.869140625 0.1513671875 0.03125 0.025390625
0 0.4716796875 0.138671875 0.017578125 0.015625
0 0.447265625 0.16015625 0.0234375 0.05859375
0 0.169921875 0.189453125 0.04296875 0.12890625
0 0.6728515625 0.1708984375 0.056640625 0.095703125
0 0.6025390625 0.130859375 0.029296875 0.015625
0 0.0673828125 0.1318359375 0.091796875 0.056640625
0 0.529296875 0.1220703125 0.03515625 0.041015625
0 0.6982421875 0.0986328125 0.013671875 0.013671875
0 0.6025390625 0.1025390625 0.029296875 0.021484375
0 0.8603515625 0.1123046875 0.029296875 0.044921875
0 0.4677734375 0.0927734375 0.025390625 0.025390625
0 0.7314453125 0.0869140625 0.013671875 0.017578125
0 0.666015625 0.0859375 0.03125 0.01953125
0 0.59375 0.076171875 0.04296875 0.02734375
0 0.5263671875 0.07421875 0.037109375 0.0234375
0 0.6845703125 0.07421875 0.041015625 0.02734375
0 0.9677734375 0.095703125 0.044921875 0.09765625
0 0.4677734375 0.0517578125 0.025390625 0.021484375
0 0.5234375 0.0478515625 0.02734375 0.021484375
0 0.849609375 0.0439453125 0.03515625 0.017578125
0 0.5986328125 0.0419921875 0.037109375 0.017578125
0 0.92578125 0.041015625 0.02734375 0.03125
0 0.8955078125 0.03515625 0.025390625 0.03125
0 0.0751953125 0.041015625 0.052734375 0.04296875
0 0.65234375 0.0224609375 0.01953125 0.013671875
0 0.599609375 0.013671875 0.03515625 0.015625
0 0.8388671875 0.0126953125 0.029296875 0.017578125
0 0.4599609375 0.0146484375 0.033203125 0.021484375
0 0.5146484375 0.013671875 0.021484375 0.0234375
0 0.4296875 0.0185546875 0.01953125 0.033203125
0 0.751953125 0.060546875 0.09375 0.12109375
0 0.65625 0.0048828125 0.02734375 0.009765625
0 0.1591796875 0.0458984375 0.048828125 0.091796875