0 0.5400390625 0.9970703125 0.009765625 0.005859375
0 0.31640625 0.99609375 0.015625 0.0078125
0 0.2421875 0.9951171875 0.01953125 0.009765625
0 0.041015625 0.9931640625 0.0234375 0.013671875
0 0.70703125 0.9921875 0.02734375 0.015625
0 0.62890625 0.9912109375 0.03515625 0.017578125
0 0.8232421875 0.9892578125 0.033203125 0.021484375
0 0.9140625 0.9873046875 0.03125 0.025390625
0 0.150390625 0.9853515625 0.0234375 0.021484375
0 0.513671875 0.986328125 0.0390625 0.02734375
0 0.216796875 0.986328125 0.03515625 0.02734375
0 0.443359375 0.9853515625 0.03125 0.029296875
0 0.3447265625 0.978515625 0.033203125 0.03125
0 0.015625 0.978515625 0.03125 0.03515625
0 0.7275390625 0.9736328125 0.029296875 0.029296875
0 0.53515625 0.966796875 0.02734375 0.01953125
0 0.8427734375 0.970703125 0.041015625 0.03125
0 0.1982421875 0.97265625 0.033203125 0.03515625
0 0.4609375 0.9619140625 0.03515625 0.033203125
0 0.111328125 0.9609375 0.03125 0.03125
0 0.36328125 0.958984375 0.03515625 0.03125
0 0.283203125 0.958984375 0.03125 0.03515625
0 0.7470703125 0.9541015625 0.033203125 0.029296875
0 0.1748046875 0.955078125 0.037109375 0.03515625
0 0.005859375 0.94921875 0.01171875 0.0234375
0 0.9501953125 0.9521484375 0.037109375 0.037109375
0 0.6708984375 0.9423828125 0.037109375 0.017578125
0 0.875 0.9453125 0.02734375 0.02734375
0 0.642578125 0.9560546875 0.05078125 0.056640625
0 0.47265625 0.9326171875 0.01953125 0.017578125
0 0.376953125 0.9384765625 0.02734375 0.029296875
0 0.259765625 0.939453125 0.03515625 0.03515625
0 0.7705078125 0.931640625 0.033203125 0.03515625
0 0.966796875 0.9296875 0.03515625 0.03515625
0 0.5986328125 0.9326171875 0.025390625 0.041015625
0 0.56640625 0.9296875 0.0234375 0.03515625
0 0.8935546875 0.921875 0.025390625 0.02734375
0 0.06640625 0.9228515625 0.0234375 0.029296875
0 0.1416015625 0.916015625 0.025390625 0.02734375
0 0.5361328125 0.9189453125 0.021484375 0.037109375
0 0.30859375 0.91796875 0.03515625 0.03515625
0 0.2392578125 0.9189453125 0.037109375 0.037109375
0 0.3974609375 0.912109375 0.029296875 0.03125
0 0.978515625 0.9072265625 0.02734375 0.029296875
0 0.791015625 0.91015625 0.03515625 0.03515625
0 0.3271484375 0.90625 0.029296875 0.02734375
0 0.04296875 0.904296875 0.03125 0.03515625
0 0.2724609375 0.8935546875 0.017578125 0.017578125
0 0.8603515625 0.892578125 0.017578125 0.01953125
0 0.212890625 0.8974609375 0.03125 0.033203125
0 0.0849609375 0.8916015625 0.021484375 0.021484375
0 0.669921875 0.8935546875 0.03125 0.029296875
0 0.478515625 0.8916015625 0.03125 0.033203125
0 0.3427734375 0.8896484375 0.033203125 0.029296875
0 0.9912109375 0.88671875 0.017578125 0.02734375
0 0.7138671875 0.8896484375 0.033203125 0.033203125
0 0.91796875 0.88671875 0.03515625 0.03125
0 0.8046875 0.884765625 0.02734375 0.03125
0 0.4541015625 0.8837890625 0.029296875 0.033203125
0 0.1728515625 0.8759765625 0.025390625 0.021484375
0 0.6240234375 0.875 0.029296875 0.0234375
0 0.1015625 0.87109375 0.0234375 0.0234375
0 0.427734375 0.8759765625 0.03515625 0.041015625
0 0.9365234375 0.8681640625 0.029296875 0.029296875
0 0.2412109375 0.861328125 0.021484375 0.01953125
0 0.681640625 0.8583984375 0.0234375 0.021484375
0 0.2197265625 0.8564453125 0.017578125 0.017578125
0 0.1875 0.85546875 0.0234375 0.0234375
0 0.8251953125 0.859375 0.037109375 0.03515625
0 0.115234375 0.8515625 0.0234375 0.0234375
0 0.0078125 0.8544921875 0.015625 0.029296875
0 0.744140625 0.8623046875 0.046875 0.048828125
0 0.5673828125 0.8525390625 0.029296875 0.029296875
0 0.90234375 0.845703125 0.01953125 0.01953125
0 0.9541015625 0.845703125 0.029296875 0.03125
0 0.6484375 0.845703125 0.03125 0.03515625
0 0.380859375 0.8486328125 0.02734375 0.041015625
0 0.52734375 0.84765625 0.03515625 0.04296875
0 0.84375 0.8359375 0.02734375 0.02734375
0 0.353515625 0.8349609375 0.0234375 0.029296875
0 0.1279296875 0.830078125 0.025390625 0.02734375
0 0.322265625 0.8291015625 0.02734375 0.029296875
0 0.576171875 0.8291015625 0.0390625 0.033203125
0 0.7705078125 0.82421875 0.029296875 0.03125
0 0.2939453125 0.8203125 0.021484375 0.0234375
0 0.9755859375 0.8173828125 0.029296875 0.029296875
0 0.4912109375 0.8203125 0.037109375 0.03515625
0 0.2705078125 0.8232421875 0.021484375 0.041015625
0 0.669921875 0.8154296875 0.03125 0.029296875
0 0.8662109375 0.8125 0.029296875 0.02734375
0 0.2353515625 0.8115234375 0.025390625 0.029296875
0 0.9404296875 0.8017578125 0.017578125 0.017578125
0 0.7919921875 0.8056640625 0.025390625 0.025390625
0 0.2109375 0.8037109375 0.0234375 0.025390625
0 0.1513671875 0.798828125 0.021484375 0.015625
0 0.7587890625 0.7978515625 0.021484375 0.017578125
0 0.5986328125 0.8046875 0.041015625 0.0390625
0 0.9912109375 0.794921875 0.017578125 0.02734375
0 0.6953125 0.798828125 0.0390625 0.03515625
0 0.88671875 0.7919921875 0.03515625 0.033203125
0 0.421875 0.791015625 0.0390625 0.03515625
0 0.5126953125 0.79296875 0.048828125 0.05078125
0 0.8125 0.7783203125 0.0234375 0.025390625
0 0.1337890625 0.7734375 0.017578125 0.015625
0 0.716796875 0.77734375 0.03515625 0.03515625
0 0.166015625 0.7705078125 0.0234375 0.021484375
0 0.3701171875 0.7744140625 0.025390625 0.033203125
0 0.3427734375 0.7705078125 0.021484375 0.025390625
0 0.90625 0.7666015625 0.02734375 0.021484375
0 0.3154296875 0.767578125 0.021484375 0.02734375
0 0.44140625 0.7705078125 0.0390625 0.037109375
0 0.2919921875 0.76171875 0.021484375 0.02734375
0 0.6435546875 0.7626953125 0.029296875 0.037109375
0 0.615234375 0.7705078125 0.04296875 0.052734375
0 0.263671875 0.7568359375 0.01953125 0.025390625
0 0.8291015625 0.7529296875 0.033203125 0.033203125
0 0.7392578125 0.7607421875 0.044921875 0.048828125
0 0.16796875 0.7470703125 0.02734375 0.021484375
0 0.544921875 0.7529296875 0.04296875 0.037109375
0 0.9267578125 0.7451171875 0.037109375 0.033203125
0 0.4609375 0.74609375 0.03515625 0.03515625
0 0.224609375 0.744140625 0.01953125 0.04296875
0 0.9931640625 0.7294921875 0.013671875 0.025390625
0 0.5576171875 0.73046875 0.029296875 0.02734375
0 0.658203125 0.734375 0.04296875 0.0390625
0 0.853515625 0.7275390625 0.04296875 0.033203125
0 0.7587890625 0.7314453125 0.044921875 0.041015625
0 0.4775390625 0.7265625 0.037109375 0.03515625
0 0.0126953125 0.720703125 0.025390625 0.0234375
0 0.171875 0.7177734375 0.0234375 0.021484375
0 0.0966796875 0.7197265625 0.037109375 0.025390625
0 0.0537109375 0.720703125 0.033203125 0.02734375
0 0.3505859375 0.7197265625 0.025390625 0.033203125
0 0.2900390625 0.712890625 0.017578125 0.01953125
0 0.392578125 0.7177734375 0.02734375 0.033203125
0 0.322265625 0.712890625 0.01953125 0.0234375
0 0.2568359375 0.708984375 0.025390625 0.015625
0 0.1328125 0.7177734375 0.01953125 0.033203125
0 0.2255859375 0.708984375 0.025390625 0.01953125
0 0.6826171875 0.7138671875 0.041015625 0.037109375
0 0.7763671875 0.70703125 0.037109375 0.03515625
0 0.5830078125 0.7080078125 0.048828125 0.044921875
0 0.505859375 0.7001953125 0.05078125 0.037109375
0 0.79296875 0.685546875 0.03515625 0.03515625
0 0.7109375 0.6884765625 0.05078125 0.041015625
0 0.9775390625 0.6748046875 0.044921875 0.080078125
0 0.8369140625 0.654296875 0.068359375 0.05078125
0 0.0830078125 0.6396484375 0.021484375 0.021484375
0 0.0576171875 0.640625 0.017578125 0.0234375
0 0.0341796875 0.640625 0.017578125 0.0234375
0 0.107421875 0.6357421875 0.01953125 0.029296875
0 0.3779296875 0.6318359375 0.017578125 0.025390625
0 0.345703125 0.6318359375 0.01953125 0.025390625
0 0.2841796875 0.6328125 0.017578125 0.02734375
0 0.0107421875 0.6357421875 0.021484375 0.033203125
0 0.3134765625 0.630859375 0.017578125 0.02734375
0 0.41015625 0.6279296875 0.03125 0.025390625
0 0.2626953125 0.630859375 0.017578125 0.03125
0 0.1689453125 0.6298828125 0.025390625 0.037109375
0 0.1357421875 0.630859375 0.021484375 0.0390625
0 0.44140625 0.6240234375 0.01953125 0.033203125
0 0.19921875 0.6279296875 0.0234375 0.041015625
0 0.4677734375 0.619140625 0.017578125 0.03515625
0 0.494140625 0.6171875 0.0234375 0.03515625
0 0.5205078125 0.61328125 0.021484375 0.03515625
0 0.2333984375 0.619140625 0.025390625 0.0546875
0 0.9345703125 0.6201171875 0.080078125 0.060546875
0 0.6806640625 0.6044921875 0.021484375 0.029296875
0 0.546875 0.6083984375 0.01953125 0.041015625
0 0.3974609375 0.5966796875 0.033203125 0.017578125
0 0.611328125 0.595703125 0.0859375 0.0625
0 0.978515625 0.568359375 0.04296875 0.0546875
0 0.7568359375 0.5703125 0.138671875 0.0859375
0 0.470703125 0.4921875 0.01953125 0.03125
0 0.525390625 0.4873046875 0.046875 0.037109375
0 0.568359375 0.4814453125 0.015625 0.029296875
0 0.5908203125 0.47265625 0.025390625 0.0234375
0 0.6787109375 0.4765625 0.052734375 0.0390625
0 0.6220703125 0.482421875 0.033203125 0.0625
0 0.52734375 0.4189453125 0.0234375 0.025390625
0 0.5 0.4208984375 0.02734375 0.029296875
0 0.4677734375 0.4228515625 0.017578125 0.033203125
0 0.994140625 0.4140625 0.01171875 0.01953125
0 0.5966796875 0.4208984375 0.037109375 0.033203125
0 0.5400390625 0.396484375 0.025390625 0.0234375
0 0.451171875 0.3974609375 0.03125 0.025390625
0 0.6923828125 0.392578125 0.025390625 0.0234375
0 0.720703125 0.37890625 0.046875 0.03125
0 0.5576171875 0.373046875 0.033203125 0.03125
0 0.4521484375 0.369140625 0.052734375 0.03125
0 0.6494140625 0.365234375 0.037109375 0.03125
0 0.5263671875 0.353515625 0.025390625 0.02734375
0 0.42578125 0.34765625 0.02734375 0.01953125
0 0.9912109375 0.3466796875 0.017578125 0.033203125
0 0.669921875 0.341796875 0.03125 0.02734375
0 0.4990234375 0.34375 0.029296875 0.03125
0 0.76171875 0.3408203125 0.03125 0.033203125
0 0.4140625 0.326171875 0.02734375 0.0234375
0 0.4638671875 0.33203125 0.048828125 0.0390625
0 0.58984375 0.32421875 0.0390625 0.03515625
0 0.6884765625 0.314453125 0.037109375 0.03125
0 0.845703125 0.333984375 0.0703125 0.07421875
0 0.7236328125 0.3115234375 0.025390625 0.029296875
0 0.607421875 0.3037109375 0.03515625 0.033203125
0 0.9697265625 0.3056640625 0.037109375 0.041015625
0 0.701171875 0.2890625 0.02734375 0.02734375
0 0.9375 0.2919921875 0.0390625 0.037109375
0 0.79296875 0.291015625 0.0546875 0.046875
0 0.626953125 0.2783203125 0.03125 0.029296875
0 0.537109375 0.2724609375 0.02734375 0.037109375
0 0.5810546875 0.2578125 0.021484375 0.0234375
0 0.5126953125 0.2607421875 0.029296875 0.037109375
0 0.98828125 0.255859375 0.0234375 0.03515625
0 0.6455078125 0.2548828125 0.033203125 0.033203125
0 0.900390625 0.259765625 0.05078125 0.046875
0 0.4599609375 0.25390625 0.052734375 0.03515625
0 0.73046875 0.2587890625 0.04296875 0.048828125
0 0.4130859375 0.244140625 0.029296875 0.0234375
0 0.005859375 0.2431640625 0.01171875 0.029296875
0 0.9541015625 0.244140625 0.033203125 0.03515625
0 0.375 0.2333984375 0.02734375 0.029296875
0 0.45703125 0.2236328125 0.01953125 0.021484375
0 0.677734375 0.2177734375 0.02734375 0.033203125
0 0.837890625 0.2158203125 0.03125 0.033203125
0 0.0283203125 0.216796875 0.033203125 0.03515625
0 0.919921875 0.2119140625 0.03515625 0.029296875
0 0.6552734375 0.208984375 0.025390625 0.02734375
0 0.296875 0.2119140625 0.04296875 0.033203125
0 0.9697265625 0.208984375 0.037109375 0.03515625
0 0.3828125 0.201171875 0.0234375 0.01953125
0 0.001953125 0.193359375 0.00390625 0.00390625
0 0.8115234375 0.201171875 0.029296875 0.03125
0 0.6279296875 0.203125 0.029296875 0.03515625
0 0.0693359375 0.2021484375 0.037109375 0.033203125
0 0.55078125 0.1962890625 0.04296875 0.033203125
0 0.5859375 0.20703125 0.04296875 0.05859375
0 0.7861328125 0.185546875 0.029296875 0.03125
0 0.9384765625 0.18359375 0.033203125 0.03125
0 0.84765625 0.1826171875 0.03515625 0.029296875
0 0.2734375 0.193359375 0.06640625 0.05078125
0 0.041015625 0.1787109375 0.03125 0.033203125
0 0.76171875 0.17578125 0.03125 0.03515625
0 0.5 0.1728515625 0.03125 0.029296875
0 0.1298828125 0.1708984375 0.033203125 0.037109375
0 0.0234375 0.1630859375 0.02734375 0.029296875
0 0.861328125 0.15625 0.02734375 0.03125
0 0.4521484375 0.1611328125 0.048828125 0.041015625
0 0.1669921875 0.16015625 0.033203125 0.0390625
0 0.3515625 0.171875 0.0703125 0.06640625
0 0.953125 0.1513671875 0.03515625 0.033203125
0 0.40625 0.158203125 0.0390625 0.0546875
0 0.7890625 0.1357421875 0.02734375 0.025390625
0 0.87890625 0.1357421875 0.03515625 0.029296875
0 0.708984375 0.142578125 0.03515625 0.04296875
0 0.203125 0.140625 0.03515625 0.0390625
0 0.6806640625 0.1376953125 0.033203125 0.037109375
0 0.099609375 0.1357421875 0.03515625 0.033203125
0 0.0107421875 0.1357421875 0.021484375 0.037109375
0 0.974609375 0.1298828125 0.03515625 0.033203125
0 0.654296875 0.1298828125 0.03125 0.033203125
0 0.626953125 0.1240234375 0.03125 0.033203125
0 0.1396484375 0.1142578125 0.017578125 0.017578125
0 0.892578125 0.1162109375 0.03125 0.033203125
0 0.8056640625 0.1162109375 0.037109375 0.033203125
0 0.0810546875 0.11328125 0.029296875 0.02734375
0 0.107421875 0.1044921875 0.015625 0.017578125
0 0.5859375 0.109375 0.03125 0.03125
0 0.1796875 0.107421875 0.03125 0.02734375
0 0.98828125 0.10546875 0.0234375 0.03125
0 0.5244140625 0.099609375 0.025390625 0.02734375
0 0.998046875 0.0859375 0.00390625 0.0078125
0 0.6591796875 0.0947265625 0.025390625 0.029296875
0 0.7255859375 0.0986328125 0.044921875 0.048828125
0 0.05859375 0.0888671875 0.02734375 0.029296875
0 0.908203125 0.08984375 0.0390625 0.03515625
0 0.8193359375 0.0859375 0.033203125 0.03125
0 0.4931640625 0.091796875 0.029296875 0.04296875
0 0.15625 0.0869140625 0.03515625 0.037109375
0 0.546875 0.0771484375 0.02734375 0.025390625
0 0.4384765625 0.080078125 0.056640625 0.0390625
0 0.9228515625 0.0712890625 0.029296875 0.029296875
0 0.8310546875 0.0634765625 0.029296875 0.025390625
0 0.140625 0.0654296875 0.03515625 0.033203125
0 0.0478515625 0.064453125 0.037109375 0.03515625
0 0.74609375 0.0625 0.0390625 0.03515625
0 0.4375 0.0576171875 0.02734375 0.025390625
0 0.62890625 0.05859375 0.03125 0.03125
0 0.2177734375 0.0517578125 0.037109375 0.033203125
0 0.8798828125 0.04296875 0.021484375 0.0234375
0 0.845703125 0.0419921875 0.02734375 0.025390625
0 0.9423828125 0.044921875 0.037109375 0.03515625
0 0.6513671875 0.04296875 0.033203125 0.03125
0 0.7626953125 0.0419921875 0.037109375 0.033203125
0 0.2568359375 0.041015625 0.029296875 0.03125
0 0.025390625 0.041015625 0.03125 0.03125
0 0.4560546875 0.037109375 0.029296875 0.02734375
0 0.283203125 0.078125 0.12109375 0.109375
0 0.12109375 0.0380859375 0.03125 0.029296875
0 0.0537109375 0.0322265625 0.017578125 0.017578125
0 0.568359375 0.0341796875 0.04296875 0.033203125
0 0.2060546875 0.0341796875 0.041015625 0.037109375
0 0.9169921875 0.0234375 0.025390625 0.0234375
0 0.7822265625 0.0224609375 0.029296875 0.029296875
0 0.66796875 0.0205078125 0.03515625 0.033203125
0 0.0986328125 0.0185546875 0.037109375 0.033203125
0 0.990234375 0.0078125 0.01953125 0.015625
0 0.892578125 0.0107421875 0.02734375 0.021484375
0 0.87109375 0.001953125 0.00390625 0.00390625
0 0.8310546875 0.005859375 0.025390625 0.01171875
0 0.7939453125 0.0068359375 0.025390625 0.013671875
0 0.69140625 0.0048828125 0.015625 0.009765625
0 0.59375 0.013671875 0.04296875 0.02734375
0 0.5244140625 0.0126953125 0.029296875 0.025390625
0 0.4765625 0.0126953125 0.03515625 0.025390625
0 0.38671875 0.0087890625 0.02734375 0.017578125
0 0.193359375 0.0185546875 0.04296875 0.037109375
0 0.171875 0.009765625 0.03515625 0.01953125
0 0.068359375 0.0078125 0.02734375 0.015625
0 0.0126953125 0.0166015625 0.025390625 0.033203125