0 0.3896484375 0.998046875 0.005859375 0.00390625
0 0.375 0.998046875 0.0078125 0.00390625
0 0.65234375 0.99609375 0.015625 0.0078125
0 0.498046875 0.9931640625 0.03125 0.013671875
0 0.2265625 0.9892578125 0.04296875 0.021484375
0 0.4482421875 0.9853515625 0.048828125 0.029296875
0 0.068359375 0.970703125 0.046875 0.04296875
0 0.779296875 0.9697265625 0.0390625 0.060546875
0 0.328125 0.9443359375 0.046875 0.033203125
0 0.8955078125 0.95703125 0.072265625 0.0859375
0 0.962890625 0.9560546875 0.07421875 0.087890625
0 0.7236328125 0.93359375 0.041015625 0.0546875
0 0.28515625 0.9169921875 0.04296875 0.033203125
0 0.537109375 0.900390625 0.03515625 0.03515625
0 0.244140625 0.888671875 0.046875 0.03125
0 0.8203125 0.884765625 0.03515625 0.046875
0 0.1650390625 0.8984375 0.068359375 0.078125
0 0.4228515625 0.8759765625 0.044921875 0.037109375
0 0.4716796875 0.8681640625 0.029296875 0.025390625
0 0.0771484375 0.87890625 0.060546875 0.05859375
0 0.6298828125 0.865234375 0.041015625 0.0390625
0 0.205078125 0.8642578125 0.0390625 0.041015625
0 0.365234375 0.8515625 0.0390625 0.0390625
0 0.74609375 0.853515625 0.0390625 0.05078125
0 0.416015625 0.841796875 0.02734375 0.03125
0 0.8486328125 0.8369140625 0.025390625 0.033203125
0 0.8818359375 0.8349609375 0.029296875 0.033203125
0 0.591796875 0.826171875 0.03515625 0.03125
0 0.966796875 0.81640625 0.04296875 0.0390625
0 0.666015625 0.8115234375 0.03515625 0.037109375
0 0.09375 0.8095703125 0.04296875 0.037109375
0 0.314453125 0.8056640625 0.03515625 0.041015625
0 0.826171875 0.7958984375 0.04296875 0.037109375
0 0.48828125 0.771484375 0.01953125 0.01953125
0 0.787109375 0.7734375 0.03125 0.03515625
0 0.2841796875 0.7646484375 0.037109375 0.041015625
0 0.5830078125 0.75390625 0.029296875 0.02734375
0 0.990234375 0.7490234375 0.01953125 0.029296875
0 0.19921875 0.7626953125 0.0390625 0.056640625
0 0.703125 0.751953125 0.04296875 0.04296875
0 0.533203125 0.75 0.03125 0.0390625
0 0.6259765625 0.7412109375 0.017578125 0.025390625
0 0.8056640625 0.732421875 0.029296875 0.03125
0 0.4951171875 0.73046875 0.044921875 0.03125
0 0.9375 0.7255859375 0.03515625 0.033203125
0 0.275390625 0.724609375 0.046875 0.04296875
0 0.4501953125 0.7216796875 0.041015625 0.048828125
0 0.7353515625 0.708984375 0.025390625 0.02734375
0 0.7001953125 0.6962890625 0.029296875 0.025390625
0 0.8876953125 0.7001953125 0.033203125 0.037109375
0 0.8173828125 0.6923828125 0.025390625 0.029296875
0 0.0771484375 0.703125 0.041015625 0.05078125
0 0.728515625 0.685546875 0.0234375 0.01953125
0 0.1640625 0.697265625 0.03515625 0.04296875
0 0.4111328125 0.6884765625 0.033203125 0.029296875
0 0.5859375 0.6787109375 0.03515625 0.021484375
0 0.8603515625 0.6796875 0.033203125 0.03125
0 0.537109375 0.669921875 0.03125 0.02734375
0 0.24609375 0.67578125 0.03515625 0.04296875
0 0.08984375 0.6630859375 0.03515625 0.029296875
0 0.625 0.6591796875 0.03515625 0.033203125
0 0.9912109375 0.65234375 0.017578125 0.0234375
0 0.3837890625 0.6552734375 0.033203125 0.033203125
0 0.4990234375 0.6533203125 0.037109375 0.037109375
0 0.015625 0.65625 0.03125 0.05078125
0 0.662109375 0.638671875 0.05078125 0.0390625
0 0.1328125 0.646484375 0.04296875 0.0546875
0 0.4609375 0.6298828125 0.03125 0.029296875
0 0.21875 0.626953125 0.03515625 0.03515625
0 0.0068359375 0.619140625 0.013671875 0.01953125
0 0.7294921875 0.6162109375 0.048828125 0.029296875
0 0.3486328125 0.625 0.048828125 0.046875
0 0.0869140625 0.607421875 0.033203125 0.03125
0 0.421875 0.6005859375 0.0390625 0.037109375
0 0.3193359375 0.5859375 0.037109375 0.03125
0 0.1904296875 0.5849609375 0.037109375 0.044921875
0 0.05859375 0.578125 0.04296875 0.05078125
0 0.3984375 0.56640625 0.0390625 0.03125
0 0.3046875 0.55859375 0.0234375 0.0234375
0 0.1552734375 0.5400390625 0.041015625 0.033203125
0 0.876953125 0.5341796875 0.01953125 0.025390625
0 0.9755859375 0.544921875 0.048828125 0.05078125
0 0.8994140625 0.5419921875 0.029296875 0.044921875
0 0.0244140625 0.5380859375 0.033203125 0.037109375
0 0.845703125 0.5400390625 0.03515625 0.044921875
0 0.27734375 0.53125 0.02734375 0.02734375
0 0.93359375 0.5302734375 0.02734375 0.029296875
0 0.3681640625 0.5224609375 0.029296875 0.033203125
0 0.76171875 0.5224609375 0.03125 0.041015625
0 0.3369140625 0.4990234375 0.029296875 0.025390625
0 0.2490234375 0.501953125 0.037109375 0.03515625
0 0.5947265625 0.494140625 0.029296875 0.03125
0 0.755859375 0.4794921875 0.0390625 0.029296875
0 0.1357421875 0.4755859375 0.025390625 0.025390625
0 0.30859375 0.46875 0.03125 0.03515625
0 0.978515625 0.4638671875 0.02734375 0.029296875
0 0.9345703125 0.4599609375 0.033203125 0.025390625
0 0.888671875 0.4599609375 0.0234375 0.029296875
0 0.1904296875 0.4677734375 0.037109375 0.044921875
0 0.7490234375 0.451171875 0.033203125 0.03125
0 0.517578125 0.4501953125 0.02734375 0.029296875
0 0.84765625 0.4521484375 0.03515625 0.041015625
0 0.1572265625 0.4443359375 0.033203125 0.033203125
0 0.2705078125 0.4375 0.029296875 0.02734375
0 0.99609375 0.423828125 0.0078125 0.01953125
0 0.4873046875 0.4267578125 0.033203125 0.033203125
0 0.1279296875 0.4326171875 0.037109375 0.044921875
0 0.09765625 0.421875 0.01953125 0.0234375
0 0.7294921875 0.4208984375 0.033203125 0.033203125
0 0.6337890625 0.4169921875 0.029296875 0.033203125
0 0.9580078125 0.41015625 0.029296875 0.03515625
0 0.7001953125 0.4072265625 0.033203125 0.037109375
0 0.228515625 0.404296875 0.03125 0.03125
0 0.1064453125 0.400390625 0.029296875 0.02734375
0 0.818359375 0.3984375 0.0390625 0.02734375
0 0.5595703125 0.3994140625 0.033203125 0.029296875
0 0.9267578125 0.3935546875 0.037109375 0.033203125
0 0.076171875 0.384765625 0.03125 0.02734375
0 0.1865234375 0.3759765625 0.029296875 0.029296875
0 0.892578125 0.3759765625 0.03515625 0.041015625
0 0.5078125 0.376953125 0.05078125 0.04296875
0 0.046875 0.361328125 0.0234375 0.0234375
0 0.8603515625 0.3642578125 0.033203125 0.037109375
0 0.8125 0.361328125 0.02734375 0.03125
0 0.4052734375 0.361328125 0.037109375 0.03125
0 0.1513671875 0.3525390625 0.033203125 0.029296875
0 0.0205078125 0.3427734375 0.029296875 0.033203125
0 0.45703125 0.345703125 0.03125 0.05078125
0 0.12109375 0.3310546875 0.0390625 0.029296875
0 0.6044921875 0.328125 0.044921875 0.02734375
0 0.005859375 0.3232421875 0.01171875 0.025390625
0 0.3681640625 0.3173828125 0.021484375 0.021484375
0 0.9111328125 0.30859375 0.033203125 0.02734375
0 0.4130859375 0.3076171875 0.041015625 0.037109375
0 0.0888671875 0.3037109375 0.033203125 0.033203125
0 0.6884765625 0.3046875 0.048828125 0.04296875
0 0.8642578125 0.2900390625 0.029296875 0.025390625
0 0.6103515625 0.2880859375 0.033203125 0.025390625
0 0.9853515625 0.3046875 0.029296875 0.0625
0 0.5498046875 0.2880859375 0.037109375 0.033203125
0 0.0498046875 0.2822265625 0.029296875 0.029296875
0 0.76171875 0.2822265625 0.046875 0.048828125
0 0.92578125 0.271484375 0.03125 0.03125
0 0.3681640625 0.2734375 0.056640625 0.04296875
0 0.0205078125 0.2607421875 0.029296875 0.033203125
0 0.7841796875 0.2548828125 0.025390625 0.029296875
0 0.67578125 0.2509765625 0.03515625 0.025390625
0 0.001953125 0.2412109375 0.00390625 0.005859375
0 0.869140625 0.251953125 0.03125 0.0390625
0 0.31640625 0.236328125 0.04296875 0.0390625
0 0.94140625 0.224609375 0.02734375 0.02734375
0 0.5771484375 0.21875 0.041015625 0.0390625
0 0.7919921875 0.2138671875 0.033203125 0.033203125
0 0.884765625 0.201171875 0.03125 0.03125
0 0.2578125 0.1962890625 0.03515625 0.041015625
0 0.958984375 0.1875 0.02734375 0.03125
0 0.4404296875 0.19140625 0.052734375 0.04296875
0 0.8037109375 0.1787109375 0.033203125 0.033203125
0 0.9013671875 0.1611328125 0.025390625 0.029296875
0 0.6123046875 0.16015625 0.041015625 0.03515625
0 0.21875 0.16015625 0.0390625 0.0390625
0 0.984375 0.15234375 0.03125 0.03125
0 0.3427734375 0.154296875 0.041015625 0.04296875
0 0.8271484375 0.1474609375 0.033203125 0.033203125
0 0.99609375 0.1220703125 0.0078125 0.009765625
0 0.6435546875 0.1337890625 0.041015625 0.041015625
0 0.408203125 0.1279296875 0.03125 0.029296875
0 0.490234375 0.1318359375 0.03515625 0.041015625
0 0.9248046875 0.119140625 0.029296875 0.03515625
0 0.8408203125 0.115234375 0.029296875 0.03125
0 0.18359375 0.1171875 0.03125 0.03515625
0 0.283203125 0.1123046875 0.03125 0.029296875
0 0.0615234375 0.119140625 0.048828125 0.04296875
0 0.693359375 0.10546875 0.0390625 0.03125
0 0.8623046875 0.0849609375 0.025390625 0.029296875
0 0.7412109375 0.0791015625 0.033203125 0.033203125
0 0.529296875 0.083984375 0.046875 0.04296875
0 0.1455078125 0.0771484375 0.033203125 0.033203125
0 0.9580078125 0.06640625 0.029296875 0.0234375
0 0.2255859375 0.064453125 0.037109375 0.03515625
0 0.4111328125 0.0625 0.041015625 0.03515625
0 0.5751953125 0.0615234375 0.041015625 0.037109375
0 0.7734375 0.0498046875 0.03515625 0.033203125
0 0.9833984375 0.0439453125 0.029296875 0.025390625
0 0.8857421875 0.046875 0.029296875 0.03125
0 0.0048828125 0.0390625 0.009765625 0.01953125
0 0.1884765625 0.0302734375 0.033203125 0.025390625
0 0.0810546875 0.03125 0.044921875 0.03515625
0 0.810546875 0.0234375 0.03515625 0.03125
0 0.625 0.0263671875 0.05078125 0.044921875
0 0.9130859375 0.0107421875 0.025390625 0.021484375
0 0.841796875 0.0048828125 0.01953125 0.009765625
0 0.6953125 0.009765625 0.03125 0.01953125
0 0.666015625 0.015625 0.03515625 0.03125
0 0.486328125 0.0087890625 0.0390625 0.017578125
0 0.4169921875 0.0048828125 0.044921875 0.009765625
0 0.3212890625 0.0185546875 0.060546875 0.037109375
0 0.1552734375 0.0078125 0.033203125 0.015625
0 0.0478515625 0.01171875 0.037109375 0.0234375