0 0.005859375 0.998046875 0.00390625 0.00390625
0 0.1689453125 0.99609375 0.013671875 0.0078125
0 0.9111328125 0.9931640625 0.029296875 0.013671875
0 0.923828125 0.9501953125 0.01953125 0.017578125
0 0.2822265625 0.94921875 0.048828125 0.04296875
0 0.138671875 0.9560546875 0.046875 0.056640625
0 0.90234375 0.9306640625 0.0390625 0.033203125
0 0.2353515625 0.9052734375 0.041015625 0.044921875
0 0.0927734375 0.916015625 0.052734375 0.06640625
0 0.9931640625 0.900390625 0.013671875 0.046875
0 0.958984375 0.896484375 0.02734375 0.04296875
0 0.056640625 0.873046875 0.046875 0.04296875
0 0.1767578125 0.869140625 0.064453125 0.0546875
0 0.001953125 0.7080078125 0.00390625 0.009765625
0 0.033203125 0.6923828125 0.03125 0.029296875
0 0.080078125 0.6767578125 0.03515625 0.029296875
0 0.1279296875 0.6650390625 0.033203125 0.029296875
0 0.1845703125 0.646484375 0.033203125 0.02734375
0 0.0888671875 0.6318359375 0.017578125 0.017578125
0 0.119140625 0.62109375 0.015625 0.015625
0 0.2109375 0.6201171875 0.01953125 0.021484375
0 0.26171875 0.6220703125 0.05078125 0.029296875
0 0.0380859375 0.6064453125 0.017578125 0.017578125
0 0.015625 0.5888671875 0.03125 0.033203125
0 0.107421875 0.5458984375 0.03515625 0.025390625
0 0.1845703125 0.5283203125 0.048828125 0.041015625
0 0.3759765625 0.4697265625 0.052734375 0.052734375
0 0.03125 0.4482421875 0.0390625 0.037109375
0 0.2548828125 0.431640625 0.021484375 0.015625
0 0.107421875 0.43359375 0.05859375 0.04296875
0 0.5625 0.419921875 0.0390625 0.05078125
0 0.03125 0.392578125 0.0234375 0.03125
0 0.4658203125 0.3759765625 0.037109375 0.025390625
0 0.2607421875 0.376953125 0.044921875 0.046875
0 0.09765625 0.3642578125 0.05078125 0.037109375
0 0.5263671875 0.3447265625 0.060546875 0.037109375
0 0.7880859375 0.3408203125 0.052734375 0.048828125
0 0.912109375 0.330078125 0.04296875 0.04296875
0 0.2353515625 0.32421875 0.056640625 0.0390625
0 0.26171875 0.3056640625 0.015625 0.021484375
0 0.322265625 0.306640625 0.046875 0.03515625
0 0.7841796875 0.2958984375 0.029296875 0.033203125
0 0.7509765625 0.2666015625 0.037109375 0.037109375
0 0.388671875 0.259765625 0.07421875 0.0546875
0 0.43359375 0.22265625 0.02734375 0.0234375
0 0.943359375 0.2412109375 0.0859375 0.087890625
0 0.482421875 0.220703125 0.0546875 0.0546875
0 0.8779296875 0.2060546875 0.037109375 0.037109375
0 0.3037109375 0.19921875 0.029296875 0.02734375
0 0.57421875 0.1923828125 0.05859375 0.041015625
0 0.998046875 0.158203125 0.00390625 0.0078125
0 0.2080078125 0.134765625 0.072265625 0.05078125
0 0.923828125 0.1162109375 0.0625 0.037109375
0 0.6396484375 0.1279296875 0.060546875 0.064453125
0 0.6904296875 0.08203125 0.033203125 0.0390625
0 0.9951171875 0.0693359375 0.009765625 0.017578125
0 0.7705078125 0.05078125 0.056640625 0.03515625
0 0.3779296875 0.0234375 0.083984375 0.046875