0 0.203125 0.984375 0.06640625 0.03125
0 0.3505859375 0.982421875 0.052734375 0.03515625
0 0.6943359375 0.966796875 0.091796875 0.03125
0 0.787109375 0.974609375 0.03125 0.05078125
0 0.330078125 0.91796875 0.1171875 0.078125
0 0.6962890625 0.900390625 0.080078125 0.05078125
0 0.1962890625 0.8818359375 0.123046875 0.029296875
0 0.392578125 0.7958984375 0.09375 0.037109375
0 0.0908203125 0.763671875 0.099609375 0.0625
0 0.701171875 0.775390625 0.05078125 0.14453125
0 0.4580078125 0.7509765625 0.033203125 0.099609375
0 0.220703125 0.728515625 0.12109375 0.0859375
0 0.3671875 0.71484375 0.1015625 0.1171875
0 0.2333984375 0.66015625 0.091796875 0.03515625
0 0.453125 0.6083984375 0.09765625 0.056640625
0 0.0380859375 0.6396484375 0.076171875 0.123046875
0 0.2353515625 0.5703125 0.091796875 0.03515625
0 0.111328125 0.55859375 0.08984375 0.109375
0 0.4482421875 0.51953125 0.091796875 0.0546875
0 0.2861328125 0.515625 0.123046875 0.11328125
0 0.1845703125 0.482421875 0.056640625 0.1171875
0 0.2861328125 0.0263671875 0.029296875 0.033203125
0 0.26953125 0.0048828125 0.015625 0.009765625