0 0.203125 0.9658203125 0.1171875 0.068359375
0 0.970703125 0.9326171875 0.046875 0.044921875
0 0.3896484375 0.87890625 0.017578125 0.01953125
0 0.28125 0.884765625 0.03515625 0.0390625
0 0.3486328125 0.869140625 0.037109375 0.03515625
0 0.4189453125 0.84765625 0.021484375 0.01953125
0 0.234375 0.857421875 0.0390625 0.0390625
0 0.037109375 0.84765625 0.07421875 0.05859375
0 0.3779296875 0.830078125 0.029296875 0.03515625
0 0.44921875 0.814453125 0.01953125 0.01953125
0 0.310546875 0.794921875 0.0390625 0.02734375
0 0.1494140625 0.8046875 0.048828125 0.046875
0 0.412109375 0.7978515625 0.03515625 0.037109375
0 0.2607421875 0.767578125 0.044921875 0.03125
0 0.4404296875 0.7646484375 0.033203125 0.037109375
0 0.7841796875 0.8701171875 0.431640625 0.259765625
0 0.470703125 0.7392578125 0.0390625 0.037109375
0 0.3681640625 0.7294921875 0.025390625 0.025390625
0 0.2900390625 0.7060546875 0.025390625 0.025390625
0 0.5029296875 0.6982421875 0.037109375 0.041015625
0 0.5380859375 0.6640625 0.029296875 0.02734375
0 0.4130859375 0.666015625 0.052734375 0.0390625
0 0.45703125 0.630859375 0.03125 0.03515625
0 0.3837890625 0.625 0.037109375 0.03125
0 0.5556640625 0.62109375 0.029296875 0.02734375
0 0.193359375 0.6328125 0.12109375 0.10546875
0 0.701171875 0.5888671875 0.0390625 0.037109375
0 0.4677734375 0.5791015625 0.029296875 0.029296875
0 0.01171875 0.572265625 0.0234375 0.03125
0 0.5439453125 0.5654296875 0.029296875 0.033203125
0 0.5791015625 0.5576171875 0.029296875 0.021484375
0 0.2490234375 0.50390625 0.029296875 0.0234375
0 0.1484375 0.5009765625 0.01953125 0.021484375
0 0.953125 0.4775390625 0.0234375 0.021484375
0 0.890625 0.47265625 0.0234375 0.03125
0 0.98828125 0.466796875 0.0234375 0.0390625
0 0.798828125 0.4501953125 0.0390625 0.044921875
0 0.8857421875 0.4287109375 0.029296875 0.037109375
0 0.9560546875 0.416015625 0.029296875 0.02734375
0 0.859375 0.3955078125 0.0390625 0.037109375
0 0.9423828125 0.3779296875 0.025390625 0.029296875
0 0.9423828125 0.3388671875 0.029296875 0.033203125
0 0.6796875 0.3759765625 0.109375 0.138671875
0 0.9658203125 0.30859375 0.029296875 0.03515625
0 0.3720703125 0.2822265625 0.056640625 0.025390625
0 0.990234375 0.2822265625 0.01953125 0.029296875
0 0.2451171875 0.302734375 0.091796875 0.0859375
0 0.6279296875 0.2587890625 0.048828125 0.021484375
0 0.541015625 0.2548828125 0.078125 0.044921875
0 0.8095703125 0.240234375 0.021484375 0.03125
0 0.9033203125 0.23828125 0.041015625 0.0390625
0 0.7158203125 0.2255859375 0.041015625 0.037109375
0 0.189453125 0.208984375 0.02734375 0.02734375
0 0.375 0.21484375 0.0625 0.046875
0 0.94921875 0.203125 0.03515625 0.03515625
0 0.8125 0.193359375 0.0234375 0.03125
0 0.6357421875 0.1875 0.025390625 0.03515625
0 0.7353515625 0.1728515625 0.033203125 0.041015625
0 0.986328125 0.1640625 0.02734375 0.03515625
0 0.8642578125 0.1611328125 0.044921875 0.041015625
0 0.630859375 0.1376953125 0.02734375 0.029296875
0 0.4697265625 0.166015625 0.072265625 0.08984375
0 0.9375 0.1201171875 0.03515625 0.029296875
0 0.826171875 0.12109375 0.046875 0.03515625
0 0.7392578125 0.1181640625 0.037109375 0.037109375
0 0.3330078125 0.0927734375 0.041015625 0.041015625
0 0.7939453125 0.0888671875 0.037109375 0.037109375
0 0.90234375 0.0869140625 0.0390625 0.041015625
0 0.623046875 0.0791015625 0.02734375 0.041015625
0 0.986328125 0.0751953125 0.02734375 0.037109375
0 0.3828125 0.0810546875 0.046875 0.048828125
0 0.86328125 0.0537109375 0.0390625 0.033203125
0 0.7451171875 0.0478515625 0.044921875 0.037109375
0 0.6083984375 0.0224609375 0.025390625 0.037109375
0 0.8173828125 0.021484375 0.041015625 0.0390625