0 0.474609375 0.99609375 0.01953125 0.0078125
0 0.6396484375 0.9921875 0.021484375 0.015625
0 0.60546875 0.9853515625 0.0390625 0.029296875
0 0.435546875 0.94140625 0.046875 0.0625
0 0.6640625 0.9140625 0.03515625 0.046875
0 0.701171875 0.8896484375 0.0234375 0.025390625
0 0.5673828125 0.9033203125 0.052734375 0.056640625
0 0.705078125 0.8193359375 0.0390625 0.044921875
0 0.58203125 0.8076171875 0.046875 0.056640625
0 0.3203125 0.783203125 0.03125 0.04296875
0 0.955078125 0.775390625 0.08984375 0.0546875
0 0.568359375 0.720703125 0.04296875 0.06640625
0 0.99609375 0.689453125 0.0078125 0.03125
0 0.2978515625 0.7041015625 0.064453125 0.064453125
0 0.9228515625 0.69140625 0.080078125 0.06640625
0 0.00390625 0.6328125 0.0078125 0.015625
0 0.73046875 0.6748046875 0.09765625 0.126953125
0 0.453125 0.634765625 0.06640625 0.0546875
0 0.0078125 0.6083984375 0.015625 0.017578125
0 0.056640625 0.59765625 0.05078125 0.05078125
0 0.2509765625 0.58984375 0.041015625 0.05859375
0 0.84765625 0.5751953125 0.05078125 0.041015625
0 0.693359375 0.58984375 0.07421875 0.08203125
0 0.0048828125 0.5556640625 0.009765625 0.017578125
0 0.0341796875 0.5537109375 0.021484375 0.021484375
0 0.5400390625 0.583984375 0.041015625 0.08984375
0 0.96484375 0.54296875 0.03125 0.02734375
0 0.20703125 0.5439453125 0.0234375 0.029296875
0 0.9951171875 0.5244140625 0.009765625 0.029296875
0 0.4560546875 0.5234375 0.037109375 0.02734375
0 0.0322265625 0.5068359375 0.041015625 0.052734375
0 0.794921875 0.5 0.0546875 0.04296875
0 0.8779296875 0.484375 0.029296875 0.01953125
0 0.390625 0.5 0.0703125 0.0546875
0 0.111328125 0.48828125 0.03515625 0.046875
0 0.2021484375 0.4765625 0.048828125 0.04296875
0 0.8984375 0.4541015625 0.0390625 0.037109375
0 0.9912109375 0.447265625 0.017578125 0.02734375
0 0.9521484375 0.447265625 0.037109375 0.02734375
0 0.630859375 0.4658203125 0.0546875 0.072265625
0 0.0869140625 0.416015625 0.041015625 0.03515625
0 0.1787109375 0.41796875 0.037109375 0.046875
0 0.48046875 0.4169921875 0.05859375 0.056640625
0 0.74609375 0.3955078125 0.07421875 0.056640625
0 0.9013671875 0.36328125 0.041015625 0.03515625
0 0.5634765625 0.3671875 0.048828125 0.04296875
0 0.1376953125 0.3671875 0.060546875 0.04296875
0 0.34765625 0.35546875 0.046875 0.05859375
0 0.9404296875 0.3232421875 0.025390625 0.033203125
0 0.6796875 0.3271484375 0.04296875 0.048828125
0 0.3701171875 0.3134765625 0.025390625 0.029296875
0 0.43359375 0.31640625 0.05078125 0.05078125
0 0.98828125 0.3203125 0.0234375 0.0625
0 0.046875 0.310546875 0.0390625 0.0546875
0 0.2685546875 0.2998046875 0.068359375 0.048828125
0 0.01171875 0.2939453125 0.0234375 0.041015625
0 0.498046875 0.28125 0.046875 0.0390625
0 0.439453125 0.2705078125 0.0234375 0.021484375
0 0.7509765625 0.2861328125 0.060546875 0.056640625
0 0.8291015625 0.2685546875 0.048828125 0.033203125
0 0.9892578125 0.265625 0.021484375 0.03515625
0 0.33984375 0.26171875 0.0390625 0.03125
0 0.9169921875 0.2587890625 0.037109375 0.029296875
0 0.1005859375 0.267578125 0.044921875 0.046875
0 0.3994140625 0.2421875 0.048828125 0.046875
0 0.6103515625 0.2275390625 0.044921875 0.033203125
0 0.0263671875 0.208984375 0.041015625 0.03515625
0 0.6640625 0.2041015625 0.03515625 0.037109375
0 0.46484375 0.203125 0.046875 0.03515625
0 0.2548828125 0.197265625 0.041015625 0.03515625
0 0.7470703125 0.1865234375 0.037109375 0.025390625
0 0.072265625 0.2060546875 0.046875 0.068359375
0 0.7041015625 0.185546875 0.033203125 0.04296875
0 0.203125 0.201171875 0.046875 0.07421875
0 0.7919921875 0.1728515625 0.037109375 0.029296875
0 0.84375 0.16015625 0.03125 0.03515625
0 0.1708984375 0.166015625 0.041015625 0.0546875
0 0.5771484375 0.1591796875 0.072265625 0.044921875
0 0.2236328125 0.1513671875 0.048828125 0.037109375
0 0.9091796875 0.1484375 0.052734375 0.05078125
0 0.3447265625 0.1455078125 0.048828125 0.044921875
0 0.423828125 0.119140625 0.05078125 0.03125
0 0.7431640625 0.1083984375 0.017578125 0.017578125
0 0.6298828125 0.1220703125 0.041015625 0.044921875
0 0.369140625 0.107421875 0.0234375 0.0234375
0 0.0107421875 0.103515625 0.021484375 0.02734375
0 0.416015625 0.0908203125 0.0234375 0.025390625
0 0.6728515625 0.09375 0.041015625 0.03515625
0 0.888671875 0.0927734375 0.03125 0.037109375
0 0.05078125 0.0966796875 0.04296875 0.048828125
0 0.71875 0.0771484375 0.046875 0.041015625
0 0.24609375 0.0693359375 0.0390625 0.033203125
0 0.0029296875 0.0576171875 0.005859375 0.009765625
0 0.138671875 0.0703125 0.04296875 0.04296875
0 0.189453125 0.05859375 0.03515625 0.03515625
0 0.509765625 0.0595703125 0.04296875 0.052734375
0 0.3876953125 0.0517578125 0.041015625 0.037109375
0 0.7685546875 0.0556640625 0.052734375 0.048828125
0 0.830078125 0.033203125 0.046875 0.03125
0 0.5810546875 0.029296875 0.041015625 0.03515625
0 0.974609375 0.05859375 0.05078125 0.10546875
0 0.5537109375 0.013671875 0.021484375 0.0234375
0 0.9248046875 0.015625 0.037109375 0.03125
0 0.62890625 0.01171875 0.03515625 0.0234375
0 0.28515625 0.0107421875 0.046875 0.021484375
0 0.0771484375 0.0078125 0.033203125 0.015625