0 0.7158203125 0.9794921875 0.017578125 0.017578125
0 0.3935546875 0.9755859375 0.048828125 0.048828125
0 0.962890625 0.955078125 0.04296875 0.04296875
0 0.8857421875 0.9521484375 0.033203125 0.044921875
0 0.8251953125 0.935546875 0.052734375 0.04296875
0 0.9755859375 0.919921875 0.021484375 0.0234375
0 0.884765625 0.908203125 0.01953125 0.0234375
0 0.759765625 0.90234375 0.03515625 0.05859375
0 0.6884765625 0.873046875 0.041015625 0.0546875
0 0.8779296875 0.8583984375 0.041015625 0.037109375
0 0.6357421875 0.8623046875 0.044921875 0.044921875
0 0.43359375 0.859375 0.08203125 0.08203125
0 0.58203125 0.8310546875 0.03515625 0.029296875
0 0.8125 0.82421875 0.03515625 0.0390625
0 0.0478515625 0.806640625 0.029296875 0.0390625
0 0.3115234375 0.8212890625 0.119140625 0.080078125
0 0.7470703125 0.7900390625 0.048828125 0.048828125
0 0.947265625 0.75 0.01953125 0.01953125
0 0.4765625 0.7587890625 0.07421875 0.044921875
0 0.099609375 0.75 0.03515625 0.03125
0 0.923828125 0.7197265625 0.04296875 0.041015625
0 0.6279296875 0.71484375 0.029296875 0.0390625
0 0.8203125 0.6982421875 0.03125 0.029296875
0 0.390625 0.7021484375 0.0546875 0.041015625
0 0.6865234375 0.6962890625 0.044921875 0.037109375
0 0.564453125 0.693359375 0.03515625 0.03125
0 0.0283203125 0.72265625 0.056640625 0.1171875
0 0.21484375 0.67578125 0.04296875 0.03125
0 0.767578125 0.673828125 0.0546875 0.0390625
0 0.9951171875 0.6572265625 0.009765625 0.025390625
0 0.1162109375 0.6552734375 0.060546875 0.033203125
0 0.0283203125 0.6328125 0.033203125 0.03125
0 0.9384765625 0.62890625 0.041015625 0.03515625
0 0.4052734375 0.619140625 0.044921875 0.01953125
0 0.4677734375 0.6162109375 0.013671875 0.017578125
0 0.9912109375 0.6162109375 0.017578125 0.021484375
0 0.642578125 0.611328125 0.05078125 0.01953125
0 0.337890625 0.615234375 0.0390625 0.02734375
0 0.892578125 0.607421875 0.04296875 0.0390625
0 0.3642578125 0.5927734375 0.021484375 0.021484375
0 0.5087890625 0.599609375 0.021484375 0.0390625
0 0.5595703125 0.5830078125 0.052734375 0.037109375
0 0.21484375 0.58203125 0.046875 0.04296875
0 0.8271484375 0.5732421875 0.056640625 0.048828125
0 0.759765625 0.5419921875 0.04296875 0.041015625
0 0.3037109375 0.5458984375 0.037109375 0.048828125
0 0.474609375 0.5380859375 0.04296875 0.037109375
0 0.0888671875 0.5361328125 0.056640625 0.033203125
0 0.0185546875 0.5263671875 0.037109375 0.037109375
0 0.16796875 0.5205078125 0.05078125 0.044921875
0 0.9677734375 0.5205078125 0.044921875 0.048828125
0 0.7021484375 0.5126953125 0.037109375 0.037109375
0 0.3994140625 0.5087890625 0.052734375 0.044921875
0 0.2744140625 0.498046875 0.037109375 0.04296875
0 0.908203125 0.486328125 0.05078125 0.0390625
0 0.6484375 0.4892578125 0.05078125 0.044921875
0 0.119140625 0.4775390625 0.03515625 0.037109375
0 0.0517578125 0.466796875 0.041015625 0.0234375
0 0.5869140625 0.4638671875 0.044921875 0.044921875
0 0.5361328125 0.4580078125 0.041015625 0.033203125
0 0.3388671875 0.4560546875 0.041015625 0.037109375
0 0.0126953125 0.4541015625 0.025390625 0.033203125
0 0.234375 0.4462890625 0.0234375 0.025390625
0 0.859375 0.4453125 0.03515625 0.04296875
0 0.8134765625 0.4287109375 0.037109375 0.037109375
0 0.4873046875 0.4267578125 0.037109375 0.037109375
0 0.2041015625 0.4296875 0.044921875 0.04296875
0 0.556640625 0.419921875 0.03125 0.02734375
0 0.509765625 0.404296875 0.0234375 0.01953125
0 0.7705078125 0.4072265625 0.037109375 0.041015625
0 0.30859375 0.4033203125 0.04296875 0.037109375
0 0.97265625 0.3974609375 0.046875 0.048828125
0 0.4345703125 0.3857421875 0.041015625 0.037109375
0 0.1337890625 0.384765625 0.060546875 0.04296875
0 0.71875 0.3779296875 0.0390625 0.037109375
0 0.927734375 0.375 0.03125 0.0390625
0 0.2685546875 0.376953125 0.041015625 0.04296875
0 0.46484375 0.359375 0.0234375 0.0234375
0 0.890625 0.359375 0.02734375 0.02734375
0 0.611328125 0.349609375 0.015625 0.01953125
0 0.220703125 0.3408203125 0.03125 0.029296875
0 0.1728515625 0.3427734375 0.029296875 0.033203125
0 0.666015625 0.3388671875 0.0390625 0.033203125
0 0.392578125 0.333984375 0.03125 0.0390625
0 0.9892578125 0.3271484375 0.021484375 0.037109375
0 0.85546875 0.3291015625 0.046875 0.044921875
0 0.615234375 0.30859375 0.03515625 0.03515625
0 0.80859375 0.3017578125 0.0390625 0.037109375
0 0.9599609375 0.296875 0.037109375 0.03125
0 0.1513671875 0.30859375 0.048828125 0.0546875
0 0.927734375 0.2763671875 0.02734375 0.025390625
0 0.56640625 0.2802734375 0.0390625 0.037109375
0 0.0126953125 0.30078125 0.025390625 0.09375
0 0.8974609375 0.265625 0.025390625 0.02734375
0 0.75390625 0.259765625 0.03515625 0.03125
0 0.869140625 0.2470703125 0.02734375 0.029296875
0 0.5244140625 0.2490234375 0.033203125 0.037109375
0 0.9873046875 0.2412109375 0.025390625 0.025390625
0 0.7080078125 0.2294921875 0.025390625 0.029296875
0 0.8359375 0.224609375 0.03515625 0.02734375
0 0.9580078125 0.2197265625 0.025390625 0.021484375
0 0.48828125 0.21875 0.03515625 0.02734375
0 0.4541015625 0.216796875 0.025390625 0.0234375
0 0.294921875 0.2373046875 0.0390625 0.064453125
0 0.2333984375 0.224609375 0.044921875 0.0390625
0 0.4130859375 0.220703125 0.037109375 0.0390625
0 0.669921875 0.20703125 0.0390625 0.02734375
0 0.9306640625 0.2021484375 0.025390625 0.025390625
0 0.263671875 0.19921875 0.01953125 0.01953125
0 0.1708984375 0.2060546875 0.041015625 0.033203125
0 0.802734375 0.2001953125 0.03125 0.029296875
0 0.4619140625 0.18359375 0.025390625 0.02734375
0 0.8984375 0.1796875 0.02734375 0.0234375
0 0.318359375 0.1884765625 0.0546875 0.048828125
0 0.62890625 0.177734375 0.03515625 0.03125
0 0.7744140625 0.1767578125 0.033203125 0.033203125
0 0.23828125 0.1630859375 0.015625 0.017578125
0 0.4208984375 0.166015625 0.029296875 0.0390625
0 0.8701171875 0.1572265625 0.029296875 0.029296875
0 0.7431640625 0.15625 0.033203125 0.03515625
0 0.58984375 0.15234375 0.03515625 0.03125
0 0.2060546875 0.16015625 0.044921875 0.046875
0 0.83984375 0.13671875 0.02734375 0.0234375
0 0.7177734375 0.1337890625 0.029296875 0.029296875
0 0.34375 0.1201171875 0.046875 0.037109375
0 0.2490234375 0.1240234375 0.044921875 0.044921875
0 0.5400390625 0.1171875 0.041015625 0.0390625
0 0.6884765625 0.11328125 0.033203125 0.03515625
0 0.783203125 0.08984375 0.02734375 0.02734375
0 0.6591796875 0.08984375 0.033203125 0.03515625
0 0.2861328125 0.080078125 0.044921875 0.04296875
0 0.4736328125 0.0771484375 0.037109375 0.041015625
0 0.9404296875 0.07421875 0.037109375 0.0390625
0 0.634765625 0.0654296875 0.03515625 0.041015625
0 0.904296875 0.046875 0.03515625 0.03125
0 0.7353515625 0.0458984375 0.033203125 0.029296875
0 0.1787109375 0.048828125 0.037109375 0.03515625
0 0.9873046875 0.0341796875 0.025390625 0.025390625
0 0.3837890625 0.03515625 0.033203125 0.02734375
0 0.0625 0.0869140625 0.125 0.134765625
0 0.5078125 0.0244140625 0.03125 0.029296875
0 0.7353515625 0.0146484375 0.017578125 0.017578125
0 0.208984375 0.025390625 0.0390625 0.0390625
0 0.5771484375 0.021484375 0.041015625 0.0390625
0 0.95703125 0.013671875 0.03515625 0.02734375
0 0.8671875 0.0166015625 0.0390625 0.033203125
0 0.83984375 0.0029296875 0.0078125 0.005859375
0 0.689453125 0.0107421875 0.03515625 0.021484375
0 0.5390625 0.001953125 0.00390625 0.00390625
0 0.4189453125 0.001953125 0.009765625 0.00390625
0 0.333984375 0.01171875 0.02734375 0.0234375
0 0.3046875 0.001953125 0.00390625 0.00390625