0 0.7294921875 0.994140625 0.021484375 0.01171875
0 0.0478515625 0.9892578125 0.025390625 0.021484375
0 0.34765625 0.9873046875 0.0625 0.025390625
0 0.9951171875 0.9736328125 0.009765625 0.048828125
0 0.1181640625 0.9501953125 0.056640625 0.056640625
0 0.1884765625 0.8857421875 0.072265625 0.048828125
0 0.46875 0.87890625 0.05078125 0.046875
0 0.3349609375 0.8759765625 0.087890625 0.048828125
0 0.005859375 0.8564453125 0.01171875 0.021484375
0 0.9482421875 0.818359375 0.056640625 0.05859375
0 0.2431640625 0.7275390625 0.029296875 0.037109375
0 0.025390625 0.7197265625 0.05078125 0.041015625
0 0.8427734375 0.7353515625 0.115234375 0.091796875
0 0.14453125 0.681640625 0.03515625 0.06640625
0 0.0517578125 0.5654296875 0.048828125 0.048828125
0 0.955078125 0.560546875 0.0546875 0.05859375
0 0.421875 0.5634765625 0.08203125 0.072265625
0 0.1962890625 0.52734375 0.029296875 0.03125
0 0.2275390625 0.4951171875 0.072265625 0.068359375
0 0.9169921875 0.4287109375 0.064453125 0.060546875
0 0.333984375 0.42578125 0.08203125 0.0703125
0 0.9833984375 0.376953125 0.025390625 0.0234375
0 0.6982421875 0.3505859375 0.048828125 0.048828125
0 0.2470703125 0.3447265625 0.080078125 0.052734375
0 0.9599609375 0.3291015625 0.080078125 0.068359375
0 0.453125 0.2998046875 0.08203125 0.056640625
0 0.4697265625 0.25 0.017578125 0.01953125
0 0.8515625 0.2431640625 0.046875 0.033203125
0 0.587890625 0.2333984375 0.05078125 0.056640625
0 0.1923828125 0.228515625 0.068359375 0.046875
0 0.0205078125 0.2392578125 0.041015625 0.091796875
0 0.3115234375 0.21484375 0.064453125 0.05859375
0 0.7763671875 0.1826171875 0.041015625 0.025390625
0 0.4423828125 0.1376953125 0.021484375 0.021484375
0 0.177734375 0.1298828125 0.05859375 0.033203125
0 0.625 0.1328125 0.0546875 0.04296875
0 0.884765625 0.12109375 0.0390625 0.02734375
0 0.2998046875 0.126953125 0.087890625 0.04296875
0 0.5888671875 0.1064453125 0.025390625 0.021484375
0 0.44921875 0.1064453125 0.0234375 0.029296875
0 0.9443359375 0.0986328125 0.029296875 0.037109375
0 0.5419921875 0.07421875 0.048828125 0.05078125
0 0.8154296875 0.06640625 0.048828125 0.0390625
0 0.4189453125 0.0390625 0.048828125 0.05078125
0 0.150390625 0.0283203125 0.06640625 0.029296875
0 0.2392578125 0.0234375 0.056640625 0.02734375
0 0.98046875 0.0205078125 0.0390625 0.037109375
0 0.8974609375 0.005859375 0.017578125 0.01171875
0 0.7021484375 0.005859375 0.021484375 0.01171875
0 0.646484375 0.013671875 0.03125 0.02734375
0 0.615234375 0.009765625 0.0234375 0.01953125
0 0.5830078125 0.0068359375 0.029296875 0.013671875
0 0.3408203125 0.017578125 0.056640625 0.03515625
0 0.046875 0.0224609375 0.0625 0.044921875