0 0.724609375 0.9921875 0.02734375 0.015625
0 0.1123046875 0.9921875 0.025390625 0.015625
0 0.859375 0.9892578125 0.02734375 0.021484375
0 0.19140625 0.9873046875 0.03125 0.025390625
0 0.3798828125 0.984375 0.044921875 0.03125
0 0.26171875 0.98046875 0.04296875 0.0390625
0 0.9189453125 0.9736328125 0.041015625 0.033203125
0 0.529296875 0.9765625 0.0390625 0.0390625
0 0.998046875 0.958984375 0.00390625 0.0078125
0 0.1328125 0.966796875 0.0234375 0.0234375
0 0.8173828125 0.962890625 0.041015625 0.03125
0 0.4384765625 0.9716796875 0.037109375 0.048828125
0 0.1806640625 0.9521484375 0.033203125 0.025390625
0 0.5908203125 0.9619140625 0.056640625 0.052734375
0 0.01171875 0.953125 0.0234375 0.0390625
0 0.482421875 0.943359375 0.02734375 0.0390625
0 0.990234375 0.9267578125 0.01953125 0.029296875
0 0.88671875 0.9296875 0.046875 0.0390625
0 0.693359375 0.9296875 0.046875 0.04296875
0 0.4462890625 0.908203125 0.033203125 0.0390625
0 0.9921875 0.8818359375 0.015625 0.021484375
0 0.8583984375 0.8916015625 0.037109375 0.052734375
0 0.619140625 0.87109375 0.0234375 0.0234375
0 0.08203125 0.8828125 0.03125 0.046875
0 0.6669921875 0.8740234375 0.041015625 0.033203125
0 0.91796875 0.873046875 0.0390625 0.04296875
0 0.7548828125 0.859375 0.037109375 0.03125
0 0.994140625 0.8515625 0.01171875 0.0234375
0 0.3759765625 0.8544921875 0.087890625 0.048828125
0 0.521484375 0.853515625 0.03515625 0.0546875
0 0.20703125 0.8642578125 0.11328125 0.091796875
0 0.126953125 0.8359375 0.0234375 0.04296875
0 0.8935546875 0.8310546875 0.033203125 0.037109375
0 0.99609375 0.8193359375 0.0078125 0.025390625
0 0.9248046875 0.810546875 0.037109375 0.02734375
0 0.009765625 0.8095703125 0.01953125 0.025390625
0 0.09765625 0.80859375 0.0234375 0.03515625
0 0.34375 0.8017578125 0.04296875 0.033203125
0 0.646484375 0.8095703125 0.046875 0.068359375
0 0.4365234375 0.78515625 0.037109375 0.02734375
0 0.19140625 0.78125 0.02734375 0.01953125
0 0.0595703125 0.7978515625 0.044921875 0.052734375
0 0.0166015625 0.783203125 0.033203125 0.0234375
0 0.7470703125 0.791015625 0.041015625 0.046875
0 0.1376953125 0.7841796875 0.037109375 0.033203125
0 0.2421875 0.7744140625 0.03515625 0.017578125
0 0.845703125 0.7705078125 0.0390625 0.044921875
0 0.357421875 0.7578125 0.0390625 0.03125
0 0.576171875 0.755859375 0.04296875 0.05078125
0 0.9248046875 0.7490234375 0.037109375 0.041015625
0 0.3251953125 0.736328125 0.044921875 0.0234375
0 0.2412109375 0.734375 0.041015625 0.0234375
0 0.423828125 0.734375 0.03515625 0.02734375
0 0.1689453125 0.728515625 0.044921875 0.01953125
0 0.630859375 0.7294921875 0.0390625 0.025390625
0 0.4970703125 0.716796875 0.048828125 0.03515625
0 0.390625 0.7109375 0.01953125 0.03515625
0 0.359375 0.7099609375 0.01953125 0.033203125
0 0.3232421875 0.703125 0.037109375 0.01953125
0 0.2294921875 0.705078125 0.064453125 0.03125
0 0.169921875 0.69921875 0.0390625 0.01953125
0 0.0546875 0.71484375 0.109375 0.0625
0 0.9453125 0.69140625 0.0546875 0.04296875
0 0.0947265625 0.6806640625 0.037109375 0.021484375
0 0.2431640625 0.6728515625 0.041015625 0.021484375
0 0.173828125 0.6689453125 0.03515625 0.021484375
0 0.4658203125 0.6689453125 0.041015625 0.033203125
0 0.7939453125 0.6865234375 0.060546875 0.072265625
0 0.060546875 0.6806640625 0.09375 0.076171875
0 0.5224609375 0.6572265625 0.029296875 0.033203125
0 0.326171875 0.654296875 0.04296875 0.02734375
0 0.0986328125 0.6513671875 0.037109375 0.021484375
0 0.998046875 0.63671875 0.00390625 0.00390625
0 0.2353515625 0.646484375 0.060546875 0.02734375
0 0.1796875 0.640625 0.0390625 0.01953125
0 0.572265625 0.65234375 0.0546875 0.046875
0 0.3974609375 0.64453125 0.021484375 0.03515625
0 0.4296875 0.6396484375 0.015625 0.033203125
0 0.0341796875 0.6328125 0.033203125 0.01953125
0 0.3701171875 0.6416015625 0.021484375 0.041015625
0 0.3271484375 0.625 0.041015625 0.01953125
0 0.1044921875 0.623046875 0.037109375 0.01953125
0 0.056640625 0.6220703125 0.05078125 0.029296875
0 0.24609375 0.6142578125 0.04296875 0.021484375
0 0.8427734375 0.6162109375 0.041015625 0.044921875
0 0.2587890625 0.59375 0.013671875 0.01171875
0 0.2236328125 0.5947265625 0.013671875 0.013671875
0 0.951171875 0.6083984375 0.05078125 0.044921875
0 0.755859375 0.599609375 0.046875 0.03515625
0 0.326171875 0.59375 0.03515625 0.0234375
0 0.552734375 0.591796875 0.03515625 0.0234375
0 0.9072265625 0.619140625 0.044921875 0.08203125
0 0.3544921875 0.5869140625 0.013671875 0.017578125
0 0.48828125 0.5869140625 0.02734375 0.021484375
0 0.4443359375 0.5888671875 0.025390625 0.033203125
0 0.03515625 0.587890625 0.0234375 0.03515625
0 0.404296875 0.5849609375 0.01953125 0.041015625
0 0.0927734375 0.580078125 0.021484375 0.03515625
0 0.0595703125 0.58203125 0.021484375 0.0390625
0 0.3759765625 0.580078125 0.021484375 0.0390625
0 0.826171875 0.576171875 0.0234375 0.03515625
0 0.6787109375 0.5771484375 0.033203125 0.037109375
0 0.1201171875 0.5771484375 0.025390625 0.037109375
0 0.181640625 0.5859375 0.0390625 0.0703125
0 0.2333984375 0.56640625 0.021484375 0.0390625
0 0.20703125 0.56640625 0.01953125 0.0390625
0 0.3330078125 0.5615234375 0.060546875 0.033203125
0 0.26171875 0.5654296875 0.01953125 0.041015625
0 0.712890625 0.544921875 0.0390625 0.04296875
0 0.7919921875 0.53515625 0.037109375 0.03515625
0 0.6611328125 0.525390625 0.037109375 0.03125
0 0.5234375 0.509765625 0.03125 0.03515625
0 0.06640625 0.4970703125 0.05859375 0.037109375
0 0.962890625 0.517578125 0.07421875 0.08203125
0 0.4619140625 0.4951171875 0.037109375 0.044921875
0 0.4365234375 0.4921875 0.029296875 0.0390625
0 0.7529296875 0.4912109375 0.041015625 0.044921875
0 0.33203125 0.4892578125 0.046875 0.041015625
0 0.19140625 0.4873046875 0.06640625 0.041015625
0 0.125 0.486328125 0.0546875 0.0390625
0 0.703125 0.4755859375 0.03515625 0.033203125
0 0.2685546875 0.4716796875 0.033203125 0.025390625
0 0.57421875 0.4765625 0.04296875 0.0390625
0 0.05859375 0.4658203125 0.03125 0.021484375
0 0.3486328125 0.4638671875 0.041015625 0.029296875
0 0.1435546875 0.45703125 0.017578125 0.015625
0 0.4453125 0.455078125 0.015625 0.015625
0 0.4052734375 0.4794921875 0.060546875 0.064453125
0 0.2509765625 0.4560546875 0.017578125 0.017578125
0 0.6142578125 0.45703125 0.033203125 0.03515625
0 0.2802734375 0.451171875 0.025390625 0.0234375
0 0.232421875 0.451171875 0.0234375 0.0234375
0 0.55859375 0.4482421875 0.0234375 0.021484375
0 0.72265625 0.4521484375 0.0390625 0.033203125
0 0.48046875 0.44921875 0.03125 0.03125
0 0.0693359375 0.4423828125 0.033203125 0.021484375
0 0.005859375 0.4423828125 0.01171875 0.021484375
0 0.845703125 0.4814453125 0.1171875 0.107421875
0 0.1201171875 0.4443359375 0.029296875 0.033203125
0 0.2138671875 0.435546875 0.025390625 0.02734375
0 0.990234375 0.4365234375 0.01953125 0.033203125
0 0.2900390625 0.4296875 0.025390625 0.01953125
0 0.3720703125 0.4345703125 0.044921875 0.033203125
0 0.6328125 0.43359375 0.03515625 0.0390625
0 0.771484375 0.435546875 0.05078125 0.05078125
0 0.19140625 0.42578125 0.0234375 0.03125
0 0.4990234375 0.4208984375 0.025390625 0.025390625
0 0.5693359375 0.4228515625 0.041015625 0.033203125
0 0.0078125 0.416015625 0.015625 0.0234375
0 0.0732421875 0.4130859375 0.033203125 0.021484375
0 0.375 0.4072265625 0.03515625 0.029296875
0 0.2998046875 0.4052734375 0.029296875 0.025390625
0 0.6533203125 0.4091796875 0.037109375 0.037109375
0 0.16796875 0.408203125 0.0390625 0.0390625
0 0.0771484375 0.3896484375 0.033203125 0.021484375
0 0.21875 0.3857421875 0.015625 0.017578125
0 0.0087890625 0.38671875 0.017578125 0.01953125
0 0.5087890625 0.390625 0.037109375 0.03125
0 0.6689453125 0.390625 0.041015625 0.03515625
0 0.384765625 0.3828125 0.03515625 0.02734375
0 0.2685546875 0.3798828125 0.021484375 0.025390625
0 0.1435546875 0.3798828125 0.037109375 0.037109375
0 0.5947265625 0.3828125 0.060546875 0.05078125
0 0.2490234375 0.369140625 0.025390625 0.02734375
0 0.525390625 0.3671875 0.03515625 0.03125
0 0.9169921875 0.3681640625 0.037109375 0.041015625
0 0.8095703125 0.3779296875 0.076171875 0.060546875
0 0.4619140625 0.359375 0.029296875 0.0234375
0 0.228515625 0.3583984375 0.0234375 0.025390625
0 0.966796875 0.3828125 0.06640625 0.078125
0 0.3974609375 0.3564453125 0.041015625 0.025390625
0 0.0107421875 0.35546875 0.021484375 0.0234375
0 0.1318359375 0.3505859375 0.048828125 0.037109375
0 0.623046875 0.3544921875 0.046875 0.048828125
0 0.474609375 0.3408203125 0.02734375 0.029296875
0 0.208984375 0.345703125 0.03125 0.0390625
0 0.328125 0.33984375 0.0390625 0.03125
0 0.5419921875 0.3359375 0.037109375 0.03515625
0 0.0166015625 0.330078125 0.025390625 0.0234375
0 0.412109375 0.3310546875 0.0390625 0.029296875
0 0.2919921875 0.328125 0.029296875 0.02734375
0 0.189453125 0.3330078125 0.02734375 0.041015625
0 0.109375 0.326171875 0.0390625 0.03515625
0 0.509765625 0.3173828125 0.0234375 0.021484375
0 0.8671875 0.337890625 0.0859375 0.07421875
0 0.6337890625 0.31640625 0.037109375 0.03125
0 0.484375 0.310546875 0.0234375 0.02734375
0 0.3447265625 0.3134765625 0.044921875 0.033203125
0 0.2626953125 0.310546875 0.029296875 0.02734375
0 0.1640625 0.3154296875 0.03515625 0.041015625
0 0.91796875 0.3037109375 0.0234375 0.021484375
0 0.5556640625 0.3076171875 0.037109375 0.033203125
0 0.7109375 0.33984375 0.10546875 0.1015625
0 0.009765625 0.296875 0.01953125 0.02734375
0 0.08984375 0.2978515625 0.03515625 0.037109375
0 0.142578125 0.294921875 0.03125 0.03515625
0 0.4990234375 0.2841796875 0.025390625 0.021484375
0 0.671875 0.2890625 0.03515625 0.04296875
0 0.2421875 0.28515625 0.03125 0.0390625
0 0.5732421875 0.279296875 0.037109375 0.03125
0 0.5390625 0.2744140625 0.02734375 0.025390625
0 0.990234375 0.275390625 0.01953125 0.03125
0 0.42578125 0.2783203125 0.04296875 0.037109375
0 0.884765625 0.2861328125 0.06640625 0.056640625
0 0.36328125 0.2734375 0.03125 0.03515625
0 0.2666015625 0.2646484375 0.017578125 0.017578125
0 0.2177734375 0.271484375 0.033203125 0.03515625
0 0.6484375 0.2724609375 0.04296875 0.048828125
0 0.12109375 0.271484375 0.0390625 0.046875
0 0.2451171875 0.2509765625 0.021484375 0.021484375
0 0.9794921875 0.2587890625 0.037109375 0.041015625
0 0.4404296875 0.2529296875 0.029296875 0.029296875
0 0.193359375 0.255859375 0.04296875 0.0390625
0 0.9140625 0.2568359375 0.046875 0.044921875
0 0.3310546875 0.2509765625 0.033203125 0.033203125
0 0.796875 0.2451171875 0.03515625 0.033203125
0 0.498046875 0.2470703125 0.05078125 0.037109375
0 0.962890625 0.244140625 0.03125 0.03515625
0 0.76171875 0.244140625 0.03515625 0.046875
0 0.599609375 0.2421875 0.0390625 0.046875
0 0.453125 0.2294921875 0.02734375 0.025390625
0 0.3056640625 0.234375 0.033203125 0.03515625
0 0.927734375 0.2333984375 0.0390625 0.037109375
0 0.1513671875 0.2314453125 0.044921875 0.033203125
0 0.2314453125 0.2236328125 0.021484375 0.021484375
0 0.734375 0.2275390625 0.02734375 0.033203125
0 0.5732421875 0.2236328125 0.037109375 0.041015625
0 0.27734375 0.2177734375 0.02734375 0.029296875
0 0.3935546875 0.2119140625 0.025390625 0.025390625
0 0.0693359375 0.2158203125 0.037109375 0.033203125
0 0.9453125 0.21484375 0.0390625 0.03515625
0 0.046875 0.2265625 0.04296875 0.05859375
0 0.013671875 0.21484375 0.02734375 0.03515625
0 0.8466796875 0.2265625 0.060546875 0.0625
0 0.171875 0.2119140625 0.0390625 0.033203125
0 0.9951171875 0.2021484375 0.009765625 0.017578125
0 0.2587890625 0.205078125 0.025390625 0.0234375
0 0.466796875 0.2041015625 0.0234375 0.025390625
0 0.0029296875 0.1943359375 0.005859375 0.009765625
0 0.5478515625 0.205078125 0.029296875 0.03515625
0 0.712890625 0.2109375 0.0546875 0.0546875
0 0.193359375 0.1923828125 0.03125 0.029296875
0 0.087890625 0.1943359375 0.0390625 0.033203125
0 0.8203125 0.1953125 0.03125 0.0390625
0 0.5234375 0.193359375 0.03125 0.0390625
0 0.4052734375 0.18359375 0.029296875 0.0234375
0 0.658203125 0.185546875 0.03125 0.03125
0 0.36328125 0.189453125 0.03515625 0.0390625
0 0.681640625 0.1904296875 0.03515625 0.044921875
0 0.001953125 0.169921875 0.00390625 0.01171875
0 0.3291015625 0.1728515625 0.025390625 0.025390625
0 0.7939453125 0.1748046875 0.025390625 0.033203125
0 0.5009765625 0.1748046875 0.029296875 0.033203125
0 0.107421875 0.173828125 0.0390625 0.03515625
0 0.2099609375 0.171875 0.037109375 0.03515625
0 0.88671875 0.166015625 0.0234375 0.02734375
0 0.9814453125 0.1669921875 0.037109375 0.041015625
0 0.767578125 0.162109375 0.02734375 0.03515625
0 0.48046875 0.162109375 0.03125 0.03515625
0 0.4150390625 0.16015625 0.033203125 0.03125
0 0.015625 0.15625 0.03125 0.0234375
0 0.998046875 0.14453125 0.00390625 0.00390625
0 0.2998046875 0.15625 0.025390625 0.02734375
0 0.12109375 0.1533203125 0.0390625 0.033203125
0 0.865234375 0.1513671875 0.02734375 0.033203125
0 0.9130859375 0.146484375 0.037109375 0.02734375
0 0.748046875 0.150390625 0.03125 0.03515625
0 0.328125 0.1416015625 0.02734375 0.029296875
0 0.056640625 0.1279296875 0.015625 0.017578125
0 0.599609375 0.14453125 0.046875 0.0546875
0 0.8818359375 0.123046875 0.017578125 0.015625
0 0.1376953125 0.130859375 0.041015625 0.03515625
0 0.83203125 0.126953125 0.03515625 0.03515625
0 0.0205078125 0.1181640625 0.033203125 0.021484375
0 0.708984375 0.126953125 0.046875 0.046875
0 0.4287109375 0.123046875 0.044921875 0.0390625
0 0.572265625 0.126953125 0.046875 0.05078125
0 0.8115234375 0.1171875 0.033203125 0.0390625
0 0.3837890625 0.1171875 0.033203125 0.05078125
0 0.9248046875 0.109375 0.052734375 0.04296875
0 0.64453125 0.1376953125 0.06640625 0.099609375
0 0.09375 0.107421875 0.03515625 0.0390625
0 0.779296875 0.103515625 0.03125 0.03515625
0 0.541015625 0.107421875 0.046875 0.0546875
0 0.2509765625 0.1083984375 0.048828125 0.056640625
0 0.583984375 0.0888671875 0.0234375 0.025390625
0 0.3671875 0.0927734375 0.03125 0.033203125
0 0.953125 0.0869140625 0.03515625 0.033203125
0 0.0712890625 0.0927734375 0.033203125 0.044921875
0 0.751953125 0.0869140625 0.03125 0.037109375
0 0.8037109375 0.078125 0.017578125 0.0234375
0 0.4951171875 0.0869140625 0.037109375 0.041015625
0 0.18359375 0.08203125 0.0390625 0.0390625
0 0.7265625 0.0751953125 0.02734375 0.029296875
0 0.62890625 0.07421875 0.03125 0.03125
0 0.4755859375 0.0771484375 0.033203125 0.041015625
0 0.044921875 0.078125 0.03125 0.04296875
0 0.3251953125 0.076171875 0.041015625 0.046875
0 0.8828125 0.06640625 0.03515625 0.03125
0 0.45703125 0.064453125 0.03515625 0.04296875
0 0.201171875 0.060546875 0.03515625 0.03515625
0 0.6044921875 0.048828125 0.017578125 0.01953125
0 0.7490234375 0.0458984375 0.017578125 0.017578125
0 0.6953125 0.052734375 0.03125 0.03125
0 0.01953125 0.0556640625 0.03125 0.037109375
0 0.1455078125 0.0546875 0.033203125 0.0390625
0 0.8994140625 0.046875 0.037109375 0.03125
0 0.4384765625 0.0517578125 0.037109375 0.041015625
0 0.30078125 0.0517578125 0.04296875 0.048828125
0 0.1787109375 0.0361328125 0.017578125 0.017578125
0 0.57421875 0.0498046875 0.0390625 0.048828125
0 0.8388671875 0.0361328125 0.029296875 0.029296875
0 0.1240234375 0.041015625 0.033203125 0.0390625
0 0.978515625 0.0439453125 0.04296875 0.052734375
0 0.5126953125 0.0341796875 0.037109375 0.033203125
0 0.7060546875 0.0244140625 0.017578125 0.017578125
0 0.814453125 0.02734375 0.02734375 0.03125
0 0.095703125 0.0234375 0.03515625 0.0390625
0 0.9921875 0.005859375 0.015625 0.01171875
0 0.939453125 0.0166015625 0.0625 0.033203125
0 0.8564453125 0.0029296875 0.009765625 0.005859375
0 0.7958984375 0.0166015625 0.029296875 0.033203125
0 0.7724609375 0.009765625 0.025390625 0.01953125
0 0.6708984375 0.025390625 0.044921875 0.05078125
0 0.6162109375 0.0107421875 0.048828125 0.021484375
0 0.5400390625 0.0087890625 0.025390625 0.017578125
0 0.3916015625 0.0302734375 0.091796875 0.060546875
0 0.2333984375 0.0283203125 0.060546875 0.056640625
0 0.2041015625 0.0078125 0.025390625 0.015625
0 0.1787109375 0.0029296875 0.009765625 0.005859375
0 0.150390625 0.0048828125 0.015625 0.009765625
0 0.0751953125 0.0146484375 0.033203125 0.029296875
0 0.046875 0.0078125 0.0234375 0.015625
0 0.02734375 0.001953125 0.00390625 0.00390625