0 0.99609375 0.96875 0.0078125 0.01953125
0 0.35546875 0.8818359375 0.09375 0.072265625
0 0.958984375 0.8759765625 0.05078125 0.064453125
0 0.19140625 0.916015625 0.17578125 0.16796875
0 0.0478515625 0.9072265625 0.095703125 0.169921875
0 0.8173828125 0.841796875 0.037109375 0.0625
0 0.455078125 0.822265625 0.16015625 0.0859375
0 0.9072265625 0.7685546875 0.169921875 0.115234375
0 0.69921875 0.71484375 0.046875 0.0859375
0 0.44140625 0.7236328125 0.30078125 0.208984375
0 0.1162109375 0.728515625 0.232421875 0.28125
0 0.2099609375 0.5732421875 0.083984375 0.087890625
0 0.0078125 0.494140625 0.015625 0.0390625
0 0.5859375 0.4814453125 0.0859375 0.068359375
0 0.150390625 0.4384765625 0.03515625 0.033203125
0 0.748046875 0.4814453125 0.2265625 0.142578125
0 0.1044921875 0.4287109375 0.029296875 0.041015625
0 0.9326171875 0.5146484375 0.134765625 0.216796875
0 0.7939453125 0.41015625 0.017578125 0.01953125
0 0.7744140625 0.41015625 0.017578125 0.01953125
0 0.2099609375 0.4130859375 0.033203125 0.033203125
0 0.181640625 0.4072265625 0.0234375 0.029296875
0 0.4306640625 0.453125 0.150390625 0.1328125
0 0.5517578125 0.4091796875 0.025390625 0.052734375
0 0.2451171875 0.392578125 0.033203125 0.02734375
0 0.1806640625 0.3798828125 0.017578125 0.017578125
0 0.1357421875 0.37890625 0.037109375 0.01953125
0 0.0263671875 0.3896484375 0.044921875 0.041015625
0 0.275390625 0.373046875 0.03515625 0.03515625
0 0.1396484375 0.3544921875 0.025390625 0.021484375
0 0.2275390625 0.3515625 0.025390625 0.0234375
0 0.3095703125 0.3515625 0.033203125 0.0390625
0 0.8154296875 0.3408203125 0.025390625 0.033203125
0 0.052734375 0.3427734375 0.03515625 0.037109375
0 0.8515625 0.337890625 0.02734375 0.03125
0 0.1513671875 0.3291015625 0.025390625 0.025390625
0 0.888671875 0.330078125 0.03515625 0.0390625
0 0.01171875 0.326171875 0.0234375 0.03125
0 0.9189453125 0.326171875 0.025390625 0.03515625
0 0.958984375 0.3203125 0.02734375 0.03515625
0 0.28125 0.3125 0.0234375 0.0234375
0 0.0234375 0.3037109375 0.01953125 0.017578125
0 0.990234375 0.302734375 0.01953125 0.01953125
0 0.076171875 0.306640625 0.03515625 0.03125
0 0.34765625 0.3212890625 0.0625 0.064453125
0 0.166015625 0.30078125 0.02734375 0.0234375
0 0.4208984375 0.30078125 0.033203125 0.03125
0 0.0810546875 0.28125 0.044921875 0.03125
0 0.4541015625 0.279296875 0.025390625 0.03125
0 0.1787109375 0.2734375 0.037109375 0.03125
0 0.388671875 0.2646484375 0.0234375 0.021484375
0 0.837890625 0.265625 0.0390625 0.02734375
0 0.4775390625 0.267578125 0.025390625 0.03125
0 0.037109375 0.267578125 0.03125 0.04296875
0 0.9423828125 0.2490234375 0.017578125 0.021484375
0 0.908203125 0.2470703125 0.03515625 0.029296875
0 0.0146484375 0.2529296875 0.029296875 0.044921875
0 0.3125 0.23828125 0.02734375 0.01953125
0 0.5302734375 0.2353515625 0.025390625 0.025390625
0 0.962890625 0.236328125 0.02734375 0.03515625
0 0.7998046875 0.2353515625 0.029296875 0.033203125
0 0.98828125 0.228515625 0.0234375 0.03515625
0 0.380859375 0.220703125 0.03515625 0.01953125
0 0.201171875 0.2275390625 0.05078125 0.033203125
0 0.833984375 0.2265625 0.0390625 0.03515625
0 0.4326171875 0.2109375 0.013671875 0.015625
0 0.1142578125 0.2177734375 0.037109375 0.029296875
0 0.455078125 0.208984375 0.01953125 0.0234375
0 0.99609375 0.2001953125 0.0078125 0.013671875
0 0.3125 0.20703125 0.03125 0.02734375
0 0.8896484375 0.2080078125 0.025390625 0.033203125
0 0.9150390625 0.197265625 0.029296875 0.03515625
0 0.3857421875 0.1923828125 0.037109375 0.025390625
0 0.0732421875 0.1943359375 0.033203125 0.037109375
0 0.9404296875 0.1826171875 0.033203125 0.037109375
0 0.04296875 0.1796875 0.03125 0.0390625
0 0.21875 0.173828125 0.04296875 0.03515625
0 0.3232421875 0.16796875 0.037109375 0.02734375
0 0.1357421875 0.169921875 0.033203125 0.03125
0 0.9736328125 0.173828125 0.033203125 0.04296875
0 0.015625 0.16796875 0.03125 0.0390625
0 0.9951171875 0.154296875 0.009765625 0.015625
0 0.3984375 0.1591796875 0.03125 0.029296875
0 0.001953125 0.1455078125 0.00390625 0.005859375
0 0.23046875 0.1474609375 0.04296875 0.033203125
0 0.337890625 0.1298828125 0.03125 0.025390625
0 0.4130859375 0.123046875 0.033203125 0.02734375
0 0.1484375 0.1201171875 0.046875 0.033203125
0 0.240234375 0.11328125 0.03515625 0.02734375
0 0.3544921875 0.103515625 0.029296875 0.0234375
0 0.423828125 0.08984375 0.03125 0.02734375
0 0.24609375 0.0888671875 0.03125 0.025390625
0 0.3076171875 0.083984375 0.021484375 0.02734375
0 0.27734375 0.0751953125 0.01953125 0.025390625
0 0.3642578125 0.076171875 0.033203125 0.03125
0 0.0126953125 0.0732421875 0.025390625 0.029296875
0 0.2548828125 0.0634765625 0.029296875 0.029296875
0 0.4404296875 0.0625 0.041015625 0.03515625
0 0.0947265625 0.05078125 0.025390625 0.0234375
0 0.99609375 0.044921875 0.0078125 0.015625
0 0.01953125 0.04296875 0.03125 0.02734375
0 0.3740234375 0.041015625 0.033203125 0.02734375
0 0.3251953125 0.0361328125 0.025390625 0.025390625
0 0.1796875 0.0634765625 0.0546875 0.083984375
0 0.44921875 0.0302734375 0.02734375 0.029296875
0 0.2978515625 0.0263671875 0.025390625 0.025390625
0 0.1474609375 0.0263671875 0.033203125 0.033203125
0 0.275390625 0.0185546875 0.0234375 0.025390625
0 0.029296875 0.015625 0.03125 0.02734375
0 0.880859375 0.05078125 0.16796875 0.1015625
0 0.6923828125 0.048828125 0.185546875 0.09765625
0 0.4765625 0.001953125 0.00390625 0.00390625
0 0.3837890625 0.0126953125 0.033203125 0.025390625
0 0.34375 0.0048828125 0.0234375 0.009765625
0 0.3251953125 0.0087890625 0.013671875 0.017578125
0 0.1162109375 0.015625 0.029296875 0.03125
0 0.0888671875 0.0107421875 0.029296875 0.021484375