0 0.9931640625 0.865234375 0.013671875 0.0234375
0 0.9833984375 0.8388671875 0.025390625 0.025390625
0 0.966796875 0.8134765625 0.0234375 0.025390625
0 0.9501953125 0.7880859375 0.025390625 0.025390625
0 0.9345703125 0.76171875 0.025390625 0.02734375
0 0.919921875 0.7314453125 0.02734375 0.025390625
0 0.9052734375 0.705078125 0.025390625 0.0234375
0 0.890625 0.67578125 0.0234375 0.03125
0 0.8779296875 0.650390625 0.025390625 0.02734375
0 0.8623046875 0.6201171875 0.025390625 0.029296875
0 0.853515625 0.59375 0.02734375 0.03125
0 0.615234375 0.642578125 0.07421875 0.140625
0 0.8359375 0.5673828125 0.0234375 0.025390625
0 0.7568359375 0.5703125 0.029296875 0.03125
0 0.9931640625 0.560546875 0.013671875 0.03125
0 0.9248046875 0.55859375 0.025390625 0.02734375
0 0.8212890625 0.5380859375 0.021484375 0.025390625
0 0.7470703125 0.5380859375 0.029296875 0.029296875
0 0.9853515625 0.53125 0.029296875 0.0234375
0 0.9140625 0.5283203125 0.0234375 0.025390625
0 0.8095703125 0.5068359375 0.021484375 0.025390625
0 0.732421875 0.505859375 0.02734375 0.02734375
0 0.974609375 0.501953125 0.02734375 0.02734375
0 0.9052734375 0.5029296875 0.025390625 0.029296875
0 0.7998046875 0.48046875 0.021484375 0.0234375
0 0.892578125 0.4775390625 0.0234375 0.029296875
0 0.9638671875 0.4736328125 0.025390625 0.025390625
0 0.7109375 0.474609375 0.04296875 0.04296875
0 0.7900390625 0.451171875 0.021484375 0.0234375
0 0.9541015625 0.4462890625 0.029296875 0.025390625
0 0.8798828125 0.4501953125 0.033203125 0.033203125
0 0.7099609375 0.427734375 0.025390625 0.03515625
0 0.7822265625 0.41796875 0.021484375 0.0234375
0 0.94140625 0.4169921875 0.01953125 0.025390625
0 0.875 0.416015625 0.0234375 0.02734375
0 0.7041015625 0.3916015625 0.021484375 0.025390625
0 0.9306640625 0.3896484375 0.033203125 0.029296875
0 0.8603515625 0.3896484375 0.025390625 0.029296875
0 0.775390625 0.3857421875 0.01953125 0.021484375
0 0.697265625 0.365234375 0.0234375 0.02734375
0 0.8525390625 0.361328125 0.021484375 0.02734375
0 0.767578125 0.3583984375 0.01953125 0.025390625
0 0.6845703125 0.3369140625 0.033203125 0.029296875
0 0.9150390625 0.345703125 0.033203125 0.0546875
0 0.84375 0.33203125 0.0234375 0.02734375
0 0.76171875 0.326171875 0.01953125 0.0234375
0 0.8974609375 0.302734375 0.021484375 0.0234375
0 0.6826171875 0.302734375 0.021484375 0.0234375
0 0.8330078125 0.302734375 0.025390625 0.02734375
0 0.998046875 0.2861328125 0.00390625 0.005859375
0 0.7548828125 0.291015625 0.021484375 0.0234375
0 0.888671875 0.275390625 0.0234375 0.02734375
0 0.8203125 0.275390625 0.0234375 0.02734375
0 0.673828125 0.2744140625 0.03515625 0.029296875
0 0.755859375 0.25390625 0.01953125 0.0234375
0 0.87890625 0.2431640625 0.0234375 0.029296875
0 0.80859375 0.2451171875 0.0234375 0.037109375
0 0.990234375 0.2431640625 0.01953125 0.037109375
0 0.685546875 0.2353515625 0.02734375 0.021484375
0 0.7548828125 0.216796875 0.021484375 0.0234375
0 0.8662109375 0.21484375 0.021484375 0.0234375
0 0.8037109375 0.2109375 0.025390625 0.02734375
0 0.685546875 0.208984375 0.0234375 0.0234375
0 0.98046875 0.205078125 0.03125 0.02734375
0 0.85546875 0.1865234375 0.01953125 0.021484375
0 0.6904296875 0.17578125 0.025390625 0.02734375
0 0.9716796875 0.173828125 0.025390625 0.02734375
0 0.7646484375 0.1708984375 0.021484375 0.025390625
0 0.845703125 0.1591796875 0.01953125 0.025390625
0 0.9599609375 0.1474609375 0.025390625 0.025390625
0 0.6982421875 0.1455078125 0.017578125 0.021484375
0 0.7705078125 0.1376953125 0.017578125 0.021484375
0 0.8349609375 0.1328125 0.021484375 0.0234375
0 0.94921875 0.1201171875 0.0234375 0.025390625
0 0.7021484375 0.115234375 0.021484375 0.0234375
0 0.9970703125 0.1044921875 0.005859375 0.009765625
0 0.8291015625 0.1025390625 0.029296875 0.025390625
0 0.9375 0.0927734375 0.02734375 0.029296875
0 0.708984375 0.083984375 0.0234375 0.0234375
0 0.8134765625 0.078125 0.021484375 0.03125
0 0.9912109375 0.0751953125 0.017578125 0.029296875
0 0.9287109375 0.0615234375 0.021484375 0.021484375
0 0.716796875 0.0556640625 0.0234375 0.021484375
0 0.802734375 0.048828125 0.01953125 0.0234375
0 0.9794921875 0.0400390625 0.021484375 0.025390625
0 0.921875 0.0341796875 0.0234375 0.021484375
0 0.7236328125 0.0263671875 0.025390625 0.025390625
0 0.9736328125 0.00390625 0.021484375 0.0078125
0 0.9169921875 0.009765625 0.021484375 0.01953125
0 0.7998046875 0.0107421875 0.017578125 0.021484375
0 0.7294921875 0.005859375 0.017578125 0.01171875