0 0.2548828125 0.998046875 0.005859375 0.00390625
0 0.4609375 0.9970703125 0.0078125 0.005859375
0 0.9560546875 0.99609375 0.013671875 0.0078125
0 0.36328125 0.9951171875 0.0234375 0.009765625
0 0.1396484375 0.9931640625 0.025390625 0.013671875
0 0.22265625 0.98828125 0.0390625 0.0234375
0 0.978515625 0.9873046875 0.03515625 0.025390625
0 0.3359375 0.9873046875 0.03515625 0.025390625
0 0.4375 0.986328125 0.03515625 0.02734375
0 0.171875 0.9833984375 0.03515625 0.029296875
0 0.5830078125 0.9814453125 0.072265625 0.037109375
0 0.9892578125 0.9697265625 0.021484375 0.033203125
0 0.416015625 0.970703125 0.0390625 0.0390625
0 0.1904296875 0.96484375 0.037109375 0.03125
0 0.9970703125 0.9501953125 0.005859375 0.009765625
0 0.728515625 0.9716796875 0.07421875 0.056640625
0 0.6064453125 0.9609375 0.037109375 0.0390625
0 0.294921875 0.9599609375 0.03125 0.037109375
0 0.3955078125 0.951171875 0.037109375 0.0390625
0 0.3232421875 0.9638671875 0.048828125 0.064453125
0 0.2744140625 0.9453125 0.029296875 0.03515625
0 0.376953125 0.9306640625 0.03125 0.041015625
0 0.228515625 0.9267578125 0.03515625 0.033203125
0 0.0107421875 0.9296875 0.021484375 0.04296875
0 0.353515625 0.9169921875 0.03125 0.041015625
0 0.3271484375 0.9072265625 0.033203125 0.037109375
0 0.6875 0.908203125 0.0390625 0.04296875
0 0.2431640625 0.90234375 0.037109375 0.03125
0 0.2958984375 0.900390625 0.041015625 0.0390625
0 0.666015625 0.884765625 0.0390625 0.03515625
0 0.2626953125 0.8759765625 0.037109375 0.025390625
0 0.7509765625 0.8779296875 0.041015625 0.037109375
0 0.6484375 0.865234375 0.0390625 0.03515625
0 0.767578125 0.8583984375 0.0390625 0.037109375
0 0.6279296875 0.845703125 0.037109375 0.03515625
0 0.7861328125 0.8408203125 0.041015625 0.041015625
0 0.7001953125 0.8232421875 0.037109375 0.037109375
0 0.6044921875 0.8232421875 0.033203125 0.037109375
0 0.806640625 0.8193359375 0.0390625 0.041015625
0 0.7177734375 0.8037109375 0.037109375 0.033203125
0 0.5859375 0.802734375 0.0390625 0.0390625
0 0.7373046875 0.7861328125 0.037109375 0.037109375
0 0.568359375 0.783203125 0.03515625 0.03515625
0 0.4921875 0.8564453125 0.21875 0.181640625
0 0.0771484375 0.7734375 0.025390625 0.0234375
0 0.646484375 0.7705078125 0.03125 0.033203125
0 0.75390625 0.767578125 0.0390625 0.03125
0 0.5478515625 0.76171875 0.029296875 0.03515625
0 0.6640625 0.751953125 0.03515625 0.03515625
0 0.05078125 0.7470703125 0.02734375 0.033203125
0 0.7705078125 0.7490234375 0.037109375 0.041015625
0 0.5048828125 0.734375 0.021484375 0.01953125
0 0.681640625 0.732421875 0.0390625 0.0390625
0 0.0205078125 0.734375 0.041015625 0.046875
0 0.5322265625 0.7275390625 0.033203125 0.037109375
0 0.5986328125 0.716796875 0.037109375 0.03515625
0 0.0126953125 0.7119140625 0.025390625 0.033203125
0 0.701171875 0.7119140625 0.0390625 0.037109375
0 0.1015625 0.7041015625 0.0390625 0.037109375
0 0.615234375 0.701171875 0.03515625 0.03515625
0 0.4921875 0.7021484375 0.0390625 0.037109375
0 0.33984375 0.71484375 0.10546875 0.0625
0 0.720703125 0.69140625 0.03515625 0.03515625
0 0.0673828125 0.6845703125 0.021484375 0.025390625
0 0.775390625 0.677734375 0.01953125 0.01953125
0 0.6328125 0.6806640625 0.03515625 0.037109375
0 0.4765625 0.6796875 0.03515625 0.0390625
0 0.7431640625 0.6669921875 0.037109375 0.037109375
0 0.546875 0.6630859375 0.03515625 0.037109375
0 0.4560546875 0.662109375 0.033203125 0.03515625
0 0.0458984375 0.6611328125 0.025390625 0.033203125
0 0.6494140625 0.662109375 0.041015625 0.0390625
0 0.86328125 0.6552734375 0.03515625 0.037109375
0 0.37890625 0.650390625 0.0234375 0.02734375
0 0.955078125 0.6591796875 0.046875 0.052734375
0 0.0244140625 0.642578125 0.029296875 0.02734375
0 0.763671875 0.6455078125 0.0390625 0.037109375
0 0.298828125 0.6474609375 0.02734375 0.041015625
0 0.103515625 0.640625 0.0234375 0.02734375
0 0.5693359375 0.6416015625 0.037109375 0.033203125
0 0.4365234375 0.6416015625 0.033203125 0.033203125
0 0.669921875 0.6396484375 0.03515625 0.033203125
0 0.884765625 0.63671875 0.03515625 0.03125
0 0.0068359375 0.626953125 0.013671875 0.0234375
0 0.404296875 0.6279296875 0.03515625 0.033203125
0 0.7841796875 0.6220703125 0.033203125 0.033203125
0 0.587890625 0.62109375 0.0390625 0.03515625
0 0.9794921875 0.6259765625 0.041015625 0.048828125
0 0.642578125 0.6103515625 0.01953125 0.017578125
0 0.9091796875 0.6142578125 0.033203125 0.033203125
0 0.85546875 0.607421875 0.01953125 0.01953125
0 0.6943359375 0.6181640625 0.041015625 0.041015625
0 0.998046875 0.5908203125 0.00390625 0.005859375
0 0.029296875 0.6015625 0.0234375 0.02734375
0 0.80859375 0.5986328125 0.03125 0.033203125
0 0.609375 0.599609375 0.0390625 0.0390625
0 0.3515625 0.5986328125 0.04296875 0.044921875
0 0.9296875 0.5908203125 0.03125 0.033203125
0 0.5107421875 0.5927734375 0.041015625 0.037109375
0 0.4833984375 0.5986328125 0.064453125 0.060546875
0 0.0458984375 0.58203125 0.025390625 0.02734375
0 0.107421875 0.5732421875 0.015625 0.017578125
0 0.8291015625 0.580078125 0.037109375 0.0390625
0 0.7099609375 0.5888671875 0.048828125 0.056640625
0 0.625 0.580078125 0.0390625 0.0390625
0 0.52734375 0.5751953125 0.03515625 0.037109375
0 0.94921875 0.5693359375 0.03515625 0.037109375
0 0.0625 0.5654296875 0.03125 0.029296875
0 0.4580078125 0.5615234375 0.025390625 0.025390625
0 0.8486328125 0.560546875 0.037109375 0.03515625
0 0.3134765625 0.5673828125 0.044921875 0.048828125
0 0.6435546875 0.5595703125 0.037109375 0.037109375
0 0.54296875 0.5556640625 0.03515625 0.033203125
0 0.7568359375 0.5556640625 0.041015625 0.037109375
0 0.72265625 0.5654296875 0.06640625 0.056640625
0 0.3876953125 0.552734375 0.033203125 0.03125
0 0.921875 0.5458984375 0.02734375 0.025390625
0 0.0771484375 0.5458984375 0.029296875 0.025390625
0 0.4775390625 0.548828125 0.037109375 0.03515625
0 0.865234375 0.5439453125 0.03515625 0.033203125
0 0.6630859375 0.541015625 0.041015625 0.0390625
0 0.55859375 0.5400390625 0.0390625 0.037109375
0 0.091796875 0.5263671875 0.02734375 0.021484375
0 0.7763671875 0.5302734375 0.041015625 0.033203125
0 0.498046875 0.5244140625 0.02734375 0.025390625
0 0.9873046875 0.5263671875 0.025390625 0.033203125
0 0.01171875 0.5234375 0.0234375 0.02734375
0 0.8837890625 0.5244140625 0.037109375 0.037109375
0 0.412109375 0.5224609375 0.03515625 0.033203125
0 0.6796875 0.521484375 0.0390625 0.03515625
0 0.576171875 0.521484375 0.0390625 0.03515625
0 0.3603515625 0.521484375 0.037109375 0.03515625
0 0.2763671875 0.5244140625 0.041015625 0.041015625
0 0.7412109375 0.5126953125 0.037109375 0.029296875
0 0.958984375 0.53125 0.0546875 0.0703125
0 0.1123046875 0.51171875 0.029296875 0.03125
0 0.515625 0.5029296875 0.0234375 0.025390625
0 0.798828125 0.5068359375 0.03515625 0.037109375
0 0.5927734375 0.50390625 0.037109375 0.03515625
0 0.03125 0.4990234375 0.0234375 0.029296875
0 0.69921875 0.501953125 0.03515625 0.0390625
0 0.43359375 0.498046875 0.03125 0.03125
0 0.3798828125 0.4951171875 0.033203125 0.033203125
0 0.9130859375 0.4931640625 0.037109375 0.037109375
0 0.822265625 0.4912109375 0.03515625 0.033203125
0 0.53125 0.484375 0.0234375 0.0234375
0 0.611328125 0.48828125 0.03515625 0.03515625
0 0.1279296875 0.4873046875 0.037109375 0.033203125
0 0.7890625 0.4736328125 0.0234375 0.021484375
0 0.4541015625 0.4765625 0.033203125 0.03125
0 0.0517578125 0.474609375 0.025390625 0.02734375
0 0.546875 0.46875 0.0234375 0.0234375
0 0.400390625 0.474609375 0.0390625 0.03515625
0 0.833984375 0.4716796875 0.03515625 0.033203125
0 0.6279296875 0.470703125 0.037109375 0.03515625
0 0.9365234375 0.466796875 0.029296875 0.03125
0 0.3134765625 0.46484375 0.044921875 0.04296875
0 0.7333984375 0.4658203125 0.064453125 0.052734375
0 0.5615234375 0.4521484375 0.025390625 0.025390625
0 0.4755859375 0.455078125 0.033203125 0.03125
0 0.8583984375 0.451171875 0.033203125 0.03125
0 0.6455078125 0.4521484375 0.037109375 0.033203125
0 0.4208984375 0.4501953125 0.033203125 0.033203125
0 0.955078125 0.4501953125 0.0390625 0.037109375
0 0.064453125 0.4501953125 0.03515625 0.037109375
0 0.5791015625 0.4365234375 0.033203125 0.029296875
0 0.4931640625 0.4365234375 0.033203125 0.029296875
0 0.9951171875 0.42578125 0.009765625 0.015625
0 0.7626953125 0.4384765625 0.041015625 0.041015625
0 0.6728515625 0.4345703125 0.037109375 0.033203125
0 0.3466796875 0.43359375 0.033203125 0.03125
0 0.8798828125 0.431640625 0.037109375 0.0390625
0 0.4375 0.42578125 0.03125 0.03125
0 0.1064453125 0.421875 0.021484375 0.0234375
0 0.78125 0.419921875 0.03125 0.03515625
0 0.6923828125 0.4140625 0.029296875 0.03125
0 0.369140625 0.4130859375 0.03125 0.033203125
0 0.60546875 0.41015625 0.03515625 0.03515625
0 0.515625 0.41015625 0.03515625 0.03515625
0 0.9013671875 0.4091796875 0.037109375 0.037109375
0 0.455078125 0.404296875 0.03125 0.03125
0 0.9765625 0.416015625 0.046875 0.05859375
0 0.0126953125 0.400390625 0.025390625 0.02734375
0 0.0771484375 0.39453125 0.025390625 0.0234375
0 0.70703125 0.3955078125 0.03515625 0.033203125
0 0.8017578125 0.39453125 0.037109375 0.03515625
0 0.625 0.3916015625 0.0390625 0.037109375
0 0.923828125 0.3857421875 0.0390625 0.037109375
0 0.724609375 0.37890625 0.03125 0.02734375
0 0.0517578125 0.375 0.025390625 0.0234375
0 0.4775390625 0.3779296875 0.037109375 0.033203125
0 0.392578125 0.3828125 0.03125 0.04296875
0 0.537109375 0.380859375 0.03515625 0.046875
0 0.826171875 0.3759765625 0.046875 0.044921875
0 0.6484375 0.3671875 0.0390625 0.03515625
0 0.556640625 0.3662109375 0.03515625 0.033203125
0 0.8828125 0.3662109375 0.0234375 0.037109375
0 0.7451171875 0.361328125 0.033203125 0.03125
0 0.951171875 0.361328125 0.0390625 0.0390625
0 0.416015625 0.357421875 0.03515625 0.03125
0 0.498046875 0.35546875 0.03515625 0.03125
0 0.0302734375 0.3515625 0.025390625 0.03125
0 0.5751953125 0.34765625 0.033203125 0.03125
0 0.66796875 0.345703125 0.03515625 0.0390625
0 0.9189453125 0.341796875 0.033203125 0.03515625
0 0.763671875 0.33984375 0.03515625 0.03515625
0 0.5146484375 0.333984375 0.037109375 0.03515625
0 0.4375 0.3330078125 0.03125 0.033203125
0 0.9970703125 0.318359375 0.005859375 0.01171875
0 0.8515625 0.337890625 0.046875 0.05859375
0 0.689453125 0.33203125 0.03515625 0.05078125
0 0.59765625 0.322265625 0.03515625 0.03515625
0 0.7841796875 0.318359375 0.033203125 0.03515625
0 0.53125 0.3115234375 0.03515625 0.033203125
0 0.4560546875 0.3037109375 0.033203125 0.029296875
0 0.708984375 0.3115234375 0.0390625 0.052734375
0 0.8974609375 0.314453125 0.056640625 0.0625
0 0.6162109375 0.2998046875 0.033203125 0.033203125
0 0.8046875 0.2939453125 0.03515625 0.033203125
0 0.98828125 0.291015625 0.0234375 0.0390625
0 0.5537109375 0.2841796875 0.033203125 0.033203125
0 0.6376953125 0.2802734375 0.029296875 0.029296875
0 0.47265625 0.28125 0.03125 0.03125
0 0.7255859375 0.2783203125 0.033203125 0.033203125
0 0.9755859375 0.275390625 0.033203125 0.0390625
0 0.5732421875 0.2666015625 0.037109375 0.037109375
0 0.84375 0.2587890625 0.03515625 0.037109375
0 0.74609375 0.2568359375 0.03515625 0.033203125
0 0.4931640625 0.2568359375 0.037109375 0.037109375
0 0.9599609375 0.2578125 0.033203125 0.04296875
0 0.65234375 0.2548828125 0.0390625 0.037109375
0 0.826171875 0.2470703125 0.03125 0.033203125
0 0.591796875 0.2412109375 0.03515625 0.033203125
0 0.78125 0.2412109375 0.0546875 0.044921875
0 0.6767578125 0.236328125 0.037109375 0.03515625
0 0.515625 0.23046875 0.0390625 0.03515625
0 0.982421875 0.2255859375 0.03515625 0.029296875
0 0.6123046875 0.216796875 0.033203125 0.03125
0 0.6962890625 0.2158203125 0.041015625 0.037109375
0 0.8017578125 0.20703125 0.025390625 0.0234375
0 0.53515625 0.2060546875 0.03515625 0.033203125
0 0.98828125 0.2001953125 0.0234375 0.025390625
0 0.6298828125 0.1943359375 0.033203125 0.029296875
0 0.552734375 0.1845703125 0.03125 0.029296875
0 0.9052734375 0.205078125 0.072265625 0.07421875
0 0.994140625 0.173828125 0.01171875 0.0234375
0 0.7431640625 0.1796875 0.033203125 0.0390625
0 0.3330078125 0.2109375 0.123046875 0.10546875
0 0.646484375 0.171875 0.03125 0.03125
0 0.9306640625 0.171875 0.041015625 0.03515625
0 0.8671875 0.1669921875 0.02734375 0.037109375
0 0.7197265625 0.1640625 0.033203125 0.0390625
0 0.5673828125 0.162109375 0.041015625 0.0390625
0 0.943359375 0.1474609375 0.0390625 0.033203125
0 0.583984375 0.1396484375 0.0390625 0.033203125
0 0.8916015625 0.130859375 0.033203125 0.02734375
0 0.6845703125 0.1435546875 0.064453125 0.064453125
0 0.955078125 0.1259765625 0.0390625 0.033203125
0 0.4609375 0.166015625 0.109375 0.125
0 0.55078125 0.109375 0.0234375 0.0234375
0 0.9033203125 0.109375 0.037109375 0.02734375
0 0.96484375 0.1044921875 0.0390625 0.033203125
0 0.7958984375 0.1220703125 0.099609375 0.068359375
0 0.837890625 0.0947265625 0.0390625 0.033203125
0 0.9140625 0.0859375 0.03515625 0.03125
0 0.6005859375 0.09375 0.041015625 0.0546875
0 0.9765625 0.0810546875 0.0390625 0.033203125
0 0.84765625 0.0751953125 0.0390625 0.033203125
0 0.787109375 0.0712890625 0.0390625 0.041015625
0 0.92578125 0.0625 0.03515625 0.02734375
0 0.8603515625 0.05078125 0.037109375 0.03125
0 0.9375 0.041015625 0.03515625 0.02734375
0 0.984375 0.0478515625 0.03125 0.052734375
0 0.87109375 0.029296875 0.0390625 0.03125
0 0.94921875 0.017578125 0.03515625 0.02734375
0 0.9951171875 0.01171875 0.009765625 0.01953125
0 0.9658203125 0.00390625 0.017578125 0.0078125
0 0.90234375 0.001953125 0.00390625 0.00390625
0 0.8818359375 0.01171875 0.037109375 0.0234375
0 0.8134765625 0.017578125 0.037109375 0.03515625
0 0.716796875 0.0400390625 0.0703125 0.080078125
0 0.392578125 0.0390625 0.12890625 0.078125