0 0.2783203125 0.9619140625 0.052734375 0.064453125
0 0.8134765625 0.9404296875 0.076171875 0.119140625
0 0.2802734375 0.8486328125 0.025390625 0.041015625
0 0.318359375 0.8212890625 0.015625 0.017578125
0 0.060546875 0.826171875 0.05078125 0.06640625
0 0.4228515625 0.734375 0.037109375 0.03515625
0 0.33203125 0.7275390625 0.0390625 0.052734375
0 0.0419921875 0.72265625 0.080078125 0.08984375
0 0.90234375 0.673828125 0.0625 0.03125
0 0.578125 0.666015625 0.07421875 0.0546875
0 0.7900390625 0.6376953125 0.044921875 0.025390625
0 0.0029296875 0.61328125 0.005859375 0.0078125
0 0.33984375 0.615234375 0.05859375 0.03125
0 0.00390625 0.5849609375 0.0078125 0.013671875
0 0.15625 0.603515625 0.05078125 0.078125
0 0.966796875 0.4833984375 0.01953125 0.021484375
0 0.3349609375 0.48828125 0.060546875 0.03515625
0 0.1572265625 0.4677734375 0.044921875 0.041015625
0 0.4560546875 0.458984375 0.048828125 0.06640625
0 0.6220703125 0.4580078125 0.068359375 0.107421875
0 0.091796875 0.419921875 0.03515625 0.03515625
0 0.0380859375 0.3798828125 0.041015625 0.041015625
0 0.9169921875 0.396484375 0.083984375 0.078125
0 0.3486328125 0.353515625 0.052734375 0.0625
0 0.6923828125 0.361328125 0.056640625 0.0859375
0 0.513671875 0.3271484375 0.05078125 0.080078125
0 0.1201171875 0.2998046875 0.044921875 0.044921875
0 0.7294921875 0.2529296875 0.056640625 0.072265625
0 0.1884765625 0.244140625 0.033203125 0.05859375
0 0.1650390625 0.208984375 0.017578125 0.015625
0 0.376953125 0.21875 0.02734375 0.046875
0 0.568359375 0.1689453125 0.04296875 0.060546875
0 0.05078125 0.1572265625 0.02734375 0.037109375
0 0.8857421875 0.1513671875 0.083984375 0.056640625
0 0.7705078125 0.14453125 0.052734375 0.046875
0 0.197265625 0.130859375 0.03515625 0.04296875
0 0.4140625 0.1318359375 0.06640625 0.056640625
0 0.6552734375 0.0791015625 0.037109375 0.041015625
0 0.8173828125 0.046875 0.041015625 0.02734375
0 0.2314453125 0.056640625 0.044921875 0.05078125
0 0.451171875 0.0400390625 0.05859375 0.056640625
0 0.1953125 0.021484375 0.02734375 0.03515625
0 0.7001953125 0.0068359375 0.021484375 0.013671875
0 0.4306640625 0.0048828125 0.017578125 0.009765625