0 0.5244140625 0.9970703125 0.013671875 0.005859375
0 0.0126953125 0.99609375 0.013671875 0.0078125
0 0.03515625 0.9921875 0.02734375 0.015625
0 0.4404296875 0.9853515625 0.037109375 0.021484375
0 0.07421875 0.982421875 0.04296875 0.03125
0 0.4501953125 0.96484375 0.025390625 0.01953125
0 0.0947265625 0.935546875 0.025390625 0.0234375
0 0.4521484375 0.93359375 0.033203125 0.0390625
0 0.029296875 0.927734375 0.03515625 0.0390625
0 0.072265625 0.9033203125 0.03515625 0.037109375
0 0.45703125 0.900390625 0.03125 0.03515625
0 0.3525390625 0.8720703125 0.021484375 0.017578125
0 0.3876953125 0.8681640625 0.017578125 0.017578125
0 0.4912109375 0.859375 0.033203125 0.0234375
0 0.55859375 0.853515625 0.03125 0.0234375
0 0.345703125 0.8330078125 0.02734375 0.041015625
0 0.3916015625 0.8232421875 0.025390625 0.041015625
0 0.439453125 0.8134765625 0.0234375 0.037109375
0 0.4716796875 0.7978515625 0.033203125 0.025390625
0 0.51171875 0.8095703125 0.03125 0.060546875
0 0.599609375 0.7509765625 0.03515625 0.021484375
0 0.42578125 0.7470703125 0.03125 0.021484375
0 0.5849609375 0.7158203125 0.021484375 0.033203125
0 0.349609375 0.7197265625 0.04296875 0.041015625
0 0.60546875 0.6982421875 0.015625 0.013671875
0 0.501953125 0.705078125 0.03515625 0.0390625
0 0.5830078125 0.681640625 0.021484375 0.0234375
0 0.4951171875 0.66796875 0.017578125 0.0234375
0 0.572265625 0.640625 0.01953125 0.02734375
0 0.7939453125 0.7978515625 0.412109375 0.404296875
0 0.9287109375 0.4482421875 0.060546875 0.060546875
0 0.7470703125 0.5615234375 0.248046875 0.478515625
0 0.9453125 0.3701171875 0.109375 0.099609375
0 0.01953125 0.2939453125 0.0390625 0.044921875
0 0.8857421875 0.2109375 0.025390625 0.01953125
0 0.626953125 0.2431640625 0.1953125 0.115234375
0 0.7626953125 0.16796875 0.099609375 0.09375
0 0.81640625 0.12109375 0.04296875 0.04296875
0 0.5126953125 0.1435546875 0.087890625 0.115234375
0 0.888671875 0.1259765625 0.0859375 0.115234375
0 0.6875 0.0771484375 0.03515625 0.037109375
0 0.9404296875 0.08984375 0.095703125 0.08984375
0 0.7578125 0.0498046875 0.0390625 0.029296875
0 0.58984375 0.044921875 0.0234375 0.0234375
0 0.779296875 0.03515625 0.03515625 0.03125
0 0.978515625 0.033203125 0.0390625 0.03125
0 0.603515625 0.017578125 0.0234375 0.0234375
0 0.96484375 0.0107421875 0.0703125 0.021484375
0 0.830078125 0.01171875 0.03515625 0.0234375
0 0.7216796875 0.0126953125 0.025390625 0.025390625
0 0.703125 0.0029296875 0.0078125 0.005859375
0 0.5185546875 0.0068359375 0.025390625 0.013671875
0 0.4248046875 0.0048828125 0.013671875 0.009765625