0 0.1162109375 0.9921875 0.021484375 0.015625
0 0.0087890625 0.9892578125 0.017578125 0.021484375
0 0.1630859375 0.9501953125 0.048828125 0.080078125
0 0.0458984375 0.923828125 0.068359375 0.078125
0 0.310546875 0.8681640625 0.05078125 0.048828125
0 0.2802734375 0.8154296875 0.052734375 0.048828125
0 0.080078125 0.7705078125 0.1015625 0.099609375
0 0.3427734375 0.7919921875 0.107421875 0.162109375
0 0.162109375 0.7607421875 0.08984375 0.126953125
0 0.015625 0.7158203125 0.03125 0.037109375
0 0.2421875 0.6513671875 0.046875 0.048828125
0 0.1162109375 0.59375 0.177734375 0.06640625
0 0.763671875 0.361328125 0.0390625 0.06640625
0 0.412109375 0.2958984375 0.04296875 0.013671875
0 0.91015625 0.3017578125 0.0703125 0.041015625
0 0.7119140625 0.25 0.060546875 0.046875
0 0.7939453125 0.240234375 0.044921875 0.05078125
0 0.99609375 0.06640625 0.0078125 0.01953125
0 0.9912109375 0.033203125 0.017578125 0.0234375
0 0.1943359375 0.029296875 0.029296875 0.02734375
0 0.3623046875 0.013671875 0.025390625 0.01953125
0 0.98828125 0.0087890625 0.0234375 0.017578125