0 0.3095703125 0.998046875 0.009765625 0.00390625
0 0.9931640625 0.9970703125 0.013671875 0.005859375
0 0.1669921875 0.9970703125 0.021484375 0.005859375
0 0.3505859375 0.9931640625 0.017578125 0.013671875
0 0.4501953125 0.9921875 0.021484375 0.015625
0 0.201171875 0.9921875 0.02734375 0.015625
0 0.2470703125 0.986328125 0.052734375 0.02734375
0 0.296875 0.9755859375 0.03125 0.029296875
0 0.0146484375 0.96484375 0.029296875 0.02734375
0 0.5185546875 0.970703125 0.056640625 0.04296875
0 0.3388671875 0.96484375 0.033203125 0.03125
0 0.365234375 0.953125 0.0234375 0.02734375
0 0.0751953125 0.9521484375 0.037109375 0.033203125
0 0.390625 0.947265625 0.0234375 0.02734375
0 0.587890625 0.9658203125 0.1328125 0.068359375
0 0.1171875 0.9482421875 0.03125 0.033203125
0 0.421875 0.951171875 0.03515625 0.04296875
0 0.001953125 0.9296875 0.00390625 0.01171875
0 0.2119140625 0.9169921875 0.037109375 0.033203125
0 0.5 0.9150390625 0.04296875 0.037109375
0 0.5400390625 0.900390625 0.025390625 0.03515625
0 0.2744140625 0.900390625 0.037109375 0.03515625
0 0.0732421875 0.896484375 0.041015625 0.03515625
0 0.578125 0.8828125 0.03515625 0.02734375
0 0.1708984375 0.884765625 0.041015625 0.03515625
0 0.3251953125 0.8857421875 0.037109375 0.041015625
0 0.7314453125 0.9267578125 0.158203125 0.130859375
0 0.365234375 0.8798828125 0.04296875 0.037109375
0 0.6171875 0.8759765625 0.03515625 0.033203125
0 0.6494140625 0.865234375 0.029296875 0.03125
0 0.0380859375 0.8642578125 0.037109375 0.033203125
0 0.935546875 0.8828125 0.12890625 0.078125
0 0.404296875 0.86328125 0.03515625 0.0390625
0 0.8427734375 0.865234375 0.060546875 0.0546875
0 0.130859375 0.8564453125 0.03515625 0.037109375
0 0.6923828125 0.845703125 0.033203125 0.03125
0 0.724609375 0.8310546875 0.03515625 0.033203125
0 0.4697265625 0.8369140625 0.033203125 0.044921875
0 0.5087890625 0.8271484375 0.041015625 0.041015625
0 0.2578125 0.818359375 0.0390625 0.02734375
0 0.546875 0.8193359375 0.03125 0.037109375
0 0.759765625 0.8193359375 0.03515625 0.041015625
0 0.0888671875 0.8154296875 0.041015625 0.033203125
0 0.30859375 0.80859375 0.0390625 0.02734375
0 0.201171875 0.80859375 0.0390625 0.03515625
0 0.3662109375 0.796875 0.041015625 0.03125
0 0.580078125 0.8017578125 0.0390625 0.044921875
0 0.7958984375 0.7958984375 0.033203125 0.037109375
0 0.05078125 0.79296875 0.0390625 0.03515625
0 0.611328125 0.7890625 0.03515625 0.0390625
0 0.1669921875 0.78515625 0.041015625 0.03125
0 0.65234375 0.779296875 0.0390625 0.04296875
0 0.82421875 0.7724609375 0.0390625 0.037109375
0 0.005859375 0.765625 0.01171875 0.02734375
0 0.9306640625 0.771484375 0.056640625 0.05859375
0 0.447265625 0.7666015625 0.0390625 0.052734375
0 0.6875 0.7626953125 0.0390625 0.048828125
0 0.716796875 0.74609375 0.03515625 0.03515625
0 0.494140625 0.748046875 0.0390625 0.0390625
0 0.263671875 0.7353515625 0.0390625 0.025390625
0 0.533203125 0.732421875 0.04296875 0.0390625
0 0.1015625 0.73828125 0.046875 0.05078125
0 0.740234375 0.728515625 0.04296875 0.03515625
0 0.5693359375 0.72265625 0.037109375 0.04296875
0 0.32421875 0.7197265625 0.046875 0.037109375
0 0.212890625 0.7119140625 0.03515625 0.033203125
0 0.865234375 0.7138671875 0.046875 0.048828125
0 0.6142578125 0.716796875 0.041015625 0.0703125
0 0.7666015625 0.69921875 0.044921875 0.04296875
0 0.7939453125 0.685546875 0.021484375 0.0234375
0 0.025390625 0.7021484375 0.05078125 0.060546875
0 0.1689453125 0.6787109375 0.041015625 0.041015625
0 0.287109375 0.6767578125 0.04296875 0.041015625
0 0.6513671875 0.677734375 0.044921875 0.046875
0 0.4560546875 0.671875 0.037109375 0.0390625
0 0.517578125 0.66796875 0.0390625 0.03515625
0 0.48046875 0.6513671875 0.0234375 0.021484375
0 0.369140625 0.6552734375 0.05078125 0.048828125
0 0.1318359375 0.6474609375 0.037109375 0.041015625
0 0.248046875 0.64453125 0.046875 0.0390625
0 0.6806640625 0.6455078125 0.041015625 0.044921875
0 0.564453125 0.642578125 0.03515625 0.0390625
0 0.7158203125 0.63671875 0.033203125 0.03515625
0 0.810546875 0.6474609375 0.05859375 0.076171875
0 0.095703125 0.6279296875 0.0390625 0.041015625
0 0.203125 0.6201171875 0.0390625 0.037109375
0 0.0419921875 0.6171875 0.037109375 0.03125
0 0.595703125 0.61328125 0.0390625 0.03515625
0 0.482421875 0.6103515625 0.02734375 0.029296875
0 0.3203125 0.6044921875 0.05078125 0.056640625
0 0.7626953125 0.595703125 0.048828125 0.04296875
0 0.4150390625 0.58984375 0.033203125 0.04296875
0 0.8818359375 0.5859375 0.037109375 0.0390625
0 0.171875 0.58203125 0.0390625 0.03515625
0 0.6240234375 0.5791015625 0.044921875 0.044921875
0 0.7353515625 0.57421875 0.044921875 0.0546875
0 0.5166015625 0.568359375 0.041015625 0.04296875
0 0.2822265625 0.5703125 0.044921875 0.046875
0 0.0498046875 0.5634765625 0.041015625 0.037109375
0 0.138671875 0.5546875 0.03125 0.02734375
0 0.8583984375 0.5556640625 0.041015625 0.041015625
0 0.359375 0.5419921875 0.046875 0.041015625
0 0.2421875 0.53515625 0.0390625 0.03515625
0 0.1044921875 0.5361328125 0.037109375 0.044921875
0 0.541015625 0.529296875 0.0390625 0.04296875
0 0.65625 0.5302734375 0.03515625 0.048828125
0 0.830078125 0.525390625 0.05078125 0.046875
0 0.6181640625 0.5146484375 0.033203125 0.041015625
0 0.3193359375 0.5078125 0.041015625 0.03515625
0 0.072265625 0.51171875 0.046875 0.04296875
0 0.7998046875 0.5048828125 0.037109375 0.044921875
0 0.1884765625 0.501953125 0.060546875 0.046875
0 0.451171875 0.5 0.03515625 0.05078125
0 0.595703125 0.49609375 0.0390625 0.046875
0 0.2802734375 0.48046875 0.037109375 0.03515625
0 0.7734375 0.4853515625 0.04296875 0.048828125
0 0.392578125 0.4775390625 0.05078125 0.037109375
0 0.564453125 0.474609375 0.03515625 0.03515625
0 0.1513671875 0.46484375 0.041015625 0.03515625
0 0.7412109375 0.4609375 0.041015625 0.04296875
0 0.5 0.4619140625 0.046875 0.044921875
0 0.248046875 0.4521484375 0.03515625 0.033203125
0 0.1240234375 0.447265625 0.041015625 0.04296875
0 0.3466796875 0.439453125 0.037109375 0.03125
0 0.6787109375 0.4345703125 0.041015625 0.041015625
0 0.21875 0.427734375 0.03125 0.03125
0 0.9912109375 0.416015625 0.017578125 0.03125
0 0.3251953125 0.41796875 0.033203125 0.03515625
0 0.0322265625 0.4501953125 0.064453125 0.111328125
0 0.89453125 0.4912109375 0.2109375 0.201171875
0 0.1884765625 0.4130859375 0.037109375 0.044921875
0 0.4453125 0.4052734375 0.03515625 0.033203125
0 0.6044921875 0.40234375 0.029296875 0.03515625
0 0.6416015625 0.4111328125 0.060546875 0.060546875
0 0.97265625 0.3935546875 0.03515625 0.033203125
0 0.5771484375 0.388671875 0.037109375 0.0390625
0 0.162109375 0.388671875 0.0390625 0.0390625
0 0.017578125 0.392578125 0.03515625 0.05078125
0 0.3828125 0.373046875 0.03125 0.02734375
0 0.75 0.3544921875 0.03125 0.029296875
0 0.7119140625 0.3544921875 0.029296875 0.033203125
0 0.94140625 0.35546875 0.046875 0.046875
0 0.572265625 0.349609375 0.0390625 0.03515625
0 0.369140625 0.3330078125 0.02734375 0.029296875
0 0.689453125 0.333984375 0.03515625 0.0390625
0 0.99609375 0.318359375 0.0078125 0.01171875
0 0.8076171875 0.3369140625 0.048828125 0.048828125
0 0.3408203125 0.3125 0.037109375 0.03125
0 0.9716796875 0.310546875 0.033203125 0.03125
0 0.6640625 0.3134765625 0.0390625 0.037109375
0 0.0546875 0.3427734375 0.109375 0.095703125
0 0.884765625 0.30078125 0.0390625 0.0390625
0 0.63671875 0.298828125 0.03515625 0.03515625
0 0.783203125 0.30078125 0.05078125 0.0546875
0 0.5048828125 0.3330078125 0.123046875 0.119140625
0 0.611328125 0.283203125 0.03515625 0.03515625
0 0.4375 0.283203125 0.03515625 0.03515625
0 0.8671875 0.27734375 0.03515625 0.03515625
0 0.755859375 0.2724609375 0.0390625 0.037109375
0 0.5830078125 0.2685546875 0.041015625 0.041015625
0 0.271484375 0.2939453125 0.08984375 0.095703125
0 0.845703125 0.25390625 0.0390625 0.0390625
0 0.736328125 0.25390625 0.0390625 0.0390625
0 0.556640625 0.2529296875 0.03515625 0.041015625
0 0.9853515625 0.2431640625 0.029296875 0.052734375
0 0.82421875 0.234375 0.03515625 0.03515625
0 0.7119140625 0.2373046875 0.037109375 0.041015625
0 0.53125 0.2373046875 0.03515625 0.041015625
0 0.5048828125 0.22265625 0.033203125 0.03125
0 0.6904296875 0.2177734375 0.033203125 0.033203125
0 0.7958984375 0.2099609375 0.033203125 0.037109375
0 0.9599609375 0.1982421875 0.037109375 0.029296875
0 0.6689453125 0.203125 0.041015625 0.04296875
0 0.4599609375 0.197265625 0.037109375 0.0390625
0 0.376953125 0.21875 0.0546875 0.0859375
0 0.7705078125 0.1884765625 0.037109375 0.041015625
0 0.6455078125 0.18359375 0.033203125 0.0390625
0 0.9306640625 0.173828125 0.037109375 0.03515625
0 0.6357421875 0.1630859375 0.017578125 0.021484375
0 0.603515625 0.1708984375 0.04296875 0.044921875
0 0.748046875 0.1630859375 0.04296875 0.044921875
0 0.8984375 0.1474609375 0.03125 0.033203125
0 0.4990234375 0.14453125 0.033203125 0.03125
0 0.1220703125 0.2275390625 0.169921875 0.208984375
0 0.72265625 0.1416015625 0.03515625 0.041015625
0 0.5859375 0.138671875 0.0390625 0.0390625
0 0.7021484375 0.12890625 0.037109375 0.0390625
0 0.87109375 0.123046875 0.03125 0.03125
0 0.564453125 0.123046875 0.03515625 0.03515625
0 0.6767578125 0.1103515625 0.037109375 0.037109375
0 0.4384765625 0.1416015625 0.076171875 0.103515625
0 0.4541015625 0.091796875 0.033203125 0.03515625
0 0.294921875 0.1298828125 0.125 0.119140625
0 0.8466796875 0.0888671875 0.041015625 0.041015625
0 0.642578125 0.0869140625 0.0390625 0.037109375
0 0.0283203125 0.142578125 0.056640625 0.171875
0 0.6083984375 0.068359375 0.060546875 0.0390625
0 0.958984375 0.0771484375 0.08203125 0.076171875
0 0.4912109375 0.0732421875 0.068359375 0.076171875
0 0.66796875 0.04296875 0.0234375 0.0234375
0 0.5703125 0.0361328125 0.03515625 0.033203125
0 0.603515625 0.029296875 0.0234375 0.0234375
0 0.84375 0.0302734375 0.0390625 0.037109375
0 0.9814453125 0.01171875 0.037109375 0.0234375
0 0.8271484375 0.01171875 0.033203125 0.0234375
0 0.7998046875 0.00390625 0.013671875 0.0078125
0 0.62890625 0.0126953125 0.02734375 0.025390625
0 0.5654296875 0.001953125 0.005859375 0.00390625
0 0.5341796875 0.0126953125 0.037109375 0.025390625
0 0.3515625 0.0322265625 0.08984375 0.064453125
0 0.0908203125 0.025390625 0.056640625 0.05078125
0 0.033203125 0.0078125 0.02734375 0.015625