0 0.990234375 0.9541015625 0.01953125 0.041015625
0 0.2060546875 0.9326171875 0.029296875 0.021484375
0 0.166015625 0.916015625 0.01953125 0.01953125
0 0.9814453125 0.89453125 0.021484375 0.03125
0 0.9833984375 0.85546875 0.033203125 0.0390625
0 0.5029296875 0.8603515625 0.103515625 0.080078125
0 0.888671875 0.7890625 0.05859375 0.03125
0 0.7744140625 0.796875 0.076171875 0.05859375
0 0.6630859375 0.7763671875 0.056640625 0.041015625
0 0.84375 0.765625 0.06640625 0.05078125
0 0.35546875 0.748046875 0.0234375 0.03515625
0 0.55078125 0.7451171875 0.0625 0.037109375
0 0.6328125 0.736328125 0.04296875 0.05859375
0 0.443359375 0.7158203125 0.02734375 0.025390625
0 0.708984375 0.720703125 0.09375 0.046875
0 0.8134765625 0.6953125 0.060546875 0.03125
0 0.5400390625 0.701171875 0.064453125 0.04296875
0 0.71484375 0.6845703125 0.0546875 0.029296875
0 0.6513671875 0.6865234375 0.052734375 0.037109375
0 0.3603515625 0.6826171875 0.025390625 0.029296875
0 0.87109375 0.6923828125 0.05859375 0.064453125
0 0.8173828125 0.6611328125 0.056640625 0.033203125
0 0.701171875 0.65625 0.02734375 0.02734375
0 0.02734375 0.6552734375 0.0546875 0.056640625
0 0.369140625 0.6220703125 0.03515625 0.029296875
0 0.7607421875 0.6298828125 0.091796875 0.048828125
0 0.443359375 0.625 0.05078125 0.0390625
0 0.853515625 0.62109375 0.06640625 0.0625
0 0.65234375 0.5908203125 0.0546875 0.037109375
0 0.529296875 0.5908203125 0.05078125 0.044921875
0 0.5947265625 0.5703125 0.044921875 0.03125
0 0.7041015625 0.5234375 0.025390625 0.04296875
0 0.4033203125 0.51953125 0.048828125 0.046875
0 0.47265625 0.515625 0.0390625 0.0625
0 0.53125 0.4970703125 0.0234375 0.033203125
0 0.6591796875 0.5 0.029296875 0.04296875
0 0.9404296875 0.51953125 0.119140625 0.109375
0 0.578125 0.47265625 0.046875 0.02734375
0 0.77734375 0.46875 0.0390625 0.03125
0 0.998046875 0.4365234375 0.00390625 0.005859375
0 0.376953125 0.4404296875 0.03515625 0.017578125
0 0.685546875 0.4404296875 0.046875 0.025390625
0 0.4267578125 0.4423828125 0.041015625 0.029296875
0 0.87109375 0.4287109375 0.0234375 0.021484375
0 0.4736328125 0.4306640625 0.041015625 0.037109375
0 0.58203125 0.421875 0.0546875 0.0390625
0 0.515625 0.4033203125 0.046875 0.029296875
0 0.42578125 0.3583984375 0.03125 0.025390625
0 0.384765625 0.3525390625 0.0234375 0.048828125
0 0.685546875 0.345703125 0.04296875 0.0390625
0 0.6328125 0.3408203125 0.03125 0.033203125
0 0.5830078125 0.3310546875 0.033203125 0.025390625
0 0.4638671875 0.3330078125 0.025390625 0.052734375
0 0.541015625 0.3115234375 0.03515625 0.037109375
0 0.396484375 0.30078125 0.04296875 0.0234375
0 0.8056640625 0.310546875 0.041015625 0.05859375
0 0.9453125 0.2978515625 0.0703125 0.060546875
0 0.46484375 0.2685546875 0.03125 0.025390625
0 0.5439453125 0.2509765625 0.037109375 0.021484375
0 0.3955078125 0.24609375 0.037109375 0.0234375
0 0.4697265625 0.236328125 0.037109375 0.0234375
0 0.9345703125 0.2294921875 0.033203125 0.033203125
0 0.8427734375 0.228515625 0.044921875 0.03515625
0 0.607421875 0.2041015625 0.01953125 0.021484375
0 0.58203125 0.20703125 0.0234375 0.02734375
0 0.73046875 0.20703125 0.04296875 0.03125
0 0.544921875 0.2080078125 0.01953125 0.033203125
0 0.6689453125 0.1962890625 0.029296875 0.037109375
0 0.443359375 0.1875 0.03125 0.03125
0 0.3974609375 0.1845703125 0.021484375 0.041015625
0 0.6337890625 0.1796875 0.033203125 0.03515625
0 0.7548828125 0.1630859375 0.021484375 0.025390625
0 0.7109375 0.1474609375 0.01953125 0.025390625
0 0.4013671875 0.14453125 0.033203125 0.01953125
0 0.5712890625 0.1396484375 0.033203125 0.021484375
0 0.685546875 0.1396484375 0.0234375 0.029296875
0 0.513671875 0.1337890625 0.0546875 0.029296875
0 0.638671875 0.1279296875 0.01953125 0.025390625
0 0.580078125 0.10546875 0.0234375 0.02734375
0 0.4697265625 0.1142578125 0.037109375 0.048828125
0 0.6552734375 0.0966796875 0.029296875 0.021484375
0 0.40234375 0.087890625 0.03125 0.03515625
0 0.5830078125 0.076171875 0.033203125 0.0234375
0 0.5380859375 0.0673828125 0.025390625 0.025390625
0 0.98046875 0.087890625 0.0390625 0.07421875
0 0.5048828125 0.0595703125 0.025390625 0.025390625
0 0.47265625 0.0625 0.03515625 0.046875
0 0.408203125 0.046875 0.02734375 0.03125
0 0.8974609375 0.0341796875 0.123046875 0.068359375