0 0.6064453125 0.9169921875 0.017578125 0.041015625
0 0.880859375 0.8544921875 0.0390625 0.080078125
0 0.7900390625 0.7529296875 0.048828125 0.052734375
0 0.74609375 0.72265625 0.0234375 0.0234375
0 0.6611328125 0.6044921875 0.068359375 0.080078125
0 0.751953125 0.576171875 0.0859375 0.09765625
0 0.6181640625 0.521484375 0.064453125 0.0546875
0 0.6962890625 0.4853515625 0.033203125 0.041015625
0 0.9267578125 0.318359375 0.041015625 0.046875
0 0.875 0.298828125 0.01953125 0.01953125
0 0.79296875 0.314453125 0.0546875 0.05859375
0 0.0146484375 0.244140625 0.029296875 0.03125
0 0.703125 0.228515625 0.05078125 0.0625
0 0.8642578125 0.1943359375 0.041015625 0.041015625
0 0.98828125 0.18359375 0.0234375 0.03125
0 0.8349609375 0.166015625 0.017578125 0.0234375
0 0.865234375 0.13671875 0.0234375 0.0234375
0 0.478515625 0.173828125 0.234375 0.140625
0 0.2783203125 0.123046875 0.107421875 0.12109375
0 0.376953125 0.0068359375 0.02734375 0.013671875