0 0.4306640625 0.9931640625 0.021484375 0.013671875
0 0.7080078125 0.978515625 0.033203125 0.04296875
0 0.0234375 0.970703125 0.046875 0.05859375
0 0.8701171875 0.9560546875 0.080078125 0.048828125
0 0.232421875 0.9638671875 0.046875 0.068359375
0 0.3115234375 0.921875 0.029296875 0.0546875
0 0.7294921875 0.8896484375 0.048828125 0.064453125
0 0.2021484375 0.8544921875 0.037109375 0.048828125
0 0.9287109375 0.8544921875 0.044921875 0.064453125
0 0.599609375 0.806640625 0.05078125 0.03125
0 0.296875 0.7802734375 0.01953125 0.021484375
0 0.25 0.779296875 0.05078125 0.0625
0 0.7841796875 0.751953125 0.060546875 0.046875
0 0.625 0.7451171875 0.03515625 0.033203125
0 0.953125 0.7421875 0.0625 0.05078125
0 0.3095703125 0.7138671875 0.041015625 0.033203125
0 0.15625 0.6767578125 0.04296875 0.052734375
0 0.521484375 0.6318359375 0.0703125 0.033203125
0 0.9658203125 0.6162109375 0.056640625 0.037109375
0 0.41796875 0.61328125 0.0625 0.03515625
0 0.0751953125 0.615234375 0.076171875 0.0546875
0 0.2158203125 0.615234375 0.052734375 0.06640625
0 0.890625 0.5771484375 0.0390625 0.052734375
0 0.658203125 0.5302734375 0.0546875 0.033203125
0 0.87890625 0.51953125 0.02734375 0.04296875
0 0.1103515625 0.4990234375 0.060546875 0.048828125
0 0.6650390625 0.48046875 0.021484375 0.015625
0 0.501953125 0.505859375 0.0546875 0.078125
0 0.951171875 0.4658203125 0.03125 0.025390625
0 0.3330078125 0.474609375 0.052734375 0.046875
0 0.2373046875 0.4755859375 0.064453125 0.068359375
0 0.634765625 0.447265625 0.0234375 0.01953125
0 0.7353515625 0.4697265625 0.076171875 0.072265625
0 0.216796875 0.4130859375 0.046875 0.037109375
0 0.8955078125 0.40234375 0.056640625 0.03125
0 0.94921875 0.390625 0.015625 0.01953125
0 0.759765625 0.38671875 0.03125 0.0546875
0 0.53125 0.35546875 0.04296875 0.05078125
0 0.8720703125 0.3359375 0.021484375 0.03125
0 0.7001953125 0.2958984375 0.052734375 0.056640625
0 0.9423828125 0.283203125 0.041015625 0.05859375
0 0.595703125 0.2646484375 0.05078125 0.037109375
0 0.2158203125 0.2236328125 0.083984375 0.064453125
0 0.8623046875 0.1884765625 0.017578125 0.029296875
0 0.3671875 0.1962890625 0.05078125 0.044921875
0 0.546875 0.1748046875 0.046875 0.044921875
0 0.1533203125 0.1748046875 0.072265625 0.048828125
0 0.9775390625 0.1357421875 0.041015625 0.041015625
0 0.294921875 0.1416015625 0.0703125 0.052734375
0 0.095703125 0.1396484375 0.0546875 0.048828125
0 0.4697265625 0.1171875 0.068359375 0.05078125
0 0.8583984375 0.0986328125 0.025390625 0.033203125
0 0.0400390625 0.1025390625 0.056640625 0.048828125
0 0.9892578125 0.0439453125 0.013671875 0.013671875
0 0.966796875 0.0419921875 0.0234375 0.033203125
0 0.3779296875 0.0458984375 0.048828125 0.044921875
0 0.85546875 0.0302734375 0.015625 0.037109375
0 0.91796875 0.0078125 0.015625 0.015625
0 0.1826171875 0.0234375 0.044921875 0.046875
0 0.005859375 0.0068359375 0.01171875 0.013671875