0 0.04296875 0.998046875 0.0078125 0.00390625
0 0.650390625 0.9951171875 0.02734375 0.009765625
0 0.6201171875 0.9892578125 0.025390625 0.021484375
0 0.5859375 0.9873046875 0.03125 0.025390625
0 0.7060546875 0.986328125 0.037109375 0.02734375
0 0.326171875 0.9853515625 0.04296875 0.029296875
0 0.8837890625 0.9814453125 0.041015625 0.037109375
0 0.744140625 0.9541015625 0.0390625 0.037109375
0 0.7646484375 0.931640625 0.037109375 0.04296875
0 0.98046875 0.9140625 0.03515625 0.0390625
0 0.78515625 0.912109375 0.04296875 0.0390625
0 0.25390625 0.9169921875 0.1015625 0.060546875
0 0.8095703125 0.8916015625 0.037109375 0.037109375
0 0.1337890625 0.8984375 0.072265625 0.0625
0 0.4052734375 0.8740234375 0.025390625 0.021484375
0 0.8388671875 0.869140625 0.041015625 0.03515625
0 0.4462890625 0.8642578125 0.041015625 0.044921875
0 0.75390625 0.8466796875 0.015625 0.013671875
0 0.0283203125 0.861328125 0.056640625 0.05859375
0 0.376953125 0.849609375 0.0546875 0.046875
0 0.81640625 0.830078125 0.03125 0.0234375
0 0.7763671875 0.833984375 0.029296875 0.03125
0 0.73046875 0.837890625 0.0234375 0.0390625
0 0.69921875 0.837890625 0.0234375 0.0390625
0 0.87109375 0.83203125 0.03515625 0.03125
0 0.66796875 0.8349609375 0.0234375 0.037109375
0 0.6357421875 0.8330078125 0.021484375 0.033203125
0 0.509765625 0.8583984375 0.0625 0.095703125
0 0.34375 0.8193359375 0.0234375 0.041015625
0 0.30078125 0.8115234375 0.01953125 0.033203125
0 0.2548828125 0.7998046875 0.029296875 0.017578125
0 0.666015625 0.724609375 0.0234375 0.0234375
0 0.416015625 0.7255859375 0.01953125 0.025390625
0 0.591796875 0.7265625 0.01953125 0.03125
0 0.392578125 0.724609375 0.015625 0.02734375
0 0.6376953125 0.7255859375 0.017578125 0.033203125
0 0.61328125 0.724609375 0.01953125 0.03515625
0 0.568359375 0.724609375 0.01953125 0.03515625
0 0.2900390625 0.7197265625 0.041015625 0.025390625
0 0.3740234375 0.7197265625 0.017578125 0.029296875
0 0.353515625 0.7216796875 0.01953125 0.033203125
0 0.5458984375 0.72265625 0.021484375 0.0390625
0 0.4677734375 0.71875 0.017578125 0.03125
0 0.4443359375 0.71875 0.017578125 0.03125
0 0.1923828125 0.71484375 0.025390625 0.02734375
0 0.1455078125 0.7109375 0.056640625 0.02734375
0 0.2255859375 0.7138671875 0.041015625 0.041015625
0 0.9814453125 0.7021484375 0.037109375 0.033203125
0 0.359375 0.69140625 0.01953125 0.01953125
0 0.51171875 0.7109375 0.05078125 0.0625
0 0.41015625 0.69140625 0.03125 0.0234375
0 0.3134765625 0.6865234375 0.037109375 0.017578125
0 0.6064453125 0.681640625 0.017578125 0.01953125
0 0.78515625 0.6748046875 0.04296875 0.025390625
0 0.470703125 0.6767578125 0.01953125 0.033203125
0 0.4462890625 0.6767578125 0.017578125 0.033203125
0 0.5849609375 0.669921875 0.029296875 0.03125
0 0.408203125 0.6640625 0.03515625 0.01953125
0 0.220703125 0.666015625 0.03125 0.0234375
0 0.091796875 0.6796875 0.03515625 0.05078125
0 0.31640625 0.6611328125 0.01953125 0.021484375
0 0.927734375 0.65625 0.03515625 0.03125
0 0.56640625 0.6533203125 0.02734375 0.029296875
0 0.3662109375 0.6611328125 0.041015625 0.044921875
0 0.1708984375 0.65625 0.033203125 0.03515625
0 0.509765625 0.6533203125 0.03515625 0.041015625
0 0.7197265625 0.65625 0.056640625 0.05078125
0 0.291015625 0.6455078125 0.0234375 0.037109375
0 0.19921875 0.63671875 0.01953125 0.0234375
0 0.0166015625 0.6357421875 0.021484375 0.021484375
0 0.2685546875 0.63671875 0.017578125 0.03125
0 0.537109375 0.625 0.02734375 0.02734375
0 0.669921875 0.62109375 0.02734375 0.0234375
0 0.4111328125 0.615234375 0.037109375 0.0234375
0 0.9658203125 0.619140625 0.041015625 0.03515625
0 0.767578125 0.6259765625 0.05078125 0.052734375
0 0.375 0.6064453125 0.0234375 0.021484375
0 0.234375 0.6064453125 0.02734375 0.029296875
0 0.99609375 0.58984375 0.0078125 0.015625
0 0.64453125 0.59765625 0.02734375 0.03125
0 0.7255859375 0.59375 0.029296875 0.03515625
0 0.2138671875 0.591796875 0.033203125 0.0390625
0 0.859375 0.5927734375 0.02734375 0.044921875
0 0.3251953125 0.58984375 0.064453125 0.05859375
0 0.611328125 0.572265625 0.0234375 0.02734375
0 0.625 0.5556640625 0.01953125 0.017578125
0 0.6943359375 0.552734375 0.029296875 0.03125
0 0.583984375 0.5517578125 0.03125 0.029296875
0 0.2568359375 0.5517578125 0.037109375 0.037109375
0 0.837890625 0.5400390625 0.03515625 0.033203125
0 0.55078125 0.5302734375 0.03125 0.029296875
0 0.6689453125 0.52734375 0.033203125 0.03125
0 0.9208984375 0.5322265625 0.041015625 0.052734375
0 0.2783203125 0.525390625 0.037109375 0.0390625
0 0.5849609375 0.513671875 0.021484375 0.01953125
0 0.5302734375 0.5078125 0.037109375 0.03515625
0 0.6484375 0.498046875 0.02734375 0.02734375
0 0.7578125 0.4931640625 0.03125 0.037109375
0 0.96484375 0.4921875 0.046875 0.0390625
0 0.5009765625 0.4912109375 0.041015625 0.041015625
0 0.83203125 0.4765625 0.03125 0.0390625
0 0.6240234375 0.470703125 0.025390625 0.02734375
0 0.4716796875 0.4736328125 0.037109375 0.037109375
0 0.4560546875 0.4560546875 0.033203125 0.033203125
0 0.7275390625 0.4541015625 0.037109375 0.041015625
0 0.60546875 0.4482421875 0.03125 0.029296875
0 0.69921875 0.4267578125 0.0234375 0.025390625
0 0.5927734375 0.4267578125 0.044921875 0.041015625
0 0.8056640625 0.421875 0.037109375 0.03515625
0 0.501953125 0.419921875 0.03515625 0.03515625
0 0.341796875 0.4111328125 0.02734375 0.025390625
0 0.3720703125 0.4169921875 0.037109375 0.041015625
0 0.685546875 0.408203125 0.02734375 0.02734375
0 0.4482421875 0.41015625 0.033203125 0.03515625
0 0.3203125 0.3955078125 0.0234375 0.025390625
0 0.56640625 0.396484375 0.0390625 0.03515625
0 0.0673828125 0.4609375 0.134765625 0.1640625
0 0.669921875 0.3896484375 0.02734375 0.025390625
0 0.3671875 0.3876953125 0.0234375 0.025390625
0 0.302734375 0.384765625 0.02734375 0.02734375
0 0.2568359375 0.3740234375 0.025390625 0.025390625
0 0.65625 0.3701171875 0.02734375 0.025390625
0 0.43359375 0.3759765625 0.04296875 0.037109375
0 0.283203125 0.37109375 0.02734375 0.02734375
0 0.3525390625 0.3681640625 0.025390625 0.025390625
0 0.763671875 0.373046875 0.0390625 0.04296875
0 0.23828125 0.3603515625 0.02734375 0.025390625
0 0.5419921875 0.3583984375 0.048828125 0.041015625
0 0.4677734375 0.3447265625 0.025390625 0.029296875
0 0.330078125 0.3427734375 0.02734375 0.029296875
0 0.2734375 0.3388671875 0.01953125 0.021484375
0 0.416015625 0.34375 0.04296875 0.03515625
0 0.2197265625 0.33984375 0.029296875 0.02734375
0 0.19140625 0.341796875 0.02734375 0.03125
0 0.5244140625 0.3349609375 0.021484375 0.021484375
0 0.31640625 0.32421875 0.02734375 0.03125
0 0.1171875 0.3173828125 0.0234375 0.021484375
0 0.7314453125 0.3251953125 0.033203125 0.041015625
0 0.166015625 0.3173828125 0.02734375 0.025390625
0 0.0986328125 0.3046875 0.017578125 0.015625
0 0.49609375 0.298828125 0.0390625 0.03515625
0 0.3916015625 0.2919921875 0.033203125 0.033203125
0 0.294921875 0.2880859375 0.0234375 0.025390625
0 0.125 0.2822265625 0.0234375 0.021484375
0 0.6435546875 0.2880859375 0.029296875 0.037109375
0 0.3701171875 0.2802734375 0.029296875 0.029296875
0 0.21484375 0.2783203125 0.03125 0.029296875
0 0.57421875 0.2724609375 0.03515625 0.033203125
0 0.46484375 0.2724609375 0.03515625 0.041015625
0 0.357421875 0.2578125 0.02734375 0.03125
0 0.150390625 0.25 0.03515625 0.03125
0 0.052734375 0.267578125 0.06640625 0.06640625
0 0.015625 0.2578125 0.03125 0.046875
0 0.244140625 0.248046875 0.02734375 0.03125
0 0.5439453125 0.23828125 0.029296875 0.03515625
0 0.3740234375 0.23046875 0.017578125 0.01953125
0 0.3447265625 0.234375 0.033203125 0.03515625
0 0.16015625 0.228515625 0.03515625 0.03125
0 0.0869140625 0.224609375 0.033203125 0.03125
0 0.3310546875 0.21484375 0.029296875 0.0234375
0 0.0302734375 0.216796875 0.033203125 0.03125
0 0.42578125 0.203125 0.03125 0.03515625
0 0.173828125 0.197265625 0.02734375 0.0234375
0 0.521484375 0.19921875 0.03515625 0.03125
0 0.0458984375 0.1953125 0.021484375 0.0234375
0 0.3203125 0.1943359375 0.03125 0.025390625
0 0.2470703125 0.19921875 0.037109375 0.03515625
0 0.1162109375 0.1875 0.033203125 0.03125
0 0.3095703125 0.1728515625 0.025390625 0.025390625
0 0.201171875 0.177734375 0.0390625 0.0390625
0 0.1259765625 0.1669921875 0.033203125 0.029296875
0 0.625 0.1875 0.078125 0.0859375
0 0.01171875 0.1611328125 0.0234375 0.033203125
0 0.5068359375 0.16015625 0.033203125 0.04296875
0 0.306640625 0.1484375 0.0390625 0.03125
0 0.39453125 0.1533203125 0.03125 0.048828125
0 0.2216796875 0.1455078125 0.037109375 0.037109375
0 0.138671875 0.140625 0.03515625 0.03125
0 0.0595703125 0.14453125 0.072265625 0.05859375
0 0.2978515625 0.126953125 0.029296875 0.02734375
0 0.0986328125 0.1220703125 0.017578125 0.017578125
0 0.1533203125 0.1201171875 0.037109375 0.033203125
0 0.2880859375 0.1103515625 0.017578125 0.017578125
0 0.013671875 0.1123046875 0.02734375 0.029296875
0 0.1220703125 0.10546875 0.025390625 0.02734375
0 0.9375 0.08984375 0.0234375 0.02734375
0 0.1005859375 0.0869140625 0.029296875 0.033203125
0 0.54296875 0.0859375 0.02734375 0.03515625
0 0.1923828125 0.080078125 0.021484375 0.0234375
0 0.2734375 0.083984375 0.03125 0.03515625
0 0.080078125 0.0732421875 0.03125 0.033203125
0 0.0498046875 0.0673828125 0.025390625 0.029296875
0 0.30078125 0.0654296875 0.02734375 0.033203125
0 0.3583984375 0.048828125 0.037109375 0.03125
0 0.6376953125 0.00390625 0.013671875 0.0078125
0 0.5986328125 0.0087890625 0.041015625 0.017578125
0 0.4892578125 0.0283203125 0.044921875 0.056640625