0 0.5654296875 0.998046875 0.005859375 0.00390625
0 0.0126953125 0.9970703125 0.009765625 0.005859375
0 0.5224609375 0.99609375 0.013671875 0.0078125
0 0.765625 0.994140625 0.01953125 0.01171875
0 0.486328125 0.9912109375 0.03515625 0.017578125
0 0.3876953125 0.990234375 0.029296875 0.01953125
0 0.2890625 0.98828125 0.03515625 0.0234375
0 0.5908203125 0.9873046875 0.037109375 0.025390625
0 0.0546875 0.9853515625 0.04296875 0.029296875
0 0.185546875 0.984375 0.04296875 0.03125
0 0.740234375 0.982421875 0.04296875 0.03515625
0 0.513671875 0.9716796875 0.03515625 0.033203125
0 0.61328125 0.9716796875 0.03515625 0.037109375
0 0.3095703125 0.970703125 0.037109375 0.03515625
0 0.205078125 0.9716796875 0.03515625 0.037109375
0 0.58203125 0.9609375 0.0234375 0.0234375
0 0.3681640625 0.9580078125 0.021484375 0.021484375
0 0.7216796875 0.9599609375 0.041015625 0.037109375
0 0.4140625 0.9609375 0.04296875 0.0390625
0 0.6298828125 0.9541015625 0.037109375 0.037109375
0 0.2236328125 0.953125 0.037109375 0.03515625
0 0.3310546875 0.9501953125 0.037109375 0.033203125
0 0.169921875 0.9453125 0.0234375 0.0234375
0 0.537109375 0.951171875 0.0390625 0.0390625
0 0.0029296875 0.935546875 0.005859375 0.0078125
0 0.7041015625 0.9365234375 0.041015625 0.037109375
0 0.4501953125 0.9326171875 0.033203125 0.029296875
0 0.5615234375 0.9296875 0.041015625 0.04296875
0 0.353515625 0.92578125 0.03515625 0.03515625
0 0.2470703125 0.9267578125 0.041015625 0.041015625
0 0.12109375 0.9326171875 0.05078125 0.052734375
0 0.4072265625 0.9130859375 0.021484375 0.021484375
0 0.685546875 0.912109375 0.04296875 0.0390625
0 0.373046875 0.904296875 0.03515625 0.03515625
0 0.0205078125 0.90625 0.041015625 0.04296875
0 0.5869140625 0.9033203125 0.041015625 0.041015625
0 0.453125 0.9013671875 0.06640625 0.041015625
0 0.26171875 0.900390625 0.046875 0.0546875
0 0.1455078125 0.8876953125 0.044921875 0.041015625
0 0.392578125 0.8828125 0.03515625 0.03515625
0 0.482421875 0.880859375 0.0546875 0.03515625
0 0.2880859375 0.8818359375 0.037109375 0.037109375
0 0.0068359375 0.869140625 0.013671875 0.01953125
0 0.1640625 0.865234375 0.03515625 0.03125
0 0.662109375 0.876953125 0.0625 0.05859375
0 0.3134765625 0.861328125 0.033203125 0.03125
0 0.0517578125 0.86328125 0.037109375 0.0390625
0 0.51171875 0.8603515625 0.04296875 0.037109375
0 0.416015625 0.859375 0.0390625 0.03515625
0 0.22265625 0.853515625 0.0234375 0.0234375
0 0.0107421875 0.84765625 0.021484375 0.0234375
0 0.470703125 0.841796875 0.01953125 0.01953125
0 0.5322265625 0.8427734375 0.037109375 0.037109375
0 0.6298828125 0.837890625 0.037109375 0.03515625
0 0.3291015625 0.8388671875 0.041015625 0.041015625
0 0.439453125 0.8349609375 0.03515625 0.037109375
0 0.1767578125 0.833984375 0.033203125 0.03515625
0 0.2548828125 0.8203125 0.025390625 0.0234375
0 0.5 0.8212890625 0.03515625 0.033203125
0 0.3544921875 0.8173828125 0.037109375 0.041015625
0 0.2060546875 0.8173828125 0.041015625 0.041015625
0 0.458984375 0.8115234375 0.03515625 0.033203125
0 0.3203125 0.8046875 0.01953125 0.01953125
0 0.666015625 0.80859375 0.0390625 0.03515625
0 0.2880859375 0.7939453125 0.021484375 0.021484375
0 0.57421875 0.7939453125 0.03515625 0.033203125
0 0.224609375 0.7958984375 0.04296875 0.041015625
0 0.478515625 0.7900390625 0.03515625 0.033203125
0 0.6904296875 0.7783203125 0.033203125 0.033203125
0 0.54296875 0.765625 0.01953125 0.01953125
0 0.2548828125 0.7724609375 0.037109375 0.033203125
0 0.5966796875 0.76953125 0.037109375 0.03515625
0 0.373046875 0.7802734375 0.08203125 0.064453125
0 0.716796875 0.75 0.03515625 0.03515625
0 0.6171875 0.7470703125 0.03515625 0.037109375
0 0.4169921875 0.7490234375 0.041015625 0.041015625
0 0.384765625 0.7353515625 0.01953125 0.017578125
0 0.5234375 0.744140625 0.03515625 0.0390625
0 0.291015625 0.7353515625 0.0390625 0.041015625
0 0.4375 0.7265625 0.0390625 0.0390625
0 0.744140625 0.72265625 0.03515625 0.03515625
0 0.5458984375 0.72265625 0.041015625 0.0390625
0 0.3076171875 0.7158203125 0.037109375 0.037109375
0 0.0830078125 0.7451171875 0.111328125 0.119140625
0 0.45703125 0.7021484375 0.03515625 0.037109375
0 0.56640625 0.69921875 0.0390625 0.03515625
0 0.7734375 0.697265625 0.0390625 0.0390625
0 0.33203125 0.6904296875 0.0390625 0.037109375
0 0.4775390625 0.681640625 0.037109375 0.0390625
0 0.673828125 0.681640625 0.04296875 0.04296875
0 0.609375 0.7001953125 0.08984375 0.083984375
0 0.794921875 0.6708984375 0.0390625 0.041015625
0 0.6396484375 0.66015625 0.017578125 0.01953125
0 0.3515625 0.66796875 0.0390625 0.0390625
0 0.0078125 0.6591796875 0.015625 0.029296875
0 0.5 0.662109375 0.0390625 0.0390625
0 0.69921875 0.65625 0.0390625 0.0390625
0 0.6337890625 0.6787109375 0.087890625 0.083984375
0 0.44140625 0.646484375 0.0234375 0.0234375
0 0.66015625 0.6396484375 0.01953125 0.017578125
0 0.8173828125 0.6484375 0.041015625 0.04296875
0 0.376953125 0.6416015625 0.0390625 0.037109375
0 0.7177734375 0.634765625 0.037109375 0.0390625
0 0.5087890625 0.6357421875 0.060546875 0.041015625
0 0.6279296875 0.630859375 0.037109375 0.03515625
0 0.017578125 0.6328125 0.03515625 0.0390625
0 0.8369140625 0.626953125 0.041015625 0.0390625
0 0.4404296875 0.6162109375 0.021484375 0.021484375
0 0.7373046875 0.615234375 0.041015625 0.0390625
0 0.5390625 0.6142578125 0.0390625 0.037109375
0 0.6484375 0.609375 0.0390625 0.03515625
0 0.4013671875 0.6103515625 0.044921875 0.037109375
0 0.55859375 0.59375 0.0390625 0.0390625
0 0.66796875 0.5888671875 0.0390625 0.037109375
0 0.056640625 0.5830078125 0.03515625 0.037109375
0 0.7880859375 0.58203125 0.037109375 0.0390625
0 0.431640625 0.580078125 0.04296875 0.04296875
0 0.98046875 0.5927734375 0.0390625 0.083984375
0 0.6865234375 0.5693359375 0.037109375 0.037109375
0 0.5703125 0.5703125 0.05859375 0.0390625
0 0.7666015625 0.568359375 0.037109375 0.0390625
0 0.337890625 0.5673828125 0.0390625 0.037109375
0 0.080078125 0.55859375 0.0390625 0.03515625
0 0.4931640625 0.5537109375 0.029296875 0.029296875
0 0.7451171875 0.5556640625 0.037109375 0.037109375
0 0.4521484375 0.548828125 0.033203125 0.03515625
0 0.6005859375 0.548828125 0.041015625 0.0390625
0 0.3564453125 0.546875 0.037109375 0.03515625
0 0.921875 0.5537109375 0.03515625 0.052734375
0 0.013671875 0.541015625 0.02734375 0.03515625
0 0.7265625 0.5400390625 0.03515625 0.037109375
0 0.5205078125 0.5283203125 0.017578125 0.017578125
0 0.96875 0.53125 0.02734375 0.02734375
0 0.1015625 0.53515625 0.0390625 0.03515625
0 0.3251953125 0.5244140625 0.025390625 0.021484375
0 0.88671875 0.5361328125 0.05078125 0.048828125
0 0.3740234375 0.52734375 0.037109375 0.03515625
0 0.705078125 0.525390625 0.03515625 0.03515625
0 0.611328125 0.5244140625 0.0625 0.041015625
0 0.482421875 0.521484375 0.0390625 0.03515625
0 0.837890625 0.513671875 0.03515625 0.03125
0 0.033203125 0.5146484375 0.03515625 0.037109375
0 0.1259765625 0.5107421875 0.037109375 0.037109375
0 0.2763671875 0.4990234375 0.017578125 0.017578125
0 0.638671875 0.5078125 0.0390625 0.0390625
0 0.3916015625 0.505859375 0.037109375 0.0390625
0 0.349609375 0.49609375 0.01953125 0.01953125
0 0.0859375 0.4970703125 0.01953125 0.021484375
0 0.5 0.4990234375 0.0390625 0.037109375
0 0.984375 0.4970703125 0.03125 0.037109375
0 0.2421875 0.494140625 0.0390625 0.0390625
0 0.0537109375 0.4912109375 0.037109375 0.037109375
0 0.146484375 0.4873046875 0.03515625 0.037109375
0 0.2978515625 0.4755859375 0.017578125 0.017578125
0 0.4140625 0.482421875 0.0390625 0.0390625
0 0.1103515625 0.4716796875 0.017578125 0.017578125
0 0.8564453125 0.4775390625 0.029296875 0.033203125
0 0.3671875 0.470703125 0.01953125 0.01953125
0 0.9931640625 0.4658203125 0.013671875 0.025390625
0 0.6552734375 0.478515625 0.064453125 0.05078125
0 0.2626953125 0.470703125 0.037109375 0.03515625
0 0.78125 0.466796875 0.03125 0.0390625
0 0.0771484375 0.46484375 0.037109375 0.03515625
0 0.3896484375 0.4521484375 0.017578125 0.017578125
0 0.1708984375 0.4609375 0.037109375 0.03515625
0 0.43359375 0.4599609375 0.0390625 0.037109375
0 0.318359375 0.4521484375 0.01953125 0.021484375
0 0.130859375 0.4462890625 0.01953125 0.017578125
0 0.9462890625 0.4609375 0.048828125 0.05078125
0 0.7578125 0.451171875 0.03515625 0.0390625
0 0.28515625 0.447265625 0.03515625 0.03515625
0 0.0107421875 0.4462890625 0.021484375 0.033203125
0 0.8779296875 0.4443359375 0.029296875 0.033203125
0 0.40234375 0.4375 0.01953125 0.01953125
0 0.4501953125 0.4423828125 0.037109375 0.037109375
0 0.0986328125 0.44140625 0.037109375 0.03515625
0 0.3408203125 0.4287109375 0.021484375 0.017578125
0 0.1943359375 0.4384765625 0.037109375 0.037109375
0 0.734375 0.4375 0.03515625 0.0390625
0 0.5673828125 0.45703125 0.103515625 0.08984375
0 0.98828125 0.41796875 0.0234375 0.02734375
0 0.8115234375 0.423828125 0.037109375 0.0390625
0 0.3056640625 0.4228515625 0.037109375 0.037109375
0 0.7109375 0.4228515625 0.03515625 0.041015625
0 0.4677734375 0.4189453125 0.037109375 0.037109375
0 0.9033203125 0.419921875 0.033203125 0.04296875
0 0.4287109375 0.4091796875 0.021484375 0.021484375
0 0.2158203125 0.4150390625 0.037109375 0.037109375
0 0.1220703125 0.416015625 0.037109375 0.0390625
0 0.0224609375 0.41796875 0.044921875 0.04296875
0 0.689453125 0.4091796875 0.03515625 0.041015625
0 0.8359375 0.3974609375 0.03125 0.029296875
0 0.3271484375 0.400390625 0.037109375 0.03515625
0 0.9609375 0.3916015625 0.03515625 0.029296875
0 0.044921875 0.39453125 0.0390625 0.0390625
0 0.6640625 0.3935546875 0.0390625 0.041015625
0 0.4794921875 0.388671875 0.033203125 0.03125
0 0.1435546875 0.3916015625 0.037109375 0.037109375
0 0.23828125 0.3876953125 0.03515625 0.033203125
0 0.6396484375 0.37890625 0.033203125 0.0390625
0 0.935546875 0.373046875 0.03125 0.03125
0 0.3642578125 0.3818359375 0.052734375 0.052734375
0 0.79296875 0.37109375 0.03125 0.04296875
0 0.16796875 0.3681640625 0.0390625 0.037109375
0 0.4560546875 0.365234375 0.033203125 0.03515625
0 0.259765625 0.3642578125 0.03515625 0.033203125
0 0.6162109375 0.3642578125 0.037109375 0.041015625
0 0.0107421875 0.3564453125 0.021484375 0.033203125
0 0.7666015625 0.353515625 0.037109375 0.03515625
0 0.998046875 0.3369140625 0.00390625 0.009765625
0 0.8671875 0.3466796875 0.03515625 0.033203125
0 0.591796875 0.3486328125 0.03515625 0.041015625
0 0.4287109375 0.34765625 0.037109375 0.0390625
0 0.1904296875 0.3525390625 0.037109375 0.056640625
0 0.0888671875 0.3447265625 0.041015625 0.041015625
0 0.83984375 0.33203125 0.01953125 0.01953125
0 0.7451171875 0.337890625 0.037109375 0.0390625
0 0.048828125 0.3486328125 0.08203125 0.080078125
0 0.8818359375 0.322265625 0.037109375 0.03515625
0 0.8564453125 0.3115234375 0.017578125 0.017578125
0 0.541015625 0.3203125 0.03125 0.0390625
0 0.2900390625 0.326171875 0.048828125 0.05078125
0 0.984375 0.3095703125 0.02734375 0.025390625
0 0.8291015625 0.310546875 0.033203125 0.03515625
0 0.3984375 0.3232421875 0.046875 0.060546875
0 0.71484375 0.314453125 0.05078125 0.05078125
0 0.046875 0.3037109375 0.0390625 0.037109375
0 0.5185546875 0.3037109375 0.033203125 0.041015625
0 0.9033203125 0.2958984375 0.041015625 0.029296875
0 0.8056640625 0.2958984375 0.033203125 0.037109375
0 0.2275390625 0.30859375 0.064453125 0.0625
0 0.103515625 0.28125 0.01953125 0.015625
0 0.326171875 0.2890625 0.05078125 0.046875
0 0.7841796875 0.28125 0.033203125 0.03515625
0 0.119140625 0.3056640625 0.0625 0.083984375
0 0.646484375 0.2890625 0.09375 0.0546875
0 0.92578125 0.275390625 0.03515625 0.03125
0 0.8828125 0.26953125 0.01953125 0.01953125
0 0.0712890625 0.287109375 0.041015625 0.0546875
0 0.0068359375 0.2607421875 0.013671875 0.029296875
0 0.1552734375 0.267578125 0.037109375 0.0546875
0 0.0947265625 0.25390625 0.037109375 0.03515625
0 0.751953125 0.2587890625 0.0546875 0.048828125
0 0.2734375 0.2529296875 0.0390625 0.041015625
0 0.177734375 0.251953125 0.0390625 0.0390625
0 0.9443359375 0.240234375 0.029296875 0.03515625
0 0.71484375 0.23046875 0.02734375 0.03125
0 0.1650390625 0.22265625 0.021484375 0.015625
0 0.4541015625 0.236328125 0.056640625 0.046875
0 0.1171875 0.2294921875 0.03515625 0.033203125
0 0.01953125 0.2275390625 0.0390625 0.037109375
0 0.69140625 0.2177734375 0.02734375 0.029296875
0 0.2216796875 0.2177734375 0.037109375 0.037109375
0 0.3916015625 0.212890625 0.037109375 0.04296875
0 0.912109375 0.2021484375 0.03125 0.025390625
0 0.6689453125 0.2060546875 0.029296875 0.033203125
0 0.5166015625 0.212890625 0.048828125 0.046875
0 0.1279296875 0.203125 0.025390625 0.02734375
0 0.041015625 0.205078125 0.0390625 0.03515625
0 0.19921875 0.205078125 0.0390625 0.0390625
0 0.990234375 0.1953125 0.01953125 0.0234375
0 0.5751953125 0.2080078125 0.048828125 0.048828125
0 0.1787109375 0.1884765625 0.037109375 0.037109375
0 0.8740234375 0.185546875 0.033203125 0.03515625
0 0.484375 0.185546875 0.05078125 0.05078125
0 0.0849609375 0.169921875 0.017578125 0.01953125
0 0.0625 0.1796875 0.0390625 0.0390625
0 0.80078125 0.1806640625 0.0390625 0.044921875
0 0.16015625 0.1708984375 0.03125 0.029296875
0 0.9736328125 0.16796875 0.033203125 0.02734375
0 0.0078125 0.17578125 0.015625 0.046875
0 0.8486328125 0.1494140625 0.037109375 0.037109375
0 0.2978515625 0.15625 0.044921875 0.05859375
0 0.1064453125 0.142578125 0.033203125 0.0390625
0 0.908203125 0.1328125 0.03125 0.02734375
0 0.623046875 0.1435546875 0.05078125 0.052734375
0 0.02734375 0.13671875 0.0546875 0.0390625
0 0.568359375 0.1396484375 0.05078125 0.048828125
0 0.8037109375 0.1240234375 0.029296875 0.029296875
0 0.08203125 0.126953125 0.03515625 0.0390625
0 0.0595703125 0.1142578125 0.033203125 0.033203125
0 0.275390625 0.115234375 0.046875 0.0390625
0 0.5283203125 0.1181640625 0.048828125 0.048828125
0 0.77734375 0.109375 0.03125 0.03515625
0 0.9755859375 0.1083984375 0.037109375 0.037109375
0 0.888671875 0.107421875 0.03515625 0.03515625
0 0.2060546875 0.109375 0.037109375 0.0390625
0 0.6142578125 0.095703125 0.025390625 0.02734375
0 0.0400390625 0.09765625 0.033203125 0.0390625
0 0.7529296875 0.0908203125 0.033203125 0.033203125
0 0.14453125 0.076171875 0.0234375 0.0234375
0 0.91796875 0.076171875 0.02734375 0.02734375
0 0.853515625 0.0751953125 0.03125 0.029296875
0 0.00390625 0.0595703125 0.0078125 0.009765625
0 0.73046875 0.07421875 0.02734375 0.046875
0 0.556640625 0.0537109375 0.02734375 0.029296875
0 0.8671875 0.044921875 0.03125 0.03125
0 0.1455078125 0.04296875 0.033203125 0.0390625
0 0.7900390625 0.03125 0.025390625 0.02734375
0 0.5810546875 0.0263671875 0.033203125 0.029296875
0 0.6552734375 0.0439453125 0.060546875 0.068359375
0 0.9853515625 0.013671875 0.029296875 0.02734375
0 0.888671875 0.017578125 0.02734375 0.03515625
0 0.8056640625 0.009765625 0.033203125 0.01953125
0 0.6279296875 0.021484375 0.025390625 0.04296875
0 0.599609375 0.0078125 0.02734375 0.015625
0 0.19140625 0.017578125 0.03125 0.03515625
0 0.095703125 0.021484375 0.05078125 0.04296875