0 0.7314453125 0.998046875 0.005859375 0.00390625
0 0.267578125 0.998046875 0.0078125 0.00390625
0 0.8525390625 0.9970703125 0.009765625 0.005859375
0 0.61328125 0.9970703125 0.0078125 0.005859375
0 0.5302734375 0.9970703125 0.009765625 0.005859375
0 0.0146484375 0.9951171875 0.017578125 0.009765625
0 0.0634765625 0.9931640625 0.029296875 0.013671875
0 0.353515625 0.9921875 0.02734375 0.015625
0 0.951171875 0.9912109375 0.0234375 0.017578125
0 0.7060546875 0.990234375 0.033203125 0.01953125
0 0.48046875 0.990234375 0.02734375 0.01953125
0 0.8251953125 0.9873046875 0.037109375 0.025390625
0 0.5830078125 0.9873046875 0.037109375 0.025390625
0 0.30859375 0.9873046875 0.046875 0.025390625
0 0.244140625 0.9873046875 0.03125 0.025390625
0 0.505859375 0.9814453125 0.0234375 0.021484375
0 0.923828125 0.9794921875 0.03125 0.029296875
0 0.462890625 0.98046875 0.03125 0.03125
0 0.373046875 0.9794921875 0.03515625 0.033203125
0 0.720703125 0.966796875 0.01953125 0.01953125
0 0.80078125 0.97265625 0.03515625 0.03515625
0 0.6767578125 0.974609375 0.041015625 0.0390625
0 0.900390625 0.962890625 0.0234375 0.0234375
0 0.5556640625 0.96875 0.041015625 0.04296875
0 0.220703125 0.9609375 0.02734375 0.03125
0 0.390625 0.9599609375 0.03515625 0.033203125
0 0.7822265625 0.9541015625 0.029296875 0.029296875
0 0.693359375 0.9482421875 0.01953125 0.017578125
0 0.6533203125 0.955078125 0.041015625 0.0390625
0 0.322265625 0.9482421875 0.02734375 0.025390625
0 0.357421875 0.943359375 0.01953125 0.01953125
0 0.5322265625 0.9501953125 0.037109375 0.037109375
0 0.8779296875 0.94140625 0.025390625 0.02734375
0 0.9873046875 0.943359375 0.025390625 0.03515625
0 0.4072265625 0.9404296875 0.037109375 0.033203125
0 0.7626953125 0.9345703125 0.029296875 0.025390625
0 0.677734375 0.931640625 0.01953125 0.01953125
0 0.0595703125 0.9365234375 0.033203125 0.029296875
0 0.2822265625 0.9345703125 0.029296875 0.029296875
0 0.2314453125 0.9306640625 0.029296875 0.033203125
0 0.6259765625 0.931640625 0.037109375 0.0390625
0 0.9658203125 0.9228515625 0.033203125 0.037109375
0 0.5048828125 0.92578125 0.037109375 0.04296875
0 0.3447265625 0.9189453125 0.029296875 0.029296875
0 0.7431640625 0.916015625 0.029296875 0.03125
0 0.603515625 0.9169921875 0.03515625 0.033203125
0 0.03515625 0.919921875 0.03515625 0.0390625
0 0.8525390625 0.9150390625 0.033203125 0.037109375
0 0.2490234375 0.9072265625 0.029296875 0.025390625
0 0.4365234375 0.9072265625 0.033203125 0.033203125
0 0.72265625 0.8974609375 0.02734375 0.025390625
0 0.9404296875 0.9013671875 0.033203125 0.037109375
0 0.6767578125 0.890625 0.017578125 0.01953125
0 0.015625 0.9013671875 0.03125 0.041015625
0 0.58203125 0.89453125 0.0390625 0.0390625
0 0.83203125 0.892578125 0.04296875 0.0390625
0 0.8876953125 0.880859375 0.021484375 0.01953125
0 0.3291015625 0.8828125 0.029296875 0.02734375
0 0.9970703125 0.87109375 0.005859375 0.0078125
0 0.7021484375 0.8828125 0.029296875 0.03125
0 0.91796875 0.8935546875 0.0390625 0.056640625
0 0.462890625 0.880859375 0.03515625 0.03125
0 0.80078125 0.876953125 0.02734375 0.02734375
0 0.5546875 0.8720703125 0.03515625 0.037109375
0 0.681640625 0.86328125 0.02734375 0.02734375
0 0.439453125 0.8642578125 0.02734375 0.029296875
0 0.900390625 0.859375 0.0234375 0.0234375
0 0.294921875 0.857421875 0.02734375 0.02734375
0 0.9853515625 0.849609375 0.025390625 0.02734375
0 0.78125 0.853515625 0.03125 0.03515625
0 0.6552734375 0.8447265625 0.029296875 0.029296875
0 0.578125 0.8486328125 0.04296875 0.041015625
0 0.40625 0.8505859375 0.05859375 0.048828125
0 0.5888671875 0.83203125 0.021484375 0.01953125
0 0.8740234375 0.849609375 0.037109375 0.05859375
0 0.96875 0.8310546875 0.02734375 0.029296875
0 0.7529296875 0.8330078125 0.033203125 0.033203125
0 0.498046875 0.83203125 0.04296875 0.04296875
0 0.3837890625 0.8271484375 0.037109375 0.041015625
0 0.2197265625 0.830078125 0.037109375 0.046875
0 0.8544921875 0.82421875 0.033203125 0.0390625
0 0.6279296875 0.82421875 0.033203125 0.0390625
0 0.0244140625 0.814453125 0.021484375 0.01953125
0 0.7353515625 0.818359375 0.033203125 0.03515625
0 0.0615234375 0.814453125 0.021484375 0.03125
0 0.9443359375 0.806640625 0.029296875 0.03125
0 0.6083984375 0.806640625 0.033203125 0.03515625
0 0.33984375 0.8056640625 0.0390625 0.033203125
0 0.03515625 0.79296875 0.01953125 0.015625
0 0.5224609375 0.802734375 0.041015625 0.0390625
0 0.2490234375 0.796875 0.041015625 0.03515625
0 0.45703125 0.791015625 0.02734375 0.02734375
0 0.3798828125 0.7880859375 0.037109375 0.033203125
0 0.26953125 0.7822265625 0.03125 0.021484375
0 0.203125 0.779296875 0.01953125 0.015625
0 0.42578125 0.7822265625 0.02734375 0.025390625
0 0.7626953125 0.7763671875 0.021484375 0.025390625
0 0.548828125 0.779296875 0.06640625 0.03515625
0 0.6728515625 0.7744140625 0.025390625 0.029296875
0 0.7333984375 0.7734375 0.021484375 0.03125
0 0.7890625 0.7724609375 0.01953125 0.033203125
0 0.8544921875 0.771484375 0.017578125 0.03515625
0 0.8193359375 0.7705078125 0.021484375 0.033203125
0 0.9072265625 0.771484375 0.021484375 0.0390625
0 0.9951171875 0.7685546875 0.009765625 0.041015625
0 0.9697265625 0.7646484375 0.021484375 0.033203125
0 0.9404296875 0.76171875 0.017578125 0.02734375
0 0.01171875 0.7255859375 0.0234375 0.037109375
0 0.3154296875 0.70703125 0.083984375 0.04296875
0 0.0400390625 0.6875 0.029296875 0.0234375
0 0.98046875 0.6875 0.01953125 0.03125
0 0.8876953125 0.6865234375 0.021484375 0.029296875
0 0.8603515625 0.6875 0.021484375 0.03125
0 0.515625 0.6953125 0.05859375 0.046875
0 0.833984375 0.6865234375 0.0234375 0.033203125
0 0.705078125 0.6884765625 0.01953125 0.037109375
0 0.9521484375 0.68359375 0.021484375 0.03125
0 0.921875 0.6826171875 0.0234375 0.037109375
0 0.736328125 0.6865234375 0.0234375 0.044921875
0 0.796875 0.6845703125 0.0234375 0.044921875
0 0.767578125 0.685546875 0.0234375 0.046875
0 0.2275390625 0.69140625 0.080078125 0.08203125
0 0.6279296875 0.6767578125 0.126953125 0.076171875
0 0.5126953125 0.6474609375 0.056640625 0.017578125
0 0.943359375 0.6396484375 0.015625 0.013671875
0 0.8818359375 0.640625 0.017578125 0.01953125
0 0.49609375 0.6103515625 0.03125 0.013671875
0 0.2197265625 0.58984375 0.033203125 0.02734375
0 0.3134765625 0.583984375 0.025390625 0.0234375
0 0.27734375 0.583984375 0.02734375 0.02734375
0 0.7607421875 0.57421875 0.013671875 0.015625
0 0.9228515625 0.5712890625 0.017578125 0.017578125
0 0.892578125 0.5712890625 0.015625 0.017578125
0 0.037109375 0.58203125 0.07421875 0.0546875
0 0.3525390625 0.5703125 0.029296875 0.0390625
0 0.55078125 0.5576171875 0.0234375 0.021484375
0 0.724609375 0.5625 0.03515625 0.03515625
0 0.24609375 0.5576171875 0.03125 0.025390625
0 0.625 0.5546875 0.0234375 0.0234375
0 0.5849609375 0.55078125 0.025390625 0.01953125
0 0.3759765625 0.5400390625 0.017578125 0.017578125
0 0.771484375 0.5439453125 0.0234375 0.029296875
0 0.658203125 0.5439453125 0.03515625 0.029296875
0 0.80078125 0.5380859375 0.0234375 0.029296875
0 0.8291015625 0.537109375 0.021484375 0.03125
0 0.5078125 0.5341796875 0.03515625 0.029296875
0 0.857421875 0.5341796875 0.01953125 0.033203125
0 0.396484375 0.529296875 0.0234375 0.0234375
0 0.3095703125 0.53125 0.025390625 0.02734375
0 0.220703125 0.53125 0.02734375 0.02734375
0 0.88671875 0.5322265625 0.01953125 0.033203125
0 0.94921875 0.52734375 0.0234375 0.02734375
0 0.919921875 0.5244140625 0.02734375 0.021484375
0 0.6796875 0.52734375 0.03125 0.02734375
0 0.9794921875 0.5263671875 0.021484375 0.029296875
0 0.27734375 0.5283203125 0.03125 0.033203125
0 0.48046875 0.521484375 0.04296875 0.03515625
0 0.6962890625 0.5078125 0.029296875 0.02734375
0 0.6025390625 0.5029296875 0.029296875 0.033203125
0 0.5107421875 0.4931640625 0.017578125 0.017578125
0 0.462890625 0.4990234375 0.0390625 0.037109375
0 0.3740234375 0.4951171875 0.033203125 0.029296875
0 0.498046875 0.4814453125 0.01953125 0.017578125
0 0.71484375 0.4775390625 0.03515625 0.033203125
0 0.2412109375 0.4775390625 0.037109375 0.033203125
0 0.580078125 0.470703125 0.02734375 0.02734375
0 0.685546875 0.4638671875 0.01953125 0.017578125
0 0.64453125 0.466796875 0.02734375 0.03125
0 0.8818359375 0.4619140625 0.021484375 0.025390625
0 0.984375 0.4580078125 0.015625 0.021484375
0 0.953125 0.458984375 0.015625 0.0234375
0 0.45703125 0.45703125 0.02734375 0.0234375
0 0.8154296875 0.46484375 0.048828125 0.04296875
0 0.908203125 0.4560546875 0.0234375 0.029296875
0 0.736328125 0.453125 0.03515625 0.03125
0 0.275390625 0.4560546875 0.05859375 0.044921875
0 0.5595703125 0.4443359375 0.033203125 0.029296875
0 0.3134765625 0.443359375 0.033203125 0.03515625
0 0.75390625 0.435546875 0.0234375 0.0234375
0 0.8369140625 0.4326171875 0.029296875 0.025390625
0 0.6220703125 0.435546875 0.025390625 0.03125
0 0.3388671875 0.4287109375 0.033203125 0.037109375
0 0.5390625 0.4150390625 0.02734375 0.029296875
0 0.865234375 0.408203125 0.03515625 0.03515625
0 0.7705078125 0.41015625 0.037109375 0.0390625
0 0.60546875 0.404296875 0.03125 0.03515625
0 0.525390625 0.390625 0.02734375 0.02734375
0 0.796875 0.3857421875 0.03125 0.029296875
0 0.8876953125 0.3818359375 0.037109375 0.033203125
0 0.767578125 0.3740234375 0.01953125 0.021484375
0 0.982421875 0.3759765625 0.0234375 0.037109375
0 0.580078125 0.3720703125 0.03515625 0.033203125
0 0.9521484375 0.36328125 0.029296875 0.0234375
0 0.916015625 0.361328125 0.0390625 0.03125
0 0.4931640625 0.35546875 0.041015625 0.03515625
0 0.8359375 0.341796875 0.03125 0.02734375
0 0.7978515625 0.3330078125 0.025390625 0.029296875
0 0.7734375 0.326171875 0.02734375 0.02734375
0 0.552734375 0.328125 0.03125 0.03125
0 0.740234375 0.326171875 0.03515625 0.0390625
0 0.708984375 0.3203125 0.03125 0.0390625
0 0.640625 0.3115234375 0.0234375 0.021484375
0 0.6708984375 0.310546875 0.025390625 0.02734375
0 0.5966796875 0.3037109375 0.029296875 0.021484375
0 0.986328125 0.29296875 0.02734375 0.03515625
0 0.896484375 0.279296875 0.03125 0.0234375
0 0.96484375 0.2802734375 0.03515625 0.033203125
0 0.861328125 0.2744140625 0.02734375 0.025390625
0 0.3076171875 0.296875 0.083984375 0.0859375
0 0.826171875 0.2607421875 0.03125 0.037109375
0 0.9951171875 0.2421875 0.009765625 0.01953125
0 0.7998046875 0.2490234375 0.029296875 0.041015625
0 0.845703125 0.2275390625 0.01953125 0.017578125
0 0.962890625 0.216796875 0.0234375 0.0234375
0 0.9140625 0.21484375 0.03515625 0.03125
0 0.2919921875 0.2041015625 0.041015625 0.041015625
0 0.935546875 0.1962890625 0.03125 0.029296875
0 0.4775390625 0.2158203125 0.060546875 0.080078125
0 0.33984375 0.193359375 0.03125 0.03515625
0 0.63671875 0.18359375 0.01953125 0.0234375
0 0.5693359375 0.1943359375 0.025390625 0.044921875
0 0.732421875 0.1708984375 0.0234375 0.037109375
0 0.396484375 0.1689453125 0.04296875 0.041015625
0 0.7548828125 0.1640625 0.029296875 0.0390625
0 0.9833984375 0.1552734375 0.033203125 0.033203125
0 0.7900390625 0.1552734375 0.025390625 0.037109375
0 0.4609375 0.1396484375 0.02734375 0.033203125
0 0.541015625 0.1328125 0.03125 0.02734375
0 0.37109375 0.1357421875 0.03125 0.033203125
0 0.9931640625 0.126953125 0.013671875 0.0234375
0 0.8466796875 0.1318359375 0.029296875 0.037109375
0 0.5634765625 0.115234375 0.017578125 0.015625
0 0.8984375 0.1103515625 0.0234375 0.025390625
0 0.439453125 0.111328125 0.03125 0.03125
0 0.3740234375 0.1005859375 0.021484375 0.021484375
0 0.5302734375 0.1005859375 0.029296875 0.029296875
0 0.8759765625 0.083984375 0.017578125 0.01953125
0 0.33984375 0.0908203125 0.03515625 0.041015625
0 0.580078125 0.0751953125 0.03515625 0.025390625
0 0.412109375 0.076171875 0.03125 0.03125
0 0.9296875 0.0751953125 0.0390625 0.037109375
0 0.6240234375 0.0693359375 0.029296875 0.025390625
0 0.8330078125 0.0693359375 0.037109375 0.037109375
0 0.0595703125 0.2216796875 0.119140625 0.349609375
0 0.494140625 0.0478515625 0.0234375 0.021484375
0 0.3154296875 0.0576171875 0.041015625 0.041015625
0 0.1494140625 0.0537109375 0.017578125 0.033203125
0 0.958984375 0.0517578125 0.03515625 0.033203125
0 0.8193359375 0.0439453125 0.021484375 0.021484375
0 0.376953125 0.0478515625 0.03125 0.033203125
0 0.6572265625 0.037109375 0.033203125 0.02734375
0 0.974609375 0.0341796875 0.03515625 0.033203125
0 0.787109375 0.02734375 0.03125 0.03125
0 0.30078125 0.0205078125 0.01953125 0.017578125
0 0.544921875 0.0166015625 0.03515625 0.025390625
0 0.0361328125 0.0107421875 0.017578125 0.017578125
0 0.9873046875 0.0146484375 0.025390625 0.029296875
0 0.884765625 0.001953125 0.00390625 0.00390625
0 0.86328125 0.01171875 0.02734375 0.0234375
0 0.76953125 0.009765625 0.02734375 0.01953125
0 0.7392578125 0.0029296875 0.009765625 0.005859375
0 0.634765625 0.001953125 0.00390625 0.00390625
0 0.578125 0.0068359375 0.02734375 0.013671875
0 0.453125 0.0126953125 0.03515625 0.025390625
0 0.3564453125 0.015625 0.029296875 0.03125
0 0.3330078125 0.0029296875 0.009765625 0.005859375
0 0.1142578125 0.01171875 0.041015625 0.0234375
0 0.0107421875 0.0126953125 0.021484375 0.025390625