0 0.33203125 0.998046875 0.0078125 0.00390625
0 0.859375 0.9970703125 0.0078125 0.005859375
0 0.9541015625 0.99609375 0.013671875 0.0078125
0 0.689453125 0.9912109375 0.0390625 0.017578125
0 0.5322265625 0.98828125 0.029296875 0.0234375
0 0.833984375 0.9853515625 0.03515625 0.029296875
0 0.2978515625 0.9853515625 0.033203125 0.029296875
0 0.4169921875 0.984375 0.033203125 0.03125
0 0.9189453125 0.9794921875 0.037109375 0.033203125
0 0.634765625 0.962890625 0.03125 0.03125
0 0.798828125 0.9599609375 0.03515625 0.033203125
0 0.2666015625 0.9580078125 0.029296875 0.029296875
0 0.984375 0.953125 0.03125 0.03125
0 0.884765625 0.9521484375 0.03515625 0.033203125
0 0.4453125 0.93359375 0.03515625 0.03125
0 0.59375 0.9296875 0.03515625 0.03515625
0 0.236328125 0.927734375 0.03515625 0.03515625
0 0.765625 0.9267578125 0.0390625 0.037109375
0 0.955078125 0.9267578125 0.03515625 0.041015625
0 0.8525390625 0.923828125 0.033203125 0.03515625
0 0.0146484375 0.9150390625 0.029296875 0.037109375
0 0.923828125 0.9033203125 0.0390625 0.044921875
0 0.7294921875 0.900390625 0.033203125 0.0390625
0 0.205078125 0.896484375 0.03125 0.03125
0 0.810546875 0.892578125 0.03125 0.03515625
0 0.546875 0.890625 0.03515625 0.03515625
0 0.0546875 0.8857421875 0.03515625 0.037109375
0 0.35546875 0.880859375 0.0390625 0.04296875
0 0.892578125 0.8759765625 0.0390625 0.037109375
0 0.6943359375 0.87109375 0.033203125 0.03515625
0 0.171875 0.8662109375 0.03515625 0.033203125
0 0.9873046875 0.865234375 0.025390625 0.03515625
0 0.7783203125 0.8623046875 0.033203125 0.037109375
0 0.5048828125 0.859375 0.033203125 0.03125
0 0.0263671875 0.8623046875 0.037109375 0.037109375
0 0.46484375 0.8486328125 0.02734375 0.025390625
0 0.8603515625 0.8486328125 0.037109375 0.037109375
0 0.2978515625 0.8408203125 0.029296875 0.029296875
0 0.654296875 0.8388671875 0.05078125 0.037109375
0 0.744140625 0.8330078125 0.03515625 0.037109375
0 0.140625 0.8271484375 0.03515625 0.037109375
0 0.833984375 0.82421875 0.0390625 0.0390625
0 0.2470703125 0.82421875 0.033203125 0.0390625
0 0.4326171875 0.8154296875 0.029296875 0.033203125
0 0.9521484375 0.8134765625 0.041015625 0.037109375
0 0.208984375 0.8076171875 0.03125 0.029296875
0 0.630859375 0.7998046875 0.03125 0.033203125
0 0.708984375 0.796875 0.03125 0.03125
0 0.7998046875 0.798828125 0.041015625 0.0390625
0 0.396484375 0.794921875 0.02734375 0.03125
0 0.1640625 0.7880859375 0.03515625 0.029296875
0 0.3525390625 0.779296875 0.033203125 0.03125
0 0.890625 0.779296875 0.03515625 0.03515625
0 0.09765625 0.7802734375 0.03515625 0.037109375
0 0.7734375 0.771484375 0.03515625 0.03515625
0 0.603515625 0.763671875 0.03125 0.03515625
0 0.3134765625 0.759765625 0.033203125 0.03125
0 0.6767578125 0.76171875 0.033203125 0.0390625
0 0.271484375 0.744140625 0.03125 0.02734375
0 0.744140625 0.7421875 0.04296875 0.04296875
0 0.970703125 0.7412109375 0.05859375 0.060546875
0 0.22265625 0.7265625 0.03515625 0.03125
0 0.84765625 0.7412109375 0.07421875 0.064453125
0 0.6474609375 0.7255859375 0.033203125 0.033203125
0 0.1748046875 0.716796875 0.029296875 0.02734375
0 0.5595703125 0.7275390625 0.052734375 0.056640625
0 0.125 0.70703125 0.03515625 0.01953125
0 0.015625 0.7119140625 0.03125 0.029296875
0 0.23828125 0.703125 0.015625 0.015625
0 0.7158203125 0.70703125 0.033203125 0.03125
0 0.8154296875 0.70703125 0.041015625 0.0390625
0 0.6181640625 0.689453125 0.029296875 0.02734375
0 0.916015625 0.6806640625 0.046875 0.041015625
0 0.79296875 0.6787109375 0.04296875 0.041015625
0 0.9931640625 0.669921875 0.013671875 0.02734375
0 0.6962890625 0.6748046875 0.033203125 0.037109375
0 0.8974609375 0.646484375 0.044921875 0.03515625
0 0.7685546875 0.650390625 0.044921875 0.04296875
0 0.66796875 0.642578125 0.046875 0.03125
0 0.43359375 0.6748046875 0.13671875 0.134765625
0 0.974609375 0.6328125 0.05078125 0.05859375
0 0.87890625 0.61328125 0.04296875 0.03515625
0 0.74609375 0.6162109375 0.046875 0.044921875
0 0.2802734375 0.6064453125 0.123046875 0.029296875
0 0.958984375 0.5966796875 0.0390625 0.029296875
0 0.7255859375 0.5888671875 0.029296875 0.025390625
0 0.64453125 0.5986328125 0.06640625 0.064453125
0 0.9482421875 0.572265625 0.041015625 0.02734375
0 0.8623046875 0.5859375 0.052734375 0.0546875
0 0.1787109375 0.5888671875 0.080078125 0.064453125
0 0.416015625 0.556640625 0.0390625 0.03515625
0 0.947265625 0.5439453125 0.0390625 0.017578125
0 0.8466796875 0.5458984375 0.060546875 0.037109375
0 0.3447265625 0.5390625 0.080078125 0.05078125
0 0.4736328125 0.55859375 0.056640625 0.09375
0 0.9560546875 0.5185546875 0.037109375 0.025390625
0 0.783203125 0.5361328125 0.171875 0.087890625
0 0.6279296875 0.5185546875 0.052734375 0.091796875
0 0.5595703125 0.5537109375 0.080078125 0.208984375
0 0.4052734375 0.4736328125 0.052734375 0.048828125
0 0.767578125 0.4775390625 0.17578125 0.072265625
0 0.7158203125 0.4306640625 0.025390625 0.041015625
0 0.365234375 0.4365234375 0.046875 0.052734375
0 0.8154296875 0.42578125 0.060546875 0.03515625
0 0.974609375 0.4482421875 0.05078125 0.123046875
0 0.9970703125 0.376953125 0.005859375 0.01953125
0 0.5986328125 0.40234375 0.056640625 0.1015625
0 0.2021484375 0.4462890625 0.205078125 0.189453125
0 0.2685546875 0.3818359375 0.138671875 0.083984375
0 0.029296875 0.380859375 0.05859375 0.10546875
0 0.6787109375 0.369140625 0.068359375 0.08984375
0 0.927734375 0.404296875 0.08984375 0.19921875
0 0.7744140625 0.322265625 0.134765625 0.08203125
0 0.158203125 0.298828125 0.12890625 0.0625
0 0.9267578125 0.3359375 0.119140625 0.18359375
0 0.67578125 0.2666015625 0.09375 0.060546875
0 0.6376953125 0.2275390625 0.044921875 0.033203125
0 0.4990234375 0.2822265625 0.083984375 0.146484375
0 0.7744140625 0.2412109375 0.095703125 0.068359375
0 0.345703125 0.29296875 0.1953125 0.1796875
0 0.564453125 0.2626953125 0.06640625 0.130859375
0 0.720703125 0.1962890625 0.01953125 0.017578125
0 0.751953125 0.1845703125 0.01953125 0.017578125
0 0.904296875 0.1982421875 0.13671875 0.060546875
0 0.8125 0.1640625 0.0234375 0.0234375
0 0.994140625 0.1318359375 0.01171875 0.025390625
0 0.091796875 0.1416015625 0.04296875 0.056640625
0 0.88671875 0.1396484375 0.08984375 0.060546875
0 0.044921875 0.146484375 0.0625 0.08203125
0 0.134765625 0.1279296875 0.0390625 0.056640625
0 0.1923828125 0.1103515625 0.072265625 0.056640625
0 0.6875 0.146484375 0.1953125 0.13671875
0 0.8388671875 0.1064453125 0.060546875 0.064453125
0 0.03125 0.0859375 0.0390625 0.03125
0 0.94140625 0.09765625 0.1171875 0.0625
0 0.0830078125 0.0693359375 0.017578125 0.017578125
0 0.1298828125 0.0537109375 0.017578125 0.017578125
0 0.0556640625 0.0458984375 0.017578125 0.017578125
0 0.1796875 0.0400390625 0.01953125 0.017578125
0 0.025390625 0.041015625 0.03125 0.02734375
0 0.0849609375 0.037109375 0.037109375 0.0390625
0 0.1259765625 0.0224609375 0.033203125 0.033203125
0 0.9228515625 0.03515625 0.154296875 0.0703125
0 0.5576171875 0.0166015625 0.107421875 0.033203125
0 0.353515625 0.0615234375 0.25390625 0.123046875
0 0.3515625 0.0029296875 0.015625 0.005859375
0 0.3095703125 0.0078125 0.017578125 0.015625
0 0.265625 0.0048828125 0.015625 0.009765625
0 0.2314453125 0.0068359375 0.021484375 0.013671875
0 0.203125 0.0107421875 0.03125 0.021484375
0 0.1650390625 0.015625 0.037109375 0.03125