0 0.591796875 0.9970703125 0.0078125 0.005859375
0 0.78125 0.982421875 0.03515625 0.03515625
0 0.5654296875 0.953125 0.041015625 0.02734375
0 0.75 0.9482421875 0.02734375 0.033203125
0 0.771484375 0.91796875 0.0234375 0.0234375
0 0.845703125 0.9208984375 0.03125 0.033203125
0 0.1943359375 0.873046875 0.052734375 0.03125
0 0.2578125 0.859375 0.0390625 0.02734375
0 0.130859375 0.83984375 0.05078125 0.04296875
0 0.3076171875 0.822265625 0.044921875 0.0390625
0 0.2060546875 0.7978515625 0.029296875 0.029296875
0 0.3623046875 0.787109375 0.044921875 0.0390625
0 0.2607421875 0.7802734375 0.041015625 0.037109375
0 0.4150390625 0.7490234375 0.048828125 0.041015625
0 0.3154296875 0.7490234375 0.048828125 0.041015625
0 0.2333984375 0.7412109375 0.044921875 0.044921875
0 0.4716796875 0.7138671875 0.044921875 0.037109375
0 0.3701171875 0.712890625 0.048828125 0.0390625
0 0.2890625 0.7021484375 0.046875 0.041015625
0 0.5224609375 0.6845703125 0.037109375 0.033203125
0 0.4208984375 0.677734375 0.048828125 0.04296875
0 0.3427734375 0.6650390625 0.048828125 0.037109375
0 0.0908203125 0.65625 0.033203125 0.03515625
0 0.46875 0.6435546875 0.0390625 0.033203125
0 0.189453125 0.6376953125 0.02734375 0.044921875
0 0.39453125 0.6298828125 0.05078125 0.037109375
0 0.537109375 0.6240234375 0.02734375 0.048828125
0 0.138671875 0.619140625 0.02734375 0.04296875
0 0.060546875 0.607421875 0.04296875 0.03515625
0 0.447265625 0.59375 0.046875 0.0390625
0 0.0341796875 0.5810546875 0.025390625 0.021484375
0 0.2099609375 0.576171875 0.037109375 0.06640625
0 0.525390625 0.5634765625 0.03125 0.048828125
0 0.1591796875 0.5546875 0.037109375 0.0625
0 0.0380859375 0.53125 0.021484375 0.0234375
0 0.2431640625 0.4560546875 0.025390625 0.025390625
0 0.2099609375 0.4189453125 0.025390625 0.025390625
0 0.12109375 0.3857421875 0.02734375 0.025390625
0 0.2548828125 0.3701171875 0.033203125 0.025390625
0 0.3583984375 0.36328125 0.029296875 0.03515625
0 0.328125 0.341796875 0.02734375 0.02734375
0 0.208984375 0.3359375 0.0234375 0.0234375
0 0.189453125 0.322265625 0.02734375 0.03125
0 0.068359375 0.31640625 0.02734375 0.02734375
0 0.28515625 0.310546875 0.0390625 0.03515625
0 0.111328125 0.30078125 0.04296875 0.02734375
0 0.3935546875 0.2958984375 0.025390625 0.029296875
0 0.2314453125 0.28125 0.041015625 0.03515625
0 0.1416015625 0.2685546875 0.025390625 0.025390625
0 0.3671875 0.267578125 0.0234375 0.03125
0 0.322265625 0.248046875 0.0390625 0.03125
0 0.0869140625 0.2333984375 0.033203125 0.029296875
0 0.166015625 0.2255859375 0.03125 0.029296875
0 0.27734375 0.2177734375 0.03125 0.033203125
0 0.361328125 0.1923828125 0.0234375 0.025390625
0 0.12109375 0.2001953125 0.03125 0.041015625
0 0.0283203125 0.1953125 0.029296875 0.03515625
0 0.2099609375 0.1689453125 0.025390625 0.029296875
0 0.0537109375 0.16015625 0.029296875 0.03125
0 0.1767578125 0.1494140625 0.029296875 0.029296875
0 0.1474609375 0.134765625 0.029296875 0.03125
0 0.28125 0.12890625 0.02734375 0.0234375
0 0.37890625 0.1044921875 0.02734375 0.029296875
0 0.0830078125 0.09375 0.025390625 0.03125
0 0.1962890625 0.080078125 0.041015625 0.04296875
0 0.0576171875 0.0732421875 0.029296875 0.033203125
0 0.138671875 0.0390625 0.03125 0.03515625
0 0.4775390625 0.03125 0.021484375 0.0234375
0 0.3349609375 0.0146484375 0.021484375 0.021484375
0 0.1103515625 0.015625 0.025390625 0.02734375
0 0.3115234375 0.0048828125 0.017578125 0.009765625
0 0.2314453125 0.017578125 0.033203125 0.03515625
0 0.0791015625 0.005859375 0.029296875 0.01171875