0 0.546875 0.9892578125 0.04296875 0.021484375
0 0.5400390625 0.9609375 0.029296875 0.03125
0 0.8203125 0.912109375 0.171875 0.171875
0 0.5 0.81640625 0.02734375 0.02734375
0 0.009765625 0.8134765625 0.01953125 0.033203125
0 0.0380859375 0.80859375 0.033203125 0.03125
0 0.4423828125 0.7802734375 0.025390625 0.021484375
0 0.505859375 0.779296875 0.02734375 0.02734375
0 0.4130859375 0.7607421875 0.029296875 0.029296875
0 0.0419921875 0.7587890625 0.021484375 0.033203125
0 0.5068359375 0.73828125 0.029296875 0.0390625
0 0.060546875 0.7158203125 0.03125 0.033203125
0 0.0068359375 0.703125 0.013671875 0.02734375
0 0.521484375 0.701171875 0.02734375 0.03125
0 0.1015625 0.693359375 0.03125 0.03125
0 0.357421875 0.6865234375 0.02734375 0.029296875
0 0.0126953125 0.6611328125 0.025390625 0.033203125
0 0.7314453125 0.6767578125 0.064453125 0.068359375
0 0.53515625 0.6513671875 0.0234375 0.033203125
0 0.1044921875 0.646484375 0.029296875 0.03515625
0 0.2841796875 0.638671875 0.025390625 0.02734375
0 0.0615234375 0.62109375 0.033203125 0.02734375
0 0.232421875 0.6123046875 0.02734375 0.029296875
0 0.1640625 0.61328125 0.03125 0.03125
0 0.65625 0.607421875 0.03125 0.02734375
0 0.025390625 0.6015625 0.03515625 0.03125
0 0.55078125 0.5927734375 0.01953125 0.025390625
0 0.349609375 0.5927734375 0.02734375 0.029296875
0 0.00390625 0.5791015625 0.0078125 0.013671875
0 0.1826171875 0.5791015625 0.029296875 0.033203125
0 0.271484375 0.5615234375 0.02734375 0.025390625
0 0.3583984375 0.5537109375 0.017578125 0.017578125
0 0.55078125 0.5556640625 0.01953125 0.029296875
0 0.08203125 0.544921875 0.03125 0.03515625
0 0.2060546875 0.5390625 0.037109375 0.03125
0 0.052734375 0.533203125 0.03125 0.03515625
0 0.0126953125 0.533203125 0.025390625 0.03515625
0 0.1298828125 0.52734375 0.033203125 0.02734375
0 0.568359375 0.5224609375 0.0234375 0.025390625
0 0.0263671875 0.5087890625 0.013671875 0.021484375
0 0.3515625 0.5068359375 0.01953125 0.021484375
0 0.3037109375 0.5126953125 0.029296875 0.033203125
0 0.228515625 0.5 0.03125 0.03125
0 0.5703125 0.4931640625 0.01953125 0.021484375
0 0.16015625 0.490234375 0.02734375 0.03515625
0 0.244140625 0.47265625 0.03125 0.03515625
0 0.3349609375 0.46484375 0.029296875 0.02734375
0 0.005859375 0.44140625 0.01171875 0.01953125
0 0.154296875 0.4462890625 0.0390625 0.033203125
0 0.068359375 0.4482421875 0.03515625 0.037109375
0 0.3525390625 0.4375 0.025390625 0.03125
0 0.28515625 0.4287109375 0.02734375 0.029296875
0 0.4638671875 0.4267578125 0.029296875 0.029296875
0 0.1015625 0.421875 0.03125 0.03515625
0 0.37890625 0.4091796875 0.03515625 0.033203125
0 0.3037109375 0.396484375 0.029296875 0.03125
0 0.1572265625 0.3935546875 0.033203125 0.025390625
0 0.1962890625 0.3935546875 0.025390625 0.029296875
0 0.2314453125 0.3798828125 0.033203125 0.029296875
0 0.1162109375 0.376953125 0.029296875 0.03125
0 0.046875 0.3720703125 0.02734375 0.033203125
0 0.32421875 0.3671875 0.03125 0.03125
0 0.0087890625 0.36328125 0.017578125 0.02734375
0 0.3349609375 0.341796875 0.044921875 0.02734375
0 0.2568359375 0.3408203125 0.033203125 0.029296875
0 0.4306640625 0.3330078125 0.033203125 0.033203125
0 0.3681640625 0.3134765625 0.029296875 0.029296875
0 0.078125 0.314453125 0.0234375 0.03125
0 0.23828125 0.3017578125 0.03515625 0.029296875
0 0.455078125 0.2998046875 0.03125 0.029296875
0 0.3583984375 0.2900390625 0.017578125 0.017578125
0 0.1728515625 0.2978515625 0.037109375 0.033203125
0 0.0947265625 0.2744140625 0.037109375 0.029296875
0 0.2939453125 0.267578125 0.021484375 0.02734375
0 0.2568359375 0.2607421875 0.025390625 0.033203125
0 0.1943359375 0.2568359375 0.029296875 0.033203125
0 0.494140625 0.24609375 0.01953125 0.03515625
0 0.322265625 0.2431640625 0.03125 0.033203125
0 0.1181640625 0.23046875 0.033203125 0.04296875
0 0.494140625 0.2041015625 0.0234375 0.029296875
0 0.2158203125 0.2060546875 0.025390625 0.033203125
0 0.3310546875 0.2021484375 0.037109375 0.033203125
0 0.087890625 0.1923828125 0.03125 0.033203125
0 0.2939453125 0.1787109375 0.033203125 0.033203125
0 0.1689453125 0.173828125 0.029296875 0.03515625
0 0.5068359375 0.1630859375 0.025390625 0.041015625
0 0.3759765625 0.15234375 0.025390625 0.03515625
0 0.064453125 0.1494140625 0.01953125 0.029296875
0 0.251953125 0.146484375 0.0390625 0.03125
0 0.4169921875 0.138671875 0.037109375 0.03125
0 0.3447265625 0.1376953125 0.033203125 0.033203125
0 0.1494140625 0.1259765625 0.029296875 0.033203125
0 0.5205078125 0.125 0.025390625 0.03515625
0 0.00390625 0.1171875 0.0078125 0.03125
0 0.0625 0.109375 0.0234375 0.03125
0 0.328125 0.1083984375 0.03125 0.033203125
0 0.1904296875 0.1025390625 0.029296875 0.033203125
0 0.4384765625 0.0947265625 0.021484375 0.033203125
0 0.53515625 0.0888671875 0.0234375 0.029296875
0 0.2548828125 0.0859375 0.025390625 0.03125
0 0.3076171875 0.0791015625 0.029296875 0.041015625
0 0.0888671875 0.076171875 0.037109375 0.03515625
0 0.12890625 0.0673828125 0.03125 0.025390625
0 0.013671875 0.0732421875 0.02734375 0.037109375
0 0.544921875 0.0576171875 0.01953125 0.021484375
0 0.4130859375 0.0595703125 0.029296875 0.033203125
0 0.2763671875 0.0517578125 0.033203125 0.029296875
0 0.2001953125 0.05078125 0.025390625 0.03125
0 0.03515625 0.041015625 0.03125 0.03515625
0 0.3798828125 0.0400390625 0.033203125 0.037109375
0 0.33984375 0.0205078125 0.03515625 0.029296875
0 0.546875 0.017578125 0.01953125 0.02734375
0 0.294921875 0.001953125 0.00390625 0.00390625
0 0.21484375 0.01171875 0.0234375 0.0234375
0 0.05859375 0.013671875 0.03125 0.02734375
0 0.001953125 0.001953125 0.00390625 0.00390625