0 0.72265625 0.9921875 0.07421875 0.015625
0 0.3310546875 0.974609375 0.201171875 0.05078125
0 0.083984375 0.9736328125 0.1171875 0.052734375
0 0.9453125 0.841796875 0.03125 0.04296875
0 0.8310546875 0.8154296875 0.048828125 0.029296875
0 0.9853515625 0.828125 0.029296875 0.078125
0 0.970703125 0.7763671875 0.0546875 0.060546875
0 0.8466796875 0.7919921875 0.189453125 0.111328125
0 0.291015625 0.7431640625 0.01953125 0.029296875
0 0.2685546875 0.7412109375 0.021484375 0.029296875
0 0.283203125 0.7060546875 0.01953125 0.017578125
0 0.0341796875 0.701171875 0.037109375 0.02734375
0 0.98828125 0.6943359375 0.0234375 0.025390625
0 0.2841796875 0.6826171875 0.029296875 0.025390625
0 0.0419921875 0.6748046875 0.037109375 0.029296875
0 0.0087890625 0.6826171875 0.017578125 0.048828125
0 0.8828125 0.6611328125 0.01953125 0.029296875
0 0.90625 0.6640625 0.0234375 0.0390625
0 0.2958984375 0.6572265625 0.033203125 0.029296875
0 0.8466796875 0.6455078125 0.029296875 0.017578125
0 0.0517578125 0.6474609375 0.037109375 0.025390625
0 0.009765625 0.634765625 0.01953125 0.0234375
0 0.3037109375 0.6328125 0.033203125 0.02734375
0 0.1259765625 0.630859375 0.037109375 0.02734375
0 0.0537109375 0.6259765625 0.037109375 0.029296875
0 0.982421875 0.62109375 0.02734375 0.03515625
0 0.1630859375 0.671875 0.169921875 0.140625
0 0.9462890625 0.6123046875 0.029296875 0.029296875
0 0.3134765625 0.611328125 0.033203125 0.02734375
0 0.1337890625 0.60546875 0.037109375 0.02734375
0 0.064453125 0.6044921875 0.03515625 0.025390625
0 0.8515625 0.6015625 0.046875 0.02734375
0 0.2421875 0.5908203125 0.03515625 0.029296875
0 0.9140625 0.5986328125 0.03125 0.048828125
0 0.0263671875 0.5810546875 0.037109375 0.025390625
0 0.0732421875 0.5810546875 0.037109375 0.029296875
0 0.251953125 0.564453125 0.03515625 0.02734375
0 0.19921875 0.568359375 0.05078125 0.046875
0 0.0810546875 0.556640625 0.037109375 0.02734375
0 0.15234375 0.5546875 0.03515625 0.02734375
0 0.9970703125 0.5458984375 0.005859375 0.013671875
0 0.26171875 0.541015625 0.03515625 0.02734375
0 0.0888671875 0.533203125 0.037109375 0.02734375
0 0.8544921875 0.5380859375 0.044921875 0.041015625
0 0.984375 0.5302734375 0.0234375 0.029296875
0 0.162109375 0.529296875 0.03515625 0.02734375
0 0.9609375 0.5263671875 0.0234375 0.033203125
0 0.3447265625 0.5224609375 0.033203125 0.025390625
0 0.2705078125 0.51953125 0.033203125 0.02734375
0 0.9375 0.51953125 0.0234375 0.03125
0 0.0966796875 0.509765625 0.037109375 0.02734375
0 0.91015625 0.515625 0.02734375 0.04296875
0 0.388671875 0.62890625 0.18359375 0.27734375
0 0.234375 0.5087890625 0.02734375 0.037109375
0 0.169921875 0.5048828125 0.03515625 0.029296875
0 0.0068359375 0.5146484375 0.013671875 0.048828125
0 0.8818359375 0.5048828125 0.025390625 0.037109375
0 0.8623046875 0.4970703125 0.021484375 0.029296875
0 0.611328125 0.6142578125 0.3046875 0.267578125
0 0.2109375 0.4990234375 0.02734375 0.037109375
0 0.10546875 0.4853515625 0.03515625 0.025390625
0 0.1787109375 0.48046875 0.037109375 0.02734375
0 0.294921875 0.466796875 0.03515625 0.02734375
0 0.1123046875 0.4638671875 0.037109375 0.025390625
0 0.068359375 0.462890625 0.01953125 0.02734375
0 0.0107421875 0.45703125 0.021484375 0.03125
0 0.2607421875 0.4482421875 0.029296875 0.033203125
0 0.3037109375 0.443359375 0.033203125 0.02734375
0 0.1201171875 0.44140625 0.029296875 0.0234375
0 0.95703125 0.447265625 0.02734375 0.0390625
0 0.9326171875 0.4384765625 0.025390625 0.029296875
0 0.232421875 0.4365234375 0.02734375 0.033203125
0 0.0234375 0.4326171875 0.03515625 0.025390625
0 0.91015625 0.4326171875 0.02734375 0.029296875
0 0.1943359375 0.427734375 0.033203125 0.02734375
0 0.26171875 0.4189453125 0.01953125 0.021484375
0 0.3125 0.4189453125 0.03515625 0.029296875
0 0.126953125 0.4169921875 0.02734375 0.025390625
0 0.8837890625 0.4228515625 0.029296875 0.041015625
0 0.03125 0.4091796875 0.03515625 0.029296875
0 0.966796875 0.40234375 0.03515625 0.0234375
0 0.134765625 0.3935546875 0.02734375 0.025390625
0 0.4365234375 0.427734375 0.162109375 0.10546875
0 0.20703125 0.396484375 0.0390625 0.046875
0 0.9033203125 0.384765625 0.029296875 0.02734375
0 0.0390625 0.384765625 0.03515625 0.02734375
0 0.9736328125 0.3779296875 0.033203125 0.025390625
0 0.2880859375 0.380859375 0.029296875 0.03515625
0 0.142578125 0.369140625 0.02734375 0.0234375
0 0.2177734375 0.3662109375 0.033203125 0.025390625
0 0.046875 0.36328125 0.03515625 0.02734375
0 0.9814453125 0.3564453125 0.033203125 0.025390625
0 0.9140625 0.3525390625 0.03515625 0.025390625
0 0.2255859375 0.345703125 0.033203125 0.02734375
0 0.1513671875 0.3466796875 0.037109375 0.029296875
0 0.3427734375 0.341796875 0.033203125 0.02734375
0 0.0546875 0.3388671875 0.03515625 0.029296875
0 0.9873046875 0.333984375 0.025390625 0.02734375
0 0.001953125 0.326171875 0.00390625 0.01171875
0 0.1591796875 0.3251953125 0.037109375 0.029296875
0 0.3544921875 0.3154296875 0.029296875 0.021484375
0 0.3056640625 0.3212890625 0.025390625 0.033203125
0 0.0634765625 0.3173828125 0.033203125 0.025390625
0 0.4306640625 0.3154296875 0.033203125 0.025390625
0 0.953125 0.3173828125 0.03125 0.041015625
0 0.9208984375 0.306640625 0.033203125 0.0390625
0 0.279296875 0.3076171875 0.02734375 0.041015625
0 0.240234375 0.2998046875 0.03125 0.025390625
0 0.1669921875 0.2998046875 0.037109375 0.025390625
0 0.07421875 0.2958984375 0.0390625 0.025390625
0 0.3623046875 0.2919921875 0.033203125 0.021484375
0 0.0107421875 0.28125 0.021484375 0.01953125
0 0.865234375 0.2802734375 0.03125 0.025390625
0 0.1748046875 0.279296875 0.033203125 0.02734375
0 0.4443359375 0.2744140625 0.033203125 0.025390625
0 0.251953125 0.275390625 0.03515625 0.02734375
0 0.373046875 0.2705078125 0.02734375 0.021484375
0 0.0810546875 0.2734375 0.037109375 0.02734375
0 0.353515625 0.2568359375 0.015625 0.017578125
0 0.1865234375 0.2587890625 0.025390625 0.025390625
0 0.2744140625 0.255859375 0.017578125 0.0234375
0 0.33203125 0.255859375 0.0234375 0.03125
0 0.0166015625 0.2529296875 0.025390625 0.025390625
0 0.4541015625 0.25 0.033203125 0.02734375
0 0.0859375 0.25 0.0390625 0.03125
0 0.6845703125 0.37890625 0.318359375 0.29296875
0 0.3076171875 0.2470703125 0.021484375 0.033203125
0 0.1943359375 0.2353515625 0.025390625 0.021484375
0 0.2529296875 0.240234375 0.033203125 0.03515625
0 0.0205078125 0.2265625 0.037109375 0.0234375
0 0.4658203125 0.2255859375 0.033203125 0.025390625
0 0.0947265625 0.2265625 0.041015625 0.02734375
0 0.3916015625 0.2197265625 0.033203125 0.029296875
0 0.201171875 0.2099609375 0.03515625 0.029296875
0 0.4716796875 0.203125 0.033203125 0.02734375
0 0.103515625 0.2001953125 0.02734375 0.025390625
0 0.6064453125 0.23828125 0.103515625 0.10546875
0 0.55859375 0.1982421875 0.015625 0.025390625
0 0.35546875 0.201171875 0.02734375 0.03125
0 0.40234375 0.1943359375 0.03515625 0.029296875
0 0.03515625 0.1884765625 0.03515625 0.021484375
0 0.326171875 0.19140625 0.02734375 0.03125
0 0.96875 0.212890625 0.0625 0.08984375
0 0.2900390625 0.1796875 0.033203125 0.03515625
0 0.5185546875 0.177734375 0.025390625 0.03515625
0 0.49609375 0.1708984375 0.02734375 0.033203125
0 0.4130859375 0.16796875 0.033203125 0.03125
0 0.4716796875 0.1640625 0.025390625 0.03515625
0 0.298828125 0.154296875 0.03125 0.03125
0 0.2216796875 0.1533203125 0.033203125 0.029296875
0 0.115234375 0.14453125 0.0234375 0.0234375
0 0.421875 0.142578125 0.03515625 0.02734375
0 0.1572265625 0.138671875 0.044921875 0.0234375
0 0.3837890625 0.1318359375 0.025390625 0.029296875
0 0.0439453125 0.1279296875 0.021484375 0.025390625
0 0.3095703125 0.1279296875 0.033203125 0.029296875
0 0.009765625 0.125 0.01953125 0.03125
0 0.3564453125 0.1201171875 0.025390625 0.029296875
0 0.126953125 0.115234375 0.02734375 0.02734375
0 0.21484375 0.1171875 0.0625 0.04296875
0 0.0693359375 0.10546875 0.033203125 0.0234375
0 0.3212890625 0.103515625 0.033203125 0.02734375
0 0.859375 0.1572265625 0.07421875 0.142578125
0 0.150390625 0.0849609375 0.0390625 0.029296875
0 0.25390625 0.08203125 0.0390625 0.03125
0 0.0634765625 0.07421875 0.033203125 0.02734375
0 0.216796875 0.0634765625 0.01953125 0.017578125
0 0.9912109375 0.07421875 0.017578125 0.046875
0 0.16015625 0.05859375 0.04296875 0.03125
0 0.087890625 0.0537109375 0.03515625 0.029296875
0 0.2705078125 0.0458984375 0.052734375 0.052734375
0 0.1689453125 0.02734375 0.037109375 0.02734375
0 0.2177734375 0.0205078125 0.017578125 0.021484375
0 0.0458984375 0.0185546875 0.029296875 0.029296875
0 0.013671875 0.0146484375 0.02734375 0.025390625
0 0.6943359375 0.1025390625 0.271484375 0.205078125
0 0.5341796875 0.005859375 0.025390625 0.01171875
0 0.4111328125 0.0576171875 0.169921875 0.115234375
0 0.3603515625 0.0087890625 0.029296875 0.017578125
0 0.287109375 0.013671875 0.03515625 0.02734375
0 0.1220703125 0.0029296875 0.013671875 0.005859375