0 0.8818359375 0.998046875 0.021484375 0.00390625
0 0.7509765625 0.9326171875 0.021484375 0.025390625
0 0.9951171875 0.919921875 0.009765625 0.0234375
0 0.7978515625 0.9228515625 0.029296875 0.033203125
0 0.828125 0.916015625 0.02734375 0.03515625
0 0.181640625 0.91015625 0.03515625 0.0234375
0 0.85546875 0.9140625 0.0234375 0.03515625
0 0.2294921875 0.91015625 0.029296875 0.03515625
0 0.8818359375 0.908203125 0.025390625 0.03515625
0 0.8359375 0.8876953125 0.015625 0.013671875
0 0.806640625 0.884765625 0.015625 0.015625
0 0.1083984375 0.8876953125 0.029296875 0.021484375
0 0.068359375 0.8828125 0.02734375 0.015625
0 0.7548828125 0.8837890625 0.037109375 0.041015625
0 0.240234375 0.875 0.02734375 0.0234375
0 0.17578125 0.873046875 0.02734375 0.03125
0 0.0244140625 0.873046875 0.033203125 0.03515625
0 0.587890625 0.8701171875 0.0546875 0.044921875
0 0.857421875 0.8623046875 0.03125 0.033203125
0 0.568359375 0.85546875 0.0234375 0.01953125
0 0.947265625 0.849609375 0.0546875 0.04296875
0 0.193359375 0.837890625 0.01953125 0.01953125
0 0.0322265625 0.8349609375 0.025390625 0.025390625
0 0.1162109375 0.833984375 0.041015625 0.02734375
0 0.84375 0.826171875 0.0390625 0.03515625
0 0.5283203125 0.822265625 0.025390625 0.03125
0 0.7744140625 0.8291015625 0.037109375 0.052734375
0 0.9970703125 0.8037109375 0.005859375 0.009765625
0 0.015625 0.8046875 0.03125 0.0234375
0 0.9150390625 0.8017578125 0.033203125 0.029296875
0 0.5712890625 0.8046875 0.021484375 0.0390625
0 0.048828125 0.798828125 0.01953125 0.03125
0 0.091796875 0.7900390625 0.0234375 0.021484375
0 0.8310546875 0.7861328125 0.033203125 0.033203125
0 0.173828125 0.7890625 0.03125 0.0390625
0 0.1318359375 0.7841796875 0.029296875 0.029296875
0 0.9775390625 0.7705078125 0.044921875 0.025390625
0 0.787109375 0.7666015625 0.03125 0.029296875
0 0.9111328125 0.7626953125 0.041015625 0.033203125
0 0.99609375 0.7490234375 0.0078125 0.009765625
0 0.5107421875 0.765625 0.056640625 0.05078125
0 0.9951171875 0.7294921875 0.009765625 0.013671875
0 0.548828125 0.73046875 0.01953125 0.01953125
0 0.6865234375 0.732421875 0.052734375 0.04296875
0 0.015625 0.712890625 0.03125 0.01953125
0 0.6328125 0.712890625 0.03515625 0.02734375
0 0.0654296875 0.7119140625 0.044921875 0.033203125
0 0.9873046875 0.7041015625 0.025390625 0.025390625
0 0.83203125 0.6962890625 0.05078125 0.041015625
0 0.1142578125 0.6904296875 0.041015625 0.037109375
0 0.4736328125 0.6875 0.048828125 0.0390625
0 0.7138671875 0.68359375 0.048828125 0.0390625
0 0.91015625 0.6767578125 0.0390625 0.033203125
0 0.9873046875 0.669921875 0.025390625 0.0234375
0 0.009765625 0.67578125 0.01953125 0.03515625
0 0.5419921875 0.67578125 0.029296875 0.0390625
0 0.3291015625 0.6494140625 0.025390625 0.021484375
0 0.6005859375 0.654296875 0.037109375 0.0390625
0 0.2939453125 0.6513671875 0.029296875 0.037109375
0 0.65625 0.642578125 0.0390625 0.03125
0 0.0888671875 0.642578125 0.029296875 0.03125
0 0.0087890625 0.62890625 0.017578125 0.02734375
0 0.7197265625 0.62890625 0.041015625 0.03515625
0 0.0302734375 0.6171875 0.017578125 0.01171875
0 0.3203125 0.6201171875 0.0234375 0.025390625
0 0.837890625 0.62109375 0.0390625 0.03515625
0 0.3994140625 0.607421875 0.044921875 0.0234375
0 0.94921875 0.59375 0.046875 0.0390625
0 0.025390625 0.5830078125 0.015625 0.017578125
0 0.2119140625 0.5859375 0.064453125 0.02734375
0 0.3037109375 0.5888671875 0.037109375 0.037109375
0 0.0693359375 0.5888671875 0.037109375 0.037109375
0 0.3876953125 0.580078125 0.041015625 0.02734375
0 0.513671875 0.578125 0.0234375 0.0390625
0 0.6025390625 0.5556640625 0.033203125 0.029296875
0 0.251953125 0.5546875 0.01953125 0.02734375
0 0.390625 0.54296875 0.0390625 0.03515625
0 0.29296875 0.533203125 0.02734375 0.0234375
0 0.01171875 0.5361328125 0.0234375 0.029296875
0 0.0517578125 0.5361328125 0.033203125 0.033203125
0 0.2470703125 0.5263671875 0.017578125 0.017578125
0 0.6953125 0.53515625 0.046875 0.0390625
0 0.5888671875 0.5146484375 0.037109375 0.044921875
0 0.2802734375 0.505859375 0.037109375 0.03125
0 0.1708984375 0.5146484375 0.044921875 0.048828125
0 0.2353515625 0.49609375 0.017578125 0.01953125
0 0.478515625 0.5078125 0.0546875 0.05859375
0 0.01171875 0.49609375 0.0234375 0.0390625
0 0.3779296875 0.49609375 0.064453125 0.05078125
0 0.69140625 0.486328125 0.03515625 0.03515625
0 0.2724609375 0.4736328125 0.033203125 0.025390625
0 0.2294921875 0.466796875 0.017578125 0.015625
0 0.583984375 0.4619140625 0.046875 0.025390625
0 0.4580078125 0.4541015625 0.033203125 0.021484375
0 0.26171875 0.4462890625 0.04296875 0.025390625
0 0.34765625 0.4453125 0.0234375 0.02734375
0 0.15625 0.4443359375 0.04296875 0.029296875
0 0.912109375 0.44921875 0.03515625 0.04296875
0 0.8017578125 0.451171875 0.048828125 0.046875
0 0.220703125 0.4375 0.01953125 0.01953125
0 0.875 0.4296875 0.015625 0.01953125
0 0.56640625 0.43359375 0.03125 0.02734375
0 0.9482421875 0.4189453125 0.017578125 0.013671875
0 0.255859375 0.4169921875 0.0390625 0.029296875
0 0.6796875 0.419921875 0.0390625 0.046875
0 0.3388671875 0.4033203125 0.037109375 0.029296875
0 0.0556640625 0.404296875 0.033203125 0.03515625
0 0.25 0.3935546875 0.0390625 0.025390625
0 0.4638671875 0.3916015625 0.044921875 0.029296875
0 0.349609375 0.3798828125 0.015625 0.013671875
0 0.146484375 0.3857421875 0.03125 0.025390625
0 0.6669921875 0.3818359375 0.044921875 0.025390625
0 0.8017578125 0.39453125 0.076171875 0.0546875
0 0.19921875 0.37109375 0.01953125 0.01953125
0 0.2431640625 0.3681640625 0.033203125 0.025390625
0 0.0078125 0.3701171875 0.015625 0.029296875
0 0.892578125 0.3798828125 0.08984375 0.056640625
0 0.3271484375 0.3642578125 0.029296875 0.025390625
0 0.05859375 0.3623046875 0.0390625 0.029296875
0 0.5712890625 0.37109375 0.056640625 0.05078125
0 0.4072265625 0.3623046875 0.029296875 0.033203125
0 0.197265625 0.3466796875 0.01953125 0.017578125
0 0.9892578125 0.34765625 0.021484375 0.03125
0 0.236328125 0.3427734375 0.03515625 0.025390625
0 0.4501953125 0.3369140625 0.041015625 0.029296875
0 0.1484375 0.3349609375 0.03125 0.037109375
0 0.345703125 0.330078125 0.02734375 0.03125
0 0.7705078125 0.3369140625 0.037109375 0.048828125
0 0.0478515625 0.328125 0.041015625 0.03125
0 0.986328125 0.3193359375 0.01953125 0.017578125
0 0.1923828125 0.3193359375 0.017578125 0.021484375
0 0.00390625 0.314453125 0.0078125 0.01171875
0 0.310546875 0.3251953125 0.03515625 0.037109375
0 0.3642578125 0.3173828125 0.025390625 0.029296875
0 0.228515625 0.3154296875 0.03515625 0.025390625
0 0.16796875 0.30859375 0.01953125 0.01953125
0 0.5419921875 0.310546875 0.037109375 0.02734375
0 0.859375 0.314453125 0.0390625 0.04296875
0 0.90234375 0.3076171875 0.03515625 0.033203125
0 0.6015625 0.3134765625 0.05078125 0.056640625
0 0.0419921875 0.298828125 0.037109375 0.02734375
0 0.1640625 0.2900390625 0.01953125 0.017578125
0 0.2216796875 0.291015625 0.037109375 0.02734375
0 0.1318359375 0.2919921875 0.037109375 0.029296875
0 0.955078125 0.296875 0.04296875 0.04296875
0 0.7509765625 0.2880859375 0.033203125 0.037109375
0 0.4306640625 0.279296875 0.052734375 0.03125
0 0.650390625 0.2783203125 0.0546875 0.037109375
0 0.291015625 0.2724609375 0.03125 0.025390625
0 0.0322265625 0.267578125 0.037109375 0.02734375
0 0.2138671875 0.265625 0.037109375 0.02734375
0 0.1220703125 0.2646484375 0.037109375 0.033203125
0 0.5302734375 0.26171875 0.041015625 0.0390625
0 0.3544921875 0.265625 0.037109375 0.0703125
0 0.3193359375 0.2470703125 0.017578125 0.033203125
0 0.56640625 0.236328125 0.01953125 0.01953125
0 0.373046875 0.2392578125 0.01953125 0.025390625
0 0.025390625 0.240234375 0.03515625 0.02734375
0 0.2080078125 0.240234375 0.037109375 0.03125
0 0.1123046875 0.2353515625 0.037109375 0.033203125
0 0.900390625 0.2275390625 0.02734375 0.033203125
0 0.6376953125 0.22265625 0.041015625 0.03515625
0 0.19921875 0.2158203125 0.03515625 0.025390625
0 0.4208984375 0.2197265625 0.041015625 0.037109375
0 0.017578125 0.2138671875 0.03515625 0.029296875
0 0.74609375 0.2177734375 0.04296875 0.041015625
0 0.1494140625 0.2060546875 0.029296875 0.017578125
0 0.1025390625 0.2041015625 0.041015625 0.029296875
0 0.509765625 0.1982421875 0.03515625 0.021484375
0 0.7919921875 0.2060546875 0.052734375 0.052734375
0 0.376953125 0.193359375 0.02734375 0.02734375
0 0.1943359375 0.189453125 0.033203125 0.0234375
0 0.30078125 0.205078125 0.0703125 0.0625
0 0.013671875 0.1875 0.02734375 0.02734375
0 0.1318359375 0.173828125 0.017578125 0.01953125
0 0.095703125 0.1748046875 0.0390625 0.029296875
0 0.6123046875 0.173828125 0.052734375 0.046875
0 0.1884765625 0.1630859375 0.033203125 0.025390625
0 0.40625 0.1630859375 0.0390625 0.029296875
0 0.271484375 0.154296875 0.02734375 0.02734375
0 0.0068359375 0.15234375 0.013671875 0.0234375
0 0.125 0.14453125 0.01953125 0.01953125
0 0.087890625 0.14453125 0.0390625 0.02734375
0 0.1796875 0.13671875 0.03515625 0.0234375
0 0.49609375 0.1357421875 0.03515625 0.033203125
0 0.962890625 0.1474609375 0.05078125 0.060546875
0 0.392578125 0.1220703125 0.0390625 0.025390625
0 0.1337890625 0.1181640625 0.017578125 0.017578125
0 0.005859375 0.1181640625 0.01171875 0.021484375
0 0.1728515625 0.11328125 0.037109375 0.0234375
0 0.080078125 0.115234375 0.03515625 0.02734375
0 0.4873046875 0.1064453125 0.041015625 0.025390625
0 0.001953125 0.09765625 0.00390625 0.0078125
0 0.52734375 0.099609375 0.015625 0.015625
0 0.25390625 0.10546875 0.03125 0.03515625
0 0.8203125 0.095703125 0.0390625 0.03515625
0 0.623046875 0.091796875 0.046875 0.02734375
0 0.1103515625 0.0859375 0.017578125 0.01953125
0 0.1669921875 0.087890625 0.037109375 0.02734375
0 0.0732421875 0.0859375 0.037109375 0.02734375
0 0.5693359375 0.07421875 0.017578125 0.015625
0 0.474609375 0.076171875 0.03125 0.03125
0 0.2421875 0.0751953125 0.03515625 0.029296875
0 0.3779296875 0.0732421875 0.041015625 0.037109375
0 0.1611328125 0.0615234375 0.037109375 0.025390625
0 0.1025390625 0.056640625 0.017578125 0.015625
0 0.0654296875 0.0576171875 0.033203125 0.025390625
0 0.26953125 0.05078125 0.01953125 0.01953125
0 0.6416015625 0.0537109375 0.021484375 0.029296875
0 0.79296875 0.0390625 0.015625 0.015625
0 0.369140625 0.0400390625 0.0390625 0.025390625
0 0.5556640625 0.0380859375 0.037109375 0.025390625
0 0.314453125 0.0341796875 0.015625 0.017578125
0 0.1552734375 0.0341796875 0.037109375 0.025390625
0 0.0947265625 0.02734375 0.017578125 0.015625
0 0.744140625 0.048828125 0.0625 0.0625
0 0.0556640625 0.02734375 0.037109375 0.02734375
0 0.2333984375 0.0322265625 0.041015625 0.048828125
0 0.9794921875 0.0341796875 0.041015625 0.068359375
0 0.87890625 0.0244140625 0.0625 0.048828125
0 0.650390625 0.0087890625 0.015625 0.017578125
0 0.4638671875 0.015625 0.041015625 0.03125
0 0.361328125 0.01171875 0.046875 0.0234375
0 0.2216796875 0.0029296875 0.017578125 0.005859375
0 0.1455078125 0.0126953125 0.033203125 0.025390625
0 0.109375 0.0048828125 0.015625 0.009765625
0 0.08984375 0.0029296875 0.01953125 0.005859375
0 0.0517578125 0.0068359375 0.037109375 0.013671875