0 0.7998046875 0.9873046875 0.048828125 0.025390625
0 0.9853515625 0.94921875 0.017578125 0.01953125
0 0.0126953125 0.953125 0.025390625 0.046875
0 0.46875 0.84375 0.5703125 0.3125
0 0.9443359375 0.638671875 0.029296875 0.02734375
0 0.943359375 0.611328125 0.0234375 0.0234375
0 0.8486328125 0.609375 0.025390625 0.02734375
0 0.96484375 0.5791015625 0.02734375 0.037109375
0 0.8642578125 0.568359375 0.029296875 0.02734375
0 0.751953125 0.578125 0.0546875 0.046875
0 0.68359375 0.55078125 0.0234375 0.01953125
0 0.8720703125 0.537109375 0.025390625 0.02734375
0 0.962890625 0.5341796875 0.02734375 0.025390625
0 0.6220703125 0.53125 0.021484375 0.0234375
0 0.796875 0.5263671875 0.03515625 0.025390625
0 0.7333984375 0.517578125 0.029296875 0.0234375
0 0.8955078125 0.505859375 0.033203125 0.02734375
0 0.5244140625 0.4970703125 0.033203125 0.029296875
0 0.7060546875 0.494140625 0.029296875 0.03125
0 0.8212890625 0.4794921875 0.029296875 0.033203125
0 0.640625 0.4716796875 0.0234375 0.025390625
0 0.544921875 0.470703125 0.03125 0.0234375
0 0.44921875 0.47265625 0.03515625 0.02734375
0 0.9814453125 0.466796875 0.037109375 0.02734375
0 0.787109375 0.4716796875 0.0234375 0.037109375
0 0.947265625 0.4580078125 0.015625 0.017578125
0 0.375 0.4521484375 0.0234375 0.021484375
0 0.998046875 0.4404296875 0.00390625 0.005859375
0 0.73046875 0.4453125 0.03125 0.0234375
0 0.54296875 0.4443359375 0.02734375 0.021484375
0 0.458984375 0.4453125 0.03125 0.02734375
0 0.9091796875 0.4443359375 0.048828125 0.029296875
0 0.9970703125 0.4287109375 0.005859375 0.009765625
0 0.654296875 0.4345703125 0.02734375 0.033203125
0 0.390625 0.4228515625 0.03125 0.025390625
0 0.8271484375 0.4169921875 0.033203125 0.025390625
0 0.5517578125 0.4150390625 0.029296875 0.025390625
0 0.470703125 0.4150390625 0.03125 0.025390625
0 0.9189453125 0.4169921875 0.044921875 0.033203125
0 0.625 0.4140625 0.02734375 0.02734375
0 0.8505859375 0.3955078125 0.021484375 0.021484375
0 0.3935546875 0.3935546875 0.021484375 0.025390625
0 0.75 0.390625 0.03515625 0.0234375
0 0.568359375 0.384765625 0.0234375 0.01953125
0 0.92578125 0.3828125 0.02734375 0.0234375
0 0.4775390625 0.3857421875 0.033203125 0.029296875
0 0.966796875 0.3740234375 0.015625 0.017578125
0 0.857421875 0.369140625 0.0234375 0.0234375
0 0.7509765625 0.361328125 0.025390625 0.0234375
0 0.4912109375 0.361328125 0.025390625 0.0234375
0 0.9404296875 0.35546875 0.033203125 0.0234375
0 0.8662109375 0.345703125 0.021484375 0.01953125
0 0.4375 0.345703125 0.02734375 0.02734375
0 0.4091796875 0.3349609375 0.021484375 0.021484375
0 0.763671875 0.330078125 0.03515625 0.02734375
0 0.94921875 0.3271484375 0.02734375 0.025390625
0 0.7744140625 0.30078125 0.033203125 0.03125
0 0.8154296875 0.291015625 0.021484375 0.01953125
0 0.4375 0.28515625 0.02734375 0.01953125
0 0.884765625 0.28515625 0.0234375 0.02734375
0 0.853515625 0.2822265625 0.0234375 0.029296875
0 0.6328125 0.31640625 0.12890625 0.1015625
0 0.51171875 0.2744140625 0.03515625 0.021484375
0 0.962890625 0.2666015625 0.02734375 0.021484375
0 0.4453125 0.2548828125 0.0234375 0.025390625
0 0.5205078125 0.2470703125 0.044921875 0.029296875
0 0.97265625 0.240234375 0.03515625 0.03125
0 0.7900390625 0.2392578125 0.025390625 0.029296875
0 0.4541015625 0.2216796875 0.025390625 0.021484375
0 0.6259765625 0.220703125 0.033203125 0.02734375
0 0.5322265625 0.2177734375 0.033203125 0.025390625
0 0.724609375 0.21484375 0.03515625 0.03515625
0 0.9833984375 0.2109375 0.033203125 0.03125
0 0.6923828125 0.2099609375 0.029296875 0.037109375
0 0.4951171875 0.1982421875 0.017578125 0.017578125
0 0.5439453125 0.1904296875 0.041015625 0.025390625
0 0.986328125 0.1865234375 0.02734375 0.025390625
0 0.6455078125 0.1923828125 0.037109375 0.041015625
0 0.4794921875 0.1669921875 0.033203125 0.029296875
0 0.9912109375 0.1591796875 0.017578125 0.021484375
0 0.9970703125 0.138671875 0.005859375 0.01171875
0 0.4912109375 0.1396484375 0.033203125 0.021484375
0 0.5390625 0.130859375 0.02734375 0.03515625
0 0.5 0.1142578125 0.0390625 0.025390625
0 0.576171875 0.10546875 0.01953125 0.0234375
0 0.767578125 0.0966796875 0.02734375 0.021484375
0 0.509765625 0.0791015625 0.03125 0.025390625
0 0.578125 0.0732421875 0.03515625 0.029296875
0 0.5859375 0.048828125 0.04296875 0.03125
0 0.962890625 0.044921875 0.03125 0.03515625
0 0.9296875 0.0380859375 0.03515625 0.029296875
0 0.896484375 0.02734375 0.03125 0.03125
0 0.5302734375 0.0234375 0.033203125 0.02734375
0 0.9560546875 0.01171875 0.017578125 0.01953125
0 0.9794921875 0.0048828125 0.025390625 0.009765625
0 0.8681640625 0.009765625 0.025390625 0.01953125
0 0.8037109375 0.001953125 0.005859375 0.00390625
0 0.609375 0.0048828125 0.02734375 0.009765625
0 0.177734375 0.0751953125 0.10546875 0.150390625
0 0.0634765625 0.029296875 0.060546875 0.05859375
0 0.0205078125 0.0263671875 0.041015625 0.052734375