0 0.91015625 0.9970703125 0.03125 0.005859375
0 0.4951171875 0.994140625 0.033203125 0.01171875
0 0.357421875 0.9912109375 0.05078125 0.017578125
0 0.080078125 0.990234375 0.01953125 0.01953125
0 0.111328125 0.9873046875 0.0390625 0.025390625
0 0.6328125 0.9853515625 0.05078125 0.029296875
0 0.279296875 0.984375 0.046875 0.03125
0 0.99609375 0.9755859375 0.0078125 0.029296875
0 0.2158203125 0.974609375 0.033203125 0.03125
0 0.423828125 0.974609375 0.04296875 0.03515625
0 0.056640625 0.9765625 0.03515625 0.0390625
0 0.5048828125 0.970703125 0.048828125 0.03125
0 0.1435546875 0.9638671875 0.029296875 0.033203125
0 0.7099609375 0.9716796875 0.044921875 0.056640625
0 0.36328125 0.9580078125 0.0390625 0.033203125
0 0.0126953125 0.947265625 0.025390625 0.02734375
0 0.283203125 0.947265625 0.046875 0.03125
0 0.232421875 0.943359375 0.0390625 0.03125
0 0.779296875 0.95703125 0.04296875 0.0625
0 0.873046875 0.9599609375 0.14453125 0.080078125
0 0.115234375 0.9384765625 0.04296875 0.037109375
0 0.5078125 0.9345703125 0.046875 0.033203125
0 0.4296875 0.9326171875 0.0390625 0.037109375
0 0.3623046875 0.9248046875 0.033203125 0.029296875
0 0.150390625 0.92578125 0.04296875 0.03125
0 0.0771484375 0.916015625 0.033203125 0.01953125
0 0.71875 0.919921875 0.078125 0.05078125
0 0.0146484375 0.9072265625 0.029296875 0.037109375
0 0.1650390625 0.904296875 0.048828125 0.04296875
0 0.29296875 0.9033203125 0.03515625 0.048828125
0 0.36328125 0.8916015625 0.03125 0.029296875
0 0.1201171875 0.89453125 0.017578125 0.03515625
0 0.0771484375 0.8876953125 0.025390625 0.029296875
0 0.2470703125 0.8974609375 0.044921875 0.052734375
0 0.5634765625 0.912109375 0.166015625 0.1015625
0 0.4287109375 0.8818359375 0.052734375 0.060546875
0 0.0166015625 0.865234375 0.033203125 0.04296875
0 0.3681640625 0.85546875 0.056640625 0.03515625
0 0.89453125 0.8505859375 0.12890625 0.048828125
0 0.287109375 0.8466796875 0.06640625 0.041015625
0 0.173828125 0.8515625 0.046875 0.0546875
0 0.9482421875 0.8125 0.025390625 0.0234375
0 0.0244140625 0.82421875 0.048828125 0.046875
0 0.0927734375 0.818359375 0.033203125 0.0390625
0 0.55859375 0.7919921875 0.1328125 0.056640625
0 0.7392578125 0.80859375 0.173828125 0.09375
0 0.888671875 0.7734375 0.02734375 0.02734375
0 0.802734375 0.7763671875 0.05078125 0.033203125
0 0.845703125 0.7763671875 0.03125 0.037109375
0 0.935546875 0.771484375 0.02734375 0.03125
0 0.990234375 0.7646484375 0.01953125 0.056640625
0 0.4462890625 0.748046875 0.080078125 0.0859375
0 0.5966796875 0.736328125 0.041015625 0.06640625
0 0.7919921875 0.7021484375 0.048828125 0.037109375
0 0.7275390625 0.7080078125 0.064453125 0.048828125
0 0.8447265625 0.6953125 0.029296875 0.03515625
0 0.1884765625 0.708984375 0.060546875 0.078125
0 0.9892578125 0.6865234375 0.021484375 0.044921875
0 0.005859375 0.6845703125 0.01171875 0.041015625
0 0.6650390625 0.697265625 0.048828125 0.07421875
0 0.8525390625 0.650390625 0.025390625 0.0234375
0 0.548828125 0.69921875 0.11328125 0.125
0 0.7119140625 0.640625 0.025390625 0.01953125
0 0.2509765625 0.6962890625 0.072265625 0.134765625
0 0.6591796875 0.6416015625 0.041015625 0.033203125
0 0.9892578125 0.62109375 0.021484375 0.01953125
0 0.9169921875 0.6650390625 0.060546875 0.111328125
0 0.41796875 0.650390625 0.23828125 0.09765625
0 0.4453125 0.6162109375 0.0234375 0.037109375
0 0.4697265625 0.611328125 0.021484375 0.03515625
0 0.7041015625 0.6044921875 0.025390625 0.025390625
0 0.4951171875 0.6083984375 0.025390625 0.033203125
0 0.654296875 0.6103515625 0.0546875 0.041015625
0 0.5205078125 0.6044921875 0.021484375 0.033203125
0 0.73828125 0.6005859375 0.02734375 0.037109375
0 0.544921875 0.5986328125 0.0234375 0.037109375
0 0.7734375 0.59765625 0.03125 0.04296875
0 0.8115234375 0.5849609375 0.033203125 0.041015625
0 0.1923828125 0.580078125 0.037109375 0.03515625
0 0.1005859375 0.6494140625 0.138671875 0.173828125
0 0.84765625 0.576171875 0.03515625 0.04296875
0 0.90234375 0.5654296875 0.05078125 0.052734375
0 0.0126953125 0.5517578125 0.025390625 0.041015625
0 0.9794921875 0.5537109375 0.041015625 0.064453125
0 0.2294921875 0.5791015625 0.087890625 0.123046875
0 0.53515625 0.564453125 0.09375 0.1015625
0 0.4228515625 0.556640625 0.060546875 0.08984375
0 0.9638671875 0.509765625 0.041015625 0.03515625
0 0.6201171875 0.5322265625 0.044921875 0.080078125
0 0.7861328125 0.5009765625 0.029296875 0.029296875
0 0.892578125 0.4990234375 0.03515625 0.033203125
0 0.8623046875 0.4970703125 0.021484375 0.033203125
0 0.828125 0.4990234375 0.046875 0.037109375
0 0.3095703125 0.5224609375 0.138671875 0.095703125
0 0.689453125 0.513671875 0.09375 0.0859375
0 0.947265625 0.48046875 0.03125 0.0234375
0 0.9912109375 0.4814453125 0.017578125 0.041015625
0 0.091796875 0.4833984375 0.046875 0.052734375
0 0.8798828125 0.4697265625 0.033203125 0.029296875
0 0.7890625 0.466796875 0.03125 0.02734375
0 0.7705078125 0.4482421875 0.029296875 0.021484375
0 0.8681640625 0.447265625 0.037109375 0.02734375
0 0.3798828125 0.4560546875 0.048828125 0.064453125
0 0.9443359375 0.427734375 0.041015625 0.02734375
0 0.69140625 0.4267578125 0.04296875 0.029296875
0 0.7587890625 0.419921875 0.029296875 0.0234375
0 0.060546875 0.48046875 0.08984375 0.14453125
0 0.9970703125 0.412109375 0.005859375 0.0234375
0 0.4853515625 0.4365234375 0.048828125 0.072265625
0 0.84375 0.4130859375 0.04296875 0.041015625
0 0.1904296875 0.4404296875 0.115234375 0.095703125
0 0.609375 0.423828125 0.0703125 0.08203125
0 0.4658203125 0.3896484375 0.025390625 0.025390625
0 0.2998046875 0.396484375 0.083984375 0.0625
0 0.7509765625 0.384765625 0.048828125 0.05078125
0 0.259765625 0.3671875 0.0390625 0.03125
0 0.6025390625 0.3662109375 0.068359375 0.033203125
0 0.505859375 0.3681640625 0.0625 0.064453125
0 0.2490234375 0.34375 0.037109375 0.03125
0 0.662109375 0.3671875 0.0703125 0.08984375
0 0.7333984375 0.3330078125 0.029296875 0.033203125
0 0.380859375 0.33203125 0.0546875 0.046875
0 0.23828125 0.318359375 0.046875 0.03515625
0 0.630859375 0.294921875 0.01953125 0.0234375
0 0.587890625 0.3203125 0.06640625 0.07421875
0 0.3427734375 0.306640625 0.087890625 0.0703125
0 0.2392578125 0.2802734375 0.041015625 0.033203125
0 0.12890625 0.3076171875 0.109375 0.158203125
0 0.921875 0.28515625 0.078125 0.12109375
0 0.9697265625 0.2607421875 0.060546875 0.076171875
0 0.8623046875 0.2939453125 0.099609375 0.142578125
0 0.7490234375 0.2998046875 0.181640625 0.173828125
0 0.453125 0.2607421875 0.125 0.119140625
0 0.048828125 0.2685546875 0.09765625 0.166015625
0 0.2568359375 0.2080078125 0.166015625 0.107421875
0 0.0595703125 0.1611328125 0.025390625 0.021484375
0 0.587890625 0.1611328125 0.09375 0.041015625
0 0.1484375 0.1494140625 0.03125 0.017578125
0 0.48046875 0.15625 0.05859375 0.05859375
0 0.2587890625 0.1142578125 0.162109375 0.076171875
0 0.1259765625 0.09375 0.041015625 0.046875
0 0.0244140625 0.0810546875 0.048828125 0.052734375
0 0.771484375 0.00390625 0.015625 0.0078125