0 0.830078125 0.99609375 0.0234375 0.0078125
0 0.853515625 0.9921875 0.01171875 0.015625
0 0.7998046875 0.9912109375 0.017578125 0.017578125
0 0.6708984375 0.9814453125 0.021484375 0.021484375
0 0.6455078125 0.978515625 0.021484375 0.0234375
0 0.6015625 0.9765625 0.015625 0.01953125
0 0.5791015625 0.974609375 0.025390625 0.02734375
0 0.951171875 0.978515625 0.09765625 0.04296875
0 0.8564453125 0.9638671875 0.017578125 0.021484375
0 0.732421875 0.9755859375 0.01953125 0.044921875
0 0.7587890625 0.9755859375 0.013671875 0.048828125
0 0.8369140625 0.9560546875 0.017578125 0.013671875
0 0.44140625 0.962890625 0.0234375 0.02734375
0 0.498046875 0.962890625 0.03125 0.03125
0 0.806640625 0.9521484375 0.01953125 0.013671875
0 0.5830078125 0.9501953125 0.017578125 0.013671875
0 0.3076171875 0.943359375 0.033203125 0.0234375
0 0.2412109375 0.9423828125 0.037109375 0.025390625
0 0.7734375 0.93359375 0.0234375 0.015625
0 0.8115234375 0.931640625 0.029296875 0.015625
0 0.6572265625 0.9345703125 0.025390625 0.021484375
0 0.5888671875 0.93359375 0.041015625 0.02734375
0 0.486328125 0.9267578125 0.0234375 0.017578125
0 0.0546875 0.9306640625 0.03515625 0.025390625
0 0.5283203125 0.9208984375 0.021484375 0.017578125
0 0.13671875 0.923828125 0.03515625 0.02734375
0 0.85546875 0.92578125 0.01953125 0.03515625
0 0.1953125 0.9267578125 0.03515625 0.044921875
0 0.0107421875 0.9189453125 0.021484375 0.029296875
0 0.298828125 0.9169921875 0.0390625 0.033203125
0 0.234375 0.9140625 0.03515625 0.02734375
0 0.787109375 0.908203125 0.03125 0.0234375
0 0.6650390625 0.8994140625 0.056640625 0.017578125
0 0.609375 0.90234375 0.01953125 0.0234375
0 0.5830078125 0.8994140625 0.021484375 0.021484375
0 0.478515625 0.8974609375 0.0234375 0.017578125
0 0.048828125 0.8984375 0.03125 0.0234375
0 0.5302734375 0.8876953125 0.017578125 0.017578125
0 0.8564453125 0.884765625 0.025390625 0.015625
0 0.125 0.8916015625 0.02734375 0.029296875
0 0.796875 0.880859375 0.02734375 0.015625
0 0.2255859375 0.8828125 0.033203125 0.0234375
0 0.287109375 0.880859375 0.03125 0.02734375
0 0.763671875 0.876953125 0.015625 0.02734375
0 0.1796875 0.8798828125 0.05078125 0.033203125
0 0.4052734375 0.8779296875 0.048828125 0.037109375
0 0.658203125 0.87109375 0.03125 0.02734375
0 0.6103515625 0.8662109375 0.021484375 0.021484375
0 0.5830078125 0.861328125 0.017578125 0.01953125
0 0.033203125 0.8642578125 0.0390625 0.025390625
0 0.4794921875 0.857421875 0.021484375 0.01953125
0 0.9453125 0.8525390625 0.015625 0.013671875
0 0.529296875 0.85546875 0.03125 0.01953125
0 0.8564453125 0.85546875 0.041015625 0.0234375
0 0.3779296875 0.8466796875 0.013671875 0.013671875
0 0.21875 0.8515625 0.03125 0.0234375
0 0.7060546875 0.9150390625 0.029296875 0.158203125
0 0.98046875 0.841796875 0.02734375 0.01953125
0 0.2880859375 0.845703125 0.052734375 0.03125
0 0.69140625 0.833984375 0.0234375 0.015625
0 0.591796875 0.8369140625 0.02734375 0.021484375
0 0.353515625 0.8388671875 0.02734375 0.025390625
0 0.623046875 0.8369140625 0.015625 0.025390625
0 0.919921875 0.8359375 0.0234375 0.02734375
0 0.658203125 0.8330078125 0.03125 0.021484375
0 0.8681640625 0.830078125 0.021484375 0.01953125
0 0.396484375 0.8359375 0.0234375 0.03515625
0 0.8232421875 0.826171875 0.013671875 0.0234375
0 0.8076171875 0.8232421875 0.013671875 0.017578125
0 0.791015625 0.8193359375 0.01171875 0.017578125
0 0.107421875 0.82421875 0.02734375 0.03125
0 0.2119140625 0.8193359375 0.033203125 0.025390625
0 0.470703125 0.818359375 0.03125 0.02734375
0 0.962890625 0.810546875 0.01171875 0.015625
0 0.2734375 0.81640625 0.03515625 0.02734375
0 0.1650390625 0.8291015625 0.044921875 0.060546875
0 0.69140625 0.806640625 0.015625 0.01953125
0 0.6689453125 0.806640625 0.017578125 0.01953125
0 0.322265625 0.8046875 0.03125 0.0234375
0 0.0166015625 0.8076171875 0.033203125 0.029296875
0 0.63671875 0.8017578125 0.0390625 0.021484375
0 0.5947265625 0.80078125 0.025390625 0.01953125
0 0.140625 0.802734375 0.03125 0.02734375
0 0.8642578125 0.7939453125 0.037109375 0.017578125
0 0.80078125 0.7880859375 0.01953125 0.017578125
0 0.7783203125 0.7900390625 0.017578125 0.021484375
0 0.978515625 0.787109375 0.0234375 0.0234375
0 0.2021484375 0.7880859375 0.033203125 0.025390625
0 0.291015625 0.7861328125 0.01953125 0.025390625
0 0.5244140625 0.8056640625 0.060546875 0.072265625
0 0.99609375 0.775390625 0.0078125 0.01953125
0 0.9228515625 0.78125 0.021484375 0.03515625
0 0.806640625 0.7705078125 0.0390625 0.013671875
0 0.259765625 0.7802734375 0.03515625 0.033203125
0 0.744140625 0.85546875 0.03515625 0.19140625
0 0.873046875 0.76953125 0.0234375 0.0234375
0 0.00390625 0.765625 0.0078125 0.015625
0 0.8291015625 0.7568359375 0.017578125 0.009765625
0 0.677734375 0.759765625 0.015625 0.0234375
0 0.7001953125 0.7548828125 0.017578125 0.017578125
0 0.5439453125 0.75390625 0.021484375 0.01953125
0 0.6484375 0.75390625 0.02734375 0.0234375
0 0.3173828125 0.751953125 0.025390625 0.0234375
0 0.603515625 0.748046875 0.02734375 0.0234375
0 0.9443359375 0.76171875 0.052734375 0.0546875
0 0.369140625 0.7490234375 0.04296875 0.033203125
0 0.8544921875 0.740234375 0.013671875 0.0234375
0 0.876953125 0.736328125 0.01953125 0.01953125
0 0.8115234375 0.740234375 0.013671875 0.02734375
0 0.796875 0.734375 0.015625 0.01953125
0 0.779296875 0.7392578125 0.015625 0.029296875
0 0.7490234375 0.7333984375 0.021484375 0.025390625
0 0.837890625 0.7255859375 0.015625 0.013671875
0 0.009765625 0.7353515625 0.01953125 0.033203125
0 0.458984375 0.73046875 0.04296875 0.03125
0 0.6982421875 0.72265625 0.021484375 0.0234375
0 0.607421875 0.7216796875 0.03515625 0.021484375
0 0.6484375 0.7177734375 0.03125 0.017578125
0 0.3798828125 0.720703125 0.033203125 0.0234375
0 0.50390625 0.7265625 0.0234375 0.0390625
0 0.5390625 0.7138671875 0.0234375 0.017578125
0 0.982421875 0.7109375 0.015625 0.01953125
0 0.1083984375 0.716796875 0.064453125 0.04296875
0 0.0029296875 0.7041015625 0.005859375 0.017578125
0 0.3544921875 0.703125 0.052734375 0.0234375
0 0.9453125 0.6962890625 0.03125 0.025390625
0 0.8818359375 0.6845703125 0.017578125 0.013671875
0 0.9921875 0.6845703125 0.015625 0.017578125
0 0.84765625 0.6748046875 0.01171875 0.013671875
0 0.80859375 0.673828125 0.015625 0.01171875
0 0.001953125 0.6728515625 0.00390625 0.009765625
0 0.94921875 0.6708984375 0.03125 0.025390625
0 0.70703125 0.6640625 0.01953125 0.01953125
0 0.6240234375 0.66015625 0.013671875 0.015625
0 0.3544921875 0.65625 0.044921875 0.02734375
0 0.447265625 0.6513671875 0.04296875 0.025390625
0 0.0908203125 0.654296875 0.052734375 0.03515625
0 0.5078125 0.640625 0.04296875 0.0390625
0 0.966796875 0.626953125 0.02734375 0.02734375
0 0.884765625 0.62109375 0.01953125 0.03125
0 0.849609375 0.6240234375 0.0234375 0.041015625
0 0.603515625 0.615234375 0.03515625 0.03125
0 0.6923828125 0.619140625 0.044921875 0.04296875
0 0.3330078125 0.6142578125 0.037109375 0.037109375
0 0.0673828125 0.611328125 0.037109375 0.03125
0 0.1923828125 0.6005859375 0.013671875 0.013671875
0 0.7509765625 0.6162109375 0.033203125 0.048828125
0 0.208984375 0.625 0.078125 0.06640625
0 0.798828125 0.6103515625 0.02734375 0.044921875
0 0.4365234375 0.6025390625 0.037109375 0.029296875
0 0.2099609375 0.578125 0.017578125 0.01953125
0 0.27734375 0.5771484375 0.0234375 0.029296875
0 0.490234375 0.5771484375 0.03125 0.033203125
0 0.0625 0.548828125 0.0390625 0.02734375
0 0.9716796875 0.5458984375 0.033203125 0.029296875
0 0.4228515625 0.5419921875 0.029296875 0.029296875
0 0.876953125 0.5322265625 0.05078125 0.017578125
0 0.2021484375 0.5419921875 0.033203125 0.041015625
0 0.1396484375 0.548828125 0.037109375 0.05859375
0 0.462890625 0.5244140625 0.015625 0.017578125
0 0.6220703125 0.5244140625 0.044921875 0.021484375
0 0.8115234375 0.5224609375 0.025390625 0.021484375
0 0.892578125 0.505859375 0.02734375 0.015625
0 0.67578125 0.515625 0.03515625 0.03515625
0 0.2705078125 0.509765625 0.037109375 0.02734375
0 0.6103515625 0.5029296875 0.013671875 0.017578125
0 0.435546875 0.50390625 0.015625 0.01953125
0 0.9609375 0.501953125 0.0234375 0.0234375
0 0.994140625 0.49609375 0.01171875 0.02734375
0 0.330078125 0.498046875 0.03515625 0.03125
0 0.654296875 0.4873046875 0.01171875 0.013671875
0 0.5263671875 0.4951171875 0.025390625 0.044921875
0 0.408203125 0.4873046875 0.03515625 0.033203125
0 0.87890625 0.4775390625 0.03515625 0.021484375
0 0.7333984375 0.4755859375 0.044921875 0.017578125
0 0.6328125 0.47265625 0.015625 0.015625
0 0.81640625 0.4765625 0.0390625 0.02734375
0 0.96484375 0.474609375 0.03515625 0.02734375
0 0.46875 0.4833984375 0.03125 0.044921875
0 0.6650390625 0.4619140625 0.029296875 0.029296875
0 0.6162109375 0.4521484375 0.041015625 0.029296875
0 0.7763671875 0.443359375 0.025390625 0.0390625
0 0.83984375 0.43359375 0.0234375 0.03125
0 0.0263671875 0.431640625 0.052734375 0.0390625
0 0.0849609375 0.4208984375 0.037109375 0.044921875
0 0.859375 0.4013671875 0.03125 0.025390625
0 0.205078125 0.3935546875 0.0234375 0.021484375
0 0.9033203125 0.3916015625 0.033203125 0.033203125
0 0.13671875 0.3984375 0.0390625 0.046875
0 0.98046875 0.396484375 0.0390625 0.046875
0 0.279296875 0.3916015625 0.04296875 0.037109375
0 0.34765625 0.37890625 0.05859375 0.03515625
0 0.4775390625 0.3759765625 0.064453125 0.037109375
0 0.033203125 0.37890625 0.02734375 0.04296875
0 0.2998046875 0.353515625 0.017578125 0.01953125
0 0.0126953125 0.3427734375 0.025390625 0.033203125
0 0.6279296875 0.33203125 0.017578125 0.015625
0 0.6552734375 0.345703125 0.044921875 0.05078125
0 0.5908203125 0.3427734375 0.037109375 0.048828125
0 0.732421875 0.33203125 0.04296875 0.03515625
0 0.283203125 0.3271484375 0.02734375 0.033203125
0 0.068359375 0.322265625 0.0546875 0.02734375
0 0.439453125 0.3173828125 0.03515625 0.029296875
0 0.111328125 0.3154296875 0.02734375 0.029296875
0 0.53125 0.3212890625 0.0390625 0.048828125
0 0.177734375 0.3134765625 0.04296875 0.048828125
0 0.33984375 0.298828125 0.0390625 0.02734375
0 0.0791015625 0.2958984375 0.017578125 0.021484375
0 0.2783203125 0.296875 0.068359375 0.03125
0 0.6435546875 0.291015625 0.037109375 0.03515625
0 0.7099609375 0.287109375 0.029296875 0.03125
0 0.787109375 0.2900390625 0.04296875 0.041015625
0 0.59375 0.2802734375 0.05859375 0.029296875
0 0.060546875 0.2646484375 0.0625 0.044921875
0 0.423828125 0.2509765625 0.04296875 0.033203125
0 0.6328125 0.248046875 0.03515625 0.03125
0 0.3349609375 0.25 0.037109375 0.0390625
0 0.58984375 0.232421875 0.01953125 0.01953125
0 0.265625 0.23828125 0.03515625 0.03125
0 0.6943359375 0.2373046875 0.029296875 0.037109375
0 0.5185546875 0.2353515625 0.033203125 0.033203125
0 0.1376953125 0.23046875 0.048828125 0.03125
0 0.7353515625 0.2265625 0.033203125 0.03125
0 0.564453125 0.23046875 0.03125 0.04296875
0 0.623046875 0.2099609375 0.03515625 0.029296875
0 0.97265625 0.2109375 0.05078125 0.046875
0 0.2138671875 0.201171875 0.037109375 0.0390625
0 0.6884765625 0.1875 0.037109375 0.03125
0 0.8095703125 0.2275390625 0.134765625 0.130859375
0 0.412109375 0.1826171875 0.046875 0.044921875
0 0.3134765625 0.1748046875 0.052734375 0.041015625
0 0.9462890625 0.1728515625 0.037109375 0.041015625
0 0.4560546875 0.1767578125 0.044921875 0.056640625
0 0.5087890625 0.1611328125 0.037109375 0.044921875
0 0.5556640625 0.154296875 0.029296875 0.03515625
0 0.111328125 0.1494140625 0.05859375 0.041015625
0 0.03125 0.1533203125 0.0546875 0.048828125
0 0.9658203125 0.1328125 0.021484375 0.0234375
0 0.607421875 0.138671875 0.05859375 0.05078125
0 0.1796875 0.1279296875 0.05078125 0.041015625
0 0.6611328125 0.1201171875 0.037109375 0.037109375
0 0.8994140625 0.111328125 0.048828125 0.0390625
0 0.7041015625 0.1025390625 0.037109375 0.041015625
0 0.2880859375 0.103515625 0.052734375 0.0546875
0 0.388671875 0.095703125 0.03125 0.0546875
0 0.9853515625 0.078125 0.025390625 0.0234375
0 0.4609375 0.0849609375 0.03125 0.048828125
0 0.51171875 0.0703125 0.046875 0.0390625
0 0.875 0.0673828125 0.04296875 0.037109375
0 0.568359375 0.06640625 0.0625 0.046875
0 0.767578125 0.07421875 0.05859375 0.0703125
0 0.970703125 0.0546875 0.03515625 0.03515625
0 0.623046875 0.048828125 0.04296875 0.04296875
0 0.939453125 0.033203125 0.03515625 0.0390625
0 0.6669921875 0.0283203125 0.044921875 0.044921875
0 0.005859375 0.017578125 0.01171875 0.02734375
0 0.845703125 0.017578125 0.04296875 0.03515625
0 0.7216796875 0.0166015625 0.044921875 0.033203125
0 0.2607421875 0.0068359375 0.033203125 0.013671875
0 0.1943359375 0.01171875 0.048828125 0.0234375
0 0.1162109375 0.0185546875 0.033203125 0.037109375