0 0.3759765625 0.998046875 0.005859375 0.00390625
0 0.0908203125 0.9951171875 0.025390625 0.009765625
0 0.3173828125 0.9912109375 0.017578125 0.017578125
0 0.4677734375 0.98828125 0.033203125 0.0234375
0 0.3486328125 0.986328125 0.025390625 0.02734375
0 0.0400390625 0.986328125 0.037109375 0.02734375
0 0.390625 0.9853515625 0.03515625 0.029296875
0 0.2236328125 0.98046875 0.029296875 0.0390625
0 0.78515625 0.978515625 0.125 0.04296875
0 0.9970703125 0.962890625 0.005859375 0.015625
0 0.1962890625 0.970703125 0.029296875 0.0390625
0 0.1630859375 0.9638671875 0.025390625 0.029296875
0 0.4765625 0.962890625 0.03125 0.03515625
0 0.298828125 0.9609375 0.03515625 0.03125
0 0.1357421875 0.9541015625 0.025390625 0.029296875
0 0.99609375 0.9384765625 0.0078125 0.017578125
0 0.6689453125 0.96484375 0.080078125 0.0703125
0 0.412109375 0.9423828125 0.0390625 0.029296875
0 0.1044921875 0.9423828125 0.025390625 0.029296875
0 0.232421875 0.939453125 0.0390625 0.03125
0 0.357421875 0.9287109375 0.0234375 0.021484375
0 0.177734375 0.927734375 0.02734375 0.03125
0 0.48828125 0.92578125 0.02734375 0.03125
0 0.9873046875 0.9150390625 0.025390625 0.025390625
0 0.0712890625 0.923828125 0.048828125 0.05078125
0 0.1279296875 0.91015625 0.025390625 0.03125
0 0.416015625 0.9091796875 0.0625 0.052734375
0 0.0087890625 0.90234375 0.017578125 0.04296875
0 0.3212890625 0.9033203125 0.037109375 0.048828125
0 0.2578125 0.8896484375 0.02734375 0.021484375
0 0.990234375 0.8896484375 0.01953125 0.025390625
0 0.234375 0.8857421875 0.015625 0.017578125
0 0.0888671875 0.890625 0.033203125 0.02734375
0 0.5205078125 0.869140625 0.025390625 0.0234375
0 0.9853515625 0.8642578125 0.025390625 0.021484375
0 0.236328125 0.861328125 0.015625 0.015625
0 0.015625 0.8671875 0.03125 0.02734375
0 0.7646484375 0.8642578125 0.037109375 0.025390625
0 0.3388671875 0.8662109375 0.033203125 0.029296875
0 0.2109375 0.87109375 0.02734375 0.0390625
0 0.9296875 0.857421875 0.01953125 0.0234375
0 0.1845703125 0.8623046875 0.029296875 0.037109375
0 0.1552734375 0.857421875 0.029296875 0.02734375
0 0.8984375 0.853515625 0.01953125 0.0234375
0 0.45703125 0.8544921875 0.0234375 0.025390625
0 0.873046875 0.849609375 0.01953125 0.0234375
0 0.2666015625 0.8603515625 0.041015625 0.044921875
0 0.12890625 0.84765625 0.02734375 0.03125
0 0.9794921875 0.8427734375 0.025390625 0.025390625
0 0.2490234375 0.8359375 0.025390625 0.0234375
0 0.1025390625 0.8388671875 0.029296875 0.029296875
0 0.2216796875 0.83203125 0.021484375 0.0234375
0 0.5361328125 0.837890625 0.037109375 0.046875
0 0.197265625 0.8203125 0.0234375 0.03125
0 0.0400390625 0.8203125 0.037109375 0.03125
0 0.1171875 0.814453125 0.0390625 0.02734375
0 0.173828125 0.8115234375 0.02734375 0.029296875
0 0.927734375 0.80078125 0.01953125 0.0234375
0 0.4658203125 0.8017578125 0.033203125 0.025390625
0 0.0078125 0.8037109375 0.015625 0.029296875
0 0.966796875 0.798828125 0.03515625 0.03125
0 0.89453125 0.7958984375 0.01953125 0.025390625
0 0.048828125 0.796875 0.03515625 0.02734375
0 0.3681640625 0.8056640625 0.044921875 0.048828125
0 0.1259765625 0.79296875 0.041015625 0.03125
0 0.5537109375 0.77734375 0.037109375 0.02734375
0 0.37890625 0.7734375 0.0390625 0.02734375
0 0.2509765625 0.775390625 0.029296875 0.03125
0 0.056640625 0.7734375 0.03515625 0.02734375
0 0.2216796875 0.7666015625 0.025390625 0.029296875
0 0.9638671875 0.759765625 0.029296875 0.0234375
0 0.1943359375 0.7587890625 0.025390625 0.029296875
0 0.0146484375 0.7646484375 0.029296875 0.041015625
0 0.00390625 0.7509765625 0.0078125 0.017578125
0 0.494140625 0.7529296875 0.03515625 0.029296875
0 0.1533203125 0.748046875 0.041015625 0.03125
0 0.2958984375 0.7646484375 0.056640625 0.080078125
0 0.9716796875 0.734375 0.025390625 0.0234375
0 0.265625 0.7373046875 0.02734375 0.033203125
0 0.9404296875 0.7314453125 0.021484375 0.025390625
0 0.501953125 0.7294921875 0.02734375 0.025390625
0 0.435546875 0.73046875 0.02734375 0.03125
0 0.240234375 0.7275390625 0.02734375 0.029296875
0 0.0810546875 0.7265625 0.041015625 0.02734375
0 0.9189453125 0.7236328125 0.025390625 0.025390625
0 0.400390625 0.7236328125 0.0390625 0.025390625
0 0.56640625 0.7353515625 0.03125 0.052734375
0 0.2021484375 0.71484375 0.041015625 0.03515625
0 0.091796875 0.7060546875 0.03515625 0.025390625
0 0.5078125 0.7041015625 0.02734375 0.025390625
0 0.1591796875 0.7158203125 0.041015625 0.048828125
0 0.04296875 0.7080078125 0.02734375 0.033203125
0 0.40625 0.69921875 0.0390625 0.02734375
0 0.98828125 0.6962890625 0.0234375 0.025390625
0 0.326171875 0.6962890625 0.04296875 0.029296875
0 0.0205078125 0.6982421875 0.025390625 0.033203125
0 0.0048828125 0.689453125 0.009765625 0.0234375
0 0.44921875 0.6904296875 0.02734375 0.033203125
0 0.1025390625 0.6826171875 0.029296875 0.025390625
0 0.962890625 0.6806640625 0.0234375 0.033203125
0 0.9931640625 0.6708984375 0.013671875 0.021484375
0 0.2890625 0.677734375 0.02734375 0.03515625
0 0.9423828125 0.6728515625 0.025390625 0.033203125
0 0.4140625 0.6708984375 0.03515625 0.029296875
0 0.3359375 0.6728515625 0.0390625 0.033203125
0 0.0556640625 0.66796875 0.025390625 0.03125
0 0.2626953125 0.6689453125 0.029296875 0.037109375
0 0.9970703125 0.65234375 0.005859375 0.01171875
0 0.6044921875 0.6572265625 0.025390625 0.025390625
0 0.2392578125 0.662109375 0.029296875 0.03515625
0 0.0322265625 0.66015625 0.025390625 0.03125
0 0.529296875 0.6552734375 0.03125 0.029296875
0 0.0126953125 0.6494140625 0.021484375 0.025390625
0 0.9765625 0.64453125 0.0234375 0.0234375
0 0.498046875 0.64453125 0.0234375 0.0234375
0 0.337890625 0.6455078125 0.05078125 0.029296875
0 0.4736328125 0.63671875 0.021484375 0.0234375
0 0.2880859375 0.63671875 0.041015625 0.02734375
0 0.615234375 0.630859375 0.0234375 0.0234375
0 0.5400390625 0.6328125 0.033203125 0.02734375
0 0.1240234375 0.6298828125 0.037109375 0.029296875
0 0.203125 0.642578125 0.05078125 0.05859375
0 0.439453125 0.625 0.03515625 0.02734375
0 0.2314453125 0.619140625 0.017578125 0.015625
0 0.0869140625 0.6142578125 0.029296875 0.033203125
0 0.1328125 0.6083984375 0.03125 0.025390625
0 0.62890625 0.6044921875 0.03125 0.025390625
0 0.55078125 0.60546875 0.03125 0.02734375
0 0.0625 0.6064453125 0.02734375 0.033203125
0 0.447265625 0.599609375 0.03515625 0.02734375
0 0.0185546875 0.5908203125 0.021484375 0.017578125
0 0.0380859375 0.59765625 0.025390625 0.03515625
0 0.001953125 0.58203125 0.00390625 0.0078125
0 0.1474609375 0.5849609375 0.033203125 0.029296875
0 0.5595703125 0.5830078125 0.033203125 0.029296875
0 0.455078125 0.5751953125 0.02734375 0.025390625
0 0.1015625 0.576171875 0.02734375 0.0390625
0 0.0087890625 0.5625 0.017578125 0.0234375
0 0.3447265625 0.57421875 0.091796875 0.05859375
0 0.2607421875 0.560546875 0.029296875 0.03515625
0 0.2314453125 0.5537109375 0.029296875 0.025390625
0 0.068359375 0.5634765625 0.05078125 0.048828125
0 0.4638671875 0.55078125 0.033203125 0.02734375
0 0.8046875 0.611328125 0.14453125 0.15234375
0 0.01171875 0.5390625 0.0234375 0.0234375
0 0.1728515625 0.5380859375 0.037109375 0.029296875
0 0.2431640625 0.529296875 0.029296875 0.0234375
0 0.1328125 0.521484375 0.03515625 0.03125
0 0.1806640625 0.515625 0.037109375 0.02734375
0 0.0927734375 0.5087890625 0.037109375 0.033203125
0 0.482421875 0.505859375 0.0390625 0.03125
0 0.1884765625 0.4921875 0.033203125 0.02734375
0 0.1513671875 0.4892578125 0.033203125 0.025390625
0 0.67578125 0.5078125 0.0625 0.08984375
0 0.10546875 0.47265625 0.03125 0.0234375
0 0.4033203125 0.5048828125 0.056640625 0.091796875
0 0.201171875 0.4677734375 0.03125 0.025390625
0 0.212890625 0.4482421875 0.03125 0.025390625
0 0.2861328125 0.46484375 0.052734375 0.08984375
0 0.546875 0.4765625 0.13671875 0.125
0 0.43359375 0.4306640625 0.0390625 0.052734375
0 0.103515625 0.43359375 0.0859375 0.0625
0 0.193359375 0.4130859375 0.03125 0.025390625
0 0.013671875 0.421875 0.02734375 0.05859375
0 0.712890625 0.4169921875 0.0625 0.060546875
0 0.7744140625 0.4169921875 0.068359375 0.064453125
0 0.2060546875 0.3857421875 0.033203125 0.025390625
0 0.0234375 0.384765625 0.0234375 0.0234375
0 0.3837890625 0.3857421875 0.033203125 0.033203125
0 0.31640625 0.3896484375 0.046875 0.048828125
0 0.099609375 0.3671875 0.04296875 0.05078125
0 0.0361328125 0.3427734375 0.029296875 0.029296875
0 0.87109375 0.38671875 0.1171875 0.19140625
0 0.767578125 0.3349609375 0.11328125 0.107421875
0 0.19140625 0.3203125 0.18359375 0.078125
0 0.697265625 0.259765625 0.03515625 0.03515625
0 0.03125 0.2783203125 0.0625 0.080078125
0 0.9228515625 0.2470703125 0.025390625 0.029296875
0 0.86328125 0.2412109375 0.0234375 0.029296875
0 0.7412109375 0.240234375 0.021484375 0.02734375
0 0.80078125 0.23828125 0.0234375 0.03125
0 0.7705078125 0.23828125 0.021484375 0.03125
0 0.822265625 0.212890625 0.015625 0.015625
0 0.9423828125 0.232421875 0.115234375 0.0703125
0 0.5263671875 0.2919921875 0.357421875 0.232421875
0 0.8681640625 0.1318359375 0.162109375 0.099609375
0 0.1640625 0.1552734375 0.328125 0.279296875
0 0.5185546875 0.05078125 0.162109375 0.1015625
0 0.2353515625 0.0625 0.279296875 0.125