0 0.25390625 0.998046875 0.00390625 0.00390625
0 0.990234375 0.9892578125 0.01953125 0.021484375
0 0.8056640625 0.9892578125 0.021484375 0.021484375
0 0.2998046875 0.986328125 0.033203125 0.02734375
0 0.9501953125 0.978515625 0.033203125 0.03515625
0 0.3974609375 0.9599609375 0.025390625 0.025390625
0 0.9140625 0.9609375 0.0390625 0.03125
0 0.830078125 0.9609375 0.03515625 0.03125
0 0.873046875 0.9384765625 0.03125 0.037109375
0 0.98828125 0.9306640625 0.0234375 0.025390625
0 0.3759765625 0.9189453125 0.025390625 0.033203125
0 0.9521484375 0.904296875 0.033203125 0.03515625
0 0.287109375 0.890625 0.03515625 0.03515625
0 0.919921875 0.8681640625 0.03515625 0.029296875
0 0.9951171875 0.8505859375 0.009765625 0.017578125
0 0.8896484375 0.841796875 0.029296875 0.03515625
0 0.365234375 0.8232421875 0.02734375 0.037109375
0 0.9794921875 0.8203125 0.033203125 0.03515625
0 0.44921875 0.818359375 0.03515625 0.0625
0 0.501953125 0.8388671875 0.0390625 0.123046875
0 0.9599609375 0.7890625 0.033203125 0.03125
0 0.607421875 0.8056640625 0.03125 0.064453125
0 0.556640625 0.833984375 0.03515625 0.125
0 0.3447265625 0.7744140625 0.017578125 0.017578125
0 0.3076171875 0.7724609375 0.029296875 0.029296875
0 0.9423828125 0.7646484375 0.033203125 0.037109375
0 0.0595703125 0.748046875 0.021484375 0.0234375
0 0.091796875 0.7314453125 0.0234375 0.021484375
0 0.6279296875 0.740234375 0.060546875 0.05859375
0 0.23828125 0.7255859375 0.0390625 0.029296875
0 0.9814453125 0.7080078125 0.017578125 0.029296875
0 0.1357421875 0.7060546875 0.025390625 0.025390625
0 0.9912109375 0.66796875 0.017578125 0.03515625
0 0.052734375 0.650390625 0.0390625 0.02734375
0 0.5888671875 0.6630859375 0.087890625 0.072265625
0 0.2431640625 0.6162109375 0.037109375 0.021484375
0 0.994140625 0.611328125 0.01171875 0.01953125
0 0.0732421875 0.5908203125 0.037109375 0.025390625
0 0.5078125 0.6044921875 0.09375 0.064453125
0 0.203125 0.572265625 0.02734375 0.03125
0 0.6572265625 0.5859375 0.068359375 0.09375
0 0.2705078125 0.5556640625 0.037109375 0.033203125
0 0.1259765625 0.546875 0.029296875 0.03515625
0 0.4482421875 0.5390625 0.126953125 0.05859375
0 0.5654296875 0.548828125 0.064453125 0.11328125
0 0.3154296875 0.5029296875 0.025390625 0.025390625
0 0.7275390625 0.5107421875 0.087890625 0.072265625
0 0.146484375 0.490234375 0.03515625 0.03125
0 0.0322265625 0.4736328125 0.029296875 0.029296875
0 0.1005859375 0.46484375 0.037109375 0.03125
0 0.6279296875 0.478515625 0.115234375 0.0625
0 0.236328125 0.451171875 0.03515625 0.03125
0 0.193359375 0.4267578125 0.02734375 0.029296875
0 0.4013671875 0.4658203125 0.103515625 0.123046875
0 0.849609375 0.4228515625 0.0625 0.060546875
0 0.74609375 0.42578125 0.06640625 0.08984375
0 0.1328125 0.3955078125 0.03125 0.029296875
0 0.62109375 0.404296875 0.1171875 0.07421875
0 0.072265625 0.3671875 0.0390625 0.03125
0 0.322265625 0.38671875 0.0625 0.109375
0 0.0390625 0.3447265625 0.0234375 0.025390625
0 0.693359375 0.33984375 0.06640625 0.08984375
0 0.7998046875 0.318359375 0.076171875 0.0859375
0 0.552734375 0.328125 0.12109375 0.12109375
0 0.306640625 0.2822265625 0.0625 0.029296875
0 0.2197265625 0.2666015625 0.095703125 0.056640625
0 0.7509765625 0.2568359375 0.099609375 0.056640625
0 0.123046875 0.2255859375 0.08984375 0.068359375
0 0.486328125 0.2421875 0.1171875 0.12109375
0 0.390625 0.1982421875 0.02734375 0.087890625
0 0.1767578125 0.162109375 0.068359375 0.046875
0 0.59375 0.17578125 0.05859375 0.09375
0 0.287109375 0.17578125 0.03515625 0.09375
0 0.6982421875 0.169921875 0.068359375 0.09375
0 0.0537109375 0.1484375 0.044921875 0.0625
0 0.80078125 0.1650390625 0.0859375 0.115234375
0 0.44140625 0.1171875 0.06640625 0.0390625
0 0.529296875 0.103515625 0.0625 0.03125
0 0.6962890625 0.0537109375 0.091796875 0.029296875
0 0.2705078125 0.0693359375 0.060546875 0.091796875
0 0.154296875 0.0732421875 0.06640625 0.119140625
0 0.0458984375 0.048828125 0.041015625 0.09375
0 0.7880859375 0.0341796875 0.029296875 0.068359375
0 0.337890625 0.0185546875 0.03125 0.037109375
0 0.2197265625 0.0048828125 0.021484375 0.009765625
0 0.197265625 0.001953125 0.0078125 0.00390625