0 0.9375 0.9853515625 0.0546875 0.029296875
0 0.4833984375 0.7998046875 0.041015625 0.025390625
0 0.4814453125 0.6279296875 0.025390625 0.025390625
0 0.837890625 0.525390625 0.03125 0.03125
0 0.8505859375 0.4755859375 0.025390625 0.025390625
0 0.8134765625 0.4541015625 0.029296875 0.029296875
0 0.9326171875 0.4365234375 0.037109375 0.044921875
0 0.8974609375 0.4267578125 0.029296875 0.033203125
0 0.8779296875 0.4111328125 0.025390625 0.033203125
0 0.833984375 0.3876953125 0.03125 0.029296875
0 0.787109375 0.365234375 0.0234375 0.03515625
0 0.880859375 0.3349609375 0.0390625 0.033203125
0 0.8330078125 0.2998046875 0.029296875 0.025390625
0 0.8056640625 0.2666015625 0.029296875 0.029296875
0 0.982421875 0.271484375 0.03515625 0.0546875
0 0.76171875 0.2392578125 0.0390625 0.029296875
0 0.8818359375 0.2158203125 0.041015625 0.037109375
0 0.71484375 0.1630859375 0.03125 0.033203125
0 0.6435546875 0.1396484375 0.021484375 0.021484375
0 0.6875 0.1357421875 0.02734375 0.025390625
0 0.970703125 0.10546875 0.01953125 0.01953125
0 0.6591796875 0.1083984375 0.029296875 0.029296875
0 0.630859375 0.0791015625 0.02734375 0.029296875
0 0.603515625 0.05078125 0.03125 0.03125
0 0.580078125 0.0244140625 0.03125 0.029296875
0 0.5595703125 0.0048828125 0.017578125 0.009765625
0 0.53125 0.001953125 0.00390625 0.00390625