0 0.6865234375 0.9970703125 0.009765625 0.005859375
0 0.4697265625 0.9970703125 0.009765625 0.005859375
0 0.5048828125 0.99609375 0.013671875 0.0078125
0 0.4052734375 0.994140625 0.017578125 0.01171875
0 0.009765625 0.9912109375 0.01953125 0.017578125
0 0.998046875 0.9814453125 0.00390625 0.005859375
0 0.2236328125 0.9892578125 0.037109375 0.021484375
0 0.0869140625 0.9892578125 0.033203125 0.021484375
0 0.92578125 0.98828125 0.04296875 0.0234375
0 0.423828125 0.986328125 0.03125 0.02734375
0 0.5322265625 0.984375 0.037109375 0.03125
0 0.4912109375 0.978515625 0.021484375 0.01953125
0 0.6318359375 0.9794921875 0.076171875 0.041015625
0 0.2109375 0.9736328125 0.0390625 0.033203125
0 0.068359375 0.9677734375 0.02734375 0.025390625
0 0.4423828125 0.9697265625 0.033203125 0.033203125
0 0.5380859375 0.9541015625 0.021484375 0.021484375
0 0.513671875 0.953125 0.01953125 0.01953125
0 0.193359375 0.9521484375 0.03515625 0.033203125
0 0.458984375 0.951171875 0.03515625 0.03515625
0 0.5830078125 0.943359375 0.033203125 0.03125
0 0.345703125 0.9638671875 0.078125 0.072265625
0 0.044921875 0.939453125 0.03515625 0.03515625
0 0.17578125 0.9345703125 0.0390625 0.033203125
0 0.4736328125 0.9326171875 0.037109375 0.037109375
0 0.5595703125 0.9208984375 0.033203125 0.037109375
0 0.4892578125 0.916015625 0.037109375 0.0390625
0 0.1533203125 0.916015625 0.037109375 0.0390625
0 0.0146484375 0.912109375 0.029296875 0.0390625
0 0.3837890625 0.9111328125 0.048828125 0.052734375
0 0.134765625 0.8984375 0.03125 0.03125
0 0.525390625 0.8935546875 0.0546875 0.052734375
0 0.4228515625 0.8837890625 0.041015625 0.037109375
0 0.1123046875 0.880859375 0.033203125 0.03515625
0 0.6142578125 0.8798828125 0.029296875 0.037109375
0 0.7578125 0.927734375 0.109375 0.140625
0 0.0927734375 0.87109375 0.029296875 0.03125
0 0.4375 0.859375 0.0234375 0.0234375
0 0.5908203125 0.8623046875 0.033203125 0.037109375
0 0.416015625 0.84375 0.01953125 0.015625
0 0.0537109375 0.84765625 0.025390625 0.03515625
0 0.4658203125 0.845703125 0.033203125 0.0390625
0 0.5693359375 0.84375 0.033203125 0.0390625
0 0.0283203125 0.837890625 0.029296875 0.0390625
0 0.9697265625 0.892578125 0.060546875 0.15234375
0 0.701171875 0.857421875 0.08984375 0.09375
0 0.0078125 0.8291015625 0.015625 0.037109375
0 0.548828125 0.8232421875 0.03125 0.037109375
0 0.28515625 0.87109375 0.1015625 0.1328125
0 0.439453125 0.822265625 0.03515625 0.0390625
0 0.1328125 0.8076171875 0.0390625 0.033203125
0 0.4150390625 0.796875 0.037109375 0.03515625
0 0.37890625 0.7900390625 0.03125 0.025390625
0 0.5107421875 0.7900390625 0.044921875 0.041015625
0 0.05078125 0.7744140625 0.0234375 0.021484375
0 0.6298828125 0.794921875 0.080078125 0.07421875
0 0.3232421875 0.7646484375 0.017578125 0.017578125
0 0.830078125 0.806640625 0.09375 0.109375
0 0.064453125 0.755859375 0.0234375 0.0234375
0 0.2138671875 0.8037109375 0.099609375 0.123046875
0 0.1650390625 0.763671875 0.033203125 0.04296875
0 0.48828125 0.759765625 0.046875 0.0390625
0 0.0234375 0.7470703125 0.02734375 0.037109375
0 0.005859375 0.7421875 0.01171875 0.03515625
0 0.0791015625 0.7353515625 0.025390625 0.025390625
0 0.357421875 0.7451171875 0.0546875 0.052734375
0 0.5498046875 0.7451171875 0.056640625 0.064453125
0 0.1748046875 0.724609375 0.033203125 0.02734375
0 0.4482421875 0.7333984375 0.056640625 0.052734375
0 0.5234375 0.712890625 0.03515625 0.03125
0 0.33203125 0.712890625 0.03515625 0.03125
0 0.74609375 0.740234375 0.1015625 0.09765625
0 0.2509765625 0.697265625 0.017578125 0.015625
0 0.0068359375 0.69921875 0.013671875 0.01953125
0 0.4658203125 0.6962890625 0.017578125 0.017578125
0 0.1005859375 0.7041015625 0.029296875 0.033203125
0 0.4150390625 0.6982421875 0.041015625 0.037109375
0 0.234375 0.6875 0.01953125 0.01953125
0 0.4423828125 0.6875 0.025390625 0.0234375
0 0.3076171875 0.6904296875 0.029296875 0.029296875
0 0.6435546875 0.6904296875 0.033203125 0.033203125
0 0.1884765625 0.6884765625 0.029296875 0.029296875
0 0.5029296875 0.6884765625 0.037109375 0.037109375
0 0.0439453125 0.677734375 0.021484375 0.02734375
0 0.3935546875 0.6767578125 0.037109375 0.037109375
0 0.2822265625 0.6748046875 0.033203125 0.033203125
0 0.01953125 0.6689453125 0.01953125 0.025390625
0 0.4775390625 0.6689453125 0.037109375 0.037109375
0 0.2626953125 0.65625 0.041015625 0.0390625
0 0.455078125 0.6494140625 0.03515625 0.037109375
0 0.2060546875 0.6533203125 0.037109375 0.044921875
0 0.36328125 0.64453125 0.03515625 0.03515625
0 0.1337890625 0.6376953125 0.033203125 0.033203125
0 0.3974609375 0.626953125 0.017578125 0.015625
0 0.24609375 0.6279296875 0.03125 0.029296875
0 0.4287109375 0.6240234375 0.041015625 0.037109375
0 0.0673828125 0.6181640625 0.025390625 0.033203125
0 0.0400390625 0.615234375 0.029296875 0.02734375
0 0.2216796875 0.6142578125 0.033203125 0.037109375
0 0.6064453125 0.6201171875 0.060546875 0.052734375
0 0.3310546875 0.609375 0.037109375 0.03515625
0 0.853515625 0.65625 0.1484375 0.15625
0 0.412109375 0.5966796875 0.04296875 0.037109375
0 0.35546875 0.5849609375 0.02734375 0.033203125
0 0.3125 0.5859375 0.0546875 0.04296875
0 0.1552734375 0.59375 0.060546875 0.06640625
0 0.390625 0.5712890625 0.03515625 0.033203125
0 0.2919921875 0.5703125 0.037109375 0.0390625
0 0.060546875 0.5654296875 0.03125 0.033203125
0 0.0283203125 0.5673828125 0.033203125 0.037109375
0 0.3701171875 0.546875 0.037109375 0.03515625
0 0.7705078125 0.548828125 0.060546875 0.04296875
0 0.1982421875 0.54296875 0.029296875 0.03125
0 0.0927734375 0.5380859375 0.021484375 0.021484375
0 0.2666015625 0.541015625 0.041015625 0.04296875
0 0.3115234375 0.5244140625 0.017578125 0.017578125
0 0.5244140625 0.5703125 0.111328125 0.12890625
0 0.2861328125 0.5126953125 0.017578125 0.017578125
0 0.3544921875 0.51953125 0.037109375 0.03515625
0 0.212890625 0.5166015625 0.03125 0.029296875
0 0.1748046875 0.5009765625 0.029296875 0.025390625
0 0.9609375 0.537109375 0.0703125 0.1015625
0 0.1318359375 0.5009765625 0.025390625 0.033203125
0 0.33203125 0.4931640625 0.03515625 0.033203125
0 0.099609375 0.4853515625 0.015625 0.017578125
0 0.0126953125 0.4970703125 0.025390625 0.041015625
0 0.68359375 0.5166015625 0.10546875 0.103515625
0 0.9013671875 0.5107421875 0.072265625 0.099609375
0 0.2314453125 0.4833984375 0.044921875 0.048828125
0 0.3115234375 0.46875 0.033203125 0.03125
0 0.1962890625 0.4677734375 0.025390625 0.029296875
0 0.115234375 0.466796875 0.02734375 0.02734375
0 0.171875 0.4560546875 0.02734375 0.029296875
0 0.072265625 0.458984375 0.03125 0.03515625
0 0.2451171875 0.4462890625 0.033203125 0.029296875
0 0.1484375 0.443359375 0.02734375 0.02734375
0 0.0380859375 0.4404296875 0.029296875 0.033203125
0 0.05859375 0.423828125 0.015625 0.01953125
0 0.2666015625 0.412109375 0.029296875 0.03515625
0 0.1328125 0.4072265625 0.01953125 0.025390625
0 0.607421875 0.4423828125 0.1015625 0.107421875
0 0.1220703125 0.3837890625 0.017578125 0.017578125
0 0.041015625 0.384765625 0.01953125 0.01953125
0 0.4091796875 0.40625 0.064453125 0.06640625
0 0.23828125 0.3916015625 0.03125 0.037109375
0 0.0068359375 0.375 0.013671875 0.03125
0 0.21484375 0.3740234375 0.02734375 0.033203125
0 0.1884765625 0.3623046875 0.029296875 0.033203125
0 0.0595703125 0.36328125 0.044921875 0.046875
0 0.1669921875 0.3525390625 0.029296875 0.033203125
0 0.1259765625 0.341796875 0.033203125 0.0390625
0 0.9970703125 0.3154296875 0.005859375 0.013671875
0 0.0908203125 0.31640625 0.056640625 0.046875
0 0.474609375 0.33984375 0.09375 0.1015625
0 0.0390625 0.3134765625 0.0390625 0.048828125
0 0.78515625 0.359375 0.09375 0.19140625
0 0.0234375 0.279296875 0.03125 0.0390625
0 0.0078125 0.2666015625 0.015625 0.029296875
0 0.583984375 0.2890625 0.0703125 0.09375
0 0.3544921875 0.2490234375 0.029296875 0.029296875
0 0.716796875 0.2978515625 0.08984375 0.130859375
0 0.9150390625 0.33984375 0.150390625 0.25
0 0.11328125 0.220703125 0.03125 0.03515625
0 0.65234375 0.1689453125 0.109375 0.103515625
0 0.8154296875 0.1669921875 0.189453125 0.119140625
0 0.177734375 0.1103515625 0.02734375 0.029296875
0 0.00390625 0.0625 0.0078125 0.015625
0 0.361328125 0.09765625 0.23828125 0.17578125
0 0.154296875 0.013671875 0.0546875 0.02734375