0 0.0048828125 0.994140625 0.009765625 0.01171875
0 0.251953125 0.9892578125 0.04296875 0.021484375
0 0.1455078125 0.98828125 0.029296875 0.0234375
0 0.662109375 0.9853515625 0.04296875 0.029296875
0 0.0078125 0.9736328125 0.015625 0.017578125
0 0.048828125 0.974609375 0.02734375 0.03515625
0 0.076171875 0.9658203125 0.0234375 0.025390625
0 0.228515625 0.96484375 0.03125 0.02734375
0 0.1064453125 0.9580078125 0.025390625 0.021484375
0 0.2021484375 0.9443359375 0.029296875 0.033203125
0 0.162109375 0.9130859375 0.02734375 0.025390625
0 0.044921875 0.8984375 0.03515625 0.02734375
0 0.1298828125 0.892578125 0.029296875 0.02734375
0 0.455078125 0.89453125 0.09765625 0.0546875
0 0.1123046875 0.8740234375 0.029296875 0.025390625
0 0.017578125 0.890625 0.03515625 0.0625
0 0.63671875 0.8720703125 0.03515625 0.037109375
0 0.0029296875 0.8544921875 0.005859375 0.009765625
0 0.150390625 0.8359375 0.02734375 0.03125
0 0.0751953125 0.82421875 0.041015625 0.046875
0 0.1943359375 0.7890625 0.033203125 0.03125
0 0.029296875 0.7890625 0.02734375 0.03125
0 0.103515625 0.7841796875 0.03125 0.033203125
0 0.0107421875 0.77734375 0.021484375 0.02734375
0 0.53125 0.7890625 0.05078125 0.0546875
0 0.412109375 0.7998046875 0.0546875 0.091796875
0 0.2138671875 0.765625 0.029296875 0.02734375
0 0.2294921875 0.7431640625 0.029296875 0.033203125
0 0.060546875 0.736328125 0.04296875 0.05078125
0 0.16015625 0.7158203125 0.046875 0.052734375
0 0.0849609375 0.6962890625 0.029296875 0.029296875
0 0.2666015625 0.7021484375 0.041015625 0.044921875
0 0.1064453125 0.6728515625 0.033203125 0.033203125
0 0.537109375 0.6943359375 0.05859375 0.087890625
0 0.1943359375 0.6708984375 0.037109375 0.041015625
0 0.298828125 0.6640625 0.0390625 0.0390625
0 0.439453125 0.6865234375 0.05078125 0.087890625
0 0.1259765625 0.6474609375 0.029296875 0.025390625
0 0.0185546875 0.640625 0.017578125 0.015625
0 0.2265625 0.6298828125 0.03515625 0.037109375
0 0.1484375 0.6220703125 0.02734375 0.029296875
0 0.3330078125 0.6240234375 0.037109375 0.041015625
0 0.07421875 0.6162109375 0.0390625 0.037109375
0 0.013671875 0.60546875 0.02734375 0.03515625
0 0.17578125 0.591796875 0.02734375 0.02734375
0 0.3681640625 0.583984375 0.041015625 0.0390625
0 0.283203125 0.5791015625 0.03515625 0.041015625
0 0.0166015625 0.5693359375 0.029296875 0.025390625
0 0.078125 0.5673828125 0.02734375 0.025390625
0 0.59765625 0.5947265625 0.07421875 0.087890625
0 0.484375 0.583984375 0.08984375 0.09765625
0 0.25 0.552734375 0.0390625 0.03515625
0 0.1015625 0.5478515625 0.02734375 0.025390625
0 0.0302734375 0.541015625 0.037109375 0.02734375
0 0.1298828125 0.53515625 0.041015625 0.03125
0 0.4150390625 0.5341796875 0.037109375 0.037109375
0 0.3212890625 0.53515625 0.041015625 0.0390625
0 0.22265625 0.5283203125 0.02734375 0.029296875
0 0.037109375 0.5087890625 0.03125 0.025390625
0 0.0947265625 0.5087890625 0.029296875 0.033203125
0 0.2646484375 0.4990234375 0.025390625 0.029296875
0 0.0634765625 0.4921875 0.025390625 0.02734375
0 0.68359375 0.501953125 0.0546875 0.0546875
0 0.349609375 0.498046875 0.0390625 0.046875
0 0.171875 0.48828125 0.02734375 0.02734375
0 0.2861328125 0.4736328125 0.025390625 0.025390625
0 0.5517578125 0.4951171875 0.076171875 0.080078125
0 0.19921875 0.4541015625 0.03125 0.025390625
0 0.306640625 0.451171875 0.02734375 0.0234375
0 0.126953125 0.451171875 0.03515625 0.0234375
0 0.4599609375 0.4462890625 0.021484375 0.025390625
0 0.3583984375 0.44921875 0.021484375 0.03515625
0 0.0673828125 0.431640625 0.025390625 0.03515625
0 0.72265625 0.4287109375 0.046875 0.041015625
0 0.31640625 0.4189453125 0.01953125 0.025390625
0 0.232421875 0.4208984375 0.0390625 0.041015625
0 0.3779296875 0.404296875 0.037109375 0.0390625
0 0.083984375 0.3955078125 0.03515625 0.021484375
0 0.3251953125 0.38671875 0.025390625 0.0234375
0 0.4130859375 0.390625 0.021484375 0.0390625
0 0.2568359375 0.3779296875 0.029296875 0.041015625
0 0.0849609375 0.3662109375 0.029296875 0.025390625
0 0.3271484375 0.353515625 0.021484375 0.03125
0 0.2578125 0.333984375 0.03515625 0.0390625
0 0.349609375 0.3203125 0.02734375 0.03125
0 0.3994140625 0.3095703125 0.029296875 0.037109375
0 0.6025390625 0.306640625 0.048828125 0.04296875
0 0.1376953125 0.2919921875 0.044921875 0.041015625
0 0.263671875 0.275390625 0.03125 0.03515625
0 0.3935546875 0.2646484375 0.029296875 0.033203125
0 0.0322265625 0.2373046875 0.025390625 0.044921875
0 0.271484375 0.2294921875 0.02734375 0.033203125
0 0.5517578125 0.2353515625 0.056640625 0.076171875
0 0.1689453125 0.2255859375 0.052734375 0.060546875
0 0.056640625 0.1669921875 0.02734375 0.041015625
0 0.193359375 0.126953125 0.03515625 0.046875
0 0.0703125 0.1220703125 0.03515625 0.037109375
0 0.8037109375 0.0712890625 0.029296875 0.033203125
0 0.22265625 0.0498046875 0.03515625 0.052734375
0 0.8046875 0.0048828125 0.01953125 0.009765625