0 0.6455078125 0.998046875 0.005859375 0.00390625
0 0.541015625 0.9970703125 0.0078125 0.005859375
0 0.458984375 0.9951171875 0.015625 0.009765625
0 0.228515625 0.990234375 0.03515625 0.01953125
0 0.486328125 0.9716796875 0.046875 0.021484375
0 0.1904296875 0.9775390625 0.021484375 0.033203125
0 0.609375 0.9765625 0.0546875 0.046875
0 0.3203125 0.9453125 0.05859375 0.046875
0 0.7587890625 0.94921875 0.041015625 0.05859375
0 0.255859375 0.9365234375 0.02734375 0.052734375
0 0.4462890625 0.9267578125 0.025390625 0.056640625
0 0.005859375 0.900390625 0.01171875 0.046875
0 0.5869140625 0.8935546875 0.048828125 0.041015625
0 0.521484375 0.8876953125 0.046875 0.037109375
0 0.837890625 0.8896484375 0.04296875 0.044921875
0 0.1748046875 0.888671875 0.076171875 0.05078125
0 0.08203125 0.876953125 0.0625 0.0390625
0 0.529296875 0.83984375 0.04296875 0.02734375
0 0.751953125 0.849609375 0.03515625 0.0625
0 0.400390625 0.810546875 0.05078125 0.05078125
0 0.6591796875 0.7998046875 0.076171875 0.033203125
0 0.9638671875 0.8310546875 0.064453125 0.099609375
0 0.43359375 0.7822265625 0.0234375 0.021484375
0 0.513671875 0.78515625 0.0390625 0.03515625
0 0.8037109375 0.75390625 0.044921875 0.046875
0 0.6103515625 0.728515625 0.048828125 0.02734375
0 0.5361328125 0.732421875 0.029296875 0.0390625
0 0.95703125 0.72265625 0.0625 0.03125
0 0.67578125 0.7236328125 0.05078125 0.033203125
0 0.60546875 0.6396484375 0.05859375 0.033203125
0 0.669921875 0.634765625 0.0390625 0.04296875
0 0.9345703125 0.6025390625 0.130859375 0.080078125
0 0.5390625 0.572265625 0.03515625 0.0390625
0 0.599609375 0.5693359375 0.04296875 0.048828125
0 0.58203125 0.4765625 0.0390625 0.0390625
0 0.923828125 0.4697265625 0.03515625 0.052734375
0 0.5595703125 0.431640625 0.021484375 0.02734375
0 0.9052734375 0.4033203125 0.041015625 0.017578125
0 0.7177734375 0.3857421875 0.068359375 0.044921875
0 0.560546875 0.337890625 0.02734375 0.03125
0 0.802734375 0.34375 0.02734375 0.05859375
0 0.8447265625 0.333984375 0.029296875 0.05078125
0 0.64453125 0.3154296875 0.046875 0.029296875
0 0.4921875 0.3154296875 0.02734375 0.029296875
0 0.9013671875 0.259765625 0.041015625 0.02734375
0 0.990234375 0.255859375 0.01953125 0.03515625
0 0.951171875 0.2509765625 0.03515625 0.029296875
0 0.8857421875 0.2216796875 0.025390625 0.021484375
0 0.9091796875 0.216796875 0.017578125 0.015625
0 0.8828125 0.185546875 0.02734375 0.0234375
0 0.3828125 0.189453125 0.0390625 0.03125
0 0.4384765625 0.1806640625 0.041015625 0.037109375
0 0.94921875 0.1708984375 0.02734375 0.025390625
0 0.4853515625 0.1728515625 0.041015625 0.037109375
0 0.2783203125 0.13671875 0.091796875 0.04296875
0 0.36328125 0.123046875 0.046875 0.03125
0 0.03125 0.1435546875 0.0625 0.083984375
0 0.654296875 0.142578125 0.19921875 0.08984375
0 0.509765625 0.11328125 0.03125 0.03515625
0 0.1279296875 0.109375 0.083984375 0.06640625
0 0.1845703125 0.07421875 0.021484375 0.0234375
0 0.513671875 0.0693359375 0.03515625 0.037109375
0 0.609375 0.0732421875 0.046875 0.052734375
0 0.025390625 0.05078125 0.05078125 0.05078125
0 0.6875 0.0439453125 0.046875 0.041015625
0 0.908203125 0.0517578125 0.18359375 0.103515625
0 0.779296875 0.0068359375 0.0390625 0.013671875
0 0.662109375 0.0146484375 0.04296875 0.029296875
0 0.6142578125 0.0166015625 0.033203125 0.033203125
0 0.5068359375 0.013671875 0.033203125 0.02734375
0 0.458984375 0.005859375 0.015625 0.01171875
0 0.373046875 0.0234375 0.05859375 0.046875
0 0.236328125 0.0341796875 0.05859375 0.068359375