0 0.2412109375 0.998046875 0.005859375 0.00390625
0 0.0810546875 0.9921875 0.033203125 0.015625
0 0.3125 0.990234375 0.02734375 0.01953125
0 0.388671875 0.9736328125 0.015625 0.017578125
0 0.0458984375 0.9765625 0.033203125 0.0234375
0 0.181640625 0.9765625 0.02734375 0.02734375
0 0.271484375 0.9716796875 0.0390625 0.029296875
0 0.361328125 0.9501953125 0.02734375 0.029296875
0 0.4580078125 0.943359375 0.037109375 0.03125
0 0.1240234375 0.94140625 0.029296875 0.02734375
0 0.328125 0.9326171875 0.02734375 0.029296875
0 0.2236328125 0.927734375 0.021484375 0.02734375
0 0.5361328125 0.9189453125 0.017578125 0.017578125
0 0.0927734375 0.919921875 0.033203125 0.03515625
0 0.2939453125 0.9091796875 0.021484375 0.025390625
0 0.70703125 0.9091796875 0.03515625 0.029296875
0 0.18359375 0.908203125 0.0234375 0.03125
0 0.6650390625 0.90234375 0.037109375 0.03125
0 0.158203125 0.8876953125 0.03125 0.025390625
0 0.0634765625 0.89453125 0.033203125 0.0390625
0 0.58203125 0.87890625 0.01953125 0.015625
0 0.529296875 0.87890625 0.0234375 0.0234375
0 0.3935546875 0.8837890625 0.037109375 0.033203125
0 0.30859375 0.8798828125 0.02734375 0.025390625
0 0.7421875 0.8798828125 0.03125 0.033203125
0 0.626953125 0.8818359375 0.03515625 0.037109375
0 0.2353515625 0.8701171875 0.025390625 0.025390625
0 0.1279296875 0.8671875 0.025390625 0.03515625
0 0.5888671875 0.8583984375 0.037109375 0.029296875
0 0.0869140625 0.8564453125 0.029296875 0.029296875
0 0.33203125 0.8486328125 0.02734375 0.025390625
0 0.201171875 0.8466796875 0.03125 0.037109375
0 0.76953125 0.841796875 0.03125 0.03515625
0 0.275390625 0.8330078125 0.02734375 0.029296875
0 0.7060546875 0.830078125 0.033203125 0.0390625
0 0.6669921875 0.826171875 0.044921875 0.03515625
0 0.9951171875 0.810546875 0.009765625 0.0234375
0 0.19921875 0.80859375 0.01953125 0.01953125
0 0.1630859375 0.80859375 0.021484375 0.01953125
0 0.0478515625 0.80859375 0.029296875 0.03125
0 0.9609375 0.810546875 0.03515625 0.0390625
0 0.2265625 0.8056640625 0.02734375 0.029296875
0 0.7958984375 0.806640625 0.029296875 0.03515625
0 0.5703125 0.8056640625 0.0234375 0.037109375
0 0.3837890625 0.802734375 0.029296875 0.03125
0 0.294921875 0.7978515625 0.02734375 0.025390625
0 0.6298828125 0.7939453125 0.025390625 0.029296875
0 0.5244140625 0.79296875 0.044921875 0.02734375
0 0.7294921875 0.7939453125 0.029296875 0.033203125
0 0.1357421875 0.77734375 0.033203125 0.03125
0 0.31640625 0.7685546875 0.0234375 0.025390625
0 0.94140625 0.76953125 0.02734375 0.03125
0 0.8212890625 0.7705078125 0.033203125 0.033203125
0 0.4072265625 0.7685546875 0.025390625 0.029296875
0 0.7529296875 0.759765625 0.033203125 0.0390625
0 0.6259765625 0.751953125 0.025390625 0.03515625
0 0.8544921875 0.7490234375 0.033203125 0.037109375
0 0.55859375 0.748046875 0.03125 0.0390625
0 0.1669921875 0.7421875 0.029296875 0.02734375
0 0.966796875 0.732421875 0.03125 0.03125
0 0.3408203125 0.7275390625 0.025390625 0.025390625
0 0.0859375 0.7314453125 0.046875 0.033203125
0 0.4326171875 0.7294921875 0.029296875 0.033203125
0 0.0322265625 0.7265625 0.029296875 0.03515625
0 0.771484375 0.7236328125 0.03515625 0.033203125
0 0.880859375 0.7216796875 0.03515625 0.033203125
0 0.658203125 0.7197265625 0.0390625 0.033203125
0 0.9912109375 0.7060546875 0.017578125 0.033203125
0 0.6953125 0.697265625 0.03515625 0.03515625
0 0.8984375 0.6943359375 0.03125 0.033203125
0 0.205078125 0.6923828125 0.03125 0.029296875
0 0.5556640625 0.693359375 0.025390625 0.03515625
0 0.1162109375 0.6904296875 0.029296875 0.033203125
0 0.8125 0.69140625 0.03515625 0.0390625
0 0.373046875 0.6845703125 0.0234375 0.025390625
0 0.7333984375 0.673828125 0.037109375 0.03125
0 0.4619140625 0.66796875 0.025390625 0.03125
0 0.853515625 0.6611328125 0.03125 0.033203125
0 0.9931640625 0.658203125 0.013671875 0.03125
0 0.232421875 0.6552734375 0.03125 0.025390625
0 0.611328125 0.662109375 0.0234375 0.04296875
0 0.9296875 0.65625 0.0390625 0.03515625
0 0.2705078125 0.6455078125 0.017578125 0.017578125
0 0.65234375 0.65234375 0.0390625 0.03515625
0 0.76953125 0.6474609375 0.03515625 0.029296875
0 0.1435546875 0.6513671875 0.037109375 0.037109375
0 0.544921875 0.6376953125 0.0234375 0.033203125
0 0.966796875 0.6318359375 0.03515625 0.033203125
0 0.392578125 0.6337890625 0.0234375 0.037109375
0 0.677734375 0.6298828125 0.03125 0.033203125
0 0.8154296875 0.6240234375 0.033203125 0.029296875
0 0.0439453125 0.619140625 0.025390625 0.0234375
0 0.474609375 0.6142578125 0.0234375 0.021484375
0 0.1669921875 0.6181640625 0.037109375 0.029296875
0 0.2578125 0.6181640625 0.03125 0.033203125
0 0.7275390625 0.607421875 0.033203125 0.03125
0 0.603515625 0.607421875 0.0234375 0.03125
0 0.076171875 0.603515625 0.03515625 0.03125
0 0.884765625 0.5908203125 0.03515625 0.021484375
0 0.7646484375 0.580078125 0.037109375 0.03515625
0 0.5390625 0.580078125 0.0234375 0.03515625
0 0.1904296875 0.5791015625 0.037109375 0.033203125
0 0.2939453125 0.5791015625 0.033203125 0.037109375
0 0.1103515625 0.5712890625 0.029296875 0.021484375
0 0.9873046875 0.5732421875 0.025390625 0.037109375
0 0.5966796875 0.5673828125 0.021484375 0.037109375
0 0.8505859375 0.5595703125 0.037109375 0.037109375
0 0.3369140625 0.556640625 0.041015625 0.03125
0 0.470703125 0.5556640625 0.02734375 0.033203125
0 0.99609375 0.5400390625 0.0078125 0.013671875
0 0.9189453125 0.5458984375 0.037109375 0.033203125
0 0.7392578125 0.54296875 0.037109375 0.03515625
0 0.3837890625 0.5361328125 0.029296875 0.025390625
0 0.529296875 0.525390625 0.0234375 0.03125
0 0.8095703125 0.521484375 0.037109375 0.03125
0 0.2392578125 0.5234375 0.037109375 0.03515625
0 0.5947265625 0.51953125 0.037109375 0.03125
0 0.9462890625 0.51171875 0.029296875 0.03515625
0 0.7099609375 0.5107421875 0.033203125 0.033203125
0 0.28515625 0.5029296875 0.02734375 0.029296875
0 0.466796875 0.501953125 0.02734375 0.03125
0 0.8642578125 0.498046875 0.037109375 0.02734375
0 0.62890625 0.494140625 0.03125 0.03125
0 0.7705078125 0.4892578125 0.037109375 0.033203125
0 0.3232421875 0.48046875 0.037109375 0.0234375
0 0.9052734375 0.486328125 0.033203125 0.0390625
0 0.966796875 0.4814453125 0.0390625 0.033203125
0 0.6748046875 0.4775390625 0.037109375 0.033203125
0 0.544921875 0.47265625 0.03515625 0.03125
0 0.375 0.4580078125 0.0234375 0.017578125
0 0.458984375 0.453125 0.02734375 0.0234375
0 0.58203125 0.4521484375 0.04296875 0.029296875
0 0.728515625 0.4453125 0.03515625 0.03125
0 0.9892578125 0.4443359375 0.021484375 0.033203125
0 0.9189453125 0.44140625 0.025390625 0.03125
0 0.625 0.423828125 0.03515625 0.03125
0 0.8505859375 0.419921875 0.037109375 0.0390625
0 0.7607421875 0.408203125 0.037109375 0.03515625
0 0.947265625 0.4033203125 0.03515625 0.029296875
0 0.6669921875 0.396484375 0.037109375 0.03515625
0 0.5615234375 0.37890625 0.029296875 0.0234375
0 0.8671875 0.37890625 0.03515625 0.02734375
0 0.52734375 0.376953125 0.02734375 0.03125
0 0.7109375 0.3701171875 0.03515625 0.033203125
0 0.990234375 0.359375 0.01953125 0.02734375
0 0.45703125 0.3623046875 0.0234375 0.037109375
0 0.953125 0.345703125 0.03125 0.02734375
0 0.7490234375 0.3447265625 0.037109375 0.033203125
0 0.5126953125 0.3427734375 0.021484375 0.029296875
0 0.59765625 0.3408203125 0.03515625 0.029296875
0 0.0771484375 0.341796875 0.041015625 0.0390625
0 0.634765625 0.326171875 0.03125 0.02734375
0 0.6904296875 0.314453125 0.033203125 0.02734375
0 0.91015625 0.318359375 0.0390625 0.0390625
0 0.5341796875 0.30078125 0.033203125 0.02734375
0 0.8203125 0.2939453125 0.0390625 0.029296875
0 0.5703125 0.2841796875 0.03515625 0.033203125
0 0.7763671875 0.2802734375 0.037109375 0.029296875
0 0.9384765625 0.27734375 0.029296875 0.03125
0 0.861328125 0.2724609375 0.03125 0.029296875
0 0.609375 0.26953125 0.03515625 0.02734375
0 0.1474609375 0.26953125 0.033203125 0.03515625
0 0.7412109375 0.2587890625 0.033203125 0.037109375
0 0.8896484375 0.244140625 0.029296875 0.03515625
0 0.6455078125 0.2431640625 0.033203125 0.033203125
0 0.96875 0.23828125 0.02734375 0.03515625
0 0.1787109375 0.232421875 0.041015625 0.0390625
0 0.681640625 0.21875 0.03515625 0.03125
0 0.771484375 0.2109375 0.03125 0.03125
0 0.9072265625 0.2021484375 0.025390625 0.033203125
0 0.974609375 0.1943359375 0.03125 0.021484375
0 0.068359375 0.2001953125 0.03515625 0.033203125
0 0.2041015625 0.19140625 0.037109375 0.03515625
0 0.7099609375 0.1884765625 0.029296875 0.033203125
0 0.798828125 0.1767578125 0.0390625 0.033203125
0 0.9111328125 0.1630859375 0.025390625 0.033203125
0 0.7333984375 0.1572265625 0.029296875 0.037109375
0 0.984375 0.154296875 0.02734375 0.03515625
0 0.0791015625 0.1474609375 0.029296875 0.025390625
0 0.8271484375 0.1435546875 0.029296875 0.033203125
0 0.2275390625 0.1435546875 0.033203125 0.041015625
0 0.9228515625 0.1240234375 0.029296875 0.033203125
0 0.7578125 0.1201171875 0.03125 0.033203125
0 0.9912109375 0.1171875 0.017578125 0.03125
0 0.7275390625 0.1083984375 0.021484375 0.021484375
0 0.103515625 0.11328125 0.03125 0.03125
0 0.8466796875 0.103515625 0.044921875 0.03515625
0 0.2568359375 0.0966796875 0.033203125 0.041015625
0 0.9970703125 0.0771484375 0.005859375 0.009765625
0 0.931640625 0.0810546875 0.03515625 0.029296875
0 0.7802734375 0.0791015625 0.025390625 0.037109375
0 0.0537109375 0.0634765625 0.029296875 0.025390625
0 0.8525390625 0.0595703125 0.025390625 0.033203125
0 0.931640625 0.037109375 0.03515625 0.03125
0 0.791015625 0.0390625 0.03125 0.03515625
0 0.8876953125 0.0166015625 0.033203125 0.025390625
0 0.9873046875 0.0078125 0.025390625 0.015625
0 0.802734375 0.0087890625 0.01953125 0.017578125
0 0.302734375 0.00390625 0.01171875 0.0078125
0 0.2509765625 0.013671875 0.029296875 0.02734375
0 0.2041015625 0.01171875 0.025390625 0.0234375