0 0.7255859375 0.998046875 0.005859375 0.00390625
0 0.3984375 0.998046875 0.0078125 0.00390625
0 0.8759765625 0.9951171875 0.017578125 0.009765625
0 0.9609375 0.9892578125 0.03515625 0.021484375
0 0.8232421875 0.9892578125 0.033203125 0.021484375
0 0.892578125 0.9853515625 0.0390625 0.029296875
0 0.8466796875 0.9755859375 0.017578125 0.017578125
0 0.359375 0.9833984375 0.06640625 0.033203125
0 0.998046875 0.9609375 0.00390625 0.0078125
0 0.9033203125 0.96484375 0.041015625 0.03125
0 0.853515625 0.9501953125 0.0546875 0.048828125
0 0.986328125 0.94140625 0.02734375 0.03515625
0 0.9638671875 0.9296875 0.029296875 0.0390625
0 0.9404296875 0.9189453125 0.029296875 0.037109375
0 0.9951171875 0.9013671875 0.009765625 0.017578125
0 0.9169921875 0.9072265625 0.033203125 0.037109375
0 0.75390625 0.9072265625 0.109375 0.037109375
0 0.8935546875 0.8955078125 0.029296875 0.037109375
0 0.9833984375 0.884765625 0.029296875 0.03515625
0 0.8701171875 0.884765625 0.029296875 0.03515625
0 0.9599609375 0.8740234375 0.029296875 0.037109375
0 0.9384765625 0.86328125 0.029296875 0.03515625
0 0.57421875 0.9208984375 0.12890625 0.154296875
0 0.66796875 0.8583984375 0.109375 0.041015625
0 0.9169921875 0.853515625 0.033203125 0.03515625
0 0.8955078125 0.8427734375 0.029296875 0.037109375
0 0.7900390625 0.8408203125 0.107421875 0.048828125
0 0.6572265625 0.7919921875 0.107421875 0.056640625
0 0.9873046875 0.7763671875 0.025390625 0.033203125
0 0.78125 0.775390625 0.109375 0.046875
0 0.9658203125 0.7626953125 0.029296875 0.037109375
0 0.9453125 0.7509765625 0.03125 0.041015625
0 0.55859375 0.7724609375 0.06640625 0.107421875
0 0.99609375 0.7197265625 0.0078125 0.017578125
0 0.03515625 0.7158203125 0.0234375 0.021484375
0 0.89453125 0.7138671875 0.01953125 0.025390625
0 0.1630859375 0.720703125 0.056640625 0.05078125
0 0.9677734375 0.70703125 0.044921875 0.046875
0 0.8916015625 0.6875 0.033203125 0.0234375
0 0.2490234375 0.7177734375 0.080078125 0.087890625
0 0.6201171875 0.69140625 0.103515625 0.078125
0 0.9189453125 0.658203125 0.033203125 0.03515625
0 0.1875 0.6689453125 0.07421875 0.056640625
0 0.7490234375 0.6728515625 0.107421875 0.068359375
0 0.8837890625 0.6533203125 0.033203125 0.037109375
0 0.9912109375 0.6337890625 0.017578125 0.025390625
0 0.9287109375 0.62890625 0.041015625 0.03125
0 0.8818359375 0.6201171875 0.025390625 0.025390625
0 0.94140625 0.6083984375 0.0390625 0.029296875
0 0.7265625 0.6240234375 0.1015625 0.076171875
0 0.8818359375 0.5927734375 0.037109375 0.021484375
0 0.953125 0.5859375 0.0390625 0.03125
0 0.8876953125 0.568359375 0.037109375 0.01953125
0 0.9638671875 0.564453125 0.037109375 0.03125
0 0.3603515625 0.5693359375 0.044921875 0.048828125
0 0.2587890625 0.5791015625 0.076171875 0.072265625
0 0.8916015625 0.544921875 0.033203125 0.0234375
0 0.9736328125 0.5439453125 0.037109375 0.033203125
0 0.056640625 0.603515625 0.11328125 0.15234375
0 0.9013671875 0.5224609375 0.037109375 0.021484375
0 0.314453125 0.5146484375 0.02734375 0.025390625
0 0.0595703125 0.51953125 0.041015625 0.03515625
0 0.9658203125 0.5087890625 0.021484375 0.025390625
0 0.00390625 0.501953125 0.0078125 0.01171875
0 0.98828125 0.501953125 0.0234375 0.02734375
0 0.90625 0.5 0.03515625 0.0234375
0 0.3916015625 0.4990234375 0.021484375 0.029296875
0 0.078125 0.4970703125 0.04296875 0.037109375
0 0.2900390625 0.4921875 0.029296875 0.03125
0 0.9130859375 0.4775390625 0.037109375 0.021484375
0 0.9892578125 0.474609375 0.021484375 0.02734375
0 0.9453125 0.46484375 0.015625 0.015625
0 0.26171875 0.4697265625 0.03125 0.029296875
0 0.4072265625 0.4677734375 0.025390625 0.029296875
0 0.099609375 0.470703125 0.0390625 0.03515625
0 0.013671875 0.470703125 0.02734375 0.03515625
0 0.916015625 0.453125 0.0390625 0.0234375
0 0.9951171875 0.447265625 0.009765625 0.01953125
0 0.1181640625 0.4482421875 0.037109375 0.033203125
0 0.025390625 0.447265625 0.0390625 0.03515625
0 0.33984375 0.443359375 0.03125 0.03125
0 0.41015625 0.4345703125 0.0234375 0.025390625
0 0.919921875 0.42578125 0.0390625 0.0234375
0 0.00390625 0.4189453125 0.0078125 0.013671875
0 0.2158203125 0.42578125 0.033203125 0.03515625
0 0.1328125 0.4208984375 0.0234375 0.025390625
0 0.31640625 0.421875 0.02734375 0.03125
0 0.044921875 0.423828125 0.0390625 0.0390625
0 0.994140625 0.4130859375 0.01171875 0.029296875
0 0.919921875 0.3974609375 0.03515625 0.021484375
0 0.1552734375 0.400390625 0.033203125 0.02734375
0 0.29296875 0.40234375 0.03125 0.03515625
0 0.9677734375 0.3955078125 0.025390625 0.025390625
0 0.416015625 0.3974609375 0.0234375 0.029296875
0 0.0634765625 0.3994140625 0.037109375 0.037109375
0 0.173828125 0.38671875 0.03515625 0.03515625
0 0.3515625 0.3798828125 0.01953125 0.029296875
0 0.0849609375 0.37890625 0.033203125 0.02734375
0 0.2705078125 0.3798828125 0.029296875 0.033203125
0 0.9140625 0.373046875 0.03125 0.0234375
0 0.99609375 0.3623046875 0.0078125 0.017578125
0 0.421875 0.36328125 0.03125 0.02734375
0 0.03515625 0.361328125 0.02734375 0.03125
0 0.2470703125 0.359375 0.033203125 0.03125
0 0.3291015625 0.349609375 0.041015625 0.03515625
0 0.9716796875 0.34375 0.033203125 0.03515625
0 0.919921875 0.341796875 0.046875 0.03125
0 0.115234375 0.34375 0.03125 0.03515625
0 0.0146484375 0.3388671875 0.029296875 0.029296875
0 0.2255859375 0.3359375 0.029296875 0.03515625
0 0.3095703125 0.3291015625 0.029296875 0.033203125
0 0.431640625 0.3271484375 0.03515625 0.033203125
0 0.201171875 0.318359375 0.0234375 0.0234375
0 0.0947265625 0.314453125 0.033203125 0.02734375
0 0.9072265625 0.3134765625 0.033203125 0.029296875
0 0.2861328125 0.3056640625 0.033203125 0.025390625
0 0.9765625 0.296875 0.0234375 0.0234375
0 0.439453125 0.2919921875 0.03125 0.033203125
0 0.0654296875 0.2900390625 0.029296875 0.029296875
0 0.8994140625 0.287109375 0.029296875 0.02734375
0 0.267578125 0.28515625 0.02734375 0.02734375
0 0.99609375 0.271484375 0.0078125 0.01171875
0 0.359375 0.2822265625 0.03125 0.033203125
0 0.1455078125 0.263671875 0.021484375 0.01953125
0 0.244140625 0.26171875 0.03125 0.02734375
0 0.9521484375 0.2578125 0.021484375 0.0234375
0 0.90234375 0.259765625 0.05078125 0.02734375
0 0.4443359375 0.2529296875 0.021484375 0.029296875
0 0.2197265625 0.25 0.021484375 0.02734375
0 0.98828125 0.248046875 0.0234375 0.03125
0 0.326171875 0.248046875 0.03515625 0.03515625
0 0.02734375 0.24609375 0.03515625 0.03125
0 0.9384765625 0.2353515625 0.021484375 0.021484375
0 0.890625 0.236328125 0.0390625 0.0234375
0 0.158203125 0.2314453125 0.0234375 0.029296875
0 0.103515625 0.23046875 0.02734375 0.02734375
0 0.978515625 0.2265625 0.03515625 0.03125
0 0.9228515625 0.2177734375 0.021484375 0.021484375
0 0.376953125 0.2177734375 0.03125 0.025390625
0 0.45703125 0.21484375 0.03125 0.02734375
0 0.8837890625 0.2119140625 0.037109375 0.025390625
0 0.2880859375 0.212890625 0.029296875 0.03125
0 0.078125 0.2080078125 0.03125 0.025390625
0 0.962890625 0.208984375 0.03515625 0.03125
0 0.00390625 0.1953125 0.0078125 0.015625
0 0.1650390625 0.1953125 0.029296875 0.03125
0 0.345703125 0.1904296875 0.02734375 0.025390625
0 0.8779296875 0.1884765625 0.037109375 0.025390625
0 0.9482421875 0.1904296875 0.033203125 0.033203125
0 0.9970703125 0.1728515625 0.005859375 0.009765625
0 0.4599609375 0.17578125 0.021484375 0.02734375
0 0.2490234375 0.1796875 0.033203125 0.03515625
0 0.931640625 0.171875 0.03515625 0.03515625
0 0.083984375 0.1669921875 0.02734375 0.029296875
0 0.3046875 0.162109375 0.02734375 0.03125
0 0.1708984375 0.1591796875 0.029296875 0.029296875
0 0.990234375 0.15234375 0.01953125 0.03125
0 0.91796875 0.154296875 0.03515625 0.03515625
0 0.4638671875 0.140625 0.029296875 0.03125
0 0.384765625 0.1376953125 0.03125 0.029296875
0 0.2578125 0.1337890625 0.03515625 0.029296875
0 0.103515625 0.1328125 0.0234375 0.02734375
0 0.884765625 0.14453125 0.0703125 0.0546875
0 0.982421875 0.12890625 0.03515625 0.03515625
0 0.8623046875 0.126953125 0.037109375 0.03125
0 0.181640625 0.1240234375 0.02734375 0.029296875
0 0.890625 0.115234375 0.01953125 0.01953125
0 0.3525390625 0.1142578125 0.033203125 0.033203125
0 0.9677734375 0.111328125 0.037109375 0.03515625
0 0.85546875 0.1025390625 0.03515625 0.025390625
0 0.451171875 0.1025390625 0.01953125 0.025390625
0 0.884765625 0.0966796875 0.015625 0.017578125
0 0.12109375 0.0947265625 0.03125 0.037109375
0 0.044921875 0.08984375 0.03125 0.03125
0 0.3125 0.0888671875 0.03125 0.033203125
0 0.99609375 0.0791015625 0.0078125 0.017578125
0 0.185546875 0.0859375 0.0234375 0.03125
0 0.8505859375 0.07421875 0.044921875 0.02734375
0 0.064453125 0.0673828125 0.01953125 0.021484375
0 0.443359375 0.06640625 0.0234375 0.02734375
0 0.9638671875 0.080078125 0.060546875 0.05859375
0 0.9365234375 0.0703125 0.037109375 0.0390625
0 0.27734375 0.0634765625 0.03515625 0.033203125
0 0.36328125 0.0576171875 0.02734375 0.033203125
0 0.1328125 0.052734375 0.03125 0.03515625
0 0.9677734375 0.04296875 0.021484375 0.01953125
0 0.9208984375 0.0517578125 0.041015625 0.037109375
0 0.23828125 0.0390625 0.03515625 0.03125
0 0.431640625 0.033203125 0.02734375 0.02734375
0 0.9013671875 0.0341796875 0.037109375 0.037109375
0 0.990234375 0.0234375 0.01953125 0.03125
0 0.3291015625 0.0205078125 0.033203125 0.029296875
0 0.9677734375 0.017578125 0.052734375 0.03515625
0 0.9560546875 0.0048828125 0.013671875 0.009765625
0 0.8544921875 0.00390625 0.021484375 0.0078125
0 0.6767578125 0.0283203125 0.037109375 0.056640625
0 0.4169921875 0.005859375 0.025390625 0.01171875
0 0.294921875 0.00390625 0.01171875 0.0078125
0 0.1982421875 0.013671875 0.033203125 0.02734375
0 0.009765625 0.0126953125 0.01953125 0.025390625