0 0.8173828125 0.99609375 0.029296875 0.0078125
0 0.7548828125 0.9951171875 0.037109375 0.009765625
0 0.94140625 0.9921875 0.015625 0.015625
0 0.810546875 0.9794921875 0.03125 0.021484375
0 0.5400390625 0.978515625 0.068359375 0.03515625
0 0.703125 0.9794921875 0.0625 0.041015625
0 0.8603515625 0.96484375 0.037109375 0.0234375
0 0.765625 0.9658203125 0.01953125 0.025390625
0 0.91015625 0.9521484375 0.03515625 0.025390625
0 0.9423828125 0.9580078125 0.064453125 0.041015625
0 0.650390625 0.9541015625 0.0390625 0.037109375
0 0.896484375 0.9208984375 0.015625 0.017578125
0 0.8486328125 0.9189453125 0.056640625 0.068359375
0 0.90234375 0.8896484375 0.046875 0.044921875
0 0.9736328125 0.873046875 0.025390625 0.04296875
0 0.6005859375 0.8779296875 0.044921875 0.064453125
0 0.7666015625 0.8017578125 0.044921875 0.033203125
0 0.53125 0.849609375 0.1484375 0.17578125
0 0.998046875 0.7333984375 0.00390625 0.009765625
0 0.6796875 0.7431640625 0.16015625 0.123046875
0 0.841796875 0.744140625 0.1171875 0.18359375
0 0.0693359375 0.20703125 0.138671875 0.1953125
0 0.56640625 0.009765625 0.0625 0.01953125
0 0.3388671875 0.0576171875 0.240234375 0.115234375
0 0.037109375 0.033203125 0.07421875 0.06640625