0 0.5009765625 0.9619140625 0.056640625 0.052734375
0 0.0146484375 0.84765625 0.029296875 0.03125
0 0.435546875 0.853515625 0.046875 0.0546875
0 0.0673828125 0.8525390625 0.134765625 0.236328125
0 0.330078125 0.68359375 0.05859375 0.0546875
0 0.328125 0.58203125 0.046875 0.0703125
0 0.0478515625 0.4794921875 0.095703125 0.150390625
0 0.5576171875 0.115234375 0.076171875 0.08203125
0 0.32421875 0.203125 0.37109375 0.265625
0 0.0322265625 0.099609375 0.064453125 0.08984375
0 0.1630859375 0.0634765625 0.146484375 0.095703125
0 0.853515625 0.0048828125 0.01171875 0.009765625
0 0.8291015625 0.00390625 0.025390625 0.0078125