0 0.005859375 0.45703125 0.01171875 0.0234375
0 0.00390625 0.423828125 0.0078125 0.01171875
0 0.0185546875 0.390625 0.037109375 0.06640625
0 0.0048828125 0.3271484375 0.009765625 0.017578125
0 0.072265625 0.306640625 0.06640625 0.06640625
0 0.1220703125 0.26171875 0.064453125 0.06640625
0 0.00390625 0.2265625 0.0078125 0.01171875
0 0.2060546875 0.21875 0.052734375 0.04296875
0 0.173828125 0.19140625 0.0546875 0.0546875
0 0.0537109375 0.1845703125 0.052734375 0.052734375
0 0.1376953125 0.1748046875 0.041015625 0.037109375
0 0.2744140625 0.162109375 0.025390625 0.02734375
0 0.02734375 0.1552734375 0.03125 0.033203125
0 0.234375 0.1630859375 0.04296875 0.060546875
0 0.1181640625 0.1455078125 0.033203125 0.033203125
0 0.2861328125 0.13671875 0.037109375 0.03515625
0 0.0078125 0.1220703125 0.015625 0.025390625
0 0.306640625 0.115234375 0.03515625 0.0390625
0 0.2099609375 0.09765625 0.029296875 0.03125
0 0.068359375 0.09375 0.04296875 0.04296875
0 0.3369140625 0.0810546875 0.037109375 0.037109375
0 0.140625 0.0732421875 0.0234375 0.025390625
0 0.2412109375 0.064453125 0.033203125 0.03125
0 0.365234375 0.0576171875 0.0390625 0.041015625
0 0.0302734375 0.05078125 0.037109375 0.0390625
0 0.1689453125 0.03515625 0.037109375 0.03125
0 0.142578125 0.021484375 0.02734375 0.0234375
0 0.3935546875 0.0234375 0.033203125 0.03125
0 0.267578125 0.01953125 0.02734375 0.02734375
0 0.4296875 0.005859375 0.01953125 0.01171875
0 0.3173828125 0.00390625 0.013671875 0.0078125
0 0.287109375 0.0087890625 0.03125 0.017578125
0 0.2080078125 0.0078125 0.029296875 0.015625
0 0.1337890625 0.00390625 0.013671875 0.0078125
0 0.0107421875 0.005859375 0.021484375 0.01171875