0 0.8515625 0.994140625 0.0234375 0.01171875
0 0.59375 0.994140625 0.0234375 0.01171875
0 0.193359375 0.994140625 0.0234375 0.01171875
0 0.7001953125 0.9931640625 0.021484375 0.013671875
0 0.365234375 0.9912109375 0.03515625 0.017578125
0 0.7861328125 0.990234375 0.025390625 0.01953125
0 0.3271484375 0.9892578125 0.017578125 0.021484375
0 0.1552734375 0.9892578125 0.017578125 0.021484375
0 0.4853515625 0.9873046875 0.021484375 0.021484375
0 0.2236328125 0.98828125 0.021484375 0.0234375
0 0.453125 0.9833984375 0.02734375 0.017578125
0 0.6728515625 0.986328125 0.033203125 0.02734375
0 0.40625 0.9814453125 0.02734375 0.017578125
0 0.5380859375 0.9853515625 0.041015625 0.029296875
0 0.080078125 0.9814453125 0.02734375 0.037109375
0 0.041015625 0.9814453125 0.0234375 0.037109375
0 0.0107421875 0.98046875 0.021484375 0.03515625
0 0.123046875 0.98046875 0.046875 0.0390625
0 0.8310546875 0.9697265625 0.025390625 0.021484375
0 0.455078125 0.9619140625 0.02734375 0.017578125
0 0.357421875 0.9609375 0.03125 0.015625
0 0.40625 0.9599609375 0.02734375 0.017578125
0 0.3046875 0.9619140625 0.03125 0.021484375
0 0.94921875 0.974609375 0.08203125 0.05078125
0 0.5029296875 0.9609375 0.029296875 0.02734375
0 0.7548828125 0.966796875 0.044921875 0.04296875
0 0.6474609375 0.9619140625 0.041015625 0.044921875
0 0.5751953125 0.953125 0.037109375 0.0390625
0 0.8046875 0.951171875 0.04296875 0.04296875
0 0.2158203125 0.9423828125 0.037109375 0.025390625
0 0.076171875 0.9423828125 0.03125 0.025390625
0 0.482421875 0.9404296875 0.02734375 0.029296875
0 0.31640625 0.9365234375 0.02734375 0.021484375
0 0.4521484375 0.9326171875 0.025390625 0.017578125
0 0.734375 0.9404296875 0.0390625 0.037109375
0 0.623046875 0.9365234375 0.03515625 0.029296875
0 0.404296875 0.931640625 0.02734375 0.01953125
0 0.02734375 0.931640625 0.03515625 0.01953125
0 0.7138671875 0.923828125 0.029296875 0.03125
0 0.4541015625 0.912109375 0.025390625 0.01953125
0 0.341796875 0.9189453125 0.01953125 0.033203125
0 0.3017578125 0.9130859375 0.037109375 0.021484375
0 0.6005859375 0.9189453125 0.037109375 0.037109375
0 0.4033203125 0.91015625 0.029296875 0.01953125
0 0.369140625 0.91796875 0.0234375 0.03515625
0 0.1650390625 0.9140625 0.017578125 0.03125
0 0.7705078125 0.919921875 0.044921875 0.046875
0 0.216796875 0.9091796875 0.03515625 0.025390625
0 0.1328125 0.9150390625 0.0234375 0.041015625
0 0.970703125 0.9208984375 0.05859375 0.060546875
0 0.697265625 0.9052734375 0.03125 0.033203125
0 0.0849609375 0.9091796875 0.029296875 0.041015625
0 0.0546875 0.8974609375 0.01953125 0.029296875
0 0.0244140625 0.8974609375 0.017578125 0.029296875
0 0.52734375 0.9052734375 0.03515625 0.048828125
0 0.5830078125 0.8935546875 0.037109375 0.033203125
0 0.96875 0.8828125 0.03515625 0.02734375
0 0.919921875 0.87109375 0.01953125 0.015625
0 0.73046875 0.890625 0.04296875 0.0546875
0 0.509765625 0.876953125 0.03515625 0.03125
0 0.5673828125 0.875 0.029296875 0.03125
0 0.66015625 0.865234375 0.03515625 0.03125
0 0.4150390625 0.8564453125 0.025390625 0.021484375
0 0.3427734375 0.8564453125 0.021484375 0.021484375
0 0.548828125 0.859375 0.03125 0.03515625
0 0.390625 0.8525390625 0.015625 0.025390625
0 0.3671875 0.8525390625 0.015625 0.025390625
0 0.181640625 0.8486328125 0.01953125 0.033203125
0 0.455078125 0.84765625 0.046875 0.03515625
0 0.30078125 0.849609375 0.05859375 0.04296875
0 0.2197265625 0.8486328125 0.041015625 0.041015625
0 0.6796875 0.8388671875 0.03515625 0.033203125
0 0.6376953125 0.8349609375 0.029296875 0.029296875
0 0.0771484375 0.830078125 0.021484375 0.02734375
0 0.05078125 0.830078125 0.01953125 0.02734375
0 0.5322265625 0.8349609375 0.037109375 0.041015625
0 0.0302734375 0.828125 0.021484375 0.02734375
0 0.1435546875 0.830078125 0.021484375 0.03515625
0 0.8251953125 0.876953125 0.162109375 0.1328125
0 0.9091796875 0.8349609375 0.076171875 0.056640625
0 0.484375 0.82421875 0.03515625 0.03515625
0 0.1103515625 0.8232421875 0.025390625 0.048828125
0 0.30859375 0.8115234375 0.05859375 0.029296875
0 0.376953125 0.80859375 0.02734375 0.02734375
0 0.701171875 0.80078125 0.02734375 0.02734375
0 0.7392578125 0.8017578125 0.033203125 0.033203125
0 0.041015625 0.791015625 0.03125 0.01953125
0 0.4462890625 0.80078125 0.037109375 0.04296875
0 0.203125 0.7919921875 0.02734375 0.029296875
0 0.5859375 0.7783203125 0.03125 0.033203125
0 0.4970703125 0.79296875 0.060546875 0.0625
0 0.3720703125 0.7734375 0.017578125 0.03125
0 0.8408203125 0.7841796875 0.076171875 0.056640625
0 0.3056640625 0.767578125 0.048828125 0.0234375
0 0.640625 0.79296875 0.0703125 0.078125
0 0.4521484375 0.7607421875 0.029296875 0.029296875
0 0.21875 0.7578125 0.0234375 0.0234375
0 0.041015625 0.7587890625 0.03515625 0.025390625
0 0.673828125 0.7470703125 0.03125 0.029296875
0 0.9267578125 0.7626953125 0.076171875 0.068359375
0 0.4345703125 0.7412109375 0.025390625 0.025390625
0 0.3466796875 0.7333984375 0.021484375 0.025390625
0 0.96484375 0.7314453125 0.03515625 0.029296875
0 0.302734375 0.7294921875 0.04296875 0.029296875
0 0.6123046875 0.736328125 0.044921875 0.046875
0 0.552734375 0.7451171875 0.05859375 0.064453125
0 0.19140625 0.7265625 0.015625 0.03125
0 0.224609375 0.724609375 0.0234375 0.03515625
0 0.384765625 0.7216796875 0.03515625 0.033203125
0 0.93359375 0.71484375 0.02734375 0.02734375
0 0.1279296875 0.734375 0.099609375 0.07421875
0 0.6357421875 0.708984375 0.029296875 0.02734375
0 0.8662109375 0.71484375 0.041015625 0.046875
0 0.98046875 0.7041015625 0.03515625 0.029296875
0 0.4111328125 0.6953125 0.037109375 0.03515625
0 0.8271484375 0.6962890625 0.037109375 0.044921875
0 0.51171875 0.6923828125 0.04296875 0.041015625
0 0.7412109375 0.712890625 0.115234375 0.0859375
0 0.9873046875 0.6787109375 0.025390625 0.029296875
0 0.94921875 0.6826171875 0.03515625 0.037109375
0 0.576171875 0.685546875 0.05859375 0.06640625
0 0.83984375 0.6689453125 0.0390625 0.037109375
0 0.53125 0.6611328125 0.0234375 0.025390625
0 0.4912109375 0.6689453125 0.044921875 0.044921875
0 0.892578125 0.6611328125 0.03515625 0.033203125
0 0.9619140625 0.654296875 0.033203125 0.03125
0 0.337890625 0.65625 0.03515625 0.03515625
0 0.46875 0.65234375 0.02734375 0.03125
0 0.2958984375 0.6552734375 0.064453125 0.060546875
0 0.90234375 0.6357421875 0.0390625 0.033203125
0 0.5341796875 0.634765625 0.056640625 0.03125
0 0.3564453125 0.6357421875 0.033203125 0.033203125
0 0.205078125 0.640625 0.02734375 0.04296875
0 0.9755859375 0.626953125 0.033203125 0.02734375
0 0.7763671875 0.63671875 0.037109375 0.046875
0 0.44921875 0.6279296875 0.0390625 0.041015625
0 0.8564453125 0.626953125 0.033203125 0.04296875
0 0.328125 0.615234375 0.03515625 0.03125
0 0.1103515625 0.6357421875 0.146484375 0.080078125
0 0.2783203125 0.607421875 0.033203125 0.02734375
0 0.90625 0.59765625 0.0234375 0.01953125
0 0.9853515625 0.6005859375 0.029296875 0.029296875
0 0.0654296875 0.5927734375 0.033203125 0.025390625
0 0.421875 0.59765625 0.04296875 0.04296875
0 0.8740234375 0.5888671875 0.041015625 0.033203125
0 0.31640625 0.5869140625 0.03125 0.033203125
0 0.9287109375 0.5830078125 0.037109375 0.033203125
0 0.9921875 0.5693359375 0.015625 0.021484375
0 0.1923828125 0.572265625 0.041015625 0.03125
0 0.3955078125 0.5703125 0.029296875 0.03125
0 0.076171875 0.55859375 0.046875 0.01953125
0 0.9423828125 0.560546875 0.033203125 0.02734375
0 0.45703125 0.5537109375 0.01953125 0.021484375
0 0.3828125 0.556640625 0.02734375 0.02734375
0 0.7705078125 0.5771484375 0.115234375 0.087890625
0 0.953125 0.5419921875 0.03515625 0.029296875
0 0.8984375 0.5419921875 0.03125 0.029296875
0 0.1953125 0.5380859375 0.04296875 0.021484375
0 0.001953125 0.53515625 0.00390625 0.015625
0 0.365234375 0.5361328125 0.02734375 0.033203125
0 0.6162109375 0.5361328125 0.044921875 0.044921875
0 0.3515625 0.5234375 0.02734375 0.02734375
0 0.2822265625 0.5478515625 0.052734375 0.076171875
0 0.96484375 0.517578125 0.03515625 0.02734375
0 0.076171875 0.5068359375 0.046875 0.021484375
0 0.00390625 0.5078125 0.0078125 0.02734375
0 0.833984375 0.5 0.0390625 0.03125
0 0.794921875 0.494140625 0.0234375 0.02734375
0 0.9150390625 0.5048828125 0.052734375 0.052734375
0 0.9765625 0.4892578125 0.0390625 0.033203125
0 0.3271484375 0.4931640625 0.048828125 0.048828125
0 0.19921875 0.48828125 0.046875 0.05078125
0 0.7958984375 0.4697265625 0.017578125 0.017578125
0 0.0810546875 0.470703125 0.052734375 0.02734375
0 0.7138671875 0.515625 0.130859375 0.12109375
0 0.935546875 0.466796875 0.03515625 0.03125
0 0.984375 0.4638671875 0.03125 0.033203125
0 0.0078125 0.4580078125 0.015625 0.021484375
0 0.5673828125 0.4814453125 0.080078125 0.076171875
0 0.94921875 0.443359375 0.03515625 0.03125
0 0.17578125 0.443359375 0.046875 0.03515625
0 0.2998046875 0.443359375 0.033203125 0.0390625
0 0.0751953125 0.4287109375 0.033203125 0.029296875
0 0.0068359375 0.423828125 0.013671875 0.01953125
0 0.4716796875 0.431640625 0.052734375 0.046875
0 0.7333984375 0.4248046875 0.095703125 0.064453125
0 0.5263671875 0.4091796875 0.037109375 0.033203125
0 0.435546875 0.40234375 0.02734375 0.03515625
0 0.1865234375 0.3994140625 0.033203125 0.029296875
0 0.1533203125 0.3994140625 0.017578125 0.029296875
0 0.1328125 0.3935546875 0.015625 0.025390625
0 0.0810546875 0.3916015625 0.041015625 0.021484375
0 0.630859375 0.4150390625 0.05859375 0.072265625
0 0.0087890625 0.3837890625 0.017578125 0.017578125
0 0.72265625 0.3818359375 0.0234375 0.021484375
0 0.8271484375 0.4013671875 0.064453125 0.064453125
0 0.658203125 0.3671875 0.03125 0.02734375
0 0.75390625 0.3759765625 0.0703125 0.052734375
0 0.3935546875 0.3740234375 0.072265625 0.052734375
0 0.5947265625 0.3662109375 0.044921875 0.044921875
0 0.6669921875 0.3525390625 0.025390625 0.021484375
0 0.806640625 0.3515625 0.02734375 0.02734375
0 0.47265625 0.3623046875 0.08203125 0.064453125
0 0.916015625 0.3447265625 0.0390625 0.033203125
0 0.7822265625 0.345703125 0.029296875 0.0390625
0 0.1572265625 0.3349609375 0.025390625 0.021484375
0 0.677734375 0.3330078125 0.03515625 0.029296875
0 0.4775390625 0.328125 0.033203125 0.03125
0 0.751953125 0.330078125 0.0390625 0.0390625
0 0.9306640625 0.3193359375 0.033203125 0.037109375
0 0.634765625 0.31640625 0.02734375 0.03125
0 0.12109375 0.3154296875 0.0234375 0.033203125
0 0.080078125 0.3125 0.0234375 0.03125
0 0.3759765625 0.3134765625 0.044921875 0.037109375
0 0.322265625 0.3095703125 0.03515625 0.029296875
0 0.615234375 0.3046875 0.0234375 0.02734375
0 0.46484375 0.3046875 0.03125 0.03125
0 0.294921875 0.2958984375 0.03515625 0.033203125
0 0.6865234375 0.294921875 0.048828125 0.03515625
0 0.7763671875 0.2880859375 0.037109375 0.025390625
0 0.54296875 0.2880859375 0.02734375 0.033203125
0 0.3427734375 0.283203125 0.033203125 0.0234375
0 0.7001953125 0.279296875 0.037109375 0.02734375
0 0.65625 0.27734375 0.02734375 0.03125
0 0.443359375 0.275390625 0.03515625 0.02734375
0 0.5263671875 0.26953125 0.025390625 0.0234375
0 0.7841796875 0.2685546875 0.033203125 0.025390625
0 0.36328125 0.2666015625 0.0234375 0.021484375
0 0.634765625 0.267578125 0.0234375 0.03125
0 0.546875 0.2529296875 0.02734375 0.025390625
0 0.4228515625 0.2529296875 0.037109375 0.029296875
0 0.6708984375 0.248046875 0.025390625 0.0234375
0 0.2626953125 0.2578125 0.044921875 0.04296875
0 0.5888671875 0.2861328125 0.080078125 0.115234375
0 0.5537109375 0.2314453125 0.025390625 0.021484375
0 0.2119140625 0.2392578125 0.060546875 0.041015625
0 0.9697265625 0.2275390625 0.037109375 0.029296875
0 0.8173828125 0.2275390625 0.052734375 0.033203125
0 0.6748046875 0.2158203125 0.029296875 0.017578125
0 0.2177734375 0.2216796875 0.029296875 0.029296875
0 0.3134765625 0.2255859375 0.052734375 0.041015625
0 0.9267578125 0.244140625 0.095703125 0.0859375
0 0.5634765625 0.2109375 0.025390625 0.0234375
0 0.40234375 0.2216796875 0.046875 0.044921875
0 0.7216796875 0.2197265625 0.060546875 0.052734375
0 0.8623046875 0.1953125 0.017578125 0.015625
0 0.251953125 0.20703125 0.046875 0.04296875
0 0.7138671875 0.2021484375 0.029296875 0.037109375
0 0.9736328125 0.197265625 0.052734375 0.03125
0 0.4912109375 0.20703125 0.044921875 0.05078125
0 0.384765625 0.189453125 0.03125 0.0234375
0 0.1484375 0.1953125 0.03125 0.03515625
0 0.6943359375 0.1923828125 0.029296875 0.037109375
0 0.8310546875 0.1875 0.044921875 0.03125
0 0.2900390625 0.1865234375 0.033203125 0.037109375
0 0.12890625 0.1748046875 0.0390625 0.037109375
0 0.9892578125 0.1689453125 0.021484375 0.029296875
0 0.1796875 0.171875 0.0390625 0.0390625
0 0.515625 0.171875 0.04296875 0.046875
0 0.6708984375 0.173828125 0.033203125 0.0546875
0 0.3212890625 0.1640625 0.041015625 0.05078125
0 0.09765625 0.15234375 0.03515625 0.03125
0 0.595703125 0.1591796875 0.046875 0.048828125
0 0.7412109375 0.1484375 0.025390625 0.03125
0 0.8583984375 0.14453125 0.052734375 0.03515625
0 0.53125 0.1396484375 0.03125 0.029296875
0 0.7197265625 0.13671875 0.025390625 0.03125
0 0.36328125 0.154296875 0.046875 0.0703125
0 0.0751953125 0.1357421875 0.037109375 0.033203125
0 0.2314453125 0.14453125 0.064453125 0.0546875
0 0.9892578125 0.134765625 0.021484375 0.0390625
0 0.4677734375 0.1455078125 0.056640625 0.060546875
0 0.1318359375 0.1279296875 0.025390625 0.029296875
0 0.7724609375 0.14453125 0.048828125 0.06640625
0 0.16015625 0.1240234375 0.03515625 0.037109375
0 0.8662109375 0.1181640625 0.037109375 0.029296875
0 0.759765625 0.115234375 0.02734375 0.02734375
0 0.0498046875 0.1181640625 0.037109375 0.033203125
0 0.4375 0.1181640625 0.0390625 0.037109375
0 0.6806640625 0.1201171875 0.060546875 0.044921875
0 0.740234375 0.10546875 0.0234375 0.0234375
0 0.03125 0.1025390625 0.03515625 0.033203125
0 0.1328125 0.0927734375 0.02734375 0.025390625
0 0.87109375 0.095703125 0.0390625 0.03515625
0 0.6171875 0.1083984375 0.04296875 0.060546875
0 0.4228515625 0.08984375 0.044921875 0.0390625
0 0.7099609375 0.0869140625 0.037109375 0.041015625
0 0.0029296875 0.0712890625 0.005859375 0.009765625
0 0.9638671875 0.0791015625 0.041015625 0.033203125
0 0.8095703125 0.0751953125 0.021484375 0.025390625
0 0.2978515625 0.0986328125 0.087890625 0.072265625
0 0.1689453125 0.0751953125 0.025390625 0.025390625
0 0.068359375 0.08203125 0.03515625 0.0390625
0 0.884765625 0.07421875 0.03515625 0.03125
0 0.2109375 0.0859375 0.06640625 0.05859375
0 0.68359375 0.0712890625 0.02734375 0.033203125
0 0.5712890625 0.0712890625 0.033203125 0.033203125
0 0.08984375 0.0693359375 0.03515625 0.041015625
0 0.40625 0.0654296875 0.04296875 0.041015625
0 0.25 0.0615234375 0.03515625 0.037109375
0 0.767578125 0.0537109375 0.0234375 0.025390625
0 0.64453125 0.0546875 0.03515625 0.02734375
0 0.8955078125 0.052734375 0.033203125 0.02734375
0 0.1103515625 0.0556640625 0.033203125 0.037109375
0 0.7451171875 0.0439453125 0.021484375 0.025390625
0 0.1611328125 0.046875 0.033203125 0.03125
0 0.546875 0.0693359375 0.046875 0.083984375
0 0.0146484375 0.0419921875 0.029296875 0.033203125
0 0.798828125 0.0361328125 0.03125 0.025390625
0 0.6533203125 0.0361328125 0.033203125 0.025390625
0 0.9091796875 0.03125 0.037109375 0.02734375
0 0.5205078125 0.0361328125 0.033203125 0.037109375
0 0.2890625 0.04296875 0.05078125 0.0546875
0 0.8330078125 0.0244140625 0.033203125 0.029296875
0 0.033203125 0.02734375 0.03125 0.03515625
0 0.1357421875 0.0341796875 0.044921875 0.052734375
0 0.4248046875 0.0302734375 0.048828125 0.052734375
0 0.4990234375 0.0185546875 0.029296875 0.033203125
0 0.94140625 0.001953125 0.00390625 0.00390625
0 0.919921875 0.01171875 0.0390625 0.0234375
0 0.8408203125 0.0078125 0.037109375 0.015625
0 0.78125 0.0029296875 0.01171875 0.005859375
0 0.7421875 0.0048828125 0.01953125 0.009765625
0 0.7138671875 0.001953125 0.005859375 0.00390625
0 0.6796875 0.021484375 0.05859375 0.04296875
0 0.5947265625 0.009765625 0.041015625 0.01953125
0 0.5537109375 0.0107421875 0.029296875 0.021484375
0 0.53125 0.00390625 0.015625 0.0078125
0 0.4580078125 0.001953125 0.005859375 0.00390625
0 0.3603515625 0.021484375 0.037109375 0.04296875
0 0.3447265625 0.0029296875 0.009765625 0.005859375
0 0.248046875 0.0029296875 0.01171875 0.005859375
0 0.2119140625 0.017578125 0.048828125 0.03515625
0 0.126953125 0.0068359375 0.02734375 0.013671875
0 0.0859375 0.009765625 0.046875 0.01953125
0 0.052734375 0.0166015625 0.03515625 0.033203125