0 0.9599609375 0.998046875 0.017578125 0.00390625
0 0.142578125 0.9970703125 0.01171875 0.005859375
0 0.2734375 0.9951171875 0.015625 0.009765625
0 0.1728515625 0.9951171875 0.017578125 0.009765625
0 0.89453125 0.994140625 0.01953125 0.01171875
0 0.3740234375 0.994140625 0.021484375 0.01171875
0 0.4609375 0.9931640625 0.0234375 0.013671875
0 0.3203125 0.984375 0.03125 0.03125
0 0.6767578125 0.9814453125 0.033203125 0.029296875
0 0.19921875 0.9814453125 0.03125 0.033203125
0 0.8564453125 0.9775390625 0.060546875 0.029296875
0 0.982421875 0.9755859375 0.03515625 0.029296875
0 0.0419921875 0.98046875 0.029296875 0.0390625
0 0.1240234375 0.970703125 0.029296875 0.02734375
0 0.658203125 0.9619140625 0.02734375 0.025390625
0 0.4306640625 0.9619140625 0.037109375 0.029296875
0 0.3486328125 0.962890625 0.033203125 0.03125
0 0.7939453125 0.9697265625 0.044921875 0.048828125
0 0.2236328125 0.9609375 0.029296875 0.03125
0 0.10546875 0.9482421875 0.03125 0.029296875
0 0.7314453125 0.9384765625 0.025390625 0.021484375
0 0.626953125 0.9443359375 0.046875 0.037109375
0 0.013671875 0.9384765625 0.02734375 0.029296875
0 0.1962890625 0.931640625 0.021484375 0.0234375
0 0.390625 0.927734375 0.03125 0.03515625
0 0.58203125 0.9169921875 0.0234375 0.021484375
0 0.0029296875 0.912109375 0.005859375 0.01171875
0 0.0859375 0.9189453125 0.03125 0.029296875
0 0.61328125 0.916015625 0.03515625 0.03515625
0 0.283203125 0.9169921875 0.0390625 0.037109375
0 0.7685546875 0.90234375 0.017578125 0.01953125
0 0.173828125 0.90234375 0.03125 0.03125
0 0.0693359375 0.89453125 0.033203125 0.0234375
0 0.9697265625 0.90234375 0.060546875 0.04296875
0 0.6953125 0.8916015625 0.0234375 0.025390625
0 0.1015625 0.888671875 0.01953125 0.01953125
0 0.259765625 0.890625 0.0390625 0.02734375
0 0.435546875 0.8935546875 0.03515625 0.037109375
0 0.6025390625 0.8857421875 0.033203125 0.033203125
0 0.818359375 0.87890625 0.02734375 0.02734375
0 0.91015625 0.884765625 0.04296875 0.046875
0 0.4765625 0.8798828125 0.03515625 0.037109375
0 0.6767578125 0.8671875 0.025390625 0.0234375
0 0.044921875 0.87109375 0.03125 0.03125
0 0.0830078125 0.8623046875 0.021484375 0.017578125
0 0.1435546875 0.8662109375 0.033203125 0.033203125
0 0.3583984375 0.8623046875 0.029296875 0.029296875
0 0.578125 0.8603515625 0.03125 0.029296875
0 0.234375 0.857421875 0.03515625 0.03125
0 0.50390625 0.85546875 0.03125 0.03125
0 0.7939453125 0.8525390625 0.029296875 0.029296875
0 0.029296875 0.841796875 0.03515625 0.03515625
0 0.669921875 0.8369140625 0.03515625 0.033203125
0 0.333984375 0.8310546875 0.0390625 0.033203125
0 0.1181640625 0.830078125 0.029296875 0.03125
0 0.5234375 0.828125 0.03125 0.03515625
0 0.94140625 0.830078125 0.0546875 0.046875
0 0.7734375 0.8212890625 0.02734375 0.029296875
0 0.4091796875 0.826171875 0.037109375 0.0390625
0 0.2041015625 0.8212890625 0.029296875 0.033203125
0 0.013671875 0.8203125 0.02734375 0.03515625
0 0.8681640625 0.8125 0.033203125 0.03125
0 0.650390625 0.8125 0.03515625 0.03125
0 0.546875 0.8076171875 0.02734375 0.029296875
0 0.4287109375 0.80859375 0.037109375 0.03515625
0 0.314453125 0.7978515625 0.02734375 0.029296875
0 0.087890625 0.7978515625 0.03515625 0.037109375
0 0.62109375 0.7919921875 0.02734375 0.029296875
0 0.005859375 0.7880859375 0.01171875 0.021484375
0 0.451171875 0.7919921875 0.03515625 0.037109375
0 0.173828125 0.7861328125 0.02734375 0.025390625
0 0.748046875 0.7841796875 0.03125 0.029296875
0 0.833984375 0.779296875 0.03125 0.03125
0 0.9169921875 0.7744140625 0.029296875 0.029296875
0 0.4755859375 0.767578125 0.033203125 0.0390625
0 0.3935546875 0.765625 0.037109375 0.03515625
0 0.2919921875 0.763671875 0.029296875 0.03125
0 0.599609375 0.76171875 0.02734375 0.03125
0 0.72265625 0.7578125 0.02734375 0.02734375
0 0.0654296875 0.755859375 0.029296875 0.03125
0 0.5107421875 0.75 0.037109375 0.03125
0 0.8134765625 0.7490234375 0.029296875 0.033203125
0 0.1484375 0.75 0.03125 0.03515625
0 0.044921875 0.7421875 0.03125 0.03125
0 0.8896484375 0.7392578125 0.029296875 0.029296875
0 0.2587890625 0.7353515625 0.033203125 0.033203125
0 0.3623046875 0.734375 0.033203125 0.03515625
0 0.646484375 0.7314453125 0.03125 0.033203125
0 0.6708984375 0.7197265625 0.029296875 0.029296875
0 0.9658203125 0.7158203125 0.025390625 0.025390625
0 0.78515625 0.716796875 0.02734375 0.02734375
0 0.0302734375 0.7138671875 0.029296875 0.025390625
0 0.8671875 0.7080078125 0.02734375 0.029296875
0 0.556640625 0.70703125 0.02734375 0.02734375
0 0.1123046875 0.703125 0.033203125 0.03515625
0 0.2353515625 0.69921875 0.033203125 0.03125
0 0.453125 0.6962890625 0.03125 0.029296875
0 0.3310546875 0.69921875 0.037109375 0.03515625
0 0.947265625 0.69140625 0.0234375 0.0234375
0 0.69140625 0.6923828125 0.02734375 0.025390625
0 0.013671875 0.6884765625 0.02734375 0.029296875
0 0.1357421875 0.685546875 0.033203125 0.03515625
0 0.841796875 0.67578125 0.03125 0.03125
0 0.599609375 0.6748046875 0.03515625 0.033203125
0 0.927734375 0.66796875 0.02734375 0.02734375
0 0.212890625 0.6689453125 0.03125 0.033203125
0 0.427734375 0.6689453125 0.03515625 0.037109375
0 0.3017578125 0.6669921875 0.029296875 0.033203125
0 0.7314453125 0.6650390625 0.033203125 0.037109375
0 0.5244140625 0.666015625 0.052734375 0.05859375
0 0.9912109375 0.6455078125 0.017578125 0.025390625
0 0.9091796875 0.642578125 0.025390625 0.0234375
0 0.6396484375 0.6435546875 0.025390625 0.025390625
0 0.755859375 0.6455078125 0.03515625 0.033203125
0 0.0625 0.64453125 0.0390625 0.03515625
0 0.279296875 0.638671875 0.02734375 0.02734375
0 0.1884765625 0.642578125 0.033203125 0.03515625
0 0.4052734375 0.6318359375 0.029296875 0.025390625
0 0.779296875 0.62890625 0.03125 0.03515625
0 0.9814453125 0.62109375 0.025390625 0.02734375
0 0.892578125 0.623046875 0.03125 0.03125
0 0.5 0.6220703125 0.03125 0.029296875
0 0.1064453125 0.6171875 0.029296875 0.02734375
0 0.6181640625 0.615234375 0.029296875 0.03125
0 0.8642578125 0.6083984375 0.021484375 0.021484375
0 0.8017578125 0.6123046875 0.033203125 0.033203125
0 0.6884765625 0.6044921875 0.029296875 0.029296875
0 0.9658203125 0.599609375 0.025390625 0.0234375
0 0.3837890625 0.6015625 0.029296875 0.02734375
0 0.2451171875 0.6025390625 0.033203125 0.029296875
0 0.03125 0.603515625 0.03515625 0.03515625
0 0.48046875 0.5966796875 0.03125 0.033203125
0 0.0673828125 0.5908203125 0.021484375 0.021484375
0 0.7294921875 0.5888671875 0.029296875 0.029296875
0 0.591796875 0.587890625 0.03125 0.03125
0 0.1083984375 0.5791015625 0.021484375 0.025390625
0 0.1513671875 0.5830078125 0.037109375 0.037109375
0 0.3701171875 0.5751953125 0.025390625 0.025390625
0 0.017578125 0.580078125 0.03515625 0.03515625
0 0.2763671875 0.576171875 0.033203125 0.03125
0 0.458984375 0.578125 0.04296875 0.0390625
0 0.849609375 0.5712890625 0.03515625 0.029296875
0 0.0048828125 0.5634765625 0.009765625 0.017578125
0 0.30078125 0.5615234375 0.02734375 0.021484375
0 0.6728515625 0.560546875 0.033203125 0.02734375
0 0.939453125 0.5654296875 0.05078125 0.044921875
0 0.568359375 0.5556640625 0.02734375 0.029296875
0 0.4384765625 0.5498046875 0.029296875 0.029296875
0 0.771484375 0.5458984375 0.05078125 0.041015625
0 0.65625 0.5400390625 0.03515625 0.029296875
0 0.203125 0.541015625 0.03125 0.03125
0 0.123046875 0.5400390625 0.02734375 0.029296875
0 0.068359375 0.5341796875 0.01953125 0.021484375
0 0.2275390625 0.5322265625 0.025390625 0.025390625
0 0.3408203125 0.53515625 0.033203125 0.03515625
0 0.912109375 0.5244140625 0.03125 0.029296875
0 0.544921875 0.5244140625 0.03125 0.033203125
0 0.099609375 0.5234375 0.03515625 0.03125
0 0.412109375 0.517578125 0.03125 0.03125
0 0.9921875 0.509765625 0.015625 0.02734375
0 0.2509765625 0.5126953125 0.033203125 0.033203125
0 0.8232421875 0.513671875 0.041015625 0.04296875
0 0.6474609375 0.5068359375 0.048828125 0.041015625
0 0.173828125 0.4990234375 0.03125 0.029296875
0 0.2763671875 0.49609375 0.025390625 0.02734375
0 0.6162109375 0.494140625 0.025390625 0.02734375
0 0.080078125 0.4970703125 0.03515625 0.033203125
0 0.5244140625 0.494140625 0.033203125 0.03515625
0 0.3935546875 0.4853515625 0.033203125 0.033203125
0 0.966796875 0.478515625 0.02734375 0.02734375
0 0.875 0.4775390625 0.02734375 0.025390625
0 0.064453125 0.4736328125 0.02734375 0.021484375
0 0.16015625 0.4775390625 0.03515625 0.033203125
0 0.4140625 0.4599609375 0.02734375 0.025390625
0 0.2900390625 0.46875 0.041015625 0.04296875
0 0.603515625 0.4619140625 0.03515625 0.033203125
0 0.998046875 0.4453125 0.00390625 0.00390625
0 0.662109375 0.4580078125 0.0390625 0.033203125
0 0.8583984375 0.4541015625 0.029296875 0.029296875
0 0.1357421875 0.453125 0.029296875 0.02734375
0 0.494140625 0.4521484375 0.03125 0.029296875
0 0.048828125 0.4443359375 0.02734375 0.029296875
0 0.4443359375 0.4345703125 0.017578125 0.017578125
0 0.9384765625 0.43359375 0.029296875 0.02734375
0 0.3427734375 0.435546875 0.029296875 0.03125
0 0.2578125 0.439453125 0.03515625 0.0390625
0 0.833984375 0.431640625 0.0390625 0.03515625
0 0.123046875 0.4306640625 0.03515625 0.037109375
0 0.6513671875 0.427734375 0.037109375 0.03515625
0 0.47265625 0.4267578125 0.02734375 0.033203125
0 0.029296875 0.4228515625 0.02734375 0.029296875
0 0.2412109375 0.41015625 0.033203125 0.02734375
0 0.5576171875 0.412109375 0.033203125 0.03515625
0 0.9130859375 0.40625 0.021484375 0.02734375
0 0.8154296875 0.4072265625 0.033203125 0.033203125
0 0.1044921875 0.404296875 0.033203125 0.03515625
0 0.0126953125 0.3994140625 0.025390625 0.025390625
0 0.390625 0.4052734375 0.05859375 0.044921875
0 0.310546875 0.3974609375 0.03125 0.033203125
0 0.54296875 0.3916015625 0.03125 0.029296875
0 0.00390625 0.376953125 0.0078125 0.01171875
0 0.21875 0.3828125 0.02734375 0.02734375
0 0.9013671875 0.37890625 0.021484375 0.0234375
0 0.0810546875 0.37890625 0.029296875 0.03125
0 0.525390625 0.3740234375 0.03515625 0.029296875
0 0.9912109375 0.3720703125 0.017578125 0.029296875
0 0.7685546875 0.3720703125 0.033203125 0.029296875
0 0.203125 0.359375 0.0234375 0.0234375
0 0.291015625 0.361328125 0.03515625 0.03125
0 0.888671875 0.35546875 0.03125 0.0234375
0 0.0595703125 0.357421875 0.029296875 0.03125
0 0.572265625 0.345703125 0.03125 0.03125
0 0.7529296875 0.34375 0.033203125 0.03515625
0 0.4072265625 0.353515625 0.056640625 0.0546875
0 0.869140625 0.3349609375 0.03125 0.025390625
0 0.1875 0.333984375 0.02734375 0.03125
0 0.0390625 0.3330078125 0.02734375 0.029296875
0 0.5908203125 0.3271484375 0.025390625 0.025390625
0 0.48046875 0.3291015625 0.03515625 0.041015625
0 0.26171875 0.3251953125 0.0390625 0.037109375
0 0.392578125 0.3212890625 0.0390625 0.037109375
0 0.1689453125 0.3115234375 0.033203125 0.029296875
0 0.5048828125 0.30859375 0.029296875 0.02734375
0 0.0234375 0.30859375 0.02734375 0.02734375
0 0.8642578125 0.30078125 0.033203125 0.02734375
0 0.630859375 0.2978515625 0.02734375 0.029296875
0 0.455078125 0.2978515625 0.02734375 0.033203125
0 0.1494140625 0.2900390625 0.029296875 0.029296875
0 0.7275390625 0.2861328125 0.037109375 0.033203125
0 0.5556640625 0.28125 0.033203125 0.03125
0 0.3701171875 0.2900390625 0.044921875 0.048828125
0 0.486328125 0.271484375 0.01953125 0.01953125
0 0.21875 0.2783203125 0.04296875 0.037109375
0 0.0078125 0.2734375 0.015625 0.02734375
0 0.435546875 0.2705078125 0.03125 0.029296875
0 0.130859375 0.267578125 0.02734375 0.02734375
0 0.6748046875 0.26171875 0.029296875 0.02734375
0 0.7099609375 0.25390625 0.025390625 0.02734375
0 0.337890625 0.251953125 0.03515625 0.03125
0 0.0263671875 0.248046875 0.033203125 0.02734375
0 0.4130859375 0.244140625 0.025390625 0.0234375
0 0.11328125 0.2431640625 0.02734375 0.029296875
0 0.2509765625 0.240234375 0.025390625 0.02734375
0 0.203125 0.2412109375 0.02734375 0.029296875
0 0.8466796875 0.24609375 0.037109375 0.04296875
0 0.5576171875 0.240234375 0.029296875 0.03515625
0 0.447265625 0.2333984375 0.03125 0.029296875
0 0.7978515625 0.2236328125 0.025390625 0.025390625
0 0.3173828125 0.2275390625 0.037109375 0.033203125
0 0.1875 0.2236328125 0.03125 0.025390625
0 0.5087890625 0.2216796875 0.033203125 0.029296875
0 0.0888671875 0.21875 0.033203125 0.03125
0 0.875 0.2119140625 0.0234375 0.025390625
0 0.43359375 0.2109375 0.02734375 0.02734375
0 0.3935546875 0.2099609375 0.033203125 0.029296875
0 0.0439453125 0.201171875 0.025390625 0.0234375
0 0.2978515625 0.2021484375 0.029296875 0.029296875
0 0.1640625 0.2001953125 0.03125 0.025390625
0 0.6591796875 0.201171875 0.041015625 0.03515625
0 0.7685546875 0.1953125 0.029296875 0.02734375
0 0.2294921875 0.181640625 0.017578125 0.015625
0 0.3740234375 0.1845703125 0.029296875 0.033203125
0 0.283203125 0.177734375 0.02734375 0.03125
0 0.142578125 0.17578125 0.02734375 0.02734375
0 0.0654296875 0.1767578125 0.029296875 0.029296875
0 0.560546875 0.1728515625 0.02734375 0.029296875
0 0.470703125 0.173828125 0.03125 0.03125
0 0.6396484375 0.1748046875 0.037109375 0.037109375
0 0.974609375 0.177734375 0.05078125 0.05078125
0 0.2626953125 0.166015625 0.033203125 0.03515625
0 0.5078125 0.15625 0.0234375 0.0234375
0 0.3564453125 0.15625 0.037109375 0.03515625
0 0.125 0.1533203125 0.02734375 0.029296875
0 0.8271484375 0.1591796875 0.037109375 0.044921875
0 0.72265625 0.1494140625 0.03515625 0.037109375
0 0.62109375 0.150390625 0.0390625 0.0390625
0 0.951171875 0.146484375 0.046875 0.05078125
0 0.3330078125 0.134765625 0.029296875 0.02734375
0 0.39453125 0.1279296875 0.0234375 0.025390625
0 0.1982421875 0.1220703125 0.017578125 0.017578125
0 0.6015625 0.125 0.0390625 0.03515625
0 0.1025390625 0.12109375 0.025390625 0.02734375
0 0.76171875 0.1162109375 0.02734375 0.029296875
0 0.8935546875 0.1171875 0.033203125 0.03515625
0 0.7236328125 0.11328125 0.025390625 0.02734375
0 0.326171875 0.1142578125 0.03515625 0.029296875
0 0.224609375 0.1123046875 0.02734375 0.025390625
0 0.7841796875 0.1005859375 0.029296875 0.029296875
0 0.6865234375 0.099609375 0.033203125 0.03515625
0 0.58203125 0.0986328125 0.0390625 0.037109375
0 0.4326171875 0.0947265625 0.025390625 0.029296875
0 0.30859375 0.0908203125 0.03515625 0.029296875
0 0.1259765625 0.087890625 0.025390625 0.02734375
0 0.8046875 0.0810546875 0.03125 0.037109375
0 0.66796875 0.078125 0.0390625 0.03515625
0 0.9921875 0.0693359375 0.015625 0.025390625
0 0.5634765625 0.0751953125 0.037109375 0.037109375
0 0.28515625 0.064453125 0.02734375 0.02734375
0 0.1943359375 0.068359375 0.037109375 0.03515625
0 0.8271484375 0.0615234375 0.033203125 0.037109375
0 0.4560546875 0.0576171875 0.033203125 0.029296875
0 0.9833984375 0.0517578125 0.025390625 0.025390625
0 0.54296875 0.0537109375 0.03125 0.029296875
0 0.154296875 0.0517578125 0.02734375 0.025390625
0 0.6513671875 0.0478515625 0.041015625 0.037109375
0 0.2666015625 0.0419921875 0.025390625 0.025390625
0 0.869140625 0.0390625 0.03515625 0.03515625
0 0.96875 0.0302734375 0.03515625 0.025390625
0 0.630859375 0.03125 0.03125 0.03125
0 0.1748046875 0.0234375 0.025390625 0.0234375
0 0.52734375 0.025390625 0.03515625 0.03515625
0 0.248046875 0.0185546875 0.02734375 0.025390625
0 0.99609375 0.0048828125 0.0078125 0.009765625
0 0.9365234375 0.0068359375 0.021484375 0.013671875
0 0.8486328125 0.0166015625 0.041015625 0.033203125
0 0.6142578125 0.01171875 0.033203125 0.0234375
0 0.5927734375 0.001953125 0.005859375 0.00390625
0 0.478515625 0.0048828125 0.015625 0.009765625
0 0.2314453125 0.00390625 0.013671875 0.0078125