0 0.1953125 0.998046875 0.00390625 0.00390625
0 0.0205078125 0.994140625 0.021484375 0.01171875
0 0.486328125 0.9921875 0.03125 0.015625
0 0.31640625 0.990234375 0.02734375 0.01953125
0 0.6826171875 0.9892578125 0.029296875 0.021484375
0 0.5751953125 0.98828125 0.041015625 0.0234375
0 0.232421875 0.98046875 0.02734375 0.02734375
0 0.423828125 0.96875 0.03125 0.02734375
0 0.0712890625 0.96484375 0.021484375 0.0234375
0 0.0341796875 0.9501953125 0.021484375 0.021484375
0 0.5517578125 0.9580078125 0.048828125 0.041015625
0 0.638671875 0.94140625 0.03125 0.03125
0 0.46875 0.9375 0.03125 0.02734375
0 0.2158203125 0.93359375 0.025390625 0.02734375
0 0.3974609375 0.9326171875 0.029296875 0.029296875
0 0.05078125 0.921875 0.03515625 0.03515625
0 0.1259765625 0.91796875 0.033203125 0.03125
0 0.494140625 0.9111328125 0.02734375 0.029296875
0 0.6123046875 0.9130859375 0.033203125 0.037109375
0 0.693359375 0.91015625 0.0390625 0.0390625
0 0.4306640625 0.9072265625 0.037109375 0.037109375
0 0.2626953125 0.900390625 0.029296875 0.0234375
0 0.3427734375 0.8984375 0.029296875 0.02734375
0 0.525390625 0.8916015625 0.03125 0.029296875
0 0.1669921875 0.8896484375 0.033203125 0.029296875
0 0.736328125 0.8740234375 0.0234375 0.021484375
0 0.6513671875 0.880859375 0.037109375 0.03515625
0 0.1220703125 0.8701171875 0.025390625 0.025390625
0 0.0263671875 0.8671875 0.021484375 0.01953125
0 0.3076171875 0.8671875 0.033203125 0.03515625
0 0.4912109375 0.861328125 0.029296875 0.02734375
0 0.3740234375 0.8603515625 0.029296875 0.029296875
0 0.5732421875 0.859375 0.033203125 0.03515625
0 0.7021484375 0.8408203125 0.029296875 0.029296875
0 0.2158203125 0.8388671875 0.029296875 0.037109375
0 0.0595703125 0.8134765625 0.017578125 0.017578125
0 0.009765625 0.8134765625 0.01953125 0.025390625
0 0.5546875 0.8115234375 0.0390625 0.037109375
0 0.2431640625 0.8076171875 0.033203125 0.033203125
0 0.29296875 0.791015625 0.03125 0.03125
0 0.1181640625 0.7890625 0.029296875 0.02734375
0 0.443359375 0.7978515625 0.046875 0.052734375
0 0.0458984375 0.7841796875 0.025390625 0.025390625
0 0.6748046875 0.775390625 0.033203125 0.046875
0 0.505859375 0.765625 0.03515625 0.03515625
0 0.0830078125 0.7548828125 0.025390625 0.025390625
0 0.2841796875 0.748046875 0.021484375 0.02734375
0 0.16796875 0.75390625 0.0625 0.046875
0 0.0078125 0.744140625 0.015625 0.02734375
0 0.3857421875 0.7265625 0.033203125 0.03125
0 0.123046875 0.724609375 0.03125 0.02734375
0 0.4892578125 0.73046875 0.037109375 0.04296875
0 0.3203125 0.7294921875 0.03515625 0.048828125
0 0.2216796875 0.7138671875 0.029296875 0.029296875
0 0.0439453125 0.7109375 0.021484375 0.0234375
0 0.1572265625 0.7060546875 0.033203125 0.041015625
0 0.3564453125 0.68359375 0.029296875 0.02734375
0 0.443359375 0.681640625 0.02734375 0.02734375
0 0.0087890625 0.6708984375 0.017578125 0.021484375
0 0.2685546875 0.6748046875 0.033203125 0.037109375
0 0.1025390625 0.666015625 0.033203125 0.03125
0 0.21875 0.654296875 0.0234375 0.02734375
0 0.408203125 0.646484375 0.02734375 0.02734375
0 0.1396484375 0.6376953125 0.025390625 0.025390625
0 0.30859375 0.638671875 0.03515625 0.03125
0 0.421875 0.6259765625 0.01953125 0.017578125
0 0.2568359375 0.625 0.029296875 0.02734375
0 0.1640625 0.6162109375 0.02734375 0.025390625
0 0.4599609375 0.611328125 0.025390625 0.0234375
0 0.0830078125 0.6123046875 0.025390625 0.029296875
0 0.2890625 0.6005859375 0.02734375 0.025390625
0 0.966796875 0.60546875 0.0390625 0.0390625
0 0.373046875 0.59375 0.03125 0.0390625
0 0.2158203125 0.578125 0.025390625 0.03125
0 0.2587890625 0.5546875 0.025390625 0.0234375
0 0.3544921875 0.5537109375 0.029296875 0.029296875
0 0.1748046875 0.5439453125 0.021484375 0.021484375
0 0.94140625 0.537109375 0.03125 0.0390625
0 0.2802734375 0.53125 0.025390625 0.02734375
0 0.314453125 0.5 0.03125 0.03515625
0 0.92578125 0.4443359375 0.03125 0.021484375
0 0.990234375 0.4248046875 0.01953125 0.025390625
0 0.873046875 0.4208984375 0.03125 0.033203125
0 0.083984375 0.4443359375 0.16796875 0.103515625
0 0.818359375 0.3681640625 0.02734375 0.029296875
0 0.953125 0.359375 0.03515625 0.0234375
0 0.994140625 0.337890625 0.01171875 0.0234375
0 0.896484375 0.333984375 0.03515625 0.03515625
0 0.7861328125 0.318359375 0.025390625 0.0390625
0 0.86328125 0.275390625 0.03125 0.0390625
0 0.7900390625 0.2451171875 0.025390625 0.029296875
0 0.955078125 0.2265625 0.0234375 0.02734375
0 0.900390625 0.2216796875 0.0390625 0.033203125
0 0.3798828125 0.2236328125 0.060546875 0.064453125
0 0.0185546875 0.2041015625 0.037109375 0.044921875
0 0.8359375 0.1787109375 0.03515625 0.041015625
0 0.416015625 0.1728515625 0.0703125 0.064453125
0 0.8876953125 0.140625 0.029296875 0.02734375
0 0.9482421875 0.138671875 0.029296875 0.02734375
0 0.2548828125 0.146484375 0.111328125 0.0859375
0 0.98828125 0.0830078125 0.0234375 0.037109375
0 0.2802734375 0.068359375 0.072265625 0.0625
0 0.1318359375 0.076171875 0.107421875 0.09375
0 0.88671875 0.0341796875 0.04296875 0.029296875
0 0.8310546875 0.03125 0.029296875 0.03125
0 0.5302734375 0.0791015625 0.224609375 0.138671875
0 0.71875 0.0166015625 0.08984375 0.033203125
0 0.2119140625 0.029296875 0.068359375 0.05859375
0 0.15234375 0.0048828125 0.015625 0.009765625