0 0.0849609375 0.998046875 0.005859375 0.00390625
0 0.8232421875 0.99609375 0.013671875 0.0078125
0 0.0078125 0.9951171875 0.015625 0.009765625
0 0.2666015625 0.9921875 0.025390625 0.015625
0 0.7197265625 0.990234375 0.025390625 0.01953125
0 0.3388671875 0.990234375 0.033203125 0.01953125
0 0.16015625 0.9873046875 0.02734375 0.021484375
0 0.1904296875 0.9873046875 0.025390625 0.025390625
0 0.025390625 0.9873046875 0.02734375 0.025390625
0 0.482421875 0.9853515625 0.0390625 0.029296875
0 0.841796875 0.978515625 0.0234375 0.01953125
0 0.62109375 0.982421875 0.03125 0.03515625
0 0.3291015625 0.9775390625 0.029296875 0.025390625
0 0.0576171875 0.98046875 0.041015625 0.0390625
0 0.4033203125 0.9765625 0.044921875 0.04296875
0 0.3125 0.9658203125 0.03125 0.029296875
0 0.921875 0.9638671875 0.03125 0.029296875
0 0.5078125 0.9677734375 0.03515625 0.037109375
0 0.1787109375 0.9580078125 0.033203125 0.017578125
0 0.2802734375 0.962890625 0.033203125 0.03125
0 0.8232421875 0.9560546875 0.029296875 0.025390625
0 0.9755859375 0.947265625 0.025390625 0.0234375
0 0.716796875 0.947265625 0.03125 0.03125
0 0.671875 0.9404296875 0.0234375 0.021484375
0 0.37109375 0.9404296875 0.0234375 0.025390625
0 0.134765625 0.9423828125 0.03125 0.029296875
0 0.9951171875 0.927734375 0.009765625 0.015625
0 0.5751953125 0.9384765625 0.037109375 0.037109375
0 0.802734375 0.9267578125 0.0234375 0.025390625
0 0.0166015625 0.9248046875 0.033203125 0.025390625
0 0.2822265625 0.9248046875 0.025390625 0.029296875
0 0.11328125 0.9228515625 0.02734375 0.025390625
0 0.8828125 0.9228515625 0.02734375 0.029296875
0 0.353515625 0.919921875 0.0234375 0.0234375
0 0.1630859375 0.921875 0.025390625 0.02734375
0 0.01171875 0.8984375 0.0234375 0.01953125
0 0.7109375 0.896484375 0.0234375 0.0234375
0 0.3349609375 0.896484375 0.025390625 0.0234375
0 0.78125 0.8955078125 0.0234375 0.025390625
0 0.5478515625 0.8916015625 0.025390625 0.025390625
0 0.8583984375 0.8896484375 0.025390625 0.025390625
0 0.921875 0.8681640625 0.03125 0.029296875
0 0.2109375 0.865234375 0.0234375 0.0234375
0 0.7578125 0.8642578125 0.03515625 0.029296875
0 0.6494140625 0.8583984375 0.037109375 0.037109375
0 0.294921875 0.8564453125 0.03125 0.033203125
0 0.1279296875 0.85546875 0.037109375 0.03515625
0 0.0068359375 0.8505859375 0.013671875 0.025390625
0 0.609375 0.84765625 0.0234375 0.0234375
0 0.970703125 0.8466796875 0.03125 0.037109375
0 0.484375 0.84765625 0.04296875 0.0390625
0 0.0673828125 0.84375 0.029296875 0.03125
0 0.220703125 0.8388671875 0.0234375 0.025390625
0 0.82421875 0.833984375 0.03125 0.03515625
0 0.6904296875 0.83203125 0.029296875 0.03125
0 0.3232421875 0.8271484375 0.029296875 0.029296875
0 0.994140625 0.81640625 0.01171875 0.01953125
0 0.595703125 0.8203125 0.03515625 0.03125
0 0.00390625 0.80859375 0.0078125 0.01171875
0 0.833984375 0.8076171875 0.01953125 0.017578125
0 0.720703125 0.8095703125 0.03125 0.029296875
0 0.9287109375 0.8076171875 0.033203125 0.033203125
0 0.4638671875 0.8046875 0.033203125 0.02734375
0 0.2392578125 0.8095703125 0.041015625 0.037109375
0 0.8623046875 0.7919921875 0.025390625 0.025390625
0 0.6982421875 0.78125 0.029296875 0.02734375
0 0.1455078125 0.783203125 0.033203125 0.03125
0 0.5986328125 0.7802734375 0.044921875 0.033203125
0 0.44140625 0.7802734375 0.03125 0.033203125
0 0.33203125 0.775390625 0.03515625 0.03125
0 0.90234375 0.7724609375 0.03125 0.033203125
0 0.224609375 0.767578125 0.03125 0.03125
0 0.6259765625 0.75390625 0.021484375 0.01953125
0 0.7763671875 0.7568359375 0.033203125 0.037109375
0 0.078125 0.77734375 0.05859375 0.078125
0 0.990234375 0.75390625 0.01953125 0.03515625
0 0.3134765625 0.7529296875 0.033203125 0.033203125
0 0.5322265625 0.7451171875 0.025390625 0.025390625
0 0.8115234375 0.74609375 0.029296875 0.03125
0 0.4091796875 0.75 0.044921875 0.0390625
0 0.2080078125 0.7412109375 0.033203125 0.033203125
0 0.1103515625 0.7412109375 0.037109375 0.041015625
0 0.8359375 0.7265625 0.03125 0.03125
0 0.00390625 0.71484375 0.0078125 0.01171875
0 0.939453125 0.7197265625 0.0234375 0.025390625
0 0.3037109375 0.72265625 0.037109375 0.03515625
0 0.1298828125 0.7236328125 0.037109375 0.041015625
0 0.51953125 0.708984375 0.03125 0.03125
0 0.1826171875 0.7080078125 0.041015625 0.037109375
0 0.9716796875 0.7021484375 0.029296875 0.029296875
0 0.3994140625 0.7001953125 0.025390625 0.025390625
0 0.744140625 0.697265625 0.02734375 0.0234375
0 0.80859375 0.69921875 0.03125 0.03125
0 0.9970703125 0.6796875 0.005859375 0.0078125
0 0.2666015625 0.6884765625 0.025390625 0.025390625
0 0.6083984375 0.69140625 0.044921875 0.0390625
0 0.00390625 0.67578125 0.0078125 0.01171875
0 0.70703125 0.6806640625 0.02734375 0.025390625
0 0.49609375 0.6787109375 0.03125 0.029296875
0 0.361328125 0.685546875 0.05078125 0.05078125
0 0.16796875 0.677734375 0.03515625 0.03515625
0 0.8876953125 0.6806640625 0.029296875 0.044921875
0 0.7861328125 0.6689453125 0.033203125 0.029296875
0 0.5634765625 0.6611328125 0.029296875 0.029296875
0 0.060546875 0.6630859375 0.03125 0.033203125
0 0.263671875 0.6484375 0.0390625 0.0234375
0 0.859375 0.6484375 0.02734375 0.02734375
0 0.701171875 0.642578125 0.01953125 0.015625
0 0.9228515625 0.6435546875 0.025390625 0.025390625
0 0.1279296875 0.642578125 0.025390625 0.0234375
0 0.755859375 0.6435546875 0.03125 0.029296875
0 0.6748046875 0.642578125 0.025390625 0.02734375
0 0.462890625 0.6435546875 0.03125 0.033203125
0 0.869140625 0.6240234375 0.01953125 0.021484375
0 0.34375 0.62890625 0.03515625 0.03515625
0 0.4306640625 0.6220703125 0.025390625 0.025390625
0 0.05859375 0.6279296875 0.04296875 0.037109375
0 0.1533203125 0.619140625 0.021484375 0.0234375
0 0.95703125 0.6162109375 0.02734375 0.025390625
0 0.5673828125 0.625 0.037109375 0.04296875
0 0.8232421875 0.6103515625 0.029296875 0.029296875
0 0.6533203125 0.6044921875 0.033203125 0.029296875
0 0.2626953125 0.6083984375 0.037109375 0.037109375
0 0.7255859375 0.599609375 0.021484375 0.0234375
0 0.412109375 0.5986328125 0.02734375 0.025390625
0 0.32421875 0.59375 0.0234375 0.0234375
0 0.458984375 0.58984375 0.01953125 0.0234375
0 0.986328125 0.5859375 0.02734375 0.03125
0 0.8037109375 0.58203125 0.025390625 0.02734375
0 0.1845703125 0.5859375 0.048828125 0.03515625
0 0.5390625 0.580078125 0.03515625 0.03125
0 0.0947265625 0.5791015625 0.033203125 0.033203125
0 0.9599609375 0.5712890625 0.021484375 0.021484375
0 0.39453125 0.57421875 0.0234375 0.02734375
0 0.6982421875 0.564453125 0.025390625 0.02734375
0 0.611328125 0.5634765625 0.02734375 0.025390625
0 0.298828125 0.560546875 0.01953125 0.01953125
0 0.21484375 0.5595703125 0.0234375 0.025390625
0 0.3759765625 0.5498046875 0.025390625 0.025390625
0 0.515625 0.5419921875 0.02734375 0.029296875
0 0.142578125 0.54296875 0.03515625 0.0390625
0 0.8623046875 0.53125 0.025390625 0.01953125
0 0.2373046875 0.53125 0.029296875 0.02734375
0 0.66015625 0.53125 0.0234375 0.03125
0 0.0771484375 0.5302734375 0.041015625 0.037109375
0 0.5712890625 0.5185546875 0.029296875 0.025390625
0 0.0029296875 0.5068359375 0.005859375 0.005859375
0 0.4931640625 0.5126953125 0.029296875 0.029296875
0 0.37109375 0.513671875 0.02734375 0.03125
0 0.259765625 0.509765625 0.02734375 0.02734375
0 0.8291015625 0.5107421875 0.033203125 0.033203125
0 0.9072265625 0.5087890625 0.033203125 0.033203125
0 0.046875 0.5068359375 0.0390625 0.037109375
0 0.7626953125 0.50390625 0.029296875 0.03515625
0 0.1083984375 0.4931640625 0.025390625 0.025390625
0 0.9951171875 0.4853515625 0.009765625 0.013671875
0 0.9462890625 0.4931640625 0.029296875 0.029296875
0 0.1748046875 0.4912109375 0.025390625 0.025390625
0 0.609375 0.4814453125 0.0234375 0.021484375
0 0.5478515625 0.4853515625 0.033203125 0.033203125
0 0.466796875 0.482421875 0.03125 0.03125
0 0.8212890625 0.4736328125 0.017578125 0.017578125
0 0.0712890625 0.4716796875 0.021484375 0.021484375
0 0.154296875 0.4677734375 0.01953125 0.021484375
0 0.421875 0.4619140625 0.01953125 0.017578125
0 0.72265625 0.462890625 0.0234375 0.0234375
0 0.20703125 0.4697265625 0.03515625 0.037109375
0 0.3095703125 0.4619140625 0.025390625 0.025390625
0 0.0224609375 0.455078125 0.017578125 0.01953125
0 0.4453125 0.4541015625 0.03125 0.025390625
0 0.3388671875 0.451171875 0.021484375 0.0234375
0 0.7021484375 0.4423828125 0.017578125 0.017578125
0 0.6533203125 0.443359375 0.037109375 0.02734375
0 0.287109375 0.435546875 0.01953125 0.01953125
0 0.2001953125 0.4375 0.021484375 0.0234375
0 0.0087890625 0.4365234375 0.017578125 0.025390625
0 0.8544921875 0.4365234375 0.033203125 0.029296875
0 0.5107421875 0.4345703125 0.037109375 0.041015625
0 0.3662109375 0.4248046875 0.029296875 0.033203125
0 0.966796875 0.4228515625 0.02734375 0.033203125
0 0.26171875 0.4111328125 0.01953125 0.021484375
0 0.0029296875 0.40625 0.005859375 0.01171875
0 0.341796875 0.3984375 0.03515625 0.03125
0 0.154296875 0.400390625 0.046875 0.03515625
0 0.8984375 0.3896484375 0.015625 0.017578125
0 0.5380859375 0.408203125 0.041015625 0.0546875
0 0.408203125 0.39453125 0.02734375 0.03125
0 0.9248046875 0.376953125 0.033203125 0.02734375
0 0.2275390625 0.37109375 0.025390625 0.02734375
0 0.0546875 0.365234375 0.0234375 0.0234375
0 0.845703125 0.384765625 0.046875 0.0703125
0 0.556640625 0.3603515625 0.02734375 0.025390625
0 0.126953125 0.3662109375 0.0390625 0.037109375
0 0.455078125 0.3603515625 0.03125 0.029296875
0 0.5830078125 0.341796875 0.029296875 0.02734375
0 0.9921875 0.3388671875 0.015625 0.029296875
0 0.2880859375 0.345703125 0.048828125 0.04296875
0 0.3515625 0.337890625 0.02734375 0.03125
0 0.4794921875 0.3291015625 0.029296875 0.033203125
0 0.4365234375 0.330078125 0.037109375 0.03515625
0 0.8173828125 0.3232421875 0.025390625 0.025390625
0 0.6669921875 0.3330078125 0.041015625 0.048828125
0 0.0966796875 0.3291015625 0.044921875 0.041015625
0 0.50390625 0.3125 0.03125 0.03125
0 0.2451171875 0.3173828125 0.056640625 0.041015625
0 0.416015625 0.3037109375 0.0390625 0.033203125
0 0.3291015625 0.2998046875 0.029296875 0.029296875
0 0.71875 0.2880859375 0.01953125 0.017578125
0 0.8388671875 0.287109375 0.029296875 0.02734375
0 0.0732421875 0.2861328125 0.041015625 0.033203125
0 0.2890625 0.28125 0.0390625 0.03125
0 0.5361328125 0.2802734375 0.029296875 0.033203125
0 0.9482421875 0.2724609375 0.025390625 0.025390625
0 0.396484375 0.2763671875 0.03515625 0.033203125
0 0.201171875 0.28125 0.0390625 0.04296875
0 0.67578125 0.2724609375 0.03125 0.037109375
0 0.5654296875 0.263671875 0.025390625 0.0234375
0 0.177734375 0.2607421875 0.0390625 0.037109375
0 0.7158203125 0.2578125 0.033203125 0.03515625
0 0.4619140625 0.2451171875 0.037109375 0.037109375
0 0.26171875 0.2421875 0.04296875 0.0390625
0 0.2119140625 0.2373046875 0.029296875 0.041015625
0 0.03125 0.244140625 0.0625 0.05859375
0 0.359375 0.2236328125 0.02734375 0.025390625
0 0.91015625 0.220703125 0.02734375 0.0234375
0 0.806640625 0.21875 0.03125 0.03125
0 0.4931640625 0.220703125 0.041015625 0.03515625
0 0.1552734375 0.220703125 0.041015625 0.03515625
0 0.9521484375 0.2109375 0.029296875 0.0234375
0 0.2451171875 0.212890625 0.037109375 0.03515625
0 0.607421875 0.212890625 0.03515625 0.0390625
0 0.33984375 0.20703125 0.03515625 0.03125
0 0.2021484375 0.201171875 0.017578125 0.01953125
0 0.390625 0.19921875 0.0234375 0.0234375
0 0.6435546875 0.2001953125 0.033203125 0.029296875
0 0.5224609375 0.189453125 0.029296875 0.03125
0 0.2294921875 0.189453125 0.033203125 0.03125
0 0.8828125 0.181640625 0.02734375 0.02734375
0 0.4091796875 0.1826171875 0.029296875 0.029296875
0 0.98828125 0.1767578125 0.0234375 0.033203125
0 0.107421875 0.1806640625 0.0546875 0.044921875
0 0.212890625 0.1669921875 0.03515625 0.033203125
0 0.3115234375 0.162109375 0.037109375 0.03125
0 0.16796875 0.173828125 0.05078125 0.0546875
0 0.435546875 0.162109375 0.03125 0.03515625
0 0.5986328125 0.1640625 0.052734375 0.04296875
0 0.70703125 0.1572265625 0.0390625 0.033203125
0 0.4599609375 0.146484375 0.033203125 0.03125
0 0.2880859375 0.142578125 0.033203125 0.03125
0 0.5810546875 0.130859375 0.033203125 0.03125
0 0.1962890625 0.12890625 0.033203125 0.03125
0 0.9541015625 0.1279296875 0.037109375 0.033203125
0 0.73828125 0.1240234375 0.05859375 0.029296875
0 0.3828125 0.1220703125 0.02734375 0.033203125
0 0.6728515625 0.11328125 0.029296875 0.03125
0 0.099609375 0.1083984375 0.02734375 0.029296875
0 0.552734375 0.1064453125 0.0390625 0.029296875
0 0.9970703125 0.0849609375 0.005859375 0.009765625
0 0.3623046875 0.0859375 0.029296875 0.03515625
0 0.8427734375 0.0869140625 0.048828125 0.044921875
0 0.234375 0.083984375 0.0390625 0.0390625
0 0.7099609375 0.078125 0.037109375 0.03515625
0 0.26171875 0.0654296875 0.0390625 0.044921875
0 0.1396484375 0.0595703125 0.044921875 0.037109375
0 0.5341796875 0.0537109375 0.029296875 0.029296875
0 0.634765625 0.0419921875 0.03515625 0.033203125
0 0.875 0.0361328125 0.03515625 0.029296875
0 0.296875 0.0380859375 0.0390625 0.037109375
0 0.9453125 0.0361328125 0.03125 0.037109375
0 0.810546875 0.0341796875 0.03125 0.033203125
0 0.1923828125 0.0283203125 0.033203125 0.037109375
0 0.0185546875 0.0556640625 0.037109375 0.103515625
0 0.9736328125 0.0126953125 0.037109375 0.025390625
0 0.84765625 0.009765625 0.0234375 0.01953125
0 0.7275390625 0.001953125 0.005859375 0.00390625
0 0.6298828125 0.00390625 0.013671875 0.0078125
0 0.5927734375 0.0146484375 0.037109375 0.029296875
0 0.5712890625 0.001953125 0.005859375 0.00390625
0 0.50390625 0.01953125 0.03125 0.0390625
0 0.333984375 0.0205078125 0.04296875 0.041015625
0 0.2119140625 0.015625 0.033203125 0.03125