0 0.6591796875 0.9619140625 0.037109375 0.021484375
0 0.7138671875 0.955078125 0.052734375 0.04296875
0 0.8623046875 0.9248046875 0.103515625 0.087890625
0 0.7216796875 0.8408203125 0.154296875 0.083984375
0 0.9755859375 0.8115234375 0.048828125 0.052734375
0 0.9296875 0.74609375 0.0234375 0.03125
0 0.96875 0.7197265625 0.04296875 0.033203125
0 0.1982421875 0.5869140625 0.025390625 0.029296875
0 0.0947265625 0.51953125 0.060546875 0.0625
0 0.146484375 0.408203125 0.05078125 0.046875
0 0.205078125 0.314453125 0.0390625 0.046875
0 0.4365234375 0.3486328125 0.083984375 0.138671875
0 0.2958984375 0.2763671875 0.037109375 0.021484375
0 0.5146484375 0.2568359375 0.033203125 0.021484375
0 0.5771484375 0.2568359375 0.037109375 0.041015625
0 0.6767578125 0.2470703125 0.025390625 0.029296875
0 0.0205078125 0.2685546875 0.041015625 0.072265625
0 0.7666015625 0.240234375 0.056640625 0.02734375
0 0.859375 0.23046875 0.02734375 0.0234375
0 0.9931640625 0.2265625 0.013671875 0.02734375
0 0.67578125 0.220703125 0.03125 0.0234375
0 0.265625 0.1875 0.02734375 0.02734375
0 0.3486328125 0.1533203125 0.041015625 0.056640625
0 0.01171875 0.154296875 0.0234375 0.0625
0 0.06640625 0.08203125 0.05078125 0.04296875
0 0.603515625 0.0625 0.09765625 0.0703125
0 0.3046875 0.0078125 0.02734375 0.015625
0 0.2431640625 0.005859375 0.025390625 0.01171875