0 0.37890625 0.998046875 0.00390625 0.00390625
0 0.0322265625 0.9970703125 0.009765625 0.005859375
0 0.849609375 0.9951171875 0.01953125 0.009765625
0 0.9931640625 0.994140625 0.013671875 0.01171875
0 0.5009765625 0.994140625 0.033203125 0.01171875
0 0.9423828125 0.990234375 0.033203125 0.01953125
0 0.7802734375 0.990234375 0.037109375 0.01953125
0 0.998046875 0.982421875 0.00390625 0.0078125
0 0.4423828125 0.984375 0.068359375 0.03125
0 0.591796875 0.9765625 0.07421875 0.046875
0 0.095703125 0.9755859375 0.109375 0.048828125
0 0.8203125 0.966796875 0.04296875 0.0390625
0 0.9697265625 0.955078125 0.025390625 0.0234375
0 0.748046875 0.9638671875 0.04296875 0.044921875
0 0.0185546875 0.95703125 0.037109375 0.04296875
0 0.9931640625 0.9453125 0.013671875 0.02734375
0 0.1826171875 0.9521484375 0.029296875 0.044921875
0 0.4560546875 0.9443359375 0.033203125 0.037109375
0 0.2060546875 0.9423828125 0.029296875 0.033203125
0 0.9052734375 0.9423828125 0.044921875 0.037109375
0 0.0625 0.9384765625 0.03125 0.033203125
0 0.37890625 0.935546875 0.03515625 0.03125
0 0.7939453125 0.9267578125 0.041015625 0.037109375
0 0.0107421875 0.9228515625 0.021484375 0.029296875
0 0.09765625 0.919921875 0.03125 0.03515625
0 0.94921875 0.921875 0.03515625 0.04296875
0 0.533203125 0.9296875 0.0625 0.05859375
0 0.41796875 0.91796875 0.03515625 0.03515625
0 0.24609375 0.92578125 0.05859375 0.0625
0 0.130859375 0.9072265625 0.0234375 0.025390625
0 0.986328125 0.91015625 0.02734375 0.0390625
0 0.6865234375 0.931640625 0.091796875 0.08984375
0 0.359375 0.90234375 0.03515625 0.03125
0 0.1533203125 0.896484375 0.021484375 0.0234375
0 0.30078125 0.8955078125 0.03125 0.033203125
0 0.17578125 0.888671875 0.0234375 0.0234375
0 0.0107421875 0.884765625 0.021484375 0.0234375
0 0.0439453125 0.8701171875 0.017578125 0.017578125
0 0.8671875 0.8740234375 0.0390625 0.033203125
0 0.337890625 0.875 0.04296875 0.03515625
0 0.7685546875 0.8759765625 0.052734375 0.044921875
0 0.1953125 0.8701171875 0.03125 0.037109375
0 0.4423828125 0.865234375 0.033203125 0.03515625
0 0.9169921875 0.8623046875 0.037109375 0.037109375
0 0.958984375 0.8564453125 0.03515625 0.029296875
0 0.1572265625 0.8525390625 0.021484375 0.025390625
0 0.013671875 0.8544921875 0.02734375 0.029296875
0 0.634765625 0.880859375 0.07421875 0.0859375
0 0.12890625 0.8564453125 0.01953125 0.041015625
0 0.2744140625 0.8427734375 0.025390625 0.025390625
0 0.9892578125 0.8427734375 0.021484375 0.029296875
0 0.1025390625 0.845703125 0.025390625 0.03515625
0 0.072265625 0.841796875 0.03515625 0.04296875
0 0.7412109375 0.837890625 0.037109375 0.0390625
0 0.0458984375 0.8251953125 0.017578125 0.021484375
0 0.84375 0.83203125 0.04296875 0.0390625
0 0.560546875 0.830078125 0.0390625 0.0390625
0 0.015625 0.8212890625 0.03125 0.029296875
0 0.6025390625 0.8505859375 0.076171875 0.091796875
0 0.23828125 0.8271484375 0.03515625 0.052734375
0 0.2041015625 0.80859375 0.021484375 0.0234375
0 0.8896484375 0.8115234375 0.029296875 0.037109375
0 0.5234375 0.8037109375 0.0390625 0.037109375
0 0.9580078125 0.79296875 0.021484375 0.0234375
0 0.92578125 0.787109375 0.0390625 0.03515625
0 0.4658203125 0.7802734375 0.029296875 0.029296875
0 0.703125 0.802734375 0.09765625 0.08203125
0 0.330078125 0.79296875 0.07421875 0.0625
0 0.142578125 0.7763671875 0.01953125 0.029296875
0 0.1083984375 0.7822265625 0.025390625 0.041015625
0 0.080078125 0.7783203125 0.02734375 0.037109375
0 0.025390625 0.767578125 0.03515625 0.03125
0 0.1826171875 0.78125 0.041015625 0.06640625
0 0.9697265625 0.763671875 0.029296875 0.0390625
0 0.4365234375 0.755859375 0.033203125 0.03515625
0 0.693359375 0.75 0.03125 0.03125
0 0.5517578125 0.748046875 0.025390625 0.02734375
0 0.623046875 0.751953125 0.04296875 0.0390625
0 0.98828125 0.748046875 0.0234375 0.03515625
0 0.515625 0.7470703125 0.03515625 0.033203125
0 0.294921875 0.7412109375 0.03125 0.033203125
0 0.2578125 0.740234375 0.03515625 0.03515625
0 0.03125 0.7373046875 0.03515625 0.029296875
0 0.46484375 0.7314453125 0.01953125 0.021484375
0 0.6611328125 0.724609375 0.029296875 0.02734375
0 0.2392578125 0.7109375 0.029296875 0.03125
0 0.05078125 0.7041015625 0.03125 0.037109375
0 0.6259765625 0.7021484375 0.044921875 0.044921875
0 0.48828125 0.6904296875 0.0390625 0.041015625
0 0.09375 0.6796875 0.05078125 0.046875
0 0.9404296875 0.68359375 0.072265625 0.0625
0 0.59765625 0.6669921875 0.0234375 0.029296875
0 0.541015625 0.666015625 0.0234375 0.02734375
0 0.509765625 0.6611328125 0.02734375 0.029296875
0 0.1728515625 0.6806640625 0.107421875 0.091796875
0 0.5693359375 0.6171875 0.068359375 0.0625
0 0.775390625 0.65234375 0.1328125 0.1484375
0 0.041015625 0.6103515625 0.08203125 0.095703125
0 0.00390625 0.5380859375 0.0078125 0.009765625
0 0.7392578125 0.546875 0.060546875 0.0703125
0 0.5029296875 0.5341796875 0.107421875 0.095703125
0 0.8359375 0.572265625 0.1328125 0.18359375
0 0.263671875 0.53515625 0.203125 0.1953125
0 0.1533203125 0.44921875 0.029296875 0.0234375
0 0.01171875 0.443359375 0.0234375 0.03515625
0 0.646484375 0.49609375 0.15234375 0.1640625
0 0.0234375 0.4169921875 0.04296875 0.044921875
0 0.962890625 0.4501953125 0.07421875 0.146484375
0 0.0390625 0.3984375 0.04296875 0.04296875
0 0.0029296875 0.3681640625 0.005859375 0.009765625
0 0.2607421875 0.3779296875 0.052734375 0.033203125
0 0.060546875 0.37890625 0.04296875 0.0390625
0 0.6396484375 0.380859375 0.076171875 0.0546875
0 0.220703125 0.3447265625 0.02734375 0.029296875
0 0.15625 0.34765625 0.03125 0.0390625
0 0.9150390625 0.359375 0.080078125 0.07421875
0 0.080078125 0.3466796875 0.0546875 0.056640625
0 0.3212890625 0.3349609375 0.048828125 0.052734375
0 0.041015625 0.3056640625 0.046875 0.037109375
0 0.3828125 0.296875 0.04296875 0.02734375
0 0.5048828125 0.3193359375 0.130859375 0.087890625
0 0.0146484375 0.2890625 0.029296875 0.03125
0 0.2734375 0.2939453125 0.05078125 0.048828125
0 0.1220703125 0.28515625 0.048828125 0.03125
0 0.0068359375 0.26953125 0.013671875 0.0234375
0 0.4775390625 0.275390625 0.029296875 0.0390625
0 0.619140625 0.294921875 0.109375 0.0859375
0 0.087890625 0.26953125 0.03515625 0.03515625
0 0.158203125 0.2548828125 0.03515625 0.037109375
0 0.7880859375 0.34375 0.197265625 0.21875
0 0.23046875 0.25390625 0.046875 0.0390625
0 0.5224609375 0.259765625 0.080078125 0.0625
0 0.0556640625 0.2470703125 0.037109375 0.041015625
0 0.3291015625 0.2451171875 0.052734375 0.056640625
0 0.849609375 0.2353515625 0.03515625 0.041015625
0 0.03515625 0.2265625 0.03125 0.03125
0 0.1298828125 0.2158203125 0.025390625 0.025390625
0 0.259765625 0.2109375 0.02734375 0.02734375
0 0.0107421875 0.2041015625 0.021484375 0.029296875
0 0.0947265625 0.203125 0.037109375 0.03515625
0 0.2890625 0.1962890625 0.04296875 0.044921875
0 0.0029296875 0.173828125 0.005859375 0.0078125
0 0.615234375 0.201171875 0.12109375 0.06640625
0 0.21484375 0.1845703125 0.0625 0.033203125
0 0.0576171875 0.1806640625 0.044921875 0.048828125
0 0.4501953125 0.1884765625 0.095703125 0.072265625
0 0.951171875 0.2314453125 0.09765625 0.201171875
0 0.7236328125 0.197265625 0.095703125 0.14453125
0 0.015625 0.142578125 0.03125 0.04296875
0 0.830078125 0.1357421875 0.04296875 0.037109375
0 0.333984375 0.1298828125 0.03125 0.029296875
0 0.3876953125 0.1064453125 0.041015625 0.037109375
0 0.1767578125 0.1103515625 0.044921875 0.048828125
0 0.298828125 0.0927734375 0.03125 0.033203125
0 0.0556640625 0.095703125 0.037109375 0.04296875
0 0.4345703125 0.08203125 0.029296875 0.03125
0 0.86328125 0.1025390625 0.0625 0.087890625
0 0.306640625 0.0634765625 0.01953125 0.017578125
0 0.1240234375 0.0771484375 0.056640625 0.048828125
0 0.7998046875 0.0537109375 0.029296875 0.029296875
0 0.57421875 0.1142578125 0.17578125 0.150390625
0 0.4794921875 0.0556640625 0.044921875 0.037109375
0 0.41796875 0.046875 0.02734375 0.0234375
0 0.0078125 0.05078125 0.015625 0.03125
0 0.341796875 0.0498046875 0.04296875 0.037109375
0 0.2431640625 0.03515625 0.041015625 0.03125
0 0.7841796875 0.025390625 0.037109375 0.03125
0 0.5341796875 0.025390625 0.044921875 0.03515625
0 0.38671875 0.0263671875 0.04296875 0.037109375
0 0.7060546875 0.0556640625 0.072265625 0.103515625
0 0.919921875 0.0537109375 0.125 0.107421875
0 0.7587890625 0.0068359375 0.041015625 0.013671875
0 0.580078125 0.009765625 0.03515625 0.01953125
0 0.4296875 0.0068359375 0.0234375 0.013671875
0 0.29296875 0.0029296875 0.0078125 0.005859375
0 0.1982421875 0.0146484375 0.029296875 0.029296875
0 0.1728515625 0.01171875 0.029296875 0.0234375
0 0.1513671875 0.001953125 0.005859375 0.00390625
0 0.0244140625 0.0146484375 0.033203125 0.029296875
0 0.0048828125 0.0068359375 0.009765625 0.013671875