0 0.8857421875 0.9970703125 0.017578125 0.005859375
0 0.744140625 0.9931640625 0.02734375 0.013671875
0 0.17578125 0.9931640625 0.02734375 0.013671875
0 0.40234375 0.9892578125 0.0234375 0.021484375
0 0.0419921875 0.9892578125 0.025390625 0.021484375
0 0.81640625 0.98828125 0.01953125 0.0234375
0 0.48046875 0.98828125 0.01953125 0.0234375
0 0.1025390625 0.98828125 0.021484375 0.0234375
0 0.5517578125 0.982421875 0.029296875 0.01953125
0 0.3056640625 0.9833984375 0.033203125 0.029296875
0 0.236328125 0.978515625 0.0234375 0.0234375
0 0.900390625 0.9697265625 0.0234375 0.029296875
0 0.7529296875 0.9638671875 0.021484375 0.021484375
0 0.4111328125 0.962890625 0.033203125 0.0234375
0 0.828125 0.9560546875 0.0234375 0.021484375
0 0.5546875 0.9541015625 0.0234375 0.021484375
0 0.2265625 0.953125 0.0234375 0.0234375
0 0.1611328125 0.955078125 0.025390625 0.02734375
0 0.0419921875 0.9521484375 0.017578125 0.025390625
0 0.4931640625 0.9443359375 0.017578125 0.021484375
0 0.103515625 0.9443359375 0.0234375 0.025390625
0 0.9248046875 0.9423828125 0.029296875 0.029296875
0 0.767578125 0.935546875 0.01953125 0.0234375
0 0.35546875 0.939453125 0.02734375 0.03125
0 0.423828125 0.93359375 0.02734375 0.0234375
0 0.5478515625 0.9228515625 0.017578125 0.021484375
0 0.8427734375 0.923828125 0.025390625 0.02734375
0 0.4931640625 0.916015625 0.017578125 0.0234375
0 0.2109375 0.9189453125 0.0234375 0.029296875
0 0.9501953125 0.9130859375 0.025390625 0.025390625
0 0.05078125 0.9111328125 0.0234375 0.029296875
0 0.11328125 0.908203125 0.03125 0.02734375
0 0.7783203125 0.9052734375 0.021484375 0.025390625
0 0.431640625 0.90234375 0.01953125 0.03125
0 0.3681640625 0.900390625 0.025390625 0.02734375
0 0.8623046875 0.8974609375 0.025390625 0.025390625
0 0.5458984375 0.89453125 0.017578125 0.0234375
0 0.2734375 0.896484375 0.0234375 0.02734375
0 0.9658203125 0.88671875 0.029296875 0.0234375
0 0.4912109375 0.880859375 0.021484375 0.02734375
0 0.1953125 0.87890625 0.0234375 0.02734375
0 0.001953125 0.8671875 0.00390625 0.00390625
0 0.794921875 0.8759765625 0.0234375 0.025390625
0 0.4375 0.8740234375 0.0234375 0.025390625
0 0.1298828125 0.8740234375 0.025390625 0.025390625
0 0.880859375 0.8720703125 0.0234375 0.025390625
0 0.2646484375 0.8681640625 0.025390625 0.029296875
0 0.064453125 0.869140625 0.02734375 0.03125
0 0.330078125 0.86328125 0.03515625 0.0234375
0 0.3828125 0.8564453125 0.0234375 0.025390625
0 0.548828125 0.8564453125 0.03125 0.029296875
0 0.9892578125 0.8525390625 0.021484375 0.029296875
0 0.9013671875 0.849609375 0.025390625 0.02734375
0 0.8134765625 0.849609375 0.025390625 0.02734375
0 0.470703125 0.845703125 0.0390625 0.03125
0 0.18359375 0.84375 0.02734375 0.03125
0 0.2529296875 0.83984375 0.029296875 0.02734375
0 0.087890625 0.83984375 0.03125 0.03125
0 0.7958984375 0.830078125 0.025390625 0.02734375
0 0.009765625 0.8291015625 0.01953125 0.029296875
0 0.9189453125 0.82421875 0.029296875 0.02734375
0 0.833984375 0.826171875 0.02734375 0.03125
0 0.5390625 0.8232421875 0.02734375 0.029296875
0 0.9697265625 0.8251953125 0.029296875 0.037109375
0 0.6201171875 0.822265625 0.029296875 0.03515625
0 0.30859375 0.8154296875 0.03125 0.029296875
0 0.119140625 0.8076171875 0.02734375 0.025390625
0 0.384765625 0.8115234375 0.0234375 0.037109375
0 0.8564453125 0.8017578125 0.025390625 0.025390625
0 0.4443359375 0.806640625 0.029296875 0.03515625
0 0.0283203125 0.796875 0.025390625 0.02734375
0 0.9453125 0.787109375 0.0234375 0.0234375
0 0.5947265625 0.7890625 0.033203125 0.03125
0 0.1572265625 0.7841796875 0.033203125 0.025390625
0 0.2958984375 0.779296875 0.033203125 0.02734375
0 0.5078125 0.7861328125 0.05078125 0.052734375
0 0.19140625 0.771484375 0.02734375 0.0234375
0 0.060546875 0.765625 0.02734375 0.02734375
0 0.67578125 0.7587890625 0.02734375 0.025390625
0 0.0029296875 0.7509765625 0.005859375 0.009765625
0 0.3759765625 0.7568359375 0.025390625 0.029296875
0 0.2216796875 0.755859375 0.025390625 0.03125
0 0.9921875 0.75390625 0.015625 0.03125
0 0.5712890625 0.755859375 0.037109375 0.0390625
0 0.90234375 0.751953125 0.03515625 0.0390625
0 0.0908203125 0.7431640625 0.029296875 0.025390625
0 0.4716796875 0.7470703125 0.033203125 0.037109375
0 0.2734375 0.7314453125 0.02734375 0.029296875
0 0.34375 0.7275390625 0.03515625 0.029296875
0 0.9765625 0.7255859375 0.02734375 0.029296875
0 0.1328125 0.72265625 0.02734375 0.0234375
0 0.8779296875 0.7197265625 0.025390625 0.025390625
0 0.44921875 0.7255859375 0.03125 0.037109375
0 0.5458984375 0.7216796875 0.033203125 0.033203125
0 0.0126953125 0.7236328125 0.025390625 0.037109375
0 0.673828125 0.71484375 0.0234375 0.0234375
0 0.42578125 0.7080078125 0.02734375 0.025390625
0 0.3232421875 0.72265625 0.041015625 0.05859375
0 0.033203125 0.70703125 0.02734375 0.03125
0 0.60546875 0.701171875 0.02734375 0.02734375
0 0.400390625 0.6943359375 0.02734375 0.025390625
0 0.197265625 0.6962890625 0.02734375 0.029296875
0 0.953125 0.693359375 0.03125 0.03125
0 0.2568359375 0.6923828125 0.029296875 0.029296875
0 0.0556640625 0.6904296875 0.029296875 0.037109375
0 0.6689453125 0.6826171875 0.029296875 0.025390625
0 0.3037109375 0.68359375 0.025390625 0.02734375
0 0.521484375 0.68359375 0.03515625 0.0390625
0 0.5869140625 0.673828125 0.025390625 0.0234375
0 0.3779296875 0.673828125 0.033203125 0.03515625
0 0.1005859375 0.6708984375 0.037109375 0.029296875
0 0.845703125 0.6669921875 0.0390625 0.037109375
0 0.353515625 0.6572265625 0.0234375 0.025390625
0 0.6640625 0.65234375 0.02734375 0.0234375
0 0.994140625 0.6484375 0.01171875 0.01953125
0 0.138671875 0.6533203125 0.03125 0.029296875
0 0.490234375 0.6513671875 0.03515625 0.037109375
0 0.568359375 0.6455078125 0.02734375 0.029296875
0 0.9189453125 0.64453125 0.037109375 0.03515625
0 0.0126953125 0.6416015625 0.025390625 0.029296875
0 0.826171875 0.63671875 0.02734375 0.02734375
0 0.33203125 0.6328125 0.02734375 0.02734375
0 0.607421875 0.6279296875 0.01953125 0.021484375
0 0.1708984375 0.63671875 0.033203125 0.0390625
0 0.0380859375 0.6279296875 0.025390625 0.025390625
0 0.2265625 0.6240234375 0.0234375 0.021484375
0 0.658203125 0.6220703125 0.0234375 0.025390625
0 0.46875 0.623046875 0.03125 0.03125
0 0.1982421875 0.6259765625 0.029296875 0.037109375
0 0.8974609375 0.615234375 0.033203125 0.03125
0 0.5458984375 0.6123046875 0.025390625 0.025390625
0 0.0625 0.611328125 0.02734375 0.02734375
0 0.7958984375 0.609375 0.033203125 0.02734375
0 0.3134765625 0.6123046875 0.033203125 0.033203125
0 0.9638671875 0.599609375 0.025390625 0.0234375
0 0.09375 0.6005859375 0.03125 0.029296875
0 0.43359375 0.5986328125 0.0390625 0.033203125
0 0.66015625 0.5908203125 0.02734375 0.025390625
0 0.6005859375 0.59375 0.021484375 0.03125
0 0.525390625 0.58984375 0.0234375 0.02734375
0 0.2978515625 0.5908203125 0.037109375 0.037109375
0 0.1240234375 0.587890625 0.029296875 0.03515625
0 0.8759765625 0.583984375 0.029296875 0.03125
0 0.77734375 0.5810546875 0.02734375 0.029296875
0 0.9912109375 0.57421875 0.017578125 0.0234375
0 0.1552734375 0.5751953125 0.033203125 0.033203125
0 0.90625 0.5654296875 0.015625 0.017578125
0 0.2705078125 0.576171875 0.037109375 0.0390625
0 0.5029296875 0.5673828125 0.025390625 0.025390625
0 0.857421875 0.5654296875 0.02734375 0.029296875
0 0.3984375 0.56640625 0.03125 0.03125
0 0.25 0.5556640625 0.0234375 0.021484375
0 0.751953125 0.5556640625 0.02734375 0.025390625
0 0.587890625 0.5546875 0.0234375 0.0234375
0 0.021484375 0.5537109375 0.03125 0.029296875
0 0.7099609375 0.5390625 0.025390625 0.03125
0 0.4765625 0.5419921875 0.0390625 0.037109375
0 0.220703125 0.5390625 0.0390625 0.03515625
0 0.3642578125 0.5361328125 0.037109375 0.037109375
0 0.900390625 0.525390625 0.02734375 0.02734375
0 0.6748046875 0.5263671875 0.029296875 0.033203125
0 0.5859375 0.51953125 0.02734375 0.01953125
0 0.8271484375 0.5224609375 0.037109375 0.037109375
0 0.447265625 0.51953125 0.03125 0.03125
0 0.259765625 0.5087890625 0.0390625 0.037109375
0 0.6484375 0.50390625 0.03125 0.03125
0 0.421875 0.5029296875 0.02734375 0.029296875
0 0.326171875 0.5029296875 0.03125 0.029296875
0 0.92578125 0.501953125 0.0390625 0.0390625
0 0.0869140625 0.4990234375 0.033203125 0.033203125
0 0.794921875 0.5 0.0390625 0.0390625
0 0.5771484375 0.490234375 0.029296875 0.03125
0 0.8603515625 0.4794921875 0.025390625 0.025390625
0 0.404296875 0.482421875 0.03125 0.03125
0 0.166015625 0.4814453125 0.03515625 0.033203125
0 0.9462890625 0.4755859375 0.025390625 0.025390625
0 0.294921875 0.4755859375 0.03515625 0.037109375
0 0.53515625 0.4716796875 0.03125 0.033203125
0 0.384765625 0.466796875 0.02734375 0.02734375
0 0.052734375 0.47265625 0.03515625 0.0390625
0 0.720703125 0.4580078125 0.03125 0.029296875
0 0.19140625 0.4609375 0.03515625 0.03515625
0 0.8798828125 0.4560546875 0.029296875 0.029296875
0 0.8125 0.458984375 0.03515625 0.0390625
0 0.5068359375 0.455078125 0.033203125 0.03125
0 0.962890625 0.44921875 0.0234375 0.0234375
0 0.212890625 0.4462890625 0.03515625 0.033203125
0 0.01953125 0.4482421875 0.0390625 0.037109375
0 0.4765625 0.4404296875 0.02734375 0.025390625
0 0.1328125 0.443359375 0.03515625 0.0390625
0 0.9853515625 0.431640625 0.021484375 0.01953125
0 0.6708984375 0.439453125 0.041015625 0.03515625
0 0.1611328125 0.4287109375 0.021484375 0.017578125
0 0.892578125 0.4306640625 0.03515625 0.037109375
0 0.4482421875 0.427734375 0.029296875 0.03125
0 0.3369140625 0.4296875 0.041015625 0.03515625
0 0.2392578125 0.4248046875 0.033203125 0.029296875
0 0.19140625 0.419921875 0.01953125 0.0234375
0 0.00390625 0.4140625 0.0078125 0.015625
0 0.6376953125 0.421875 0.029296875 0.0390625
0 0.76171875 0.4169921875 0.03515625 0.033203125
0 0.419921875 0.41015625 0.02734375 0.02734375
0 0.9130859375 0.4091796875 0.029296875 0.029296875
0 0.3603515625 0.4140625 0.037109375 0.04296875
0 0.544921875 0.396484375 0.02734375 0.02734375
0 0.841796875 0.3935546875 0.02734375 0.025390625
0 0.576171875 0.3974609375 0.03125 0.033203125
0 0.3837890625 0.3974609375 0.033203125 0.033203125
0 0.7724609375 0.392578125 0.033203125 0.03125
0 0.8984375 0.3837890625 0.01953125 0.017578125
0 0.1806640625 0.390625 0.033203125 0.03125
0 0.28515625 0.3857421875 0.02734375 0.029296875
0 0.0869140625 0.3876953125 0.044921875 0.033203125
0 0.521484375 0.376953125 0.02734375 0.03125
0 0.05078125 0.376953125 0.03515625 0.03125
0 0.8583984375 0.3642578125 0.025390625 0.025390625
0 0.15625 0.365234375 0.03125 0.03125
0 0.677734375 0.3603515625 0.02734375 0.025390625
0 0.6044921875 0.3525390625 0.025390625 0.025390625
0 0.3056640625 0.3525390625 0.025390625 0.025390625
0 0.0234375 0.35546875 0.03125 0.03125
0 0.791015625 0.3544921875 0.03515625 0.033203125
0 0.6923828125 0.3408203125 0.029296875 0.029296875
0 0.8876953125 0.337890625 0.025390625 0.02734375
0 0.2265625 0.337890625 0.02734375 0.02734375
0 0.12890625 0.3359375 0.0234375 0.02734375
0 0.0068359375 0.3291015625 0.013671875 0.025390625
0 0.623046875 0.3271484375 0.02734375 0.029296875
0 0.8095703125 0.326171875 0.029296875 0.03125
0 0.70703125 0.3203125 0.02734375 0.0234375
0 0.91015625 0.3173828125 0.03125 0.029296875
0 0.33203125 0.318359375 0.03515625 0.03515625
0 0.203125 0.3134765625 0.02734375 0.029296875
0 0.0849609375 0.31640625 0.052734375 0.046875
0 0.7216796875 0.3017578125 0.025390625 0.025390625
0 0.6376953125 0.302734375 0.029296875 0.02734375
0 0.9921875 0.294921875 0.015625 0.02734375
0 0.939453125 0.2919921875 0.0234375 0.025390625
0 0.83984375 0.2919921875 0.03515625 0.033203125
0 0.1787109375 0.2919921875 0.037109375 0.037109375
0 0.65625 0.2802734375 0.02734375 0.025390625
0 0.9736328125 0.275390625 0.029296875 0.0234375
0 0.35546875 0.275390625 0.0390625 0.0390625
0 0.15625 0.2734375 0.0390625 0.03515625
0 0.755859375 0.2666015625 0.03125 0.029296875
0 0.0283203125 0.28515625 0.056640625 0.07421875
0 0.6708984375 0.25390625 0.033203125 0.03125
0 0.888671875 0.2509765625 0.02734375 0.029296875
0 0.1337890625 0.2548828125 0.037109375 0.037109375
0 0.3193359375 0.248046875 0.025390625 0.02734375
0 0.7880859375 0.2451171875 0.029296875 0.033203125
0 0.0126953125 0.2431640625 0.025390625 0.037109375
0 0.392578125 0.2353515625 0.02734375 0.025390625
0 0.11328125 0.236328125 0.0390625 0.0390625
0 0.2939453125 0.2275390625 0.029296875 0.025390625
0 0.689453125 0.2265625 0.03125 0.03125
0 0.4111328125 0.216796875 0.025390625 0.0234375
0 0.921875 0.2216796875 0.04296875 0.037109375
0 0.0859375 0.2138671875 0.03515625 0.025390625
0 0.2744140625 0.2080078125 0.025390625 0.025390625
0 0.556640625 0.2294921875 0.08984375 0.072265625
0 0.7265625 0.201171875 0.02734375 0.02734375
0 0.3642578125 0.203125 0.029296875 0.03125
0 0.064453125 0.19921875 0.02734375 0.02734375
0 0.9072265625 0.193359375 0.021484375 0.01953125
0 0.8408203125 0.1943359375 0.029296875 0.025390625
0 0.42578125 0.193359375 0.03515625 0.03515625
0 0.2509765625 0.1875 0.029296875 0.02734375
0 0.3427734375 0.185546875 0.033203125 0.03125
0 0.0458984375 0.1826171875 0.025390625 0.025390625
0 0.4482421875 0.1748046875 0.025390625 0.029296875
0 0.0302734375 0.166015625 0.025390625 0.02734375
0 0.7431640625 0.1611328125 0.021484375 0.021484375
0 0.216796875 0.1650390625 0.03515625 0.037109375
0 0.888671875 0.1640625 0.03515625 0.0390625
0 0.4677734375 0.1572265625 0.025390625 0.025390625
0 0.3779296875 0.150390625 0.021484375 0.0234375
0 0.8017578125 0.15234375 0.029296875 0.03515625
0 0.9794921875 0.1484375 0.029296875 0.03125
0 0.0107421875 0.1474609375 0.021484375 0.029296875
0 0.634765625 0.1435546875 0.02734375 0.025390625
0 0.490234375 0.14453125 0.02734375 0.02734375
0 0.1923828125 0.1474609375 0.033203125 0.033203125
0 0.51953125 0.1337890625 0.02734375 0.025390625
0 0.2978515625 0.1376953125 0.029296875 0.033203125
0 0.7421875 0.1328125 0.02734375 0.02734375
0 0.3984375 0.12890625 0.0234375 0.0234375
0 0.6591796875 0.125 0.029296875 0.02734375
0 0.1630859375 0.1279296875 0.037109375 0.033203125
0 0.8447265625 0.119140625 0.041015625 0.03125
0 0.953125 0.1171875 0.02734375 0.03515625
0 0.4169921875 0.111328125 0.025390625 0.0234375
0 0.685546875 0.1044921875 0.02734375 0.025390625
0 0.5517578125 0.107421875 0.044921875 0.0390625
0 0.1416015625 0.1005859375 0.025390625 0.025390625
0 0.234375 0.099609375 0.02734375 0.02734375
0 0.921875 0.09375 0.03125 0.03125
0 0.7626953125 0.0927734375 0.029296875 0.029296875
0 0.2939453125 0.08984375 0.025390625 0.0234375
0 0.4365234375 0.08984375 0.025390625 0.02734375
0 0.3359375 0.0908203125 0.03125 0.033203125
0 0.583984375 0.0859375 0.03125 0.03125
0 0.7197265625 0.08203125 0.029296875 0.03125
0 0.3642578125 0.0751953125 0.029296875 0.029296875
0 0.0546875 0.0703125 0.01953125 0.01953125
0 0.1123046875 0.072265625 0.025390625 0.02734375
0 0.8095703125 0.0712890625 0.029296875 0.029296875
0 0.45703125 0.072265625 0.02734375 0.03125
0 0.9296875 0.0654296875 0.0234375 0.021484375
0 0.01953125 0.060546875 0.0234375 0.0234375
0 0.89453125 0.0576171875 0.03125 0.029296875
0 0.083984375 0.0556640625 0.03125 0.029296875
0 0.2060546875 0.0576171875 0.033203125 0.037109375
0 0.6357421875 0.05078125 0.025390625 0.02734375
0 0.4755859375 0.0498046875 0.025390625 0.025390625
0 0.3857421875 0.0498046875 0.029296875 0.029296875
0 0.177734375 0.0478515625 0.02734375 0.025390625
0 0.7734375 0.048828125 0.04296875 0.0390625
0 0.5361328125 0.0458984375 0.044921875 0.048828125
0 0.6181640625 0.03125 0.025390625 0.02734375
0 0.0498046875 0.0302734375 0.033203125 0.033203125
0 0.1484375 0.0244140625 0.0390625 0.037109375
0 0.5029296875 0.021484375 0.037109375 0.03515625
0 0.6787109375 0.017578125 0.033203125 0.03125
0 0.99609375 0.005859375 0.0078125 0.01171875
0 0.873046875 0.0185546875 0.03125 0.037109375
0 0.5947265625 0.013671875 0.029296875 0.02734375
0 0.57421875 0.0048828125 0.015625 0.009765625
0 0.4326171875 0.009765625 0.029296875 0.01953125
0 0.3369140625 0.009765625 0.029296875 0.01953125
0 0.01953125 0.0087890625 0.03125 0.017578125