0 0.740234375 0.9853515625 0.05078125 0.029296875
0 0.9501953125 0.9560546875 0.048828125 0.033203125
0 0.9853515625 0.869140625 0.029296875 0.046875
0 0.2890625 0.857421875 0.07421875 0.0859375
0 0.8759765625 0.8564453125 0.119140625 0.099609375
0 0.15234375 0.8076171875 0.046875 0.037109375
0 0.74609375 0.8232421875 0.12890625 0.126953125
0 0.767578125 0.638671875 0.046875 0.03515625
0 0.7490234375 0.6083984375 0.033203125 0.041015625
0 0.8662109375 0.6513671875 0.177734375 0.181640625
0 0.9833984375 0.57421875 0.033203125 0.0546875
0 0.9326171875 0.5478515625 0.041015625 0.037109375
0 0.994140625 0.41015625 0.01171875 0.02734375
0 0.9892578125 0.3623046875 0.021484375 0.033203125
0 0.8720703125 0.3828125 0.099609375 0.09375
0 0.453125 0.4052734375 0.09765625 0.138671875
0 0.6162109375 0.326171875 0.119140625 0.15625
0 0.595703125 0.1875 0.03125 0.02734375
0 0.9716796875 0.185546875 0.033203125 0.02734375
0 0.3203125 0.1513671875 0.09765625 0.142578125
0 0.802734375 0.111328125 0.0546875 0.12109375
0 0.9580078125 0.1005859375 0.056640625 0.115234375
0 0.8798828125 0.0087890625 0.099609375 0.017578125