0 0.564453125 0.2265625 0.05078125 0.0703125
0 0.8662109375 0.3037109375 0.224609375 0.298828125
0 0.4814453125 0.1767578125 0.048828125 0.048828125
0 0.4150390625 0.1494140625 0.041015625 0.044921875
0 0.3525390625 0.1279296875 0.041015625 0.029296875
0 0.0322265625 0.1064453125 0.041015625 0.029296875
0 0.3037109375 0.09765625 0.037109375 0.03125
0 0.234375 0.0966796875 0.03515625 0.029296875
0 0.1318359375 0.0908203125 0.044921875 0.025390625
0 0.02734375 0.0478515625 0.0390625 0.021484375
0 0.1279296875 0.033203125 0.037109375 0.03125