0 0.15234375 0.998046875 0.00390625 0.00390625
0 0.7861328125 0.9970703125 0.013671875 0.005859375
0 0.6279296875 0.99609375 0.017578125 0.0078125
0 0.763671875 0.994140625 0.0234375 0.01171875
0 0.1337890625 0.994140625 0.021484375 0.01171875
0 0.3271484375 0.9931640625 0.033203125 0.013671875
0 0.60546875 0.9912109375 0.0234375 0.017578125
0 0.4951171875 0.9912109375 0.041015625 0.017578125
0 0.4443359375 0.9912109375 0.021484375 0.017578125
0 0.1083984375 0.990234375 0.025390625 0.01953125
0 0.5673828125 0.9892578125 0.037109375 0.021484375
0 0.734375 0.98828125 0.02734375 0.0234375
0 0.275390625 0.9873046875 0.0234375 0.025390625
0 0.2373046875 0.986328125 0.037109375 0.02734375
0 0.0791015625 0.9853515625 0.029296875 0.029296875
0 0.708984375 0.984375 0.03125 0.03125
0 0.337890625 0.9794921875 0.0390625 0.029296875
0 0.0556640625 0.9814453125 0.029296875 0.037109375
0 0.6826171875 0.9755859375 0.029296875 0.037109375
0 0.17578125 0.9765625 0.03515625 0.0390625
0 0.578125 0.9697265625 0.0390625 0.029296875
0 0.2890625 0.9638671875 0.015625 0.017578125
0 0.03125 0.9716796875 0.03125 0.037109375
0 0.2509765625 0.966796875 0.037109375 0.03125
0 0.6533203125 0.970703125 0.041015625 0.046875
0 0.1484375 0.96484375 0.03125 0.0390625
0 0.01171875 0.9638671875 0.0234375 0.037109375
0 0.349609375 0.955078125 0.0390625 0.03125
0 0.126953125 0.95703125 0.03125 0.0390625
0 0.6318359375 0.955078125 0.029296875 0.0390625
0 0.5087890625 0.9619140625 0.048828125 0.052734375
0 0.4814453125 0.9443359375 0.017578125 0.017578125
0 0.4189453125 0.966796875 0.060546875 0.06640625
0 0.1015625 0.94921875 0.03125 0.0390625
0 0.26171875 0.943359375 0.0390625 0.03125
0 0.6083984375 0.9443359375 0.033203125 0.041015625
0 0.3603515625 0.93359375 0.037109375 0.03125
0 0.4892578125 0.923828125 0.017578125 0.01953125
0 0.5224609375 0.927734375 0.037109375 0.03125
0 0.5830078125 0.9306640625 0.033203125 0.041015625
0 0.3056640625 0.927734375 0.033203125 0.046875
0 0.2734375 0.9189453125 0.03515625 0.033203125
0 0.2041015625 0.916015625 0.029296875 0.03515625
0 0.1767578125 0.9111328125 0.029296875 0.029296875
0 0.4990234375 0.900390625 0.017578125 0.015625
0 0.3720703125 0.9072265625 0.037109375 0.033203125
0 0.1533203125 0.90234375 0.029296875 0.03125
0 0.0478515625 0.921875 0.095703125 0.07421875
0 0.5390625 0.8974609375 0.02734375 0.033203125
0 0.28515625 0.89453125 0.03515625 0.03125
0 0.12890625 0.892578125 0.02734375 0.03125
0 0.10546875 0.8837890625 0.02734375 0.033203125
0 0.4521484375 0.904296875 0.056640625 0.078125
0 0.3818359375 0.880859375 0.037109375 0.03125
0 0.33203125 0.8720703125 0.01953125 0.017578125
0 0.0810546875 0.8740234375 0.029296875 0.029296875
0 0.5126953125 0.875 0.029296875 0.03515625
0 0.2255859375 0.8701171875 0.029296875 0.033203125
0 0.2001953125 0.8623046875 0.029296875 0.033203125
0 0.34765625 0.8515625 0.01953125 0.0234375
0 0.4091796875 0.8525390625 0.029296875 0.033203125
0 0.3017578125 0.861328125 0.044921875 0.05078125
0 0.1767578125 0.853515625 0.029296875 0.03515625
0 0.046875 0.8515625 0.05078125 0.05078125
0 0.482421875 0.849609375 0.046875 0.0546875
0 0.0146484375 0.8369140625 0.029296875 0.037109375
0 0.318359375 0.8271484375 0.0390625 0.033203125
0 0.00390625 0.81640625 0.0078125 0.015625
0 0.12890625 0.8388671875 0.078125 0.068359375
0 0.2490234375 0.8095703125 0.041015625 0.033203125
0 0.0849609375 0.810546875 0.033203125 0.03515625
0 0.3310546875 0.802734375 0.037109375 0.03125
0 0.2177734375 0.7890625 0.021484375 0.01953125
0 0.05078125 0.802734375 0.03125 0.05078125
0 0.189453125 0.787109375 0.03125 0.03515625
0 0.2705078125 0.78515625 0.029296875 0.03515625
0 0.3408203125 0.7802734375 0.037109375 0.029296875
0 0.423828125 0.7890625 0.0546875 0.05859375
0 0.1611328125 0.775390625 0.033203125 0.03515625
0 0.0185546875 0.7822265625 0.033203125 0.052734375
0 0.2490234375 0.7724609375 0.033203125 0.037109375
0 0.1376953125 0.76171875 0.029296875 0.0390625
0 0.005859375 0.755859375 0.01171875 0.02734375
0 0.2255859375 0.7568359375 0.029296875 0.037109375
0 0.396484375 0.7587890625 0.03515625 0.044921875
0 0.1142578125 0.75 0.029296875 0.0390625
0 0.2060546875 0.7392578125 0.025390625 0.029296875
0 0.0908203125 0.736328125 0.033203125 0.0390625
0 0.185546875 0.724609375 0.02734375 0.03125
0 0.0712890625 0.7216796875 0.029296875 0.037109375
0 0.921875 0.734375 0.078125 0.06640625
0 0.1630859375 0.7119140625 0.029296875 0.029296875
0 0.3642578125 0.7314453125 0.064453125 0.076171875
0 0.3017578125 0.7158203125 0.029296875 0.044921875
0 0.0478515625 0.7099609375 0.029296875 0.037109375
0 0.279296875 0.705078125 0.03125 0.03515625
0 0.1396484375 0.69921875 0.029296875 0.03515625
0 0.0283203125 0.697265625 0.029296875 0.03515625
0 0.2568359375 0.69140625 0.033203125 0.03515625
0 0.1181640625 0.685546875 0.029296875 0.03515625
0 0.0107421875 0.6826171875 0.021484375 0.037109375
0 0.236328125 0.677734375 0.03125 0.0390625
0 0.3251953125 0.67578125 0.033203125 0.0390625
0 0.095703125 0.669921875 0.03125 0.0390625
0 0.2138671875 0.6640625 0.029296875 0.0390625
0 0.298828125 0.658203125 0.03125 0.0390625
0 0.07421875 0.6572265625 0.03125 0.037109375
0 0.1923828125 0.65234375 0.029296875 0.0390625
0 0.0517578125 0.642578125 0.029296875 0.03515625
0 0.169921875 0.634765625 0.03125 0.03515625
0 0.671875 0.66796875 0.0625 0.109375
0 0.1484375 0.62109375 0.03125 0.03515625
0 0.0234375 0.625 0.046875 0.046875
0 0.2548828125 0.626953125 0.076171875 0.0703125
0 0.1279296875 0.607421875 0.029296875 0.03515625
0 0.1064453125 0.59375 0.029296875 0.0390625
0 0.2109375 0.6005859375 0.03125 0.056640625
0 0.083984375 0.580078125 0.03125 0.0390625
0 0.1875 0.5859375 0.03125 0.0546875
0 0.0615234375 0.5673828125 0.029296875 0.037109375
0 0.0380859375 0.5517578125 0.029296875 0.037109375
0 0.01171875 0.5419921875 0.0234375 0.029296875
0 0.515625 0.5888671875 0.140625 0.173828125
0 0.017578125 0.515625 0.03515625 0.03515625
0 0.78515625 0.556640625 0.16015625 0.1328125
0 0.400390625 0.53125 0.16796875 0.0859375
0 0.1044921875 0.5341796875 0.146484375 0.123046875
0 0.025390625 0.4794921875 0.03125 0.037109375
0 0.37109375 0.4697265625 0.0234375 0.025390625
0 0.490234375 0.421875 0.046875 0.04296875
0 0.8642578125 0.421875 0.115234375 0.1015625
0 0.2783203125 0.4375 0.099609375 0.1328125
0 0.69140625 0.4404296875 0.25390625 0.201171875
0 0.2177734375 0.3837890625 0.083984375 0.107421875
0 0.0234375 0.3349609375 0.046875 0.076171875
0 0.810546875 0.3056640625 0.0390625 0.021484375
0 0.85546875 0.302734375 0.02734375 0.02734375
0 0.5048828125 0.3330078125 0.130859375 0.107421875
0 0.3095703125 0.3154296875 0.107421875 0.076171875
0 0.0380859375 0.291015625 0.037109375 0.03125
0 0.923828125 0.287109375 0.0546875 0.03125
0 0.0048828125 0.2724609375 0.009765625 0.021484375
0 0.9775390625 0.271484375 0.033203125 0.03125
0 0.1533203125 0.3408203125 0.126953125 0.177734375
0 0.6279296875 0.2451171875 0.033203125 0.029296875
0 0.0615234375 0.2392578125 0.037109375 0.033203125
0 0.716796875 0.26171875 0.08984375 0.08203125
0 0.857421875 0.212890625 0.0234375 0.03515625
0 0.8095703125 0.208984375 0.033203125 0.02734375
0 0.9111328125 0.2109375 0.037109375 0.03515625
0 0.0244140625 0.2119140625 0.029296875 0.037109375
0 0.0068359375 0.2001953125 0.013671875 0.033203125
0 0.3662109375 0.2373046875 0.119140625 0.119140625
0 0.7275390625 0.1884765625 0.056640625 0.037109375
0 0.083984375 0.1953125 0.05859375 0.07421875
0 0.26171875 0.2001953125 0.12890625 0.115234375
0 0.0498046875 0.1591796875 0.029296875 0.037109375
0 0.435546875 0.1533203125 0.03125 0.037109375
0 0.0205078125 0.150390625 0.041015625 0.04296875
0 0.5703125 0.1708984375 0.17578125 0.099609375
0 0.0068359375 0.1328125 0.013671875 0.03125
0 0.3876953125 0.119140625 0.037109375 0.03125
0 0.1259765625 0.1171875 0.044921875 0.0546875
0 0.5546875 0.103515625 0.04296875 0.03515625
0 0.0791015625 0.1015625 0.033203125 0.0390625
0 0.328125 0.095703125 0.0390625 0.046875
0 0.2900390625 0.0869140625 0.029296875 0.033203125
0 0.052734375 0.087890625 0.03125 0.0390625
0 0.13671875 0.0703125 0.02734375 0.0234375
0 0.005859375 0.056640625 0.01171875 0.0234375
0 0.2939453125 0.0498046875 0.017578125 0.017578125
0 0.2548828125 0.056640625 0.033203125 0.04296875
0 0.447265625 0.0673828125 0.08984375 0.076171875
0 0.0673828125 0.0302734375 0.025390625 0.025390625
0 0.7724609375 0.064453125 0.240234375 0.12890625
0 0.36328125 0.0107421875 0.03125 0.021484375
0 0.2900390625 0.00390625 0.021484375 0.0078125
0 0.169921875 0.00390625 0.01953125 0.0078125