0 0.8701171875 0.9970703125 0.013671875 0.005859375
0 0.71875 0.9931640625 0.0234375 0.013671875
0 0.6865234375 0.9931640625 0.021484375 0.013671875
0 0.951171875 0.9912109375 0.046875 0.017578125
0 0.748046875 0.9912109375 0.01953125 0.017578125
0 0.6533203125 0.9912109375 0.021484375 0.017578125
0 0.4306640625 0.9912109375 0.021484375 0.017578125
0 0.80859375 0.9892578125 0.0234375 0.021484375
0 0.625 0.9892578125 0.0234375 0.021484375
0 0.5849609375 0.9892578125 0.037109375 0.021484375
0 0.544921875 0.986328125 0.03515625 0.0234375
0 0.197265625 0.986328125 0.02734375 0.02734375
0 0.0908203125 0.984375 0.029296875 0.03125
0 0.5068359375 0.9736328125 0.037109375 0.033203125
0 0.962890625 0.966796875 0.04296875 0.02734375
0 0.431640625 0.96484375 0.0234375 0.0234375
0 0.275390625 0.9765625 0.0546875 0.046875
0 0.1767578125 0.9619140625 0.029296875 0.025390625
0 0.244140625 0.9482421875 0.03125 0.029296875
0 0.0537109375 0.947265625 0.025390625 0.02734375
0 0.9609375 0.939453125 0.0625 0.02734375
0 0.7451171875 0.9296875 0.033203125 0.01953125
0 0.39453125 0.9365234375 0.02734375 0.033203125
0 0.1484375 0.93359375 0.03125 0.02734375
0 0.6982421875 0.9248046875 0.052734375 0.029296875
0 0.6220703125 0.923828125 0.021484375 0.03125
0 0.2236328125 0.921875 0.025390625 0.02734375
0 0.369140625 0.9248046875 0.02734375 0.037109375
0 0.80078125 0.9208984375 0.03515625 0.033203125
0 0.654296875 0.921875 0.01953125 0.03515625
0 0.5947265625 0.919921875 0.025390625 0.03125
0 0.0361328125 0.916015625 0.025390625 0.02734375
0 0.564453125 0.916015625 0.0234375 0.03125
0 0.982421875 0.91015625 0.03515625 0.03125
0 0.333984375 0.90234375 0.02734375 0.0234375
0 0.509765625 0.8974609375 0.03125 0.029296875
0 0.2998046875 0.890625 0.025390625 0.0234375
0 0.12109375 0.8955078125 0.03515625 0.033203125
0 0.2109375 0.8896484375 0.02734375 0.025390625
0 0.0185546875 0.8896484375 0.025390625 0.025390625
0 0.986328125 0.8798828125 0.02734375 0.029296875
0 0.4365234375 0.87890625 0.033203125 0.02734375
0 0.5283203125 0.876953125 0.029296875 0.02734375
0 0.767578125 0.8740234375 0.0234375 0.025390625
0 0.0068359375 0.86328125 0.013671875 0.0234375
0 0.2509765625 0.865234375 0.033203125 0.03125
0 0.458984375 0.8564453125 0.02734375 0.025390625
0 0.99609375 0.8525390625 0.0078125 0.021484375
0 0.7451171875 0.853515625 0.033203125 0.03125
0 0.5498046875 0.8486328125 0.025390625 0.025390625
0 0.1630859375 0.8466796875 0.029296875 0.029296875
0 0.478515625 0.8330078125 0.0234375 0.025390625
0 0.7216796875 0.83203125 0.033203125 0.03515625
0 0.998046875 0.822265625 0.00390625 0.01953125
0 0.5732421875 0.8232421875 0.025390625 0.029296875
0 0.80078125 0.818359375 0.0234375 0.0234375
0 0.2060546875 0.8173828125 0.029296875 0.029296875
0 0.3212890625 0.81640625 0.033203125 0.03125
0 0.1435546875 0.8154296875 0.025390625 0.029296875
0 0.5 0.8095703125 0.02734375 0.025390625
0 0.7041015625 0.810546875 0.037109375 0.0390625
0 0.59375 0.7998046875 0.02734375 0.025390625
0 0.984375 0.794921875 0.0234375 0.0234375
0 0.7802734375 0.794921875 0.025390625 0.0234375
0 0.2353515625 0.7978515625 0.025390625 0.037109375
0 0.3583984375 0.7939453125 0.025390625 0.033203125
0 0.1240234375 0.7890625 0.025390625 0.02734375
0 0.51953125 0.787109375 0.02734375 0.02734375
0 0.6875 0.7802734375 0.03125 0.029296875
0 0.962890625 0.7744140625 0.02734375 0.025390625
0 0.869140625 0.7734375 0.0234375 0.0234375
0 0.615234375 0.775390625 0.02734375 0.02734375
0 0.7607421875 0.7724609375 0.025390625 0.025390625
0 0.3818359375 0.7705078125 0.029296875 0.029296875
0 0.2783203125 0.7685546875 0.029296875 0.029296875
0 0.5380859375 0.7646484375 0.025390625 0.025390625
0 0.1689453125 0.765625 0.037109375 0.02734375
0 0.2451171875 0.7548828125 0.021484375 0.021484375
0 0.4072265625 0.751953125 0.029296875 0.02734375
0 0.943359375 0.7490234375 0.0234375 0.025390625
0 0.666015625 0.75390625 0.03515625 0.03515625
0 0.7431640625 0.748046875 0.025390625 0.02734375
0 0.3037109375 0.7490234375 0.029296875 0.029296875
0 0.880859375 0.7412109375 0.01953125 0.025390625
0 0.19140625 0.7421875 0.03515625 0.03125
0 0.5556640625 0.73828125 0.025390625 0.03515625
0 0.4326171875 0.732421875 0.029296875 0.03125
0 0.2119140625 0.7265625 0.025390625 0.0234375
0 0.796875 0.7236328125 0.0234375 0.025390625
0 0.6474609375 0.7275390625 0.033203125 0.033203125
0 0.0888671875 0.7275390625 0.029296875 0.033203125
0 0.994140625 0.71875 0.01171875 0.01953125
0 0.3232421875 0.728515625 0.037109375 0.0390625
0 0.5791015625 0.716796875 0.029296875 0.02734375
0 0.119140625 0.71484375 0.03125 0.02734375
0 0.2392578125 0.7119140625 0.033203125 0.029296875
0 0.8916015625 0.7099609375 0.025390625 0.029296875
0 0.1435546875 0.69921875 0.029296875 0.02734375
0 0.7177734375 0.6962890625 0.025390625 0.025390625
0 0.599609375 0.6962890625 0.02734375 0.025390625
0 0.3662109375 0.7001953125 0.041015625 0.037109375
0 0.4580078125 0.7001953125 0.041015625 0.041015625
0 0.2626953125 0.6923828125 0.029296875 0.025390625
0 0.9873046875 0.6923828125 0.025390625 0.029296875
0 0.814453125 0.6826171875 0.0234375 0.025390625
0 0.16796875 0.6826171875 0.02734375 0.025390625
0 0.900390625 0.6787109375 0.0234375 0.021484375
0 0.4052734375 0.6796875 0.029296875 0.03125
0 0.2880859375 0.6787109375 0.029296875 0.033203125
0 0.701171875 0.6708984375 0.0234375 0.025390625
0 0.0556640625 0.6787109375 0.021484375 0.041015625
0 0.6103515625 0.6611328125 0.025390625 0.029296875
0 0.193359375 0.662109375 0.0234375 0.03125
0 0.078125 0.658203125 0.03125 0.0234375
0 0.7607421875 0.66015625 0.025390625 0.03125
0 0.310546875 0.6572265625 0.0234375 0.025390625
0 0.9736328125 0.658203125 0.021484375 0.03125
0 0.4228515625 0.65625 0.029296875 0.03125
0 0.8193359375 0.6494140625 0.021484375 0.021484375
0 0.6806640625 0.6484375 0.025390625 0.0234375
0 0.900390625 0.64453125 0.015625 0.01953125
0 0.2138671875 0.646484375 0.029296875 0.02734375
0 0.498046875 0.650390625 0.03515625 0.0390625
0 0.1044921875 0.6416015625 0.033203125 0.025390625
0 0.3427734375 0.63671875 0.033203125 0.0234375
0 0.4404296875 0.6328125 0.025390625 0.02734375
0 0.244140625 0.6279296875 0.02734375 0.029296875
0 0.126953125 0.6240234375 0.0234375 0.021484375
0 0.9794921875 0.623046875 0.025390625 0.02734375
0 0.6640625 0.6220703125 0.02734375 0.025390625
0 0.59375 0.623046875 0.02734375 0.02734375
0 0.36328125 0.6171875 0.02734375 0.02734375
0 0.89453125 0.61328125 0.01953125 0.0234375
0 0.0263671875 0.6162109375 0.021484375 0.029296875
0 0.80859375 0.6123046875 0.0234375 0.025390625
0 0.7421875 0.6181640625 0.03125 0.037109375
0 0.267578125 0.6103515625 0.02734375 0.025390625
0 0.455078125 0.607421875 0.02734375 0.02734375
0 0.1533203125 0.6044921875 0.029296875 0.025390625
0 0.580078125 0.5966796875 0.02734375 0.029296875
0 0.986328125 0.59375 0.0234375 0.02734375
0 0.29296875 0.5927734375 0.0234375 0.025390625
0 0.650390625 0.59375 0.0234375 0.03125
0 0.3828125 0.587890625 0.02734375 0.0234375
0 0.013671875 0.5908203125 0.0234375 0.029296875
0 0.177734375 0.5869140625 0.02734375 0.025390625
0 0.7255859375 0.5830078125 0.033203125 0.033203125
0 0.79296875 0.5791015625 0.03125 0.029296875
0 0.8779296875 0.5791015625 0.029296875 0.033203125
0 0.4677734375 0.5771484375 0.025390625 0.029296875
0 0.203125 0.5703125 0.02734375 0.0234375
0 0.0810546875 0.572265625 0.029296875 0.02734375
0 0.5625 0.5703125 0.02734375 0.03125
0 0.634765625 0.56640625 0.02734375 0.02734375
0 0.318359375 0.5654296875 0.0234375 0.025390625
0 0.005859375 0.5595703125 0.01171875 0.029296875
0 0.2265625 0.552734375 0.02734375 0.0234375
0 0.4736328125 0.548828125 0.021484375 0.0234375
0 0.3974609375 0.552734375 0.029296875 0.03125
0 0.7744140625 0.548828125 0.025390625 0.02734375
0 0.11328125 0.5478515625 0.03125 0.029296875
0 0.7021484375 0.546875 0.033203125 0.03515625
0 0.619140625 0.54296875 0.02734375 0.02734375
0 0.2509765625 0.5361328125 0.029296875 0.025390625
0 0.5341796875 0.53125 0.021484375 0.0234375
0 0.48046875 0.51953125 0.01953125 0.01953125
0 0.341796875 0.52734375 0.02734375 0.03515625
0 0.4111328125 0.5234375 0.037109375 0.03125
0 0.7568359375 0.517578125 0.025390625 0.0234375
0 0.603515625 0.517578125 0.02734375 0.02734375
0 0.279296875 0.5166015625 0.02734375 0.025390625
0 0.6904296875 0.5146484375 0.029296875 0.033203125
0 0.16796875 0.509765625 0.0234375 0.02734375
0 0.306640625 0.49609375 0.02734375 0.02734375
0 0.3447265625 0.4921875 0.033203125 0.0234375
0 0.48046875 0.48828125 0.01953125 0.01953125
0 0.5869140625 0.4912109375 0.029296875 0.029296875
0 0.408203125 0.4892578125 0.01953125 0.025390625
0 0.203125 0.490234375 0.0234375 0.03125
0 0.0888671875 0.48828125 0.033203125 0.02734375
0 0.73828125 0.484375 0.02734375 0.02734375
0 0.8974609375 0.4775390625 0.025390625 0.029296875
0 0.228515625 0.470703125 0.0234375 0.03125
0 0.3515625 0.462890625 0.01953125 0.01953125
0 0.146484375 0.4638671875 0.01953125 0.025390625
0 0.5732421875 0.4638671875 0.029296875 0.029296875
0 0.48046875 0.4599609375 0.01953125 0.021484375
0 0.4091796875 0.458984375 0.021484375 0.01953125
0 0.0771484375 0.458984375 0.029296875 0.02734375
0 0.2548828125 0.4560546875 0.033203125 0.025390625
0 0.72265625 0.447265625 0.0234375 0.02734375
0 0.8798828125 0.44140625 0.025390625 0.02734375
0 0.28125 0.4365234375 0.02734375 0.025390625
0 0.1630859375 0.43359375 0.025390625 0.0234375
0 0.482421875 0.4296875 0.01953125 0.01953125
0 0.068359375 0.431640625 0.0234375 0.0234375
0 0.8046875 0.4326171875 0.02734375 0.029296875
0 0.6484375 0.427734375 0.03125 0.03125
0 0.5546875 0.4296875 0.02734375 0.03515625
0 0.4140625 0.4267578125 0.02734375 0.029296875
0 0.306640625 0.41796875 0.02734375 0.02734375
0 0.681640625 0.4111328125 0.0234375 0.017578125
0 0.1884765625 0.4150390625 0.025390625 0.025390625
0 0.7138671875 0.41015625 0.025390625 0.02734375
0 0.791015625 0.408203125 0.0234375 0.02734375
0 0.859375 0.4072265625 0.02734375 0.029296875
0 0.4814453125 0.3984375 0.021484375 0.01953125
0 0.0556640625 0.4033203125 0.021484375 0.029296875
0 0.4150390625 0.3955078125 0.025390625 0.021484375
0 0.21484375 0.396484375 0.03125 0.0234375
0 0.3310546875 0.3974609375 0.029296875 0.029296875
0 0.2431640625 0.376953125 0.025390625 0.0234375
0 0.9189453125 0.3818359375 0.025390625 0.037109375
0 0.779296875 0.3701171875 0.01953125 0.021484375
0 0.4833984375 0.3681640625 0.021484375 0.017578125
0 0.3466796875 0.37109375 0.021484375 0.0234375
0 0.8486328125 0.3701171875 0.033203125 0.029296875
0 0.1318359375 0.376953125 0.044921875 0.04296875
0 0.412109375 0.3662109375 0.01953125 0.025390625
0 0.2666015625 0.361328125 0.025390625 0.0234375
0 0.1669921875 0.3525390625 0.025390625 0.025390625
0 0.0361328125 0.361328125 0.029296875 0.04296875
0 0.2919921875 0.34375 0.025390625 0.02734375
0 0.9150390625 0.3388671875 0.025390625 0.025390625
0 0.7763671875 0.337890625 0.017578125 0.0234375
0 0.4130859375 0.3349609375 0.021484375 0.025390625
0 0.1943359375 0.3349609375 0.025390625 0.025390625
0 0.8408203125 0.33203125 0.029296875 0.02734375
0 0.3154296875 0.326171875 0.025390625 0.0234375
0 0.16015625 0.326171875 0.0234375 0.0234375
0 0.3486328125 0.31640625 0.013671875 0.0234375
0 0.025390625 0.318359375 0.02734375 0.02734375
0 0.22265625 0.31640625 0.02734375 0.02734375
0 0.4453125 0.3095703125 0.01171875 0.021484375
0 0.7744140625 0.306640625 0.017578125 0.01953125
0 0.41796875 0.3056640625 0.02734375 0.025390625
0 0.912109375 0.30078125 0.0234375 0.0234375
0 0.244140625 0.298828125 0.02734375 0.0234375
0 0.8359375 0.296875 0.0234375 0.0234375
0 0.1015625 0.296875 0.03125 0.03125
0 0.0146484375 0.291015625 0.029296875 0.03125
0 0.2685546875 0.279296875 0.029296875 0.0234375
0 0.7705078125 0.2763671875 0.017578125 0.021484375
0 0.41796875 0.275390625 0.02734375 0.0234375
0 0.1416015625 0.275390625 0.025390625 0.02734375
0 0.9091796875 0.265625 0.021484375 0.0234375
0 0.8310546875 0.263671875 0.021484375 0.03125
0 0.2919921875 0.26171875 0.033203125 0.02734375
0 0.173828125 0.2607421875 0.02734375 0.029296875
0 0.345703125 0.2548828125 0.02734375 0.025390625
0 0.767578125 0.2451171875 0.015625 0.021484375
0 0.0048828125 0.2451171875 0.009765625 0.025390625
0 0.4150390625 0.2421875 0.021484375 0.03125
0 0.1904296875 0.240234375 0.029296875 0.03125
0 0.068359375 0.2412109375 0.03515625 0.037109375
0 0.9052734375 0.2294921875 0.017578125 0.021484375
0 0.8291015625 0.2275390625 0.021484375 0.025390625
0 0.3486328125 0.2265625 0.021484375 0.0234375
0 0.21484375 0.2216796875 0.03125 0.029296875
0 0.7646484375 0.2138671875 0.017578125 0.021484375
0 0.4169921875 0.2138671875 0.021484375 0.021484375
0 0.0576171875 0.2099609375 0.029296875 0.025390625
0 0.119140625 0.2080078125 0.02734375 0.025390625
0 0.9033203125 0.2001953125 0.017578125 0.021484375
0 0.2392578125 0.2021484375 0.033203125 0.033203125
0 0.349609375 0.1943359375 0.0234375 0.025390625
0 0.826171875 0.193359375 0.0234375 0.02734375
0 0.7607421875 0.18359375 0.017578125 0.0234375
0 0.4189453125 0.18359375 0.025390625 0.0234375
0 0.263671875 0.181640625 0.03125 0.02734375
0 0.8984375 0.1708984375 0.015625 0.025390625
0 0.037109375 0.173828125 0.02734375 0.03125
0 0.1123046875 0.171875 0.025390625 0.03125
0 0.1689453125 0.16796875 0.025390625 0.02734375
0 0.2890625 0.1630859375 0.03125 0.033203125
0 0.822265625 0.1591796875 0.01953125 0.029296875
0 0.755859375 0.1533203125 0.01953125 0.021484375
0 0.0234375 0.146484375 0.0234375 0.02734375
0 0.3115234375 0.142578125 0.025390625 0.0234375
0 0.8984375 0.1396484375 0.015625 0.021484375
0 0.4208984375 0.1455078125 0.025390625 0.037109375
0 0.158203125 0.1396484375 0.0234375 0.025390625
0 0.0966796875 0.1376953125 0.029296875 0.029296875
0 0.3388671875 0.1298828125 0.033203125 0.029296875
0 0.2265625 0.12890625 0.02734375 0.02734375
0 0.8203125 0.1240234375 0.01953125 0.025390625
0 0.7529296875 0.1220703125 0.017578125 0.021484375
0 0.8984375 0.115234375 0.04296875 0.015625
0 0.0107421875 0.107421875 0.021484375 0.02734375
0 0.361328125 0.1064453125 0.02734375 0.029296875
0 0.0810546875 0.10546875 0.029296875 0.02734375
0 0.28515625 0.0986328125 0.03515625 0.025390625
0 0.142578125 0.099609375 0.0234375 0.02734375
0 0.748046875 0.0908203125 0.02734375 0.021484375
0 0.81640625 0.08984375 0.01953125 0.02734375
0 0.208984375 0.0830078125 0.0234375 0.029296875
0 0.00390625 0.0771484375 0.0078125 0.017578125
0 0.8916015625 0.0771484375 0.025390625 0.025390625
0 0.3720703125 0.0771484375 0.029296875 0.029296875
0 0.068359375 0.068359375 0.0234375 0.02734375
0 0.267578125 0.0693359375 0.02734375 0.033203125
0 0.751953125 0.0595703125 0.01953125 0.021484375
0 0.1279296875 0.060546875 0.021484375 0.02734375
0 0.8154296875 0.0546875 0.017578125 0.0234375
0 0.4775390625 0.0556640625 0.021484375 0.029296875
0 0.37890625 0.046875 0.0234375 0.0234375
0 0.197265625 0.0458984375 0.0234375 0.029296875
0 0.888671875 0.041015625 0.01953125 0.0234375
0 0.3232421875 0.046875 0.025390625 0.03515625
0 0.2607421875 0.0380859375 0.041015625 0.029296875
0 0.0556640625 0.0341796875 0.025390625 0.029296875
0 0.7431640625 0.0283203125 0.029296875 0.021484375
0 0.11328125 0.02734375 0.0234375 0.02734375
0 0.814453125 0.0244140625 0.01953125 0.025390625
0 0.1552734375 0.0166015625 0.017578125 0.021484375
0 0.3916015625 0.017578125 0.029296875 0.02734375
0 0.8857421875 0.0087890625 0.017578125 0.017578125
0 0.8173828125 0.001953125 0.013671875 0.00390625
0 0.744140625 0.0048828125 0.02734375 0.009765625
0 0.404296875 0.0029296875 0.01171875 0.005859375
0 0.1767578125 0.005859375 0.025390625 0.01171875
0 0.1015625 0.0029296875 0.01171875 0.005859375
0 0.046875 0.0029296875 0.01953125 0.005859375