0 0.9296875 0.998046875 0.00390625 0.00390625
0 0.0556640625 0.9951171875 0.017578125 0.009765625
0 0.990234375 0.9931640625 0.01953125 0.013671875
0 0.3525390625 0.9921875 0.025390625 0.015625
0 0.2333984375 0.990234375 0.029296875 0.01953125
0 0.3828125 0.98046875 0.02734375 0.03125
0 0.9248046875 0.9755859375 0.041015625 0.033203125
0 0.4130859375 0.96875 0.029296875 0.0234375
0 0.29296875 0.9697265625 0.03125 0.029296875
0 0.083984375 0.9716796875 0.0390625 0.033203125
0 0.353515625 0.9619140625 0.03515625 0.025390625
0 0.4833984375 0.953125 0.037109375 0.0234375
0 0.5224609375 0.943359375 0.033203125 0.01953125
0 0.21875 0.9462890625 0.03125 0.025390625
0 0.7607421875 0.94140625 0.033203125 0.01953125
0 0.595703125 0.943359375 0.03515625 0.0234375
0 0.712890625 0.939453125 0.0234375 0.01953125
0 0.669921875 0.939453125 0.03515625 0.01953125
0 0.400390625 0.94140625 0.02734375 0.0234375
0 0.8134765625 0.9326171875 0.033203125 0.025390625
0 0.271484375 0.9267578125 0.02734375 0.025390625
0 0.4677734375 0.921875 0.017578125 0.01953125
0 0.744140625 0.9169921875 0.015625 0.017578125
0 0.646484375 0.9169921875 0.015625 0.017578125
0 0.8671875 0.921875 0.03125 0.03125
0 0.728515625 0.916015625 0.01171875 0.01953125
0 0.298828125 0.9169921875 0.0234375 0.021484375
0 0.1201171875 0.9228515625 0.037109375 0.037109375
0 0.392578125 0.9130859375 0.0234375 0.029296875
0 0.9072265625 0.908203125 0.025390625 0.0234375
0 0.490234375 0.9013671875 0.015625 0.017578125
0 0.3359375 0.8955078125 0.03125 0.029296875
0 0.1884765625 0.89453125 0.033203125 0.03125
0 0.4619140625 0.8896484375 0.029296875 0.025390625
0 0.6611328125 0.88671875 0.044921875 0.0234375
0 0.9384765625 0.87890625 0.029296875 0.03515625
0 0.5341796875 0.8759765625 0.029296875 0.029296875
0 0.37890625 0.8759765625 0.03125 0.029296875
0 0.99609375 0.8603515625 0.0078125 0.013671875
0 0.232421875 0.8681640625 0.0390625 0.041015625
0 0.4462890625 0.859375 0.025390625 0.02734375
0 0.916015625 0.8349609375 0.02734375 0.029296875
0 0.98828125 0.828125 0.0234375 0.03125
0 0.6240234375 0.828125 0.029296875 0.03125
0 0.7880859375 0.8134765625 0.029296875 0.017578125
0 0.4345703125 0.8232421875 0.033203125 0.037109375
0 0.31640625 0.82421875 0.046875 0.04296875
0 0.65625 0.8056640625 0.0234375 0.017578125
0 0.5439453125 0.8173828125 0.041015625 0.041015625
0 0.89453125 0.79296875 0.03125 0.02734375
0 0.96875 0.7841796875 0.02734375 0.029296875
0 0.259765625 0.7705078125 0.05859375 0.029296875
0 0.5078125 0.7685546875 0.03515625 0.033203125
0 0.119140625 0.77734375 0.03515625 0.05078125
0 0.6181640625 0.7685546875 0.029296875 0.041015625
0 0.412109375 0.7568359375 0.02734375 0.029296875
0 0.85546875 0.751953125 0.01953125 0.0234375
0 0.87890625 0.75390625 0.02734375 0.03515625
0 0.951171875 0.75 0.02734375 0.03515625
0 0.5380859375 0.74609375 0.029296875 0.0390625
0 0.990234375 0.7314453125 0.01953125 0.041015625
0 0.6171875 0.7275390625 0.03515625 0.033203125
0 0.4501953125 0.724609375 0.033203125 0.03125
0 0.3955078125 0.7236328125 0.033203125 0.041015625
0 0.9375 0.712890625 0.0234375 0.03515625
0 0.9736328125 0.6943359375 0.033203125 0.025390625
0 0.474609375 0.6962890625 0.03125 0.029296875
0 0.5927734375 0.69140625 0.037109375 0.0390625
0 0.5087890625 0.6748046875 0.041015625 0.029296875
0 0.841796875 0.6826171875 0.04296875 0.068359375
0 0.560546875 0.66015625 0.03515625 0.03515625
0 0.927734375 0.6396484375 0.03515625 0.025390625
0 0.970703125 0.6181640625 0.015625 0.013671875
0 0.3359375 0.6064453125 0.0546875 0.056640625
0 0.732421875 0.57421875 0.046875 0.04296875
0 0.6875 0.5517578125 0.046875 0.037109375
0 0.259765625 0.525390625 0.0625 0.0703125
0 0.302734375 0.4794921875 0.01171875 0.013671875
0 0.40234375 0.498046875 0.0859375 0.0859375
0 0.6787109375 0.216796875 0.044921875 0.046875
0 0.6337890625 0.18359375 0.048828125 0.05078125
0 0.029296875 0.1806640625 0.05859375 0.056640625
0 0.732421875 0.13671875 0.05078125 0.0390625
0 0.669921875 0.109375 0.05078125 0.0390625
0 0.5263671875 0.0927734375 0.107421875 0.072265625
0 0.5830078125 0.0498046875 0.060546875 0.044921875
0 0.048828125 0.048828125 0.05859375 0.04296875
0 0.0869140625 0.0283203125 0.025390625 0.025390625
0 0.2001953125 0.03515625 0.111328125 0.0703125