0 0.7421875 0.9111328125 0.0234375 0.025390625
0 0.7158203125 0.8701171875 0.021484375 0.021484375
0 0.4228515625 0.84765625 0.033203125 0.0234375
0 0.6025390625 0.8701171875 0.111328125 0.095703125
0 0.6982421875 0.8193359375 0.044921875 0.025390625
0 0.068359375 0.826171875 0.0546875 0.0546875
0 0.4130859375 0.806640625 0.037109375 0.0234375
0 0.0517578125 0.7685546875 0.021484375 0.021484375
0 0.4765625 0.728515625 0.05078125 0.05859375
0 0.4423828125 0.6611328125 0.029296875 0.033203125
0 0.2275390625 0.4521484375 0.052734375 0.060546875
0 0.748046875 0.42578125 0.03125 0.03515625
0 0.126953125 0.4033203125 0.046875 0.052734375
0 0.5419921875 0.2529296875 0.087890625 0.029296875
0 0.01953125 0.2197265625 0.0390625 0.033203125
0 0.28515625 0.14453125 0.03515625 0.03515625
0 0.234375 0.1494140625 0.05078125 0.052734375
0 0.7255859375 0.138671875 0.064453125 0.046875
0 0.28515625 0.0869140625 0.04296875 0.041015625
0 0.828125 0.1181640625 0.12109375 0.107421875