0 0.9482421875 0.98828125 0.025390625 0.0234375
0 0.6826171875 0.98828125 0.025390625 0.0234375
0 0.8720703125 0.986328125 0.029296875 0.02734375
0 0.767578125 0.95703125 0.02734375 0.03125
0 0.8544921875 0.943359375 0.025390625 0.03125
0 0.6484375 0.931640625 0.03125 0.03515625
0 0.9873046875 0.931640625 0.025390625 0.04296875
0 0.9287109375 0.9306640625 0.029296875 0.041015625
0 0.8193359375 0.904296875 0.025390625 0.02734375
0 0.7294921875 0.8935546875 0.025390625 0.025390625
0 0.623046875 0.8857421875 0.02734375 0.029296875
0 0.90234375 0.8818359375 0.0234375 0.025390625
0 0.892578125 0.8564453125 0.01953125 0.017578125
0 0.7763671875 0.8505859375 0.025390625 0.025390625
0 0.9501953125 0.8408203125 0.025390625 0.029296875
0 0.59765625 0.837890625 0.0234375 0.02734375
0 0.8798828125 0.8125 0.029296875 0.046875
0 0.810546875 0.80859375 0.0390625 0.0546875
0 0.5537109375 0.791015625 0.025390625 0.02734375
0 0.12109375 0.884765625 0.2421875 0.23046875
0 0.9130859375 0.7333984375 0.025390625 0.041015625
0 0.9892578125 0.7158203125 0.021484375 0.033203125
0 0.7392578125 0.7080078125 0.041015625 0.033203125
0 0.7998046875 0.6943359375 0.033203125 0.025390625
0 0.791015625 0.6806640625 0.03515625 0.025390625
0 0.6552734375 0.6806640625 0.025390625 0.025390625
0 0.779296875 0.6650390625 0.046875 0.037109375
0 0.6650390625 0.65234375 0.029296875 0.03515625
0 0.8740234375 0.6455078125 0.033203125 0.029296875
0 0.7666015625 0.650390625 0.052734375 0.0390625
0 0.6962890625 0.64453125 0.029296875 0.02734375
0 0.9814453125 0.6357421875 0.037109375 0.033203125
0 0.564453125 0.62890625 0.0234375 0.0234375
0 0.7490234375 0.6123046875 0.044921875 0.044921875
0 0.5419921875 0.603515625 0.033203125 0.03125
0 0.2958984375 0.716796875 0.298828125 0.26171875
0 0.720703125 0.5966796875 0.0234375 0.037109375
0 0.580078125 0.5810546875 0.01953125 0.017578125
0 0.85546875 0.580078125 0.03125 0.03515625
0 0.681640625 0.5791015625 0.03515625 0.033203125
0 0.9677734375 0.55859375 0.017578125 0.0234375
0 0.572265625 0.55859375 0.02734375 0.0234375
0 0.615234375 0.54296875 0.03125 0.03125
0 0.78125 0.5244140625 0.03515625 0.029296875
0 0.6376953125 0.4931640625 0.025390625 0.037109375
0 0.6904296875 0.435546875 0.029296875 0.0234375
0 0.8017578125 0.4306640625 0.037109375 0.025390625
0 0.87109375 0.3779296875 0.01953125 0.052734375
0 0.658203125 0.3662109375 0.03125 0.033203125
0 0.7490234375 0.359375 0.033203125 0.03125
0 0.7197265625 0.3515625 0.029296875 0.03125
0 0.6328125 0.31640625 0.03125 0.0390625
0 0.7080078125 0.2890625 0.033203125 0.0390625
0 0.7841796875 0.2412109375 0.041015625 0.044921875
0 0.638671875 0.2177734375 0.03515625 0.029296875
0 0.583984375 0.2216796875 0.03125 0.037109375
0 0.48828125 0.1953125 0.04296875 0.046875
0 0.6875 0.1806640625 0.0390625 0.033203125
0 0.99609375 0.1611328125 0.0078125 0.017578125
0 0.9765625 0.005859375 0.01953125 0.01171875