0 0.359375 0.9970703125 0.0078125 0.005859375
0 0.7548828125 0.9951171875 0.021484375 0.009765625
0 0.857421875 0.9931640625 0.0234375 0.013671875
0 0.8671875 0.9775390625 0.02734375 0.025390625
0 0.1416015625 0.982421875 0.025390625 0.03515625
0 0.791015625 0.98046875 0.02734375 0.03515625
0 0.9921875 0.98046875 0.015625 0.0390625
0 0.6298828125 0.97265625 0.052734375 0.0546875
0 0.890625 0.9580078125 0.03125 0.033203125
0 0.7392578125 0.95703125 0.037109375 0.03515625
0 0.1875 0.962890625 0.03515625 0.046875
0 0.6083984375 0.9423828125 0.041015625 0.037109375
0 0.2734375 0.9365234375 0.03125 0.025390625
0 0.0537109375 0.9345703125 0.037109375 0.041015625
0 0.3076171875 0.92578125 0.033203125 0.03125
0 0.9130859375 0.9296875 0.052734375 0.0546875
0 0.177734375 0.9111328125 0.03125 0.021484375
0 0.95703125 0.9140625 0.0234375 0.03125
0 0.703125 0.9140625 0.03515625 0.03515625
0 0.8427734375 0.9111328125 0.037109375 0.033203125
0 0.6064453125 0.9130859375 0.041015625 0.037109375
0 0.5634765625 0.9150390625 0.037109375 0.044921875
0 0.3720703125 0.904296875 0.052734375 0.0390625
0 0.7392578125 0.892578125 0.037109375 0.03515625
0 0.5908203125 0.8896484375 0.041015625 0.033203125
0 0.828125 0.8837890625 0.0390625 0.037109375
0 0.423828125 0.873046875 0.02734375 0.02734375
0 0.6533203125 0.8720703125 0.033203125 0.037109375
0 0.474609375 0.8701171875 0.04296875 0.037109375
0 0.8720703125 0.8642578125 0.033203125 0.037109375
0 0.9638671875 0.849609375 0.041015625 0.0234375
0 0.5185546875 0.85546875 0.044921875 0.03515625
0 0.685546875 0.853515625 0.0546875 0.05078125
0 0.8955078125 0.841796875 0.029296875 0.03515625
0 0.8046875 0.84765625 0.05078125 0.05078125
0 0.7216796875 0.8408203125 0.033203125 0.041015625
0 0.5302734375 0.8212890625 0.017578125 0.017578125
0 0.96875 0.82421875 0.0390625 0.02734375
0 0.9248046875 0.830078125 0.025390625 0.04296875
0 0.5537109375 0.8291015625 0.029296875 0.041015625
0 0.01953125 0.8193359375 0.03515625 0.025390625
0 0.77734375 0.810546875 0.03515625 0.03125
0 0.3251953125 0.8466796875 0.208984375 0.119140625
0 0.8251953125 0.802734375 0.029296875 0.03515625
0 0.8525390625 0.79296875 0.025390625 0.03515625
0 0.6474609375 0.79296875 0.033203125 0.03515625
0 0.46484375 0.791015625 0.06640625 0.04296875
0 0.146484375 0.7861328125 0.03125 0.033203125
0 0.876953125 0.7841796875 0.02734375 0.037109375
0 0.18359375 0.77734375 0.01953125 0.03125
0 0.90625 0.775390625 0.03125 0.0390625
0 0.0595703125 0.7685546875 0.029296875 0.041015625
0 0.9287109375 0.765625 0.029296875 0.0390625
0 0.271484375 0.759765625 0.03515625 0.02734375
0 0.1474609375 0.7529296875 0.017578125 0.021484375
0 0.7255859375 0.7626953125 0.103515625 0.048828125
0 0.5654296875 0.77734375 0.119140625 0.08984375
0 0.7958984375 0.74609375 0.037109375 0.03125
0 0.259765625 0.728515625 0.015625 0.01953125
0 0.1728515625 0.7265625 0.029296875 0.01953125
0 0.96875 0.759765625 0.0625 0.08984375
0 0.0517578125 0.7265625 0.033203125 0.02734375
0 0.69140625 0.7275390625 0.0859375 0.041015625
0 0.8251953125 0.7197265625 0.033203125 0.029296875
0 0.22265625 0.744140625 0.03515625 0.08203125
0 0.78515625 0.7099609375 0.0390625 0.029296875
0 0.1337890625 0.75 0.103515625 0.1171875
0 0.896484375 0.7060546875 0.08984375 0.052734375
0 0.0078125 0.689453125 0.015625 0.0234375
0 0.859375 0.685546875 0.0390625 0.03125
0 0.9677734375 0.677734375 0.037109375 0.03125
0 0.064453125 0.677734375 0.03515625 0.0390625
0 0.1298828125 0.66796875 0.025390625 0.03515625
0 0.171875 0.654296875 0.02734375 0.01953125
0 0.669921875 0.6552734375 0.0234375 0.033203125
0 0.0146484375 0.642578125 0.021484375 0.015625
0 0.4658203125 0.6435546875 0.029296875 0.021484375
0 0.5986328125 0.6591796875 0.119140625 0.076171875
0 0.7109375 0.6337890625 0.0625 0.056640625
0 0.7841796875 0.62109375 0.076171875 0.05078125
0 0.8564453125 0.6103515625 0.041015625 0.033203125
0 0.4599609375 0.603515625 0.025390625 0.01953125
0 0.490234375 0.599609375 0.02734375 0.01953125
0 0.3603515625 0.5986328125 0.025390625 0.017578125
0 0.0107421875 0.5927734375 0.021484375 0.044921875
0 0.0556640625 0.587890625 0.021484375 0.0390625
0 0.3837890625 0.578125 0.025390625 0.0234375
0 0.078125 0.583984375 0.0234375 0.0390625
0 0.0341796875 0.5830078125 0.021484375 0.041015625
0 0.1015625 0.5791015625 0.01953125 0.037109375
0 0.5908203125 0.5849609375 0.166015625 0.052734375
0 0.171875 0.5751953125 0.0546875 0.044921875
0 0.20703125 0.5732421875 0.0234375 0.044921875
0 0.130859375 0.5712890625 0.01953125 0.041015625
0 0.697265625 0.5654296875 0.0234375 0.033203125
0 0.2314453125 0.5693359375 0.025390625 0.044921875
0 0.9814453125 0.5693359375 0.037109375 0.048828125
0 0.4658203125 0.5615234375 0.048828125 0.033203125
0 0.25390625 0.5625 0.02734375 0.0390625
0 0.8984375 0.5771484375 0.06640625 0.072265625
0 0.5537109375 0.5517578125 0.037109375 0.025390625
0 0.75 0.5556640625 0.0625 0.048828125
0 0.5126953125 0.5537109375 0.048828125 0.044921875
0 0.2822265625 0.5537109375 0.029296875 0.044921875
0 0.58203125 0.541015625 0.0234375 0.03125
0 0.7978515625 0.5380859375 0.025390625 0.033203125
0 0.8203125 0.53125 0.01953125 0.0234375
0 0.32421875 0.544921875 0.04296875 0.05078125
0 0.3642578125 0.537109375 0.033203125 0.05078125
0 0.9033203125 0.5185546875 0.021484375 0.017578125
0 0.861328125 0.53125 0.05078125 0.046875
0 0.6259765625 0.5302734375 0.060546875 0.044921875
0 0.0078125 0.521484375 0.015625 0.02734375
0 0.6728515625 0.5224609375 0.041015625 0.041015625
0 0.0478515625 0.5078125 0.037109375 0.0390625
0 0.7138671875 0.505859375 0.029296875 0.0390625
0 0.744140625 0.4990234375 0.0234375 0.037109375
0 0.439453125 0.5078125 0.05078125 0.0546875
0 0.79296875 0.4892578125 0.01953125 0.033203125
0 0.771484375 0.4931640625 0.03125 0.041015625
0 0.0078125 0.4814453125 0.015625 0.021484375
0 0.0888671875 0.4873046875 0.037109375 0.037109375
0 0.50390625 0.490234375 0.03515625 0.046875
0 0.8212890625 0.482421875 0.037109375 0.046875
0 0.703125 0.47265625 0.0234375 0.03125
0 0.55859375 0.490234375 0.03515625 0.06640625
0 0.9931640625 0.462890625 0.013671875 0.02734375
0 0.0166015625 0.458984375 0.033203125 0.02734375
0 0.732421875 0.4609375 0.02734375 0.03515625
0 0.634765625 0.46875 0.08203125 0.0703125
0 0.0732421875 0.4462890625 0.025390625 0.025390625
0 0.0263671875 0.44140625 0.041015625 0.03125
0 0.630859375 0.4375 0.0234375 0.02734375
0 0.6845703125 0.423828125 0.033203125 0.04296875
0 0.1220703125 0.4208984375 0.033203125 0.037109375
0 0.7470703125 0.427734375 0.037109375 0.0546875
0 0.4580078125 0.423828125 0.037109375 0.046875
0 0.5009765625 0.41796875 0.033203125 0.0390625
0 0.0400390625 0.4150390625 0.044921875 0.041015625
0 0.828125 0.412109375 0.05078125 0.0390625
0 0.7802734375 0.4287109375 0.052734375 0.072265625
0 0.7177734375 0.4130859375 0.029296875 0.048828125
0 0.88671875 0.443359375 0.09375 0.12109375
0 0.140625 0.3779296875 0.03515625 0.037109375
0 0.802734375 0.376953125 0.046875 0.046875
0 0.0947265625 0.3720703125 0.037109375 0.041015625
0 0.5859375 0.3701171875 0.04296875 0.041015625
0 0.4921875 0.3642578125 0.03515625 0.033203125
0 0.619140625 0.3623046875 0.03125 0.037109375
0 0.65625 0.3525390625 0.03515625 0.033203125
0 0.8466796875 0.359375 0.056640625 0.0546875
0 0.1689453125 0.3525390625 0.037109375 0.041015625
0 0.544921875 0.3740234375 0.05078125 0.087890625
0 0.564453125 0.3388671875 0.01953125 0.021484375
0 0.4375 0.3515625 0.0546875 0.046875
0 0.0654296875 0.3525390625 0.041015625 0.048828125
0 0.685546875 0.345703125 0.03125 0.0390625
0 0.0361328125 0.33984375 0.037109375 0.046875
0 0.953125 0.3720703125 0.09375 0.115234375
0 0.4775390625 0.32421875 0.029296875 0.03515625
0 0.01171875 0.326171875 0.0234375 0.04296875
0 0.51171875 0.3125 0.03515625 0.03125
0 0.6796875 0.3076171875 0.0234375 0.025390625
0 0.205078125 0.314453125 0.046875 0.05078125
0 0.541015625 0.296875 0.01953125 0.02734375
0 0.3955078125 0.310546875 0.056640625 0.0546875
0 0.1748046875 0.29296875 0.041015625 0.03125
0 0.4296875 0.27734375 0.03125 0.03125
0 0.1337890625 0.2822265625 0.041015625 0.044921875
0 0.91796875 0.28515625 0.04296875 0.05859375
0 0.3232421875 0.271484375 0.037109375 0.03515625
0 0.4736328125 0.271484375 0.072265625 0.05078125
0 0.966796875 0.26171875 0.0625 0.03515625
0 0.275390625 0.2626953125 0.04296875 0.041015625
0 0.1005859375 0.2646484375 0.041015625 0.044921875
0 0.3662109375 0.24609375 0.041015625 0.0390625
0 0.232421875 0.2421875 0.03125 0.03515625
0 0.4638671875 0.240234375 0.029296875 0.03515625
0 0.0361328125 0.240234375 0.060546875 0.046875
0 0.6962890625 0.2822265625 0.287109375 0.138671875
0 0.1982421875 0.228515625 0.029296875 0.0390625
0 0.0029296875 0.208984375 0.005859375 0.0078125
0 0.3427734375 0.2197265625 0.037109375 0.037109375
0 0.1689453125 0.220703125 0.037109375 0.0390625
0 0.1162109375 0.2041015625 0.056640625 0.037109375
0 0.3037109375 0.1982421875 0.052734375 0.041015625
0 0.7255859375 0.193359375 0.103515625 0.0390625
0 0.5146484375 0.2060546875 0.103515625 0.068359375
0 0.2265625 0.1767578125 0.03125 0.029296875
0 0.0830078125 0.1767578125 0.029296875 0.044921875
0 0.2998046875 0.1640625 0.033203125 0.03125
0 0.703125 0.1591796875 0.03515625 0.037109375
0 0.19921875 0.1552734375 0.0234375 0.037109375
0 0.02734375 0.15625 0.04296875 0.04296875
0 0.171875 0.1513671875 0.03515625 0.044921875
0 0.1513671875 0.1435546875 0.025390625 0.041015625
0 0.8994140625 0.173828125 0.060546875 0.1171875
0 0.1298828125 0.1337890625 0.025390625 0.037109375
0 0.0390625 0.1259765625 0.03515625 0.025390625
0 0.2626953125 0.1259765625 0.037109375 0.041015625
0 0.0966796875 0.1181640625 0.033203125 0.041015625
0 0.2255859375 0.10546875 0.029296875 0.03515625
0 0.720703125 0.0908203125 0.0390625 0.025390625
0 0.427734375 0.1298828125 0.1171875 0.103515625
0 0.201171875 0.0966796875 0.02734375 0.037109375
0 0.0537109375 0.095703125 0.037109375 0.0390625
0 0.17578125 0.0849609375 0.02734375 0.044921875
0 0.3564453125 0.0830078125 0.072265625 0.072265625
0 0.1064453125 0.0625 0.033203125 0.03125
0 0.201171875 0.0498046875 0.04296875 0.033203125
0 0.0712890625 0.046875 0.033203125 0.03515625
0 0.0078125 0.041015625 0.015625 0.02734375
0 0.3203125 0.046875 0.03515625 0.04296875
0 0.974609375 0.05859375 0.05078125 0.0703125
0 0.5615234375 0.064453125 0.095703125 0.0859375
0 0.283203125 0.0283203125 0.02734375 0.029296875
0 0.0947265625 0.0263671875 0.029296875 0.025390625
0 0.953125 0.01171875 0.09375 0.0234375
0 0.8720703125 0.048828125 0.060546875 0.09765625
0 0.7734375 0.12109375 0.15625 0.2421875
0 0.2509765625 0.0166015625 0.037109375 0.033203125
0 0.212890625 0.013671875 0.02734375 0.02734375
0 0.1513671875 0.0380859375 0.041015625 0.076171875
0 0.103515625 0.005859375 0.03515625 0.01171875