0 0.076171875 0.9931640625 0.02734375 0.013671875
0 0.142578125 0.9921875 0.03515625 0.015625
0 0.001953125 0.9873046875 0.00390625 0.005859375
0 0.6552734375 0.9912109375 0.025390625 0.017578125
0 0.5693359375 0.9912109375 0.025390625 0.017578125
0 0.5009765625 0.9912109375 0.029296875 0.017578125
0 0.1787109375 0.9853515625 0.017578125 0.021484375
0 0.4404296875 0.986328125 0.033203125 0.02734375
0 0.083984375 0.9755859375 0.02734375 0.021484375
0 0.1552734375 0.9765625 0.033203125 0.02734375
0 0.3759765625 0.96875 0.025390625 0.0234375
0 0.6611328125 0.96484375 0.021484375 0.01953125
0 0.05859375 0.9638671875 0.01953125 0.017578125
0 0.0078125 0.96484375 0.015625 0.01953125
0 0.8125 0.9677734375 0.0234375 0.033203125
0 0.7421875 0.96875 0.0234375 0.03515625
0 0.58203125 0.962890625 0.02734375 0.0234375
0 0.521484375 0.9638671875 0.03125 0.025390625
0 0.8994140625 0.962890625 0.021484375 0.02734375
0 0.865234375 0.966796875 0.01953125 0.03515625
0 0.7783203125 0.9619140625 0.021484375 0.025390625
0 0.1943359375 0.958984375 0.017578125 0.01953125
0 0.9208984375 0.962890625 0.021484375 0.03125
0 0.994140625 0.9580078125 0.01171875 0.025390625
0 0.9765625 0.9599609375 0.01953125 0.029296875
0 0.9482421875 0.9658203125 0.029296875 0.041015625
0 0.44921875 0.9599609375 0.03515625 0.029296875
0 0.1669921875 0.953125 0.033203125 0.02734375
0 0.3896484375 0.9462890625 0.025390625 0.021484375
0 0.0205078125 0.943359375 0.029296875 0.0234375
0 0.591796875 0.9404296875 0.02734375 0.025390625
0 0.462890625 0.9365234375 0.03515625 0.029296875
0 0.66015625 0.9306640625 0.03125 0.021484375
0 0.5283203125 0.9306640625 0.041015625 0.033203125
0 0.337890625 0.9306640625 0.02734375 0.037109375
0 0.1787109375 0.9267578125 0.029296875 0.029296875
0 0.111328125 0.923828125 0.02734375 0.02734375
0 0.3115234375 0.919921875 0.029296875 0.03515625
0 0.0751953125 0.9130859375 0.033203125 0.033203125
0 0.6064453125 0.904296875 0.021484375 0.01953125
0 0.4697265625 0.908203125 0.025390625 0.02734375
0 0.283203125 0.9091796875 0.03125 0.037109375
0 0.12109375 0.9033203125 0.03125 0.029296875
0 0.865234375 0.896484375 0.01953125 0.01953125
0 0.1982421875 0.904296875 0.041015625 0.03515625
0 0.5419921875 0.90234375 0.041015625 0.03515625
0 0.7568359375 0.8984375 0.021484375 0.03125
0 0.7333984375 0.8984375 0.017578125 0.03125
0 0.416015625 0.89453125 0.02734375 0.0234375
0 0.7822265625 0.8955078125 0.017578125 0.033203125
0 0.26171875 0.8916015625 0.03125 0.029296875
0 0.0400390625 0.888671875 0.025390625 0.0234375
0 0.8330078125 0.8916015625 0.021484375 0.033203125
0 0.8076171875 0.892578125 0.017578125 0.03515625
0 0.9375 0.8876953125 0.01953125 0.029296875
0 0.490234375 0.880859375 0.02734375 0.0234375
0 0.619140625 0.8798828125 0.02734375 0.025390625
0 0.1357421875 0.87890625 0.029296875 0.0234375
0 0.978515625 0.8828125 0.0234375 0.03515625
0 0.42578125 0.875 0.0234375 0.0234375
0 0.8955078125 0.8818359375 0.021484375 0.041015625
0 0.5537109375 0.8740234375 0.041015625 0.033203125
0 0.6708984375 0.8662109375 0.044921875 0.021484375
0 0.365234375 0.8720703125 0.03125 0.037109375
0 0.2138671875 0.8681640625 0.033203125 0.029296875
0 0.748046875 0.8603515625 0.0390625 0.021484375
0 0.341796875 0.861328125 0.03125 0.03515625
0 0.4990234375 0.8544921875 0.033203125 0.025390625
0 0.1494140625 0.8544921875 0.029296875 0.029296875
0 0.310546875 0.8525390625 0.03125 0.033203125
0 0.068359375 0.845703125 0.03515625 0.03125
0 0.85546875 0.837890625 0.01953125 0.01953125
0 0.56640625 0.845703125 0.04296875 0.03515625
0 0.287109375 0.8349609375 0.02734375 0.033203125
0 0.16015625 0.8310546875 0.03125 0.029296875
0 0.677734375 0.8271484375 0.04296875 0.025390625
0 0.5068359375 0.8271484375 0.033203125 0.029296875
0 0.6416015625 0.828125 0.025390625 0.03515625
0 0.748046875 0.822265625 0.02734375 0.03515625
0 0.240234375 0.822265625 0.0390625 0.03515625
0 0.1171875 0.8134765625 0.01953125 0.017578125
0 0.08203125 0.8193359375 0.03515625 0.033203125
0 0.7744140625 0.8203125 0.021484375 0.0390625
0 0.013671875 0.8212890625 0.02734375 0.041015625
0 0.7998046875 0.8134765625 0.021484375 0.037109375
0 0.8251953125 0.8115234375 0.021484375 0.037109375
0 0.591796875 0.8095703125 0.03125 0.037109375
0 0.857421875 0.802734375 0.01953125 0.02734375
0 0.279296875 0.796875 0.015625 0.015625
0 0.1708984375 0.8017578125 0.041015625 0.033203125
0 0.9033203125 0.7998046875 0.017578125 0.033203125
0 0.9404296875 0.7958984375 0.025390625 0.037109375
0 0.2529296875 0.7919921875 0.037109375 0.029296875
0 0.09765625 0.791015625 0.03515625 0.02734375
0 0.9775390625 0.7919921875 0.037109375 0.041015625
0 0.5498046875 0.78515625 0.025390625 0.02734375
0 0.0224609375 0.787109375 0.033203125 0.03125
0 0.1865234375 0.77734375 0.025390625 0.0234375
0 0.671875 0.765625 0.02734375 0.01953125
0 0.53125 0.7705078125 0.02734375 0.029296875
0 0.107421875 0.7685546875 0.03515625 0.029296875
0 0.0361328125 0.7666015625 0.037109375 0.029296875
0 0.267578125 0.765625 0.0390625 0.03515625
0 0.16015625 0.7578125 0.01953125 0.01953125
0 0.197265625 0.7509765625 0.03515625 0.033203125
0 0.6689453125 0.73828125 0.021484375 0.01953125
0 0.6259765625 0.7431640625 0.025390625 0.029296875
0 0.12109375 0.744140625 0.03515625 0.03125
0 0.2802734375 0.7412109375 0.037109375 0.029296875
0 0.7890625 0.7353515625 0.01953125 0.021484375
0 0.048828125 0.740234375 0.03515625 0.03125
0 0.7353515625 0.740234375 0.021484375 0.03515625
0 0.8154296875 0.7314453125 0.021484375 0.021484375
0 0.83984375 0.7275390625 0.0234375 0.021484375
0 0.865234375 0.724609375 0.01953125 0.0234375
0 0.21484375 0.7236328125 0.02734375 0.025390625
0 0.8876953125 0.7197265625 0.021484375 0.025390625
0 0.75 0.712890625 0.01953125 0.015625
0 0.064453125 0.7158203125 0.02734375 0.025390625
0 0.001953125 0.705078125 0.00390625 0.00390625
0 0.373046875 0.7607421875 0.11328125 0.119140625
0 0.1396484375 0.72265625 0.044921875 0.04296875
0 0.5947265625 0.720703125 0.037109375 0.04296875
0 0.3056640625 0.7119140625 0.064453125 0.033203125
0 0.9404296875 0.69921875 0.041015625 0.01953125
0 0.658203125 0.7041015625 0.03125 0.029296875
0 0.5576171875 0.70703125 0.033203125 0.0390625
0 0.2255859375 0.701171875 0.033203125 0.02734375
0 0.7294921875 0.693359375 0.021484375 0.0234375
0 0.2998046875 0.6904296875 0.017578125 0.017578125
0 0.181640625 0.6884765625 0.01953125 0.017578125
0 0.1435546875 0.69140625 0.025390625 0.0234375
0 0.072265625 0.6943359375 0.0390625 0.029296875
0 0.5849609375 0.6845703125 0.021484375 0.017578125
0 0.005859375 0.6865234375 0.01171875 0.021484375
0 0.0380859375 0.6845703125 0.029296875 0.021484375
0 0.5224609375 0.6845703125 0.033203125 0.044921875
0 0.236328125 0.673828125 0.0390625 0.03125
0 0.3330078125 0.671875 0.033203125 0.0390625
0 0.1572265625 0.6689453125 0.037109375 0.033203125
0 0.7236328125 0.6640625 0.021484375 0.02734375
0 0.474609375 0.666015625 0.02734375 0.03125
0 0.6484375 0.658203125 0.03125 0.02734375
0 0.61328125 0.6572265625 0.0234375 0.025390625
0 0.0126953125 0.66015625 0.025390625 0.03125
0 0.3115234375 0.662109375 0.033203125 0.0390625
0 0.5 0.650390625 0.0234375 0.01953125
0 0.9560546875 0.65625 0.029296875 0.03515625
0 0.171875 0.64453125 0.03515625 0.02734375
0 0.09375 0.642578125 0.04296875 0.03515625
0 0.0595703125 0.626953125 0.013671875 0.015625
0 0.2607421875 0.634765625 0.029296875 0.03515625
0 0.4521484375 0.623046875 0.013671875 0.015625
0 0.181640625 0.623046875 0.01953125 0.01953125
0 0.6435546875 0.6220703125 0.029296875 0.025390625
0 0.1123046875 0.623046875 0.029296875 0.02734375
0 0.7158203125 0.6201171875 0.021484375 0.029296875
0 0.4150390625 0.6298828125 0.056640625 0.048828125
0 0.7412109375 0.6162109375 0.025390625 0.025390625
0 0.23828125 0.6220703125 0.03125 0.037109375
0 0.548828125 0.619140625 0.02734375 0.03515625
0 0.9482421875 0.6083984375 0.017578125 0.017578125
0 0.515625 0.6142578125 0.0234375 0.029296875
0 0.7724609375 0.6123046875 0.025390625 0.029296875
0 0.029296875 0.611328125 0.0390625 0.03125
0 0.802734375 0.6044921875 0.0234375 0.021484375
0 0.8330078125 0.6025390625 0.025390625 0.029296875
0 0.3505859375 0.59765625 0.021484375 0.0234375
0 0.12109375 0.59375 0.015625 0.015625
0 0.8623046875 0.5966796875 0.021484375 0.029296875
0 0.60546875 0.591796875 0.01953125 0.02734375
0 0.8916015625 0.591796875 0.021484375 0.03125
0 0.4912109375 0.59765625 0.033203125 0.04296875
0 0.326171875 0.587890625 0.02734375 0.02734375
0 0.19140625 0.59375 0.03125 0.0390625
0 0.634765625 0.583984375 0.02734375 0.0234375
0 0.9326171875 0.5849609375 0.021484375 0.033203125
0 0.458984375 0.587890625 0.046875 0.04296875
0 0.9931640625 0.578125 0.013671875 0.02734375
0 0.966796875 0.5791015625 0.0234375 0.033203125
0 0.4208984375 0.5751953125 0.029296875 0.025390625
0 0.5595703125 0.5732421875 0.025390625 0.025390625
0 0.3046875 0.57421875 0.0234375 0.02734375
0 0.5986328125 0.5673828125 0.017578125 0.017578125
0 0.140625 0.5654296875 0.02734375 0.029296875
0 0.283203125 0.5615234375 0.0234375 0.025390625
0 0.044921875 0.5625 0.03125 0.02734375
0 0.36328125 0.556640625 0.02734375 0.0234375
0 0.4306640625 0.5517578125 0.025390625 0.021484375
0 0.2578125 0.548828125 0.0234375 0.0234375
0 0.62890625 0.546875 0.03125 0.0234375
0 0.560546875 0.546875 0.03515625 0.0234375
0 0.115234375 0.5546875 0.03515625 0.0390625
0 0.3388671875 0.5361328125 0.017578125 0.013671875
0 0.0029296875 0.5341796875 0.005859375 0.009765625
0 0.375 0.5341796875 0.02734375 0.025390625
0 0.234375 0.537109375 0.02734375 0.03125
0 0.08984375 0.5419921875 0.03125 0.041015625
0 0.7431640625 0.5322265625 0.025390625 0.033203125
0 0.5546875 0.5224609375 0.03515625 0.025390625
0 0.2138671875 0.5244140625 0.025390625 0.029296875
0 0.0673828125 0.5234375 0.025390625 0.02734375
0 0.783203125 0.5166015625 0.0234375 0.021484375
0 0.7021484375 0.53125 0.025390625 0.05078125
0 0.814453125 0.5166015625 0.03515625 0.037109375
0 0.4873046875 0.5185546875 0.033203125 0.041015625
0 0.3828125 0.5107421875 0.02734375 0.025390625
0 0.625 0.509765625 0.03125 0.02734375
0 0.4541015625 0.5029296875 0.025390625 0.025390625
0 0.998046875 0.4951171875 0.00390625 0.013671875
0 0.892578125 0.5068359375 0.03125 0.037109375
0 0.97265625 0.498046875 0.03125 0.02734375
0 0.7275390625 0.4912109375 0.017578125 0.021484375
0 0.5693359375 0.4892578125 0.017578125 0.017578125
0 0.1669921875 0.4951171875 0.025390625 0.029296875
0 0.9345703125 0.4970703125 0.021484375 0.037109375
0 0.392578125 0.490234375 0.03125 0.0234375
0 0.013671875 0.494140625 0.02734375 0.03125
0 0.234375 0.4892578125 0.02734375 0.029296875
0 0.001953125 0.4775390625 0.00390625 0.009765625
0 0.693359375 0.4814453125 0.02734375 0.021484375
0 0.8095703125 0.4765625 0.029296875 0.0234375
0 0.8857421875 0.4677734375 0.017578125 0.013671875
0 0.17578125 0.46875 0.015625 0.015625
0 0.1455078125 0.4794921875 0.029296875 0.037109375
0 0.615234375 0.4716796875 0.03515625 0.025390625
0 0.548828125 0.4716796875 0.03515625 0.025390625
0 0.4033203125 0.466796875 0.029296875 0.02734375
0 0.24609375 0.466796875 0.03125 0.02734375
0 0.1240234375 0.46875 0.029296875 0.0390625
0 0.935546875 0.44921875 0.015625 0.01171875
0 0.189453125 0.4501953125 0.0234375 0.021484375
0 0.3115234375 0.4453125 0.017578125 0.015625
0 0.0986328125 0.455078125 0.033203125 0.0390625
0 0.54296875 0.4443359375 0.03125 0.021484375
0 0.2578125 0.4462890625 0.03125 0.025390625
0 0.744140625 0.447265625 0.0234375 0.03125
0 0.8056640625 0.4404296875 0.025390625 0.021484375
0 0.48046875 0.453125 0.03515625 0.046875
0 0.4091796875 0.443359375 0.037109375 0.02734375
0 0.908203125 0.4375 0.01953125 0.01953125
0 0.609375 0.439453125 0.03125 0.0234375
0 0.140625 0.435546875 0.015625 0.015625
0 0.693359375 0.4365234375 0.04296875 0.025390625
0 0.8779296875 0.431640625 0.029296875 0.0234375
0 0.1982421875 0.431640625 0.025390625 0.0234375
0 0.576171875 0.419921875 0.01953125 0.01953125
0 0.5400390625 0.421875 0.033203125 0.02734375
0 0.26953125 0.4228515625 0.02734375 0.029296875
0 0.0361328125 0.4248046875 0.025390625 0.033203125
0 0.990234375 0.4365234375 0.01953125 0.060546875
0 0.1201171875 0.4189453125 0.025390625 0.025390625
0 0.2099609375 0.41015625 0.025390625 0.0234375
0 0.0087890625 0.412109375 0.017578125 0.03125
0 0.6044921875 0.4013671875 0.033203125 0.021484375
0 0.279296875 0.400390625 0.02734375 0.02734375
0 0.130859375 0.3974609375 0.0234375 0.021484375
0 0.869140625 0.3955078125 0.0234375 0.021484375
0 0.2216796875 0.388671875 0.021484375 0.01953125
0 0.0234375 0.3857421875 0.015625 0.017578125
0 0.99609375 0.3779296875 0.0078125 0.013671875
0 0.2998046875 0.384765625 0.037109375 0.02734375
0 0.068359375 0.380859375 0.02734375 0.0234375
0 0.8310546875 0.3798828125 0.025390625 0.029296875
0 0.791015625 0.376953125 0.0234375 0.03125
0 0.75 0.3740234375 0.0234375 0.025390625
0 0.5986328125 0.37109375 0.033203125 0.01953125
0 0.533203125 0.3837890625 0.03515625 0.044921875
0 0.140625 0.3740234375 0.02734375 0.025390625
0 0.2294921875 0.369140625 0.021484375 0.0234375
0 0.0322265625 0.3603515625 0.025390625 0.025390625
0 0.71484375 0.36328125 0.0234375 0.03515625
0 0.6728515625 0.361328125 0.025390625 0.03515625
0 0.08203125 0.35546875 0.02734375 0.0234375
0 0.1533203125 0.3525390625 0.029296875 0.021484375
0 0.978515625 0.357421875 0.0390625 0.04296875
0 0.7705078125 0.3447265625 0.017578125 0.017578125
0 0.5361328125 0.34765625 0.037109375 0.0234375
0 0.240234375 0.3447265625 0.02734375 0.025390625
0 0.8427734375 0.3369140625 0.021484375 0.017578125
0 0.599609375 0.33984375 0.02734375 0.0234375
0 0.1953125 0.3330078125 0.015625 0.017578125
0 0.1640625 0.33203125 0.02734375 0.0234375
0 0.0927734375 0.3291015625 0.029296875 0.025390625
0 0.9375 0.3310546875 0.03125 0.037109375
0 0.2490234375 0.32421875 0.029296875 0.0234375
0 0.54296875 0.3212890625 0.0390625 0.029296875
0 0.0029296875 0.3095703125 0.005859375 0.009765625
0 0.8173828125 0.31640625 0.029296875 0.02734375
0 0.208984375 0.3076171875 0.015625 0.013671875
0 0.0498046875 0.3134765625 0.025390625 0.025390625
0 0.908203125 0.3173828125 0.03125 0.037109375
0 0.171875 0.3095703125 0.02734375 0.021484375
0 0.5966796875 0.310546875 0.044921875 0.03125
0 0.26171875 0.3017578125 0.02734375 0.021484375
0 0.1064453125 0.3017578125 0.025390625 0.025390625
0 0.7802734375 0.2998046875 0.029296875 0.025390625
0 0.5517578125 0.298828125 0.033203125 0.02734375
0 0.216796875 0.287109375 0.01953125 0.015625
0 0.8701171875 0.294921875 0.029296875 0.03515625
0 0.1845703125 0.2880859375 0.025390625 0.021484375
0 0.6884765625 0.2890625 0.037109375 0.03125
0 0.0869140625 0.2802734375 0.017578125 0.013671875
0 0.0634765625 0.2861328125 0.025390625 0.025390625
0 0.2734375 0.28125 0.0234375 0.0234375
0 0.1181640625 0.279296875 0.025390625 0.0234375
0 0.986328125 0.283203125 0.02734375 0.03515625
0 0.7412109375 0.2734375 0.029296875 0.0234375
0 0.626953125 0.26953125 0.03125 0.02734375
0 0.5615234375 0.2685546875 0.025390625 0.025390625
0 0.1953125 0.2666015625 0.02734375 0.025390625
0 0.12890625 0.259765625 0.02734375 0.0234375
0 0.0185546875 0.2607421875 0.021484375 0.025390625
0 0.283203125 0.2578125 0.0234375 0.0234375
0 0.0771484375 0.2587890625 0.025390625 0.025390625
0 0.7978515625 0.2578125 0.029296875 0.03515625
0 0.6982421875 0.2578125 0.037109375 0.03515625
0 0.9345703125 0.25390625 0.033203125 0.0390625
0 0.236328125 0.2431640625 0.015625 0.017578125
0 0.2041015625 0.2421875 0.025390625 0.0234375
0 0.771484375 0.2421875 0.0234375 0.03125
0 0.5732421875 0.2412109375 0.033203125 0.033203125
0 0.2958984375 0.2353515625 0.025390625 0.021484375
0 0.0205078125 0.2294921875 0.017578125 0.017578125
0 0.8994140625 0.2373046875 0.029296875 0.037109375
0 0.748046875 0.2333984375 0.03125 0.037109375
0 0.1416015625 0.2265625 0.025390625 0.0234375
0 0.9345703125 0.220703125 0.033203125 0.0234375
0 0.21484375 0.220703125 0.02734375 0.0234375
0 0.3056640625 0.21484375 0.025390625 0.0234375
0 0.0400390625 0.2099609375 0.021484375 0.021484375
0 0.7138671875 0.21484375 0.029296875 0.03515625
0 0.1015625 0.2080078125 0.0234375 0.021484375
0 0.1513671875 0.201171875 0.021484375 0.01953125
0 0.8662109375 0.2119140625 0.037109375 0.048828125
0 0.2255859375 0.197265625 0.025390625 0.0234375
0 0.8369140625 0.2021484375 0.033203125 0.037109375
0 0.310546875 0.1923828125 0.03515625 0.025390625
0 0.111328125 0.1884765625 0.0234375 0.021484375
0 0.0126953125 0.1904296875 0.025390625 0.033203125
0 0.814453125 0.1904296875 0.03125 0.037109375
0 0.9033203125 0.1826171875 0.029296875 0.025390625
0 0.990234375 0.1767578125 0.01953125 0.025390625
0 0.236328125 0.17578125 0.0234375 0.0234375
0 0.7890625 0.1787109375 0.0234375 0.037109375
0 0.3271484375 0.169921875 0.033203125 0.02734375
0 0.0615234375 0.166015625 0.025390625 0.0234375
0 0.76171875 0.16796875 0.02734375 0.03125
0 0.2451171875 0.1591796875 0.025390625 0.021484375
0 0.125 0.15625 0.02734375 0.0234375
0 0.9375 0.1591796875 0.0234375 0.033203125
0 0.1787109375 0.1494140625 0.021484375 0.021484375
0 0.3369140625 0.1474609375 0.025390625 0.021484375
0 0.7392578125 0.15234375 0.037109375 0.0390625
0 0.3095703125 0.1396484375 0.017578125 0.017578125
0 0.2548828125 0.13671875 0.025390625 0.01953125
0 0.13671875 0.13671875 0.0234375 0.01953125
0 0.0771484375 0.1357421875 0.025390625 0.021484375
0 0.8740234375 0.13671875 0.025390625 0.03515625
0 0.712890625 0.1376953125 0.03515625 0.037109375
0 0.3486328125 0.126953125 0.021484375 0.01953125
0 0.1904296875 0.1259765625 0.025390625 0.021484375
0 0.8525390625 0.1279296875 0.025390625 0.037109375
0 0.2685546875 0.115234375 0.025390625 0.0234375
0 0.8291015625 0.1162109375 0.029296875 0.033203125
0 0.0869140625 0.109375 0.029296875 0.0234375
0 0.361328125 0.107421875 0.02734375 0.0234375
0 0.1513671875 0.107421875 0.025390625 0.0234375
0 0.806640625 0.1083984375 0.02734375 0.033203125
0 0.6435546875 0.1064453125 0.021484375 0.033203125
0 0.205078125 0.1015625 0.02734375 0.0234375
0 0.6826171875 0.1142578125 0.037109375 0.056640625
0 0.06640625 0.0908203125 0.015625 0.017578125
0 0.78515625 0.0986328125 0.02734375 0.037109375
0 0.27734375 0.0927734375 0.0234375 0.025390625
0 0.1015625 0.0859375 0.02734375 0.02734375
0 0.7626953125 0.0888671875 0.029296875 0.037109375
0 0.3720703125 0.0830078125 0.025390625 0.025390625
0 0.3193359375 0.080078125 0.017578125 0.01953125
0 0.1630859375 0.08203125 0.025390625 0.0234375
0 0.212890625 0.0751953125 0.02734375 0.025390625
0 0.7412109375 0.0791015625 0.029296875 0.037109375
0 0.2880859375 0.0703125 0.025390625 0.0234375
0 0.9111328125 0.07421875 0.025390625 0.03515625
0 0.6689453125 0.0712890625 0.037109375 0.029296875
0 0.1123046875 0.0654296875 0.025390625 0.021484375
0 0.37890625 0.0615234375 0.01953125 0.017578125
0 0.0712890625 0.06640625 0.033203125 0.02734375
0 0.7177734375 0.06640625 0.025390625 0.03125
0 0.171875 0.0625 0.02734375 0.0234375
0 0.888671875 0.0654296875 0.02734375 0.033203125
0 0.0419921875 0.0576171875 0.025390625 0.025390625
0 0.5859375 0.06640625 0.03125 0.05078125
0 0.865234375 0.056640625 0.02734375 0.03515625
0 0.298828125 0.048828125 0.02734375 0.0234375
0 0.6826171875 0.0478515625 0.041015625 0.029296875
0 0.541015625 0.0498046875 0.02734375 0.033203125
0 0.9853515625 0.0498046875 0.029296875 0.037109375
0 0.017578125 0.04296875 0.0234375 0.0234375
0 0.39453125 0.0439453125 0.0234375 0.029296875
0 0.9375 0.03515625 0.01953125 0.01953125
0 0.84375 0.04296875 0.02734375 0.03515625
0 0.228515625 0.037109375 0.02734375 0.02734375
0 0.822265625 0.03515625 0.03125 0.03515625
0 0.353515625 0.037109375 0.05078125 0.0390625
0 0.6259765625 0.0341796875 0.029296875 0.037109375
0 0.4931640625 0.025390625 0.029296875 0.03515625
0 0.798828125 0.0244140625 0.02734375 0.037109375
0 0.3447265625 0.017578125 0.025390625 0.0234375
0 0.1962890625 0.0244140625 0.037109375 0.041015625
0 0.884765625 0.005859375 0.01953125 0.01171875
0 0.77734375 0.0166015625 0.02734375 0.033203125
0 0.7529296875 0.01171875 0.025390625 0.0234375
0 0.71875 0.0029296875 0.0078125 0.005859375
0 0.5947265625 0.0205078125 0.048828125 0.041015625
0 0.5625 0.01171875 0.02734375 0.0234375
0 0.5390625 0.0068359375 0.0234375 0.013671875
0 0.5244140625 0.013671875 0.025390625 0.02734375
0 0.470703125 0.015625 0.03125 0.03125
0 0.4453125 0.009765625 0.02734375 0.01953125
0 0.4150390625 0.0029296875 0.013671875 0.005859375
0 0.3154296875 0.0087890625 0.025390625 0.017578125
0 0.2490234375 0.013671875 0.025390625 0.02734375
0 0.2138671875 0.0029296875 0.009765625 0.005859375
0 0.091796875 0.0048828125 0.01953125 0.009765625
0 0.048828125 0.0048828125 0.01953125 0.009765625