0 0.357421875 0.99609375 0.015625 0.0078125
0 0.103515625 0.9931640625 0.046875 0.013671875
0 0.037109375 0.9912109375 0.015625 0.013671875
0 0.9970703125 0.939453125 0.005859375 0.0078125
0 0.2275390625 0.9287109375 0.041015625 0.037109375
0 0.1015625 0.9345703125 0.078125 0.052734375
0 0.9892578125 0.9130859375 0.021484375 0.025390625
0 0.9736328125 0.8896484375 0.017578125 0.017578125
0 0.9951171875 0.8232421875 0.009765625 0.017578125
0 0.34375 0.8017578125 0.04296875 0.025390625
0 0.23046875 0.83984375 0.0546875 0.11328125
0 0.9873046875 0.79296875 0.025390625 0.03515625
0 0.787109375 0.7861328125 0.01953125 0.021484375
0 0.306640625 0.8056640625 0.05078125 0.080078125
0 0.8818359375 0.76953125 0.021484375 0.0234375
0 0.9609375 0.7578125 0.03125 0.03515625
0 0.8583984375 0.7392578125 0.029296875 0.025390625
0 0.26953125 0.7333984375 0.01953125 0.021484375
0 0.9306640625 0.724609375 0.033203125 0.03515625
0 0.8349609375 0.7119140625 0.029296875 0.025390625
0 0.9072265625 0.6953125 0.025390625 0.02734375
0 0.0048828125 0.693359375 0.009765625 0.0234375
0 0.994140625 0.6826171875 0.01171875 0.017578125
0 0.8076171875 0.6875 0.033203125 0.03125
0 0.8916015625 0.6748046875 0.025390625 0.025390625
0 0.873046875 0.650390625 0.0234375 0.0234375
0 0.98046875 0.6484375 0.02734375 0.02734375
0 0.8525390625 0.6240234375 0.025390625 0.025390625
0 0.9560546875 0.6201171875 0.025390625 0.025390625
0 0.830078125 0.5986328125 0.02734375 0.025390625
0 0.9326171875 0.5888671875 0.037109375 0.029296875
0 0.923828125 0.5673828125 0.0234375 0.021484375
0 0.9912109375 0.5634765625 0.017578125 0.025390625
0 0.8427734375 0.5615234375 0.025390625 0.025390625
0 0.9052734375 0.5439453125 0.025390625 0.021484375
0 0.8818359375 0.5234375 0.033203125 0.03125
0 0.96875 0.5185546875 0.02734375 0.033203125
0 0.3740234375 0.5029296875 0.037109375 0.033203125
0 0.939453125 0.4833984375 0.03125 0.029296875
0 0.38671875 0.4697265625 0.0390625 0.037109375
0 0.1572265625 0.6533203125 0.201171875 0.408203125
0 0.9697265625 0.4560546875 0.017578125 0.017578125
0 0.9208984375 0.458984375 0.025390625 0.0234375
0 0.4033203125 0.44921875 0.029296875 0.0234375
0 0.330078125 0.4453125 0.0390625 0.0390625
0 0.4921875 0.4404296875 0.05078125 0.033203125
0 0.8984375 0.4267578125 0.0234375 0.025390625
0 0.4140625 0.427734375 0.03125 0.03125
0 0.341796875 0.4150390625 0.046875 0.041015625
0 0.8125 0.3896484375 0.01171875 0.013671875
0 0.5576171875 0.4013671875 0.033203125 0.037109375
0 0.439453125 0.3984375 0.03515625 0.03125
0 0.9248046875 0.388671875 0.025390625 0.0234375
0 0.361328125 0.388671875 0.0390625 0.03515625
0 0.984375 0.3720703125 0.03125 0.029296875
0 0.5048828125 0.384765625 0.044921875 0.0546875
0 0.015625 0.388671875 0.03125 0.0703125
0 0.455078125 0.3701171875 0.0390625 0.037109375
0 0.611328125 0.3681640625 0.02734375 0.037109375
0 0.3798828125 0.3583984375 0.041015625 0.037109375
0 0.46875 0.3466796875 0.03515625 0.037109375
0 0.9609375 0.33984375 0.03125 0.04296875
0 0.6083984375 0.3076171875 0.029296875 0.025390625
0 0.5712890625 0.326171875 0.037109375 0.0703125
0 0.6689453125 0.3046875 0.033203125 0.03515625
0 0.494140625 0.3017578125 0.03125 0.029296875
0 0.40625 0.3125 0.0625 0.05078125
0 0.642578125 0.2861328125 0.02734375 0.033203125
0 0.38671875 0.287109375 0.03515625 0.03515625
0 0.5166015625 0.2783203125 0.025390625 0.025390625
0 0.9931640625 0.2744140625 0.013671875 0.025390625
0 0.3525390625 0.2783203125 0.041015625 0.037109375
0 0.7275390625 0.2626953125 0.033203125 0.033203125
0 0.4375 0.2578125 0.046875 0.03515625
0 0.583984375 0.2548828125 0.03125 0.037109375
0 0.52734375 0.2529296875 0.03515625 0.033203125
0 0.69921875 0.25 0.02734375 0.03125
0 0.4580078125 0.240234375 0.025390625 0.0234375
0 0.669921875 0.2353515625 0.02734375 0.025390625
0 0.4326171875 0.2197265625 0.021484375 0.021484375
0 0.548828125 0.2216796875 0.0390625 0.033203125
0 0.462890625 0.2197265625 0.03515625 0.029296875
0 0.373046875 0.2138671875 0.01953125 0.021484375
0 0.7109375 0.2080078125 0.01953125 0.017578125
0 0.3955078125 0.2177734375 0.029296875 0.037109375
0 0.6494140625 0.2138671875 0.037109375 0.041015625
0 0.419921875 0.1982421875 0.01953125 0.017578125
0 0.47265625 0.201171875 0.02734375 0.02734375
0 0.6240234375 0.2021484375 0.033203125 0.037109375
0 0.6875 0.1875 0.015625 0.01953125
0 0.7763671875 0.1884765625 0.056640625 0.037109375
0 0.4853515625 0.1806640625 0.044921875 0.033203125
0 0.666015625 0.171875 0.0234375 0.0234375
0 0.5576171875 0.1728515625 0.025390625 0.029296875
0 0.7470703125 0.171875 0.029296875 0.03515625
0 0.4072265625 0.1650390625 0.025390625 0.025390625
0 0.7236328125 0.1591796875 0.029296875 0.037109375
0 0.576171875 0.1484375 0.02734375 0.02734375
0 0.419921875 0.13671875 0.02734375 0.0234375
0 0.6962890625 0.1416015625 0.025390625 0.037109375
0 0.6015625 0.126953125 0.0390625 0.03125
0 0.673828125 0.1240234375 0.03125 0.033203125
0 0.52734375 0.1181640625 0.02734375 0.025390625
0 0.6533203125 0.11328125 0.021484375 0.0234375
0 0.421875 0.1083984375 0.02734375 0.025390625
0 0.37109375 0.1044921875 0.01953125 0.017578125
0 0.7919921875 0.1171875 0.080078125 0.05859375
0 0.7421875 0.09375 0.03125 0.03515625
0 0.6162109375 0.08984375 0.037109375 0.03515625
0 0.8603515625 0.083984375 0.025390625 0.02734375
0 0.4423828125 0.0771484375 0.029296875 0.033203125
0 0.375 0.07421875 0.02734375 0.03125
0 0.4775390625 0.068359375 0.029296875 0.02734375
0 0.556640625 0.0625 0.03125 0.03125
0 0.8671875 0.04296875 0.02734375 0.02734375
0 0.458984375 0.044921875 0.02734375 0.03125
0 0.3857421875 0.04296875 0.033203125 0.02734375
0 0.8349609375 0.0341796875 0.029296875 0.025390625
0 0.5078125 0.0439453125 0.04296875 0.044921875
0 0.39453125 0.0244140625 0.0234375 0.025390625
0 0.3681640625 0.015625 0.017578125 0.015625
0 0.80859375 0.015625 0.0234375 0.0234375
0 0.7783203125 0.0087890625 0.029296875 0.017578125
0 0.74609375 0.0068359375 0.02734375 0.013671875
0 0.689453125 0.013671875 0.05859375 0.02734375
0 0.56640625 0.0146484375 0.0625 0.029296875
0 0.4091796875 0.0068359375 0.025390625 0.013671875
0 0.0048828125 0.0078125 0.009765625 0.015625