0 0.693359375 0.998046875 0.00390625 0.00390625
0 0.0087890625 0.9931640625 0.017578125 0.013671875
0 0.126953125 0.9912109375 0.0234375 0.017578125
0 0.404296875 0.990234375 0.02734375 0.01953125
0 0.08203125 0.9853515625 0.03125 0.029296875
0 0.376953125 0.984375 0.02734375 0.03125
0 0.337890625 0.978515625 0.03515625 0.02734375
0 0.0146484375 0.9619140625 0.029296875 0.025390625
0 0.5400390625 0.9462890625 0.037109375 0.021484375
0 0.466796875 0.94921875 0.02734375 0.03125
0 0.205078125 0.9453125 0.03515625 0.02734375
0 0.4072265625 0.9345703125 0.029296875 0.033203125
0 0.1689453125 0.9189453125 0.021484375 0.021484375
0 0.142578125 0.921875 0.03125 0.03515625
0 0.30859375 0.921875 0.0546875 0.0390625
0 0.08984375 0.9130859375 0.03515625 0.025390625
0 0.56640625 0.9013671875 0.0390625 0.021484375
0 0.22265625 0.8955078125 0.0234375 0.029296875
0 0.01953125 0.89453125 0.0390625 0.02734375
0 0.3486328125 0.8935546875 0.056640625 0.029296875
0 0.57421875 0.8544921875 0.02734375 0.021484375
0 0.568359375 0.828125 0.03515625 0.02734375
0 0.2392578125 0.81640625 0.029296875 0.04296875
0 0.80078125 0.82421875 0.05078125 0.0625
0 0.5986328125 0.791015625 0.037109375 0.01953125
0 0.9599609375 0.802734375 0.041015625 0.05078125
0 0.5048828125 0.791015625 0.064453125 0.05078125
0 0.201171875 0.7744140625 0.015625 0.017578125
0 0.1064453125 0.78125 0.072265625 0.046875
0 0.72265625 0.7861328125 0.05859375 0.060546875
0 0.44140625 0.7978515625 0.046875 0.103515625
0 0.6123046875 0.76171875 0.021484375 0.03515625
0 0.240234375 0.7607421875 0.04296875 0.037109375
0 0.3388671875 0.7705078125 0.041015625 0.064453125
0 0.1826171875 0.7451171875 0.025390625 0.029296875
0 0.2578125 0.736328125 0.0234375 0.015625
0 0.0458984375 0.7236328125 0.021484375 0.025390625
0 0.0087890625 0.7197265625 0.017578125 0.025390625
0 0.2255859375 0.67578125 0.021484375 0.0234375
0 0.44921875 0.6796875 0.03125 0.0390625
0 0.2568359375 0.673828125 0.025390625 0.03515625
0 0.2822265625 0.6572265625 0.029296875 0.021484375
0 0.142578125 0.662109375 0.06640625 0.03125
0 0.4189453125 0.6669921875 0.029296875 0.048828125
0 0.3681640625 0.6650390625 0.029296875 0.048828125
0 0.6552734375 0.66796875 0.041015625 0.05859375
0 0.0771484375 0.65234375 0.033203125 0.03125
0 0.505859375 0.6533203125 0.03515625 0.048828125
0 0.0361328125 0.63671875 0.025390625 0.03515625
0 0.2880859375 0.6279296875 0.025390625 0.029296875
0 0.3740234375 0.591796875 0.037109375 0.03515625
0 0.6240234375 0.5888671875 0.048828125 0.052734375
0 0.296875 0.5634765625 0.0234375 0.025390625
0 0.2421875 0.548828125 0.03125 0.02734375
0 0.375 0.5458984375 0.03125 0.025390625
0 0.2060546875 0.5517578125 0.025390625 0.037109375
0 0.1513671875 0.53125 0.037109375 0.02734375
0 0.3798828125 0.5146484375 0.033203125 0.017578125
0 0.111328125 0.517578125 0.02734375 0.0234375
0 0.0615234375 0.5029296875 0.037109375 0.029296875
0 0.296875 0.4990234375 0.02734375 0.029296875
0 0.421875 0.490234375 0.03125 0.0234375
0 0.220703125 0.4677734375 0.046875 0.033203125
0 0.384765625 0.462890625 0.0234375 0.02734375
0 0.1748046875 0.4580078125 0.029296875 0.029296875
0 0.1396484375 0.443359375 0.025390625 0.02734375
0 0.28125 0.4462890625 0.05859375 0.037109375
0 0.4873046875 0.4384765625 0.021484375 0.025390625
0 0.076171875 0.4248046875 0.03515625 0.025390625
0 0.109375 0.4306640625 0.0234375 0.041015625
0 0.8017578125 0.4150390625 0.009765625 0.021484375
0 0.3896484375 0.41796875 0.033203125 0.03125
0 0.7060546875 0.466796875 0.123046875 0.19921875
0 0.275390625 0.37890625 0.03125 0.02734375
0 0.5029296875 0.3740234375 0.033203125 0.021484375
0 0.4560546875 0.361328125 0.033203125 0.02734375
0 0.2978515625 0.33984375 0.013671875 0.01953125
0 0.419921875 0.349609375 0.03515625 0.05078125
0 0.4990234375 0.3134765625 0.029296875 0.037109375
0 0.310546875 0.3095703125 0.03125 0.029296875
0 0.2431640625 0.302734375 0.025390625 0.0234375
0 0.00390625 0.298828125 0.0078125 0.015625
0 0.794921875 0.3017578125 0.02734375 0.029296875
0 0.220703125 0.2890625 0.02734375 0.03515625
0 0.39453125 0.2783203125 0.02734375 0.017578125
0 0.0732421875 0.2392578125 0.017578125 0.017578125
0 0.3984375 0.232421875 0.03125 0.02734375
0 0.0224609375 0.2265625 0.044921875 0.03515625
0 0.2314453125 0.2158203125 0.021484375 0.025390625
0 0.3203125 0.2041015625 0.03515625 0.021484375
0 0.09375 0.1796875 0.0234375 0.0234375
0 0.40625 0.181640625 0.03515625 0.0390625
0 0.4560546875 0.1708984375 0.021484375 0.021484375
0 0.1943359375 0.1884765625 0.044921875 0.056640625
0 0.14453125 0.1708984375 0.02734375 0.033203125
0 0.0654296875 0.1455078125 0.017578125 0.017578125
0 0.4384765625 0.1396484375 0.029296875 0.017578125
0 0.0361328125 0.1513671875 0.041015625 0.041015625
0 0.32421875 0.1416015625 0.02734375 0.025390625
0 0.4072265625 0.1220703125 0.025390625 0.029296875
0 0.3330078125 0.107421875 0.021484375 0.01953125
0 0.04296875 0.111328125 0.02734375 0.02734375
0 0.203125 0.099609375 0.04296875 0.03515625
0 0.443359375 0.0732421875 0.015625 0.013671875
0 0.1220703125 0.060546875 0.021484375 0.015625
0 0.3359375 0.0595703125 0.0234375 0.025390625
0 0.416015625 0.0537109375 0.03125 0.033203125
0 0.0625 0.0546875 0.05078125 0.0390625
0 0.296875 0.017578125 0.02734375 0.0234375
0 0.0791015625 0.017578125 0.041015625 0.02734375
0 0.615234375 0.107421875 0.13671875 0.21484375
0 0.2158203125 0.0048828125 0.013671875 0.009765625