0 0.2294921875 0.9873046875 0.048828125 0.025390625
0 0.9951171875 0.984375 0.009765625 0.02734375
0 0.1552734375 0.8955078125 0.041015625 0.029296875
0 0.2607421875 0.8623046875 0.064453125 0.048828125
0 0.0634765625 0.845703125 0.029296875 0.03125
0 0.84765625 0.8671875 0.18359375 0.1796875
0 0.9541015625 0.775390625 0.091796875 0.10546875
0 0.8837890625 0.728515625 0.060546875 0.0703125
0 0.9892578125 0.6748046875 0.021484375 0.044921875
0 0.962890625 0.6640625 0.03125 0.03125
0 0.517578125 0.806640625 0.375 0.38671875
0 0.9599609375 0.59765625 0.080078125 0.12109375
0 0.658203125 0.626953125 0.25 0.2421875
0 0.8349609375 0.53125 0.150390625 0.16796875
0 0.357421875 0.54296875 0.234375 0.203125
0 0.7509765625 0.470703125 0.138671875 0.140625
0 0.5322265625 0.3798828125 0.029296875 0.025390625
0 0.435546875 0.4443359375 0.1953125 0.177734375
0 0.638671875 0.3994140625 0.1328125 0.123046875
0 0.51171875 0.298828125 0.125 0.1328125
0 0.263671875 0.24609375 0.125 0.06640625
0 0.291015625 0.07421875 0.04296875 0.07421875
0 0.158203125 0.0400390625 0.01953125 0.017578125