0 0.8251953125 0.9970703125 0.009765625 0.005859375
0 0.69140625 0.9873046875 0.02734375 0.025390625
0 0.2080078125 0.986328125 0.033203125 0.02734375
0 0.5361328125 0.9853515625 0.037109375 0.029296875
0 0.2890625 0.97265625 0.03125 0.03515625
0 0.4912109375 0.95703125 0.037109375 0.03515625
0 0.1796875 0.9482421875 0.0390625 0.041015625
0 0.2568359375 0.9384765625 0.033203125 0.037109375
0 0.615234375 0.9404296875 0.02734375 0.044921875
0 0.7197265625 0.9326171875 0.033203125 0.037109375
0 0.900390625 0.939453125 0.0625 0.0703125
0 0.994140625 0.908203125 0.01171875 0.0234375
0 0.4462890625 0.9140625 0.033203125 0.03515625
0 0.755859375 0.896484375 0.03515625 0.03125
0 0.5341796875 0.89453125 0.033203125 0.03125
0 0.1689453125 0.88671875 0.025390625 0.03515625
0 0.6279296875 0.880859375 0.037109375 0.03125
0 0.404296875 0.8779296875 0.03515625 0.033203125
0 0.2529296875 0.87890625 0.037109375 0.03515625
0 0.8076171875 0.8701171875 0.041015625 0.041015625
0 0.9814453125 0.861328125 0.029296875 0.04296875
0 0.490234375 0.8515625 0.03515625 0.0390625
0 0.8505859375 0.845703125 0.037109375 0.03515625
0 0.7099609375 0.8369140625 0.037109375 0.033203125
0 0.5869140625 0.841796875 0.037109375 0.04296875
0 0.3603515625 0.8330078125 0.029296875 0.033203125
0 0.1953125 0.822265625 0.03125 0.03515625
0 0.9013671875 0.82421875 0.041015625 0.04296875
0 0.4462890625 0.8125 0.033203125 0.03125
0 0.5478515625 0.8046875 0.033203125 0.03125
0 0.9482421875 0.80078125 0.037109375 0.03125
0 0.32421875 0.80078125 0.03515625 0.03125
0 0.7509765625 0.787109375 0.033203125 0.03125
0 0.64453125 0.7841796875 0.03515625 0.048828125
0 0.4091796875 0.7763671875 0.048828125 0.037109375
0 0.8486328125 0.7578125 0.041015625 0.03125
0 0.5009765625 0.7646484375 0.037109375 0.044921875
0 0.7109375 0.751953125 0.0390625 0.03515625
0 0.59765625 0.75 0.03515625 0.03515625
0 0.26171875 0.7470703125 0.03515625 0.037109375
0 0.357421875 0.73046875 0.0390625 0.046875
0 0.4541015625 0.7197265625 0.041015625 0.037109375
0 0.8916015625 0.712890625 0.029296875 0.02734375
0 0.7861328125 0.7158203125 0.041015625 0.033203125
0 0.5546875 0.712890625 0.03125 0.03125
0 0.2197265625 0.708984375 0.041015625 0.03515625
0 0.6650390625 0.716796875 0.041015625 0.05859375
0 0.9931640625 0.6904296875 0.013671875 0.029296875
0 0.3134765625 0.693359375 0.037109375 0.03515625
0 0.8564453125 0.6787109375 0.033203125 0.033203125
0 0.736328125 0.673828125 0.03515625 0.03515625
0 0.40625 0.6767578125 0.046875 0.041015625
0 0.1845703125 0.673828125 0.041015625 0.0390625
0 0.6240234375 0.6708984375 0.037109375 0.037109375
0 0.5068359375 0.66796875 0.037109375 0.03515625
0 0.98828125 0.65234375 0.01953125 0.0234375
0 0.2734375 0.6533203125 0.04296875 0.037109375
0 0.81640625 0.6435546875 0.03125 0.029296875
0 0.9853515625 0.6318359375 0.017578125 0.017578125
0 0.365234375 0.6376953125 0.0390625 0.041015625
0 0.6904296875 0.6318359375 0.033203125 0.033203125
0 0.142578125 0.6337890625 0.0390625 0.037109375
0 0.466796875 0.62890625 0.0390625 0.03125
0 0.568359375 0.623046875 0.04296875 0.03515625
0 0.8994140625 0.6103515625 0.021484375 0.033203125
0 0.974609375 0.6005859375 0.01953125 0.021484375
0 0.771484375 0.603515625 0.03515625 0.03125
0 0.32421875 0.5986328125 0.0390625 0.041015625
0 0.1025390625 0.5966796875 0.041015625 0.041015625
0 0.646484375 0.5927734375 0.03515625 0.037109375
0 0.421875 0.587890625 0.04296875 0.0390625
0 0.212890625 0.5888671875 0.04296875 0.041015625
0 0.52734375 0.5830078125 0.03125 0.033203125
0 0.8583984375 0.583984375 0.037109375 0.0390625
0 0.7236328125 0.5625 0.044921875 0.03515625
0 0.0615234375 0.55859375 0.041015625 0.0390625
0 0.603515625 0.5498046875 0.04296875 0.033203125
0 0.3798828125 0.548828125 0.041015625 0.0390625
0 0.9677734375 0.5390625 0.017578125 0.0234375
0 0.4814453125 0.5400390625 0.033203125 0.033203125
0 0.2568359375 0.5439453125 0.041015625 0.041015625
0 0.8056640625 0.5361328125 0.048828125 0.044921875
0 0.1513671875 0.5302734375 0.044921875 0.052734375
0 0.021484375 0.5224609375 0.04296875 0.041015625
0 0.67578125 0.5146484375 0.03515625 0.033203125
0 0.5625 0.5146484375 0.03125 0.033203125
0 0.76953125 0.501953125 0.03515625 0.03515625
0 0.29296875 0.50390625 0.04296875 0.0390625
0 0.431640625 0.4951171875 0.03515625 0.037109375
0 0.9814453125 0.4921875 0.025390625 0.03515625
0 0.189453125 0.4873046875 0.0390625 0.048828125
0 0.8447265625 0.4814453125 0.037109375 0.048828125
0 0.6337890625 0.4794921875 0.041015625 0.048828125
0 0.5166015625 0.470703125 0.037109375 0.0390625
0 0.083984375 0.4716796875 0.0546875 0.041015625
0 0.994140625 0.455078125 0.01171875 0.01953125
0 0.330078125 0.46484375 0.04296875 0.0390625
0 0.72265625 0.453125 0.046875 0.046875
0 0.232421875 0.4453125 0.046875 0.046875
0 0.587890625 0.43359375 0.0390625 0.0390625
0 0.9228515625 0.43359375 0.041015625 0.04296875
0 0.4755859375 0.4326171875 0.041015625 0.041015625
0 0.7998046875 0.42578125 0.037109375 0.0390625
0 0.1337890625 0.42578125 0.037109375 0.0390625
0 0.3681640625 0.4248046875 0.037109375 0.041015625
0 0.6748046875 0.4091796875 0.048828125 0.037109375
0 0.0302734375 0.419921875 0.044921875 0.0625
0 0.265625 0.4052734375 0.0390625 0.044921875
0 0.8720703125 0.3916015625 0.033203125 0.037109375
0 0.40234375 0.3857421875 0.03515625 0.033203125
0 0.962890625 0.3837890625 0.04296875 0.033203125
0 0.755859375 0.3857421875 0.0390625 0.037109375
0 0.1689453125 0.3876953125 0.048828125 0.048828125
0 0.53515625 0.38671875 0.0546875 0.05078125
0 0.6318359375 0.37109375 0.033203125 0.03125
0 0.064453125 0.373046875 0.04296875 0.0390625
0 0.3046875 0.3623046875 0.0390625 0.037109375
0 0.9892578125 0.3544921875 0.021484375 0.025390625
0 0.71484375 0.3515625 0.03515625 0.04296875
0 0.8251953125 0.3486328125 0.041015625 0.041015625
0 0.4423828125 0.3427734375 0.037109375 0.041015625
0 0.2021484375 0.34375 0.037109375 0.046875
0 0.1005859375 0.330078125 0.044921875 0.046875
0 0.5791015625 0.322265625 0.037109375 0.03515625
0 0.337890625 0.32421875 0.0390625 0.04296875
0 0.0126953125 0.3115234375 0.025390625 0.037109375
0 0.7841796875 0.310546875 0.037109375 0.0390625
0 0.4775390625 0.306640625 0.029296875 0.03125
0 0.244140625 0.30859375 0.0390625 0.0390625
0 0.6689453125 0.3115234375 0.044921875 0.048828125
0 0.142578125 0.2900390625 0.05078125 0.048828125
0 0.3798828125 0.2841796875 0.044921875 0.044921875
0 0.0458984375 0.2783203125 0.041015625 0.041015625
0 0.748046875 0.275390625 0.0546875 0.04296875
0 0.27734375 0.2724609375 0.0390625 0.041015625
0 0.6240234375 0.267578125 0.037109375 0.0390625
0 0.5146484375 0.2646484375 0.033203125 0.033203125
0 0.943359375 0.2548828125 0.046875 0.037109375
0 0.177734375 0.25 0.046875 0.05078125
0 0.70703125 0.23828125 0.046875 0.04296875
0 0.416015625 0.2412109375 0.046875 0.048828125
0 0.0771484375 0.236328125 0.048828125 0.05078125
0 0.880859375 0.2197265625 0.03125 0.025390625
0 0.5546875 0.21875 0.03515625 0.03515625
0 0.3125 0.2236328125 0.0546875 0.048828125
0 0.9892578125 0.205078125 0.021484375 0.02734375
0 0.21484375 0.208984375 0.04296875 0.0390625
0 0.4501953125 0.205078125 0.041015625 0.04296875
0 0.6650390625 0.197265625 0.044921875 0.04296875
0 0.1181640625 0.193359375 0.048828125 0.05078125
0 0.3505859375 0.18359375 0.041015625 0.04296875
0 0.904296875 0.16015625 0.015625 0.015625
0 0.935546875 0.1640625 0.03125 0.03125
0 0.25390625 0.1708984375 0.0390625 0.044921875
0 0.5009765625 0.16015625 0.056640625 0.04296875
0 0.1591796875 0.1533203125 0.048828125 0.048828125
0 0.6455078125 0.134765625 0.033203125 0.0390625
0 0.2958984375 0.1279296875 0.044921875 0.033203125
0 0.3603515625 0.12109375 0.041015625 0.0234375
0 0.4140625 0.1181640625 0.0390625 0.041015625
0 0.95703125 0.1123046875 0.02734375 0.041015625
0 0.5947265625 0.1083984375 0.052734375 0.041015625
0 0.1943359375 0.111328125 0.044921875 0.05078125
0 0.9423828125 0.0859375 0.017578125 0.01953125
0 0.5498046875 0.0830078125 0.044921875 0.052734375
0 0.24609375 0.05859375 0.05078125 0.0390625
0 0.318359375 0.046875 0.046875 0.02734375
0 0.9501953125 0.044921875 0.037109375 0.02734375
0 0.4287109375 0.0302734375 0.044921875 0.025390625
0 0.375 0.03515625 0.04296875 0.03515625
0 0.5087890625 0.029296875 0.064453125 0.04296875