0 0.1708984375 0.9892578125 0.044921875 0.021484375
0 0.9931640625 0.900390625 0.013671875 0.05078125
0 0.7939453125 0.8203125 0.103515625 0.1015625
0 0.037109375 0.8349609375 0.07421875 0.134765625
0 0.2841796875 0.7373046875 0.076171875 0.052734375
0 0.64453125 0.720703125 0.0625 0.02734375
0 0.427734375 0.6982421875 0.0546875 0.060546875
0 0.17578125 0.646484375 0.0546875 0.046875
0 0.9755859375 0.630859375 0.048828125 0.0625
0 0.6748046875 0.6083984375 0.029296875 0.041015625
0 0.4775390625 0.5966796875 0.033203125 0.060546875
0 0.818359375 0.5908203125 0.06640625 0.060546875
0 0.1650390625 0.5595703125 0.021484375 0.017578125
0 0.71484375 0.5205078125 0.046875 0.056640625
0 0.953125 0.5107421875 0.03515625 0.056640625
0 0.205078125 0.51171875 0.04296875 0.0625
0 0.0927734375 0.458984375 0.064453125 0.03125
0 0.4716796875 0.4462890625 0.017578125 0.025390625
0 0.4287109375 0.4482421875 0.052734375 0.029296875
0 0.0224609375 0.4404296875 0.044921875 0.037109375
0 0.84375 0.4248046875 0.05078125 0.037109375
0 0.7197265625 0.400390625 0.048828125 0.05078125
0 0.859375 0.3251953125 0.04296875 0.072265625
0 0.6552734375 0.3125 0.037109375 0.0546875
0 0.2666015625 0.3095703125 0.064453125 0.068359375
0 0.3720703125 0.2861328125 0.044921875 0.033203125
0 0.51171875 0.28515625 0.04296875 0.0390625
0 0.796875 0.25 0.01953125 0.01953125
0 0.779296875 0.216796875 0.0234375 0.03515625
0 0.12109375 0.220703125 0.04296875 0.078125
0 0.2568359375 0.18359375 0.052734375 0.05078125
0 0.9853515625 0.1572265625 0.029296875 0.041015625
0 0.86328125 0.1357421875 0.03515625 0.029296875
0 0.6484375 0.1318359375 0.03125 0.033203125
0 0.3828125 0.111328125 0.03515625 0.05859375
0 0.5087890625 0.083984375 0.044921875 0.05859375
0 0.927734375 0.0634765625 0.05078125 0.048828125
0 0.201171875 0.0537109375 0.046875 0.037109375
0 0.9833984375 0.0390625 0.033203125 0.0625
0 0.8505859375 0.01171875 0.037109375 0.0234375
0 0.51171875 0.0078125 0.04296875 0.015625
0 0.34765625 0.013671875 0.0390625 0.02734375