0 0.400390625 0.99609375 0.015625 0.0078125
0 0.9580078125 0.994140625 0.021484375 0.01171875
0 0.455078125 0.9921875 0.03515625 0.015625
0 0.568359375 0.9892578125 0.05078125 0.021484375
0 0.341796875 0.982421875 0.046875 0.03515625
0 0.1279296875 0.9775390625 0.029296875 0.029296875
0 0.91015625 0.9794921875 0.04296875 0.037109375
0 0.412109375 0.9755859375 0.0390625 0.033203125
0 0.5048828125 0.9765625 0.048828125 0.046875
0 0.9736328125 0.9697265625 0.052734375 0.041015625
0 0.36328125 0.955078125 0.0234375 0.0234375
0 0.4287109375 0.9404296875 0.021484375 0.021484375
0 0.251953125 0.9619140625 0.0703125 0.076171875
0 0.3115234375 0.92578125 0.025390625 0.0234375
0 0.9013671875 0.9326171875 0.064453125 0.044921875
0 0.376953125 0.923828125 0.03515625 0.0390625
0 0.349609375 0.9140625 0.03515625 0.046875
0 0.8193359375 0.9013671875 0.033203125 0.033203125
0 0.3251953125 0.8955078125 0.029296875 0.033203125
0 0.0732421875 0.9375 0.103515625 0.125
0 0.630859375 0.9365234375 0.171875 0.126953125
0 0.2880859375 0.88671875 0.056640625 0.046875
0 0.998046875 0.86328125 0.00390625 0.00390625
0 0.919921875 0.892578125 0.0703125 0.0625
0 0.72265625 0.923828125 0.15625 0.15234375
0 0.0185546875 0.904296875 0.037109375 0.11328125
0 0.8271484375 0.87109375 0.060546875 0.05078125
0 0.9423828125 0.8388671875 0.048828125 0.044921875
0 0.6357421875 0.826171875 0.037109375 0.04296875
0 0.990234375 0.814453125 0.01953125 0.046875
0 0.1689453125 0.89453125 0.134765625 0.2109375
0 0.876953125 0.80078125 0.03515625 0.03125
0 0.7646484375 0.8232421875 0.095703125 0.099609375
0 0.685546875 0.7900390625 0.03515625 0.033203125
0 0.9619140625 0.78515625 0.025390625 0.03125
0 0.6201171875 0.796875 0.060546875 0.05859375
0 0.4462890625 0.8388671875 0.146484375 0.142578125
0 0.052734375 0.7919921875 0.0703125 0.080078125
0 0.6953125 0.7646484375 0.04296875 0.037109375
0 0.4912109375 0.77734375 0.076171875 0.06640625
0 0.8916015625 0.767578125 0.044921875 0.05078125
0 0.326171875 0.7939453125 0.08984375 0.111328125
0 0.84765625 0.7998046875 0.05859375 0.126953125
0 0.708984375 0.7421875 0.04296875 0.03125
0 0.1953125 0.7646484375 0.13671875 0.076171875
0 0.0068359375 0.73828125 0.013671875 0.02734375
0 0.8056640625 0.74609375 0.037109375 0.05078125
0 0.7822265625 0.7373046875 0.037109375 0.052734375
0 0.076171875 0.71484375 0.0625 0.03125
0 0.9853515625 0.7138671875 0.029296875 0.041015625
0 0.71484375 0.70703125 0.0546875 0.05078125
0 0.65625 0.6884765625 0.0625 0.052734375
0 0.9208984375 0.6904296875 0.056640625 0.060546875
0 0.4169921875 0.7138671875 0.119140625 0.111328125
0 0.1728515625 0.6865234375 0.052734375 0.056640625
0 0.8740234375 0.673828125 0.052734375 0.05859375
0 0.3076171875 0.65234375 0.041015625 0.0234375
0 0.5732421875 0.69140625 0.087890625 0.10546875
0 0.8369140625 0.658203125 0.033203125 0.04296875
0 0.798828125 0.6484375 0.02734375 0.03125
0 0.2431640625 0.685546875 0.158203125 0.11328125
0 0.951171875 0.630859375 0.04296875 0.05859375
0 0.373046875 0.63671875 0.0546875 0.07421875
0 0.0986328125 0.642578125 0.126953125 0.109375
0 0.498046875 0.642578125 0.13671875 0.11328125
0 0.9775390625 0.5947265625 0.029296875 0.033203125
0 0.90234375 0.6103515625 0.05859375 0.064453125
0 0.681640625 0.6025390625 0.06640625 0.060546875
0 0.7578125 0.615234375 0.06640625 0.09765625
0 0.62109375 0.5888671875 0.0625 0.044921875
0 0.1142578125 0.58203125 0.041015625 0.0390625
0 0.021484375 0.6064453125 0.04296875 0.103515625
0 0.1171875 0.55859375 0.11328125 0.07421875
0 0.6416015625 0.5341796875 0.052734375 0.033203125
0 0.7060546875 0.5322265625 0.044921875 0.037109375
0 0.9208984375 0.52734375 0.033203125 0.03515625
0 0.0283203125 0.533203125 0.056640625 0.0546875
0 0.9931640625 0.5078125 0.013671875 0.03125
0 0.251953125 0.5693359375 0.1484375 0.154296875
0 0.0400390625 0.498046875 0.048828125 0.0390625
0 0.962890625 0.482421875 0.0546875 0.05078125
0 0.1416015625 0.4921875 0.119140625 0.08203125
0 0.52734375 0.4892578125 0.13671875 0.115234375
0 0.853515625 0.50390625 0.140625 0.15625
0 0.955078125 0.43359375 0.02734375 0.0234375
0 0.0439453125 0.44921875 0.087890625 0.0703125
0 0.369140625 0.4560546875 0.1171875 0.091796875
0 0.2451171875 0.4404296875 0.111328125 0.060546875
0 0.9658203125 0.4140625 0.037109375 0.03125
0 0.5771484375 0.408203125 0.052734375 0.0390625
0 0.4990234375 0.4013671875 0.041015625 0.033203125
0 0.9912109375 0.3916015625 0.017578125 0.025390625
0 0.697265625 0.4453125 0.16015625 0.15234375
0 0.638671875 0.4189453125 0.04296875 0.099609375
0 0.7607421875 0.380859375 0.037109375 0.02734375
0 0.8740234375 0.400390625 0.119140625 0.078125
0 0.091796875 0.3857421875 0.13671875 0.068359375
0 0.7724609375 0.35546875 0.033203125 0.03125
0 0.7099609375 0.341796875 0.017578125 0.01953125
0 0.9931640625 0.3447265625 0.013671875 0.029296875
0 0.294921875 0.359375 0.05078125 0.08203125
0 0.5615234375 0.341796875 0.099609375 0.0625
0 0.06640625 0.328125 0.078125 0.0625
0 0.7802734375 0.318359375 0.048828125 0.046875
0 0.94921875 0.3330078125 0.1015625 0.123046875
0 0.3984375 0.2900390625 0.0546875 0.076171875
0 0.013671875 0.2626953125 0.02734375 0.037109375
0 0.8837890625 0.294921875 0.087890625 0.109375
0 0.576171875 0.2607421875 0.1015625 0.083984375
0 0.1962890625 0.2978515625 0.162109375 0.177734375
0 0.408203125 0.20703125 0.1015625 0.06640625
0 0.0966796875 0.1962890625 0.052734375 0.091796875
0 0.74609375 0.228515625 0.1875 0.16015625
0 0.3603515625 0.099609375 0.072265625 0.1171875
0 0.1005859375 0.0791015625 0.052734375 0.091796875
0 0.7177734375 0.0556640625 0.060546875 0.087890625
0 0.919921875 0.1103515625 0.16015625 0.220703125
0 0.8017578125 0.0654296875 0.134765625 0.130859375
0 0.6396484375 0.025390625 0.060546875 0.05078125
0 0.4521484375 0.0263671875 0.099609375 0.052734375
0 0.2861328125 0.01171875 0.087890625 0.0234375
0 0.1416015625 0.0078125 0.037109375 0.015625