0 0.8359375 0.998046875 0.0078125 0.00390625
0 0.00390625 0.9951171875 0.0078125 0.009765625
0 0.9248046875 0.9873046875 0.033203125 0.025390625
0 0.701171875 0.986328125 0.03515625 0.02734375
0 0.595703125 0.9853515625 0.0390625 0.029296875
0 0.4990234375 0.984375 0.037109375 0.03125
0 0.3779296875 0.9794921875 0.041015625 0.041015625
0 0.7734375 0.9716796875 0.0390625 0.033203125
0 0.8603515625 0.97265625 0.037109375 0.0390625
0 0.27734375 0.9658203125 0.03125 0.033203125
0 0.6650390625 0.955078125 0.037109375 0.03515625
0 0.5322265625 0.9501953125 0.037109375 0.037109375
0 0.4306640625 0.9482421875 0.037109375 0.037109375
0 0.8017578125 0.9326171875 0.037109375 0.041015625
0 0.9140625 0.9267578125 0.046875 0.037109375
0 0.9794921875 0.908203125 0.021484375 0.0234375
0 0.46484375 0.916015625 0.03515625 0.0390625
0 0.337890625 0.9072265625 0.03515625 0.029296875
0 0.9404296875 0.8994140625 0.017578125 0.017578125
0 0.564453125 0.912109375 0.04296875 0.04296875
0 0.912109375 0.8984375 0.0234375 0.01953125
0 0.24609375 0.9111328125 0.0390625 0.052734375
0 0.3125 0.8876953125 0.0234375 0.021484375
0 0.828125 0.8935546875 0.04296875 0.041015625
0 0.673828125 0.8955078125 0.05859375 0.048828125
0 0.501953125 0.8857421875 0.05078125 0.037109375
0 0.9931640625 0.8720703125 0.013671875 0.025390625
0 0.92578125 0.8701171875 0.03125 0.033203125
0 0.388671875 0.87109375 0.03125 0.03515625
0 0.59375 0.873046875 0.0390625 0.04296875
0 0.2958984375 0.8544921875 0.029296875 0.025390625
0 0.8564453125 0.8525390625 0.041015625 0.041015625
0 0.7119140625 0.8525390625 0.041015625 0.041015625
0 0.5322265625 0.8466796875 0.037109375 0.037109375
0 0.2197265625 0.8505859375 0.029296875 0.052734375
0 0.6220703125 0.8369140625 0.044921875 0.041015625
0 0.94921875 0.826171875 0.02734375 0.03515625
0 0.3779296875 0.8212890625 0.025390625 0.037109375
0 0.2841796875 0.8173828125 0.029296875 0.029296875
0 0.87890625 0.814453125 0.03515625 0.03515625
0 0.744140625 0.818359375 0.0390625 0.04296875
0 0.5576171875 0.80859375 0.037109375 0.04296875
0 0.6533203125 0.8037109375 0.044921875 0.041015625
0 0.462890625 0.8076171875 0.05078125 0.056640625
0 0.2822265625 0.7841796875 0.029296875 0.033203125
0 0.7724609375 0.7880859375 0.037109375 0.044921875
0 0.8955078125 0.7763671875 0.037109375 0.037109375
0 0.3662109375 0.7763671875 0.029296875 0.037109375
0 0.6845703125 0.7685546875 0.041015625 0.041015625
0 0.5908203125 0.765625 0.041015625 0.04296875
0 0.443359375 0.7607421875 0.03515625 0.037109375
0 0.5009765625 0.7607421875 0.037109375 0.044921875
0 0.287109375 0.7470703125 0.03515625 0.025390625
0 0.80078125 0.751953125 0.0390625 0.04296875
0 0.9111328125 0.736328125 0.041015625 0.0390625
0 0.712890625 0.736328125 0.0390625 0.0390625
0 0.359375 0.73046875 0.02734375 0.03515625
0 0.2080078125 0.7216796875 0.025390625 0.025390625
0 0.623046875 0.7197265625 0.03125 0.033203125
0 0.666015625 0.7119140625 0.0234375 0.021484375
0 0.4423828125 0.716796875 0.033203125 0.03515625
0 0.830078125 0.71875 0.0390625 0.04296875
0 0.5283203125 0.7158203125 0.044921875 0.041015625
0 0.294921875 0.7099609375 0.03125 0.029296875
0 0.7412109375 0.701171875 0.044921875 0.0390625
0 0.9248046875 0.6953125 0.041015625 0.03515625
0 0.353515625 0.6904296875 0.02734375 0.033203125
0 0.853515625 0.6826171875 0.03515625 0.041015625
0 0.5625 0.67578125 0.0390625 0.04296875
0 0.427734375 0.6708984375 0.02734375 0.033203125
0 0.7705078125 0.6689453125 0.037109375 0.041015625
0 0.65234375 0.6708984375 0.04296875 0.048828125
0 0.3017578125 0.6669921875 0.029296875 0.041015625
0 0.2138671875 0.6640625 0.029296875 0.0390625
0 0.236328125 0.642578125 0.015625 0.015625
0 0.9404296875 0.6474609375 0.033203125 0.033203125
0 0.8720703125 0.640625 0.029296875 0.03125
0 0.3427734375 0.6396484375 0.041015625 0.029296875
0 0.79296875 0.6298828125 0.0390625 0.037109375
0 0.5947265625 0.6328125 0.041015625 0.04296875
0 0.2119140625 0.6142578125 0.056640625 0.033203125
0 0.943359375 0.6083984375 0.03515625 0.029296875
0 0.6767578125 0.6181640625 0.037109375 0.048828125
0 0.4091796875 0.6103515625 0.037109375 0.037109375
0 0.8759765625 0.5986328125 0.037109375 0.037109375
0 0.4443359375 0.58984375 0.041015625 0.03125
0 0.9462890625 0.5732421875 0.029296875 0.025390625
0 0.771484375 0.5791015625 0.02734375 0.037109375
0 0.587890625 0.576171875 0.0390625 0.046875
0 0.48828125 0.5693359375 0.0390625 0.033203125
0 0.2939453125 0.568359375 0.041015625 0.04296875
0 0.84765625 0.55859375 0.03125 0.02734375
0 0.1123046875 0.560546875 0.029296875 0.03125
0 0.1748046875 0.5556640625 0.041015625 0.033203125
0 0.5341796875 0.5517578125 0.044921875 0.033203125
0 0.341796875 0.5517578125 0.0390625 0.037109375
0 0.6767578125 0.5546875 0.052734375 0.046875
0 0.9326171875 0.53515625 0.037109375 0.03125
0 0.3837890625 0.53125 0.041015625 0.0390625
0 0.7822265625 0.5107421875 0.029296875 0.033203125
0 0.4248046875 0.51171875 0.041015625 0.04296875
0 0.8974609375 0.5068359375 0.041015625 0.037109375
0 0.24609375 0.5078125 0.0390625 0.0390625
0 0.6298828125 0.5029296875 0.048828125 0.048828125
0 0.4697265625 0.4951171875 0.037109375 0.037109375
0 0.3125 0.4912109375 0.05078125 0.041015625
0 0.99609375 0.4873046875 0.0078125 0.037109375
0 0.0048828125 0.4755859375 0.009765625 0.021484375
0 0.85546875 0.4765625 0.03125 0.03125
0 0.5830078125 0.4755859375 0.048828125 0.037109375
0 0.0595703125 0.4716796875 0.025390625 0.029296875
0 0.369140625 0.470703125 0.0546875 0.0390625
0 0.5166015625 0.466796875 0.041015625 0.0390625
0 0.0947265625 0.4609375 0.033203125 0.03125
0 0.98046875 0.453125 0.0234375 0.02734375
0 0.8125 0.4462890625 0.03515625 0.029296875
0 0.1220703125 0.443359375 0.029296875 0.02734375
0 0.412109375 0.443359375 0.04296875 0.03515625
0 0.2080078125 0.4404296875 0.029296875 0.029296875
0 0.9248046875 0.439453125 0.037109375 0.0390625
0 0.7666015625 0.431640625 0.041015625 0.03515625
0 0.8798828125 0.4140625 0.029296875 0.0234375
0 0.044921875 0.4169921875 0.02734375 0.029296875
0 0.28515625 0.4130859375 0.03515625 0.033203125
0 0.46484375 0.412109375 0.0390625 0.0390625
0 0.9765625 0.4033203125 0.02734375 0.037109375
0 0.140625 0.400390625 0.02734375 0.0390625
0 0.599609375 0.392578125 0.02734375 0.02734375
0 0.220703125 0.3896484375 0.0234375 0.033203125
0 0.8388671875 0.3857421875 0.033203125 0.029296875
0 0.658203125 0.3798828125 0.03515625 0.029296875
0 0.0146484375 0.37890625 0.029296875 0.03125
0 0.5400390625 0.3740234375 0.037109375 0.025390625
0 0.892578125 0.3701171875 0.03515625 0.029296875
0 0.794921875 0.3662109375 0.03125 0.029296875
0 0.35546875 0.3720703125 0.0546875 0.041015625
0 0.4111328125 0.349609375 0.037109375 0.0234375
0 0.7568359375 0.34765625 0.041015625 0.03125
0 0.140625 0.3466796875 0.03125 0.029296875
0 0.9521484375 0.34375 0.025390625 0.03515625
0 0.0263671875 0.3388671875 0.029296875 0.029296875
0 0.2529296875 0.3369140625 0.033203125 0.044921875
0 0.09375 0.33203125 0.04296875 0.04296875
0 0.869140625 0.322265625 0.03125 0.03125
0 0.4931640625 0.318359375 0.044921875 0.0234375
0 0.6728515625 0.3154296875 0.044921875 0.025390625
0 0.62109375 0.3095703125 0.03515625 0.021484375
0 0.93359375 0.30859375 0.02734375 0.02734375
0 0.544921875 0.306640625 0.03515625 0.03125
0 0.0576171875 0.3076171875 0.033203125 0.033203125
0 0.810546875 0.2998046875 0.03125 0.025390625
0 0.76171875 0.294921875 0.03125 0.02734375
0 0.0048828125 0.2841796875 0.009765625 0.017578125
0 0.72265625 0.2841796875 0.03515625 0.021484375
0 0.990234375 0.2802734375 0.01953125 0.029296875
0 0.1630859375 0.2744140625 0.025390625 0.029296875
0 0.4072265625 0.2685546875 0.033203125 0.025390625
0 0.1259765625 0.265625 0.025390625 0.0234375
0 0.677734375 0.265625 0.03515625 0.02734375
0 0.9052734375 0.2626953125 0.029296875 0.033203125
0 0.5927734375 0.251953125 0.013671875 0.015625
0 0.0244140625 0.251953125 0.029296875 0.03515625
0 0.095703125 0.2451171875 0.03125 0.029296875
0 0.619140625 0.2412109375 0.03125 0.029296875
0 0.798828125 0.2333984375 0.02734375 0.021484375
0 0.498046875 0.2333984375 0.0390625 0.029296875
0 0.060546875 0.2265625 0.02734375 0.0234375
0 0.548828125 0.224609375 0.03125 0.0234375
0 0.1650390625 0.2236328125 0.033203125 0.033203125
0 0.9453125 0.2177734375 0.03125 0.025390625
0 0.75390625 0.2060546875 0.0390625 0.021484375
0 0.8037109375 0.2021484375 0.025390625 0.025390625
0 0.2666015625 0.212890625 0.037109375 0.0546875
0 0.1806640625 0.1982421875 0.025390625 0.029296875
0 0.7109375 0.19140625 0.02734375 0.01953125
0 0.37109375 0.1962890625 0.03125 0.029296875
0 0.4111328125 0.1875 0.021484375 0.0234375
0 0.9111328125 0.1875 0.029296875 0.02734375
0 0.45703125 0.166015625 0.0234375 0.0234375
0 0.8759765625 0.1669921875 0.025390625 0.029296875
0 0.6259765625 0.1630859375 0.033203125 0.021484375
0 0.146484375 0.1669921875 0.02734375 0.029296875
0 0.673828125 0.1650390625 0.03125 0.029296875
0 0.005859375 0.16015625 0.01171875 0.01953125
0 0.541015625 0.15234375 0.0234375 0.01953125
0 0.4990234375 0.158203125 0.025390625 0.03125
0 0.2880859375 0.1552734375 0.025390625 0.029296875
0 0.7783203125 0.15234375 0.033203125 0.03125
0 0.1259765625 0.14453125 0.025390625 0.02734375
0 0.2080078125 0.1337890625 0.025390625 0.025390625
0 0.068359375 0.123046875 0.015625 0.015625
0 0.8955078125 0.1240234375 0.021484375 0.021484375
0 0.0986328125 0.1279296875 0.044921875 0.044921875
0 0.3076171875 0.1171875 0.029296875 0.02734375
0 0.1962890625 0.1083984375 0.017578125 0.017578125
0 0.7451171875 0.1005859375 0.021484375 0.017578125
0 0.23046875 0.1025390625 0.02734375 0.029296875
0 0.9814453125 0.1015625 0.037109375 0.03125
0 0.8642578125 0.1015625 0.037109375 0.03125
0 0.0869140625 0.0986328125 0.033203125 0.033203125
0 0.7763671875 0.0908203125 0.021484375 0.029296875
0 0.3427734375 0.087890625 0.025390625 0.0234375
0 0.201171875 0.0869140625 0.01953125 0.021484375
0 0.1630859375 0.0888671875 0.041015625 0.052734375
0 0.072265625 0.076171875 0.02734375 0.02734375
0 0.005859375 0.0693359375 0.01171875 0.017578125
0 0.248046875 0.0712890625 0.02734375 0.037109375
0 0.380859375 0.064453125 0.02734375 0.02734375
0 0.98828125 0.0595703125 0.01953125 0.021484375
0 0.5498046875 0.052734375 0.037109375 0.01953125
0 0.1396484375 0.0546875 0.025390625 0.02734375
0 0.64453125 0.0478515625 0.03515625 0.021484375
0 0.603515625 0.0498046875 0.03125 0.025390625
0 0.2724609375 0.0537109375 0.025390625 0.033203125
0 0.685546875 0.046875 0.03515625 0.0234375
0 0.94921875 0.0615234375 0.05078125 0.056640625
0 0.4228515625 0.0439453125 0.029296875 0.025390625
0 0.2431640625 0.0390625 0.017578125 0.015625
0 0.7275390625 0.0439453125 0.037109375 0.029296875
0 0.779296875 0.0400390625 0.03125 0.033203125
0 0.4619140625 0.0341796875 0.037109375 0.025390625
0 0.0234375 0.0390625 0.03515625 0.03515625
0 0.966796875 0.0283203125 0.01953125 0.021484375
0 0.1240234375 0.03125 0.025390625 0.02734375
0 0.3134765625 0.0205078125 0.033203125 0.025390625
0 0.248046875 0.015625 0.02734375 0.0234375
0 0.9892578125 0.01171875 0.021484375 0.0234375
0 0.9150390625 0.01953125 0.048828125 0.0390625
0 0.353515625 0.005859375 0.0234375 0.01171875
0 0.2294921875 0.0048828125 0.017578125 0.009765625
0 0.052734375 0.009765625 0.03125 0.01953125