0 0.197265625 0.994140625 0.02734375 0.01171875
0 0.8310546875 0.9931640625 0.025390625 0.013671875
0 0.7724609375 0.9931640625 0.033203125 0.013671875
0 0.537109375 0.9931640625 0.03125 0.013671875
0 0.080078125 0.9931640625 0.03515625 0.013671875
0 0.6259765625 0.9921875 0.017578125 0.015625
0 0.25 0.9912109375 0.03515625 0.017578125
0 0.6806640625 0.9814453125 0.037109375 0.033203125
0 0.486328125 0.9765625 0.0390625 0.03515625
0 0.38671875 0.970703125 0.02734375 0.0390625
0 0.9140625 0.970703125 0.02734375 0.05078125
0 0.6162109375 0.9560546875 0.021484375 0.025390625
0 0.771484375 0.9599609375 0.03125 0.037109375
0 0.822265625 0.9541015625 0.03515625 0.037109375
0 0.330078125 0.9501953125 0.03125 0.033203125
0 0.537109375 0.9541015625 0.02734375 0.044921875
0 0.248046875 0.94921875 0.03515625 0.03515625
0 0.1455078125 0.947265625 0.044921875 0.05078125
0 0.423828125 0.927734375 0.03515625 0.03515625
0 0.6103515625 0.9189453125 0.021484375 0.025390625
0 0.673828125 0.92578125 0.03125 0.04296875
0 0.083984375 0.9169921875 0.0390625 0.025390625
0 0.6318359375 0.9111328125 0.013671875 0.017578125
0 0.7646484375 0.91015625 0.037109375 0.0390625
0 0.900390625 0.908203125 0.02734375 0.04296875
0 0.234375 0.9033203125 0.02734375 0.037109375
0 0.810546875 0.896484375 0.03125 0.03515625
0 0.34375 0.8935546875 0.046875 0.041015625
0 0.4716796875 0.880859375 0.037109375 0.04296875
0 0.3798828125 0.8603515625 0.037109375 0.033203125
0 0.529296875 0.85546875 0.04296875 0.03125
0 0.2138671875 0.8466796875 0.029296875 0.041015625
0 0.68359375 0.8349609375 0.0390625 0.029296875
0 0.5771484375 0.8330078125 0.041015625 0.041015625
0 0.4208984375 0.8310546875 0.037109375 0.037109375
0 0.2958984375 0.8271484375 0.037109375 0.037109375
0 0.744140625 0.8251953125 0.046875 0.037109375
0 0.9052734375 0.8369140625 0.044921875 0.064453125
0 0.33203125 0.802734375 0.046875 0.03515625
0 0.201171875 0.8037109375 0.03515625 0.037109375
0 0.4638671875 0.8037109375 0.033203125 0.044921875
0 0.806640625 0.791015625 0.03515625 0.03515625
0 0.9521484375 0.787109375 0.029296875 0.03515625
0 0.57421875 0.775390625 0.04296875 0.04296875
0 0.501953125 0.7685546875 0.046875 0.033203125
0 0.3759765625 0.7705078125 0.041015625 0.037109375
0 0.6689453125 0.7685546875 0.041015625 0.041015625
0 0.18359375 0.7529296875 0.03125 0.037109375
0 0.7744140625 0.744140625 0.033203125 0.04296875
0 0.54296875 0.7392578125 0.04296875 0.033203125
0 0.416015625 0.7392578125 0.0390625 0.037109375
0 0.978515625 0.7412109375 0.03515625 0.048828125
0 0.6357421875 0.7294921875 0.029296875 0.033203125
0 0.279296875 0.7275390625 0.03125 0.041015625
0 0.865234375 0.7216796875 0.04296875 0.041015625
0 0.4462890625 0.708984375 0.029296875 0.03515625
0 0.9931640625 0.6953125 0.013671875 0.0234375
0 0.736328125 0.7041015625 0.03515625 0.041015625
0 0.16796875 0.7001953125 0.03125 0.037109375
0 0.31640625 0.6943359375 0.046875 0.033203125
0 0.9033203125 0.685546875 0.041015625 0.03515625
0 0.60546875 0.6845703125 0.03515625 0.048828125
0 0.8212890625 0.6728515625 0.033203125 0.041015625
0 0.4970703125 0.6728515625 0.037109375 0.044921875
0 0.359375 0.6669921875 0.03125 0.033203125
0 0.6982421875 0.6591796875 0.037109375 0.037109375
0 0.154296875 0.65625 0.02734375 0.03125
0 0.244140625 0.650390625 0.04296875 0.02734375
0 0.1279296875 0.642578125 0.017578125 0.015625
0 0.580078125 0.642578125 0.046875 0.03125
0 0.462890625 0.640625 0.0390625 0.03515625
0 0.3896484375 0.6357421875 0.033203125 0.037109375
0 0.779296875 0.62890625 0.03515625 0.0390625
0 0.6689453125 0.6220703125 0.037109375 0.037109375
0 0.861328125 0.6201171875 0.0390625 0.041015625
0 0.28125 0.6162109375 0.0390625 0.041015625
0 0.9541015625 0.6142578125 0.037109375 0.041015625
0 0.220703125 0.607421875 0.03125 0.03515625
0 0.134765625 0.6015625 0.0390625 0.0390625
0 0.54296875 0.6025390625 0.03125 0.044921875
0 0.4375 0.59765625 0.03515625 0.0390625
0 0.7470703125 0.5849609375 0.037109375 0.037109375
0 0.3408203125 0.5791015625 0.041015625 0.037109375
0 0.630859375 0.576171875 0.03515625 0.046875
0 0.818359375 0.568359375 0.03515625 0.04296875
0 0.5224609375 0.560546875 0.056640625 0.03515625
0 0.2138671875 0.5576171875 0.041015625 0.041015625
0 0.96875 0.5458984375 0.03515625 0.029296875
0 0.267578125 0.5400390625 0.04296875 0.033203125
0 0.71484375 0.5400390625 0.0390625 0.041015625
0 0.8984375 0.5439453125 0.0546875 0.052734375
0 0.5966796875 0.529296875 0.033203125 0.03515625
0 0.482421875 0.529296875 0.02734375 0.03515625
0 0.384765625 0.52734375 0.03515625 0.0390625
0 0.1220703125 0.537109375 0.033203125 0.05859375
0 0.7783203125 0.515625 0.033203125 0.04296875
0 0.3095703125 0.51171875 0.044921875 0.046875
0 0.6767578125 0.4990234375 0.044921875 0.041015625
0 0.16796875 0.49609375 0.03515625 0.03515625
0 0.857421875 0.494140625 0.03515625 0.0390625
0 0.34765625 0.4853515625 0.0390625 0.041015625
0 0.451171875 0.482421875 0.04296875 0.0390625
0 0.56640625 0.4794921875 0.03125 0.037109375
0 0.205078125 0.4755859375 0.03515625 0.037109375
0 0.7421875 0.470703125 0.04296875 0.04296875
0 0.2509765625 0.4541015625 0.044921875 0.033203125
0 0.416015625 0.4482421875 0.0390625 0.037109375
0 0.990234375 0.4384765625 0.01953125 0.025390625
0 0.8173828125 0.4443359375 0.037109375 0.037109375
0 0.6396484375 0.4443359375 0.033203125 0.037109375
0 0.5419921875 0.4306640625 0.029296875 0.037109375
0 0.0830078125 0.4228515625 0.025390625 0.033203125
0 0.7060546875 0.421875 0.033203125 0.03515625
0 0.2841796875 0.4150390625 0.037109375 0.037109375
0 0.3896484375 0.4052734375 0.041015625 0.041015625
0 0.1337890625 0.392578125 0.025390625 0.0234375
0 0.9443359375 0.3896484375 0.029296875 0.033203125
0 0.6201171875 0.3876953125 0.029296875 0.037109375
0 0.78515625 0.3798828125 0.03515625 0.037109375
0 0.5263671875 0.3701171875 0.025390625 0.029296875
0 0.353515625 0.3701171875 0.03125 0.033203125
0 0.197265625 0.3583984375 0.03125 0.025390625
0 0.251953125 0.3505859375 0.03125 0.037109375
0 0.8447265625 0.353515625 0.052734375 0.046875
0 0.6025390625 0.33984375 0.029296875 0.0390625
0 0.0791015625 0.3212890625 0.017578125 0.017578125
0 0.712890625 0.3232421875 0.046875 0.037109375
0 0.328125 0.3251953125 0.03125 0.041015625
0 0.49609375 0.3349609375 0.046875 0.064453125
0 0.9892578125 0.3203125 0.021484375 0.0390625
0 0.8955078125 0.3154296875 0.044921875 0.044921875
0 0.763671875 0.296875 0.03125 0.0390625
0 0.107421875 0.291015625 0.03125 0.02734375
0 0.3876953125 0.2900390625 0.037109375 0.033203125
0 0.576171875 0.2880859375 0.03125 0.037109375
0 0.4365234375 0.2724609375 0.037109375 0.033203125
0 0.478515625 0.2568359375 0.03515625 0.037109375
0 0.828125 0.251953125 0.03515625 0.04296875
0 0.9013671875 0.2265625 0.037109375 0.0390625
0 0.560546875 0.220703125 0.03515625 0.02734375
0 0.94921875 0.2109375 0.0234375 0.03125
0 0.615234375 0.2060546875 0.0390625 0.029296875
0 0.6669921875 0.1953125 0.041015625 0.03125
0 0.7978515625 0.1962890625 0.041015625 0.037109375
0 0.70703125 0.1767578125 0.0390625 0.037109375
0 0.8681640625 0.1630859375 0.033203125 0.041015625
0 0.763671875 0.1396484375 0.0390625 0.029296875
0 0.541015625 0.1376953125 0.03125 0.041015625
0 0.35546875 0.1259765625 0.01953125 0.025390625
0 0.5771484375 0.1279296875 0.033203125 0.033203125
0 0.97265625 0.125 0.0234375 0.03515625
0 0.638671875 0.10546875 0.03515625 0.02734375
0 0.849609375 0.1044921875 0.02734375 0.033203125
0 0.8974609375 0.0771484375 0.041015625 0.033203125
0 0.728515625 0.064453125 0.03125 0.02734375
0 0.9384765625 0.0517578125 0.029296875 0.029296875
0 0.6201171875 0.048828125 0.041015625 0.03125
0 0.23828125 0.03515625 0.0390625 0.03125
0 0.5830078125 0.017578125 0.041015625 0.03125
0 0.8193359375 0.0166015625 0.033203125 0.033203125
0 0.69140625 0.0029296875 0.02734375 0.005859375
0 0.5390625 0.00390625 0.015625 0.0078125
0 0.2119140625 0.005859375 0.021484375 0.01171875