0 0.154296875 0.998046875 0.00390625 0.00390625
0 0.771484375 0.990234375 0.046875 0.01953125
0 0.01171875 0.984375 0.0234375 0.03125
0 0.62109375 0.9697265625 0.12109375 0.060546875
0 0.8251953125 0.966796875 0.095703125 0.06640625
0 0.087890625 0.9658203125 0.0546875 0.068359375
0 0.4541015625 0.890625 0.044921875 0.03125
0 0.486328125 0.876953125 0.015625 0.015625
0 0.2880859375 0.931640625 0.224609375 0.13671875
0 0.1689453125 0.869140625 0.150390625 0.1171875
0 0.4443359375 0.7900390625 0.033203125 0.025390625
0 0.306640625 0.7900390625 0.03125 0.025390625
0 0.029296875 0.80078125 0.05859375 0.08984375
0 0.6376953125 0.8173828125 0.103515625 0.146484375
0 0.0849609375 0.732421875 0.037109375 0.03125
0 0.443359375 0.755859375 0.09375 0.1015625
0 0.310546875 0.7548828125 0.09375 0.103515625
0 0.466796875 0.681640625 0.0234375 0.04296875
0 0.291015625 0.6748046875 0.0234375 0.041015625
0 0.0947265625 0.7041015625 0.115234375 0.115234375
0 0.3798828125 0.63671875 0.189453125 0.03125
0 0.6513671875 0.6796875 0.150390625 0.125
0 0.5625 0.6865234375 0.08203125 0.150390625
0 0.01953125 0.6435546875 0.0390625 0.087890625
0 0.0078125 0.5498046875 0.015625 0.029296875
0 0.0947265625 0.5849609375 0.177734375 0.150390625
0 0.935546875 0.0888671875 0.03125 0.037109375
0 0.94921875 0.05859375 0.01953125 0.01953125
0 0.9833984375 0.0830078125 0.033203125 0.083984375
0 0.9560546875 0.0322265625 0.037109375 0.033203125
0 0.8818359375 0.046875 0.083984375 0.09375
0 0.7763671875 0.02734375 0.041015625 0.0546875
0 0.693359375 0.025390625 0.03125 0.05078125
0 0.6044921875 0.033203125 0.037109375 0.06640625