0 0.8486328125 0.9765625 0.154296875 0.046875
0 0.640625 0.9755859375 0.12109375 0.048828125
0 0.494140625 0.873046875 0.19140625 0.20703125
0 0.8818359375 0.8818359375 0.236328125 0.232421875
0 0.625 0.759765625 0.0390625 0.0390625
0 0.5654296875 0.78515625 0.123046875 0.08984375
0 0.5869140625 0.7392578125 0.021484375 0.033203125
0 0.890625 0.7451171875 0.03515625 0.048828125
0 0.97265625 0.74609375 0.0546875 0.0625
0 0.7255859375 0.7724609375 0.123046875 0.119140625
0 0.6328125 0.724609375 0.03515625 0.0234375
0 0.5458984375 0.724609375 0.021484375 0.0234375
0 0.27734375 0.8046875 0.25 0.18359375
0 0.5205078125 0.7109375 0.037109375 0.03515625
0 0.7666015625 0.69921875 0.017578125 0.02734375
0 0.0712890625 0.7294921875 0.142578125 0.142578125
0 0.8701171875 0.70703125 0.099609375 0.10546875
0 0.7294921875 0.6650390625 0.052734375 0.048828125
0 0.6279296875 0.67578125 0.095703125 0.08203125
0 0.798828125 0.654296875 0.05078125 0.06640625
0 0.6806640625 0.63671875 0.044921875 0.03125
0 0.2861328125 0.666015625 0.123046875 0.09765625
0 0.5517578125 0.658203125 0.080078125 0.09765625
0 0.763671875 0.626953125 0.03125 0.0390625
0 0.7431640625 0.61328125 0.041015625 0.04296875
0 0.453125 0.62890625 0.13671875 0.15234375
0 0.685546875 0.5810546875 0.0625 0.060546875
0 0.4287109375 0.56640625 0.044921875 0.0625
0 0.609375 0.5771484375 0.08984375 0.107421875
0 0.939453125 0.5859375 0.12109375 0.12890625
0 0.3857421875 0.5703125 0.064453125 0.13671875
0 0.111328125 0.5966796875 0.22265625 0.255859375
0 0.962890625 0.5126953125 0.07421875 0.115234375
0 0.4599609375 0.4951171875 0.134765625 0.095703125
0 0.2724609375 0.474609375 0.103515625 0.11328125
0 0.9765625 0.435546875 0.046875 0.06640625
0 0.693359375 0.4677734375 0.140625 0.162109375
0 0.8515625 0.4912109375 0.1875 0.224609375
0 0.1689453125 0.419921875 0.138671875 0.13671875
0 0.5869140625 0.404296875 0.189453125 0.15234375
0 0.7548828125 0.3935546875 0.123046875 0.150390625
0 0.0556640625 0.3935546875 0.111328125 0.177734375
0 0.0087890625 0.30859375 0.017578125 0.0390625
0 0.95703125 0.3203125 0.0859375 0.078125
0 0.794921875 0.2763671875 0.0234375 0.033203125
0 0.341796875 0.3291015625 0.2109375 0.150390625
0 0.9697265625 0.2548828125 0.060546875 0.044921875
0 0.873046875 0.267578125 0.0703125 0.0859375
0 0.056640625 0.2373046875 0.046875 0.056640625
0 0.1005859375 0.2236328125 0.037109375 0.037109375
0 0.1591796875 0.1865234375 0.095703125 0.083984375
0 0.2353515625 0.2421875 0.271484375 0.19921875
0 0.0390625 0.189453125 0.078125 0.109375
0 0.09375 0.1318359375 0.0390625 0.033203125
0 0.92578125 0.1669921875 0.05859375 0.111328125
0 0.5888671875 0.2080078125 0.373046875 0.201171875
0 0.8515625 0.15234375 0.04296875 0.109375
0 0.1494140625 0.1123046875 0.041015625 0.041015625
0 0.0205078125 0.1103515625 0.041015625 0.037109375
0 0.2509765625 0.125 0.107421875 0.09375
0 0.2412109375 0.08203125 0.041015625 0.03515625
0 0.1806640625 0.0810546875 0.037109375 0.033203125
0 0.9033203125 0.08203125 0.064453125 0.0390625
0 0.05859375 0.0751953125 0.04296875 0.044921875
0 0.001953125 0.0556640625 0.00390625 0.005859375
0 0.41015625 0.10546875 0.1484375 0.1328125
0 0.67578125 0.060546875 0.19140625 0.05859375
0 0.2255859375 0.046875 0.068359375 0.05859375
0 0.03125 0.03515625 0.046875 0.0390625
0 0.91796875 0.0078125 0.0625 0.015625
0 0.4677734375 0.0048828125 0.013671875 0.009765625
0 0.4462890625 0.0205078125 0.041015625 0.041015625
0 0.3330078125 0.013671875 0.115234375 0.02734375
0 0.126953125 0.0283203125 0.1171875 0.056640625