0 0.751953125 0.998046875 0.0078125 0.00390625
0 0.669921875 0.99609375 0.015625 0.0078125
0 0.5986328125 0.9951171875 0.025390625 0.009765625
0 0.4482421875 0.9951171875 0.021484375 0.009765625
0 0.7138671875 0.994140625 0.017578125 0.01171875
0 0.04296875 0.994140625 0.0234375 0.01171875
0 0.5205078125 0.9912109375 0.029296875 0.017578125
0 0.36328125 0.984375 0.04296875 0.03125
0 0.56640625 0.966796875 0.015625 0.015625
0 0.45703125 0.9736328125 0.02734375 0.029296875
0 0.6083984375 0.9697265625 0.033203125 0.033203125
0 0.533203125 0.96484375 0.03515625 0.03125
0 0.2939453125 0.970703125 0.033203125 0.04296875
0 0.3740234375 0.9580078125 0.037109375 0.033203125
0 0.6962890625 0.9609375 0.056640625 0.0546875
0 0.59375 0.939453125 0.015625 0.015625
0 0.0166015625 0.9580078125 0.033203125 0.056640625
0 0.6220703125 0.9375 0.029296875 0.0234375
0 0.9853515625 0.9453125 0.029296875 0.046875
0 0.46875 0.939453125 0.03125 0.03515625
0 0.2978515625 0.935546875 0.041015625 0.03125
0 0.5458984375 0.9296875 0.037109375 0.03515625
0 0.712890625 0.91796875 0.04296875 0.03125
0 0.9140625 0.9462890625 0.05859375 0.107421875
0 0.7783203125 0.9462890625 0.064453125 0.107421875
0 0.6337890625 0.908203125 0.029296875 0.03125
0 0.2626953125 0.908203125 0.017578125 0.03515625
0 0.3056640625 0.90625 0.041015625 0.03515625
0 0.482421875 0.9033203125 0.03125 0.033203125
0 0.0654296875 0.919921875 0.048828125 0.0703125
0 0.5576171875 0.8994140625 0.033203125 0.037109375
0 0.38671875 0.912109375 0.046875 0.06640625
0 0.71875 0.8876953125 0.03125 0.033203125
0 0.6455078125 0.880859375 0.037109375 0.03515625
0 0.31640625 0.8759765625 0.04296875 0.033203125
0 0.2705078125 0.8681640625 0.017578125 0.017578125
0 0.4921875 0.8671875 0.03125 0.02734375
0 0.90234375 0.87109375 0.0390625 0.0390625
0 0.7890625 0.86328125 0.02734375 0.02734375
0 0.40234375 0.86328125 0.0390625 0.03125
0 0.5703125 0.861328125 0.03125 0.03515625
0 0.7294921875 0.8564453125 0.037109375 0.033203125
0 0.279296875 0.8408203125 0.015625 0.017578125
0 0.6572265625 0.8486328125 0.033203125 0.037109375
0 0.3251953125 0.84765625 0.041015625 0.03515625
0 0.9794921875 0.8388671875 0.033203125 0.033203125
0 0.8505859375 0.9111328125 0.048828125 0.177734375
0 0.5048828125 0.8349609375 0.033203125 0.033203125
0 0.416015625 0.833984375 0.046875 0.03515625
0 0.5849609375 0.826171875 0.033203125 0.03515625
0 0.78515625 0.8232421875 0.02734375 0.037109375
0 0.3349609375 0.818359375 0.044921875 0.03515625
0 0.7490234375 0.8125 0.033203125 0.03515625
0 0.896484375 0.80078125 0.03515625 0.02734375
0 0.5185546875 0.8017578125 0.033203125 0.033203125
0 0.423828125 0.8017578125 0.0390625 0.033203125
0 0.34765625 0.7958984375 0.03515625 0.025390625
0 0.5966796875 0.7939453125 0.037109375 0.033203125
0 0.9833984375 0.798828125 0.033203125 0.046875
0 0.326171875 0.7744140625 0.01953125 0.017578125
0 0.0263671875 0.826171875 0.052734375 0.1328125
0 0.43359375 0.771484375 0.0390625 0.02734375
0 0.3564453125 0.7705078125 0.033203125 0.025390625
0 0.67578125 0.7890625 0.0625 0.08203125
0 0.529296875 0.7646484375 0.03515625 0.037109375
0 0.61328125 0.7607421875 0.03125 0.037109375
0 0.33203125 0.7470703125 0.01953125 0.017578125
0 0.9189453125 0.7587890625 0.033203125 0.044921875
0 0.365234375 0.7431640625 0.03125 0.025390625
0 0.4423828125 0.740234375 0.041015625 0.03125
0 0.994140625 0.7314453125 0.01171875 0.029296875
0 0.8740234375 0.73046875 0.037109375 0.02734375
0 0.3388671875 0.72265625 0.017578125 0.015625
0 0.5498046875 0.728515625 0.033203125 0.03515625
0 0.1513671875 0.783203125 0.177734375 0.14453125
0 0.0615234375 0.7275390625 0.037109375 0.033203125
0 0.4541015625 0.708984375 0.041015625 0.03125
0 0.9365234375 0.7041015625 0.033203125 0.033203125
0 0.7880859375 0.732421875 0.080078125 0.09375
0 0.8779296875 0.6943359375 0.033203125 0.025390625
0 0.6826171875 0.708984375 0.107421875 0.078125
0 0.4619140625 0.6806640625 0.037109375 0.037109375
0 0.8017578125 0.673828125 0.041015625 0.03515625
0 0.9384765625 0.6640625 0.017578125 0.01953125
0 0.71875 0.671875 0.04296875 0.03515625
0 0.380859375 0.69140625 0.05078125 0.078125
0 0.8818359375 0.6611328125 0.033203125 0.033203125
0 0.671875 0.6591796875 0.04296875 0.033203125
0 0.0537109375 0.6591796875 0.041015625 0.048828125
0 0.958984375 0.642578125 0.03125 0.03125
0 0.7314453125 0.6396484375 0.044921875 0.033203125
0 0.3955078125 0.6357421875 0.037109375 0.029296875
0 0.8125 0.6357421875 0.03515625 0.033203125
0 0.9267578125 0.6318359375 0.025390625 0.033203125
0 0.6826171875 0.6279296875 0.044921875 0.033203125
0 0.8154296875 0.6142578125 0.017578125 0.013671875
0 0.8857421875 0.6181640625 0.029296875 0.041015625
0 0.74609375 0.6103515625 0.0390625 0.033203125
0 0.8232421875 0.591796875 0.029296875 0.03515625
0 0.6953125 0.5888671875 0.0390625 0.033203125
0 0.02734375 0.5947265625 0.0546875 0.072265625
0 0.6123046875 0.6259765625 0.072265625 0.138671875
0 0.75390625 0.572265625 0.04296875 0.03515625
0 0.958984375 0.564453125 0.0546875 0.03515625
0 0.7080078125 0.552734375 0.041015625 0.03125
0 0.89453125 0.5478515625 0.0234375 0.033203125
0 0.9345703125 0.53515625 0.021484375 0.03125
0 0.248046875 0.6416015625 0.06640625 0.244140625
0 0.83203125 0.51953125 0.0234375 0.046875
0 0.5361328125 0.5400390625 0.146484375 0.099609375
0 0.7958984375 0.51171875 0.025390625 0.046875
0 0.978515625 0.5009765625 0.02734375 0.033203125
0 0.90234375 0.505859375 0.03515625 0.046875
0 0.302734375 0.607421875 0.07421875 0.25390625
0 0.763671875 0.4990234375 0.03125 0.044921875
0 0.625 0.501953125 0.05078125 0.0703125
0 0.734375 0.484375 0.0390625 0.0390625
0 0.1064453125 0.5673828125 0.197265625 0.220703125
0 0.0029296875 0.482421875 0.005859375 0.05078125
0 0.984375 0.462890625 0.03125 0.03125
0 0.94140625 0.4638671875 0.0390625 0.041015625
0 0.9033203125 0.4541015625 0.029296875 0.037109375
0 0.78515625 0.4521484375 0.03515625 0.037109375
0 0.9873046875 0.421875 0.025390625 0.03125
0 0.6953125 0.43359375 0.0625 0.05859375
0 0.9130859375 0.4150390625 0.037109375 0.025390625
0 0.486328125 0.46875 0.26171875 0.14453125
0 0.9873046875 0.3837890625 0.025390625 0.021484375
0 0.9189453125 0.3818359375 0.033203125 0.025390625
0 0.8310546875 0.4150390625 0.080078125 0.099609375
0 0.7578125 0.384765625 0.0625 0.05859375
0 0.95703125 0.3544921875 0.01953125 0.021484375
0 0.921875 0.3515625 0.03515625 0.0234375
0 0.990234375 0.349609375 0.01953125 0.0234375
0 0.9912109375 0.318359375 0.017578125 0.01953125
0 0.927734375 0.3173828125 0.0390625 0.025390625
0 0.818359375 0.3330078125 0.0625 0.056640625
0 0.35546875 0.326171875 0.05859375 0.05859375
0 0.25 0.3291015625 0.1171875 0.064453125
0 0.4208984375 0.3173828125 0.048828125 0.044921875
0 0.1103515625 0.31640625 0.126953125 0.0625
0 0.1591796875 0.2822265625 0.033203125 0.021484375
0 0.359375 0.2783203125 0.03515625 0.025390625
0 0.986328125 0.27734375 0.02734375 0.046875
0 0.2275390625 0.267578125 0.037109375 0.02734375
0 0.998046875 0.255859375 0.00390625 0.01953125
0 0.1640625 0.2578125 0.03125 0.0234375
0 0.36328125 0.2548828125 0.03125 0.025390625
0 0.9326171875 0.259765625 0.037109375 0.0625
0 0.9912109375 0.2314453125 0.017578125 0.021484375
0 0.3662109375 0.2294921875 0.033203125 0.021484375
0 0.0888671875 0.2470703125 0.052734375 0.056640625
0 0.171875 0.2275390625 0.03125 0.021484375
0 0.7392578125 0.31640625 0.236328125 0.20703125
0 0.3701171875 0.20703125 0.033203125 0.0234375
0 0.9931640625 0.2021484375 0.013671875 0.021484375
0 0.140625 0.2001953125 0.015625 0.017578125
0 0.9638671875 0.2080078125 0.021484375 0.048828125
0 0.173828125 0.1962890625 0.0390625 0.025390625
0 0.0224609375 0.2255859375 0.044921875 0.087890625
0 0.0966796875 0.1943359375 0.041015625 0.052734375
0 0.1787109375 0.169921875 0.037109375 0.02734375
0 0.1025390625 0.1552734375 0.025390625 0.029296875
0 0.0322265625 0.1474609375 0.025390625 0.025390625
0 0.140625 0.1376953125 0.015625 0.017578125
0 0.177734375 0.138671875 0.0390625 0.02734375
0 0.0068359375 0.1376953125 0.013671875 0.025390625
0 0.1123046875 0.1259765625 0.029296875 0.021484375
0 0.431640625 0.193359375 0.07421875 0.1796875
0 0.041015625 0.1142578125 0.0234375 0.021484375
0 0.2470703125 0.1796875 0.068359375 0.15625
0 0.91796875 0.16796875 0.1640625 0.14453125
0 0.1884765625 0.109375 0.037109375 0.02734375
0 0.5126953125 0.154296875 0.060546875 0.12109375
0 0.021484375 0.09375 0.015625 0.015625
0 0.1181640625 0.09375 0.029296875 0.0234375
0 0.2666015625 0.08984375 0.041015625 0.02734375
0 0.0458984375 0.08984375 0.025390625 0.02734375
0 0.4580078125 0.0869140625 0.029296875 0.029296875
0 0.376953125 0.1328125 0.05859375 0.12890625
0 0.005859375 0.078125 0.01171875 0.01953125
0 0.306640625 0.17578125 0.0859375 0.23046875
0 0.2724609375 0.0654296875 0.037109375 0.025390625
0 0.619140625 0.181640625 0.3046875 0.265625
0 0.0478515625 0.056640625 0.033203125 0.0234375
0 0.015625 0.0546875 0.02734375 0.03515625
0 0.576171875 0.06640625 0.15625 0.0859375
0 0.0517578125 0.0341796875 0.037109375 0.025390625
0 0.0029296875 0.0263671875 0.005859375 0.009765625
0 0.203125 0.0556640625 0.0546875 0.091796875
0 0.427734375 0.0537109375 0.11328125 0.095703125
0 0.7763671875 0.001953125 0.005859375 0.00390625
0 0.306640625 0.029296875 0.1015625 0.05859375
0 0.22265625 0.00390625 0.0390625 0.0078125
0 0.1474609375 0.0166015625 0.068359375 0.033203125
0 0.068359375 0.001953125 0.00390625 0.00390625