0 0.4775390625 0.3935546875 0.048828125 0.033203125
0 0.3759765625 0.39453125 0.052734375 0.03515625
0 0.2802734375 0.3701171875 0.033203125 0.029296875
0 0.46875 0.3447265625 0.03515625 0.037109375
0 0.2333984375 0.33203125 0.041015625 0.03125
0 0.4072265625 0.3134765625 0.033203125 0.033203125
0 0.544921875 0.30078125 0.0390625 0.0390625
0 0.0771484375 0.2744140625 0.037109375 0.025390625
0 0.0283203125 0.255859375 0.029296875 0.02734375
0 0.189453125 0.2568359375 0.02734375 0.033203125
0 0.576171875 0.2578125 0.02734375 0.04296875
0 0.5078125 0.2509765625 0.03515625 0.037109375
0 0.33984375 0.220703125 0.04296875 0.0390625
0 0.291015625 0.2080078125 0.02734375 0.025390625
0 0.568359375 0.201171875 0.04296875 0.04296875
0 0.4697265625 0.1826171875 0.033203125 0.029296875
0 0.0078125 0.166015625 0.015625 0.02734375
0 0.22265625 0.1669921875 0.046875 0.041015625
0 0.42578125 0.1591796875 0.03125 0.033203125
0 0.3154296875 0.1591796875 0.041015625 0.041015625
0 0.5595703125 0.1494140625 0.037109375 0.037109375
0 0.1669921875 0.14453125 0.044921875 0.03515625
0 0.40234375 0.12109375 0.03125 0.02734375
0 0.5322265625 0.107421875 0.029296875 0.03125
0 0.29296875 0.1123046875 0.03125 0.041015625
0 0.1396484375 0.0986328125 0.029296875 0.041015625
0 0.3857421875 0.076171875 0.033203125 0.04296875
0 0.0888671875 0.0673828125 0.033203125 0.037109375
0 0.486328125 0.06640625 0.046875 0.0390625
0 0.255859375 0.05859375 0.0390625 0.04296875
0 0.115234375 0.044921875 0.015625 0.015625
0 0.1728515625 0.0439453125 0.037109375 0.044921875
0 0.03125 0.0361328125 0.03515625 0.033203125
0 0.232421875 0.01953125 0.02734375 0.02734375
0 0.35546875 0.0224609375 0.03125 0.037109375
0 0.478515625 0.015625 0.03125 0.03125