0 0.287109375 0.998046875 0.0078125 0.00390625
0 0.0244140625 0.998046875 0.005859375 0.00390625
0 0.470703125 0.99609375 0.01953125 0.0078125
0 0.267578125 0.9951171875 0.01953125 0.009765625
0 0.447265625 0.9931640625 0.01953125 0.013671875
0 0.0068359375 0.9921875 0.013671875 0.015625
0 0.2421875 0.9912109375 0.0234375 0.017578125
0 0.421875 0.990234375 0.0234375 0.01953125
0 0.21875 0.9892578125 0.0234375 0.021484375
0 0.1943359375 0.9853515625 0.025390625 0.029296875
0 0.1708984375 0.9814453125 0.025390625 0.037109375
0 0.611328125 0.9794921875 0.046875 0.041015625
0 0.3701171875 0.9755859375 0.025390625 0.033203125
0 0.1474609375 0.9765625 0.025390625 0.0390625
0 0.34375 0.9697265625 0.02734375 0.033203125
0 0.1240234375 0.970703125 0.025390625 0.03515625
0 0.5234375 0.9599609375 0.03515625 0.029296875
0 0.3193359375 0.9619140625 0.025390625 0.033203125
0 0.1015625 0.962890625 0.0234375 0.0390625
0 0.2998046875 0.9541015625 0.025390625 0.033203125
0 0.078125 0.9560546875 0.02734375 0.037109375
0 0.052734375 0.9501953125 0.02734375 0.033203125
0 0.666015625 0.9609375 0.0703125 0.05859375
0 0.2763671875 0.947265625 0.025390625 0.03125
0 0.4833984375 0.9423828125 0.025390625 0.033203125
0 0.0234375 0.9365234375 0.03515625 0.037109375
0 0.2314453125 0.931640625 0.025390625 0.0390625
0 0.431640625 0.9267578125 0.05859375 0.048828125
0 0.1982421875 0.9228515625 0.044921875 0.041015625
0 0.5458984375 0.9140625 0.021484375 0.03125
0 0.3935546875 0.9140625 0.025390625 0.03515625
0 0.166015625 0.9130859375 0.03125 0.041015625
0 0.37109375 0.9091796875 0.0234375 0.041015625
0 0.142578125 0.9052734375 0.02734375 0.037109375
0 0.34765625 0.90234375 0.0234375 0.0390625
0 0.52734375 0.8955078125 0.0234375 0.029296875
0 0.1201171875 0.896484375 0.025390625 0.03515625
0 0.32421875 0.892578125 0.02734375 0.03125
0 0.09765625 0.8896484375 0.0234375 0.033203125
0 0.2998046875 0.8876953125 0.025390625 0.033203125
0 0.494140625 0.8857421875 0.046875 0.041015625
0 0.275390625 0.8828125 0.02734375 0.03515625
0 0.07421875 0.8818359375 0.02734375 0.033203125
0 0.4541015625 0.8759765625 0.025390625 0.033203125
0 0.013671875 0.8779296875 0.02734375 0.041015625
0 0.67578125 0.888671875 0.0625 0.07421875
0 0.9619140625 0.8623046875 0.029296875 0.025390625
0 0.4345703125 0.8623046875 0.021484375 0.025390625
0 0.228515625 0.865234375 0.0234375 0.03125
0 0.4091796875 0.8564453125 0.025390625 0.029296875
0 0.205078125 0.8583984375 0.0234375 0.033203125
0 0.1865234375 0.849609375 0.025390625 0.0390625
0 0.54296875 0.8408203125 0.01953125 0.025390625
0 0.3818359375 0.84765625 0.029296875 0.0390625
0 0.0361328125 0.845703125 0.041015625 0.0390625
0 0.5673828125 0.841796875 0.025390625 0.0390625
0 0.3603515625 0.833984375 0.021484375 0.0234375
0 0.162109375 0.841796875 0.02734375 0.0390625
0 0.9658203125 0.833984375 0.029296875 0.02734375
0 0.5234375 0.8330078125 0.0234375 0.029296875
0 0.5 0.826171875 0.0234375 0.0234375
0 0.330078125 0.8271484375 0.0234375 0.025390625
0 0.138671875 0.8349609375 0.0234375 0.041015625
0 0.115234375 0.828125 0.0234375 0.03515625
0 0.4755859375 0.81640625 0.021484375 0.02734375
0 0.4501953125 0.80859375 0.021484375 0.0234375
0 0.30078125 0.814453125 0.02734375 0.03515625
0 0.4267578125 0.798828125 0.025390625 0.0234375
0 0.2763671875 0.8056640625 0.029296875 0.037109375
0 0.06640625 0.802734375 0.03125 0.03125
0 0.609375 0.80078125 0.02734375 0.03125
0 0.001953125 0.7880859375 0.00390625 0.005859375
0 0.248046875 0.7978515625 0.03125 0.037109375
0 0.5849609375 0.7919921875 0.029296875 0.033203125
0 0.404296875 0.78515625 0.02734375 0.03125
0 0.97265625 0.779296875 0.02734375 0.0234375
0 0.5625 0.7841796875 0.02734375 0.033203125
0 0.9267578125 0.771484375 0.029296875 0.01953125
0 0.203125 0.78515625 0.06640625 0.0546875
0 0.8857421875 0.7666015625 0.029296875 0.021484375
0 0.37890625 0.7763671875 0.03125 0.041015625
0 0.0078125 0.7685546875 0.015625 0.025390625
0 0.5439453125 0.76953125 0.025390625 0.03125
0 0.09765625 0.771484375 0.0390625 0.0390625
0 0.1533203125 0.765625 0.033203125 0.03515625
0 0.5205078125 0.765625 0.029296875 0.0390625
0 0.353515625 0.7646484375 0.03125 0.041015625
0 0.9755859375 0.75 0.029296875 0.02734375
0 0.32421875 0.7548828125 0.03515625 0.041015625
0 0.48828125 0.7529296875 0.05078125 0.041015625
0 0.2958984375 0.748046875 0.025390625 0.03515625
0 0.6884765625 0.75390625 0.064453125 0.05859375
0 0.0166015625 0.7431640625 0.033203125 0.037109375
0 0.2724609375 0.740234375 0.025390625 0.03515625
0 0.123046875 0.7373046875 0.03125 0.033203125
0 0.453125 0.7392578125 0.02734375 0.041015625
0 0.248046875 0.7314453125 0.02734375 0.033203125
0 0.4326171875 0.7294921875 0.029296875 0.033203125
0 0.22265625 0.7255859375 0.0234375 0.029296875
0 0.978515625 0.7197265625 0.03125 0.021484375
0 0.603515625 0.724609375 0.02734375 0.03515625
0 0.0322265625 0.7216796875 0.033203125 0.029296875
0 0.935546875 0.72265625 0.0234375 0.03515625
0 0.908203125 0.716796875 0.0234375 0.02734375
0 0.4072265625 0.71875 0.029296875 0.0390625
0 0.880859375 0.708984375 0.01953125 0.0234375
0 0.5771484375 0.7138671875 0.029296875 0.033203125
0 0.1650390625 0.7041015625 0.044921875 0.033203125
0 0.0478515625 0.7021484375 0.033203125 0.029296875
0 0.365234375 0.705078125 0.02734375 0.0390625
0 0.5439453125 0.7021484375 0.044921875 0.041015625
0 0.5078125 0.6923828125 0.0234375 0.021484375
0 0.3388671875 0.6953125 0.029296875 0.03125
0 0.314453125 0.6884765625 0.02734375 0.037109375
0 0.0673828125 0.68359375 0.037109375 0.03125
0 0.17578125 0.6806640625 0.03125 0.033203125
0 0.2939453125 0.677734375 0.025390625 0.03515625
0 0.4775390625 0.677734375 0.048828125 0.04296875
0 0.982421875 0.669921875 0.03515625 0.03125
0 0.26953125 0.671875 0.0234375 0.03515625
0 0.4453125 0.666015625 0.02734375 0.03515625
0 0.2490234375 0.662109375 0.029296875 0.03515625
0 0.0771484375 0.66015625 0.033203125 0.03125
0 0.193359375 0.658203125 0.03515625 0.03515625
0 0.4208984375 0.65625 0.029296875 0.03515625
0 0.982421875 0.640625 0.03515625 0.0234375
0 0.396484375 0.646484375 0.02734375 0.03515625
0 0.0966796875 0.6435546875 0.037109375 0.033203125
0 0.376953125 0.638671875 0.02734375 0.03515625
0 0.033203125 0.630859375 0.01953125 0.01953125
0 0.2138671875 0.6328125 0.037109375 0.03515625
0 0.0068359375 0.626953125 0.013671875 0.0234375
0 0.3515625 0.6298828125 0.02734375 0.033203125
0 0.951171875 0.6181640625 0.01953125 0.029296875
0 0.986328125 0.615234375 0.02734375 0.02734375
0 0.1142578125 0.6181640625 0.037109375 0.033203125
0 0.904296875 0.6083984375 0.03515625 0.025390625
0 0.306640625 0.6123046875 0.02734375 0.033203125
0 0.2802734375 0.6083984375 0.021484375 0.025390625
0 0.013671875 0.609375 0.02734375 0.02734375
0 0.134765625 0.603515625 0.03515625 0.03125
0 0.498046875 0.6005859375 0.03515625 0.044921875
0 0.0673828125 0.5859375 0.021484375 0.0234375
0 0.4716796875 0.5888671875 0.033203125 0.044921875
0 0.025390625 0.580078125 0.02734375 0.02734375
0 0.1513671875 0.576171875 0.037109375 0.03515625
0 0.43359375 0.57421875 0.05859375 0.0546875
0 0.98828125 0.55859375 0.0234375 0.03125
0 0.0419921875 0.5595703125 0.033203125 0.033203125
0 0.958984375 0.5537109375 0.01953125 0.033203125
0 0.16015625 0.55078125 0.0390625 0.03125
0 0.9013671875 0.548828125 0.021484375 0.03515625
0 0.51171875 0.544921875 0.0546875 0.03515625
0 0.990234375 0.529296875 0.01953125 0.01953125
0 0.1806640625 0.53515625 0.033203125 0.03125
0 0.0546875 0.53515625 0.03125 0.03125
0 0.0908203125 0.5283203125 0.021484375 0.021484375
0 0.7763671875 0.603515625 0.068359375 0.19140625
0 0.201171875 0.51953125 0.02734375 0.02734375
0 0.060546875 0.5048828125 0.03125 0.033203125
0 0.4189453125 0.4970703125 0.025390625 0.029296875
0 0.0068359375 0.484375 0.013671875 0.0234375
0 0.396484375 0.486328125 0.02734375 0.03125
0 0.58984375 0.4833984375 0.03125 0.029296875
0 0.0732421875 0.478515625 0.037109375 0.03125
0 0.138671875 0.4697265625 0.0234375 0.021484375
0 0.2236328125 0.4794921875 0.044921875 0.052734375
0 0.6044921875 0.46484375 0.025390625 0.02734375
0 0.6962890625 0.54296875 0.068359375 0.1953125
0 0.0107421875 0.4580078125 0.021484375 0.025390625
0 0.080078125 0.455078125 0.0390625 0.03515625
0 0.625 0.439453125 0.03125 0.03125
0 0.2509765625 0.4453125 0.048828125 0.04296875
0 0.01953125 0.43359375 0.02734375 0.0234375
0 0.3447265625 0.439453125 0.041015625 0.04296875
0 0.09375 0.427734375 0.0390625 0.03515625
0 0.53125 0.4208984375 0.03125 0.033203125
0 0.1513671875 0.41015625 0.017578125 0.01953125
0 0.64453125 0.4130859375 0.03515625 0.037109375
0 0.02734375 0.4072265625 0.02734375 0.025390625
0 0.1982421875 0.4150390625 0.048828125 0.052734375
0 0.1044921875 0.40234375 0.033203125 0.03125
0 0.38671875 0.4013671875 0.0390625 0.037109375
0 0.5517578125 0.3935546875 0.033203125 0.033203125
0 0.173828125 0.3828125 0.0234375 0.01953125
0 0.275390625 0.3896484375 0.03515625 0.037109375
0 0.0390625 0.380859375 0.02734375 0.02734375
0 0.955078125 0.408203125 0.08984375 0.08984375
0 0.119140625 0.3798828125 0.0390625 0.037109375
0 0.5947265625 0.37109375 0.033203125 0.03125
0 0.4052734375 0.3740234375 0.041015625 0.037109375
0 0.255859375 0.37109375 0.0390625 0.03515625
0 0.234375 0.3603515625 0.02734375 0.029296875
0 0.05078125 0.3583984375 0.02734375 0.025390625
0 0.13671875 0.3603515625 0.0390625 0.033203125
0 0.4912109375 0.431640625 0.142578125 0.19140625
0 0.236328125 0.3251953125 0.01953125 0.021484375
0 0.19140625 0.3271484375 0.02734375 0.029296875
0 0.0595703125 0.3291015625 0.041015625 0.037109375
0 0.443359375 0.3251953125 0.03125 0.033203125
0 0.2216796875 0.3134765625 0.017578125 0.017578125
0 0.3232421875 0.341796875 0.080078125 0.08203125
0 0.2451171875 0.3056640625 0.017578125 0.017578125
0 0.078125 0.310546875 0.03125 0.02734375
0 0.51171875 0.3095703125 0.03125 0.029296875
0 0.7939453125 0.3876953125 0.076171875 0.189453125
0 0.1630859375 0.3056640625 0.037109375 0.033203125
0 0.4892578125 0.2978515625 0.025390625 0.025390625
0 0.287109375 0.296875 0.03515625 0.0390625
0 0.091796875 0.2890625 0.0390625 0.03515625
0 0.181640625 0.28515625 0.03515625 0.03125
0 0.36328125 0.275390625 0.0234375 0.0234375
0 0.6767578125 0.310546875 0.091796875 0.09765625
0 0.263671875 0.279296875 0.03515625 0.03515625
0 0.20703125 0.271484375 0.01953125 0.01953125
0 0.1083984375 0.2646484375 0.037109375 0.037109375
0 0.2412109375 0.26171875 0.037109375 0.0390625
0 0.2109375 0.23828125 0.0390625 0.0390625
0 0.4169921875 0.2392578125 0.064453125 0.060546875
0 0.115234375 0.2333984375 0.05078125 0.048828125
0 0.3212890625 0.2421875 0.072265625 0.07421875
0 0.53515625 0.2177734375 0.03515625 0.033203125
0 0.1376953125 0.2197265625 0.041015625 0.037109375
0 0.65234375 0.2509765625 0.18359375 0.103515625
0 0.3818359375 0.20703125 0.037109375 0.04296875
0 0.5517578125 0.19921875 0.033203125 0.03125
0 0.1552734375 0.1962890625 0.037109375 0.033203125
0 0.361328125 0.189453125 0.03515625 0.0390625
0 0.4541015625 0.185546875 0.048828125 0.05078125
0 0.56640625 0.17578125 0.0390625 0.03515625
0 0.1689453125 0.1748046875 0.037109375 0.033203125
0 0.470703125 0.166015625 0.03515625 0.03515625
0 0.3115234375 0.189453125 0.095703125 0.08203125
0 0.4248046875 0.1572265625 0.037109375 0.037109375
0 0.3173828125 0.1552734375 0.037109375 0.041015625
0 0.48828125 0.1484375 0.03515625 0.03125
0 0.1826171875 0.146484375 0.029296875 0.02734375
0 0.2607421875 0.1669921875 0.064453125 0.072265625
0 0.9931640625 0.1376953125 0.013671875 0.017578125
0 0.6005859375 0.1318359375 0.037109375 0.033203125
0 0.5 0.1279296875 0.0390625 0.033203125
0 0.8525390625 0.1845703125 0.123046875 0.162109375
0 0.287109375 0.1220703125 0.04296875 0.037109375
0 0.3955078125 0.1279296875 0.056640625 0.060546875
0 0.615234375 0.1103515625 0.03125 0.029296875
0 0.513671875 0.1083984375 0.0390625 0.033203125
0 0.3623046875 0.107421875 0.029296875 0.03125
0 0.2080078125 0.1162109375 0.044921875 0.052734375
0 0.6328125 0.091796875 0.03515625 0.03515625
0 0.4794921875 0.08984375 0.033203125 0.0390625
0 0.33203125 0.083984375 0.0546875 0.05078125
0 0.458984375 0.072265625 0.03125 0.03515625
0 0.650390625 0.0703125 0.03515625 0.0390625
0 0.30078125 0.0615234375 0.02734375 0.029296875
0 0.5478515625 0.0654296875 0.041015625 0.041015625
0 0.4423828125 0.0576171875 0.033203125 0.033203125
0 0.564453125 0.044921875 0.04296875 0.0390625
0 0.2841796875 0.0439453125 0.033203125 0.037109375
0 0.7958984375 0.041015625 0.037109375 0.0390625
0 0.685546875 0.0341796875 0.03515625 0.033203125
0 0.259765625 0.0302734375 0.03125 0.029296875
0 0.41015625 0.033203125 0.05078125 0.046875
0 0.580078125 0.025390625 0.04296875 0.0390625
0 0.7744140625 0.0224609375 0.033203125 0.037109375
0 0.90234375 0.0439453125 0.08203125 0.087890625
0 0.7548828125 0.0126953125 0.037109375 0.025390625
0 0.7236328125 0.0048828125 0.017578125 0.009765625
0 0.701171875 0.015625 0.03515625 0.03125
0 0.6240234375 0.0029296875 0.009765625 0.005859375
0 0.595703125 0.0107421875 0.0390625 0.021484375
0 0.484375 0.017578125 0.0625 0.03515625