0 0.9970703125 0.9970703125 0.005859375 0.005859375
0 0.85546875 0.9970703125 0.01171875 0.005859375
0 0.6181640625 0.9951171875 0.017578125 0.009765625
0 0.9326171875 0.9873046875 0.029296875 0.025390625
0 0.2373046875 0.9873046875 0.037109375 0.025390625
0 0.6005859375 0.984375 0.037109375 0.03125
0 0.48828125 0.984375 0.04296875 0.03125
0 0.9794921875 0.9638671875 0.029296875 0.029296875
0 0.9072265625 0.96484375 0.037109375 0.03125
0 0.8115234375 0.96484375 0.037109375 0.03515625
0 0.5791015625 0.958984375 0.052734375 0.04296875
0 0.453125 0.955078125 0.0703125 0.046875
0 0.8876953125 0.94140625 0.033203125 0.03125
0 0.998046875 0.92578125 0.00390625 0.00390625
0 0.7900390625 0.9443359375 0.044921875 0.041015625
0 0.5458984375 0.93359375 0.021484375 0.01953125
0 0.9296875 0.931640625 0.0234375 0.0234375
0 0.36328125 0.931640625 0.0234375 0.0234375
0 0.779296875 0.919921875 0.03515625 0.03515625
0 0.8642578125 0.908203125 0.033203125 0.03515625
0 0.541015625 0.9072265625 0.04296875 0.033203125
0 0.9580078125 0.8984375 0.021484375 0.0234375
0 0.630859375 0.8984375 0.02734375 0.02734375
0 0.7607421875 0.8935546875 0.029296875 0.029296875
0 0.42578125 0.8994140625 0.0390625 0.041015625
0 0.2734375 0.8994140625 0.03515625 0.041015625
0 0.923828125 0.8837890625 0.03515625 0.029296875
0 0.841796875 0.8818359375 0.03125 0.029296875
0 0.37109375 0.8798828125 0.04296875 0.037109375
0 0.91015625 0.8671875 0.03515625 0.03125
0 0.7421875 0.8662109375 0.0390625 0.033203125
0 0.60546875 0.8603515625 0.02734375 0.029296875
0 0.4912109375 0.8564453125 0.033203125 0.029296875
0 0.9873046875 0.8564453125 0.025390625 0.033203125
0 0.0908203125 0.896484375 0.091796875 0.11328125
0 0.3349609375 0.8525390625 0.052734375 0.044921875
0 0.71875 0.8466796875 0.03125 0.037109375
0 0.8232421875 0.83984375 0.041015625 0.04296875
0 0.4716796875 0.830078125 0.021484375 0.0234375
0 0.908203125 0.826171875 0.03125 0.03515625
0 0.708984375 0.822265625 0.02734375 0.02734375
0 0.5673828125 0.8212890625 0.025390625 0.029296875
0 0.3193359375 0.814453125 0.021484375 0.01953125
0 0.9833984375 0.814453125 0.033203125 0.03515625
0 0.4609375 0.80859375 0.03125 0.02734375
0 0.7919921875 0.8076171875 0.029296875 0.029296875
0 0.6884765625 0.796875 0.033203125 0.03125
0 0.619140625 0.7841796875 0.01953125 0.017578125
0 0.1494140625 0.7861328125 0.025390625 0.025390625
0 0.4462890625 0.783203125 0.033203125 0.03125
0 0.8369140625 0.77734375 0.025390625 0.0234375
0 0.9697265625 0.7822265625 0.044921875 0.044921875
0 0.1630859375 0.7724609375 0.033203125 0.029296875
0 0.7705078125 0.7685546875 0.029296875 0.033203125
0 0.6640625 0.7646484375 0.03515625 0.033203125
0 0.4306640625 0.76171875 0.037109375 0.03125
0 0.798828125 0.744140625 0.0234375 0.0234375
0 0.748046875 0.744140625 0.02734375 0.02734375
0 0.1201171875 0.75 0.048828125 0.0390625
0 0.6455078125 0.7421875 0.029296875 0.03125
0 0.408203125 0.7373046875 0.03125 0.033203125
0 0.7861328125 0.7294921875 0.021484375 0.021484375
0 0.431640625 0.73046875 0.0234375 0.0234375
0 0.8935546875 0.734375 0.041015625 0.03515625
0 0.7353515625 0.7236328125 0.033203125 0.029296875
0 0.2158203125 0.720703125 0.025390625 0.0234375
0 0.1572265625 0.720703125 0.029296875 0.02734375
0 0.9853515625 0.7197265625 0.029296875 0.033203125
0 0.6337890625 0.71484375 0.025390625 0.0234375
0 0.5693359375 0.712890625 0.021484375 0.0234375
0 0.9248046875 0.708984375 0.033203125 0.03125
0 0.44140625 0.70703125 0.03125 0.03125
0 0.611328125 0.701171875 0.03515625 0.03125
0 0.16796875 0.6982421875 0.03515625 0.025390625
0 0.7138671875 0.6953125 0.037109375 0.03125
0 0.47265625 0.6865234375 0.03125 0.033203125
0 0.2353515625 0.67578125 0.021484375 0.0234375
0 0.1806640625 0.6748046875 0.025390625 0.025390625
0 0.984375 0.6787109375 0.03125 0.037109375
0 0.8212890625 0.6650390625 0.029296875 0.029296875
0 0.4912109375 0.666015625 0.029296875 0.03125
0 0.859375 0.65234375 0.0234375 0.0234375
0 0.5830078125 0.6650390625 0.033203125 0.052734375
0 0.6767578125 0.650390625 0.037109375 0.03515625
0 0.0849609375 0.6455078125 0.033203125 0.025390625
0 0.9814453125 0.6455078125 0.033203125 0.029296875
0 0.89453125 0.64453125 0.03125 0.02734375
0 0.5205078125 0.6474609375 0.029296875 0.033203125
0 0.5615234375 0.6279296875 0.025390625 0.025390625
0 0.9306640625 0.6259765625 0.037109375 0.029296875
0 0.6611328125 0.6279296875 0.037109375 0.033203125
0 0.38671875 0.6298828125 0.0390625 0.041015625
0 0.091796875 0.6201171875 0.03125 0.025390625
0 0.001953125 0.6103515625 0.00390625 0.005859375
0 0.712890625 0.6220703125 0.0390625 0.041015625
0 0.5439453125 0.6083984375 0.037109375 0.029296875
0 0.751953125 0.6103515625 0.03515625 0.037109375
0 0.642578125 0.60546875 0.03515625 0.03125
0 0.21484375 0.6005859375 0.03125 0.029296875
0 0.1005859375 0.59375 0.029296875 0.02734375
0 0.6845703125 0.5908203125 0.025390625 0.029296875
0 0.9609375 0.587890625 0.03515625 0.03515625
0 0.779296875 0.5810546875 0.03125 0.033203125
0 0.712890625 0.57421875 0.01953125 0.0234375
0 0.1103515625 0.5673828125 0.029296875 0.025390625
0 0.2265625 0.5673828125 0.03515625 0.044921875
0 0.935546875 0.5595703125 0.03515625 0.033203125
0 0.6162109375 0.5615234375 0.041015625 0.037109375
0 0.4677734375 0.560546875 0.037109375 0.04296875
0 0.060546875 0.55078125 0.02734375 0.02734375
0 0.8935546875 0.54296875 0.025390625 0.0234375
0 0.6416015625 0.54296875 0.029296875 0.03125
0 0.83203125 0.544921875 0.04296875 0.04296875
0 0.248046875 0.533203125 0.03515625 0.02734375
0 0.8759765625 0.5283203125 0.021484375 0.021484375
0 0.49609375 0.53515625 0.04296875 0.0390625
0 0.068359375 0.525390625 0.02734375 0.02734375
0 0.1259765625 0.5166015625 0.029296875 0.029296875
0 0.2587890625 0.51171875 0.033203125 0.02734375
0 0.984375 0.5068359375 0.03125 0.033203125
0 0.8173828125 0.5 0.025390625 0.02734375
0 0.6796875 0.509765625 0.05078125 0.046875
0 0.0107421875 0.5166015625 0.021484375 0.064453125
0 0.533203125 0.5029296875 0.0390625 0.041015625
0 0.9580078125 0.4912109375 0.025390625 0.025390625
0 0.1357421875 0.48828125 0.033203125 0.02734375
0 0.72265625 0.4892578125 0.0390625 0.041015625
0 0.251953125 0.48046875 0.0234375 0.02734375
0 0.8046875 0.4765625 0.03125 0.03125
0 0.2841796875 0.4716796875 0.025390625 0.029296875
0 0.087890625 0.4716796875 0.02734375 0.029296875
0 0.91796875 0.470703125 0.0390625 0.03515625
0 0.54296875 0.4677734375 0.0390625 0.037109375
0 0.0615234375 0.4638671875 0.025390625 0.029296875
0 0.7451171875 0.4599609375 0.033203125 0.033203125
0 0.60546875 0.4580078125 0.03125 0.033203125
0 0.0361328125 0.4560546875 0.025390625 0.029296875
0 0.9931640625 0.4404296875 0.013671875 0.021484375
0 0.7861328125 0.44140625 0.033203125 0.03515625
0 0.5791015625 0.423828125 0.025390625 0.0234375
0 0.9892578125 0.4072265625 0.021484375 0.029296875
0 0.8857421875 0.4208984375 0.048828125 0.060546875
0 0.2705078125 0.40625 0.021484375 0.03125
0 0.8251953125 0.3955078125 0.033203125 0.033203125
0 0.4228515625 0.408203125 0.076171875 0.078125
0 0.8642578125 0.3662109375 0.033203125 0.029296875
0 0.9013671875 0.34375 0.044921875 0.04296875
0 0.3525390625 0.359375 0.083984375 0.08984375
0 0.755859375 0.3310546875 0.03515625 0.037109375
0 0.9296875 0.3232421875 0.03515625 0.037109375
0 0.783203125 0.3095703125 0.03515625 0.033203125
0 0.6533203125 0.359375 0.115234375 0.1328125
0 0.96875 0.318359375 0.0625 0.0703125
0 0.208984375 0.2783203125 0.0390625 0.029296875
0 0.8173828125 0.2841796875 0.048828125 0.044921875
0 0.9970703125 0.2490234375 0.005859375 0.009765625
0 0.85546875 0.2529296875 0.0234375 0.029296875
0 0.2919921875 0.2294921875 0.021484375 0.033203125
0 0.072265625 0.2734375 0.14453125 0.15625
0 0.2705078125 0.18359375 0.021484375 0.01953125
0 0.2353515625 0.18359375 0.041015625 0.0234375
0 0.5859375 0.1826171875 0.04296875 0.048828125
0 0.2998046875 0.1689453125 0.021484375 0.021484375
0 0.2216796875 0.162109375 0.033203125 0.03125
0 0.1474609375 0.15234375 0.029296875 0.03515625
0 0.2158203125 0.13671875 0.041015625 0.03515625
0 0.443359375 0.1298828125 0.01953125 0.029296875
0 0.359375 0.126953125 0.0234375 0.0234375
0 0.4697265625 0.125 0.017578125 0.02734375
0 0.259765625 0.1220703125 0.02734375 0.025390625
0 0.1337890625 0.125 0.029296875 0.03125
0 0.9375 0.15234375 0.1015625 0.10546875
0 0.30078125 0.1123046875 0.0234375 0.025390625
0 0.2041015625 0.109375 0.041015625 0.03515625
0 0.0771484375 0.0986328125 0.021484375 0.021484375
0 0.1171875 0.09765625 0.03515625 0.03515625
0 0.0185546875 0.1025390625 0.037109375 0.048828125
0 0.7646484375 0.109375 0.095703125 0.0859375
0 0.1845703125 0.083984375 0.044921875 0.0390625
0 0.1044921875 0.0712890625 0.033203125 0.037109375
0 0.173828125 0.056640625 0.02734375 0.02734375
0 0.2890625 0.052734375 0.01953125 0.0234375
0 0.0888671875 0.0458984375 0.041015625 0.033203125
0 0.6123046875 0.04296875 0.029296875 0.03515625
0 0.57421875 0.0341796875 0.015625 0.017578125
0 0.544921875 0.0322265625 0.01953125 0.029296875
0 0.3466796875 0.0263671875 0.013671875 0.017578125
0 0.4619140625 0.0302734375 0.029296875 0.029296875
0 0.5048828125 0.029296875 0.017578125 0.03125
0 0.9775390625 0.056640625 0.044921875 0.09375
0 0.4189453125 0.0322265625 0.033203125 0.044921875
0 0.234375 0.0185546875 0.0234375 0.025390625
0 0.390625 0.013671875 0.03125 0.02734375
0 0.3193359375 0.0048828125 0.017578125 0.009765625
0 0.2822265625 0.0126953125 0.029296875 0.025390625
0 0.150390625 0.0068359375 0.02734375 0.013671875
0 0.0791015625 0.0166015625 0.033203125 0.033203125
0 0.0556640625 0.0029296875 0.009765625 0.005859375