0 0.0107421875 0.923828125 0.021484375 0.046875
0 0.0283203125 0.8779296875 0.021484375 0.025390625
0 0.9892578125 0.73828125 0.021484375 0.0390625
0 0.9716796875 0.7158203125 0.033203125 0.033203125
0 0.9931640625 0.6826171875 0.013671875 0.017578125
0 0.87109375 0.65234375 0.03125 0.03515625
0 0.84765625 0.6279296875 0.03515625 0.037109375
0 0.9970703125 0.61328125 0.005859375 0.015625
0 0.9521484375 0.6142578125 0.037109375 0.029296875
0 0.8896484375 0.60546875 0.013671875 0.015625
0 0.828125 0.609375 0.03515625 0.03515625
0 0.951171875 0.5849609375 0.03515625 0.029296875
0 0.8125 0.583984375 0.0390625 0.03125
0 0.8740234375 0.5791015625 0.037109375 0.033203125
0 0.791015625 0.56640625 0.0234375 0.0234375
0 0.791015625 0.5361328125 0.03125 0.025390625
0 0.8564453125 0.5244140625 0.021484375 0.021484375
0 0.9873046875 0.5205078125 0.025390625 0.033203125
0 0.7841796875 0.5107421875 0.033203125 0.025390625
0 0.94140625 0.5078125 0.07421875 0.05078125
0 0.78515625 0.4853515625 0.03515625 0.017578125
0 0.9697265625 0.4814453125 0.013671875 0.013671875
0 0.8974609375 0.48046875 0.025390625 0.03515625
0 0.865234375 0.48046875 0.03515625 0.03515625
0 0.7861328125 0.458984375 0.037109375 0.01953125
0 0.0087890625 0.4462890625 0.017578125 0.037109375
0 0.9970703125 0.43359375 0.005859375 0.015625
0 0.9716796875 0.435546875 0.025390625 0.03515625
0 0.84375 0.4228515625 0.0234375 0.021484375
0 0.9453125 0.412109375 0.02734375 0.01953125
0 0.7998046875 0.412109375 0.025390625 0.01953125
0 0.9189453125 0.408203125 0.021484375 0.0234375
0 0.87890625 0.390625 0.06640625 0.03515625
0 0.8017578125 0.3779296875 0.037109375 0.025390625
0 0.990234375 0.375 0.01953125 0.0390625
0 0.9443359375 0.359375 0.044921875 0.03515625
0 0.822265625 0.3515625 0.02734375 0.01953125
0 0.9443359375 0.3330078125 0.017578125 0.017578125
0 0.8896484375 0.3349609375 0.021484375 0.025390625
0 0.046875 0.330078125 0.03515625 0.04296875
0 0.96484375 0.3212890625 0.0234375 0.033203125
0 0.9912109375 0.3115234375 0.017578125 0.021484375
0 0.896484375 0.3095703125 0.0234375 0.025390625
0 0.181640625 0.3017578125 0.01953125 0.017578125
0 0.853515625 0.3046875 0.02734375 0.02734375
0 0.9150390625 0.291015625 0.029296875 0.0234375
0 0.1533203125 0.2919921875 0.033203125 0.037109375
0 0.95703125 0.271484375 0.01953125 0.0234375
0 0.93359375 0.275390625 0.0234375 0.03125
0 0.8408203125 0.2685546875 0.025390625 0.029296875
0 0.998046875 0.2578125 0.00390625 0.0234375
0 0.1220703125 0.2587890625 0.037109375 0.037109375
0 0.0693359375 0.2666015625 0.052734375 0.056640625
0 0.8564453125 0.234375 0.037109375 0.01953125
0 0.927734375 0.2353515625 0.01953125 0.025390625
0 0.9775390625 0.23046875 0.021484375 0.01953125
0 0.87890625 0.21484375 0.0234375 0.01953125
0 0.99609375 0.216796875 0.0078125 0.03125
0 0.201171875 0.201171875 0.05859375 0.046875
0 0.8720703125 0.1728515625 0.041015625 0.021484375
0 0.9755859375 0.16796875 0.013671875 0.015625
0 0.28515625 0.1787109375 0.03125 0.037109375
0 0.8701171875 0.14453125 0.037109375 0.0234375
0 0.9765625 0.1416015625 0.02734375 0.029296875
0 0.0087890625 0.12890625 0.017578125 0.03515625
0 0.99609375 0.1142578125 0.0078125 0.013671875
0 0.8623046875 0.1171875 0.033203125 0.02734375
0 0.8642578125 0.0908203125 0.029296875 0.029296875
0 0.92578125 0.126953125 0.0390625 0.109375
0 0.9658203125 0.0849609375 0.021484375 0.033203125
0 0.9853515625 0.0830078125 0.021484375 0.033203125
0 0.0361328125 0.0673828125 0.025390625 0.029296875
0 0.8603515625 0.046875 0.029296875 0.01953125
0 0.8994140625 0.037109375 0.041015625 0.03125
0 0.267578125 0.0439453125 0.05078125 0.044921875
0 0.966796875 0.03125 0.03125 0.0234375
0 0.9951171875 0.0263671875 0.009765625 0.017578125
0 0.052734375 0.03125 0.03125 0.03125
0 0.9033203125 0.0087890625 0.037109375 0.017578125
0 0.8515625 0.005859375 0.0234375 0.01171875
0 0.5478515625 0.01171875 0.037109375 0.0234375
0 0.287109375 0.0029296875 0.0078125 0.005859375
0 0.2333984375 0.00390625 0.025390625 0.0078125
0 0.0751953125 0.00390625 0.013671875 0.0078125