0 0.3701171875 0.99609375 0.013671875 0.0078125
0 0.2353515625 0.9951171875 0.033203125 0.009765625
0 0.8349609375 0.9921875 0.029296875 0.015625
0 0.75 0.9833984375 0.04296875 0.033203125
0 0.2548828125 0.9775390625 0.025390625 0.025390625
0 0.9248046875 0.9814453125 0.037109375 0.037109375
0 0.2890625 0.9814453125 0.03515625 0.037109375
0 0.6640625 0.9765625 0.03515625 0.03515625
0 0.3984375 0.9736328125 0.03125 0.033203125
0 0.16015625 0.9755859375 0.04296875 0.041015625
0 0.4599609375 0.9541015625 0.021484375 0.021484375
0 0.07421875 0.953125 0.0546875 0.05078125
0 0.32421875 0.943359375 0.03515625 0.0390625
0 0.697265625 0.9375 0.03515625 0.03515625
0 0.2021484375 0.931640625 0.041015625 0.04296875
0 0.5537109375 0.9287109375 0.044921875 0.052734375
0 0.123046875 0.908203125 0.04296875 0.0390625
0 0.462890625 0.90234375 0.02734375 0.0390625
0 0.0185546875 0.9033203125 0.037109375 0.041015625
0 0.7294921875 0.90234375 0.044921875 0.04296875
0 0.3564453125 0.8984375 0.037109375 0.04296875
0 0.2421875 0.892578125 0.0390625 0.03515625
0 0.7763671875 0.8779296875 0.056640625 0.044921875
0 0.60546875 0.87109375 0.0390625 0.0390625
0 0.3935546875 0.8662109375 0.029296875 0.029296875
0 0.1650390625 0.8642578125 0.037109375 0.033203125
0 0.4912109375 0.861328125 0.033203125 0.03125
0 0.060546875 0.8642578125 0.0390625 0.044921875
0 0.28125 0.8515625 0.0390625 0.04296875
0 0.5419921875 0.8369140625 0.041015625 0.025390625
0 0.798828125 0.8369140625 0.046875 0.041015625
0 0.9208984375 0.8203125 0.021484375 0.01953125
0 0.642578125 0.826171875 0.03515625 0.04296875
0 0.20703125 0.822265625 0.04296875 0.0390625
0 0.84375 0.81640625 0.03125 0.03125
0 0.1044921875 0.8251953125 0.044921875 0.048828125
0 0.427734375 0.8193359375 0.03125 0.044921875
0 0.3203125 0.814453125 0.04296875 0.04296875
0 0.0078125 0.798828125 0.015625 0.0234375
0 0.8837890625 0.7998046875 0.029296875 0.041015625
0 0.6708984375 0.7783203125 0.033203125 0.029296875
0 0.357421875 0.7763671875 0.0390625 0.037109375
0 0.1484375 0.78125 0.04296875 0.046875
0 0.927734375 0.77734375 0.05078125 0.04296875
0 0.2509765625 0.775390625 0.041015625 0.04296875
0 0.4501953125 0.7724609375 0.025390625 0.041015625
0 0.0390625 0.765625 0.0390625 0.0390625
0 0.611328125 0.765625 0.0234375 0.04296875
0 0.720703125 0.7548828125 0.0390625 0.037109375
0 0.9931640625 0.7333984375 0.013671875 0.021484375
0 0.1962890625 0.734375 0.048828125 0.04296875
0 0.400390625 0.732421875 0.04296875 0.04296875
0 0.2998046875 0.7294921875 0.041015625 0.044921875
0 0.5712890625 0.7216796875 0.037109375 0.037109375
0 0.5146484375 0.7109375 0.033203125 0.03515625
0 0.8369140625 0.703125 0.037109375 0.02734375
0 0.7841796875 0.7041015625 0.044921875 0.041015625
0 0.666015625 0.6953125 0.046875 0.04296875
0 0.236328125 0.697265625 0.04296875 0.046875
0 0.900390625 0.6767578125 0.0234375 0.025390625
0 0.4755859375 0.67578125 0.037109375 0.03125
0 0.337890625 0.6845703125 0.046875 0.048828125
0 0.9384765625 0.6611328125 0.033203125 0.029296875
0 0.623046875 0.658203125 0.0390625 0.0390625
0 0.8818359375 0.64453125 0.017578125 0.01953125
0 0.7509765625 0.65625 0.041015625 0.046875
0 0.4326171875 0.6416015625 0.037109375 0.029296875
0 0.287109375 0.6455078125 0.046875 0.044921875
0 0.7119140625 0.62890625 0.041015625 0.0390625
0 0.568359375 0.625 0.046875 0.0390625
0 0.390625 0.609375 0.03515625 0.03515625
0 0.6689453125 0.5947265625 0.044921875 0.041015625
0 0.5185546875 0.5859375 0.041015625 0.0390625
0 0.876953125 0.580078125 0.0390625 0.0390625
0 0.361328125 0.5732421875 0.0390625 0.041015625
0 0.814453125 0.564453125 0.046875 0.04296875
0 0.6259765625 0.5595703125 0.044921875 0.037109375
0 0.474609375 0.5478515625 0.0390625 0.037109375
0 0.9921875 0.5400390625 0.015625 0.029296875
0 0.5771484375 0.529296875 0.041015625 0.03515625
0 0.7685546875 0.529296875 0.041015625 0.0390625
0 0.955078125 0.5185546875 0.03515625 0.029296875
0 0.8955078125 0.4990234375 0.033203125 0.029296875
0 0.416015625 0.5048828125 0.0390625 0.044921875
0 0.716796875 0.5009765625 0.046875 0.041015625
0 0.53125 0.4921875 0.0390625 0.0390625
0 0.849609375 0.478515625 0.03515625 0.03125
0 0.6728515625 0.47265625 0.041015625 0.0390625
0 0.8046875 0.4560546875 0.04296875 0.029296875
0 0.9892578125 0.44921875 0.021484375 0.02734375
0 0.4794921875 0.447265625 0.033203125 0.0390625
0 0.626953125 0.443359375 0.0390625 0.0390625
0 0.75 0.42578125 0.03125 0.03125
0 0.9462890625 0.4228515625 0.041015625 0.037109375
0 0.578125 0.4072265625 0.03515625 0.033203125
0 0.70703125 0.3984375 0.0234375 0.03125
0 0.89453125 0.392578125 0.046875 0.0390625
0 0.537109375 0.388671875 0.03515625 0.0390625
0 0.8447265625 0.36328125 0.044921875 0.03515625
0 0.9921875 0.357421875 0.015625 0.02734375
0 0.671875 0.359375 0.04296875 0.03515625
0 0.6171875 0.3369140625 0.03125 0.029296875
0 0.791015625 0.3349609375 0.03515625 0.037109375
0 0.9541015625 0.326171875 0.044921875 0.0390625
0 0.5791015625 0.318359375 0.025390625 0.02734375
0 0.744140625 0.2998046875 0.04296875 0.033203125
0 0.8896484375 0.2841796875 0.044921875 0.033203125
0 0.693359375 0.267578125 0.04296875 0.0390625
0 0.837890625 0.26171875 0.0390625 0.03515625
0 0.6376953125 0.244140625 0.041015625 0.0390625
0 0.78515625 0.2265625 0.0390625 0.03125
0 0.533203125 0.1982421875 0.03125 0.029296875
0 0.55859375 0.177734375 0.01953125 0.015625
0 0.7158203125 0.1806640625 0.033203125 0.033203125
0 0.609375 0.1220703125 0.04296875 0.033203125
0 0.8583984375 0.1103515625 0.033203125 0.025390625
0 0.9072265625 0.107421875 0.033203125 0.02734375
0 0.9560546875 0.10546875 0.033203125 0.02734375
0 0.994140625 0.1005859375 0.01171875 0.025390625
0 0.064453125 0.076171875 0.04296875 0.03515625
0 0.708984375 0.0712890625 0.0390625 0.041015625
0 0.802734375 0.041015625 0.03125 0.03125
0 0.2275390625 0.037109375 0.041015625 0.04296875
0 0.115234375 0.0263671875 0.0390625 0.021484375
0 0.169921875 0.0185546875 0.03515625 0.021484375