0 0.6396484375 0.99609375 0.013671875 0.0078125
0 0.69921875 0.984375 0.03125 0.03125
0 0.384765625 0.974609375 0.03125 0.03125
0 0.025390625 0.9609375 0.05078125 0.03515625
0 0.732421875 0.953125 0.0390625 0.03515625
0 0.1689453125 0.966796875 0.033203125 0.06640625
0 0.349609375 0.9443359375 0.02734375 0.029296875
0 0.25390625 0.9619140625 0.0703125 0.076171875
0 0.3271484375 0.919921875 0.041015625 0.0390625
0 0.6845703125 0.9130859375 0.029296875 0.029296875
0 0.1962890625 0.9033203125 0.033203125 0.029296875
0 0.0498046875 0.908203125 0.033203125 0.05859375
0 0.0107421875 0.88671875 0.021484375 0.0234375
0 0.3759765625 0.8828125 0.025390625 0.0234375
0 0.5517578125 0.888671875 0.033203125 0.04296875
0 0.2958984375 0.8759765625 0.033203125 0.029296875
0 0.65625 0.8759765625 0.03515625 0.033203125
0 0.400390625 0.86328125 0.0234375 0.0234375
0 0.1337890625 0.876953125 0.068359375 0.0703125
0 0.498046875 0.8505859375 0.03125 0.029296875
0 0.4267578125 0.84375 0.025390625 0.02734375
0 0.2919921875 0.8408203125 0.017578125 0.021484375
0 0.5830078125 0.8408203125 0.025390625 0.025390625
0 0.3310546875 0.84765625 0.033203125 0.0390625
0 0.087890625 0.8408203125 0.0234375 0.025390625
0 0.8369140625 0.8486328125 0.060546875 0.044921875
0 0.2626953125 0.8359375 0.029296875 0.03125
0 0.6083984375 0.822265625 0.033203125 0.03125
0 0.470703125 0.8173828125 0.02734375 0.025390625
0 0.1376953125 0.8154296875 0.025390625 0.025390625
0 0.3564453125 0.8134765625 0.033203125 0.029296875
0 0.0419921875 0.8037109375 0.025390625 0.021484375
0 0.384765625 0.794921875 0.02734375 0.02734375
0 0.4091796875 0.7744140625 0.029296875 0.025390625
0 0.59765625 0.771484375 0.03515625 0.03125
0 0.4345703125 0.75 0.029296875 0.0390625
0 0.07421875 0.7392578125 0.03515625 0.029296875
0 0.6689453125 0.7294921875 0.029296875 0.029296875
0 0.578125 0.728515625 0.03125 0.03515625
0 0.1669921875 0.7275390625 0.033203125 0.037109375
0 0.4931640625 0.7255859375 0.037109375 0.041015625
0 0.0595703125 0.71484375 0.029296875 0.02734375
0 0.0361328125 0.6923828125 0.033203125 0.033203125
0 0.9658203125 0.6982421875 0.052734375 0.048828125
0 0.212890625 0.6923828125 0.0390625 0.041015625
0 0.7900390625 0.6875 0.041015625 0.0390625
0 0.548828125 0.681640625 0.03125 0.03515625
0 0.4501953125 0.6796875 0.029296875 0.03515625
0 0.1240234375 0.67578125 0.029296875 0.03515625
0 0.365234375 0.67578125 0.03125 0.0390625
0 0.017578125 0.669921875 0.03125 0.03125
0 0.33203125 0.6552734375 0.0390625 0.037109375
0 0.6259765625 0.6552734375 0.021484375 0.041015625
0 0.0068359375 0.6416015625 0.013671875 0.021484375
0 0.5302734375 0.6318359375 0.025390625 0.025390625
0 0.1640625 0.634765625 0.05078125 0.046875
0 0.822265625 0.6162109375 0.0390625 0.021484375
0 0.6611328125 0.61328125 0.037109375 0.03125
0 0.4296875 0.6181640625 0.0390625 0.044921875
0 0.38671875 0.60546875 0.01953125 0.01953125
0 0.3115234375 0.6083984375 0.025390625 0.025390625
0 0.78515625 0.59375 0.03125 0.02734375
0 0.6943359375 0.583984375 0.025390625 0.02734375
0 0.142578125 0.5908203125 0.0546875 0.044921875
0 0.259765625 0.5830078125 0.03515625 0.033203125
0 0.8740234375 0.5771484375 0.021484375 0.037109375
0 0.5244140625 0.5732421875 0.021484375 0.033203125
0 0.1318359375 0.5419921875 0.021484375 0.021484375
0 0.3671875 0.5439453125 0.03125 0.029296875
0 0.6220703125 0.541015625 0.037109375 0.02734375
0 0.75390625 0.541015625 0.0390625 0.03515625
0 0.0673828125 0.54296875 0.044921875 0.0390625
0 0.0126953125 0.5283203125 0.025390625 0.025390625
0 0.841796875 0.533203125 0.0390625 0.0390625
0 0.515625 0.5283203125 0.0234375 0.029296875
0 0.98828125 0.5322265625 0.0234375 0.041015625
0 0.3369140625 0.5244140625 0.029296875 0.025390625
0 0.0048828125 0.5078125 0.009765625 0.01953125
0 0.5810546875 0.509765625 0.029296875 0.03125
0 0.67578125 0.5 0.03125 0.02734375
0 0.607421875 0.4970703125 0.01953125 0.021484375
0 0.3193359375 0.4951171875 0.033203125 0.029296875
0 0.2197265625 0.4951171875 0.029296875 0.029296875
0 0.0712890625 0.490234375 0.037109375 0.0390625
0 0.8095703125 0.4931640625 0.044921875 0.048828125
0 0.5009765625 0.4853515625 0.025390625 0.033203125
0 0.4208984375 0.4814453125 0.025390625 0.025390625
0 0.1640625 0.4775390625 0.0234375 0.021484375
0 0.705078125 0.4775390625 0.03125 0.025390625
0 0.2001953125 0.4755859375 0.029296875 0.025390625
0 0.30078125 0.4697265625 0.03125 0.029296875
0 0.56640625 0.46875 0.0234375 0.03125
0 0.279296875 0.44921875 0.02734375 0.02734375
0 0.0107421875 0.4482421875 0.021484375 0.025390625
0 0.962890625 0.4482421875 0.03125 0.029296875
0 0.486328125 0.4443359375 0.01953125 0.021484375
0 0.5830078125 0.4404296875 0.021484375 0.017578125
0 0.876953125 0.4443359375 0.0390625 0.033203125
0 0.185546875 0.4375 0.0234375 0.0234375
0 0.67578125 0.4375 0.03125 0.03125
0 0.775390625 0.4296875 0.03515625 0.0234375
0 0.556640625 0.42578125 0.0234375 0.03125
0 0.16015625 0.423828125 0.03125 0.03125
0 0.037109375 0.4208984375 0.0234375 0.025390625
0 0.06640625 0.4208984375 0.02734375 0.029296875
0 0.7421875 0.4052734375 0.02734375 0.025390625
0 0.4736328125 0.4052734375 0.021484375 0.025390625
0 0.265625 0.4150390625 0.04296875 0.044921875
0 0.9267578125 0.412109375 0.041015625 0.04296875
0 0.6533203125 0.404296875 0.029296875 0.03125
0 0.5439453125 0.388671875 0.025390625 0.02734375
0 0.095703125 0.38671875 0.03515625 0.03515625
0 0.4501953125 0.376953125 0.025390625 0.0234375
0 0.0078125 0.3779296875 0.015625 0.029296875
0 0.6318359375 0.3740234375 0.029296875 0.029296875
0 0.716796875 0.373046875 0.02734375 0.03125
0 0.826171875 0.3662109375 0.03515625 0.033203125
0 0.0244140625 0.3583984375 0.021484375 0.021484375
0 0.212890625 0.3583984375 0.02734375 0.025390625
0 0.5234375 0.3564453125 0.0234375 0.029296875
0 0.1318359375 0.359375 0.033203125 0.03515625
0 0.990234375 0.3427734375 0.01953125 0.025390625
0 0.3994140625 0.341796875 0.025390625 0.02734375
0 0.6923828125 0.33984375 0.025390625 0.03125
0 0.0556640625 0.3349609375 0.025390625 0.025390625
0 0.177734375 0.330078125 0.03515625 0.0390625
0 0.876953125 0.3251953125 0.03515625 0.041015625
0 0.5986328125 0.3154296875 0.025390625 0.021484375
0 0.671875 0.30859375 0.02734375 0.02734375
0 0.1943359375 0.306640625 0.021484375 0.0234375
0 0.3876953125 0.3056640625 0.025390625 0.025390625
0 0.08203125 0.302734375 0.0234375 0.0234375
0 0.2255859375 0.2861328125 0.029296875 0.033203125
0 0.6455078125 0.279296875 0.021484375 0.0234375
0 0.966796875 0.2763671875 0.03125 0.029296875
0 0.248046875 0.267578125 0.02734375 0.02734375
0 0.5078125 0.2734375 0.046875 0.04296875
0 0.44921875 0.263671875 0.01953125 0.0234375
0 0.0419921875 0.2666015625 0.041015625 0.037109375
0 0.7109375 0.259765625 0.02734375 0.02734375
0 0.814453125 0.26171875 0.04296875 0.03515625
0 0.9326171875 0.2578125 0.029296875 0.03125
0 0.13671875 0.2626953125 0.03515625 0.052734375
0 0.755859375 0.25 0.0390625 0.03515625
0 0.3447265625 0.24609375 0.029296875 0.02734375
0 0.0322265625 0.240234375 0.025390625 0.02734375
0 0.9111328125 0.232421875 0.025390625 0.0234375
0 0.427734375 0.2314453125 0.01953125 0.021484375
0 0.177734375 0.2373046875 0.03125 0.033203125
0 0.6162109375 0.23046875 0.021484375 0.0234375
0 0.4970703125 0.2265625 0.017578125 0.015625
0 0.685546875 0.2265625 0.0234375 0.02734375
0 0.57421875 0.2255859375 0.02734375 0.025390625
0 0.0146484375 0.216796875 0.029296875 0.02734375
0 0.111328125 0.216796875 0.03125 0.03125
0 0.4736328125 0.205078125 0.017578125 0.015625
0 0.7939453125 0.2109375 0.033203125 0.03125
0 0.888671875 0.205078125 0.0234375 0.0234375
0 0.3154296875 0.2177734375 0.056640625 0.056640625
0 0.0966796875 0.1953125 0.029296875 0.02734375
0 0.52734375 0.1943359375 0.03125 0.033203125
0 0.693359375 0.1875 0.02734375 0.02734375
0 0.9921875 0.1669921875 0.015625 0.021484375
0 0.8720703125 0.1728515625 0.033203125 0.033203125
0 0.7314453125 0.171875 0.029296875 0.03125
0 0.447265625 0.1708984375 0.03125 0.029296875
0 0.07421875 0.169921875 0.02734375 0.03125
0 0.3759765625 0.169921875 0.033203125 0.0390625
0 0.84765625 0.150390625 0.01953125 0.01953125
0 0.5673828125 0.1513671875 0.029296875 0.025390625
0 0.5029296875 0.1474609375 0.025390625 0.025390625
0 0.759765625 0.1474609375 0.03125 0.033203125
0 0.970703125 0.1396484375 0.0234375 0.021484375
0 0.662109375 0.1455078125 0.03515625 0.033203125
0 0.056640625 0.1376953125 0.03515625 0.033203125
0 0.4208984375 0.12890625 0.033203125 0.03125
0 0.033203125 0.1171875 0.0234375 0.0234375
0 0.8251953125 0.1181640625 0.029296875 0.029296875
0 0.3388671875 0.1181640625 0.037109375 0.033203125
0 0.953125 0.111328125 0.0234375 0.0234375
0 0.4619140625 0.1083984375 0.025390625 0.025390625
0 0.62109375 0.103515625 0.0234375 0.0234375
0 0.017578125 0.09375 0.02734375 0.02734375
0 0.3193359375 0.091796875 0.037109375 0.03515625
0 0.9296875 0.0830078125 0.0234375 0.029296875
0 0.4912109375 0.0810546875 0.029296875 0.029296875
0 0.193359375 0.138671875 0.14453125 0.15234375
0 0.69140625 0.0732421875 0.03515625 0.037109375
0 0.400390625 0.068359375 0.02734375 0.02734375
0 0.142578125 0.0634765625 0.02734375 0.025390625
0 0.8154296875 0.068359375 0.041015625 0.0390625
0 0.294921875 0.0654296875 0.03515625 0.033203125
0 0.0107421875 0.064453125 0.021484375 0.03125
0 0.9892578125 0.0576171875 0.021484375 0.025390625
0 0.904296875 0.0517578125 0.02734375 0.025390625
0 0.8388671875 0.046875 0.017578125 0.015625
0 0.5380859375 0.0546875 0.033203125 0.0390625
0 0.796875 0.041015625 0.03515625 0.02734375
0 0.275390625 0.0439453125 0.03515625 0.033203125
0 0.1103515625 0.037109375 0.029296875 0.02734375
0 0.6533203125 0.0283203125 0.037109375 0.033203125
0 0.880859375 0.0224609375 0.0234375 0.025390625
0 0.4482421875 0.02734375 0.037109375 0.03515625
0 0.7451171875 0.0205078125 0.025390625 0.025390625
0 0.5751953125 0.025390625 0.037109375 0.03515625
0 0.3583984375 0.021484375 0.025390625 0.02734375
0 0.82421875 0.0078125 0.0234375 0.015625
0 0.720703125 0.00390625 0.01171875 0.0078125
0 0.6181640625 0.001953125 0.005859375 0.00390625
0 0.490234375 0.0078125 0.02734375 0.015625
0 0.33203125 0.0087890625 0.03125 0.017578125
0 0.255859375 0.0126953125 0.03515625 0.025390625
0 0.185546875 0.0146484375 0.03125 0.029296875
0 0.080078125 0.013671875 0.03515625 0.02734375
0 0.0654296875 0.001953125 0.005859375 0.00390625
0 0.0283203125 0.0029296875 0.009765625 0.005859375
0 0.01171875 0.009765625 0.0234375 0.01953125