0 0.068359375 0.8916015625 0.08203125 0.126953125
0 0.1962890625 0.7431640625 0.033203125 0.029296875
0 0.130859375 0.7197265625 0.03515625 0.029296875
0 0.087890625 0.693359375 0.04296875 0.03515625
0 0.2509765625 0.6923828125 0.041015625 0.044921875
0 0.1865234375 0.6552734375 0.033203125 0.029296875
0 0.1337890625 0.6318359375 0.033203125 0.029296875
0 0.212890625 0.6123046875 0.01953125 0.029296875
0 0.2890625 0.61328125 0.03125 0.046875
0 0.1904296875 0.5439453125 0.025390625 0.025390625
0 0.1171875 0.5048828125 0.05859375 0.044921875
0 0.53515625 0.2412109375 0.08203125 0.095703125
0 0.4296875 0.17578125 0.0625 0.0703125
0 0.2841796875 0.2646484375 0.275390625 0.322265625
0 0.3701171875 0.083984375 0.033203125 0.03125
0 0.6005859375 0.10546875 0.064453125 0.09765625
0 0.0029296875 0.0419921875 0.005859375 0.009765625
0 0.4248046875 0.0322265625 0.041015625 0.033203125
0 0.8837890625 0.0283203125 0.033203125 0.029296875
0 0.0146484375 0.021484375 0.025390625 0.02734375
0 0.384765625 0.009765625 0.03125 0.01953125
0 0.2060546875 0.0791015625 0.181640625 0.158203125