0 0.1591796875 0.9951171875 0.021484375 0.009765625
0 0.966796875 0.994140625 0.01953125 0.01171875
0 0.603515625 0.9912109375 0.08203125 0.017578125
0 0.3154296875 0.9853515625 0.033203125 0.029296875
0 0.1689453125 0.978515625 0.021484375 0.0234375
0 0.349609375 0.9775390625 0.02734375 0.037109375
0 0.380859375 0.9716796875 0.03125 0.037109375
0 0.4189453125 0.95703125 0.025390625 0.02734375
0 0.861328125 0.970703125 0.1015625 0.05859375
0 0.48046875 0.9462890625 0.0234375 0.033203125
0 0.02734375 0.96484375 0.0546875 0.0703125
0 0.30859375 0.9306640625 0.0390625 0.033203125
0 0.513671875 0.9326171875 0.0546875 0.068359375
0 0.40625 0.9130859375 0.02734375 0.033203125
0 0.203125 0.947265625 0.08203125 0.10546875
0 0.2958984375 0.90625 0.037109375 0.03125
0 0.6025390625 0.9140625 0.099609375 0.078125
0 0.3759765625 0.8837890625 0.044921875 0.037109375
0 0.279296875 0.87890625 0.03125 0.02734375
0 0.734375 0.87890625 0.0234375 0.03125
0 0.4599609375 0.884765625 0.044921875 0.0546875
0 0.0869140625 0.875 0.041015625 0.0390625
0 0.3583984375 0.8564453125 0.037109375 0.033203125
0 0.744140625 0.84765625 0.04296875 0.03125
0 0.26171875 0.84765625 0.0390625 0.03515625
0 0.5322265625 0.845703125 0.041015625 0.03515625
0 0.4384765625 0.8408203125 0.033203125 0.033203125
0 0.0390625 0.83984375 0.046875 0.046875
0 0.1474609375 0.84765625 0.044921875 0.06640625
0 0.958984375 0.8310546875 0.03515625 0.037109375
0 0.2998046875 0.8154296875 0.021484375 0.017578125
0 0.8798828125 0.8369140625 0.083984375 0.064453125
0 0.509765625 0.82421875 0.0390625 0.0390625
0 0.7041015625 0.8203125 0.033203125 0.03515625
0 0.240234375 0.810546875 0.03125 0.03125
0 0.12109375 0.81640625 0.03515625 0.04296875
0 0.3310546875 0.810546875 0.041015625 0.03515625
0 0.75 0.810546875 0.02734375 0.0390625
0 0.48828125 0.80078125 0.03515625 0.03515625
0 0.421875 0.798828125 0.03125 0.03515625
0 0.095703125 0.7998046875 0.03515625 0.041015625
0 0.7109375 0.7880859375 0.0390625 0.025390625
0 0.3037109375 0.77734375 0.029296875 0.02734375
0 0.2060546875 0.7822265625 0.041015625 0.037109375
0 0.056640625 0.77734375 0.0390625 0.0390625
0 0.5537109375 0.7666015625 0.033203125 0.041015625
0 0.943359375 0.7646484375 0.0390625 0.044921875
0 0.966796875 0.7509765625 0.01953125 0.025390625
0 0.0107421875 0.7548828125 0.021484375 0.033203125
0 0.3193359375 0.751953125 0.033203125 0.03515625
0 0.521484375 0.7421875 0.03515625 0.0390625
0 0.1650390625 0.7431640625 0.041015625 0.041015625
0 0.7236328125 0.7373046875 0.033203125 0.044921875
0 0.3359375 0.7294921875 0.03515625 0.037109375
0 0.1279296875 0.724609375 0.033203125 0.03515625
0 0.4697265625 0.7177734375 0.021484375 0.037109375
0 0.8984375 0.7177734375 0.078125 0.041015625
0 0.6376953125 0.7412109375 0.095703125 0.091796875
0 0.3798828125 0.7099609375 0.033203125 0.029296875
0 0.443359375 0.7109375 0.0234375 0.03515625
0 0.0966796875 0.7080078125 0.033203125 0.033203125
0 0.4140625 0.7060546875 0.02734375 0.037109375
0 0.50390625 0.6943359375 0.046875 0.029296875
0 0.2705078125 0.701171875 0.033203125 0.04296875
0 0.0673828125 0.6923828125 0.029296875 0.033203125
0 0.9794921875 0.6904296875 0.041015625 0.041015625
0 0.34765625 0.6748046875 0.01953125 0.025390625
0 0.0908203125 0.6669921875 0.021484375 0.021484375
0 0.8037109375 0.66796875 0.025390625 0.02734375
0 0.04296875 0.671875 0.03515625 0.04296875
0 0.0146484375 0.6611328125 0.029296875 0.033203125
0 0.765625 0.646484375 0.04296875 0.03515625
0 0.84765625 0.6376953125 0.03515625 0.029296875
0 0.9130859375 0.6259765625 0.064453125 0.095703125
0 0.9619140625 0.595703125 0.017578125 0.0390625
0 0.87890625 0.59765625 0.03515625 0.04296875
0 0.9833984375 0.595703125 0.021484375 0.04296875
0 0.998046875 0.576171875 0.00390625 0.0078125
0 0.853515625 0.5927734375 0.03125 0.041015625
0 0.0498046875 0.5810546875 0.017578125 0.017578125
0 0.36328125 0.6044921875 0.1328125 0.103515625
0 0.8017578125 0.5849609375 0.080078125 0.080078125
0 0.087890625 0.55078125 0.02734375 0.03125
0 0.052734375 0.55078125 0.03515625 0.03515625
0 0.01953125 0.55078125 0.03125 0.03515625
0 0.265625 0.578125 0.08203125 0.09375
0 0.0029296875 0.537109375 0.005859375 0.01171875
0 0.9658203125 0.5283203125 0.029296875 0.025390625
0 0.892578125 0.5283203125 0.04296875 0.033203125
0 0.994140625 0.521484375 0.01171875 0.02734375
0 0.1728515625 0.5458984375 0.095703125 0.119140625
0 0.837890625 0.509765625 0.05078125 0.05078125
0 0.919921875 0.490234375 0.04296875 0.03515625
0 0.9892578125 0.48046875 0.021484375 0.03125
0 0.0341796875 0.4755859375 0.033203125 0.033203125
0 0.998046875 0.45703125 0.00390625 0.0078125
0 0.7685546875 0.4755859375 0.052734375 0.052734375
0 0.1005859375 0.4599609375 0.029296875 0.025390625
0 0.9423828125 0.4560546875 0.044921875 0.037109375
0 0.720703125 0.4541015625 0.02734375 0.037109375
0 0.8662109375 0.4541015625 0.052734375 0.048828125
0 0.791015625 0.4365234375 0.03515625 0.029296875
0 0.6962890625 0.4443359375 0.033203125 0.044921875
0 0.046875 0.4365234375 0.02734375 0.029296875
0 0.01171875 0.423828125 0.0234375 0.03125
0 0.6494140625 0.4189453125 0.025390625 0.033203125
0 0.9599609375 0.4189453125 0.041015625 0.037109375
0 0.89453125 0.41015625 0.05078125 0.05078125
0 0.7255859375 0.39453125 0.029296875 0.02734375
0 0.580078125 0.380859375 0.03125 0.02734375
0 0.978515625 0.3837890625 0.0390625 0.041015625
0 0.619140625 0.3935546875 0.046875 0.064453125
0 0.7392578125 0.3701171875 0.037109375 0.033203125
0 0.671875 0.3681640625 0.03125 0.029296875
0 0.8193359375 0.3701171875 0.041015625 0.044921875
0 0.5908203125 0.357421875 0.025390625 0.0234375
0 0.5458984375 0.3642578125 0.033203125 0.037109375
0 0.919921875 0.357421875 0.05078125 0.05078125
0 0.6845703125 0.341796875 0.033203125 0.03515625
0 0.603515625 0.333984375 0.01953125 0.0234375
0 0.7919921875 0.3408203125 0.033203125 0.041015625
0 0.4755859375 0.330078125 0.029296875 0.03515625
0 0.9931640625 0.3271484375 0.013671875 0.033203125
0 0.7607421875 0.322265625 0.033203125 0.03125
0 0.5126953125 0.337890625 0.056640625 0.0625
0 0.62890625 0.314453125 0.01953125 0.01953125
0 0.455078125 0.314453125 0.03125 0.04296875
0 0.962890625 0.30078125 0.0390625 0.03515625
0 0.564453125 0.3046875 0.03515625 0.04296875
0 0.7060546875 0.2939453125 0.037109375 0.041015625
0 0.4306640625 0.294921875 0.048828125 0.046875
0 0.673828125 0.283203125 0.03515625 0.03125
0 0.3896484375 0.28515625 0.033203125 0.03515625
0 0.53515625 0.2763671875 0.01953125 0.021484375
0 0.8623046875 0.28125 0.041015625 0.0390625
0 0.6328125 0.2763671875 0.03515625 0.037109375
0 0.6044921875 0.2587890625 0.037109375 0.044921875
0 0.517578125 0.2451171875 0.015625 0.017578125
0 0.8125 0.2568359375 0.03125 0.044921875
0 0.4970703125 0.2353515625 0.021484375 0.017578125
0 0.421875 0.2431640625 0.046875 0.041015625
0 0.78125 0.236328125 0.03125 0.03125
0 0.5625 0.2392578125 0.03515625 0.044921875
0 0.890625 0.23046875 0.04296875 0.04296875
0 0.45703125 0.21484375 0.02734375 0.02734375
0 0.5400390625 0.2138671875 0.033203125 0.033203125
0 0.978515625 0.220703125 0.04296875 0.05078125
0 0.7353515625 0.2138671875 0.037109375 0.037109375
0 0.80078125 0.205078125 0.0390625 0.03515625
0 0.5126953125 0.1982421875 0.033203125 0.029296875
0 0.3310546875 0.203125 0.041015625 0.0390625
0 0.6943359375 0.1884765625 0.037109375 0.041015625
0 0.3701171875 0.1826171875 0.029296875 0.029296875
0 0.8173828125 0.17578125 0.041015625 0.03515625
0 0.65625 0.1787109375 0.03515625 0.041015625
0 0.474609375 0.1826171875 0.05859375 0.052734375
0 0.921875 0.173828125 0.046875 0.04296875
0 0.755859375 0.1689453125 0.0390625 0.037109375
0 0.388671875 0.1611328125 0.02734375 0.029296875
0 0.630859375 0.166015625 0.03125 0.046875
0 0.6064453125 0.158203125 0.029296875 0.0390625
0 0.826171875 0.1484375 0.03515625 0.03125
0 0.87109375 0.1455078125 0.03125 0.033203125
0 0.2841796875 0.1435546875 0.037109375 0.037109375
0 0.6728515625 0.1328125 0.021484375 0.01953125
0 0.7705078125 0.1357421875 0.037109375 0.033203125
0 0.4111328125 0.1298828125 0.037109375 0.033203125
0 0.84765625 0.12109375 0.0390625 0.03515625
0 0.6298828125 0.111328125 0.017578125 0.015625
0 0.435546875 0.1162109375 0.03125 0.025390625
0 0.0126953125 0.1181640625 0.025390625 0.033203125
0 0.2255859375 0.115234375 0.025390625 0.03125
0 0.16015625 0.2509765625 0.3203125 0.322265625
0 0.7900390625 0.1083984375 0.037109375 0.041015625
0 0.3232421875 0.1015625 0.033203125 0.03125
0 0.9521484375 0.1015625 0.041015625 0.046875
0 0.4580078125 0.09765625 0.048828125 0.0390625
0 0.03125 0.0859375 0.0390625 0.03125
0 0.41796875 0.0791015625 0.03125 0.033203125
0 0.5537109375 0.1171875 0.087890625 0.11328125
0 0.7392578125 0.10546875 0.068359375 0.09375
0 0.9013671875 0.0791015625 0.037109375 0.044921875
0 0.4765625 0.0751953125 0.03515625 0.037109375
0 0.8701171875 0.068359375 0.029296875 0.03515625
0 0.623046875 0.0703125 0.03125 0.0390625
0 0.3505859375 0.0703125 0.037109375 0.0390625
0 0.97265625 0.0673828125 0.0390625 0.037109375
0 0.5146484375 0.060546875 0.025390625 0.02734375
0 0.1669921875 0.05859375 0.029296875 0.02734375
0 0.0712890625 0.056640625 0.033203125 0.02734375
0 0.5908203125 0.0517578125 0.029296875 0.033203125
0 0.2666015625 0.056640625 0.037109375 0.04296875
0 0.6923828125 0.07421875 0.072265625 0.10546875
0 0.458984375 0.03515625 0.0390625 0.03515625
0 0.09765625 0.0322265625 0.03125 0.029296875
0 0.650390625 0.033203125 0.02734375 0.0390625
0 0.5322265625 0.0263671875 0.025390625 0.033203125
0 0.19921875 0.025390625 0.03515625 0.03125
0 0.82421875 0.0322265625 0.0390625 0.048828125
0 0.3115234375 0.0244140625 0.029296875 0.037109375
0 0.794921875 0.0244140625 0.03515625 0.044921875
0 0.966796875 0.0263671875 0.06640625 0.052734375
0 0.7607421875 0.0146484375 0.033203125 0.029296875
0 0.734375 0.0068359375 0.02734375 0.013671875
0 0.6162109375 0.0185546875 0.037109375 0.037109375
0 0.55078125 0.0048828125 0.01953125 0.009765625
0 0.4775390625 0.0107421875 0.029296875 0.021484375
0 0.33984375 0.00390625 0.015625 0.0078125
0 0.22265625 0.005859375 0.01953125 0.01171875
0 0.125 0.0068359375 0.0234375 0.013671875
0 0.01953125 0.01171875 0.02734375 0.0234375