0 0.1005859375 0.4619140625 0.029296875 0.017578125
0 0.04296875 0.45703125 0.02734375 0.0234375
0 0.15625 0.4482421875 0.03515625 0.025390625
0 0.0859375 0.3896484375 0.04296875 0.025390625
0 0.1728515625 0.3876953125 0.021484375 0.029296875
0 0.01953125 0.3798828125 0.03515625 0.029296875
0 0.935546875 0.33203125 0.03125 0.03125
0 0.1591796875 0.326171875 0.033203125 0.04296875
0 0.1083984375 0.30859375 0.025390625 0.02734375
0 0.005859375 0.30078125 0.01171875 0.0234375
0 0.9658203125 0.283203125 0.033203125 0.03125
0 0.2529296875 0.27734375 0.033203125 0.03125
0 0.05859375 0.25390625 0.03515625 0.0390625
0 0.9931640625 0.228515625 0.013671875 0.03125
0 0.72265625 0.2216796875 0.0390625 0.033203125
0 0.8759765625 0.21484375 0.025390625 0.0234375
0 0.1064453125 0.2138671875 0.029296875 0.029296875
0 0.041015625 0.2158203125 0.0234375 0.033203125
0 0.2841796875 0.1943359375 0.037109375 0.021484375
0 0.7919921875 0.193359375 0.021484375 0.0234375
0 0.8916015625 0.1865234375 0.021484375 0.021484375
0 0.220703125 0.185546875 0.0390625 0.03515625
0 0.8662109375 0.1708984375 0.025390625 0.025390625
0 0.0185546875 0.1650390625 0.021484375 0.025390625
0 0.1689453125 0.146484375 0.037109375 0.03515625
0 0.95703125 0.138671875 0.04296875 0.0234375
0 0.0712890625 0.125 0.029296875 0.03125
0 0.001953125 0.1103515625 0.00390625 0.005859375
0 0.7490234375 0.1142578125 0.041015625 0.021484375
0 0.6767578125 0.099609375 0.033203125 0.02734375
0 0.8173828125 0.0966796875 0.052734375 0.033203125
0 0.91796875 0.078125 0.0390625 0.02734375
0 0.140625 0.083984375 0.03515625 0.04296875
0 0.638671875 0.0595703125 0.0234375 0.025390625
0 0.986328125 0.044921875 0.02734375 0.0234375
0 0.119140625 0.0341796875 0.0234375 0.025390625
0 0.0322265625 0.0322265625 0.025390625 0.029296875
0 0.814453125 0.03515625 0.03125 0.0390625
0 0.8994140625 0.0185546875 0.029296875 0.037109375
0 0.615234375 0.0068359375 0.0234375 0.013671875