0 0.36328125 0.9951171875 0.01953125 0.009765625
0 0.001953125 0.9873046875 0.00390625 0.005859375
0 0.169921875 0.9912109375 0.02734375 0.017578125
0 0.1005859375 0.9765625 0.029296875 0.02734375
0 0.294921875 0.978515625 0.04296875 0.04296875
0 0.06640625 0.9541015625 0.0390625 0.029296875
0 0.0029296875 0.9208984375 0.005859375 0.013671875
0 0.203125 0.9267578125 0.03125 0.041015625
0 0.763671875 0.951171875 0.20703125 0.09765625
0 0.1533203125 0.9052734375 0.048828125 0.052734375
0 0.9560546875 0.919921875 0.087890625 0.1328125
0 0.0888671875 0.8720703125 0.044921875 0.041015625
0 0.8115234375 0.88671875 0.111328125 0.1015625
0 0.037109375 0.845703125 0.046875 0.04296875
0 0.0029296875 0.8134765625 0.005859375 0.009765625
0 0.6826171875 0.8251953125 0.068359375 0.064453125
0 0.37109375 0.8203125 0.05078125 0.0625
0 0.9111328125 0.783203125 0.119140625 0.09765625
0 0.5703125 0.755859375 0.078125 0.06640625
0 0.7939453125 0.7060546875 0.072265625 0.056640625
0 0.4677734375 0.689453125 0.111328125 0.1171875
0 0.69140625 0.6474609375 0.0390625 0.048828125
0 0.8701171875 0.6474609375 0.087890625 0.083984375
0 0.634765625 0.5966796875 0.0546875 0.048828125
0 0.1396484375 0.6025390625 0.099609375 0.099609375
0 0.53125 0.5732421875 0.0859375 0.064453125
0 0.384765625 0.5654296875 0.078125 0.095703125
0 0.275390625 0.6220703125 0.2109375 0.224609375
0 0.8642578125 0.51171875 0.154296875 0.1796875
0 0.75 0.46875 0.0546875 0.109375
0 0.6630859375 0.4326171875 0.056640625 0.044921875
0 0.9951171875 0.3759765625 0.009765625 0.017578125
0 0.724609375 0.388671875 0.05859375 0.04296875
0 0.009765625 0.3701171875 0.01953125 0.033203125
0 0.3798828125 0.40625 0.150390625 0.12890625
0 0.9873046875 0.3525390625 0.025390625 0.025390625
0 0.6015625 0.37109375 0.0703125 0.06640625
0 0.9677734375 0.33203125 0.029296875 0.03125
0 0.44140625 0.3408203125 0.06640625 0.048828125
0 0.1708984375 0.3828125 0.142578125 0.15234375
0 0.0146484375 0.3173828125 0.029296875 0.041015625
0 0.9541015625 0.310546875 0.033203125 0.03125
0 0.9375 0.2861328125 0.03515625 0.029296875
0 0.0224609375 0.28515625 0.033203125 0.02734375
0 0.509765625 0.28515625 0.04296875 0.0390625
0 0.6435546875 0.3134765625 0.126953125 0.107421875
0 0.92578125 0.263671875 0.0234375 0.0234375
0 0.5234375 0.2568359375 0.04296875 0.041015625
0 0.90625 0.244140625 0.0390625 0.03515625
0 0.4423828125 0.2431640625 0.037109375 0.037109375
0 0.048828125 0.23046875 0.0390625 0.03125
0 0.8876953125 0.216796875 0.037109375 0.03125
0 0.4560546875 0.21875 0.037109375 0.0390625
0 0.5029296875 0.212890625 0.033203125 0.03125
0 0.9638671875 0.2119140625 0.037109375 0.033203125
0 0.5458984375 0.212890625 0.041015625 0.0390625
0 0.05859375 0.205078125 0.0390625 0.03125
0 0.3837890625 0.197265625 0.033203125 0.03125
0 0.0126953125 0.2021484375 0.025390625 0.041015625
0 0.9775390625 0.1904296875 0.029296875 0.025390625
0 0.4775390625 0.19140625 0.037109375 0.03515625
0 0.0029296875 0.177734375 0.005859375 0.0078125
0 0.28125 0.2294921875 0.125 0.115234375
0 0.556640625 0.1865234375 0.03515625 0.037109375
0 0.0732421875 0.177734375 0.041015625 0.03515625
0 0.49609375 0.1728515625 0.03515625 0.033203125
0 0.8466796875 0.169921875 0.033203125 0.03125
0 0.4033203125 0.1728515625 0.037109375 0.037109375
0 0.9853515625 0.1640625 0.029296875 0.02734375
0 0.333984375 0.166015625 0.03515625 0.03515625
0 0.9970703125 0.140625 0.005859375 0.01171875
0 0.513671875 0.1484375 0.03515625 0.03125
0 0.9384765625 0.1416015625 0.025390625 0.021484375
0 0.4228515625 0.1494140625 0.041015625 0.037109375
0 0.35546875 0.1357421875 0.02734375 0.025390625
0 0.58203125 0.140625 0.03515625 0.0390625
0 0.4453125 0.1298828125 0.03125 0.029296875
0 0.560546875 0.1259765625 0.03515625 0.037109375
0 0.86328125 0.123046875 0.04296875 0.03515625
0 0.2783203125 0.123046875 0.037109375 0.03515625
0 0.787109375 0.1123046875 0.02734375 0.021484375
0 0.9404296875 0.111328125 0.025390625 0.0234375
0 0.3828125 0.109375 0.0390625 0.03125
0 0.5419921875 0.10546875 0.033203125 0.03125
0 0.8701171875 0.0966796875 0.021484375 0.021484375
0 0.4619140625 0.103515625 0.037109375 0.03515625
0 0.298828125 0.1005859375 0.03125 0.029296875
0 0.125 0.1083984375 0.03515625 0.044921875
0 0.7978515625 0.08984375 0.025390625 0.0234375
0 0.08203125 0.0966796875 0.046875 0.041015625
0 0.2431640625 0.09375 0.037109375 0.0390625
0 0.9501953125 0.0849609375 0.029296875 0.025390625
0 0.98046875 0.07421875 0.015625 0.015625
0 0.212890625 0.078125 0.0390625 0.03125
0 0.8818359375 0.0703125 0.021484375 0.01953125
0 0.736328125 0.0732421875 0.03125 0.029296875
0 0.8076171875 0.06640625 0.029296875 0.0234375
0 0.3232421875 0.072265625 0.033203125 0.03515625
0 0.490234375 0.0673828125 0.0390625 0.037109375
0 0.955078125 0.056640625 0.0234375 0.0234375
0 0.4169921875 0.0615234375 0.033203125 0.033203125
0 0.58984375 0.0576171875 0.0390625 0.033203125
0 0.8974609375 0.046875 0.025390625 0.0234375
0 0.34375 0.0498046875 0.03125 0.029296875
0 0.822265625 0.0419921875 0.02734375 0.021484375
0 0.0439453125 0.046875 0.029296875 0.03125
0 0.46484375 0.046875 0.0390625 0.0390625
0 0.75 0.037109375 0.02734375 0.02734375
0 0.9677734375 0.0341796875 0.029296875 0.025390625
0 0.1650390625 0.0400390625 0.037109375 0.037109375
0 0.44140625 0.02734375 0.03515625 0.03515625
0 0.357421875 0.0263671875 0.03515625 0.033203125
0 0.244140625 0.0263671875 0.046875 0.033203125
0 0.732421875 0.0205078125 0.02734375 0.025390625
0 0.138671875 0.0263671875 0.03515625 0.037109375
0 0.828125 0.0166015625 0.03515625 0.025390625
0 0.978515625 0.0107421875 0.0234375 0.021484375
0 0.912109375 0.009765625 0.02734375 0.01953125
0 0.7119140625 0.013671875 0.033203125 0.02734375
0 0.693359375 0.001953125 0.00390625 0.00390625
0 0.517578125 0.005859375 0.01953125 0.01171875
0 0.3935546875 0.0029296875 0.009765625 0.005859375
0 0.2529296875 0.0078125 0.029296875 0.015625
0 0.171875 0.009765625 0.0390625 0.01953125
0 0.099609375 0.0048828125 0.01953125 0.009765625