0 0.17578125 0.9951171875 0.03515625 0.009765625
0 0.3916015625 0.9833984375 0.041015625 0.033203125
0 0.05859375 0.9765625 0.03125 0.03125
0 0.9443359375 0.9765625 0.060546875 0.04296875
0 0.0732421875 0.9541015625 0.029296875 0.025390625
0 0.9921875 0.943359375 0.015625 0.02734375
0 0.10546875 0.93359375 0.03515625 0.0234375
0 0.78515625 0.9267578125 0.02734375 0.029296875
0 0.375 0.9296875 0.0390625 0.0390625
0 0.0166015625 0.912109375 0.033203125 0.0234375
0 0.2548828125 0.8994140625 0.029296875 0.029296875
0 0.9716796875 0.9150390625 0.056640625 0.068359375
0 0.1767578125 0.888671875 0.025390625 0.0234375
0 0.4306640625 0.923828125 0.072265625 0.09765625
0 0.720703125 0.888671875 0.03125 0.03125
0 0.140625 0.8779296875 0.02734375 0.021484375
0 0.1142578125 0.87109375 0.025390625 0.02734375
0 0.2451171875 0.8671875 0.033203125 0.02734375
0 0.796875 0.873046875 0.0390625 0.04296875
0 0.6953125 0.8642578125 0.04296875 0.033203125
0 0.0556640625 0.849609375 0.029296875 0.02734375
0 0.662109375 0.8447265625 0.03515625 0.033203125
0 0.0234375 0.837890625 0.0234375 0.03125
0 0.8251953125 0.830078125 0.033203125 0.03125
0 0.634765625 0.830078125 0.03125 0.03125
0 0.005859375 0.826171875 0.01171875 0.03125
0 0.1484375 0.8173828125 0.0234375 0.025390625
0 0.2255859375 0.8076171875 0.025390625 0.021484375
0 0.8427734375 0.8037109375 0.033203125 0.025390625
0 0.5908203125 0.802734375 0.029296875 0.02734375
0 0.6689453125 0.787109375 0.017578125 0.015625
0 0.560546875 0.787109375 0.03515625 0.02734375
0 0.134765625 0.78125 0.02734375 0.03125
0 0.5341796875 0.7666015625 0.025390625 0.025390625
0 0.6875 0.76171875 0.02734375 0.03125
0 0.3701171875 0.7626953125 0.033203125 0.033203125
0 0.3369140625 0.7568359375 0.025390625 0.025390625
0 0.306640625 0.75390625 0.01953125 0.02734375
0 0.8466796875 0.7509765625 0.041015625 0.029296875
0 0.2607421875 0.7421875 0.033203125 0.0234375
0 0.978515625 0.75 0.03125 0.04296875
0 0.5009765625 0.744140625 0.029296875 0.03125
0 0.6337890625 0.736328125 0.025390625 0.0234375
0 0.19921875 0.7451171875 0.02734375 0.048828125
0 0.4814453125 0.72265625 0.013671875 0.015625
0 0.458984375 0.72265625 0.02734375 0.0234375
0 0.1171875 0.7255859375 0.02734375 0.029296875
0 0.857421875 0.716796875 0.01953125 0.02734375
0 0.720703125 0.724609375 0.03125 0.04296875
0 0.6171875 0.7099609375 0.015625 0.017578125
0 0.0517578125 0.7099609375 0.025390625 0.021484375
0 0.0224609375 0.705078125 0.021484375 0.0234375
0 0.4384765625 0.7021484375 0.029296875 0.029296875
0 0.6474609375 0.701171875 0.033203125 0.03125
0 0.40234375 0.693359375 0.0234375 0.01953125
0 0.3720703125 0.689453125 0.025390625 0.01953125
0 0.341796875 0.6826171875 0.0234375 0.025390625
0 0.8505859375 0.673828125 0.037109375 0.03125
0 0.3037109375 0.6728515625 0.037109375 0.029296875
0 0.255859375 0.6650390625 0.02734375 0.029296875
0 0.7890625 0.6611328125 0.02734375 0.025390625
0 0.216796875 0.66015625 0.0234375 0.02734375
0 0.7548828125 0.650390625 0.025390625 0.0234375
0 0.0888671875 0.646484375 0.037109375 0.0234375
0 0.7236328125 0.640625 0.025390625 0.01953125
0 0.599609375 0.640625 0.01953125 0.01953125
0 0.0263671875 0.63671875 0.044921875 0.0234375
0 0.6884765625 0.6337890625 0.021484375 0.021484375
0 0.1630859375 0.6328125 0.037109375 0.03125
0 0.6513671875 0.623046875 0.025390625 0.0234375
0 0.0048828125 0.615234375 0.009765625 0.01171875
0 0.619140625 0.6181640625 0.0234375 0.033203125
0 0.072265625 0.6123046875 0.02734375 0.025390625
0 0.5859375 0.609375 0.03125 0.02734375
0 0.853515625 0.6044921875 0.02734375 0.029296875
0 0.5498046875 0.6005859375 0.033203125 0.029296875
0 0.802734375 0.5869140625 0.02734375 0.033203125
0 0.763671875 0.5791015625 0.0234375 0.021484375
0 0.0634765625 0.58203125 0.021484375 0.02734375
0 0.7353515625 0.5693359375 0.025390625 0.021484375
0 0.5185546875 0.572265625 0.029296875 0.03125
0 0.341796875 0.564453125 0.01953125 0.015625
0 0.1396484375 0.5703125 0.029296875 0.04296875
0 0.853515625 0.5556640625 0.02734375 0.021484375
0 0.7998046875 0.548828125 0.013671875 0.015625
0 0.6962890625 0.5546875 0.029296875 0.02734375
0 0.7841796875 0.5458984375 0.017578125 0.017578125
0 0.6689453125 0.5458984375 0.029296875 0.033203125
0 0.3818359375 0.53125 0.013671875 0.015625
0 0.71484375 0.5263671875 0.015625 0.017578125
0 0.041015625 0.5283203125 0.02734375 0.021484375
0 0.125 0.529296875 0.03125 0.03125
0 0.6328125 0.517578125 0.01171875 0.015625
0 0.2890625 0.515625 0.015625 0.015625
0 0.87890625 0.521484375 0.0234375 0.03125
0 0.4921875 0.5107421875 0.03125 0.017578125
0 0.5380859375 0.5087890625 0.029296875 0.025390625
0 0.451171875 0.5068359375 0.03125 0.021484375
0 0.4111328125 0.5048828125 0.033203125 0.021484375
0 0.5791015625 0.5078125 0.037109375 0.03125
0 0.248046875 0.5029296875 0.01953125 0.021484375
0 0.369140625 0.5029296875 0.03515625 0.025390625
0 0.611328125 0.5029296875 0.0234375 0.029296875
0 0.0302734375 0.4990234375 0.021484375 0.033203125
0 0.107421875 0.4912109375 0.0234375 0.029296875
0 0.6708984375 0.484375 0.037109375 0.02734375
0 0.29296875 0.4833984375 0.02734375 0.025390625
0 0.8779296875 0.4775390625 0.029296875 0.033203125
0 0.783203125 0.4697265625 0.015625 0.017578125
0 0.255859375 0.4677734375 0.03125 0.025390625
0 0.0234375 0.4677734375 0.0234375 0.025390625
0 0.095703125 0.4619140625 0.02734375 0.025390625
0 0.220703125 0.455078125 0.0234375 0.0234375
0 0.9921875 0.453125 0.015625 0.0234375
0 0.72265625 0.4580078125 0.03515625 0.037109375
0 0.5341796875 0.4443359375 0.021484375 0.017578125
0 0.1953125 0.4453125 0.02734375 0.01953125
0 0.845703125 0.4443359375 0.01953125 0.025390625
0 0.48046875 0.4384765625 0.01953125 0.013671875
0 0.013671875 0.443359375 0.02734375 0.0234375
0 0.3974609375 0.4375 0.029296875 0.01953125
0 0.771484375 0.4375 0.03125 0.02734375
0 0.0830078125 0.4365234375 0.025390625 0.025390625
0 0.5947265625 0.4365234375 0.033203125 0.029296875
0 0.3486328125 0.4306640625 0.021484375 0.017578125
0 0.1689453125 0.43359375 0.025390625 0.0234375
0 0.8896484375 0.43359375 0.025390625 0.03125
0 0.8056640625 0.4228515625 0.033203125 0.029296875
0 0.12890625 0.4169921875 0.03125 0.025390625
0 0.638671875 0.412109375 0.03515625 0.03515625
0 0.294921875 0.408203125 0.03515625 0.03125
0 0.8466796875 0.4013671875 0.037109375 0.021484375
0 0.0732421875 0.39453125 0.033203125 0.0234375
0 0.8876953125 0.384765625 0.025390625 0.01953125
0 0.0029296875 0.369140625 0.005859375 0.0078125
0 0.7001953125 0.3740234375 0.021484375 0.021484375
0 0.7431640625 0.3623046875 0.037109375 0.029296875
0 0.787109375 0.359375 0.0390625 0.03125
0 0.8330078125 0.3447265625 0.037109375 0.033203125
0 0.2705078125 0.337890625 0.021484375 0.02734375
0 0.875 0.3154296875 0.03515625 0.041015625
0 0.2578125 0.2919921875 0.02734375 0.033203125
0 0.7919921875 0.2939453125 0.048828125 0.052734375
0 0.4111328125 0.2705078125 0.048828125 0.048828125
0 0.83203125 0.248046875 0.02734375 0.02734375
0 0.9296875 0.244140625 0.0546875 0.03125
0 0.279296875 0.25 0.03515625 0.04296875
0 0.642578125 0.2431640625 0.0390625 0.044921875
0 0.435546875 0.2294921875 0.01953125 0.025390625
0 0.3046875 0.2197265625 0.03125 0.033203125
0 0.8720703125 0.208984375 0.037109375 0.046875
0 0.9638671875 0.1875 0.029296875 0.02734375
0 0.7353515625 0.1943359375 0.037109375 0.044921875
0 0.3330078125 0.189453125 0.037109375 0.03515625
0 0.896484375 0.1669921875 0.03125 0.033203125
0 0.5205078125 0.154296875 0.037109375 0.03125
0 0.5693359375 0.154296875 0.037109375 0.0390625
0 0.392578125 0.150390625 0.03125 0.0390625
0 0.615234375 0.1484375 0.0390625 0.04296875
0 0.9443359375 0.1396484375 0.033203125 0.037109375
0 0.4775390625 0.130859375 0.037109375 0.03515625
0 0.6572265625 0.12890625 0.041015625 0.0390625
0 0.9912109375 0.1259765625 0.017578125 0.037109375
0 0.369140625 0.11328125 0.03125 0.03515625
0 0.6923828125 0.0986328125 0.041015625 0.041015625
0 0.7802734375 0.099609375 0.048828125 0.06640625
0 0.5224609375 0.078125 0.037109375 0.0390625
0 0.9033203125 0.078125 0.037109375 0.04296875
0 0.421875 0.0771484375 0.0390625 0.041015625
0 0.33984375 0.0654296875 0.03515625 0.041015625
0 0.666015625 0.0556640625 0.0390625 0.037109375
0 0.87109375 0.0478515625 0.03515625 0.033203125
0 0.5517578125 0.04296875 0.037109375 0.0390625
0 0.400390625 0.0390625 0.03515625 0.03515625
0 0.748046875 0.025390625 0.03515625 0.03515625
0 0.462890625 0.025390625 0.04296875 0.03515625
0 0.630859375 0.0234375 0.0390625 0.03515625
0 0.3154296875 0.021484375 0.033203125 0.03515625
0 0.923828125 0.00390625 0.01171875 0.0078125
0 0.8359375 0.01953125 0.04296875 0.0390625
0 0.7060546875 0.00390625 0.013671875 0.0078125
0 0.6005859375 0.0048828125 0.017578125 0.009765625
0 0.5859375 0.001953125 0.0078125 0.00390625
0 0.4970703125 0.0029296875 0.013671875 0.005859375
0 0.064453125 0.0595703125 0.12890625 0.119140625