0 0.509765625 0.9912109375 0.04296875 0.017578125
0 0.845703125 0.98828125 0.03515625 0.0234375
0 0.4814453125 0.982421875 0.013671875 0.015625
0 0.333984375 0.97265625 0.0625 0.0546875
0 0.5009765625 0.953125 0.044921875 0.03515625
0 0.0478515625 0.962890625 0.041015625 0.06640625
0 0.998046875 0.9296875 0.00390625 0.00390625
0 0.490234375 0.9326171875 0.0234375 0.021484375
0 0.6396484375 0.9296875 0.056640625 0.0390625
0 0.9970703125 0.9091796875 0.005859375 0.009765625
0 0.98046875 0.8671875 0.0390625 0.04296875
0 0.9189453125 0.9140625 0.130859375 0.1640625
0 0.28125 0.8544921875 0.03125 0.052734375
0 0.9921875 0.8251953125 0.015625 0.021484375
0 0.9482421875 0.818359375 0.041015625 0.05078125
0 0.390625 0.8193359375 0.09375 0.064453125
0 0.15625 0.8017578125 0.0703125 0.037109375
0 0.009765625 0.7890625 0.015625 0.01171875
0 0.685546875 0.8310546875 0.12109375 0.119140625
0 0.947265625 0.779296875 0.03125 0.03125
0 0.8974609375 0.7451171875 0.029296875 0.025390625
0 0.8359375 0.7509765625 0.12890625 0.068359375
0 0.759765625 0.73046875 0.02734375 0.03125
0 0.7158203125 0.7216796875 0.017578125 0.021484375
0 0.8603515625 0.7275390625 0.044921875 0.037109375
0 0.9833984375 0.734375 0.033203125 0.0546875
0 0.7373046875 0.724609375 0.029296875 0.0390625
0 0.900390625 0.7158203125 0.04296875 0.037109375
0 0.3740234375 0.7158203125 0.041015625 0.041015625
0 0.2392578125 0.7138671875 0.029296875 0.037109375
0 0.689453125 0.7099609375 0.03125 0.037109375
0 0.779296875 0.6904296875 0.015625 0.017578125
0 0.6328125 0.697265625 0.03125 0.03515625
0 0.2880859375 0.693359375 0.029296875 0.03515625
0 0.8583984375 0.6884765625 0.029296875 0.029296875
0 0.6015625 0.6875 0.0234375 0.02734375
0 0.7265625 0.6767578125 0.02734375 0.037109375
0 0.5791015625 0.666015625 0.025390625 0.0234375
0 0.748046875 0.6669921875 0.03125 0.033203125
0 0.212890625 0.658203125 0.03515625 0.03125
0 0.7705078125 0.65625 0.029296875 0.0390625
0 0.6572265625 0.65234375 0.033203125 0.03125
0 0.48046875 0.6474609375 0.05078125 0.025390625
0 0.7861328125 0.6416015625 0.017578125 0.017578125
0 0.275390625 0.630859375 0.03125 0.02734375
0 0.6875 0.630859375 0.03515625 0.0390625
0 0.82421875 0.6474609375 0.06640625 0.076171875
0 0.919921875 0.6455078125 0.05859375 0.083984375
0 0.869140625 0.634765625 0.05859375 0.0703125
0 0.720703125 0.615234375 0.0390625 0.03125
0 0.5869140625 0.6044921875 0.033203125 0.033203125
0 0.998046875 0.5849609375 0.00390625 0.005859375
0 0.2578125 0.5927734375 0.03515625 0.029296875
0 0.7587890625 0.5947265625 0.033203125 0.037109375
0 0.0732421875 0.58984375 0.048828125 0.04296875
0 0.8359375 0.5810546875 0.03515625 0.033203125
0 0.009765625 0.5986328125 0.01953125 0.076171875
0 0.6240234375 0.572265625 0.033203125 0.02734375
0 0.779296875 0.5732421875 0.03515625 0.037109375
0 0.908203125 0.580078125 0.06640625 0.0546875
0 0.7978515625 0.55859375 0.033203125 0.03515625
0 0.5673828125 0.5517578125 0.041015625 0.029296875
0 0.1689453125 0.5478515625 0.037109375 0.037109375
0 0.861328125 0.5390625 0.03125 0.03125
0 0.2421875 0.5400390625 0.03125 0.033203125
0 0.984375 0.5322265625 0.02734375 0.025390625
0 0.51953125 0.5263671875 0.03125 0.033203125
0 0.8291015625 0.5341796875 0.052734375 0.056640625
0 0.556640625 0.5048828125 0.0234375 0.025390625
0 0.5322265625 0.501953125 0.021484375 0.0234375
0 0.4951171875 0.501953125 0.033203125 0.03515625
0 0.6123046875 0.48828125 0.033203125 0.03125
0 0.53515625 0.4736328125 0.02734375 0.025390625
0 0.9072265625 0.46875 0.029296875 0.03515625
0 0.6728515625 0.46875 0.037109375 0.03515625
0 0.5966796875 0.46484375 0.037109375 0.03125
0 0.46484375 0.45703125 0.03125 0.0234375
0 0.1005859375 0.4560546875 0.025390625 0.029296875
0 0.576171875 0.4482421875 0.03125 0.025390625
0 0.8720703125 0.451171875 0.025390625 0.03515625
0 0.5009765625 0.4404296875 0.025390625 0.021484375
0 0.69921875 0.44921875 0.046875 0.04296875
0 0.171875 0.4521484375 0.04296875 0.048828125
0 0.986328125 0.44140625 0.02734375 0.03125
0 0.0234375 0.4404296875 0.03515625 0.037109375
0 0.73828125 0.431640625 0.03125 0.02734375
0 0.8359375 0.4248046875 0.0390625 0.033203125
0 0.55078125 0.412109375 0.03125 0.02734375
0 0.724609375 0.4111328125 0.03125 0.029296875
0 0.5830078125 0.3994140625 0.029296875 0.029296875
0 0.6142578125 0.392578125 0.033203125 0.0390625
0 0.3828125 0.3818359375 0.015625 0.017578125
0 0.443359375 0.3984375 0.06640625 0.0546875
0 0.7958984375 0.384765625 0.025390625 0.03125
0 0.9970703125 0.3544921875 0.005859375 0.017578125
0 0.6640625 0.361328125 0.03515625 0.0390625
0 0.958984375 0.3662109375 0.0390625 0.056640625
0 0.5439453125 0.33984375 0.037109375 0.02734375
0 0.890625 0.3466796875 0.0703125 0.048828125
0 0.4404296875 0.333984375 0.037109375 0.03125
0 0.9931640625 0.3115234375 0.013671875 0.021484375
0 0.587890625 0.3173828125 0.03125 0.037109375
0 0.8310546875 0.3056640625 0.021484375 0.017578125
0 0.7548828125 0.30859375 0.033203125 0.02734375
0 0.6103515625 0.302734375 0.029296875 0.03515625
0 0.4267578125 0.2958984375 0.025390625 0.025390625
0 0.509765625 0.298828125 0.0234375 0.03515625
0 0.3408203125 0.2978515625 0.037109375 0.033203125
0 0.794921875 0.2939453125 0.0390625 0.037109375
0 0.9921875 0.283203125 0.015625 0.0234375
0 0.62109375 0.2666015625 0.0390625 0.017578125
0 0.248046875 0.275390625 0.04296875 0.03515625
0 0.8330078125 0.26953125 0.037109375 0.03515625
0 0.4912109375 0.26171875 0.025390625 0.02734375
0 0.8662109375 0.255859375 0.029296875 0.03515625
0 0.0048828125 0.25390625 0.009765625 0.03515625
0 0.619140625 0.2421875 0.04296875 0.0234375
0 0.4091796875 0.240234375 0.021484375 0.0234375
0 0.904296875 0.2353515625 0.02734375 0.033203125
0 0.587890625 0.2275390625 0.015625 0.017578125
0 0.4775390625 0.22265625 0.021484375 0.01953125
0 0.3291015625 0.2275390625 0.029296875 0.029296875
0 0.9521484375 0.232421875 0.064453125 0.046875
0 0.7509765625 0.2275390625 0.029296875 0.037109375
0 0.623046875 0.212890625 0.03515625 0.01953125
0 0.7900390625 0.203125 0.056640625 0.04296875
0 0.7177734375 0.216796875 0.044921875 0.0703125
0 0.396484375 0.193359375 0.01953125 0.0234375
0 0.13671875 0.296875 0.19921875 0.25
0 0.8359375 0.1806640625 0.03125 0.021484375
0 0.755859375 0.173828125 0.01953125 0.01953125
0 0.322265625 0.1796875 0.02734375 0.0390625
0 0.2392578125 0.181640625 0.044921875 0.046875
0 0.623046875 0.1669921875 0.0390625 0.021484375
0 0.705078125 0.16796875 0.0234375 0.02734375
0 0.4873046875 0.1640625 0.033203125 0.0234375
0 0.7998046875 0.1572265625 0.017578125 0.013671875
0 0.0458984375 0.1611328125 0.044921875 0.029296875
0 0.52734375 0.16015625 0.02734375 0.0390625
0 0.3818359375 0.1513671875 0.044921875 0.033203125
0 0.5615234375 0.1533203125 0.033203125 0.041015625
0 0.58984375 0.1357421875 0.01953125 0.025390625
0 0.6259765625 0.1298828125 0.025390625 0.021484375
0 0.140625 0.1259765625 0.01953125 0.017578125
0 0.896484375 0.150390625 0.09375 0.078125
0 0.7080078125 0.12890625 0.029296875 0.03515625
0 0.75 0.125 0.0234375 0.03125
0 0.322265625 0.115234375 0.015625 0.015625
0 0.169921875 0.1201171875 0.0234375 0.025390625
0 0.775390625 0.1259765625 0.02734375 0.041015625
0 0.2568359375 0.1171875 0.025390625 0.02734375
0 0.1982421875 0.115234375 0.021484375 0.0234375
0 0.376953125 0.109375 0.03515625 0.0234375
0 0.9697265625 0.1142578125 0.033203125 0.041015625
0 0.451171875 0.1083984375 0.03125 0.029296875
0 0.8134765625 0.1142578125 0.056640625 0.048828125
0 0.5107421875 0.08984375 0.029296875 0.03515625
0 0.4482421875 0.08203125 0.037109375 0.0234375
0 0.3330078125 0.08203125 0.025390625 0.02734375
0 0.5498046875 0.0830078125 0.029296875 0.033203125
0 0.7060546875 0.0712890625 0.037109375 0.017578125
0 0.962890625 0.072265625 0.02734375 0.03125
0 0.619140625 0.068359375 0.03515625 0.0234375
0 0.369140625 0.068359375 0.0234375 0.0234375
0 0.994140625 0.06640625 0.01171875 0.0234375
0 0.5849609375 0.0634765625 0.021484375 0.017578125
0 0.7734375 0.0576171875 0.01953125 0.037109375
0 0.748046875 0.05859375 0.0234375 0.0390625
0 0.794921875 0.05078125 0.02734375 0.0390625
0 0.470703125 0.04296875 0.03125 0.03125
0 0.705078125 0.03125 0.03515625 0.01953125
0 0.9921875 0.0234375 0.015625 0.02734375
0 0.53125 0.0263671875 0.03515625 0.041015625
0 0.966796875 0.005859375 0.01953125 0.01171875
0 0.86328125 0.0625 0.109375 0.125
0 0.599609375 0.0263671875 0.09765625 0.052734375
0 0.3193359375 0.005859375 0.033203125 0.01171875
0 0.220703125 0.005859375 0.046875 0.01171875
0 0.1591796875 0.0205078125 0.037109375 0.041015625
0 0.0224609375 0.0361328125 0.044921875 0.072265625