0 0.8759765625 0.998046875 0.005859375 0.00390625
0 0.4013671875 0.998046875 0.013671875 0.00390625
0 0.9853515625 0.99609375 0.013671875 0.0078125
0 0.845703125 0.9931640625 0.02734375 0.013671875
0 0.3564453125 0.9931640625 0.029296875 0.013671875
0 0.005859375 0.9931640625 0.01171875 0.013671875
0 0.5673828125 0.990234375 0.025390625 0.01953125
0 0.4248046875 0.990234375 0.029296875 0.01953125
0 0.9296875 0.9873046875 0.01953125 0.017578125
0 0.763671875 0.9892578125 0.0390625 0.021484375
0 0.4951171875 0.982421875 0.029296875 0.02734375
0 0.6455078125 0.9794921875 0.048828125 0.029296875
0 0.046875 0.978515625 0.02734375 0.03125
0 0.1640625 0.978515625 0.03515625 0.04296875
0 0.8310546875 0.970703125 0.033203125 0.03125
0 0.9912109375 0.9658203125 0.017578125 0.025390625
0 0.748046875 0.9677734375 0.0390625 0.033203125
0 0.564453125 0.962890625 0.03125 0.0234375
0 0.3544921875 0.9638671875 0.029296875 0.025390625
0 0.423828125 0.9580078125 0.02734375 0.021484375
0 0.494140625 0.9541015625 0.02734375 0.025390625
0 0.53125 0.9443359375 0.015625 0.017578125
0 0.39453125 0.939453125 0.01171875 0.01171875
0 0.380859375 0.939453125 0.01171875 0.01171875
0 0.8154296875 0.94140625 0.041015625 0.03515625
0 0.732421875 0.9384765625 0.0390625 0.033203125
0 0.5595703125 0.9306640625 0.029296875 0.021484375
0 0.9658203125 0.9375 0.037109375 0.0390625
0 0.419921875 0.921875 0.02734375 0.0234375
0 0.0244140625 0.9267578125 0.037109375 0.033203125
0 0.494140625 0.919921875 0.03125 0.0234375
0 0.3525390625 0.921875 0.025390625 0.02734375
0 0.908203125 0.91015625 0.01953125 0.01953125
0 0.6357421875 0.912109375 0.033203125 0.03125
0 0.119140625 0.912109375 0.08203125 0.0390625
0 0.55859375 0.904296875 0.03125 0.02734375
0 0.7236328125 0.904296875 0.029296875 0.03125
0 0.7802734375 0.896484375 0.021484375 0.01953125
0 0.8896484375 0.8935546875 0.017578125 0.017578125
0 0.66796875 0.89453125 0.02734375 0.0234375
0 0.357421875 0.890625 0.01953125 0.01953125
0 0.9375 0.89453125 0.0390625 0.03515625
0 0.4140625 0.888671875 0.03125 0.0234375
0 0.486328125 0.88671875 0.03125 0.0234375
0 0.634765625 0.87890625 0.03125 0.0234375
0 0.390625 0.8681640625 0.015625 0.013671875
0 0.703125 0.87109375 0.03515625 0.03125
0 0.5576171875 0.869140625 0.033203125 0.02734375
0 0.830078125 0.8642578125 0.0234375 0.021484375
0 0.76953125 0.8662109375 0.03125 0.037109375
0 0.0126953125 0.859375 0.025390625 0.02734375
0 0.36328125 0.859375 0.02734375 0.03125
0 0.9033203125 0.857421875 0.052734375 0.03125
0 0.4775390625 0.85546875 0.029296875 0.03125
0 0.6298828125 0.8466796875 0.029296875 0.033203125
0 0.001953125 0.833984375 0.00390625 0.0078125
0 0.0498046875 0.8447265625 0.025390625 0.033203125
0 0.6845703125 0.8408203125 0.041015625 0.029296875
0 0.3994140625 0.833984375 0.013671875 0.015625
0 0.65625 0.8271484375 0.0234375 0.029296875
0 0.994140625 0.8203125 0.01171875 0.01953125
0 0.771484375 0.8193359375 0.015625 0.017578125
0 0.5517578125 0.826171875 0.029296875 0.03125
0 0.7451171875 0.8251953125 0.025390625 0.037109375
0 0.4677734375 0.8154296875 0.025390625 0.025390625
0 0.830078125 0.8076171875 0.01953125 0.017578125
0 0.3759765625 0.8203125 0.033203125 0.04296875
0 0.626953125 0.8095703125 0.03125 0.025390625
0 0.873046875 0.8125 0.0390625 0.03515625
0 0.15625 0.7998046875 0.03125 0.025390625
0 0.03125 0.8056640625 0.02734375 0.037109375
0 0.6728515625 0.80078125 0.025390625 0.03515625
0 0.1015625 0.802734375 0.03125 0.05078125
0 0.1845703125 0.787109375 0.025390625 0.0234375
0 0.728515625 0.7880859375 0.0234375 0.033203125
0 0.5126953125 0.7724609375 0.013671875 0.017578125
0 0.84375 0.7744140625 0.0390625 0.033203125
0 0.6357421875 0.771484375 0.037109375 0.02734375
0 0.9931640625 0.7626953125 0.013671875 0.021484375
0 0.671875 0.76171875 0.01953125 0.01953125
0 0.013671875 0.767578125 0.02734375 0.0390625
0 0.4619140625 0.765625 0.041015625 0.0390625
0 0.7216796875 0.755859375 0.021484375 0.02734375
0 0.08203125 0.759765625 0.03125 0.03515625
0 0.1611328125 0.7470703125 0.025390625 0.029296875
0 0.630859375 0.740234375 0.0390625 0.03515625
0 0.54296875 0.7421875 0.03515625 0.0390625
0 0.005859375 0.732421875 0.01171875 0.02734375
0 0.8115234375 0.732421875 0.048828125 0.03125
0 0.23046875 0.71875 0.02734375 0.02734375
0 0.953125 0.72265625 0.0390625 0.04296875
0 0.060546875 0.7158203125 0.02734375 0.029296875
0 0.193359375 0.70703125 0.015625 0.01953125
0 0.146484375 0.7109375 0.0234375 0.02734375
0 0.111328125 0.703125 0.015625 0.015625
0 0.7890625 0.701171875 0.03515625 0.03515625
0 0.6279296875 0.6943359375 0.037109375 0.041015625
0 0.8798828125 0.6884765625 0.029296875 0.037109375
0 0.2451171875 0.685546875 0.033203125 0.03515625
0 0.130859375 0.6796875 0.02734375 0.03125
0 0.0498046875 0.6806640625 0.029296875 0.033203125
0 0.1884765625 0.6630859375 0.025390625 0.029296875
0 0.9130859375 0.65625 0.029296875 0.02734375
0 0.6845703125 0.662109375 0.029296875 0.0390625
0 0.74609375 0.66015625 0.046875 0.04296875
0 0.7197265625 0.62890625 0.044921875 0.03515625
0 0.2421875 0.626953125 0.03125 0.03125
0 0.1044921875 0.634765625 0.037109375 0.046875
0 0.9775390625 0.626953125 0.041015625 0.0390625
0 0.8525390625 0.6318359375 0.052734375 0.056640625
0 0.166015625 0.615234375 0.02734375 0.02734375
0 0.0283203125 0.6142578125 0.033203125 0.025390625
0 0.0654296875 0.5849609375 0.029296875 0.033203125
0 0.208984375 0.5830078125 0.03125 0.052734375
0 0.142578125 0.5634765625 0.03515625 0.048828125
0 0.9375 0.568359375 0.05859375 0.0625
0 0.845703125 0.56640625 0.0625 0.05859375
0 0.8876953125 0.5283203125 0.033203125 0.029296875
0 0.1279296875 0.5244140625 0.021484375 0.021484375
0 0.17578125 0.533203125 0.03515625 0.046875
0 0.099609375 0.5224609375 0.0234375 0.029296875
0 0.0634765625 0.5 0.017578125 0.01953125
0 0.1396484375 0.48828125 0.029296875 0.04296875
0 0.9306640625 0.4931640625 0.068359375 0.068359375
0 0.0771484375 0.44140625 0.044921875 0.05859375