0 0.0126953125 0.9248046875 0.025390625 0.037109375
0 0.005859375 0.89453125 0.01171875 0.0234375
0 0.95703125 0.8642578125 0.0234375 0.044921875
0 0.0498046875 0.861328125 0.099609375 0.12109375
0 0.3515625 0.8154296875 0.0390625 0.044921875
0 0.380859375 0.7998046875 0.0390625 0.044921875
0 0.4111328125 0.78515625 0.041015625 0.04296875
0 0.3212890625 0.8046875 0.072265625 0.09765625
0 0.0869140625 0.7734375 0.029296875 0.03515625
0 0.0205078125 0.7685546875 0.029296875 0.025390625
0 0.203125 0.783203125 0.109375 0.0703125
0 0.1171875 0.765625 0.02734375 0.03515625
0 0.44140625 0.7666015625 0.0390625 0.044921875
0 0.958984375 0.763671875 0.0234375 0.046875
0 0.14453125 0.75390625 0.02734375 0.03515625
0 0.17578125 0.7421875 0.02734375 0.03515625
0 0.49609375 0.7451171875 0.08984375 0.060546875
0 0.205078125 0.732421875 0.03125 0.04296875
0 0.2314453125 0.716796875 0.029296875 0.03515625
0 0.05859375 0.701171875 0.03125 0.0234375
0 0.0078125 0.7021484375 0.015625 0.025390625
0 0.109375 0.6943359375 0.03515625 0.025390625
0 0.4375 0.716796875 0.171875 0.09765625
0 0.6083984375 0.6884765625 0.056640625 0.048828125
0 0.3388671875 0.7109375 0.158203125 0.09375
0 0.1796875 0.673828125 0.03515625 0.03125
0 0.060546875 0.6689453125 0.02734375 0.021484375
0 0.28125 0.6884765625 0.0859375 0.068359375
0 0.009765625 0.6689453125 0.01953125 0.033203125
0 0.1181640625 0.6611328125 0.025390625 0.025390625
0 0.3310546875 0.66015625 0.029296875 0.03125
0 0.353515625 0.6474609375 0.02734375 0.029296875
0 0.0654296875 0.6396484375 0.033203125 0.021484375
0 0.611328125 0.6318359375 0.01953125 0.017578125
0 0.3740234375 0.6357421875 0.025390625 0.029296875
0 0.177734375 0.6357421875 0.03125 0.029296875
0 0.005859375 0.6298828125 0.01171875 0.021484375
0 0.4521484375 0.6484375 0.083984375 0.0625
0 0.3955078125 0.6240234375 0.025390625 0.029296875
0 0.2353515625 0.6337890625 0.064453125 0.052734375
0 0.75390625 0.6279296875 0.06640625 0.048828125
0 0.05859375 0.6142578125 0.03125 0.021484375
0 0.6728515625 0.6474609375 0.099609375 0.091796875
0 0.0029296875 0.6064453125 0.005859375 0.013671875
0 0.4169921875 0.6123046875 0.029296875 0.029296875
0 0.1728515625 0.6044921875 0.025390625 0.021484375
0 0.107421875 0.607421875 0.03125 0.02734375
0 0.5380859375 0.60546875 0.033203125 0.03125
0 0.439453125 0.599609375 0.02734375 0.02734375
0 0.56640625 0.59375 0.0234375 0.02734375
0 0.318359375 0.5947265625 0.03515625 0.029296875
0 0.2451171875 0.587890625 0.025390625 0.03125
0 0.0517578125 0.5869140625 0.033203125 0.029296875
0 0.59375 0.583984375 0.03125 0.03125
0 0.458984375 0.583984375 0.02734375 0.03125
0 0.1708984375 0.5771484375 0.037109375 0.025390625
0 0.798828125 0.580078125 0.0546875 0.04296875
0 0.103515625 0.5732421875 0.03515625 0.029296875
0 0.6201171875 0.572265625 0.029296875 0.03125
0 0.3076171875 0.5712890625 0.037109375 0.029296875
0 0.8701171875 0.5615234375 0.025390625 0.029296875
0 0.64453125 0.5595703125 0.02734375 0.025390625
0 0.35546875 0.5654296875 0.03515625 0.041015625
0 0.2294921875 0.55859375 0.033203125 0.02734375
0 0.0400390625 0.5576171875 0.033203125 0.025390625
0 0.537109375 0.5556640625 0.0390625 0.037109375
0 0.8935546875 0.5478515625 0.029296875 0.025390625
0 0.1630859375 0.548828125 0.041015625 0.03125
0 0.79296875 0.5400390625 0.0234375 0.021484375
0 0.3017578125 0.5439453125 0.037109375 0.033203125
0 0.029296875 0.537109375 0.02734375 0.02734375
0 0.9189453125 0.53515625 0.029296875 0.03125
0 0.083984375 0.537109375 0.03515625 0.03515625
0 0.1455078125 0.5263671875 0.021484375 0.021484375
0 0.9443359375 0.5283203125 0.033203125 0.029296875
0 0.4228515625 0.5302734375 0.033203125 0.033203125
0 0.2197265625 0.5244140625 0.029296875 0.025390625
0 0.5869140625 0.5244140625 0.029296875 0.033203125
0 0.7822265625 0.513671875 0.025390625 0.0234375
0 0.2900390625 0.517578125 0.033203125 0.03125
0 0.015625 0.517578125 0.03125 0.03125
0 0.85546875 0.5107421875 0.02734375 0.025390625
0 0.7001953125 0.529296875 0.091796875 0.0625
0 0.611328125 0.51171875 0.02734375 0.03515625
0 0.400390625 0.5078125 0.03515625 0.03125
0 0.990234375 0.5068359375 0.01953125 0.037109375
0 0.1357421875 0.5 0.029296875 0.02734375
0 0.6396484375 0.501953125 0.033203125 0.03515625
0 0.0615234375 0.4990234375 0.033203125 0.041015625
0 0.00390625 0.48828125 0.0078125 0.01953125
0 0.7705078125 0.4873046875 0.025390625 0.021484375
0 0.841796875 0.486328125 0.03125 0.0234375
0 0.2802734375 0.4912109375 0.033203125 0.033203125
0 0.376953125 0.490234375 0.03515625 0.03515625
0 0.916015625 0.482421875 0.03125 0.02734375
0 0.6728515625 0.486328125 0.029296875 0.03515625
0 0.5009765625 0.4833984375 0.033203125 0.029296875
0 0.2041015625 0.4765625 0.037109375 0.02734375
0 0.4697265625 0.470703125 0.029296875 0.0234375
0 0.361328125 0.4677734375 0.03515625 0.033203125
0 0.8291015625 0.4619140625 0.029296875 0.025390625
0 0.70703125 0.4658203125 0.03125 0.033203125
0 0.318359375 0.4697265625 0.04296875 0.041015625
0 0.2646484375 0.46484375 0.037109375 0.03125
0 0.9052734375 0.458984375 0.029296875 0.0234375
0 0.189453125 0.458984375 0.03125 0.0234375
0 0.9765625 0.458984375 0.03125 0.02734375
0 0.0068359375 0.4541015625 0.013671875 0.021484375
0 0.548828125 0.4599609375 0.02734375 0.037109375
0 0.4541015625 0.4501953125 0.029296875 0.025390625
0 0.57421875 0.4501953125 0.03515625 0.029296875
0 0.607421875 0.44140625 0.02734375 0.03125
0 0.89453125 0.4365234375 0.02734375 0.025390625
0 0.173828125 0.439453125 0.0390625 0.03125
0 0.25 0.4375 0.0390625 0.03125
0 0.0185546875 0.4384765625 0.033203125 0.033203125
0 0.494140625 0.4248046875 0.02734375 0.025390625
0 0.1025390625 0.4384765625 0.048828125 0.060546875
0 0.6357421875 0.4228515625 0.029296875 0.037109375
0 0.31640625 0.421875 0.03125 0.03515625
0 0.158203125 0.4169921875 0.0390625 0.033203125
0 0.955078125 0.412109375 0.02734375 0.02734375
0 0.8837890625 0.4130859375 0.029296875 0.029296875
0 0.515625 0.41015625 0.0234375 0.02734375
0 0.4150390625 0.408203125 0.033203125 0.03125
0 0.66796875 0.408203125 0.03125 0.03515625
0 0.0693359375 0.4052734375 0.033203125 0.029296875
0 0.9951171875 0.3935546875 0.009765625 0.017578125
0 0.0029296875 0.388671875 0.005859375 0.0078125
0 0.5341796875 0.3955078125 0.025390625 0.025390625
0 0.2216796875 0.4052734375 0.041015625 0.048828125
0 0.1455078125 0.3935546875 0.029296875 0.029296875
0 0.40234375 0.388671875 0.03125 0.02734375
0 0.818359375 0.4013671875 0.04296875 0.056640625
0 0.552734375 0.380859375 0.0234375 0.0234375
0 0.8623046875 0.3828125 0.041015625 0.04296875
0 0.4560546875 0.3740234375 0.025390625 0.025390625
0 0.1982421875 0.373046875 0.029296875 0.03125
0 0.5732421875 0.3671875 0.025390625 0.0234375
0 0.1103515625 0.375 0.056640625 0.05078125
0 0.0146484375 0.3671875 0.029296875 0.03515625
0 0.92578125 0.361328125 0.02734375 0.02734375
0 0.3798828125 0.36328125 0.037109375 0.03515625
0 0.478515625 0.357421875 0.02734375 0.02734375
0 0.5927734375 0.353515625 0.025390625 0.0234375
0 0.2548828125 0.357421875 0.033203125 0.03125
0 0.9453125 0.353515625 0.0234375 0.02734375
0 0.962890625 0.34375 0.0234375 0.02734375
0 0.0380859375 0.349609375 0.037109375 0.0390625
0 0.498046875 0.3427734375 0.02734375 0.029296875
0 0.6142578125 0.341796875 0.029296875 0.03125
0 0.986328125 0.3359375 0.02734375 0.03125
0 0.00390625 0.328125 0.0078125 0.015625
0 0.828125 0.3330078125 0.03125 0.029296875
0 0.2353515625 0.3349609375 0.033203125 0.037109375
0 0.9052734375 0.328125 0.029296875 0.02734375
0 0.515625 0.328125 0.02734375 0.03125
0 0.1591796875 0.3310546875 0.037109375 0.037109375
0 0.634765625 0.326171875 0.03125 0.03125
0 0.05859375 0.3291015625 0.03125 0.037109375
0 0.537109375 0.3154296875 0.0234375 0.025390625
0 0.021484375 0.3154296875 0.0234375 0.025390625
0 0.814453125 0.3125 0.02734375 0.0234375
0 0.6513671875 0.3125 0.021484375 0.03125
0 0.212890625 0.310546875 0.02734375 0.02734375
0 0.892578125 0.3076171875 0.02734375 0.025390625
0 0.9560546875 0.298828125 0.037109375 0.02734375
0 0.556640625 0.298828125 0.0234375 0.02734375
0 0.044921875 0.29296875 0.01953125 0.01953125
0 0.802734375 0.291015625 0.02734375 0.01953125
0 0.4521484375 0.3037109375 0.048828125 0.044921875
0 0.876953125 0.2880859375 0.02734375 0.025390625
0 0.576171875 0.28515625 0.02734375 0.02734375
0 0.6923828125 0.2822265625 0.025390625 0.025390625
0 0.1748046875 0.2861328125 0.041015625 0.037109375
0 0.9453125 0.2763671875 0.02734375 0.025390625
0 0.0078125 0.27734375 0.015625 0.02734375
0 0.59765625 0.2734375 0.0234375 0.0234375
0 0.7900390625 0.2734375 0.029296875 0.02734375
0 0.712890625 0.2685546875 0.0234375 0.025390625
0 0.99609375 0.2587890625 0.0078125 0.013671875
0 0.9296875 0.2578125 0.03125 0.03125
0 0.73046875 0.25390625 0.01953125 0.0234375
0 0.6162109375 0.255859375 0.025390625 0.02734375
0 0.0166015625 0.255859375 0.029296875 0.03125
0 0.857421875 0.2568359375 0.04296875 0.052734375
0 0.7490234375 0.240234375 0.025390625 0.0234375
0 0.9921875 0.2373046875 0.015625 0.021484375
0 0.142578125 0.2333984375 0.015625 0.017578125
0 0.0380859375 0.244140625 0.033203125 0.0390625
0 0.9189453125 0.2314453125 0.029296875 0.021484375
0 0.654296875 0.228515625 0.02734375 0.02734375
0 0.986328125 0.2177734375 0.02734375 0.025390625
0 0.541015625 0.224609375 0.05078125 0.046875
0 0.322265625 0.271484375 0.1328125 0.140625
0 0.908203125 0.2119140625 0.02734375 0.025390625
0 0.677734375 0.2138671875 0.02734375 0.029296875
0 0.5693359375 0.201171875 0.033203125 0.03125
0 0.6982421875 0.1982421875 0.025390625 0.029296875
0 0.21484375 0.201171875 0.03515625 0.03515625
0 0.6650390625 0.1904296875 0.017578125 0.017578125
0 0.96875 0.193359375 0.02734375 0.02734375
0 0.8974609375 0.1923828125 0.025390625 0.025390625
0 0.826171875 0.2099609375 0.05078125 0.060546875
0 0.09765625 0.203125 0.06640625 0.05078125
0 0.005859375 0.1875 0.01171875 0.01953125
0 0.7197265625 0.185546875 0.025390625 0.02734375
0 0.884765625 0.17578125 0.0234375 0.0234375
0 0.4912109375 0.1806640625 0.033203125 0.033203125
0 0.8369140625 0.1748046875 0.029296875 0.029296875
0 0.73828125 0.1708984375 0.02734375 0.029296875
0 0.1787109375 0.169921875 0.037109375 0.03515625
0 0.6123046875 0.162109375 0.029296875 0.02734375
0 0.5107421875 0.1650390625 0.033203125 0.033203125
0 0.955078125 0.1591796875 0.03515625 0.029296875
0 0.865234375 0.1552734375 0.04296875 0.041015625
0 0.5302734375 0.1474609375 0.029296875 0.033203125
0 0.783203125 0.134765625 0.0234375 0.0234375
0 0.0224609375 0.1416015625 0.044921875 0.041015625
0 0.5966796875 0.1328125 0.037109375 0.03125
0 0.1328125 0.126953125 0.0234375 0.0234375
0 0.8037109375 0.1181640625 0.025390625 0.029296875
0 0.9208984375 0.1123046875 0.029296875 0.025390625
0 0.1083984375 0.107421875 0.021484375 0.0234375
0 0.8251953125 0.1064453125 0.025390625 0.025390625
0 0.677734375 0.1064453125 0.04296875 0.029296875
0 0.9404296875 0.099609375 0.025390625 0.02734375
0 0.015625 0.1044921875 0.03125 0.044921875
0 0.5859375 0.099609375 0.046875 0.04296875
0 0.845703125 0.0908203125 0.02734375 0.029296875
0 0.9599609375 0.0849609375 0.025390625 0.029296875
0 0.197265625 0.0791015625 0.015625 0.017578125
0 0.0888671875 0.07421875 0.033203125 0.02734375
0 0.7392578125 0.072265625 0.033203125 0.03125
0 0.8876953125 0.056640625 0.025390625 0.02734375
0 0.15625 0.0595703125 0.03125 0.033203125
0 0.8056640625 0.044921875 0.021484375 0.01953125
0 0.1787109375 0.05078125 0.029296875 0.03125
0 0.630859375 0.068359375 0.078125 0.0703125
0 0.9140625 0.0380859375 0.02734375 0.025390625
0 0.208984375 0.0380859375 0.03125 0.037109375
0 0.0517578125 0.03125 0.033203125 0.03125
0 0.255859375 0.03125 0.05859375 0.046875
0 0.087890625 0.0166015625 0.0234375 0.025390625
0 0.2998046875 0.021484375 0.029296875 0.0390625
0 0.9775390625 0.0439453125 0.044921875 0.087890625
0 0.8720703125 0.005859375 0.021484375 0.01171875
0 0.8447265625 0.0126953125 0.025390625 0.025390625
0 0.7109375 0.0244140625 0.09375 0.048828125
0 0.5888671875 0.02734375 0.072265625 0.0546875
0 0.3916015625 0.021484375 0.126953125 0.04296875
0 0.1474609375 0.005859375 0.017578125 0.01171875
0 0.1171875 0.0126953125 0.03125 0.025390625