0 0.7490234375 0.998046875 0.005859375 0.00390625
0 0.19140625 0.998046875 0.00390625 0.00390625
0 0.0771484375 0.9970703125 0.009765625 0.005859375
0 0.6162109375 0.994140625 0.025390625 0.01171875
0 0.328125 0.9921875 0.02734375 0.015625
0 0.7314453125 0.9814453125 0.033203125 0.021484375
0 0.0595703125 0.984375 0.037109375 0.03125
0 0.205078125 0.9814453125 0.0390625 0.033203125
0 0.732421875 0.955078125 0.04296875 0.01953125
0 0.2802734375 0.97265625 0.044921875 0.0546875
0 0.9912109375 0.94921875 0.017578125 0.02734375
0 0.505859375 0.966796875 0.0625 0.06640625
0 0.9677734375 0.9423828125 0.029296875 0.029296875
0 0.037109375 0.9521484375 0.046875 0.048828125
0 0.736328125 0.9287109375 0.03515625 0.021484375
0 0.9453125 0.9248046875 0.02734375 0.037109375
0 0.0732421875 0.92578125 0.048828125 0.05078125
0 0.017578125 0.91796875 0.03515625 0.046875
0 0.921875 0.912109375 0.03515625 0.0390625
0 0.544921875 0.9130859375 0.0390625 0.048828125
0 0.1875 0.91796875 0.0859375 0.0703125
0 0.89453125 0.8974609375 0.03125 0.033203125
0 0.6083984375 0.9375 0.087890625 0.125
0 0.5625 0.8857421875 0.0390625 0.033203125
0 0.85546875 0.88671875 0.05078125 0.04296875
0 0.7255859375 0.880859375 0.041015625 0.0390625
0 0.0234375 0.869140625 0.03125 0.03125
0 0.7001953125 0.8701171875 0.033203125 0.037109375
0 0.81640625 0.86328125 0.02734375 0.02734375
0 0.2451171875 0.861328125 0.041015625 0.03515625
0 0.677734375 0.8515625 0.03515625 0.0390625
0 0.7861328125 0.84375 0.033203125 0.03125
0 0.5859375 0.8466796875 0.0390625 0.044921875
0 0.2119140625 0.83984375 0.029296875 0.03515625
0 0.001953125 0.82421875 0.00390625 0.0078125
0 0.296875 0.822265625 0.02734375 0.02734375
0 0.52734375 0.8271484375 0.046875 0.041015625
0 0.9853515625 0.8076171875 0.029296875 0.021484375
0 0.5947265625 0.8134765625 0.044921875 0.033203125
0 0.796875 0.80859375 0.0234375 0.02734375
0 0.6845703125 0.7958984375 0.029296875 0.025390625
0 0.486328125 0.8017578125 0.04296875 0.037109375
0 0.2646484375 0.8232421875 0.064453125 0.080078125
0 0.1875 0.802734375 0.0703125 0.05078125
0 0.5419921875 0.7890625 0.037109375 0.03125
0 0.791015625 0.77734375 0.03125 0.0234375
0 0.130859375 0.791015625 0.04296875 0.05078125
0 0.3134765625 0.78125 0.033203125 0.03515625
0 0.0888671875 0.8291015625 0.126953125 0.134765625
0 0.1640625 0.7744140625 0.03125 0.033203125
0 0.701171875 0.76953125 0.0234375 0.02734375
0 0.7646484375 0.763671875 0.025390625 0.0234375
0 0.49609375 0.7685546875 0.0390625 0.033203125
0 0.615234375 0.7646484375 0.0390625 0.033203125
0 0.2451171875 0.7666015625 0.052734375 0.044921875
0 0.7236328125 0.7529296875 0.025390625 0.029296875
0 0.138671875 0.74609375 0.03125 0.03125
0 0.9013671875 0.7578125 0.041015625 0.05859375
0 0.625 0.7421875 0.03515625 0.03125
0 0.216796875 0.736328125 0.0234375 0.0234375
0 0.19140625 0.7490234375 0.03515625 0.048828125
0 0.9814453125 0.744140625 0.037109375 0.04296875
0 0.1005859375 0.74609375 0.041015625 0.046875
0 0.572265625 0.736328125 0.03125 0.0390625
0 0.294921875 0.740234375 0.0390625 0.046875
0 0.36328125 0.734375 0.03515625 0.04296875
0 0.5458984375 0.724609375 0.029296875 0.03515625
0 0.6357421875 0.7177734375 0.037109375 0.029296875
0 0.1279296875 0.7177734375 0.029296875 0.029296875
0 0.021484375 0.7373046875 0.04296875 0.068359375
0 0.60546875 0.7099609375 0.01953125 0.021484375
0 0.2431640625 0.712890625 0.041015625 0.04296875
0 0.521484375 0.70703125 0.03125 0.0390625
0 0.15234375 0.705078125 0.03515625 0.03515625
0 0.34375 0.6982421875 0.046875 0.033203125
0 0.8564453125 0.69921875 0.056640625 0.046875
0 0.263671875 0.6923828125 0.04296875 0.037109375
0 0.169921875 0.685546875 0.0234375 0.0234375
0 0.73828125 0.6845703125 0.03125 0.029296875
0 0.6474609375 0.677734375 0.029296875 0.02734375
0 0.0791015625 0.6904296875 0.060546875 0.052734375
0 0.96484375 0.6767578125 0.046875 0.048828125
0 0.115234375 0.6689453125 0.02734375 0.033203125
0 0.3271484375 0.66796875 0.037109375 0.0390625
0 0.248046875 0.6669921875 0.0390625 0.037109375
0 0.884765625 0.6630859375 0.03125 0.033203125
0 0.8134765625 0.662109375 0.025390625 0.03125
0 0.4912109375 0.6650390625 0.044921875 0.041015625
0 0.2001953125 0.66796875 0.048828125 0.05078125
0 0.5693359375 0.64453125 0.041015625 0.03515625
0 0.236328125 0.640625 0.03125 0.03125
0 0.0908203125 0.640625 0.037109375 0.03515625
0 0.875 0.6318359375 0.0390625 0.029296875
0 0.671875 0.6298828125 0.02734375 0.025390625
0 0.3076171875 0.634765625 0.037109375 0.03515625
0 0.7705078125 0.6298828125 0.052734375 0.037109375
0 0.126953125 0.634765625 0.04296875 0.05078125
0 0.9365234375 0.6259765625 0.048828125 0.052734375
0 0.8583984375 0.61328125 0.041015625 0.03515625
0 0.203125 0.6083984375 0.02734375 0.025390625
0 0.28125 0.6083984375 0.03125 0.033203125
0 0.1611328125 0.615234375 0.048828125 0.0546875
0 0.611328125 0.599609375 0.03515625 0.02734375
0 0.5166015625 0.6015625 0.037109375 0.046875
0 0.7880859375 0.5869140625 0.041015625 0.033203125
0 0.84765625 0.5888671875 0.04296875 0.041015625
0 0.0361328125 0.6240234375 0.072265625 0.119140625
0 0.0830078125 0.595703125 0.041015625 0.06640625
0 0.2646484375 0.5791015625 0.037109375 0.037109375
0 0.17578125 0.5771484375 0.03125 0.033203125
0 0.6806640625 0.5771484375 0.044921875 0.044921875
0 0.9091796875 0.564453125 0.037109375 0.03515625
0 0.107421875 0.556640625 0.03125 0.03515625
0 0.2392578125 0.5537109375 0.033203125 0.041015625
0 0.4541015625 0.5439453125 0.037109375 0.033203125
0 0.1318359375 0.5458984375 0.033203125 0.037109375
0 0.79296875 0.5439453125 0.04296875 0.037109375
0 0.16015625 0.5390625 0.03125 0.03515625
0 0.5908203125 0.529296875 0.021484375 0.01953125
0 0.9833984375 0.5341796875 0.033203125 0.033203125
0 0.6337890625 0.5390625 0.025390625 0.046875
0 0.0361328125 0.5244140625 0.056640625 0.041015625
0 0.2353515625 0.5078125 0.037109375 0.03515625
0 0.677734375 0.509765625 0.0390625 0.05078125
0 0.0771484375 0.501953125 0.029296875 0.0390625
0 0.01953125 0.4853515625 0.0234375 0.021484375
0 0.1025390625 0.4912109375 0.029296875 0.041015625
0 0.2138671875 0.48828125 0.044921875 0.0390625
0 0.912109375 0.4775390625 0.046875 0.033203125
0 0.1259765625 0.4814453125 0.029296875 0.041015625
0 0.529296875 0.466796875 0.05078125 0.0390625
0 0.8564453125 0.46875 0.056640625 0.046875
0 0.2001953125 0.4599609375 0.037109375 0.029296875
0 0.1025390625 0.455078125 0.041015625 0.02734375
0 0.0087890625 0.44140625 0.017578125 0.015625
0 0.712890625 0.453125 0.0390625 0.04296875
0 0.27734375 0.4482421875 0.03515625 0.037109375
0 0.0908203125 0.4306640625 0.041015625 0.033203125
0 0.951171875 0.42578125 0.0234375 0.02734375
0 0.400390625 0.4345703125 0.0703125 0.048828125
0 0.33984375 0.43359375 0.0390625 0.0546875
0 0.0400390625 0.4208984375 0.029296875 0.029296875
0 0.154296875 0.4208984375 0.0625 0.056640625
0 0.0791015625 0.4072265625 0.041015625 0.037109375
0 0.244140625 0.4052734375 0.0390625 0.041015625
0 0.7587890625 0.392578125 0.044921875 0.03125
0 0.021484375 0.384765625 0.0234375 0.0234375
0 0.703125 0.38671875 0.0234375 0.03125
0 0.591796875 0.384765625 0.078125 0.04296875
0 0.060546875 0.369140625 0.02734375 0.03125
0 0.8818359375 0.369140625 0.041015625 0.03515625
0 0.193359375 0.373046875 0.0390625 0.046875
0 0.7109375 0.357421875 0.0234375 0.0234375
0 0.009765625 0.3525390625 0.01953125 0.025390625
0 0.1669921875 0.3525390625 0.041015625 0.033203125
0 0.541015625 0.349609375 0.04296875 0.03515625
0 0.982421875 0.337890625 0.03515625 0.03515625
0 0.470703125 0.341796875 0.04296875 0.04296875
0 0.1298828125 0.333984375 0.033203125 0.03125
0 0.03125 0.3291015625 0.03125 0.033203125
0 0.7548828125 0.326171875 0.052734375 0.05078125
0 0.1083984375 0.3154296875 0.033203125 0.033203125
0 0.91796875 0.3173828125 0.0625 0.044921875
0 0.009765625 0.3076171875 0.01953125 0.025390625
0 0.71875 0.2978515625 0.01953125 0.021484375
0 0.6806640625 0.3125 0.041015625 0.0546875
0 0.33984375 0.3037109375 0.0390625 0.037109375
0 0.39453125 0.2939453125 0.0234375 0.033203125
0 0.005859375 0.2841796875 0.01171875 0.013671875
0 0.4677734375 0.283203125 0.017578125 0.01953125
0 0.49609375 0.2890625 0.046875 0.03515625
0 0.0810546875 0.2783203125 0.037109375 0.033203125
0 0.2373046875 0.2744140625 0.037109375 0.044921875
0 0.984375 0.26171875 0.03125 0.03515625
0 0.7021484375 0.259765625 0.037109375 0.03515625
0 0.9267578125 0.2587890625 0.037109375 0.037109375
0 0.7763671875 0.24609375 0.021484375 0.02734375
0 0.466796875 0.2421875 0.046875 0.03515625
0 0.8193359375 0.244140625 0.052734375 0.0625
0 0.1171875 0.2255859375 0.03125 0.025390625
0 0.2119140625 0.220703125 0.029296875 0.02734375
0 0.5556640625 0.2197265625 0.041015625 0.037109375
0 0.9765625 0.2021484375 0.046875 0.037109375
0 0.7216796875 0.2109375 0.048828125 0.0625
0 0.4453125 0.1943359375 0.05078125 0.037109375
0 0.595703125 0.1884765625 0.0390625 0.041015625
0 0.1708984375 0.171875 0.037109375 0.03515625
0 0.6357421875 0.1669921875 0.048828125 0.044921875
0 0.5244140625 0.1591796875 0.037109375 0.044921875
0 0.0771484375 0.1669921875 0.072265625 0.060546875
0 0.2275390625 0.1494140625 0.037109375 0.037109375
0 0.9765625 0.14453125 0.04296875 0.046875
0 0.8798828125 0.1640625 0.060546875 0.0859375
0 0.7587890625 0.1416015625 0.044921875 0.041015625
0 0.4150390625 0.1396484375 0.041015625 0.041015625
0 0.5576171875 0.126953125 0.025390625 0.0234375
0 0.6806640625 0.12109375 0.025390625 0.0234375
0 0.130859375 0.1123046875 0.04296875 0.037109375
0 0.59765625 0.10546875 0.04296875 0.03125
0 0.6796875 0.0869140625 0.01953125 0.021484375
0 0.7197265625 0.091796875 0.037109375 0.0390625
0 0.1982421875 0.08984375 0.037109375 0.046875
0 0.640625 0.0751953125 0.03515625 0.037109375
0 0.828125 0.0703125 0.03125 0.03515625
0 0.244140625 0.05859375 0.0234375 0.0234375
0 0.984375 0.052734375 0.02734375 0.03125
0 0.9228515625 0.0498046875 0.029296875 0.041015625
0 0.6875 0.0439453125 0.03125 0.041015625
0 0.5 0.05078125 0.0703125 0.0625
0 0.845703125 0.0302734375 0.03515625 0.033203125
0 0.01953125 0.0478515625 0.0390625 0.076171875
0 0.9921875 0.00390625 0.015625 0.0078125
0 0.85546875 0.0068359375 0.0234375 0.013671875
0 0.7646484375 0.0185546875 0.037109375 0.037109375
0 0.3330078125 0.029296875 0.068359375 0.05859375