0 0.978515625 0.9873046875 0.02734375 0.025390625
0 0.7626953125 0.9853515625 0.041015625 0.029296875
0 0.5361328125 0.984375 0.041015625 0.03125
0 0.275390625 0.984375 0.03125 0.03125
0 0.2080078125 0.9833984375 0.025390625 0.033203125
0 0.8291015625 0.98046875 0.044921875 0.0390625
0 0.7392578125 0.966796875 0.037109375 0.0390625
0 0.080078125 0.9716796875 0.0859375 0.056640625
0 0.87109375 0.958984375 0.03515625 0.04296875
0 0.5380859375 0.9482421875 0.029296875 0.029296875
0 0.892578125 0.94921875 0.03125 0.03515625
0 0.83984375 0.9345703125 0.01953125 0.017578125
0 0.6865234375 0.931640625 0.033203125 0.0390625
0 0.501953125 0.9248046875 0.03515625 0.033203125
0 0.91796875 0.921875 0.0390625 0.0390625
0 0.4677734375 0.9130859375 0.021484375 0.025390625
0 0.654296875 0.921875 0.0390625 0.046875
0 0.876953125 0.9072265625 0.04296875 0.037109375
0 0.2822265625 0.900390625 0.025390625 0.02734375
0 0.623046875 0.9033203125 0.03125 0.041015625
0 0.853515625 0.890625 0.03125 0.03515625
0 0.6767578125 0.8779296875 0.029296875 0.025390625
0 0.826171875 0.880859375 0.03125 0.03515625
0 0.7294921875 0.873046875 0.029296875 0.02734375
0 0.58984375 0.87890625 0.0390625 0.04296875
0 0.1884765625 0.8916015625 0.037109375 0.072265625
0 0.4033203125 0.92578125 0.111328125 0.1484375
0 0.94921875 0.869140625 0.0546875 0.046875
0 0.5185546875 0.8603515625 0.033203125 0.029296875
0 0.80078125 0.859375 0.02734375 0.03125
0 0.9853515625 0.853515625 0.029296875 0.02734375
0 0.91015625 0.84765625 0.0234375 0.0234375
0 0.2890625 0.8447265625 0.03515625 0.029296875
0 0.6318359375 0.8408203125 0.041015625 0.033203125
0 0.7724609375 0.8447265625 0.033203125 0.044921875
0 0.53125 0.8310546875 0.04296875 0.037109375
0 0.876953125 0.8251953125 0.02734375 0.029296875
0 0.470703125 0.826171875 0.02734375 0.03125
0 0.748046875 0.8271484375 0.03125 0.037109375
0 0.2353515625 0.81640625 0.017578125 0.01953125
0 0.7119140625 0.8193359375 0.029296875 0.033203125
0 0.1142578125 0.8486328125 0.064453125 0.091796875
0 0.2841796875 0.8115234375 0.044921875 0.025390625
0 0.2080078125 0.8017578125 0.025390625 0.021484375
0 0.435546875 0.80859375 0.05078125 0.0390625
0 0.998046875 0.7861328125 0.00390625 0.005859375
0 0.5458984375 0.80078125 0.044921875 0.0390625
0 0.6640625 0.7958984375 0.046875 0.041015625
0 0.8291015625 0.791015625 0.033203125 0.03515625
0 0.4033203125 0.7802734375 0.037109375 0.041015625
0 0.5615234375 0.771484375 0.041015625 0.03125
0 0.802734375 0.765625 0.02734375 0.04296875
0 0.3740234375 0.763671875 0.033203125 0.046875
0 0.7646484375 0.755859375 0.033203125 0.03515625
0 0.2333984375 0.7490234375 0.037109375 0.025390625
0 0.1123046875 0.755859375 0.029296875 0.0390625
0 0.4013671875 0.7373046875 0.017578125 0.017578125
0 0.287109375 0.740234375 0.03515625 0.02734375
0 0.9697265625 0.7509765625 0.033203125 0.060546875
0 0.587890625 0.7353515625 0.0390625 0.033203125
0 0.8037109375 0.7265625 0.017578125 0.01953125
0 0.732421875 0.7333984375 0.03125 0.041015625
0 0.375 0.7255859375 0.03125 0.029296875
0 0.8359375 0.72265625 0.03125 0.03125
0 0.240234375 0.7138671875 0.03125 0.025390625
0 0.291015625 0.7099609375 0.02734375 0.021484375
0 0.947265625 0.7158203125 0.03515625 0.041015625
0 0.6884765625 0.7119140625 0.037109375 0.033203125
0 0.1376953125 0.7021484375 0.033203125 0.033203125
0 0.548828125 0.7001953125 0.03125 0.033203125
0 0.8037109375 0.697265625 0.029296875 0.03125
0 0.376953125 0.6943359375 0.03515625 0.029296875
0 0.291015625 0.6845703125 0.03515625 0.021484375
0 0.923828125 0.6875 0.03515625 0.03515625
0 0.24609375 0.6806640625 0.02734375 0.021484375
0 0.9931640625 0.673828125 0.013671875 0.02734375
0 0.6240234375 0.6728515625 0.041015625 0.033203125
0 0.9072265625 0.669921875 0.033203125 0.03515625
0 0.84765625 0.6650390625 0.03515625 0.033203125
0 0.1416015625 0.6630859375 0.041015625 0.033203125
0 0.720703125 0.6572265625 0.02734375 0.029296875
0 0.29296875 0.650390625 0.0234375 0.02734375
0 0.373046875 0.65234375 0.03515625 0.03515625
0 0.2509765625 0.64453125 0.033203125 0.01953125
0 0.8359375 0.640625 0.01953125 0.01953125
0 0.486328125 0.6650390625 0.07421875 0.068359375
0 0.984375 0.646484375 0.03125 0.03515625
0 0.6376953125 0.642578125 0.044921875 0.03125
0 0.8876953125 0.6416015625 0.037109375 0.033203125
0 0.740234375 0.6337890625 0.04296875 0.033203125
0 0.1572265625 0.62890625 0.041015625 0.02734375
0 0.42578125 0.6357421875 0.04296875 0.044921875
0 0.970703125 0.6279296875 0.03515625 0.033203125
0 0.2939453125 0.6181640625 0.033203125 0.021484375
0 0.7978515625 0.6142578125 0.017578125 0.017578125
0 0.99609375 0.6103515625 0.0078125 0.013671875
0 0.861328125 0.619140625 0.03125 0.03125
0 0.66015625 0.619140625 0.03515625 0.03125
0 0.3896484375 0.6162109375 0.041015625 0.025390625
0 0.5654296875 0.62109375 0.033203125 0.0390625
0 0.248046875 0.611328125 0.02734375 0.02734375
0 0.9521484375 0.6083984375 0.033203125 0.033203125
0 0.16796875 0.59375 0.03515625 0.02734375
0 0.2890625 0.5859375 0.02734375 0.01953125
0 0.767578125 0.5908203125 0.0390625 0.033203125
0 0.8251953125 0.58984375 0.060546875 0.03515625
0 0.6708984375 0.5888671875 0.044921875 0.033203125
0 0.517578125 0.5908203125 0.03125 0.041015625
0 0.0048828125 0.580078125 0.009765625 0.0234375
0 0.3642578125 0.5771484375 0.029296875 0.029296875
0 0.9794921875 0.57421875 0.029296875 0.03125
0 0.48828125 0.57421875 0.03125 0.03515625
0 0.6181640625 0.5634765625 0.033203125 0.029296875
0 0.77734375 0.5576171875 0.0234375 0.021484375
0 0.98828125 0.55859375 0.0234375 0.03125
0 0.9130859375 0.5556640625 0.033203125 0.029296875
0 0.267578125 0.5546875 0.04296875 0.02734375
0 0.466796875 0.556640625 0.03125 0.03515625
0 0.1708984375 0.5400390625 0.033203125 0.025390625
0 0.5751953125 0.5380859375 0.033203125 0.029296875
0 0.8046875 0.5439453125 0.046875 0.064453125
0 0.703125 0.5234375 0.02734375 0.03125
0 0.548828125 0.5166015625 0.03515625 0.037109375
0 0.267578125 0.51171875 0.0234375 0.02734375
0 0.8740234375 0.5107421875 0.025390625 0.029296875
0 0.93359375 0.5068359375 0.0390625 0.037109375
0 0.6708984375 0.505859375 0.033203125 0.03515625
0 0.18359375 0.5 0.02734375 0.02734375
0 0.5126953125 0.4951171875 0.029296875 0.033203125
0 0.853515625 0.490234375 0.02734375 0.03125
0 0.6337890625 0.4892578125 0.025390625 0.037109375
0 0.9150390625 0.48046875 0.025390625 0.02734375
0 0.271484375 0.4794921875 0.01953125 0.025390625
0 0.953125 0.478515625 0.03515625 0.02734375
0 0.728515625 0.462890625 0.0234375 0.0234375
0 0.189453125 0.4658203125 0.02734375 0.029296875
0 0.6083984375 0.4638671875 0.029296875 0.033203125
0 0.8154296875 0.4541015625 0.029296875 0.033203125
0 0.861328125 0.4482421875 0.02734375 0.025390625
0 0.482421875 0.453125 0.03125 0.03515625
0 0.9658203125 0.451171875 0.041015625 0.03515625
0 0.7109375 0.4482421875 0.03125 0.037109375
0 0.451171875 0.4462890625 0.03125 0.037109375
0 0.1904296875 0.435546875 0.029296875 0.0234375
0 0.58203125 0.4404296875 0.0390625 0.037109375
0 0.6748046875 0.412109375 0.025390625 0.02734375
0 0.4248046875 0.416015625 0.029296875 0.03515625
0 0.5478515625 0.4130859375 0.033203125 0.037109375
0 0.982421875 0.4091796875 0.03515625 0.041015625
0 0.833984375 0.400390625 0.0390625 0.02734375
0 0.1708984375 0.39453125 0.021484375 0.0234375
0 0.6494140625 0.3876953125 0.021484375 0.021484375
0 0.2041015625 0.3935546875 0.037109375 0.033203125
0 0.7548828125 0.3779296875 0.033203125 0.037109375
0 0.87109375 0.3720703125 0.03515625 0.033203125
0 0.615234375 0.3681640625 0.03515625 0.029296875
0 0.220703125 0.3681640625 0.03515625 0.029296875
0 0.4677734375 0.3642578125 0.025390625 0.029296875
0 0.189453125 0.359375 0.01953125 0.01953125
0 0.5947265625 0.349609375 0.029296875 0.0234375
0 0.4482421875 0.3466796875 0.025390625 0.033203125
0 0.2333984375 0.3388671875 0.037109375 0.037109375
0 0.5693359375 0.3291015625 0.033203125 0.029296875
0 0.4208984375 0.3330078125 0.033203125 0.041015625
0 0.384765625 0.330078125 0.03125 0.0390625
0 0.703125 0.3232421875 0.03125 0.041015625
0 0.5439453125 0.3115234375 0.029296875 0.033203125
0 0.931640625 0.3369140625 0.05859375 0.091796875
0 0.2451171875 0.3056640625 0.033203125 0.033203125
0 0.3583984375 0.30078125 0.037109375 0.02734375
0 0.673828125 0.3037109375 0.03515625 0.041015625
0 0.517578125 0.2939453125 0.0234375 0.025390625
0 0.6533203125 0.2861328125 0.041015625 0.037109375
0 0.7705078125 0.28125 0.033203125 0.03125
0 0.2490234375 0.2802734375 0.041015625 0.033203125
0 0.3642578125 0.2734375 0.033203125 0.02734375
0 0.6279296875 0.2724609375 0.037109375 0.041015625
0 0.4677734375 0.2666015625 0.033203125 0.037109375
0 0.73046875 0.25 0.01953125 0.01953125
0 0.80078125 0.2529296875 0.03515625 0.033203125
0 0.3759765625 0.2509765625 0.033203125 0.029296875
0 0.66015625 0.2470703125 0.02734375 0.025390625
0 0.2607421875 0.251953125 0.044921875 0.0390625
0 0.4453125 0.23828125 0.0234375 0.02734375
0 0.212890625 0.2333984375 0.0234375 0.021484375
0 0.888671875 0.234375 0.02734375 0.02734375
0 0.5732421875 0.240234375 0.029296875 0.0390625
0 0.38671875 0.2236328125 0.03515625 0.025390625
0 0.6806640625 0.2197265625 0.037109375 0.029296875
0 0.271484375 0.22265625 0.0390625 0.03515625
0 0.5478515625 0.2197265625 0.037109375 0.037109375
0 0.3017578125 0.2158203125 0.033203125 0.029296875
0 0.8076171875 0.2099609375 0.025390625 0.021484375
0 0.90234375 0.2060546875 0.03515625 0.029296875
0 0.41015625 0.208984375 0.05859375 0.03515625
0 0.9853515625 0.205078125 0.029296875 0.0390625
0 0.6982421875 0.1962890625 0.033203125 0.029296875
0 0.5224609375 0.197265625 0.029296875 0.03515625
0 0.60546875 0.1904296875 0.03125 0.033203125
0 0.3134765625 0.1884765625 0.033203125 0.029296875
0 0.96875 0.1767578125 0.0234375 0.025390625
0 0.8125 0.1767578125 0.03515625 0.025390625
0 0.494140625 0.1826171875 0.0390625 0.044921875
0 0.7099609375 0.1640625 0.029296875 0.02734375
0 0.3310546875 0.166015625 0.041015625 0.03125
0 0.228515625 0.1591796875 0.02734375 0.025390625
0 0.6298828125 0.1591796875 0.033203125 0.029296875
0 0.919921875 0.15625 0.05078125 0.04296875
0 0.412109375 0.1474609375 0.03125 0.029296875
0 0.8291015625 0.14453125 0.037109375 0.02734375
0 0.4541015625 0.1572265625 0.060546875 0.064453125
0 0.2783203125 0.140625 0.033203125 0.03125
0 0.7197265625 0.1318359375 0.029296875 0.025390625
0 0.6396484375 0.1337890625 0.033203125 0.033203125
0 0.466796875 0.1259765625 0.01953125 0.017578125
0 0.423828125 0.1201171875 0.03515625 0.037109375
0 0.22265625 0.115234375 0.03125 0.03515625
0 0.7587890625 0.1044921875 0.021484375 0.021484375
0 0.349609375 0.1064453125 0.0234375 0.025390625
0 0.7216796875 0.09765625 0.021484375 0.01953125
0 0.6513671875 0.0986328125 0.025390625 0.021484375
0 0.8515625 0.10546875 0.03125 0.0390625
0 0.4482421875 0.0908203125 0.029296875 0.025390625
0 0.9931640625 0.0869140625 0.013671875 0.025390625
0 0.810546875 0.087890625 0.0546875 0.05078125
0 0.3662109375 0.076171875 0.029296875 0.02734375
0 0.3046875 0.0732421875 0.0234375 0.025390625
0 0.4716796875 0.0703125 0.033203125 0.03515625
0 0.7529296875 0.0693359375 0.060546875 0.044921875
0 0.98046875 0.06640625 0.0390625 0.046875
0 0.94921875 0.0537109375 0.02734375 0.029296875
0 0.3720703125 0.0458984375 0.041015625 0.033203125
0 0.6796875 0.041015625 0.03125 0.03515625
0 0.4833984375 0.0380859375 0.044921875 0.029296875
0 0.884765625 0.02734375 0.03125 0.0390625
0 0.6494140625 0.0302734375 0.029296875 0.052734375
0 0.2255859375 0.0283203125 0.052734375 0.048828125
0 0.857421875 0.01953125 0.03515625 0.03515625
0 0.38671875 0.0185546875 0.04296875 0.033203125
0 0.8779296875 0.0029296875 0.013671875 0.005859375
0 0.814453125 0.009765625 0.02734375 0.01953125
0 0.5673828125 0.0107421875 0.029296875 0.021484375
0 0.4814453125 0.0068359375 0.025390625 0.013671875
0 0.4052734375 0.0029296875 0.009765625 0.005859375
0 0.3046875 0.0107421875 0.02734375 0.021484375
0 0.001953125 0.0048828125 0.00390625 0.009765625