0 0.251953125 0.99609375 0.015625 0.0078125
0 0.3125 0.994140625 0.01953125 0.01171875
0 0.4033203125 0.98828125 0.021484375 0.01953125
0 0.283203125 0.98828125 0.02734375 0.0234375
0 0.9599609375 0.958984375 0.080078125 0.08203125
0 0.765625 0.939453125 0.09375 0.07421875
0 0.689453125 0.9296875 0.06640625 0.0546875
0 0.5615234375 0.93359375 0.111328125 0.06640625
0 0.3701171875 0.91796875 0.193359375 0.0390625
0 0.8134765625 0.8857421875 0.056640625 0.056640625
0 0.423828125 0.8759765625 0.10546875 0.041015625
0 0.6767578125 0.8583984375 0.037109375 0.033203125
0 0.0595703125 0.8662109375 0.052734375 0.048828125
0 0.5830078125 0.857421875 0.033203125 0.03515625
0 0.54296875 0.8544921875 0.0390625 0.033203125
0 0.689453125 0.837890625 0.02734375 0.02734375
0 0.0908203125 0.8427734375 0.037109375 0.037109375
0 0.8515625 0.8583984375 0.05859375 0.076171875
0 0.7568359375 0.8447265625 0.052734375 0.052734375
0 0.341796875 0.8447265625 0.05078125 0.052734375
0 0.7841796875 0.826171875 0.025390625 0.02734375
0 0.611328125 0.830078125 0.03515625 0.03515625
0 0.5576171875 0.8251953125 0.037109375 0.033203125
0 0.478515625 0.8212890625 0.03515625 0.033203125
0 0.9970703125 0.8017578125 0.005859375 0.005859375
0 0.7060546875 0.814453125 0.033203125 0.03125
0 0.916015625 0.8154296875 0.0390625 0.041015625
0 0.875 0.8125 0.03125 0.03515625
0 0.6279296875 0.810546875 0.033203125 0.03125
0 0.5693359375 0.802734375 0.037109375 0.03125
0 0.490234375 0.7998046875 0.03515625 0.029296875
0 0.71875 0.7958984375 0.02734375 0.025390625
0 0.8017578125 0.798828125 0.037109375 0.03515625
0 0.1162109375 0.806640625 0.048828125 0.05078125
0 0.0205078125 0.806640625 0.041015625 0.0625
0 0.9013671875 0.791015625 0.041015625 0.03515625
0 0.6416015625 0.7890625 0.033203125 0.03125
0 0.166015625 0.83984375 0.1328125 0.140625
0 0.3974609375 0.79296875 0.056640625 0.05078125
0 0.818359375 0.783203125 0.03515625 0.03515625
0 0.734375 0.775390625 0.03515625 0.02734375
0 0.5029296875 0.7763671875 0.041015625 0.037109375
0 0.0400390625 0.7724609375 0.033203125 0.033203125
0 0.001953125 0.7578125 0.00390625 0.00390625
0 0.3291015625 0.771484375 0.044921875 0.046875
0 0.587890625 0.7705078125 0.05078125 0.052734375
0 0.150390625 0.7724609375 0.0625 0.060546875
0 0.84765625 0.759765625 0.04296875 0.04296875
0 0.5126953125 0.75390625 0.041015625 0.03125
0 0.4453125 0.759765625 0.04296875 0.04296875
0 0.349609375 0.748046875 0.03515625 0.03515625
0 0.60546875 0.7353515625 0.03515625 0.025390625
0 0.41796875 0.73828125 0.03125 0.03125
0 0.2705078125 0.73828125 0.037109375 0.03515625
0 0.673828125 0.7490234375 0.05078125 0.068359375
0 0.5283203125 0.7314453125 0.041015625 0.033203125
0 0.0029296875 0.716796875 0.005859375 0.01171875
0 0.9658203125 0.763671875 0.068359375 0.109375
0 0.8662109375 0.7265625 0.044921875 0.0390625
0 0.482421875 0.7197265625 0.02734375 0.029296875
0 0.7646484375 0.7431640625 0.060546875 0.083984375
0 0.6171875 0.7158203125 0.03515625 0.033203125
0 0.3798828125 0.712890625 0.029296875 0.02734375
0 0.291015625 0.7138671875 0.03125 0.029296875
0 0.18359375 0.71875 0.046875 0.046875
0 0.98046875 0.7119140625 0.0390625 0.037109375
0 0.5390625 0.7109375 0.04296875 0.03515625
0 0.697265625 0.70703125 0.03515625 0.03125
0 0.453125 0.7060546875 0.02734375 0.029296875
0 0.3076171875 0.697265625 0.029296875 0.02734375
0 0.626953125 0.6923828125 0.02734375 0.025390625
0 0.5537109375 0.6923828125 0.029296875 0.025390625
0 0.8408203125 0.6962890625 0.033203125 0.037109375
0 0.3955078125 0.693359375 0.033203125 0.03125
0 0.0107421875 0.693359375 0.021484375 0.03125
0 0.71484375 0.69140625 0.03125 0.03125
0 0.9892578125 0.68359375 0.021484375 0.03125
0 0.220703125 0.681640625 0.03515625 0.03515625
0 0.408203125 0.6748046875 0.02734375 0.025390625
0 0.0869140625 0.716796875 0.099609375 0.11328125
0 0.998046875 0.658203125 0.00390625 0.00390625
0 0.6396484375 0.6728515625 0.033203125 0.033203125
0 0.724609375 0.6689453125 0.03515625 0.033203125
0 0.568359375 0.6640625 0.0390625 0.03515625
0 0.330078125 0.669921875 0.04296875 0.046875
0 0.4208984375 0.6572265625 0.025390625 0.025390625
0 0.0244140625 0.666015625 0.048828125 0.05078125
0 0.8115234375 0.671875 0.068359375 0.0703125
0 0.6484375 0.6494140625 0.02734375 0.025390625
0 0.3505859375 0.642578125 0.025390625 0.0234375
0 0.666015625 0.630859375 0.0390625 0.03125
0 0.748046875 0.6376953125 0.046875 0.052734375
0 0.3623046875 0.623046875 0.025390625 0.0234375
0 0.0712890625 0.64453125 0.072265625 0.0703125
0 0.587890625 0.6318359375 0.04296875 0.048828125
0 0.9580078125 0.623046875 0.037109375 0.03515625
0 0.2568359375 0.6376953125 0.072265625 0.080078125
0 0.3798828125 0.607421875 0.025390625 0.0234375
0 0.912109375 0.65234375 0.1015625 0.1171875
0 0.4541015625 0.6162109375 0.041015625 0.052734375
0 0.1689453125 0.6201171875 0.060546875 0.064453125
0 0.7822265625 0.6064453125 0.037109375 0.041015625
0 0.9775390625 0.5947265625 0.033203125 0.033203125
0 0.39453125 0.58984375 0.02734375 0.02734375
0 0.013671875 0.5927734375 0.02734375 0.037109375
0 0.2001953125 0.5859375 0.025390625 0.02734375
0 0.681640625 0.595703125 0.05078125 0.05078125
0 0.9140625 0.580078125 0.03515625 0.03125
0 0.60546875 0.58984375 0.0546875 0.05078125
0 0.0048828125 0.572265625 0.009765625 0.01953125
0 0.1162109375 0.5927734375 0.060546875 0.068359375
0 0.9658203125 0.564453125 0.017578125 0.01953125
0 0.98828125 0.5693359375 0.0234375 0.033203125
0 0.7021484375 0.564453125 0.037109375 0.03125
0 0.9296875 0.5576171875 0.03515625 0.029296875
0 0.3076171875 0.5771484375 0.064453125 0.068359375
0 0.0771484375 0.560546875 0.033203125 0.03515625
0 0.998046875 0.5380859375 0.00390625 0.005859375
0 0.7548828125 0.5546875 0.037109375 0.04296875
0 0.2265625 0.546875 0.03125 0.03125
0 0.43359375 0.54296875 0.02734375 0.02734375
0 0.623046875 0.548828125 0.046875 0.04296875
0 0.0537109375 0.54296875 0.033203125 0.03515625
0 0.9453125 0.5380859375 0.03125 0.029296875
0 0.580078125 0.5322265625 0.03125 0.029296875
0 0.4033203125 0.552734375 0.068359375 0.07421875
0 0.2431640625 0.53125 0.033203125 0.03125
0 0.638671875 0.5302734375 0.0390625 0.033203125
0 0.4482421875 0.525390625 0.029296875 0.02734375
0 0.3388671875 0.533203125 0.052734375 0.04296875
0 0.0322265625 0.5263671875 0.033203125 0.037109375
0 0.505859375 0.55859375 0.078125 0.10546875
0 0.9580078125 0.51953125 0.033203125 0.03125
0 0.734375 0.515625 0.0390625 0.0390625
0 0.0146484375 0.5107421875 0.029296875 0.037109375
0 0.61328125 0.5009765625 0.02734375 0.029296875
0 0.275390625 0.5 0.03125 0.03125
0 0.97265625 0.498046875 0.03125 0.03125
0 0.1865234375 0.505859375 0.060546875 0.0546875
0 0.4716796875 0.4970703125 0.037109375 0.041015625
0 0.375 0.4873046875 0.03125 0.033203125
0 0.6611328125 0.4970703125 0.044921875 0.056640625
0 0.1513671875 0.48046875 0.021484375 0.0234375
0 0.9853515625 0.4775390625 0.029296875 0.029296875
0 0.2333984375 0.4775390625 0.037109375 0.037109375
0 0.1064453125 0.5205078125 0.142578125 0.123046875
0 0.4931640625 0.4677734375 0.029296875 0.025390625
0 0.015625 0.4736328125 0.03125 0.041015625
0 0.392578125 0.466796875 0.03125 0.03125
0 0.5703125 0.4765625 0.05078125 0.0625
0 0.9921875 0.455078125 0.015625 0.0234375
0 0.462890625 0.453125 0.01953125 0.01953125
0 0.208984375 0.4609375 0.03515625 0.0390625
0 0.6884765625 0.45703125 0.033203125 0.0390625
0 0.029296875 0.4501953125 0.03125 0.029296875
0 0.416015625 0.447265625 0.0390625 0.03515625
0 0.1904296875 0.443359375 0.029296875 0.03515625
0 0.6044921875 0.4404296875 0.037109375 0.033203125
0 0.5087890625 0.44140625 0.037109375 0.0390625
0 0.111328125 0.451171875 0.078125 0.06640625
0 0.1708984375 0.4267578125 0.033203125 0.037109375
0 0.6728515625 0.427734375 0.037109375 0.04296875
0 0.439453125 0.421875 0.0390625 0.03515625
0 0.9404296875 0.4296875 0.052734375 0.0546875
0 0.623046875 0.41796875 0.04296875 0.04296875
0 0.00390625 0.4013671875 0.0078125 0.013671875
0 0.5224609375 0.416015625 0.052734375 0.046875
0 0.1494140625 0.4091796875 0.037109375 0.037109375
0 0.4443359375 0.40234375 0.029296875 0.03125
0 0.5478515625 0.3984375 0.029296875 0.03125
0 0.0693359375 0.4052734375 0.048828125 0.048828125
0 0.32421875 0.4228515625 0.08984375 0.095703125
0 0.9072265625 0.3974609375 0.052734375 0.048828125
0 0.2470703125 0.4013671875 0.064453125 0.056640625
0 0.126953125 0.390625 0.03515625 0.03515625
0 0.4580078125 0.3828125 0.033203125 0.03125
0 0.650390625 0.38671875 0.05078125 0.0546875
0 0.5703125 0.373046875 0.03515625 0.03125
0 0.873046875 0.373046875 0.03125 0.03515625
0 0.4755859375 0.369140625 0.025390625 0.02734375
0 0.302734375 0.365234375 0.03515625 0.0390625
0 0.091796875 0.361328125 0.03515625 0.03515625
0 0.7421875 0.37890625 0.0625 0.078125
0 0.96484375 0.365234375 0.0625 0.05859375
0 0.4951171875 0.3486328125 0.033203125 0.025390625
0 0.8330078125 0.34765625 0.037109375 0.03125
0 0.38671875 0.34765625 0.03125 0.03515625
0 0.2763671875 0.34765625 0.029296875 0.03515625
0 0.5888671875 0.345703125 0.041015625 0.0390625
0 0.9873046875 0.34765625 0.025390625 0.05078125
0 0.1806640625 0.3486328125 0.060546875 0.056640625
0 0.03125 0.3544921875 0.0625 0.080078125
0 0.84765625 0.328125 0.04296875 0.03515625
0 0.255859375 0.3271484375 0.03125 0.033203125
0 0.7646484375 0.32421875 0.037109375 0.03125
0 0.40234375 0.3232421875 0.0390625 0.037109375
0 0.6171875 0.3232421875 0.0390625 0.041015625
0 0.9697265625 0.3134765625 0.021484375 0.025390625
0 0.9052734375 0.3154296875 0.037109375 0.041015625
0 0.2314453125 0.3076171875 0.025390625 0.025390625
0 0.1474609375 0.30859375 0.033203125 0.03125
0 0.857421875 0.3046875 0.03515625 0.03125
0 0.7763671875 0.3037109375 0.033203125 0.029296875
0 0.333984375 0.3056640625 0.0390625 0.033203125
0 0.5205078125 0.3125 0.052734375 0.0546875
0 0.9814453125 0.29296875 0.021484375 0.0234375
0 0.0673828125 0.3046875 0.044921875 0.046875
0 0.1650390625 0.29296875 0.029296875 0.02734375
0 0.2099609375 0.2890625 0.021484375 0.0234375
0 0.0068359375 0.2880859375 0.013671875 0.025390625
0 0.5859375 0.2939453125 0.06640625 0.044921875
0 0.869140625 0.283203125 0.03515625 0.03125
0 0.7880859375 0.2822265625 0.033203125 0.029296875
0 0.353515625 0.279296875 0.03515625 0.02734375
0 0.189453125 0.27734375 0.02734375 0.02734375
0 0.5400390625 0.275390625 0.029296875 0.02734375
0 0.9912109375 0.271484375 0.017578125 0.0234375
0 0.931640625 0.27734375 0.0390625 0.046875
0 0.5869140625 0.2666015625 0.025390625 0.025390625
0 0.4140625 0.2841796875 0.046875 0.064453125
0 0.1748046875 0.265625 0.029296875 0.02734375
0 0.880859375 0.26171875 0.03515625 0.03125
0 0.3681640625 0.26171875 0.029296875 0.03125
0 0.7998046875 0.2607421875 0.033203125 0.033203125
0 0.2734375 0.2607421875 0.0390625 0.037109375
0 0.0146484375 0.259765625 0.029296875 0.03515625
0 0.5546875 0.255859375 0.03125 0.03125
0 0.9521484375 0.24609375 0.021484375 0.0234375
0 0.029296875 0.2431640625 0.03515625 0.033203125
0 0.892578125 0.240234375 0.03515625 0.03125
0 0.37890625 0.2412109375 0.03125 0.033203125
0 0.130859375 0.25390625 0.0859375 0.05859375
0 0.8115234375 0.23828125 0.033203125 0.03125
0 0.576171875 0.23828125 0.03125 0.03125
0 0.2958984375 0.2333984375 0.037109375 0.037109375
0 0.3974609375 0.22265625 0.029296875 0.0234375
0 0.4638671875 0.2412109375 0.060546875 0.064453125
0 0.234375 0.224609375 0.0390625 0.03515625
0 0.0439453125 0.22265625 0.033203125 0.03125
0 0.904296875 0.21875 0.03515625 0.03125
0 0.822265625 0.2158203125 0.0390625 0.033203125
0 0.115234375 0.212890625 0.02734375 0.03125
0 0.3125 0.2099609375 0.0390625 0.037109375
0 0.9716796875 0.212890625 0.037109375 0.046875
0 0.25390625 0.2021484375 0.0390625 0.033203125
0 0.1611328125 0.19921875 0.029296875 0.02734375
0 0.916015625 0.1982421875 0.03515625 0.029296875
0 0.8349609375 0.1953125 0.037109375 0.03125
0 0.5029296875 0.19921875 0.048828125 0.05078125
0 0.421875 0.1923828125 0.046875 0.044921875
0 0.3349609375 0.1865234375 0.037109375 0.033203125
0 0.9853515625 0.181640625 0.029296875 0.02734375
0 0.1748046875 0.1767578125 0.033203125 0.029296875
0 0.927734375 0.17578125 0.03515625 0.03125
0 0.146484375 0.169921875 0.01953125 0.01953125
0 0.8447265625 0.1728515625 0.041015625 0.033203125
0 0.275390625 0.173828125 0.0390625 0.03515625
0 0.5341796875 0.16796875 0.025390625 0.02734375
0 0.083984375 0.1787109375 0.046875 0.048828125
0 0.447265625 0.162109375 0.02734375 0.02734375
0 0.9912109375 0.16015625 0.017578125 0.02734375
0 0.0126953125 0.169921875 0.025390625 0.046875
0 0.3544921875 0.162109375 0.033203125 0.03515625
0 0.9404296875 0.1552734375 0.033203125 0.033203125
0 0.1953125 0.154296875 0.03125 0.03125
0 0.9970703125 0.138671875 0.005859375 0.0078125
0 0.857421875 0.1513671875 0.0390625 0.033203125
0 0.2958984375 0.1513671875 0.033203125 0.033203125
0 0.119140625 0.1484375 0.03515625 0.0390625
0 0.029296875 0.1435546875 0.03125 0.029296875
0 0.37890625 0.1416015625 0.03125 0.029296875
0 0.46875 0.1494140625 0.0390625 0.052734375
0 0.5244140625 0.138671875 0.041015625 0.03515625
0 0.951171875 0.1337890625 0.03515625 0.029296875
0 0.87109375 0.1318359375 0.03515625 0.029296875
0 0.1640625 0.1357421875 0.0234375 0.037109375
0 0.314453125 0.1279296875 0.03515625 0.033203125
0 0.1259765625 0.123046875 0.025390625 0.02734375
0 0.4755859375 0.119140625 0.025390625 0.0234375
0 0.2099609375 0.123046875 0.037109375 0.03515625
0 0.044921875 0.1240234375 0.03515625 0.037109375
0 0.390625 0.115234375 0.03515625 0.03125
0 0.9638671875 0.1123046875 0.033203125 0.029296875
0 0.8828125 0.1123046875 0.03515625 0.029296875
0 0.1474609375 0.103515625 0.029296875 0.0234375
0 0.3310546875 0.103515625 0.041015625 0.03515625
0 0.232421875 0.103515625 0.0390625 0.03515625
0 0.0673828125 0.099609375 0.037109375 0.03515625
0 0.001953125 0.0830078125 0.00390625 0.005859375
0 0.4091796875 0.0947265625 0.041015625 0.037109375
0 0.974609375 0.0908203125 0.03515625 0.033203125
0 0.8916015625 0.087890625 0.041015625 0.03515625
0 0.3505859375 0.08203125 0.037109375 0.03515625
0 0.0830078125 0.0830078125 0.037109375 0.037109375
0 0.255859375 0.0791015625 0.03515625 0.033203125
0 0.1640625 0.08203125 0.0390625 0.0390625
0 0.0087890625 0.0654296875 0.017578125 0.025390625
0 0.4287109375 0.06640625 0.037109375 0.03125
0 0.1884765625 0.0654296875 0.033203125 0.029296875
0 0.904296875 0.0654296875 0.04296875 0.033203125
0 0.50390625 0.087890625 0.05078125 0.08203125
0 0.27734375 0.0576171875 0.03125 0.029296875
0 0.099609375 0.060546875 0.0390625 0.0390625
0 0.3671875 0.0576171875 0.04296875 0.041015625
0 0.451171875 0.048828125 0.03125 0.02734375
0 0.98828125 0.046875 0.0234375 0.03515625
0 0.1240234375 0.0439453125 0.029296875 0.029296875
0 0.20703125 0.0400390625 0.03515625 0.033203125
0 0.2998046875 0.03515625 0.041015625 0.03515625
0 0.3828125 0.0322265625 0.03515625 0.033203125
0 0.9306640625 0.0302734375 0.033203125 0.037109375
0 0.3251953125 0.0166015625 0.025390625 0.021484375
0 0.5703125 0.0283203125 0.04296875 0.048828125
0 0.4755859375 0.0224609375 0.033203125 0.037109375
0 0.041015625 0.033203125 0.078125 0.05859375
0 0.2236328125 0.0146484375 0.029296875 0.025390625
0 0.1416015625 0.01953125 0.033203125 0.03515625
0 0.9033203125 0.0185546875 0.033203125 0.037109375
0 0.7490234375 0.1279296875 0.275390625 0.255859375
0 0.556640625 0.00390625 0.015625 0.0078125
0 0.416015625 0.015625 0.0625 0.03125
0 0.3369140625 0.0029296875 0.009765625 0.005859375
0 0.2568359375 0.0107421875 0.041015625 0.021484375
0 0.162109375 0.005859375 0.02734375 0.01171875
0 0.0859375 0.0029296875 0.01171875 0.005859375
0 0.0634765625 0.01171875 0.033203125 0.0234375