0 0.603515625 0.998046875 0.00390625 0.00390625
0 0.8486328125 0.9970703125 0.005859375 0.005859375
0 0.208984375 0.9970703125 0.0078125 0.005859375
0 0.9794921875 0.9951171875 0.017578125 0.009765625
0 0.3212890625 0.994140625 0.021484375 0.01171875
0 0.578125 0.9873046875 0.03125 0.025390625
0 0.7275390625 0.986328125 0.029296875 0.02734375
0 0.6328125 0.986328125 0.03515625 0.02734375
0 0.26953125 0.98046875 0.02734375 0.02734375
0 0.3583984375 0.9765625 0.025390625 0.03125
0 0.4755859375 0.97265625 0.033203125 0.03125
0 0.44921875 0.9609375 0.01953125 0.01953125
0 0.8193359375 0.9697265625 0.041015625 0.041015625
0 0.5625 0.9638671875 0.0390625 0.037109375
0 0.70703125 0.9599609375 0.03125 0.033203125
0 0.6181640625 0.95703125 0.037109375 0.03125
0 0.8525390625 0.9501953125 0.021484375 0.021484375
0 0.3974609375 0.9560546875 0.033203125 0.037109375
0 0.6005859375 0.9306640625 0.021484375 0.021484375
0 0.0390625 0.93359375 0.0390625 0.0390625
0 0.6845703125 0.9287109375 0.029296875 0.033203125
0 0.5458984375 0.9296875 0.041015625 0.03515625
0 0.44140625 0.9306640625 0.03515625 0.041015625
0 0.32421875 0.92578125 0.03125 0.03125
0 0.7236328125 0.896484375 0.029296875 0.02734375
0 0.3466796875 0.896484375 0.041015625 0.03515625
0 0.0830078125 0.892578125 0.029296875 0.02734375
0 0.7802734375 0.888671875 0.037109375 0.03125
0 0.6513671875 0.880859375 0.033203125 0.03125
0 0.5009765625 0.892578125 0.048828125 0.0546875
0 0.9580078125 0.8779296875 0.041015625 0.033203125
0 0.3828125 0.8671875 0.03125 0.03515625
0 0.8525390625 0.8642578125 0.041015625 0.041015625
0 0.5380859375 0.8642578125 0.044921875 0.048828125
0 0.990234375 0.8427734375 0.01953125 0.021484375
0 0.7060546875 0.8447265625 0.037109375 0.033203125
0 0.423828125 0.8388671875 0.0390625 0.037109375
0 0.298828125 0.8291015625 0.02734375 0.029296875
0 0.74609375 0.814453125 0.03515625 0.03515625
0 0.9091796875 0.8095703125 0.041015625 0.033203125
0 0.84765625 0.8115234375 0.03515625 0.037109375
0 0.5869140625 0.8046875 0.029296875 0.02734375
0 0.62890625 0.8017578125 0.0234375 0.025390625
0 0.3212890625 0.8046875 0.033203125 0.03515625
0 0.7802734375 0.7939453125 0.029296875 0.025390625
0 0.4765625 0.791015625 0.04296875 0.0390625
0 0.8193359375 0.77734375 0.033203125 0.02734375
0 0.94140625 0.7734375 0.03125 0.02734375
0 0.3486328125 0.763671875 0.037109375 0.04296875
0 0.9775390625 0.7548828125 0.029296875 0.029296875
0 0.1591796875 0.798828125 0.119140625 0.1171875
0 0.671875 0.740234375 0.03515625 0.03515625
0 0.55859375 0.7353515625 0.04296875 0.037109375
0 0.7841796875 0.7177734375 0.021484375 0.021484375
0 0.3828125 0.7158203125 0.02734375 0.029296875
0 0.7099609375 0.724609375 0.037109375 0.0546875
0 0.5546875 0.6875 0.01953125 0.01953125
0 0.4033203125 0.69140625 0.029296875 0.02734375
0 0.4765625 0.6845703125 0.0234375 0.025390625
0 0.60546875 0.689453125 0.0390625 0.0390625
0 0.748046875 0.6904296875 0.0390625 0.044921875
0 0.2705078125 0.681640625 0.025390625 0.02734375
0 0.98828125 0.6708984375 0.01953125 0.021484375
0 0.998046875 0.658203125 0.00390625 0.00390625
0 0.767578125 0.6689453125 0.03125 0.037109375
0 0.29296875 0.646484375 0.02734375 0.02734375
0 0.490234375 0.640625 0.02734375 0.02734375
0 0.798828125 0.6474609375 0.0390625 0.044921875
0 0.5478515625 0.63671875 0.025390625 0.0234375
0 0.8388671875 0.626953125 0.037109375 0.03515625
0 0.4384765625 0.619140625 0.029296875 0.03125
0 0.314453125 0.615234375 0.02734375 0.02734375
0 0.98046875 0.6083984375 0.03125 0.033203125
0 0.501953125 0.603515625 0.02734375 0.02734375
0 0.125 0.6162109375 0.0546875 0.056640625
0 0.685546875 0.6083984375 0.04296875 0.044921875
0 0.5771484375 0.59765625 0.033203125 0.03515625
0 0.7255859375 0.59375 0.033203125 0.0390625
0 0.9013671875 0.5771484375 0.037109375 0.041015625
0 0.15625 0.5732421875 0.03125 0.033203125
0 0.7548828125 0.5634765625 0.025390625 0.029296875
0 0.6103515625 0.55859375 0.029296875 0.02734375
0 0.7265625 0.548828125 0.01953125 0.01953125
0 0.9248046875 0.552734375 0.029296875 0.03515625
0 0.6435546875 0.5380859375 0.025390625 0.025390625
0 0.7919921875 0.5400390625 0.037109375 0.033203125
0 0.9453125 0.5361328125 0.03515625 0.037109375
0 0.5703125 0.517578125 0.03125 0.02734375
0 0.8310546875 0.515625 0.033203125 0.03515625
0 0.0302734375 0.5458984375 0.060546875 0.103515625
0 0.7001953125 0.5029296875 0.029296875 0.033203125
0 0.8564453125 0.498046875 0.029296875 0.03125
0 0.595703125 0.49609375 0.03125 0.03125
0 0.7197265625 0.484375 0.025390625 0.02734375
0 0.6220703125 0.4755859375 0.025390625 0.025390625
0 0.8212890625 0.470703125 0.017578125 0.01953125
0 0.8837890625 0.47265625 0.037109375 0.03125
0 0.638671875 0.4619140625 0.01953125 0.021484375
0 0.74609375 0.462890625 0.03125 0.02734375
0 0.7685546875 0.439453125 0.025390625 0.02734375
0 0.0068359375 0.4375 0.013671875 0.0234375
0 0.0576171875 0.43359375 0.029296875 0.02734375
0 0.9482421875 0.43359375 0.029296875 0.03125
0 0.6513671875 0.435546875 0.033203125 0.04296875
0 0.796875 0.423828125 0.0390625 0.04296875
0 0.6787109375 0.419921875 0.033203125 0.03515625
0 0.8544921875 0.4140625 0.033203125 0.03515625
0 0.962890625 0.40234375 0.01953125 0.01953125
0 0.0166015625 0.40625 0.033203125 0.03125
0 0.1484375 0.4248046875 0.109375 0.083984375
0 0.7041015625 0.3974609375 0.029296875 0.033203125
0 0.9248046875 0.39453125 0.044921875 0.03515625
0 0.833984375 0.3837890625 0.03125 0.029296875
0 0.9638671875 0.376953125 0.021484375 0.01953125
0 0.0380859375 0.380859375 0.029296875 0.03125
0 0.7470703125 0.3671875 0.037109375 0.03515625
0 0.0517578125 0.3583984375 0.025390625 0.025390625
0 0.880859375 0.3427734375 0.02734375 0.029296875
0 0.0791015625 0.3369140625 0.029296875 0.029296875
0 0.9560546875 0.3359375 0.029296875 0.03125
0 0.79296875 0.3291015625 0.03125 0.033203125
0 0.9208984375 0.314453125 0.037109375 0.02734375
0 0.8427734375 0.306640625 0.021484375 0.01953125
0 0.95703125 0.3056640625 0.01953125 0.021484375
0 0.0078125 0.298828125 0.015625 0.0234375
0 0.763671875 0.294921875 0.03515625 0.03125
0 0.126953125 0.2939453125 0.03515625 0.033203125
0 0.216796875 0.33984375 0.12890625 0.1328125
0 0.962890625 0.27734375 0.0234375 0.03125
0 0.8369140625 0.2744140625 0.033203125 0.033203125
0 0.8828125 0.2666015625 0.0390625 0.041015625
0 0.0654296875 0.2578125 0.025390625 0.02734375
0 0.7265625 0.2509765625 0.03515625 0.033203125
0 0.833984375 0.2490234375 0.0546875 0.033203125
0 0.1494140625 0.2490234375 0.029296875 0.033203125
0 0.9140625 0.244140625 0.03125 0.03125
0 0.046875 0.2392578125 0.02734375 0.029296875
0 0.01953125 0.23046875 0.02734375 0.02734375
0 0.79296875 0.2216796875 0.02734375 0.025390625
0 0.947265625 0.21875 0.03125 0.03125
0 0.1787109375 0.2216796875 0.041015625 0.037109375
0 0.1064453125 0.2109375 0.025390625 0.0234375
0 0.00390625 0.1943359375 0.0078125 0.013671875
0 0.7734375 0.1904296875 0.0390625 0.033203125
0 0.2109375 0.189453125 0.03125 0.03125
0 0.12109375 0.1875 0.02734375 0.02734375
0 0.9384765625 0.16796875 0.029296875 0.03125
0 0.2421875 0.1611328125 0.03125 0.033203125
0 0.140625 0.16015625 0.03515625 0.03515625
0 0.9033203125 0.1416015625 0.037109375 0.033203125
0 0.0126953125 0.138671875 0.025390625 0.03125
0 0.16015625 0.13671875 0.03515625 0.03515625
0 0.2666015625 0.1318359375 0.029296875 0.037109375
0 0.994140625 0.1220703125 0.01171875 0.021484375
0 0.185546875 0.1162109375 0.0234375 0.025390625
0 0.8779296875 0.1123046875 0.029296875 0.029296875
0 0.05078125 0.1142578125 0.03125 0.033203125
0 0.2939453125 0.1005859375 0.029296875 0.029296875
0 0.9833984375 0.091796875 0.033203125 0.03515625
0 0.0908203125 0.08203125 0.025390625 0.02734375
0 0.00390625 0.0771484375 0.0078125 0.021484375
0 0.20703125 0.0859375 0.04296875 0.046875
0 0.3154296875 0.0703125 0.029296875 0.03515625
0 0.9638671875 0.06640625 0.033203125 0.03125
0 0.1162109375 0.060546875 0.025390625 0.02734375
0 0.470703125 0.0556640625 0.01953125 0.025390625
0 0.0224609375 0.05078125 0.029296875 0.03125
0 0.13671875 0.0458984375 0.0234375 0.025390625
0 0.333984375 0.037109375 0.03125 0.03515625
0 0.1572265625 0.0302734375 0.033203125 0.025390625
0 0.9267578125 0.025390625 0.037109375 0.03125
0 0.0458984375 0.02734375 0.033203125 0.03515625
0 0.98046875 0.001953125 0.00390625 0.00390625
0 0.4677734375 0.015625 0.056640625 0.03125
0 0.390625 0.0068359375 0.01953125 0.013671875
0 0.2744140625 0.001953125 0.005859375 0.00390625
0 0.2080078125 0.005859375 0.017578125 0.01171875
0 0.171875 0.013671875 0.03515625 0.02734375
0 0.091796875 0.0068359375 0.0234375 0.013671875
0 0.013671875 0.0048828125 0.015625 0.009765625