0 0.978515625 0.998046875 0.00390625 0.00390625
0 0.8779296875 0.9970703125 0.009765625 0.005859375
0 0.9287109375 0.994140625 0.021484375 0.01171875
0 0.3515625 0.9912109375 0.01953125 0.017578125
0 0.857421875 0.990234375 0.02734375 0.01953125
0 0.9912109375 0.9892578125 0.017578125 0.021484375
0 0.8388671875 0.9873046875 0.021484375 0.021484375
0 0.7646484375 0.98828125 0.052734375 0.0234375
0 0.9482421875 0.9814453125 0.029296875 0.029296875
0 0.3876953125 0.9814453125 0.048828125 0.037109375
0 0.8916015625 0.974609375 0.037109375 0.03125
0 0.7392578125 0.955078125 0.017578125 0.03125
0 0.908203125 0.9541015625 0.03515625 0.033203125
0 0.9765625 0.9521484375 0.03515625 0.033203125
0 0.8466796875 0.9482421875 0.052734375 0.048828125
0 0.9921875 0.931640625 0.015625 0.02734375
0 0.8720703125 0.9208984375 0.021484375 0.025390625
0 0.93359375 0.9296875 0.05078125 0.046875
0 0.486328125 0.9521484375 0.07421875 0.095703125
0 0.921875 0.9091796875 0.0234375 0.021484375
0 0.822265625 0.9091796875 0.02734375 0.025390625
0 0.7744140625 0.9248046875 0.068359375 0.064453125
0 0.8837890625 0.904296875 0.025390625 0.02734375
0 0.958984375 0.9033203125 0.02734375 0.029296875
0 0.8388671875 0.888671875 0.033203125 0.03125
0 0.650390625 0.921875 0.08984375 0.1015625
0 0.34765625 0.8857421875 0.03515625 0.029296875
0 0.9736328125 0.8828125 0.029296875 0.03125
0 0.91015625 0.873046875 0.0390625 0.0390625
0 0.8544921875 0.865234375 0.037109375 0.03515625
0 0.9921875 0.857421875 0.015625 0.03125
0 0.939453125 0.8447265625 0.03125 0.033203125
0 0.974609375 0.8349609375 0.01953125 0.021484375
0 0.8740234375 0.841796875 0.037109375 0.0390625
0 0.9931640625 0.8203125 0.013671875 0.0234375
0 0.955078125 0.8173828125 0.02734375 0.029296875
0 0.8955078125 0.8173828125 0.044921875 0.041015625
0 0.5966796875 0.80078125 0.037109375 0.02734375
0 0.736328125 0.8330078125 0.046875 0.095703125
0 0.9794921875 0.8017578125 0.033203125 0.037109375
0 0.919921875 0.7958984375 0.03125 0.029296875
0 0.7841796875 0.78515625 0.044921875 0.03515625
0 0.5810546875 0.78125 0.033203125 0.02734375
0 0.998046875 0.7666015625 0.00390625 0.005859375
0 0.662109375 0.7685546875 0.02734375 0.021484375
0 0.6259765625 0.779296875 0.037109375 0.04296875
0 0.9892578125 0.7470703125 0.021484375 0.033203125
0 0.93359375 0.759765625 0.0625 0.05859375
0 0.6533203125 0.7431640625 0.048828125 0.041015625
0 0.625 0.724609375 0.01953125 0.01953125
0 0.8642578125 0.755859375 0.091796875 0.0859375
0 0.9794921875 0.7275390625 0.037109375 0.033203125
0 0.7197265625 0.7109375 0.033203125 0.02734375
0 0.576171875 0.7314453125 0.05078125 0.072265625
0 0.9443359375 0.708984375 0.033203125 0.03125
0 0.6513671875 0.6982421875 0.025390625 0.017578125
0 0.9716796875 0.6943359375 0.029296875 0.029296875
0 0.9892578125 0.6845703125 0.021484375 0.033203125
0 0.6240234375 0.677734375 0.021484375 0.03125
0 0.7763671875 0.708984375 0.138671875 0.1015625
0 0.7314453125 0.67578125 0.060546875 0.04296875
0 0.87109375 0.6591796875 0.0390625 0.048828125
0 0.7158203125 0.6337890625 0.037109375 0.021484375
0 0.640625 0.6455078125 0.0390625 0.044921875
0 0.970703125 0.623046875 0.05078125 0.0390625
0 0.716796875 0.607421875 0.04296875 0.01953125
0 0.9306640625 0.6201171875 0.056640625 0.095703125
0 0.7041015625 0.58203125 0.025390625 0.0234375
0 0.388671875 0.6025390625 0.1640625 0.095703125
0 0.96484375 0.564453125 0.03515625 0.03515625
0 0.705078125 0.5556640625 0.0234375 0.017578125
0 0.6943359375 0.5341796875 0.021484375 0.021484375
0 0.73046875 0.5146484375 0.02734375 0.033203125
0 0.5634765625 0.5419921875 0.072265625 0.087890625
0 0.689453125 0.501953125 0.01953125 0.01953125
0 0.623046875 0.5234375 0.05078125 0.109375
0 0.6884765625 0.4765625 0.025390625 0.01953125
0 0.685546875 0.4580078125 0.0234375 0.017578125
0 0.740234375 0.4609375 0.0234375 0.03125
0 0.7119140625 0.4560546875 0.017578125 0.021484375
0 0.763671875 0.458984375 0.0234375 0.03515625
0 0.4541015625 0.4853515625 0.083984375 0.091796875
0 0.75 0.4033203125 0.04296875 0.033203125
0 0.6962890625 0.40234375 0.056640625 0.05078125
0 0.7470703125 0.375 0.021484375 0.015625
0 0.673828125 0.353515625 0.0234375 0.01953125
0 0.572265625 0.3349609375 0.02734375 0.025390625
0 0.5390625 0.4091796875 0.0703125 0.173828125
0 0.6123046875 0.3447265625 0.029296875 0.056640625
0 0.6708984375 0.3193359375 0.029296875 0.021484375
0 0.9267578125 0.3154296875 0.025390625 0.017578125
0 0.728515625 0.330078125 0.078125 0.05859375
0 0.8359375 0.3095703125 0.11328125 0.052734375
0 0.921875 0.291015625 0.02734375 0.02734375
0 0.96875 0.291015625 0.0625 0.04296875
0 0.5 0.275390625 0.0234375 0.02734375
0 0.4619140625 0.2724609375 0.021484375 0.033203125
0 0.5390625 0.265625 0.05078125 0.03515625
0 0.501953125 0.2490234375 0.0234375 0.017578125
0 0.466796875 0.244140625 0.0234375 0.01953125
0 0.7412109375 0.2451171875 0.037109375 0.033203125
0 0.71484375 0.2421875 0.01953125 0.03125
0 0.67578125 0.234375 0.0546875 0.02734375
0 0.5947265625 0.2490234375 0.052734375 0.064453125
0 0.470703125 0.2236328125 0.0234375 0.017578125
0 0.8681640625 0.2275390625 0.037109375 0.029296875
0 0.796875 0.228515625 0.02734375 0.0390625
0 0.533203125 0.22265625 0.01953125 0.02734375
0 0.91796875 0.2177734375 0.0234375 0.033203125
0 0.8349609375 0.22265625 0.033203125 0.04296875
0 0.9443359375 0.2109375 0.021484375 0.03515625
0 0.6123046875 0.201171875 0.025390625 0.01953125
0 0.994140625 0.20703125 0.01171875 0.03515625
0 0.970703125 0.2041015625 0.0234375 0.041015625
0 0.8623046875 0.1943359375 0.041015625 0.021484375
0 0.8095703125 0.1904296875 0.033203125 0.017578125
0 0.7470703125 0.1943359375 0.037109375 0.052734375
0 0.869140625 0.173828125 0.03125 0.0234375
0 0.6123046875 0.1708984375 0.033203125 0.021484375
0 0.8154296875 0.169921875 0.033203125 0.0234375
0 0.54296875 0.177734375 0.04296875 0.04296875
0 0.67578125 0.1748046875 0.03515625 0.041015625
0 0.501953125 0.166015625 0.01953125 0.0234375
0 0.4931640625 0.1943359375 0.048828125 0.087890625
0 0.9765625 0.1572265625 0.015625 0.021484375
0 0.958984375 0.15625 0.015625 0.02734375
0 0.8740234375 0.1513671875 0.033203125 0.021484375
0 0.748046875 0.15234375 0.046875 0.03515625
0 0.8212890625 0.1416015625 0.029296875 0.025390625
0 0.6845703125 0.140625 0.041015625 0.03125
0 0.98828125 0.1376953125 0.0234375 0.029296875
0 0.923828125 0.146484375 0.03515625 0.0703125
0 0.7705078125 0.123046875 0.025390625 0.02734375
0 0.5849609375 0.1220703125 0.025390625 0.025390625
0 0.87890625 0.1201171875 0.04296875 0.037109375
0 0.529296875 0.11328125 0.0234375 0.02734375
0 0.6826171875 0.1103515625 0.025390625 0.029296875
0 0.8291015625 0.1083984375 0.033203125 0.029296875
0 0.77734375 0.09375 0.0234375 0.02734375
0 0.6318359375 0.09375 0.029296875 0.03515625
0 0.7431640625 0.0908203125 0.021484375 0.033203125
0 0.724609375 0.0830078125 0.015625 0.017578125
0 0.5498046875 0.0791015625 0.025390625 0.017578125
0 0.49609375 0.083984375 0.03515625 0.03125
0 0.6943359375 0.0810546875 0.037109375 0.029296875
0 0.634765625 0.0625 0.0390625 0.0234375
0 0.556640625 0.056640625 0.0234375 0.01953125
0 0.5048828125 0.0537109375 0.029296875 0.013671875
0 0.3291015625 0.07421875 0.021484375 0.07421875
0 0.5087890625 0.0302734375 0.037109375 0.021484375
0 0.947265625 0.0126953125 0.04296875 0.025390625
0 0.859375 0.041015625 0.1796875 0.08203125
0 0.7255859375 0.0126953125 0.044921875 0.025390625
0 0.6484375 0.0107421875 0.046875 0.021484375
0 0.6171875 0.0224609375 0.05078125 0.044921875
0 0.5556640625 0.0087890625 0.029296875 0.017578125
0 0.513671875 0.0087890625 0.03515625 0.017578125