0 0.5205078125 0.994140625 0.017578125 0.01171875
0 0.6298828125 0.9931640625 0.021484375 0.013671875
0 0.5595703125 0.9921875 0.025390625 0.015625
0 0.234375 0.9912109375 0.0390625 0.017578125
0 0.169921875 0.9912109375 0.03515625 0.017578125
0 0.314453125 0.990234375 0.04296875 0.01953125
0 0.4892578125 0.9892578125 0.029296875 0.021484375
0 0.3671875 0.986328125 0.03515625 0.02734375
0 0.607421875 0.9853515625 0.03125 0.029296875
0 0.46875 0.9833984375 0.02734375 0.029296875
0 0.5888671875 0.9736328125 0.033203125 0.033203125
0 0.0625 0.978515625 0.03515625 0.04296875
0 0.4482421875 0.96875 0.033203125 0.03515625
0 0.5107421875 0.955078125 0.017578125 0.01953125
0 0.5703125 0.95703125 0.03125 0.03125
0 0.3408203125 0.96484375 0.052734375 0.0546875
0 0.25390625 0.9619140625 0.046875 0.052734375
0 0.548828125 0.9404296875 0.03125 0.033203125
0 0.4755859375 0.9326171875 0.025390625 0.021484375
0 0.18359375 0.9384765625 0.04296875 0.048828125
0 0.2763671875 0.9248046875 0.037109375 0.037109375
0 0.0859375 0.916015625 0.03125 0.03125
0 0.5048828125 0.9130859375 0.037109375 0.041015625
0 0.1953125 0.90625 0.03125 0.02734375
0 0.30078125 0.9052734375 0.03515625 0.037109375
0 0.486328125 0.896484375 0.03515625 0.03515625
0 0.4384765625 0.9013671875 0.048828125 0.052734375
0 0.208984375 0.8837890625 0.03515625 0.029296875
0 0.28515625 0.87890625 0.03515625 0.03125
0 0.2138671875 0.8603515625 0.033203125 0.025390625
0 0.599609375 0.86328125 0.046875 0.0390625
0 0.2685546875 0.8466796875 0.041015625 0.037109375
0 0.099609375 0.8603515625 0.06640625 0.072265625
0 0.2197265625 0.833984375 0.025390625 0.0234375
0 0.251953125 0.8134765625 0.02734375 0.025390625
0 0.234375 0.798828125 0.046875 0.046875
0 0.01171875 0.7666015625 0.0234375 0.021484375
0 0.4765625 0.7626953125 0.04296875 0.044921875
0 0.3505859375 0.8046875 0.103515625 0.12890625
0 0.5810546875 0.794921875 0.095703125 0.12890625
0 0.4970703125 0.740234375 0.033203125 0.03125
0 0.4541015625 0.740234375 0.033203125 0.03515625
0 0.0400390625 0.7412109375 0.025390625 0.037109375
0 0.2724609375 0.736328125 0.048828125 0.04296875
0 0.0107421875 0.7216796875 0.013671875 0.013671875
0 0.6328125 0.7451171875 0.0859375 0.080078125
0 0.0615234375 0.7109375 0.013671875 0.015625
0 0.4404296875 0.7177734375 0.037109375 0.037109375
0 0.3583984375 0.7119140625 0.033203125 0.025390625
0 0.28515625 0.7099609375 0.0390625 0.029296875
0 0.5068359375 0.71484375 0.048828125 0.04296875
0 0.6591796875 0.703125 0.052734375 0.046875
0 0.29296875 0.6865234375 0.0390625 0.029296875
0 0.5380859375 0.689453125 0.052734375 0.05078125
0 0.3046875 0.6591796875 0.0390625 0.029296875
0 0.728515625 0.6552734375 0.02734375 0.029296875
0 0.0859375 0.6484375 0.0234375 0.02734375
0 0.4248046875 0.6572265625 0.056640625 0.056640625
0 0.0361328125 0.6591796875 0.072265625 0.068359375
0 0.349609375 0.6552734375 0.0390625 0.072265625
0 0.5244140625 0.640625 0.037109375 0.046875
0 0.3134765625 0.630859375 0.033203125 0.02734375
0 0.4501953125 0.630859375 0.041015625 0.0390625
0 0.58203125 0.6201171875 0.02734375 0.021484375
0 0.0087890625 0.6142578125 0.017578125 0.021484375
0 0.611328125 0.6123046875 0.03125 0.037109375
0 0.341796875 0.603515625 0.03125 0.0234375
0 0.1015625 0.6025390625 0.0234375 0.021484375
0 0.759765625 0.6005859375 0.02734375 0.021484375
0 0.4697265625 0.60546875 0.037109375 0.03515625
0 0.5693359375 0.5908203125 0.037109375 0.044921875
0 0.4892578125 0.5712890625 0.033203125 0.033203125
0 0.046875 0.5732421875 0.0390625 0.037109375
0 0.400390625 0.56640625 0.0234375 0.02734375
0 0.12890625 0.5595703125 0.0234375 0.029296875
0 0.546875 0.55078125 0.03515625 0.02734375
0 0.6494140625 0.548828125 0.041015625 0.05078125
0 0.4453125 0.5244140625 0.03515625 0.033203125
0 0.119140625 0.5087890625 0.01953125 0.021484375
0 0.400390625 0.51171875 0.02734375 0.03125
0 0.533203125 0.5107421875 0.03125 0.033203125
0 0.4658203125 0.498046875 0.025390625 0.0234375
0 0.1513671875 0.5078125 0.033203125 0.046875
0 0.67578125 0.50390625 0.03515625 0.04296875
0 0.0849609375 0.515625 0.064453125 0.0859375
0 0.5517578125 0.4853515625 0.033203125 0.033203125
0 0.3916015625 0.478515625 0.025390625 0.02734375
0 0.4794921875 0.4716796875 0.033203125 0.029296875
0 0.7138671875 0.4697265625 0.029296875 0.029296875
0 0.498046875 0.4462890625 0.0390625 0.033203125
0 0.0185546875 0.462890625 0.037109375 0.06640625
0 0.5732421875 0.4482421875 0.044921875 0.052734375
0 0.4072265625 0.43359375 0.033203125 0.0234375
0 0.759765625 0.4267578125 0.03125 0.029296875
0 0.67578125 0.4267578125 0.02734375 0.029296875
0 0.650390625 0.4140625 0.0234375 0.0234375
0 0.509765625 0.41796875 0.0390625 0.03515625
0 0.59765625 0.40625 0.03125 0.03125
0 0.4208984375 0.40625 0.041015625 0.03125
0 0.73046875 0.3994140625 0.0234375 0.021484375
0 0.7958984375 0.3974609375 0.029296875 0.029296875
0 0.18359375 0.39453125 0.03125 0.0234375
0 0.52734375 0.39453125 0.03515625 0.03125
0 0.96484375 0.392578125 0.03515625 0.03515625
0 0.431640625 0.3876953125 0.0390625 0.029296875
0 0.1923828125 0.3779296875 0.037109375 0.029296875
0 0.8173828125 0.373046875 0.029296875 0.03125
0 0.6923828125 0.3759765625 0.033203125 0.041015625
0 0.5400390625 0.3720703125 0.041015625 0.037109375
0 0.669921875 0.3642578125 0.03515625 0.041015625
0 0.9150390625 0.357421875 0.033203125 0.03125
0 0.8369140625 0.353515625 0.033203125 0.03125
0 0.44921875 0.3525390625 0.03515625 0.029296875
0 0.5556640625 0.3447265625 0.037109375 0.033203125
0 0.9306640625 0.337890625 0.037109375 0.03515625
0 0.6357421875 0.3466796875 0.052734375 0.056640625
0 0.4677734375 0.3310546875 0.033203125 0.033203125
0 0.072265625 0.3369140625 0.06640625 0.060546875
0 0.5712890625 0.3173828125 0.033203125 0.029296875
0 0.953125 0.3173828125 0.03515625 0.037109375
0 0.8642578125 0.3134765625 0.029296875 0.029296875
0 0.6982421875 0.3173828125 0.029296875 0.037109375
0 0.4833984375 0.302734375 0.041015625 0.03515625
0 0.666015625 0.2998046875 0.0390625 0.033203125
0 0.1572265625 0.2978515625 0.029296875 0.029296875
0 0.5869140625 0.2919921875 0.033203125 0.029296875
0 0.880859375 0.291015625 0.03515625 0.03515625
0 0.841796875 0.2763671875 0.03125 0.029296875
0 0.49609375 0.279296875 0.0390625 0.03515625
0 0.6796875 0.27734375 0.04296875 0.03515625
0 0.7578125 0.2724609375 0.03125 0.029296875
0 0.6044921875 0.2705078125 0.033203125 0.029296875
0 0.9013671875 0.271484375 0.037109375 0.03515625
0 0.5703125 0.2626953125 0.0234375 0.021484375
0 0.9931640625 0.2548828125 0.013671875 0.025390625
0 0.1650390625 0.2548828125 0.033203125 0.029296875
0 0.8134765625 0.2529296875 0.033203125 0.037109375
0 0.9248046875 0.2490234375 0.037109375 0.037109375
0 0.509765625 0.2490234375 0.046875 0.044921875
0 0.697265625 0.240234375 0.04296875 0.046875
0 0.7919921875 0.2294921875 0.033203125 0.033203125
0 0.888671875 0.2294921875 0.03125 0.037109375
0 0.099609375 0.228515625 0.0546875 0.046875
0 0.529296875 0.2177734375 0.03515625 0.029296875
0 0.6357421875 0.2158203125 0.033203125 0.029296875
0 0.8720703125 0.2138671875 0.029296875 0.033203125
0 0.955078125 0.2109375 0.03515625 0.03515625
0 0.76171875 0.208984375 0.03125 0.03125
0 0.8095703125 0.1904296875 0.017578125 0.017578125
0 0.7265625 0.1953125 0.03125 0.02734375
0 0.8583984375 0.197265625 0.029296875 0.03515625
0 0.6513671875 0.193359375 0.033203125 0.02734375
0 0.5439453125 0.1962890625 0.037109375 0.033203125
0 0.12890625 0.1962890625 0.05078125 0.044921875
0 0.83984375 0.18359375 0.0234375 0.0234375
0 0.7421875 0.171875 0.03515625 0.03125
0 0.8193359375 0.1640625 0.021484375 0.0234375
0 0.6669921875 0.1630859375 0.041015625 0.037109375
0 0.984375 0.16015625 0.03125 0.0390625
0 0.7958984375 0.1513671875 0.029296875 0.033203125
0 0.9658203125 0.142578125 0.037109375 0.03515625
0 0.5625 0.15234375 0.05078125 0.0546875
0 0.6826171875 0.13671875 0.037109375 0.03125
0 0.869140625 0.134765625 0.03125 0.03515625
0 0.76171875 0.1376953125 0.05078125 0.048828125
0 0.84765625 0.1220703125 0.03125 0.033203125
0 0.58203125 0.1171875 0.04296875 0.0390625
0 0.9423828125 0.115234375 0.048828125 0.04296875
0 0.6953125 0.111328125 0.0390625 0.03515625
0 0.8232421875 0.1083984375 0.033203125 0.033203125
0 0.9951171875 0.09375 0.009765625 0.015625
0 0.7919921875 0.0927734375 0.037109375 0.033203125
0 0.9189453125 0.0888671875 0.029296875 0.029296875
0 0.6064453125 0.087890625 0.029296875 0.03515625
0 0.7109375 0.0859375 0.0390625 0.03515625
0 0.986328125 0.0703125 0.02734375 0.0390625
0 0.8056640625 0.06640625 0.037109375 0.03125
0 0.7294921875 0.0615234375 0.037109375 0.033203125
0 0.8798828125 0.0625 0.033203125 0.0390625
0 0.6982421875 0.05078125 0.017578125 0.015625
0 0.607421875 0.0576171875 0.03515625 0.029296875
0 0.861328125 0.044921875 0.03125 0.03515625
0 0.8203125 0.0419921875 0.0390625 0.029296875
0 0.96484375 0.044921875 0.05078125 0.05078125
0 0.7451171875 0.03515625 0.041015625 0.0390625
0 0.6220703125 0.033203125 0.041015625 0.0390625
0 0.9970703125 0.0146484375 0.005859375 0.009765625
0 0.98828125 0.0048828125 0.015625 0.009765625
0 0.9296875 0.0185546875 0.05078125 0.037109375
0 0.90234375 0.00390625 0.01171875 0.0078125
0 0.833984375 0.015625 0.03515625 0.03125
0 0.779296875 0.00390625 0.01171875 0.0078125
0 0.7587890625 0.0146484375 0.037109375 0.029296875
0 0.7275390625 0.00390625 0.013671875 0.0078125
0 0.6396484375 0.0107421875 0.041015625 0.021484375