0 0.87890625 0.998046875 0.01171875 0.00390625
0 0.9453125 0.994140625 0.0546875 0.01171875
0 0.603515625 0.9541015625 0.0234375 0.021484375
0 0.1669921875 0.958984375 0.021484375 0.03515625
0 0.77734375 0.951171875 0.01953125 0.0234375
0 0.53125 0.9580078125 0.05078125 0.041015625
0 0.859375 0.9453125 0.03125 0.01953125
0 0.7431640625 0.9375 0.017578125 0.01171875
0 0.703125 0.9423828125 0.0390625 0.033203125
0 0.1708984375 0.9287109375 0.017578125 0.017578125
0 0.818359375 0.9404296875 0.0390625 0.044921875
0 0.408203125 0.9384765625 0.05859375 0.041015625
0 0.5751953125 0.9267578125 0.033203125 0.033203125
0 0.9306640625 0.916015625 0.033203125 0.02734375
0 0.6337890625 0.9140625 0.037109375 0.03515625
0 0.1435546875 0.9111328125 0.025390625 0.037109375
0 0.46484375 0.8935546875 0.0390625 0.041015625
0 0.99609375 0.8720703125 0.0078125 0.017578125
0 0.6396484375 0.8544921875 0.017578125 0.017578125
0 0.51171875 0.859375 0.0390625 0.0390625
0 0.158203125 0.8564453125 0.03125 0.033203125
0 0.90234375 0.8359375 0.03125 0.05078125
0 0.6533203125 0.822265625 0.037109375 0.02734375
0 0.548828125 0.8212890625 0.03515625 0.037109375
0 0.0556640625 0.787109375 0.041015625 0.01953125
0 0.9755859375 0.7900390625 0.037109375 0.048828125
0 0.11328125 0.775390625 0.03515625 0.0234375
0 0.5849609375 0.78125 0.041015625 0.04296875
0 0.703125 0.783203125 0.03515625 0.05078125
0 0.1689453125 0.775390625 0.037109375 0.0390625
0 0.8837890625 0.7763671875 0.029296875 0.048828125
0 0.9580078125 0.73828125 0.033203125 0.03125
0 0.7255859375 0.720703125 0.041015625 0.03125
0 0.626953125 0.708984375 0.0390625 0.03515625
0 0.0087890625 0.7021484375 0.017578125 0.025390625
0 0.05078125 0.7021484375 0.03515625 0.029296875
0 0.857421875 0.697265625 0.0390625 0.0390625
0 0.18359375 0.681640625 0.03125 0.03515625
0 0.1162109375 0.681640625 0.048828125 0.0390625
0 0.75390625 0.671875 0.02734375 0.03125
0 0.9228515625 0.658203125 0.033203125 0.046875
0 0.841796875 0.6513671875 0.02734375 0.033203125
0 0.7890625 0.63671875 0.02734375 0.0234375
0 0.990234375 0.6396484375 0.01953125 0.033203125
0 0.181640625 0.6201171875 0.02734375 0.033203125
0 0.06640625 0.615234375 0.04296875 0.02734375
0 0.7978515625 0.611328125 0.025390625 0.02734375
0 0.896484375 0.58984375 0.0234375 0.02734375
0 0.8115234375 0.5712890625 0.033203125 0.021484375
0 0.9658203125 0.568359375 0.025390625 0.03515625
0 0.1787109375 0.5673828125 0.021484375 0.037109375
0 0.720703125 0.5576171875 0.04296875 0.041015625
0 0.30078125 0.544921875 0.04296875 0.0234375
0 0.9208984375 0.5361328125 0.029296875 0.029296875
0 0.1044921875 0.54296875 0.025390625 0.046875
0 0.3740234375 0.5224609375 0.033203125 0.037109375
0 0.001953125 0.498046875 0.00390625 0.0078125
0 0.6396484375 0.515625 0.060546875 0.046875
0 0.1728515625 0.5029296875 0.021484375 0.021484375
0 0.9794921875 0.50390625 0.025390625 0.03125
0 0.8798828125 0.5068359375 0.041015625 0.048828125
0 0.26171875 0.4921875 0.02734375 0.0234375
0 0.7529296875 0.486328125 0.044921875 0.04296875
0 0.3583984375 0.4658203125 0.033203125 0.037109375
0 0.994140625 0.455078125 0.01171875 0.01953125
0 0.16796875 0.455078125 0.02734375 0.0234375
0 0.9267578125 0.44921875 0.041015625 0.03515625
0 0.0830078125 0.4521484375 0.033203125 0.041015625
0 0.6962890625 0.4443359375 0.037109375 0.037109375
0 0.2548828125 0.4345703125 0.033203125 0.041015625
0 0.435546875 0.4248046875 0.02734375 0.033203125
0 0.53125 0.4228515625 0.0390625 0.044921875
0 0.3466796875 0.4140625 0.033203125 0.04296875
0 0.962890625 0.41015625 0.03515625 0.046875
0 0.833984375 0.4033203125 0.0390625 0.037109375
0 0.65234375 0.4111328125 0.0390625 0.052734375
0 0.1572265625 0.390625 0.029296875 0.03515625
0 0.017578125 0.380859375 0.03125 0.03515625
0 0.8232421875 0.373046875 0.025390625 0.0234375
0 0.25390625 0.37890625 0.0234375 0.03515625
0 0.99609375 0.3662109375 0.0078125 0.013671875
0 0.7646484375 0.3740234375 0.041015625 0.044921875
0 0.419921875 0.37109375 0.0390625 0.0390625
0 0.611328125 0.369140625 0.04296875 0.046875
0 0.3251953125 0.3623046875 0.029296875 0.037109375
0 0.8642578125 0.3515625 0.052734375 0.04296875
0 0.0869140625 0.34375 0.041015625 0.04296875
0 0.728515625 0.3359375 0.0390625 0.04296875
0 0.158203125 0.32421875 0.03125 0.0390625
0 0.4658203125 0.3193359375 0.044921875 0.033203125
0 0.3095703125 0.30859375 0.029296875 0.03125
0 0.240234375 0.3095703125 0.0234375 0.033203125
0 0.3955078125 0.3046875 0.037109375 0.046875
0 0.6923828125 0.296875 0.033203125 0.03515625
0 0.93359375 0.2978515625 0.04296875 0.044921875
0 0.9921875 0.263671875 0.015625 0.03125
0 0.1533203125 0.2666015625 0.029296875 0.048828125
0 0.7294921875 0.2578125 0.037109375 0.04296875
0 0.0341796875 0.255859375 0.044921875 0.0390625
0 0.560546875 0.2490234375 0.05078125 0.029296875
0 0.232421875 0.255859375 0.01953125 0.04296875
0 0.4384765625 0.2431640625 0.017578125 0.033203125
0 0.294921875 0.244140625 0.03125 0.03515625
0 0.3798828125 0.244140625 0.029296875 0.0390625
0 0.7880859375 0.216796875 0.044921875 0.03515625
0 0.9755859375 0.212890625 0.025390625 0.03125
0 0.6728515625 0.1904296875 0.037109375 0.025390625
0 0.2275390625 0.19140625 0.037109375 0.04296875
0 0.5869140625 0.1884765625 0.025390625 0.041015625
0 0.2880859375 0.1826171875 0.029296875 0.037109375
0 0.443359375 0.177734375 0.02734375 0.03515625
0 0.5263671875 0.173828125 0.025390625 0.03125
0 0.376953125 0.1748046875 0.03125 0.037109375
0 0.8173828125 0.1728515625 0.029296875 0.048828125
0 0.0029296875 0.1591796875 0.005859375 0.021484375
0 0.7353515625 0.150390625 0.037109375 0.03515625
0 0.6630859375 0.13671875 0.021484375 0.03125
0 0.1357421875 0.140625 0.037109375 0.0390625
0 0.22265625 0.13671875 0.03125 0.03515625
0 0.5869140625 0.125 0.021484375 0.03125
0 0.2861328125 0.123046875 0.025390625 0.03125
0 0.369140625 0.119140625 0.03125 0.03125
0 0.91015625 0.1162109375 0.03125 0.033203125
0 0.5234375 0.109375 0.0234375 0.03515625
0 0.4384765625 0.109375 0.021484375 0.0390625
0 0.8232421875 0.1015625 0.029296875 0.03125
0 0.9912109375 0.0810546875 0.017578125 0.029296875
0 0.732421875 0.078125 0.0390625 0.0390625
0 0.669921875 0.072265625 0.03125 0.03515625
0 0.1318359375 0.076171875 0.025390625 0.04296875
0 0.041015625 0.0869140625 0.046875 0.068359375
0 0.892578125 0.0673828125 0.02734375 0.037109375
0 0.3662109375 0.0595703125 0.037109375 0.029296875
0 0.2783203125 0.05859375 0.041015625 0.0390625
0 0.5810546875 0.0517578125 0.037109375 0.029296875
0 0.99609375 0.0390625 0.0078125 0.015625
0 0.51953125 0.048828125 0.02734375 0.03515625
0 0.43359375 0.044921875 0.02734375 0.03125
0 0.8173828125 0.0419921875 0.041015625 0.044921875
0 0.890625 0.01171875 0.03125 0.0234375
0 0.767578125 0.0078125 0.0390625 0.015625
0 0.1259765625 0.0029296875 0.025390625 0.005859375
0 0.015625 0.0126953125 0.0234375 0.025390625