0 0.056640625 0.966796875 0.0234375 0.0234375
0 0.140625 0.95703125 0.03515625 0.0234375
0 0.00390625 0.9521484375 0.0078125 0.017578125
0 0.84375 0.96875 0.0546875 0.0546875
0 0.017578125 0.939453125 0.015625 0.015625
0 0.029296875 0.8466796875 0.0234375 0.033203125
0 0.048828125 0.79296875 0.03125 0.02734375
0 0.1005859375 0.775390625 0.017578125 0.01953125
0 0.177734375 0.7734375 0.0390625 0.02734375
0 0.1259765625 0.759765625 0.037109375 0.02734375
0 0.0859375 0.75 0.015625 0.01953125
0 0.060546875 0.748046875 0.02734375 0.0390625
0 0.9892578125 0.595703125 0.021484375 0.0546875
0 0.1494140625 0.439453125 0.025390625 0.02734375
0 0.3134765625 0.4052734375 0.037109375 0.056640625
0 0.1591796875 0.390625 0.029296875 0.03125
0 0.201171875 0.3798828125 0.015625 0.017578125
0 0.4150390625 0.3828125 0.025390625 0.02734375
0 0.5986328125 0.478515625 0.123046875 0.23828125
0 0.9970703125 0.345703125 0.005859375 0.01171875
0 0.482421875 0.3515625 0.0234375 0.0234375
0 0.4228515625 0.3408203125 0.041015625 0.025390625
0 0.7705078125 0.34765625 0.072265625 0.0546875
0 0.3447265625 0.3212890625 0.033203125 0.029296875
0 0.5419921875 0.3056640625 0.021484375 0.021484375
0 0.27734375 0.302734375 0.03515625 0.02734375
0 0.189453125 0.3037109375 0.03125 0.041015625
0 0.5615234375 0.28515625 0.017578125 0.015625
0 0.48828125 0.287109375 0.03515625 0.0234375
0 0.783203125 0.2861328125 0.05859375 0.041015625
0 0.44140625 0.2685546875 0.0234375 0.029296875
0 0.564453125 0.2578125 0.04296875 0.04296875
0 0.33984375 0.240234375 0.03125 0.02734375
0 0.7939453125 0.2392578125 0.064453125 0.041015625
0 0.6611328125 0.271484375 0.107421875 0.11328125
0 0.46484375 0.2216796875 0.02734375 0.033203125
0 0.298828125 0.212890625 0.03515625 0.02734375
0 0.388671875 0.1982421875 0.02734375 0.029296875
0 0.1279296875 0.1767578125 0.052734375 0.037109375
0 0.2236328125 0.17578125 0.029296875 0.0390625
0 0.8173828125 0.1611328125 0.025390625 0.021484375
0 0.4111328125 0.1591796875 0.021484375 0.025390625
0 0.486328125 0.1552734375 0.04296875 0.029296875
0 0.009765625 0.142578125 0.01953125 0.0234375
0 0.1591796875 0.1337890625 0.025390625 0.017578125
0 0.068359375 0.1396484375 0.0234375 0.029296875
0 0.599609375 0.134765625 0.02734375 0.02734375
0 0.728515625 0.15625 0.11328125 0.07421875
0 0.015625 0.09765625 0.03125 0.0234375
0 0.498046875 0.09765625 0.03515625 0.03125
0 0.2431640625 0.0947265625 0.025390625 0.029296875
0 0.083984375 0.1005859375 0.03125 0.041015625
0 0.3740234375 0.087890625 0.017578125 0.01953125
0 0.4267578125 0.0771484375 0.033203125 0.025390625
0 0.3828125 0.06640625 0.02734375 0.02734375
0 0.177734375 0.056640625 0.0390625 0.0234375
0 0.3505859375 0.0595703125 0.025390625 0.033203125
0 0.978515625 0.1015625 0.04296875 0.12109375
0 0.3203125 0.0498046875 0.03125 0.029296875
0 0.0517578125 0.041015625 0.029296875 0.0234375
0 0.79296875 0.0380859375 0.0234375 0.029296875
0 0.2744140625 0.0361328125 0.056640625 0.029296875
0 0.4423828125 0.0185546875 0.041015625 0.025390625
0 0.7158203125 0.0546875 0.083984375 0.109375
0 0.3994140625 0.0087890625 0.025390625 0.017578125
0 0.373046875 0.0048828125 0.01953125 0.009765625
0 0.1884765625 0.0107421875 0.033203125 0.021484375
0 0.1240234375 0.0078125 0.021484375 0.015625
0 0.0859375 0.0029296875 0.015625 0.005859375
0 0.0068359375 0.01171875 0.013671875 0.0234375