0 0.09375 0.9833984375 0.05859375 0.033203125
0 0.9091796875 0.9501953125 0.052734375 0.037109375
0 0.0205078125 0.947265625 0.041015625 0.03515625
0 0.1591796875 0.958984375 0.080078125 0.0703125
0 0.23046875 0.9560546875 0.0703125 0.087890625
0 0.71484375 0.923828125 0.02734375 0.03125
0 0.7900390625 0.9140625 0.041015625 0.0390625
0 0.640625 0.896484375 0.02734375 0.02734375
0 0.5849609375 0.8955078125 0.048828125 0.029296875
0 0.052734375 0.8994140625 0.0390625 0.064453125
0 0.119140625 0.89453125 0.03515625 0.05859375
0 0.1875 0.8759765625 0.08984375 0.072265625
0 0.7509765625 0.8408203125 0.033203125 0.033203125
0 0.240234375 0.8359375 0.10546875 0.09765625
0 0.111328125 0.818359375 0.0390625 0.0625
0 0.8271484375 0.7529296875 0.033203125 0.025390625
0 0.0556640625 0.7802734375 0.060546875 0.083984375
0 0.798828125 0.7470703125 0.01953125 0.021484375
0 0.7392578125 0.7431640625 0.041015625 0.041015625
0 0.150390625 0.759765625 0.0859375 0.07421875
0 0.53515625 0.7119140625 0.01953125 0.021484375
0 0.728515625 0.7080078125 0.0234375 0.025390625
0 0.6357421875 0.7158203125 0.052734375 0.041015625
0 0.2470703125 0.6865234375 0.029296875 0.029296875
0 0.923828125 0.685546875 0.046875 0.04296875
0 0.3125 0.669921875 0.0390625 0.04296875
0 0.9970703125 0.6396484375 0.005859375 0.005859375
0 0.4248046875 0.6572265625 0.037109375 0.048828125
0 0.2001953125 0.6416015625 0.044921875 0.037109375
0 0.9736328125 0.6103515625 0.017578125 0.017578125
0 0.8486328125 0.6201171875 0.072265625 0.060546875
0 0.7421875 0.5751953125 0.04296875 0.033203125
0 0.4951171875 0.541015625 0.052734375 0.03515625
0 0.662109375 0.5341796875 0.0390625 0.037109375
0 0.5458984375 0.4638671875 0.037109375 0.033203125
0 0.3115234375 0.443359375 0.033203125 0.03125
0 0.470703125 0.3779296875 0.0390625 0.025390625
0 0.2099609375 0.322265625 0.056640625 0.04296875