0 0.6181640625 0.99609375 0.017578125 0.0078125
0 0.84765625 0.9951171875 0.03125 0.009765625
0 0.9609375 0.994140625 0.015625 0.01171875
0 0.671875 0.9931640625 0.03515625 0.013671875
0 0.783203125 0.986328125 0.03125 0.01953125
0 0.2138671875 0.984375 0.021484375 0.01953125
0 0.0947265625 0.9873046875 0.041015625 0.025390625
0 0.9111328125 0.986328125 0.052734375 0.02734375
0 0.1533203125 0.9833984375 0.064453125 0.025390625
0 0.0263671875 0.9814453125 0.052734375 0.037109375
0 0.6875 0.970703125 0.02734375 0.0234375
0 0.861328125 0.96875 0.0390625 0.0234375
0 0.537109375 0.9755859375 0.0859375 0.048828125
0 0.7265625 0.958984375 0.03125 0.03515625
0 0.7890625 0.955078125 0.03125 0.03125
0 0.6376953125 0.9501953125 0.021484375 0.021484375
0 0.2138671875 0.943359375 0.021484375 0.01953125
0 0.177734375 0.94140625 0.01953125 0.015625
0 0.55078125 0.939453125 0.01953125 0.0234375
0 0.1533203125 0.9375 0.021484375 0.0234375
0 0.755859375 0.9345703125 0.01953125 0.021484375
0 0.6923828125 0.9384765625 0.033203125 0.041015625
0 0.5810546875 0.9228515625 0.021484375 0.021484375
0 0.65234375 0.912109375 0.0234375 0.0234375
0 0.2158203125 0.916015625 0.021484375 0.03125
0 0.52734375 0.9091796875 0.0234375 0.025390625
0 0.482421875 0.91015625 0.0234375 0.0390625
0 0.8125 0.8857421875 0.01953125 0.029296875
0 0.783203125 0.8828125 0.0234375 0.02734375
0 0.220703125 0.8828125 0.02734375 0.02734375
0 0.17578125 0.873046875 0.0234375 0.01953125
0 0.5791015625 0.873046875 0.048828125 0.03515625
0 0.0927734375 0.9052734375 0.037109375 0.099609375
0 0.697265625 0.861328125 0.02734375 0.03125
0 0.228515625 0.8525390625 0.03125 0.025390625
0 0.294921875 0.84765625 0.01953125 0.0234375
0 0.7333984375 0.853515625 0.044921875 0.04296875
0 0.521484375 0.845703125 0.02734375 0.03125
0 0.0185546875 0.841796875 0.025390625 0.02734375
0 0.666015625 0.8427734375 0.02734375 0.033203125
0 0.1875 0.8408203125 0.0234375 0.037109375
0 0.8193359375 0.83984375 0.044921875 0.0390625
0 0.162109375 0.83203125 0.0234375 0.02734375
0 0.0517578125 0.818359375 0.021484375 0.01953125
0 0.607421875 0.822265625 0.03125 0.04296875
0 0.1279296875 0.8232421875 0.048828125 0.048828125
0 0.3564453125 0.814453125 0.060546875 0.04296875
0 0.2529296875 0.802734375 0.021484375 0.01953125
0 0.91796875 0.8740234375 0.140625 0.169921875
0 0.69140625 0.80859375 0.04296875 0.0390625
0 0.3115234375 0.7978515625 0.029296875 0.025390625
0 0.8271484375 0.8017578125 0.068359375 0.041015625
0 0.0634765625 0.79296875 0.025390625 0.02734375
0 0.033203125 0.78515625 0.03515625 0.03125
0 0.7666015625 0.78125 0.037109375 0.03125
0 0.2060546875 0.783203125 0.044921875 0.03515625
0 0.0087890625 0.7763671875 0.017578125 0.025390625
0 0.5517578125 0.779296875 0.041015625 0.03515625
0 0.6123046875 0.7724609375 0.048828125 0.029296875
0 0.1689453125 0.7705078125 0.025390625 0.025390625
0 0.2548828125 0.763671875 0.037109375 0.0234375
0 0.1279296875 0.7578125 0.021484375 0.0234375
0 0.3388671875 0.7626953125 0.056640625 0.041015625
0 0.10546875 0.7509765625 0.0234375 0.029296875
0 0.0751953125 0.74609375 0.021484375 0.03125
0 0.1865234375 0.7421875 0.033203125 0.02734375
0 0.7119140625 0.744140625 0.044921875 0.04296875
0 0.26171875 0.7373046875 0.03515625 0.029296875
0 0.0498046875 0.732421875 0.017578125 0.01953125
0 0.9677734375 0.7548828125 0.064453125 0.068359375
0 0.9921875 0.728515625 0.015625 0.0234375
0 0.12890625 0.724609375 0.0390625 0.01953125
0 0.017578125 0.72265625 0.015625 0.015625
0 0.40234375 0.7568359375 0.0625 0.087890625
0 0.1865234375 0.71484375 0.025390625 0.0234375
0 0.2734375 0.712890625 0.03125 0.02734375
0 0.08984375 0.7099609375 0.0234375 0.029296875
0 0.1396484375 0.7021484375 0.029296875 0.025390625
0 0.0556640625 0.703125 0.025390625 0.02734375
0 0.603515625 0.7265625 0.109375 0.078125
0 0.34375 0.7021484375 0.03125 0.033203125
0 0.2294921875 0.697265625 0.021484375 0.0234375
0 0.0234375 0.6953125 0.0234375 0.01953125
0 0.0029296875 0.6865234375 0.005859375 0.013671875
0 0.279296875 0.6884765625 0.03515625 0.021484375
0 0.1015625 0.6845703125 0.0234375 0.021484375
0 0.068359375 0.6728515625 0.0234375 0.025390625
0 0.431640625 0.671875 0.03515625 0.046875
0 0.15234375 0.6611328125 0.0390625 0.025390625
0 0.28515625 0.658203125 0.04296875 0.02734375
0 0.1083984375 0.6552734375 0.029296875 0.025390625
0 0.8486328125 0.662109375 0.068359375 0.0546875
0 0.078125 0.64453125 0.0234375 0.0234375
0 0.0244140625 0.6474609375 0.033203125 0.033203125
0 0.236328125 0.64453125 0.03125 0.03125
0 0.2998046875 0.6318359375 0.029296875 0.025390625
0 0.12890625 0.62890625 0.01953125 0.01953125
0 0.3681640625 0.6455078125 0.033203125 0.072265625
0 0.1640625 0.6171875 0.03125 0.02734375
0 0.8828125 0.6162109375 0.046875 0.041015625
0 0.1181640625 0.6103515625 0.056640625 0.041015625
0 0.2255859375 0.5966796875 0.021484375 0.029296875
0 0.3095703125 0.591796875 0.033203125 0.046875
0 0.9951171875 0.576171875 0.009765625 0.01953125
0 0.060546875 0.5732421875 0.02734375 0.037109375
0 0.943359375 0.6279296875 0.11328125 0.162109375
0 0.1806640625 0.5625 0.037109375 0.03125
0 0.1416015625 0.556640625 0.021484375 0.01953125
0 0.6650390625 0.5625 0.048828125 0.0390625
0 0.07421875 0.5478515625 0.0234375 0.017578125
0 0.255859375 0.5439453125 0.03125 0.033203125
0 0.861328125 0.55859375 0.0390625 0.06640625
0 0.771484375 0.578125 0.05859375 0.10546875
0 0.8291015625 0.537109375 0.048828125 0.03515625
0 0.193359375 0.517578125 0.03515625 0.0390625
0 0.0830078125 0.5087890625 0.037109375 0.033203125
0 0.56640625 0.5244140625 0.0546875 0.068359375
0 0.966796875 0.5048828125 0.0390625 0.041015625
0 0.0087890625 0.498046875 0.017578125 0.02734375
0 0.6748046875 0.4951171875 0.033203125 0.033203125
0 0.1416015625 0.490234375 0.041015625 0.03515625
0 0.73828125 0.490234375 0.06640625 0.0390625
0 0.9951171875 0.4775390625 0.009765625 0.021484375
0 0.5712890625 0.478515625 0.017578125 0.0234375
0 0.3857421875 0.478515625 0.044921875 0.046875
0 0.46484375 0.48828125 0.05859375 0.07421875
0 0.021484375 0.458984375 0.03125 0.0390625
0 0.0966796875 0.4580078125 0.033203125 0.048828125
0 0.5654296875 0.4326171875 0.041015625 0.025390625
0 0.87890625 0.4326171875 0.05078125 0.048828125
0 0.978515625 0.4111328125 0.04296875 0.041015625
0 0.044921875 0.40625 0.02734375 0.04296875
0 0.7783203125 0.3896484375 0.017578125 0.017578125
0 0.7529296875 0.421875 0.091796875 0.0859375
0 0.00390625 0.3896484375 0.0078125 0.021484375
0 0.6259765625 0.4013671875 0.076171875 0.052734375
0 0.4638671875 0.3916015625 0.033203125 0.037109375
0 0.3662109375 0.3955078125 0.044921875 0.044921875
0 0.2822265625 0.390625 0.037109375 0.0546875
0 0.947265625 0.3759765625 0.0390625 0.033203125
0 0.2109375 0.37109375 0.02734375 0.02734375
0 0.8212890625 0.3671875 0.033203125 0.03125
0 0.513671875 0.361328125 0.0390625 0.02734375
0 0.3271484375 0.35546875 0.025390625 0.0234375
0 0.1640625 0.3486328125 0.0546875 0.041015625
0 0.65234375 0.3330078125 0.0390625 0.029296875
0 0.2314453125 0.33203125 0.025390625 0.02734375
0 0.5595703125 0.33203125 0.029296875 0.03515625
0 0.7626953125 0.33984375 0.068359375 0.0625
0 0.455078125 0.328125 0.03515625 0.0390625
0 0.916015625 0.328125 0.04296875 0.046875
0 0.2939453125 0.31640625 0.025390625 0.02734375
0 0.59765625 0.3125 0.0234375 0.0390625
0 0.990234375 0.306640625 0.01953125 0.03125
0 0.486328125 0.302734375 0.0390625 0.0390625
0 0.1337890625 0.2998046875 0.076171875 0.033203125
0 0.3505859375 0.2998046875 0.037109375 0.037109375
0 0.234375 0.28125 0.015625 0.015625
0 0.7236328125 0.2861328125 0.037109375 0.044921875
0 0.2822265625 0.275390625 0.021484375 0.0234375
0 0.5146484375 0.27734375 0.041015625 0.03125
0 0.90234375 0.2646484375 0.01953125 0.017578125
0 0.400390625 0.2646484375 0.03515625 0.037109375
0 0.85546875 0.2666015625 0.046875 0.044921875
0 0.2041015625 0.2607421875 0.037109375 0.041015625
0 0.9814453125 0.2548828125 0.033203125 0.033203125
0 0.5498046875 0.25390625 0.029296875 0.03125
0 0.44140625 0.248046875 0.0390625 0.0390625
0 0.8193359375 0.244140625 0.041015625 0.0390625
0 0.66015625 0.244140625 0.05078125 0.0390625
0 0.248046875 0.234375 0.03515625 0.02734375
0 0.47265625 0.23046875 0.0234375 0.03515625
0 0.92578125 0.2236328125 0.05078125 0.044921875
0 0.318359375 0.2099609375 0.0390625 0.037109375
0 0.5966796875 0.2080078125 0.041015625 0.037109375
0 0.9052734375 0.203125 0.037109375 0.03515625
0 0.76953125 0.2041015625 0.04296875 0.044921875
0 0.05078125 0.2021484375 0.05078125 0.048828125
0 0.1279296875 0.1865234375 0.033203125 0.037109375
0 0.50390625 0.1728515625 0.0234375 0.021484375
0 0.3798828125 0.1796875 0.033203125 0.0390625
0 0.734375 0.177734375 0.03515625 0.0390625
0 0.1904296875 0.1650390625 0.037109375 0.033203125
0 0.5478515625 0.1669921875 0.041015625 0.044921875
0 0.435546875 0.1533203125 0.03515625 0.037109375
0 0.66796875 0.1484375 0.046875 0.05078125
0 0.84375 0.15625 0.08984375 0.07421875
0 0.5146484375 0.1318359375 0.037109375 0.033203125
0 0.0908203125 0.13671875 0.037109375 0.05078125
0 0.140625 0.125 0.04296875 0.03515625
0 0.2431640625 0.126953125 0.076171875 0.0546875
0 0.6162109375 0.11328125 0.041015625 0.046875
0 0.1728515625 0.0849609375 0.029296875 0.033203125
0 0.3330078125 0.08203125 0.041015625 0.04296875
0 0.9794921875 0.1015625 0.041015625 0.0859375
0 0.5712890625 0.078125 0.041015625 0.046875
0 0.8759765625 0.072265625 0.037109375 0.046875
0 0.1259765625 0.060546875 0.029296875 0.02734375
0 0.087890625 0.0654296875 0.04296875 0.056640625
0 0.82421875 0.044921875 0.03125 0.02734375
0 0.29296875 0.0517578125 0.05078125 0.052734375
0 0.205078125 0.04296875 0.03515625 0.03515625
0 0.7978515625 0.0283203125 0.029296875 0.029296875
0 0.158203125 0.037109375 0.03515625 0.046875
0 0.701171875 0.068359375 0.17578125 0.12890625
0 0.994140625 0.0078125 0.01171875 0.015625
0 0.94921875 0.0146484375 0.0390625 0.029296875
0 0.845703125 0.015625 0.046875 0.03125
0 0.7890625 0.00390625 0.015625 0.0078125
0 0.7685546875 0.0078125 0.021484375 0.015625
0 0.5703125 0.0126953125 0.05859375 0.025390625
0 0.505859375 0.0146484375 0.0390625 0.029296875
0 0.4619140625 0.0341796875 0.060546875 0.068359375
0 0.4287109375 0.01171875 0.029296875 0.0234375
0 0.3798828125 0.0498046875 0.083984375 0.099609375
0 0.0849609375 0.01953125 0.134765625 0.0390625