0 0.98828125 0.9521484375 0.0234375 0.025390625
0 0.455078125 0.947265625 0.01953125 0.0234375
0 0.529296875 0.88671875 0.02734375 0.0234375
0 0.8505859375 0.876953125 0.021484375 0.01953125
0 0.798828125 0.8740234375 0.01953125 0.013671875
0 0.244140625 0.8017578125 0.0625 0.091796875
0 0.5712890625 0.7294921875 0.029296875 0.029296875
0 0.2607421875 0.6884765625 0.076171875 0.099609375
0 0.04296875 0.716796875 0.0859375 0.1640625
0 0.1708984375 0.6904296875 0.107421875 0.134765625
0 0.84765625 0.6103515625 0.01953125 0.025390625
0 0.54296875 0.568359375 0.0234375 0.03515625
0 0.224609375 0.5654296875 0.08984375 0.072265625
0 0.560546875 0.5078125 0.0234375 0.03125
0 0.078125 0.50390625 0.12109375 0.15625
0 0.591796875 0.396484375 0.0390625 0.046875
0 0.4951171875 0.373046875 0.041015625 0.05859375
0 0.603515625 0.341796875 0.02734375 0.0234375
0 0.3095703125 0.3486328125 0.115234375 0.064453125
0 0.1484375 0.328125 0.10546875 0.0625
0 0.5986328125 0.298828125 0.021484375 0.02734375
0 0.6240234375 0.2861328125 0.025390625 0.021484375
0 0.2060546875 0.2451171875 0.021484375 0.025390625
0 0.0771484375 0.240234375 0.041015625 0.0234375
0 0.3486328125 0.2509765625 0.123046875 0.072265625
0 0.6416015625 0.2216796875 0.025390625 0.029296875
0 0.1416015625 0.1982421875 0.009765625 0.017578125
0 0.19140625 0.1728515625 0.02734375 0.029296875
0 0.0751953125 0.171875 0.025390625 0.03125
0 0.234375 0.1669921875 0.02734375 0.025390625
0 0.34375 0.1875 0.10546875 0.0703125
0 0.134765625 0.1650390625 0.02734375 0.029296875
0 0.6591796875 0.1669921875 0.033203125 0.037109375
0 0.0234375 0.16015625 0.02734375 0.0390625
0 0.9921875 0.1396484375 0.015625 0.021484375
0 0.75 0.138671875 0.03515625 0.02734375
0 0.9580078125 0.1279296875 0.033203125 0.025390625
0 0.921875 0.115234375 0.0390625 0.02734375
0 0.2431640625 0.09375 0.037109375 0.02734375
0 0.6767578125 0.099609375 0.025390625 0.04296875
0 0.9580078125 0.0869140625 0.013671875 0.021484375
0 0.8359375 0.0869140625 0.0234375 0.025390625
0 0.12109375 0.0810546875 0.02734375 0.029296875
0 0.98046875 0.0771484375 0.02734375 0.025390625
0 0.80859375 0.076171875 0.0234375 0.0234375
0 0.0634765625 0.0771484375 0.025390625 0.025390625
0 0.1748046875 0.0791015625 0.033203125 0.037109375
0 0.94140625 0.0615234375 0.02734375 0.025390625
0 0.24609375 0.0576171875 0.03515625 0.021484375
0 0.0107421875 0.0703125 0.021484375 0.046875
0 0.7763671875 0.0654296875 0.029296875 0.041015625
0 0.1591796875 0.05078125 0.021484375 0.015625
0 0.044921875 0.0517578125 0.015625 0.017578125
0 0.09765625 0.0458984375 0.01953125 0.013671875
0 0.794921875 0.0419921875 0.01953125 0.013671875
0 0.876953125 0.0419921875 0.04296875 0.029296875
0 0.69140625 0.037109375 0.02734375 0.03125
0 0.8349609375 0.03125 0.029296875 0.0234375
0 0.634765625 0.0205078125 0.03515625 0.025390625
0 0.78125 0.0166015625 0.0234375 0.025390625
0 0.98828125 0.0107421875 0.0234375 0.021484375
0 0.9296875 0.0029296875 0.015625 0.005859375
0 0.708984375 0.001953125 0.0078125 0.00390625
0 0.677734375 0.00390625 0.015625 0.0078125
0 0.3603515625 0.060546875 0.103515625 0.12109375
0 0.2548828125 0.0048828125 0.021484375 0.009765625
0 0.048828125 0.005859375 0.02734375 0.01171875