0 0.173828125 0.7099609375 0.02734375 0.029296875
0 0.107421875 0.6845703125 0.0234375 0.025390625
0 0.189453125 0.671875 0.03125 0.03515625
0 0.0361328125 0.6484375 0.041015625 0.0234375
0 0.123046875 0.640625 0.01953125 0.0234375
0 0.2001953125 0.6318359375 0.025390625 0.029296875
0 0.130859375 0.6123046875 0.02734375 0.025390625
0 0.037109375 0.611328125 0.0234375 0.02734375
0 0.21484375 0.5908203125 0.02734375 0.037109375
0 0.1376953125 0.58203125 0.033203125 0.02734375
0 0.0361328125 0.5791015625 0.025390625 0.025390625
0 0.0458984375 0.55078125 0.033203125 0.02734375
0 0.23046875 0.546875 0.02734375 0.03515625
0 0.1572265625 0.5302734375 0.029296875 0.025390625
0 0.095703125 0.5078125 0.03125 0.02734375
0 0.1650390625 0.50390625 0.033203125 0.02734375
0 0.24609375 0.50390625 0.03125 0.03515625
0 0.0615234375 0.4912109375 0.029296875 0.037109375
0 0.1748046875 0.4755859375 0.033203125 0.025390625
0 0.001953125 0.4677734375 0.00390625 0.009765625
0 0.2568359375 0.4658203125 0.025390625 0.021484375
0 0.1865234375 0.4453125 0.025390625 0.0234375
0 0.0771484375 0.443359375 0.025390625 0.02734375
0 0.2705078125 0.44140625 0.033203125 0.02734375
0 0.01171875 0.43359375 0.0234375 0.02734375
0 0.197265625 0.41796875 0.0234375 0.0234375
0 0.0986328125 0.41015625 0.037109375 0.02734375
0 0.283203125 0.4033203125 0.03515625 0.033203125
0 0.0234375 0.400390625 0.0234375 0.02734375
0 0.20703125 0.3876953125 0.02734375 0.025390625
0 0.107421875 0.384765625 0.02734375 0.0234375
0 0.03515625 0.3662109375 0.0234375 0.029296875
0 0.2197265625 0.3603515625 0.021484375 0.025390625
0 0.294921875 0.3603515625 0.03125 0.029296875
0 0.119140625 0.357421875 0.03125 0.0234375
0 0.3408203125 0.34375 0.025390625 0.015625
0 0.2294921875 0.3291015625 0.021484375 0.025390625
0 0.1279296875 0.326171875 0.029296875 0.0234375
0 0.3115234375 0.3232421875 0.033203125 0.029296875
0 0.240234375 0.30078125 0.0234375 0.0234375
0 0.052734375 0.2998046875 0.03125 0.025390625
0 0.1328125 0.296875 0.0234375 0.02734375
0 0.3134765625 0.2900390625 0.021484375 0.021484375
0 0.1806640625 0.2861328125 0.021484375 0.017578125
0 0.4296875 0.2841796875 0.03515625 0.025390625
0 0.0380859375 0.26953125 0.017578125 0.015625
0 0.39453125 0.2685546875 0.0234375 0.021484375
0 0.146484375 0.2705078125 0.03125 0.025390625
0 0.0703125 0.271484375 0.03125 0.02734375
0 0.3251953125 0.2646484375 0.033203125 0.025390625
0 0.2548828125 0.26171875 0.025390625 0.03125
0 0.3349609375 0.236328125 0.029296875 0.0234375
0 0.150390625 0.23828125 0.0234375 0.02734375
0 0.1845703125 0.224609375 0.017578125 0.015625
0 0.001953125 0.2080078125 0.00390625 0.005859375
0 0.451171875 0.212890625 0.02734375 0.0234375
0 0.2509765625 0.2099609375 0.041015625 0.025390625
0 0.0849609375 0.20703125 0.029296875 0.02734375
0 0.20703125 0.1982421875 0.0234375 0.025390625
0 0.00390625 0.1904296875 0.0078125 0.017578125
0 0.0322265625 0.1884765625 0.017578125 0.017578125
0 0.4111328125 0.1953125 0.029296875 0.03515625
0 0.373046875 0.1884765625 0.02734375 0.021484375
0 0.337890625 0.1748046875 0.0234375 0.025390625
0 0.306640625 0.166015625 0.0234375 0.0234375
0 0.1005859375 0.162109375 0.041015625 0.02734375
0 0.0126953125 0.162109375 0.025390625 0.02734375
0 0.283203125 0.1591796875 0.02734375 0.025390625
0 0.5185546875 0.150390625 0.029296875 0.0234375
0 0.25 0.1474609375 0.03125 0.021484375
0 0.490234375 0.1396484375 0.03125 0.021484375
0 0.2080078125 0.1357421875 0.037109375 0.025390625
0 0.0322265625 0.1396484375 0.064453125 0.037109375
0 0.4580078125 0.130859375 0.029296875 0.0234375
0 0.423828125 0.119140625 0.03125 0.0234375
0 0.392578125 0.1103515625 0.03125 0.025390625
0 0.1328125 0.103515625 0.02734375 0.03125
0 0.34765625 0.09765625 0.05859375 0.03515625
0 0.0947265625 0.0908203125 0.033203125 0.025390625
0 0.3017578125 0.0849609375 0.025390625 0.029296875
0 0.4833984375 0.07421875 0.029296875 0.0234375
0 0.033203125 0.076171875 0.03125 0.02734375
0 0.2763671875 0.07421875 0.029296875 0.02734375
0 0.2138671875 0.0771484375 0.041015625 0.033203125
0 0.0703125 0.06640625 0.01953125 0.01953125
0 0.5771484375 0.064453125 0.029296875 0.03125
0 0.4541015625 0.0595703125 0.025390625 0.029296875
0 0.04296875 0.048828125 0.03515625 0.0234375
0 0.13671875 0.0498046875 0.0390625 0.033203125
0 0.396484375 0.046875 0.03515625 0.03125
0 0.3359375 0.0283203125 0.02734375 0.021484375
0 0.15625 0.0244140625 0.03125 0.025390625
0 0.052734375 0.0234375 0.03515625 0.0234375
0 0.4716796875 0.0224609375 0.025390625 0.025390625
0 0.5947265625 0.0126953125 0.029296875 0.025390625
0 0.48828125 0.0048828125 0.01953125 0.009765625
0 0.4169921875 0.0107421875 0.025390625 0.021484375
0 0.341796875 0.0068359375 0.0234375 0.013671875
0 0.275390625 0.0048828125 0.0234375 0.009765625
0 0.1669921875 0.0048828125 0.025390625 0.009765625