0 0.59375 0.9951171875 0.0234375 0.009765625
0 0.494140625 0.994140625 0.03125 0.01171875
0 0.388671875 0.9921875 0.03125 0.015625
0 0.798828125 0.990234375 0.03515625 0.01953125
0 0.0361328125 0.9892578125 0.021484375 0.021484375
0 0.6220703125 0.98828125 0.041015625 0.0234375
0 0.26171875 0.98828125 0.0390625 0.0234375
0 0.5244140625 0.986328125 0.033203125 0.02734375
0 0.0087890625 0.978515625 0.017578125 0.02734375
0 0.0576171875 0.9697265625 0.017578125 0.017578125
0 0.8759765625 0.966796875 0.033203125 0.03125
0 0.5419921875 0.9658203125 0.029296875 0.029296875
0 0.7294921875 0.9580078125 0.025390625 0.025390625
0 0.6376953125 0.95703125 0.037109375 0.03125
0 0.1484375 0.94140625 0.015625 0.01171875
0 0.111328125 0.947265625 0.0234375 0.0234375
0 0.7958984375 0.9423828125 0.041015625 0.029296875
0 0.5634765625 0.94140625 0.029296875 0.02734375
0 0.20703125 0.943359375 0.0390625 0.03125
0 0.65625 0.94140625 0.03515625 0.03125
0 0.69140625 0.93359375 0.02734375 0.01953125
0 0.044921875 0.9375 0.02734375 0.02734375
0 0.857421875 0.9306640625 0.03125 0.033203125
0 0.5830078125 0.91796875 0.029296875 0.03125
0 0.037109375 0.9052734375 0.03515625 0.025390625
0 0.2744140625 0.9091796875 0.029296875 0.037109375
0 0.21875 0.9033203125 0.02734375 0.029296875
0 0.60546875 0.892578125 0.02734375 0.02734375
0 0.1083984375 0.8876953125 0.017578125 0.021484375
0 0.033203125 0.876953125 0.0390625 0.01953125
0 0.9814453125 0.8720703125 0.025390625 0.025390625
0 0.78515625 0.873046875 0.03515625 0.03125
0 0.625 0.869140625 0.02734375 0.02734375
0 0.8427734375 0.8642578125 0.044921875 0.029296875
0 0.71484375 0.8642578125 0.03125 0.033203125
0 0.20703125 0.8603515625 0.02734375 0.025390625
0 0.10546875 0.857421875 0.015625 0.0234375
0 0.6455078125 0.8447265625 0.029296875 0.029296875
0 0.2978515625 0.845703125 0.025390625 0.03515625
0 0.8623046875 0.837890625 0.025390625 0.02734375
0 0.9501953125 0.8427734375 0.037109375 0.041015625
0 0.1044921875 0.8291015625 0.021484375 0.021484375
0 0.0107421875 0.8349609375 0.021484375 0.037109375
0 0.9306640625 0.822265625 0.025390625 0.02734375
0 0.77734375 0.8232421875 0.03125 0.033203125
0 0.8427734375 0.8193359375 0.037109375 0.037109375
0 0.6806640625 0.8095703125 0.037109375 0.033203125
0 0.3310546875 0.8037109375 0.025390625 0.029296875
0 0.044921875 0.7978515625 0.01953125 0.017578125
0 0.484375 0.841796875 0.09765625 0.109375
0 0.134765625 0.7958984375 0.0234375 0.017578125
0 0.1005859375 0.7958984375 0.021484375 0.017578125
0 0.00390625 0.794921875 0.0078125 0.01953125
0 0.89453125 0.794921875 0.02734375 0.03125
0 0.8134765625 0.7900390625 0.033203125 0.033203125
0 0.310546875 0.7705078125 0.015625 0.013671875
0 0.755859375 0.7783203125 0.03125 0.033203125
0 0.2294921875 0.7802734375 0.029296875 0.037109375
0 0.8701171875 0.7705078125 0.025390625 0.025390625
0 0.34375 0.7734375 0.02734375 0.03125
0 0.6962890625 0.7646484375 0.025390625 0.025390625
0 0.1591796875 0.748046875 0.033203125 0.0234375
0 0.0068359375 0.7451171875 0.013671875 0.021484375
0 0.8515625 0.7490234375 0.03125 0.037109375
0 0.357421875 0.744140625 0.02734375 0.02734375
0 0.09765625 0.740234375 0.01953125 0.0234375
0 0.04296875 0.7373046875 0.01953125 0.021484375
0 0.7734375 0.73828125 0.0234375 0.03515625
0 0.26171875 0.7353515625 0.04296875 0.056640625
0 0.70703125 0.7177734375 0.03125 0.025390625
0 0.8662109375 0.712890625 0.033203125 0.02734375
0 0.6494140625 0.7080078125 0.017578125 0.017578125
0 0.369140625 0.712890625 0.0234375 0.02734375
0 0.1396484375 0.7119140625 0.033203125 0.029296875
0 0.80859375 0.705078125 0.03125 0.03125
0 0.1044921875 0.7041015625 0.033203125 0.033203125
0 0.591796875 0.732421875 0.11328125 0.09765625
0 0.0458984375 0.6904296875 0.025390625 0.021484375
0 0.6796875 0.6865234375 0.03515625 0.037109375
0 0.3876953125 0.68359375 0.029296875 0.0390625
0 0.2099609375 0.6806640625 0.033203125 0.033203125
0 0.8212890625 0.673828125 0.029296875 0.03125
0 0.7529296875 0.6669921875 0.033203125 0.033203125
0 0.1708984375 0.6640625 0.025390625 0.02734375
0 0.05859375 0.6650390625 0.02734375 0.029296875
0 0.6533203125 0.6591796875 0.033203125 0.029296875
0 0.875 0.6552734375 0.02734375 0.029296875
0 0.4052734375 0.6494140625 0.025390625 0.029296875
0 0.3662109375 0.646484375 0.021484375 0.0234375
0 0.6328125 0.6416015625 0.03125 0.029296875
0 0.138671875 0.6416015625 0.0390625 0.033203125
0 0.845703125 0.6357421875 0.03515625 0.029296875
0 0.9697265625 0.6298828125 0.029296875 0.029296875
0 0.5771484375 0.6279296875 0.025390625 0.025390625
0 0.5341796875 0.626953125 0.021484375 0.0234375
0 0.0986328125 0.630859375 0.021484375 0.03125
0 0.724609375 0.6298828125 0.03515625 0.037109375
0 0.0263671875 0.623046875 0.029296875 0.0234375
0 0.611328125 0.6220703125 0.02734375 0.025390625
0 0.4189453125 0.6181640625 0.029296875 0.029296875
0 0.7841796875 0.611328125 0.037109375 0.03515625
0 0.857421875 0.599609375 0.0234375 0.0234375
0 0.591796875 0.6015625 0.02734375 0.02734375
0 0.4033203125 0.591796875 0.017578125 0.01953125
0 0.2900390625 0.5908203125 0.017578125 0.017578125
0 0.7646484375 0.5859375 0.021484375 0.0234375
0 0.7001953125 0.6005859375 0.056640625 0.056640625
0 0.7978515625 0.5849609375 0.033203125 0.033203125
0 0.5634765625 0.5849609375 0.033203125 0.037109375
0 0.4404296875 0.5732421875 0.033203125 0.044921875
0 0.90234375 0.560546875 0.03125 0.03125
0 0.1650390625 0.556640625 0.029296875 0.0234375
0 0.814453125 0.5595703125 0.03515625 0.033203125
0 0.921875 0.5439453125 0.03125 0.029296875
0 0.7978515625 0.537109375 0.017578125 0.01953125
0 0.84375 0.5322265625 0.02734375 0.025390625
0 0.1708984375 0.5263671875 0.029296875 0.025390625
0 0.96484375 0.5205078125 0.0390625 0.052734375
0 0.658203125 0.5244140625 0.0625 0.068359375
0 0.4833984375 0.5244140625 0.048828125 0.068359375
0 0.9912109375 0.4951171875 0.017578125 0.025390625
0 0.44921875 0.48828125 0.02734375 0.03125
0 0.537109375 0.4814453125 0.0234375 0.025390625
0 0.19140625 0.4794921875 0.0234375 0.021484375
0 0.970703125 0.478515625 0.02734375 0.02734375
0 0.12890625 0.4755859375 0.03125 0.033203125
0 0.5556640625 0.458984375 0.021484375 0.01953125
0 0.1572265625 0.4580078125 0.029296875 0.029296875
0 0.9921875 0.453125 0.015625 0.0234375
0 0.23828125 0.4462890625 0.02734375 0.025390625
0 0.572265625 0.443359375 0.03125 0.0234375
0 0.28515625 0.4423828125 0.03125 0.025390625
0 0.8505859375 0.4404296875 0.044921875 0.041015625
0 0.490234375 0.435546875 0.03515625 0.03515625
0 0.5888671875 0.4248046875 0.025390625 0.021484375
0 0.177734375 0.4287109375 0.03125 0.029296875
0 0.3525390625 0.4580078125 0.095703125 0.107421875
0 0.767578125 0.4248046875 0.06640625 0.068359375
0 0.0419921875 0.408203125 0.025390625 0.03515625
0 0.2626953125 0.400390625 0.029296875 0.0234375
0 0.611328125 0.3994140625 0.02734375 0.025390625
0 0.6328125 0.384765625 0.02734375 0.0234375
0 0.1201171875 0.3759765625 0.025390625 0.025390625
0 0.3232421875 0.3740234375 0.029296875 0.029296875
0 0.00390625 0.3671875 0.0078125 0.02734375
0 0.2265625 0.37109375 0.05078125 0.05078125
0 0.41015625 0.361328125 0.03515625 0.0390625
0 0.294921875 0.353515625 0.0234375 0.02734375
0 0.162109375 0.3447265625 0.04296875 0.029296875
0 0.3720703125 0.341796875 0.033203125 0.03515625
0 0.22265625 0.3330078125 0.01953125 0.021484375
0 0.0546875 0.3369140625 0.03125 0.029296875
0 0.5751953125 0.3447265625 0.048828125 0.048828125
0 0.6923828125 0.3251953125 0.021484375 0.021484375
0 0.005859375 0.3212890625 0.01171875 0.021484375
0 0.259765625 0.3193359375 0.02734375 0.021484375
0 0.029296875 0.3134765625 0.03515625 0.029296875
0 0.939453125 0.357421875 0.12109375 0.13671875
0 0.2236328125 0.3017578125 0.025390625 0.025390625
0 0.1103515625 0.3046875 0.033203125 0.03515625
0 0.40234375 0.283203125 0.0390625 0.01953125
0 0.009765625 0.291015625 0.01953125 0.03515625
0 0.13671875 0.279296875 0.01953125 0.01953125
0 0.3046875 0.2841796875 0.03515625 0.033203125
0 0.2099609375 0.2841796875 0.029296875 0.033203125
0 0.638671875 0.3203125 0.1015625 0.109375
0 0.1103515625 0.275390625 0.021484375 0.01953125
0 0.0810546875 0.271484375 0.033203125 0.03125
0 0.40234375 0.2587890625 0.01953125 0.021484375
0 0.3642578125 0.26171875 0.029296875 0.02734375
0 0.283203125 0.263671875 0.02734375 0.03125
0 0.17578125 0.263671875 0.03125 0.03515625
0 0.9482421875 0.2587890625 0.037109375 0.041015625
0 0.1240234375 0.24609375 0.017578125 0.01953125
0 0.263671875 0.2509765625 0.03125 0.033203125
0 0.0849609375 0.2392578125 0.029296875 0.029296875
0 0.15625 0.2421875 0.03515625 0.0390625
0 0.3232421875 0.22265625 0.029296875 0.02734375
0 0.248046875 0.22265625 0.03125 0.03125
0 0.13671875 0.21484375 0.02734375 0.02734375
0 0.423828125 0.22265625 0.046875 0.046875
0 0.0712890625 0.203125 0.017578125 0.015625
0 0.265625 0.1953125 0.015625 0.015625
0 0.2197265625 0.203125 0.037109375 0.03125
0 0.109375 0.197265625 0.03515625 0.03515625
0 0.005859375 0.1904296875 0.01171875 0.021484375
0 0.3603515625 0.1845703125 0.033203125 0.033203125
0 0.5166015625 0.17578125 0.021484375 0.0234375
0 0.7470703125 0.228515625 0.177734375 0.140625
0 0.0341796875 0.19921875 0.029296875 0.0859375
0 0.0859375 0.169921875 0.03125 0.03125
0 0.0029296875 0.158203125 0.005859375 0.0078125
0 0.189453125 0.1708984375 0.0390625 0.041015625
0 0.482421875 0.1689453125 0.046875 0.044921875
0 0.015625 0.15234375 0.015625 0.015625
0 0.3828125 0.1552734375 0.03125 0.033203125
0 0.1728515625 0.13671875 0.033203125 0.03125
0 0.1396484375 0.1328125 0.025390625 0.0234375
0 0.427734375 0.1220703125 0.02734375 0.025390625
0 0.0341796875 0.1240234375 0.025390625 0.029296875
0 0.52734375 0.115234375 0.02734375 0.02734375
0 0.2607421875 0.1142578125 0.029296875 0.033203125
0 0.1171875 0.111328125 0.03515625 0.0390625
0 0.2197265625 0.103515625 0.029296875 0.03125
0 0.013671875 0.099609375 0.02734375 0.02734375
0 0.5439453125 0.091796875 0.029296875 0.03125
0 0.095703125 0.091796875 0.03515625 0.0390625
0 0.431640625 0.0810546875 0.0234375 0.025390625
0 0.283203125 0.0771484375 0.02734375 0.033203125
0 0.19921875 0.072265625 0.03125 0.03125
0 0.818359375 0.0947265625 0.078125 0.080078125
0 0.0751953125 0.07421875 0.037109375 0.0390625
0 0.56640625 0.0673828125 0.03125 0.029296875
0 0.431640625 0.048828125 0.0234375 0.015625
0 0.3515625 0.0517578125 0.01953125 0.025390625
0 0.4990234375 0.0439453125 0.041015625 0.017578125
0 0.17578125 0.05078125 0.03515625 0.03125
0 0.5869140625 0.0439453125 0.029296875 0.033203125
0 0.267578125 0.0390625 0.03125 0.03125
0 0.3525390625 0.0224609375 0.029296875 0.021484375
0 0.4287109375 0.01953125 0.021484375 0.0234375
0 0.1572265625 0.0234375 0.033203125 0.03125
0 0.60546875 0.0205078125 0.02734375 0.029296875
0 0.4970703125 0.015625 0.041015625 0.01953125
0 0.2392578125 0.01953125 0.033203125 0.03125
0 0.0751953125 0.02734375 0.052734375 0.05078125
0 0.6298828125 0.001953125 0.005859375 0.00390625
0 0.3935546875 0.001953125 0.017578125 0.00390625
0 0.2900390625 0.0068359375 0.021484375 0.013671875
0 0.216796875 0.0078125 0.02734375 0.015625
0 0.1123046875 0.00390625 0.013671875 0.0078125
0 0.0029296875 0.0048828125 0.005859375 0.009765625