0 0.248046875 0.998046875 0.0078125 0.00390625
0 0.7333984375 0.9970703125 0.009765625 0.005859375
0 0.216796875 0.990234375 0.02734375 0.01953125
0 0.8583984375 0.9775390625 0.064453125 0.044921875
0 0.146484375 0.9716796875 0.1171875 0.056640625
0 0.7080078125 0.947265625 0.068359375 0.0390625
0 0.96484375 0.9619140625 0.0703125 0.076171875
0 0.9248046875 0.9462890625 0.033203125 0.044921875
0 0.9951171875 0.94921875 0.009765625 0.0546875
0 0.8974609375 0.923828125 0.021484375 0.03515625
0 0.84375 0.92578125 0.0859375 0.07421875
0 0.560546875 0.943359375 0.0625 0.11328125
0 0.0341796875 0.921875 0.068359375 0.078125
0 0.1611328125 0.884765625 0.072265625 0.04296875
0 0.2138671875 0.875 0.025390625 0.03515625
0 0.2119140625 0.837890625 0.017578125 0.0234375
0 0.298828125 0.841796875 0.0234375 0.0390625
0 0.279296875 0.8466796875 0.02734375 0.048828125
0 0.3193359375 0.8349609375 0.025390625 0.033203125
0 0.86328125 0.8154296875 0.04296875 0.044921875
0 0.3486328125 0.8095703125 0.041015625 0.037109375
0 0.9853515625 0.7978515625 0.025390625 0.041015625
0 0.6708984375 0.814453125 0.126953125 0.12109375
0 0.98046875 0.7568359375 0.01953125 0.021484375
0 0.7958984375 0.7958984375 0.072265625 0.103515625
0 0.9443359375 0.77734375 0.044921875 0.1015625
0 0.388671875 0.728515625 0.0234375 0.0234375
0 0.0791015625 0.7958984375 0.158203125 0.169921875
0 0.97265625 0.7216796875 0.01953125 0.025390625
0 0.9912109375 0.7158203125 0.017578125 0.025390625
0 0.9345703125 0.7138671875 0.041015625 0.021484375
0 0.0087890625 0.7119140625 0.017578125 0.041015625
0 0.49609375 0.8359375 0.26953125 0.30859375
0 0.8466796875 0.7001953125 0.064453125 0.048828125
0 0.9248046875 0.68359375 0.033203125 0.0234375
0 0.4599609375 0.705078125 0.095703125 0.07421875
0 0.740234375 0.712890625 0.10546875 0.109375
0 0.408203125 0.677734375 0.05859375 0.04296875
0 0.9775390625 0.6611328125 0.044921875 0.029296875
0 0.4375 0.6591796875 0.0234375 0.029296875
0 0.916015625 0.6494140625 0.03515625 0.025390625
0 0.458984375 0.64453125 0.0234375 0.02734375
0 0.685546875 0.638671875 0.04296875 0.04296875
0 0.48046875 0.6279296875 0.01953125 0.021484375
0 0.9150390625 0.6201171875 0.041015625 0.025390625
0 0.97265625 0.619140625 0.0546875 0.03125
0 0.5048828125 0.6201171875 0.037109375 0.037109375
0 0.712890625 0.615234375 0.04296875 0.04296875
0 0.0224609375 0.6083984375 0.037109375 0.037109375
0 0.640625 0.6376953125 0.078125 0.103515625
0 0.9072265625 0.58984375 0.029296875 0.03125
0 0.1962890625 0.640625 0.072265625 0.13671875
0 0.1220703125 0.625 0.064453125 0.109375
0 0.9599609375 0.5849609375 0.041015625 0.033203125
0 0.9931640625 0.580078125 0.013671875 0.02734375
0 0.0673828125 0.611328125 0.060546875 0.08984375
0 0.6787109375 0.580078125 0.041015625 0.04296875
0 0.0234375 0.55859375 0.046875 0.04296875
0 0.619140625 0.548828125 0.03515625 0.03515625
0 0.451171875 0.5673828125 0.07421875 0.076171875
0 0.005859375 0.5380859375 0.01171875 0.021484375
0 0.7392578125 0.5654296875 0.103515625 0.095703125
0 0.8642578125 0.533203125 0.025390625 0.03515625
0 0.998046875 0.51953125 0.00390625 0.01171875
0 0.837890625 0.5322265625 0.0234375 0.044921875
0 0.8935546875 0.52734375 0.029296875 0.04296875
0 0.923828125 0.5234375 0.03125 0.04296875
0 0.5712890625 0.5517578125 0.087890625 0.099609375
0 0.259765625 0.5166015625 0.02734375 0.041015625
0 0.31640625 0.5087890625 0.04296875 0.041015625
0 0.3671875 0.5048828125 0.03125 0.044921875
0 0.7890625 0.5068359375 0.0546875 0.060546875
0 0.4013671875 0.4921875 0.041015625 0.046875
0 0.8017578125 0.4814453125 0.029296875 0.029296875
0 0.255859375 0.4794921875 0.04296875 0.029296875
0 0.826171875 0.466796875 0.02734375 0.03125
0 0.2119140625 0.4921875 0.072265625 0.0859375
0 0.8515625 0.4580078125 0.02734375 0.033203125
0 0.37890625 0.4599609375 0.0625 0.041015625
0 0.8779296875 0.4482421875 0.029296875 0.033203125
0 0.4873046875 0.451171875 0.052734375 0.05078125
0 0.216796875 0.4404296875 0.04296875 0.029296875
0 0.7080078125 0.455078125 0.056640625 0.0625
0 0.2783203125 0.44140625 0.033203125 0.03515625
0 0.2490234375 0.435546875 0.021484375 0.02734375
0 0.029296875 0.4443359375 0.04296875 0.044921875
0 0.9091796875 0.4365234375 0.029296875 0.033203125
0 0.37109375 0.4287109375 0.03515625 0.037109375
0 0.99609375 0.4208984375 0.0078125 0.025390625
0 0.11328125 0.4638671875 0.14453125 0.138671875
0 0.001953125 0.39453125 0.00390625 0.00390625
0 0.7421875 0.4150390625 0.0546875 0.052734375
0 0.3701171875 0.3896484375 0.041015625 0.025390625
0 0.63671875 0.4189453125 0.125 0.091796875
0 0.1435546875 0.3896484375 0.099609375 0.037109375
0 0.029296875 0.3837890625 0.02734375 0.025390625
0 0.3154296875 0.3798828125 0.021484375 0.025390625
0 0.0595703125 0.376953125 0.025390625 0.03125
0 0.1884765625 0.3701171875 0.029296875 0.021484375
0 0.48046875 0.3779296875 0.06640625 0.041015625
0 0.7724609375 0.3720703125 0.041015625 0.041015625
0 0.123046875 0.3583984375 0.0390625 0.025390625
0 0.3681640625 0.3564453125 0.037109375 0.037109375
0 0.0703125 0.345703125 0.03515625 0.02734375
0 0.3310546875 0.34375 0.025390625 0.02734375
0 0.4619140625 0.34375 0.041015625 0.03515625
0 0.1953125 0.337890625 0.03125 0.03125
0 0.0166015625 0.326171875 0.025390625 0.02734375
0 0.1337890625 0.3232421875 0.033203125 0.029296875
0 0.2900390625 0.36328125 0.056640625 0.1171875
0 0.62109375 0.330078125 0.046875 0.0625
0 0.0810546875 0.3076171875 0.033203125 0.025390625
0 0.236328125 0.361328125 0.06640625 0.13671875
0 0.208984375 0.3037109375 0.03125 0.033203125
0 0.7021484375 0.33984375 0.083984375 0.12890625
0 0.0263671875 0.2919921875 0.025390625 0.033203125
0 0.4794921875 0.2861328125 0.021484375 0.025390625
0 0.1376953125 0.28515625 0.029296875 0.03125
0 0.5458984375 0.298828125 0.021484375 0.0625
0 0.9443359375 0.30859375 0.064453125 0.09765625
0 0.0908203125 0.26953125 0.033203125 0.02734375
0 0.361328125 0.2666015625 0.05078125 0.056640625
0 0.2919921875 0.2548828125 0.025390625 0.033203125
0 0.994140625 0.2470703125 0.01171875 0.021484375
0 0.03125 0.2509765625 0.03125 0.033203125
0 0.267578125 0.248046875 0.0234375 0.03125
0 0.3212890625 0.236328125 0.029296875 0.0234375
0 0.2255859375 0.2353515625 0.052734375 0.041015625
0 0.1884765625 0.2275390625 0.029296875 0.033203125
0 0.15625 0.21875 0.02734375 0.03125
0 0.3837890625 0.21484375 0.029296875 0.0546875
0 0.8330078125 0.2509765625 0.115234375 0.142578125
0 0.3076171875 0.1943359375 0.029296875 0.041015625
0 0.2685546875 0.1875 0.025390625 0.03515625
0 0.0576171875 0.181640625 0.025390625 0.02734375
0 0.2333984375 0.17578125 0.029296875 0.03515625
0 0.20703125 0.162109375 0.02734375 0.0390625
0 0.8447265625 0.1630859375 0.123046875 0.052734375
0 0.9619140625 0.181640625 0.076171875 0.1328125
0 0.126953125 0.169921875 0.125 0.11328125
0 0.357421875 0.1337890625 0.09375 0.072265625
0 0.3017578125 0.1123046875 0.025390625 0.037109375
0 0.00390625 0.107421875 0.0078125 0.02734375
0 0.857421875 0.1181640625 0.12109375 0.052734375
0 0.2744140625 0.107421875 0.025390625 0.03125
0 0.2509765625 0.095703125 0.025390625 0.03125
0 0.990234375 0.091796875 0.01953125 0.02734375
0 0.337890625 0.0859375 0.0234375 0.01953125
0 0.2216796875 0.0947265625 0.029296875 0.041015625
0 0.1806640625 0.0908203125 0.044921875 0.041015625
0 0.060546875 0.08203125 0.03515625 0.03515625
0 0.3701171875 0.0771484375 0.029296875 0.029296875
0 0.1337890625 0.078125 0.033203125 0.03515625
0 0.2783203125 0.0654296875 0.021484375 0.017578125
0 0.2001953125 0.064453125 0.021484375 0.01953125
0 0.3154296875 0.0478515625 0.029296875 0.041015625
0 0.14453125 0.0361328125 0.03125 0.025390625
0 0.07421875 0.0400390625 0.04296875 0.033203125
0 0.98828125 0.0341796875 0.0234375 0.025390625
0 0.8779296875 0.0673828125 0.123046875 0.095703125
0 0.2841796875 0.0283203125 0.029296875 0.029296875
0 0.015625 0.0400390625 0.03125 0.056640625
0 0.2451171875 0.0205078125 0.033203125 0.033203125
0 0.6640625 0.1083984375 0.3046875 0.216796875
0 0.6455078125 0.0146484375 0.052734375 0.029296875
0 0.607421875 0.005859375 0.015625 0.01171875
0 0.583984375 0.0029296875 0.01953125 0.005859375
0 0.486328125 0.0283203125 0.05078125 0.056640625
0 0.400390625 0.01171875 0.0546875 0.0234375
0 0.36328125 0.001953125 0.01171875 0.00390625
0 0.2138671875 0.015625 0.025390625 0.03125
0 0.1845703125 0.01171875 0.025390625 0.0234375
0 0.154296875 0.0078125 0.03125 0.015625