0 0.1640625 0.99609375 0.01953125 0.0078125
0 0.19140625 0.990234375 0.0234375 0.01953125
0 0.8056640625 0.9873046875 0.033203125 0.025390625
0 0.0654296875 0.984375 0.021484375 0.01953125
0 0.21875 0.9794921875 0.02734375 0.025390625
0 0.0947265625 0.970703125 0.025390625 0.0234375
0 0.0087890625 0.9609375 0.017578125 0.0234375
0 0.12109375 0.958984375 0.0234375 0.0234375
0 0.9697265625 0.95703125 0.060546875 0.0546875
0 0.1484375 0.94140625 0.0234375 0.0234375
0 0.0712890625 0.927734375 0.017578125 0.01953125
0 0.8759765625 0.9453125 0.123046875 0.0625
0 0.1708984375 0.9189453125 0.025390625 0.025390625
0 0.0751953125 0.892578125 0.021484375 0.01953125
0 0.19921875 0.8974609375 0.01953125 0.033203125
0 0.9736328125 0.8740234375 0.037109375 0.029296875
0 0.1298828125 0.857421875 0.017578125 0.01953125
0 0.1025390625 0.849609375 0.017578125 0.01953125
0 0.072265625 0.849609375 0.01953125 0.01953125
0 0.986328125 0.822265625 0.02734375 0.02734375
0 0.015625 0.8544921875 0.03125 0.154296875
0 0.1376953125 0.78515625 0.017578125 0.01953125
0 0.0791015625 0.7861328125 0.021484375 0.021484375
0 0.107421875 0.7841796875 0.01953125 0.025390625
0 0.109375 0.4423828125 0.0390625 0.068359375
0 0.0205078125 0.4892578125 0.041015625 0.166015625
0 0.0419921875 0.3798828125 0.021484375 0.021484375
0 0.0263671875 0.34765625 0.029296875 0.01953125
0 0.1220703125 0.3173828125 0.021484375 0.025390625
0 0.015625 0.3046875 0.02734375 0.01953125
0 0.060546875 0.2822265625 0.03125 0.017578125
0 0.1357421875 0.2822265625 0.021484375 0.025390625
0 0.146484375 0.2431640625 0.0234375 0.025390625
0 0.0693359375 0.2421875 0.056640625 0.0390625
0 0.0478515625 0.216796875 0.017578125 0.015625
0 0.087890625 0.1904296875 0.0234375 0.017578125
0 0.099609375 0.1669921875 0.0234375 0.021484375
0 0.005859375 0.1650390625 0.01171875 0.017578125
0 0.11328125 0.142578125 0.0234375 0.0234375
0 0.02734375 0.103515625 0.01953125 0.015625
0 0.130859375 0.10546875 0.01953125 0.0234375
0 0.2265625 0.099609375 0.01953125 0.015625
0 0.193359375 0.119140625 0.03515625 0.0546875
0 0.14453125 0.080078125 0.0234375 0.0234375
0 0.2138671875 0.0712890625 0.041015625 0.033203125
0 0.1572265625 0.0478515625 0.025390625 0.021484375
0 0.2236328125 0.0419921875 0.033203125 0.029296875
0 0.0478515625 0.029296875 0.017578125 0.015625
0 0.5791015625 0.2490234375 0.404296875 0.498046875
0 0.2431640625 0.0146484375 0.029296875 0.029296875
0 0.1474609375 0.0087890625 0.021484375 0.017578125