0 0.6484375 0.9970703125 0.046875 0.005859375
0 0.513671875 0.9970703125 0.03515625 0.005859375
0 0.833984375 0.994140625 0.01953125 0.01171875
0 0.9482421875 0.9921875 0.037109375 0.015625
0 0.5556640625 0.9873046875 0.029296875 0.025390625
0 0.513671875 0.98046875 0.0234375 0.015625
0 0.625 0.9853515625 0.0546875 0.029296875
0 0.5673828125 0.962890625 0.037109375 0.0234375
0 0.6611328125 0.951171875 0.033203125 0.03125
0 0.6220703125 0.9384765625 0.029296875 0.041015625
0 0.51953125 0.94140625 0.02734375 0.046875
0 0.6572265625 0.9189453125 0.033203125 0.021484375
0 0.9970703125 0.90234375 0.005859375 0.0078125
0 0.8837890625 0.9365234375 0.185546875 0.091796875
0 0.7431640625 0.9453125 0.080078125 0.109375
0 0.98828125 0.8828125 0.0234375 0.03125
0 0.9677734375 0.873046875 0.025390625 0.03125
0 0.9462890625 0.8701171875 0.017578125 0.025390625
0 0.923828125 0.8623046875 0.03125 0.033203125
0 0.99609375 0.849609375 0.0078125 0.015625
0 0.8955078125 0.8583984375 0.025390625 0.033203125
0 0.591796875 0.861328125 0.171875 0.0703125
0 0.4423828125 0.8251953125 0.017578125 0.025390625
0 0.41015625 0.896484375 0.1484375 0.171875
0 0.98046875 0.826171875 0.0390625 0.0390625
0 0.4130859375 0.7763671875 0.162109375 0.029296875
0 0.525390625 0.779296875 0.04296875 0.046875
0 0.98828125 0.7685546875 0.0234375 0.029296875
0 0.9794921875 0.7333984375 0.017578125 0.021484375
0 0.5673828125 0.728515625 0.119140625 0.0390625
0 0.9970703125 0.708984375 0.005859375 0.01171875
0 0.646484375 0.7509765625 0.03125 0.107421875
0 0.37109375 0.7255859375 0.05078125 0.056640625
0 0.986328125 0.689453125 0.02734375 0.03125
0 0.6533203125 0.6650390625 0.037109375 0.017578125
0 0.9560546875 0.6748046875 0.037109375 0.041015625
0 0.5908203125 0.6640625 0.021484375 0.01953125
0 0.46484375 0.6689453125 0.0234375 0.041015625
0 0.7412109375 0.6591796875 0.037109375 0.025390625
0 0.998046875 0.6455078125 0.00390625 0.005859375
0 0.9267578125 0.6552734375 0.025390625 0.029296875
0 0.58984375 0.6416015625 0.02734375 0.017578125
0 0.654296875 0.640625 0.03515625 0.01953125
0 0.9853515625 0.6279296875 0.025390625 0.029296875
0 0.7265625 0.623046875 0.03125 0.01953125
0 0.6611328125 0.6201171875 0.029296875 0.017578125
0 0.529296875 0.6279296875 0.0390625 0.041015625
0 0.80859375 0.724609375 0.1953125 0.2421875
0 0.9658203125 0.6142578125 0.029296875 0.037109375
0 0.935546875 0.6015625 0.0234375 0.03125
0 0.658203125 0.5947265625 0.03515625 0.017578125
0 0.625 0.59375 0.015625 0.015625
0 0.595703125 0.59765625 0.03125 0.0234375
0 0.5673828125 0.5966796875 0.021484375 0.021484375
0 0.5283203125 0.5927734375 0.048828125 0.021484375
0 0.9091796875 0.5869140625 0.025390625 0.029296875
0 0.734375 0.580078125 0.05078125 0.04296875
0 0.880859375 0.57421875 0.02734375 0.03515625
0 0.919921875 0.5537109375 0.05078125 0.025390625
0 0.990234375 0.548828125 0.01953125 0.02734375
0 0.6708984375 0.5458984375 0.017578125 0.021484375
0 0.55859375 0.54296875 0.0234375 0.01953125
0 0.845703125 0.5546875 0.046875 0.046875
0 0.52734375 0.5439453125 0.03125 0.025390625
0 0.638671875 0.54296875 0.02734375 0.02734375
0 0.587890625 0.5390625 0.02734375 0.01953125
0 0.9609375 0.53515625 0.01953125 0.0234375
0 0.9443359375 0.52734375 0.025390625 0.03125
0 0.8720703125 0.52734375 0.025390625 0.03515625
0 0.78125 0.5322265625 0.0703125 0.044921875
0 0.46875 0.5302734375 0.03515625 0.041015625
0 0.6552734375 0.5166015625 0.029296875 0.017578125
0 0.609375 0.52734375 0.0234375 0.0390625
0 0.52734375 0.51171875 0.02734375 0.01171875
0 0.916015625 0.51953125 0.03515625 0.046875
0 0.896484375 0.5078125 0.02734375 0.03515625
0 0.724609375 0.509765625 0.03125 0.0390625
0 0.759765625 0.4951171875 0.03515625 0.029296875
0 0.9921875 0.4912109375 0.015625 0.025390625
0 0.662109375 0.4921875 0.02734375 0.02734375
0 0.8544921875 0.482421875 0.021484375 0.0234375
0 0.7265625 0.474609375 0.03515625 0.02734375
0 0.97265625 0.474609375 0.02734375 0.03515625
0 0.9501953125 0.4697265625 0.025390625 0.025390625
0 0.54296875 0.4755859375 0.0390625 0.041015625
0 0.8125 0.4716796875 0.0546875 0.052734375
0 0.65234375 0.4541015625 0.0390625 0.021484375
0 0.72265625 0.4482421875 0.0234375 0.021484375
0 0.9912109375 0.4462890625 0.017578125 0.025390625
0 0.7666015625 0.4501953125 0.037109375 0.041015625
0 0.53125 0.4375 0.03515625 0.01953125
0 0.908203125 0.4443359375 0.05859375 0.044921875
0 0.9677734375 0.4208984375 0.029296875 0.025390625
0 0.72265625 0.421875 0.0234375 0.02734375
0 0.998046875 0.4072265625 0.00390625 0.005859375
0 0.8623046875 0.4228515625 0.041015625 0.041015625
0 0.6572265625 0.4140625 0.025390625 0.0234375
0 0.576171875 0.419921875 0.02734375 0.03515625
0 0.6171875 0.40625 0.015625 0.015625
0 0.828125 0.41015625 0.02734375 0.03125
0 0.5322265625 0.404296875 0.033203125 0.01953125
0 0.99609375 0.3935546875 0.0078125 0.017578125
0 0.6640625 0.3916015625 0.03515625 0.017578125
0 0.8779296875 0.392578125 0.041015625 0.03125
0 0.8095703125 0.39453125 0.029296875 0.0390625
0 0.9775390625 0.390625 0.029296875 0.03515625
0 0.9560546875 0.3818359375 0.025390625 0.033203125
0 0.7861328125 0.3857421875 0.029296875 0.041015625
0 0.6201171875 0.3759765625 0.017578125 0.021484375
0 0.5439453125 0.37890625 0.021484375 0.02734375
0 0.6650390625 0.37109375 0.033203125 0.015625
0 0.5986328125 0.3759765625 0.017578125 0.025390625
0 0.568359375 0.3759765625 0.01953125 0.025390625
0 0.5234375 0.376953125 0.015625 0.03125
0 0.7568359375 0.373046875 0.033203125 0.04296875
0 0.8125 0.3583984375 0.0234375 0.017578125
0 0.7255859375 0.359375 0.033203125 0.02734375
0 0.92578125 0.365234375 0.0390625 0.04296875
0 0.8896484375 0.3505859375 0.044921875 0.052734375
0 0.6552734375 0.326171875 0.037109375 0.01953125
0 0.8447265625 0.3291015625 0.033203125 0.041015625
0 0.7216796875 0.32421875 0.033203125 0.03125
0 0.8271484375 0.3193359375 0.025390625 0.037109375
0 0.5810546875 0.3154296875 0.033203125 0.033203125
0 0.54296875 0.314453125 0.03125 0.03125
0 0.806640625 0.3115234375 0.02734375 0.033203125
0 0.615234375 0.310546875 0.02734375 0.04296875
0 0.6689453125 0.296875 0.033203125 0.01953125
0 0.78515625 0.3017578125 0.02734375 0.033203125
0 0.7333984375 0.298828125 0.037109375 0.02734375
0 0.765625 0.291015625 0.02734375 0.03125
0 0.5361328125 0.2841796875 0.029296875 0.017578125
0 0.986328125 0.3056640625 0.02734375 0.072265625
0 0.314453125 0.4072265625 0.33203125 0.283203125
0 0.4765625 0.2705078125 0.0234375 0.025390625
0 0.8984375 0.2734375 0.02734375 0.03515625
0 0.7373046875 0.26953125 0.037109375 0.03125
0 0.8759765625 0.2626953125 0.029296875 0.037109375
0 0.5341796875 0.2587890625 0.017578125 0.029296875
0 0.4541015625 0.2548828125 0.021484375 0.021484375
0 0.908203125 0.2470703125 0.0234375 0.021484375
0 0.666015625 0.2587890625 0.0390625 0.048828125
0 0.369140625 0.28125 0.1640625 0.09375
0 0.8525390625 0.2509765625 0.029296875 0.037109375
0 0.83203125 0.2451171875 0.03125 0.037109375
0 0.599609375 0.25 0.07421875 0.046875
0 0.4814453125 0.2373046875 0.025390625 0.029296875
0 0.8134765625 0.2333984375 0.029296875 0.041015625
0 0.5341796875 0.2197265625 0.033203125 0.021484375
0 0.79296875 0.224609375 0.02734375 0.03515625
0 0.4169921875 0.21484375 0.025390625 0.0234375
0 0.966796875 0.2392578125 0.06640625 0.087890625
0 0.2763671875 0.228515625 0.048828125 0.0703125
0 0.7685546875 0.2109375 0.025390625 0.0390625
0 0.5615234375 0.2001953125 0.017578125 0.025390625
0 0.6650390625 0.1962890625 0.041015625 0.029296875
0 0.3701171875 0.2021484375 0.044921875 0.041015625
0 0.1533203125 0.2041015625 0.041015625 0.052734375
0 0.537109375 0.1826171875 0.0234375 0.017578125
0 0.4833984375 0.189453125 0.037109375 0.03125
0 0.748046875 0.1962890625 0.046875 0.052734375
0 0.59765625 0.1845703125 0.03515625 0.029296875
0 0.6708984375 0.166015625 0.037109375 0.02734375
0 0.54296875 0.1533203125 0.0234375 0.017578125
0 0.4892578125 0.158203125 0.025390625 0.03125
0 0.892578125 0.1884765625 0.12109375 0.099609375
0 0.22265625 0.162109375 0.0703125 0.05078125
0 0.8291015625 0.1494140625 0.033203125 0.044921875
0 0.544921875 0.134765625 0.0234375 0.01953125
0 0.994140625 0.134765625 0.01171875 0.04296875
0 0.6181640625 0.125 0.033203125 0.03515625
0 0.2958984375 0.1162109375 0.021484375 0.025390625
0 0.56640625 0.111328125 0.04296875 0.02734375
0 0.271484375 0.1044921875 0.0234375 0.025390625
0 0.2421875 0.0927734375 0.0234375 0.021484375
0 0.5615234375 0.0849609375 0.029296875 0.021484375
0 0.419921875 0.087890625 0.0234375 0.03125
0 0.2978515625 0.08203125 0.029296875 0.02734375
0 0.775390625 0.1103515625 0.10546875 0.087890625
0 0.498046875 0.0830078125 0.03515625 0.037109375
0 0.1123046875 0.1123046875 0.060546875 0.095703125
0 0.400390625 0.078125 0.02734375 0.03125
0 0.681640625 0.095703125 0.05078125 0.078125
0 0.2685546875 0.06640625 0.017578125 0.0234375
0 0.3701171875 0.07421875 0.037109375 0.04296875
0 0.5576171875 0.060546875 0.033203125 0.0234375
0 0.5009765625 0.048828125 0.029296875 0.02734375
0 0.0517578125 0.0908203125 0.103515625 0.119140625
0 0.6416015625 0.0478515625 0.033203125 0.037109375
0 0.9189453125 0.0830078125 0.134765625 0.111328125
0 0.435546875 0.041015625 0.02734375 0.03515625
0 0.3857421875 0.0380859375 0.029296875 0.029296875
0 0.208984375 0.0546875 0.06640625 0.0859375
0 0.833984375 0.04296875 0.0625 0.0703125
0 0.3212890625 0.0390625 0.048828125 0.06640625
0 0.9697265625 0.0224609375 0.060546875 0.044921875
0 0.78125 0.0087890625 0.03125 0.017578125
0 0.6904296875 0.0107421875 0.056640625 0.021484375
0 0.5849609375 0.025390625 0.087890625 0.05078125
0 0.5078125 0.0068359375 0.03515625 0.013671875
0 0.4599609375 0.0048828125 0.021484375 0.009765625
0 0.3974609375 0.013671875 0.029296875 0.02734375
0 0.3447265625 0.0068359375 0.029296875 0.013671875
0 0.2431640625 0.0048828125 0.021484375 0.009765625
0 0.1474609375 0.0185546875 0.041015625 0.037109375
0 0.0478515625 0.013671875 0.060546875 0.02734375