0 0.6142578125 0.998046875 0.005859375 0.00390625
0 0.947265625 0.9970703125 0.0078125 0.005859375
0 0.01953125 0.99609375 0.015625 0.0078125
0 0.767578125 0.9931640625 0.0234375 0.013671875
0 0.482421875 0.9931640625 0.02734375 0.013671875
0 0.224609375 0.9912109375 0.02734375 0.017578125
0 0.1279296875 0.990234375 0.029296875 0.01953125
0 0.7392578125 0.9892578125 0.033203125 0.021484375
0 0.3427734375 0.9873046875 0.033203125 0.025390625
0 0.5556640625 0.984375 0.029296875 0.03125
0 0.70703125 0.982421875 0.03125 0.03125
0 0.8349609375 0.9765625 0.033203125 0.02734375
0 0.048828125 0.978515625 0.03125 0.03125
0 0.6728515625 0.974609375 0.037109375 0.03125
0 0.517578125 0.96484375 0.02734375 0.0234375
0 0.25390625 0.9658203125 0.03515625 0.033203125
0 0.158203125 0.9638671875 0.03515625 0.029296875
0 0.8681640625 0.9580078125 0.029296875 0.033203125
0 0.3740234375 0.9541015625 0.037109375 0.037109375
0 0.796875 0.947265625 0.03125 0.03125
0 0.4755859375 0.9482421875 0.033203125 0.033203125
0 0.0771484375 0.947265625 0.033203125 0.03125
0 0.6142578125 0.935546875 0.033203125 0.02734375
0 0.279296875 0.9375 0.03125 0.03515625
0 0.185546875 0.9345703125 0.03515625 0.029296875
0 0.7216796875 0.935546875 0.037109375 0.04296875
0 0.5732421875 0.923828125 0.033203125 0.02734375
0 0.396484375 0.9208984375 0.0234375 0.033203125
0 0.369140625 0.9130859375 0.01953125 0.021484375
0 0.109375 0.9150390625 0.0390625 0.037109375
0 0.8837890625 0.9111328125 0.029296875 0.033203125
0 0.8046875 0.91015625 0.03515625 0.03515625
0 0.9892578125 0.916015625 0.021484375 0.05078125
0 0.537109375 0.90625 0.03125 0.03125
0 0.306640625 0.9033203125 0.02734375 0.029296875
0 0.654296875 0.9013671875 0.03125 0.033203125
0 0.0107421875 0.8984375 0.021484375 0.02734375
0 0.7509765625 0.9033203125 0.041015625 0.041015625
0 0.2197265625 0.8984375 0.029296875 0.03125
0 0.9580078125 0.896484375 0.044921875 0.03515625
0 0.3427734375 0.8916015625 0.033203125 0.025390625
0 0.50390625 0.890625 0.02734375 0.02734375
0 0.134765625 0.888671875 0.03125 0.03125
0 0.841796875 0.8798828125 0.02734375 0.033203125
0 0.4658203125 0.8740234375 0.029296875 0.021484375
0 0.7763671875 0.8779296875 0.037109375 0.037109375
0 0.9111328125 0.8740234375 0.029296875 0.037109375
0 0.6025390625 0.8681640625 0.029296875 0.025390625
0 0.0478515625 0.87109375 0.033203125 0.03515625
0 0.2470703125 0.8681640625 0.033203125 0.033203125
0 0.482421875 0.857421875 0.015625 0.015625
0 0.4267578125 0.8564453125 0.033203125 0.025390625
0 0.1640625 0.8564453125 0.03125 0.029296875
0 0.796875 0.8515625 0.03515625 0.0390625
0 0.5654296875 0.8447265625 0.033203125 0.025390625
0 0.0126953125 0.8466796875 0.025390625 0.033203125
0 0.8662109375 0.84375 0.029296875 0.03515625
0 0.3896484375 0.8388671875 0.033203125 0.029296875
0 0.0771484375 0.8359375 0.029296875 0.03125
0 0.529296875 0.830078125 0.03125 0.02734375
0 0.2724609375 0.830078125 0.025390625 0.02734375
0 0.345703125 0.8251953125 0.02734375 0.033203125
0 0.19140625 0.82421875 0.03125 0.03125
0 0.8291015625 0.8203125 0.044921875 0.03515625
0 0.490234375 0.814453125 0.03125 0.0234375
0 0.7314453125 0.814453125 0.029296875 0.03125
0 0.017578125 0.8095703125 0.0234375 0.025390625
0 0.6357421875 0.8115234375 0.029296875 0.033203125
0 0.4521484375 0.7978515625 0.033203125 0.029296875
0 0.0927734375 0.802734375 0.044921875 0.04296875
0 0.7607421875 0.7900390625 0.033203125 0.029296875
0 0.2255859375 0.7880859375 0.033203125 0.029296875
0 0.4140625 0.783203125 0.03515625 0.03515625
0 0.68359375 0.78125 0.04296875 0.0390625
0 0.3564453125 0.7744140625 0.029296875 0.037109375
0 0.548828125 0.765625 0.02734375 0.0234375
0 0.2822265625 0.767578125 0.029296875 0.03125
0 0.130859375 0.7666015625 0.03125 0.029296875
0 0.794921875 0.7568359375 0.03125 0.033203125
0 0.0341796875 0.7529296875 0.021484375 0.025390625
0 0.5078125 0.7548828125 0.03515625 0.033203125
0 0.5947265625 0.75390625 0.033203125 0.03515625
0 0.5732421875 0.736328125 0.017578125 0.01953125
0 0.4775390625 0.7392578125 0.029296875 0.029296875
0 0.16796875 0.7412109375 0.03515625 0.033203125
0 0.060546875 0.7333984375 0.02734375 0.029296875
0 0.6220703125 0.7265625 0.033203125 0.02734375
0 0.439453125 0.7236328125 0.03515625 0.025390625
0 0.203125 0.7099609375 0.03515625 0.025390625
0 0.0908203125 0.7138671875 0.041015625 0.041015625
0 0.60546875 0.6982421875 0.01953125 0.017578125
0 0.4091796875 0.7021484375 0.025390625 0.025390625
0 0.6708984375 0.697265625 0.033203125 0.03125
0 0.2890625 0.6845703125 0.03125 0.021484375
0 0.2431640625 0.6904296875 0.037109375 0.037109375
0 0.0068359375 0.6845703125 0.013671875 0.025390625
0 0.9384765625 0.7470703125 0.123046875 0.154296875
0 0.5498046875 0.6875 0.041015625 0.03515625
0 0.7607421875 0.6884765625 0.037109375 0.041015625
0 0.8818359375 0.7021484375 0.080078125 0.080078125
0 0.369140625 0.6806640625 0.02734375 0.041015625
0 0.123046875 0.671875 0.03515625 0.0390625
0 0.6796875 0.6650390625 0.01953125 0.029296875
0 0.4853515625 0.666015625 0.025390625 0.03515625
0 0.2978515625 0.65234375 0.017578125 0.01171875
0 0.8623046875 0.6552734375 0.041015625 0.037109375
0 0.0234375 0.6533203125 0.046875 0.044921875
0 0.169921875 0.638671875 0.04296875 0.03515625
0 0.4658203125 0.6328125 0.029296875 0.02734375
0 0.2109375 0.619140625 0.03125 0.01953125
0 0.2470703125 0.6181640625 0.029296875 0.021484375
0 0.681640625 0.6162109375 0.01953125 0.029296875
0 0.630859375 0.6171875 0.01953125 0.03125
0 0.0634765625 0.619140625 0.029296875 0.03515625
0 0.904296875 0.615234375 0.03515625 0.03125
0 0.3896484375 0.619140625 0.025390625 0.0390625
0 0.294921875 0.6142578125 0.046875 0.033203125
0 0.5576171875 0.611328125 0.017578125 0.03515625
0 0.033203125 0.5849609375 0.0390625 0.037109375
0 0.537109375 0.5703125 0.03125 0.0234375
0 0.12890625 0.5712890625 0.03125 0.033203125
0 0.6767578125 0.5712890625 0.029296875 0.037109375
0 0.822265625 0.5927734375 0.11328125 0.091796875
0 0.884765625 0.564453125 0.05078125 0.0546875
0 0.619140625 0.5517578125 0.03515625 0.033203125
0 0.2568359375 0.5419921875 0.029296875 0.025390625
0 0.0166015625 0.546875 0.025390625 0.03515625
0 0.09375 0.5439453125 0.03515625 0.033203125
0 0.177734375 0.5390625 0.0390625 0.02734375
0 0.4912109375 0.544921875 0.064453125 0.04296875
0 0.986328125 0.5419921875 0.02734375 0.041015625
0 0.7646484375 0.546875 0.052734375 0.05078125
0 0.8671875 0.5302734375 0.0390625 0.041015625
0 0.5859375 0.5244140625 0.03125 0.029296875
0 0.6494140625 0.5224609375 0.029296875 0.029296875
0 0.4306640625 0.52734375 0.037109375 0.0390625
0 0.234375 0.5126953125 0.02734375 0.033203125
0 0.9697265625 0.5185546875 0.041015625 0.048828125
0 0.009765625 0.5068359375 0.01953125 0.041015625
0 0.451171875 0.494140625 0.03515625 0.03125
0 0.337890625 0.4951171875 0.04296875 0.033203125
0 0.076171875 0.501953125 0.02734375 0.046875
0 0.8486328125 0.4990234375 0.052734375 0.052734375
0 0.5537109375 0.4912109375 0.029296875 0.037109375
0 0.21484375 0.4892578125 0.03125 0.033203125
0 0.6162109375 0.4833984375 0.025390625 0.025390625
0 0.734375 0.501953125 0.06640625 0.06640625
0 0.939453125 0.482421875 0.05859375 0.0546875
0 0.8203125 0.4765625 0.05078125 0.0546875
0 0.3349609375 0.45703125 0.025390625 0.01953125
0 0.1904296875 0.4638671875 0.029296875 0.033203125
0 0.46484375 0.4580078125 0.0390625 0.025390625
0 0.380859375 0.453125 0.03515625 0.0234375
0 0.591796875 0.4521484375 0.02734375 0.025390625
0 0.0048828125 0.455078125 0.009765625 0.03515625
0 0.1484375 0.4462890625 0.03125 0.029296875
0 0.060546875 0.4443359375 0.0234375 0.033203125
0 0.1064453125 0.4443359375 0.033203125 0.037109375
0 0.78515625 0.4482421875 0.05859375 0.056640625
0 0.26171875 0.423828125 0.03125 0.0390625
0 0.3798828125 0.4150390625 0.033203125 0.029296875
0 0.560546875 0.416015625 0.04296875 0.0390625
0 0.4638671875 0.40625 0.033203125 0.03515625
0 0.9794921875 0.4091796875 0.041015625 0.044921875
0 0.2734375 0.3935546875 0.01953125 0.017578125
0 0.541015625 0.3916015625 0.03125 0.033203125
0 0.3681640625 0.388671875 0.037109375 0.03125
0 0.2255859375 0.390625 0.037109375 0.0390625
0 0.6640625 0.4228515625 0.1015625 0.107421875
0 0.857421875 0.4189453125 0.1328125 0.119140625
0 0.015625 0.3720703125 0.03125 0.033203125
0 0.5234375 0.3671875 0.0390625 0.03515625
0 0.05078125 0.3662109375 0.03125 0.033203125
0 0.0869140625 0.3662109375 0.029296875 0.037109375
0 0.6201171875 0.3564453125 0.041015625 0.033203125
0 0.431640625 0.353515625 0.03515625 0.04296875
0 0.34765625 0.353515625 0.0546875 0.04296875
0 0.15625 0.353515625 0.04296875 0.04296875
0 0.50390625 0.3427734375 0.0390625 0.037109375
0 0.931640625 0.3623046875 0.0859375 0.091796875
0 0.2021484375 0.34765625 0.037109375 0.06640625
0 0.2822265625 0.3212890625 0.021484375 0.021484375
0 0.744140625 0.3740234375 0.10546875 0.130859375
0 0.595703125 0.3251953125 0.0390625 0.033203125
0 0.4853515625 0.3203125 0.037109375 0.03515625
0 0.2412109375 0.31640625 0.029296875 0.02734375
0 0.3115234375 0.322265625 0.037109375 0.04296875
0 0.009765625 0.306640625 0.01953125 0.03125
0 0.0390625 0.3056640625 0.03125 0.041015625
0 0.408203125 0.30078125 0.0390625 0.0390625
0 0.462890625 0.2978515625 0.0390625 0.037109375
0 0.0810546875 0.2978515625 0.033203125 0.041015625
0 0.58984375 0.28515625 0.04296875 0.0390625
0 0.259765625 0.2822265625 0.04296875 0.041015625
0 0.111328125 0.28515625 0.03515625 0.046875
0 0.4462890625 0.26953125 0.033203125 0.03515625
0 0.001953125 0.240234375 0.00390625 0.01171875
0 0.1455078125 0.2509765625 0.037109375 0.037109375
0 0.6279296875 0.2470703125 0.041015625 0.044921875
0 0.2314453125 0.2431640625 0.041015625 0.037109375
0 0.5439453125 0.2421875 0.048828125 0.046875
0 0.755859375 0.2626953125 0.13671875 0.099609375
0 0.1982421875 0.2197265625 0.037109375 0.037109375
0 0.0205078125 0.2216796875 0.029296875 0.041015625
0 0.8984375 0.2734375 0.1171875 0.1484375
0 0.052734375 0.216796875 0.03125 0.04296875
0 0.5126953125 0.21875 0.060546875 0.05859375
0 0.080078125 0.208984375 0.03125 0.0390625
0 0.115234375 0.19140625 0.03125 0.03125
0 0.4765625 0.1884765625 0.03125 0.033203125
0 0.3544921875 0.2177734375 0.115234375 0.111328125
0 0.982421875 0.1748046875 0.0234375 0.037109375
0 0.7041015625 0.169921875 0.052734375 0.0390625
0 0.9521484375 0.1650390625 0.033203125 0.037109375
0 0.4736328125 0.15625 0.021484375 0.0234375
0 0.4453125 0.16015625 0.03125 0.03515625
0 0.1337890625 0.1611328125 0.029296875 0.037109375
0 0.275390625 0.1630859375 0.0390625 0.044921875
0 0.8154296875 0.1796875 0.064453125 0.08984375
0 0.0244140625 0.166015625 0.048828125 0.0625
0 0.5341796875 0.150390625 0.037109375 0.03515625
0 0.9111328125 0.146484375 0.041015625 0.03125
0 0.056640625 0.1513671875 0.03125 0.041015625
0 0.240234375 0.14453125 0.04296875 0.03515625
0 0.4072265625 0.1337890625 0.041015625 0.037109375
0 0.1123046875 0.134765625 0.080078125 0.046875
0 0.7109375 0.1259765625 0.03125 0.033203125
0 0.5166015625 0.1201171875 0.041015625 0.029296875
0 0.3662109375 0.1015625 0.033203125 0.0390625
0 0.955078125 0.0986328125 0.08984375 0.052734375
0 0.494140625 0.0908203125 0.03515625 0.037109375
0 0.0078125 0.083984375 0.015625 0.0234375
0 0.3251953125 0.078125 0.029296875 0.03515625
0 0.044921875 0.0732421875 0.02734375 0.025390625
0 0.46875 0.064453125 0.03515625 0.02734375
0 0.0771484375 0.0546875 0.029296875 0.02734375
0 0.427734375 0.046875 0.03515625 0.03125
0 0.0205078125 0.044921875 0.033203125 0.02734375
0 0.9560546875 0.0498046875 0.087890625 0.041015625
0 0.3994140625 0.0302734375 0.041015625 0.029296875
0 0.9619140625 0.015625 0.076171875 0.03125
0 0.849609375 0.0107421875 0.05078125 0.021484375
0 0.3671875 0.0126953125 0.02734375 0.025390625
0 0.3251953125 0.009765625 0.041015625 0.01953125
0 0.1572265625 0.0322265625 0.115234375 0.064453125