0 0.2138671875 0.998046875 0.009765625 0.00390625
0 0.1875 0.9931640625 0.0234375 0.013671875
0 0.1552734375 0.990234375 0.033203125 0.01953125
0 0.1005859375 0.9765625 0.025390625 0.02734375
0 0.8720703125 0.97265625 0.060546875 0.03515625
0 0.8076171875 0.9638671875 0.033203125 0.029296875
0 0.4072265625 0.974609375 0.064453125 0.05078125
0 0.0615234375 0.97265625 0.048828125 0.05078125
0 0.9248046875 0.95703125 0.064453125 0.03515625
0 0.57421875 0.9677734375 0.203125 0.064453125
0 0.73828125 0.947265625 0.04296875 0.03125
0 0.3388671875 0.962890625 0.091796875 0.07421875
0 0.8173828125 0.931640625 0.037109375 0.02734375
0 0.2802734375 0.9453125 0.041015625 0.06640625
0 0.6884765625 0.92578125 0.048828125 0.04296875
0 0.74609375 0.9150390625 0.0390625 0.029296875
0 0.826171875 0.904296875 0.0390625 0.02734375
0 0.03125 0.9287109375 0.0625 0.080078125
0 0.75390625 0.88671875 0.0390625 0.03125
0 0.9287109375 0.9013671875 0.083984375 0.064453125
0 0.2880859375 0.880859375 0.048828125 0.02734375
0 0.3798828125 0.8916015625 0.080078125 0.052734375
0 0.83203125 0.875 0.0390625 0.02734375
0 0.154296875 0.9013671875 0.12890625 0.080078125
0 0.6982421875 0.876953125 0.044921875 0.04296875
0 0.759765625 0.859375 0.0390625 0.02734375
0 0.841796875 0.8505859375 0.0390625 0.025390625
0 0.296875 0.8505859375 0.05078125 0.029296875
0 0.5556640625 0.876953125 0.048828125 0.09765625
0 0.435546875 0.84375 0.0703125 0.03515625
0 0.6162109375 0.876953125 0.103515625 0.12109375
0 0.7705078125 0.8291015625 0.037109375 0.029296875
0 0.236328125 0.849609375 0.0390625 0.07421875
0 0.853515625 0.8232421875 0.03515625 0.029296875
0 0.1875 0.82421875 0.0546875 0.03125
0 0.7138671875 0.8212890625 0.044921875 0.041015625
0 0.525390625 0.85546875 0.0625 0.12890625
0 0.37109375 0.810546875 0.0390625 0.05078125
0 0.3369140625 0.7978515625 0.033203125 0.033203125
0 0.13671875 0.8115234375 0.03515625 0.060546875
0 0.8623046875 0.7919921875 0.037109375 0.025390625
0 0.9541015625 0.8173828125 0.091796875 0.080078125
0 0.078125 0.8017578125 0.0390625 0.048828125
0 0.1962890625 0.7890625 0.052734375 0.02734375
0 0.3056640625 0.79296875 0.033203125 0.0390625
0 0.734375 0.7734375 0.0390625 0.0234375
0 0.6875 0.7587890625 0.02734375 0.021484375
0 0.5751953125 0.7744140625 0.080078125 0.056640625
0 0.2275390625 0.767578125 0.091796875 0.05078125
0 0.8994140625 0.76171875 0.037109375 0.04296875
0 0.1591796875 0.7568359375 0.033203125 0.041015625
0 0.8681640625 0.744140625 0.037109375 0.03125
0 0.0283203125 0.783203125 0.056640625 0.1171875
0 0.7998046875 0.7587890625 0.080078125 0.111328125
0 0.8994140625 0.7041015625 0.029296875 0.021484375
0 0.974609375 0.7119140625 0.05078125 0.052734375
0 0.9423828125 0.6943359375 0.029296875 0.033203125
0 0.705078125 0.703125 0.13671875 0.078125
0 0.8662109375 0.681640625 0.029296875 0.04296875
0 0.9091796875 0.6748046875 0.037109375 0.037109375
0 0.58984375 0.69921875 0.08984375 0.10546875
0 0.1640625 0.66796875 0.046875 0.05078125
0 0.4248046875 0.693359375 0.126953125 0.1171875
0 0.9169921875 0.64453125 0.033203125 0.02734375
0 0.8251953125 0.65625 0.072265625 0.0625
0 0.03125 0.654296875 0.046875 0.05859375
0 0.9931640625 0.65234375 0.013671875 0.0625
0 0.111328125 0.6357421875 0.04296875 0.064453125
0 0.287109375 0.6591796875 0.1484375 0.115234375
0 0.6767578125 0.6123046875 0.044921875 0.044921875
0 0.740234375 0.6240234375 0.05859375 0.072265625
0 0.4453125 0.6005859375 0.03515625 0.044921875
0 0.056640625 0.587890625 0.0625 0.078125
0 0.0068359375 0.57421875 0.013671875 0.06640625
0 0.6279296875 0.5830078125 0.095703125 0.103515625
0 0.4833984375 0.5810546875 0.052734375 0.107421875
0 0.95703125 0.5478515625 0.0859375 0.064453125
0 0.83984375 0.556640625 0.12109375 0.08984375
0 0.328125 0.541015625 0.2109375 0.09375
0 0.734375 0.5146484375 0.06640625 0.060546875
0 0.1806640625 0.5263671875 0.068359375 0.111328125
0 0.662109375 0.494140625 0.05078125 0.0625
0 0.0185546875 0.4873046875 0.037109375 0.048828125
0 0.0849609375 0.49609375 0.076171875 0.09765625
0 0.59765625 0.4833984375 0.05078125 0.076171875
0 0.5517578125 0.52734375 0.087890625 0.1875
0 0.3662109375 0.451171875 0.041015625 0.0546875
0 0.9716796875 0.4501953125 0.056640625 0.060546875
0 0.451171875 0.45703125 0.05078125 0.09765625
0 0.9775390625 0.40234375 0.025390625 0.01953125
0 0.787109375 0.4140625 0.03125 0.04296875
0 0.8759765625 0.4248046875 0.041015625 0.080078125
0 0.8251953125 0.416015625 0.041015625 0.07421875
0 0.232421875 0.41796875 0.12109375 0.08203125
0 0.71875 0.4013671875 0.0703125 0.068359375
0 0.796875 0.3701171875 0.02734375 0.025390625
0 0.78515625 0.3388671875 0.03125 0.033203125
0 0.376953125 0.3671875 0.16015625 0.09375
0 0.9306640625 0.34765625 0.099609375 0.0625
0 0.8447265625 0.33984375 0.041015625 0.0625
0 0.505859375 0.326171875 0.0546875 0.0703125
0 0.0625 0.3232421875 0.125 0.091796875
0 0.5712890625 0.3125 0.099609375 0.09375
0 0.173828125 0.287109375 0.078125 0.0703125
0 0.990234375 0.2626953125 0.01953125 0.037109375
0 0.7861328125 0.26953125 0.091796875 0.05859375
0 0.9501953125 0.2529296875 0.037109375 0.048828125
0 0.88671875 0.2490234375 0.06640625 0.068359375
0 0.673828125 0.26171875 0.1328125 0.09765625
0 0.7646484375 0.23046875 0.048828125 0.04296875
0 0.9921875 0.2041015625 0.015625 0.033203125
0 0.2919921875 0.2333984375 0.185546875 0.126953125
0 0.8583984375 0.1875 0.041015625 0.046875
0 0.923828125 0.1689453125 0.0859375 0.080078125
0 0.2548828125 0.162109375 0.091796875 0.08984375
0 0.9833984375 0.142578125 0.033203125 0.05859375
0 0.1708984375 0.11328125 0.138671875 0.140625
0 0.720703125 0.0634765625 0.125 0.103515625
0 0.8583984375 0.0341796875 0.166015625 0.068359375
0 0.6005859375 0.046875 0.115234375 0.09375
0 0.525390625 0.001953125 0.0078125 0.00390625
0 0.4755859375 0.103515625 0.287109375 0.20703125
0 0.3603515625 0.0068359375 0.025390625 0.013671875
0 0.3330078125 0.025390625 0.060546875 0.05078125
0 0.2568359375 0.0537109375 0.169921875 0.107421875
0 0.083984375 0.056640625 0.1171875 0.11328125
0 0.00390625 0.0048828125 0.0078125 0.009765625