0 0.0263671875 0.9541015625 0.021484375 0.029296875
0 0.0048828125 0.9521484375 0.009765625 0.025390625
0 0.0556640625 0.9541015625 0.025390625 0.033203125
0 0.0830078125 0.9482421875 0.029296875 0.029296875
0 0.0029296875 0.8076171875 0.005859375 0.021484375
0 0.927734375 0.873046875 0.08984375 0.1796875
0 0.0380859375 0.79296875 0.021484375 0.03515625
0 0.107421875 0.8408203125 0.04296875 0.142578125
0 0.111328125 0.7451171875 0.0234375 0.033203125
0 0.0068359375 0.736328125 0.013671875 0.0234375
0 0.96484375 0.744140625 0.0703125 0.0546875
0 0.09765625 0.70703125 0.0390625 0.02734375
0 0.98828125 0.6640625 0.0234375 0.03125
0 0.1015625 0.6552734375 0.04296875 0.068359375
0 0.2158203125 0.6953125 0.126953125 0.171875
0 0.28125 0.56640625 0.02734375 0.03125
0 0.203125 0.546875 0.03125 0.02734375
0 0.03515625 0.5576171875 0.046875 0.056640625
0 0.0068359375 0.5400390625 0.013671875 0.025390625
0 0.2978515625 0.5263671875 0.021484375 0.025390625
0 0.134765625 0.5048828125 0.03125 0.033203125
0 0.2119140625 0.4921875 0.029296875 0.03515625
0 0.3115234375 0.48828125 0.025390625 0.03125
0 0.0888671875 0.484375 0.033203125 0.0390625
0 0.287109375 0.4560546875 0.01953125 0.017578125
0 0.3203125 0.4501953125 0.0234375 0.025390625
0 0.1552734375 0.4580078125 0.037109375 0.041015625
0 0.1064453125 0.44140625 0.033203125 0.03515625
0 0.240234375 0.435546875 0.03125 0.03125
0 0.134765625 0.421875 0.01953125 0.0234375
0 0.3271484375 0.412109375 0.025390625 0.02734375
0 0.1728515625 0.4150390625 0.033203125 0.033203125
0 0.2568359375 0.392578125 0.029296875 0.03125
0 0.123046875 0.3935546875 0.03125 0.037109375
0 0.052734375 0.3876953125 0.03125 0.037109375
0 0.1953125 0.3759765625 0.02734375 0.033203125
0 0.330078125 0.3671875 0.0234375 0.03515625
0 0.2734375 0.3525390625 0.02734375 0.029296875
0 0.00390625 0.34375 0.0078125 0.015625
0 0.14453125 0.3486328125 0.03515625 0.041015625
0 0.2138671875 0.3369140625 0.029296875 0.041015625
0 0.072265625 0.3349609375 0.03515625 0.037109375
0 0.1689453125 0.3125 0.037109375 0.03515625
0 0.3046875 0.283203125 0.03125 0.03515625
0 0.005859375 0.267578125 0.01171875 0.0234375
0 0.0576171875 0.2705078125 0.037109375 0.033203125
0 0.193359375 0.251953125 0.0390625 0.046875
0 0.0791015625 0.23046875 0.033203125 0.03125
0 0.0029296875 0.2099609375 0.005859375 0.009765625
0 0.216796875 0.19921875 0.03515625 0.046875
0 0.1015625 0.1689453125 0.0390625 0.037109375
0 0.1533203125 0.1640625 0.041015625 0.03515625
0 0.078125 0.1328125 0.0390625 0.0390625
0 0.0380859375 0.1240234375 0.029296875 0.029296875
0 0.2587890625 0.12109375 0.037109375 0.03125
0 0.2158203125 0.099609375 0.033203125 0.04296875
0 0.17578125 0.0859375 0.0390625 0.0390625
0 0.1435546875 0.07421875 0.037109375 0.046875
0 0.068359375 0.0439453125 0.02734375 0.029296875
0 0.02734375 0.04296875 0.03125 0.03125
0 0.37109375 0.05859375 0.1796875 0.1171875
0 0.0048828125 0.0048828125 0.009765625 0.009765625