0 0.1767578125 0.66796875 0.087890625 0.12890625
0 0.099609375 0.5595703125 0.19921875 0.146484375
0 0.0498046875 0.3828125 0.013671875 0.01953125
0 0.0810546875 0.3515625 0.060546875 0.05078125
0 0.0244140625 0.345703125 0.048828125 0.04296875
0 0.3994140625 0.3173828125 0.158203125 0.095703125
0 0.0693359375 0.265625 0.056640625 0.0390625
0 0.8740234375 0.0439453125 0.029296875 0.029296875
0 0.255859375 0.2880859375 0.51171875 0.517578125
0 0.939453125 0.0419921875 0.01953125 0.029296875
0 0.142578125 0.0634765625 0.125 0.076171875
0 0.9638671875 0.0302734375 0.017578125 0.025390625
0 0.9912109375 0.0263671875 0.017578125 0.029296875
0 0.740234375 0.0107421875 0.05078125 0.021484375