0 0.4228515625 0.99609375 0.009765625 0.0078125
0 0.4423828125 0.98046875 0.033203125 0.03125
0 0.5361328125 0.9765625 0.021484375 0.03125
0 0.173828125 0.970703125 0.0390625 0.03515625
0 0.3525390625 0.962890625 0.025390625 0.02734375
0 0.11328125 0.9462890625 0.03515625 0.029296875
0 0.4052734375 0.94921875 0.033203125 0.04296875
0 0.3359375 0.935546875 0.01953125 0.01953125
0 0.4990234375 0.9345703125 0.029296875 0.021484375
0 0.3056640625 0.9384765625 0.033203125 0.029296875
0 0.060546875 0.92578125 0.03125 0.0234375
0 0.021484375 0.916015625 0.03515625 0.02734375
0 0.3447265625 0.9072265625 0.033203125 0.033203125
0 0.4267578125 0.865234375 0.041015625 0.046875
0 0.3720703125 0.845703125 0.037109375 0.03125
0 0.3837890625 0.783203125 0.017578125 0.01953125
0 0.3994140625 0.7421875 0.017578125 0.0234375
0 0.4267578125 0.720703125 0.037109375 0.015625
0 0.4130859375 0.6953125 0.033203125 0.0234375
0 0.001953125 0.6806640625 0.00390625 0.005859375
0 0.3974609375 0.6630859375 0.029296875 0.025390625
0 0.13671875 0.73828125 0.25 0.17578125
0 0.404296875 0.634765625 0.01953125 0.015625
0 0.3916015625 0.6123046875 0.021484375 0.029296875
0 0.1748046875 0.5986328125 0.029296875 0.021484375
0 0.1279296875 0.599609375 0.021484375 0.0234375
0 0.078125 0.603515625 0.03125 0.03125
0 0.0361328125 0.5986328125 0.025390625 0.021484375
0 0.2255859375 0.5859375 0.029296875 0.03125
0 0.3095703125 0.5849609375 0.025390625 0.037109375
0 0.001953125 0.5673828125 0.00390625 0.005859375
0 0.2802734375 0.5693359375 0.021484375 0.017578125
0 0.302734375 0.5283203125 0.02734375 0.025390625
0 0.7158203125 0.521484375 0.033203125 0.046875
0 0.001953125 0.4951171875 0.00390625 0.013671875
0 0.1513671875 0.4921875 0.021484375 0.0234375
0 0.46484375 0.4814453125 0.015625 0.017578125
0 0.4296875 0.462890625 0.03125 0.0234375
0 0.7470703125 0.4560546875 0.037109375 0.044921875
0 0.33984375 0.4326171875 0.01953125 0.017578125
0 0.2861328125 0.4365234375 0.037109375 0.029296875
0 0.7021484375 0.4375 0.033203125 0.046875
0 0.65625 0.4189453125 0.03515625 0.033203125
0 0.2412109375 0.4189453125 0.029296875 0.033203125
0 0.1455078125 0.4091796875 0.037109375 0.041015625
0 0.607421875 0.3974609375 0.0390625 0.025390625
0 0.337890625 0.3984375 0.02734375 0.04296875
0 0.546875 0.3837890625 0.0390625 0.025390625
0 0.2021484375 0.384765625 0.044921875 0.03515625
0 0.0390625 0.3876953125 0.0390625 0.041015625
0 0.7841796875 0.3720703125 0.033203125 0.037109375
0 0.4814453125 0.357421875 0.013671875 0.01171875
0 0.4541015625 0.361328125 0.029296875 0.0234375
0 0.7314453125 0.3603515625 0.044921875 0.029296875
0 0.353515625 0.34375 0.0234375 0.03515625
0 0.6728515625 0.3408203125 0.052734375 0.041015625
0 0.119140625 0.3291015625 0.03125 0.025390625
0 0.6142578125 0.3271484375 0.044921875 0.029296875
0 0.5478515625 0.3134765625 0.037109375 0.021484375
0 0.8046875 0.3134765625 0.03125 0.037109375
0 0.2177734375 0.3037109375 0.033203125 0.025390625
0 0.466796875 0.2958984375 0.046875 0.025390625
0 0.298828125 0.2890625 0.0390625 0.0234375
0 0.365234375 0.2734375 0.04296875 0.0234375
0 0.828125 0.2666015625 0.04296875 0.037109375
0 0.544921875 0.2568359375 0.02734375 0.037109375
0 0.0419921875 0.234375 0.029296875 0.03515625
0 0.861328125 0.2265625 0.03125 0.0234375
0 0.2568359375 0.21875 0.033203125 0.0234375
0 0.529296875 0.21484375 0.015625 0.01953125
0 0.8037109375 0.2119140625 0.029296875 0.025390625
0 0.1181640625 0.208984375 0.029296875 0.0234375
0 0.48828125 0.2041015625 0.02734375 0.021484375
0 0.18359375 0.203125 0.02734375 0.01953125
0 0.302734375 0.2021484375 0.03515625 0.025390625
0 0.7333984375 0.193359375 0.025390625 0.02734375
0 0.6689453125 0.173828125 0.025390625 0.0234375
0 0.6376953125 0.1728515625 0.021484375 0.033203125
0 0.6103515625 0.1591796875 0.021484375 0.021484375
0 0.91015625 0.1630859375 0.0390625 0.033203125
0 0.578125 0.15625 0.0234375 0.02734375
0 0.3798828125 0.1474609375 0.033203125 0.029296875
0 0.5234375 0.1435546875 0.02734375 0.025390625
0 0.8291015625 0.138671875 0.029296875 0.02734375
0 0.7841796875 0.1337890625 0.033203125 0.025390625
0 0.9755859375 0.12890625 0.037109375 0.0234375
0 0.412109375 0.12109375 0.03125 0.03125
0 0.263671875 0.126953125 0.0390625 0.04296875
0 0.65234375 0.0986328125 0.03515625 0.021484375
0 0.4091796875 0.095703125 0.017578125 0.015625
0 0.8525390625 0.09375 0.025390625 0.03515625
0 0.44140625 0.087890625 0.02734375 0.02734375
0 0.2109375 0.0791015625 0.0390625 0.029296875
0 0.5693359375 0.0732421875 0.021484375 0.025390625
0 0.150390625 0.064453125 0.02734375 0.0234375
0 0.3271484375 0.0732421875 0.029296875 0.044921875
0 0.962890625 0.0615234375 0.03125 0.025390625
0 0.1015625 0.05859375 0.0390625 0.02734375
0 0.5888671875 0.048828125 0.029296875 0.02734375
0 0.4736328125 0.05078125 0.029296875 0.03125
0 0.794921875 0.05078125 0.03125 0.03515625
0 0.005859375 0.0361328125 0.01171875 0.017578125
0 0.048828125 0.044921875 0.04296875 0.0390625
0 0.6953125 0.0439453125 0.0703125 0.048828125
0 0.8818359375 0.03125 0.041015625 0.04296875
0 0.6162109375 0.0205078125 0.033203125 0.033203125
0 0.50390625 0.017578125 0.02734375 0.02734375
0 0.9189453125 0.0048828125 0.017578125 0.009765625
0 0.8291015625 0.0126953125 0.037109375 0.025390625
0 0.7470703125 0.0029296875 0.009765625 0.005859375
0 0.36328125 0.0185546875 0.0390625 0.037109375
0 0.28515625 0.001953125 0.00390625 0.00390625
0 0.234375 0.0087890625 0.03515625 0.017578125