0 0.587890625 0.99609375 0.0234375 0.0078125
0 0.9921875 0.9921875 0.015625 0.015625
0 0.876953125 0.9775390625 0.08984375 0.044921875
0 0.0390625 0.8828125 0.015625 0.02734375
0 0.45703125 0.90234375 0.16796875 0.11328125
0 0.1884765625 0.9140625 0.087890625 0.171875
0 0.8349609375 0.857421875 0.228515625 0.140625
0 0.556640625 0.7197265625 0.03515625 0.029296875
0 0.3349609375 0.63671875 0.419921875 0.296875
0 0.1396484375 0.4873046875 0.013671875 0.017578125
0 0.212890625 0.478515625 0.01953125 0.015625
0 0.0986328125 0.478515625 0.021484375 0.02734375
0 0.1484375 0.458984375 0.02734375 0.0234375
0 0.2080078125 0.443359375 0.033203125 0.0234375
0 0.3046875 0.4306640625 0.03515625 0.037109375
0 0.0712890625 0.4150390625 0.029296875 0.025390625
0 0.34765625 0.4111328125 0.0234375 0.021484375
0 0.099609375 0.4052734375 0.02734375 0.017578125
0 0.3876953125 0.4033203125 0.021484375 0.017578125
0 0.4453125 0.3916015625 0.02734375 0.025390625
0 0.7578125 0.541015625 0.1796875 0.3359375
0 0.486328125 0.3828125 0.0234375 0.0234375
0 0.1357421875 0.388671875 0.021484375 0.0390625
0 0.2529296875 0.376953125 0.021484375 0.01953125
0 0.19921875 0.3818359375 0.02734375 0.033203125
0 0.5185546875 0.373046875 0.025390625 0.0234375
0 0.2998046875 0.357421875 0.021484375 0.02734375
0 0.248046875 0.3408203125 0.01953125 0.017578125
0 0.125 0.337890625 0.03515625 0.0234375
0 0.9423828125 0.5146484375 0.115234375 0.380859375
0 0.3017578125 0.328125 0.013671875 0.015625
0 0.06640625 0.3359375 0.01953125 0.03125
0 0.3818359375 0.3291015625 0.048828125 0.048828125
0 0.458984375 0.3125 0.02734375 0.02734375
0 0.2294921875 0.310546875 0.021484375 0.0234375
0 0.1767578125 0.3154296875 0.041015625 0.052734375
0 0.51171875 0.30078125 0.03125 0.02734375
0 0.4443359375 0.29296875 0.017578125 0.015625
0 0.1162109375 0.294921875 0.021484375 0.01953125
0 0.2216796875 0.287109375 0.017578125 0.01171875
0 0.3740234375 0.283203125 0.029296875 0.0234375
0 0.298828125 0.291015625 0.0234375 0.0390625
0 0.05859375 0.2802734375 0.0234375 0.029296875
0 0.44140625 0.259765625 0.01953125 0.02734375
0 0.1025390625 0.2568359375 0.029296875 0.041015625
0 0.1650390625 0.24609375 0.025390625 0.0390625
0 0.50390625 0.228515625 0.0234375 0.02734375
0 0.212890625 0.2236328125 0.0390625 0.021484375
0 0.8515625 0.2509765625 0.07421875 0.083984375
0 0.2744140625 0.2109375 0.025390625 0.0234375
0 0.4267578125 0.19921875 0.025390625 0.03125
0 0.359375 0.1884765625 0.01953125 0.021484375
0 0.4912109375 0.1845703125 0.041015625 0.029296875
0 0.490234375 0.1455078125 0.0234375 0.017578125
0 0.3251953125 0.115234375 0.029296875 0.02734375
0 0.3671875 0.11328125 0.04296875 0.02734375
0 0.4375 0.0927734375 0.0234375 0.021484375
0 0.6875 0.1455078125 0.24609375 0.197265625
0 0.126953125 0.107421875 0.25390625 0.1328125
0 0.462890625 0.0322265625 0.02734375 0.021484375
0 0.447265625 0.0068359375 0.01171875 0.013671875