0 0.3056640625 0.994140625 0.025390625 0.01171875
0 0.369140625 0.990234375 0.046875 0.01953125
0 0.93359375 0.986328125 0.046875 0.02734375
0 0.09765625 0.986328125 0.0390625 0.02734375
0 0.2451171875 0.984375 0.068359375 0.03125
0 0.1572265625 0.98046875 0.037109375 0.0234375
0 0.0556640625 0.9794921875 0.033203125 0.029296875
0 0.01953125 0.9814453125 0.03125 0.037109375
0 0.794921875 0.970703125 0.02734375 0.03515625
0 0.8359375 0.9560546875 0.04296875 0.029296875
0 0.7431640625 0.95703125 0.048828125 0.07421875
0 0.3896484375 0.927734375 0.025390625 0.03515625
0 0.29296875 0.919921875 0.02734375 0.0234375
0 0.3583984375 0.9248046875 0.025390625 0.037109375
0 0.32421875 0.91796875 0.02734375 0.0390625
0 0.041015625 0.900390625 0.0390625 0.02734375
0 0.9609375 0.908203125 0.0390625 0.046875
0 0.12109375 0.8974609375 0.03125 0.025390625
0 0.841796875 0.9013671875 0.046875 0.041015625
0 0.1640625 0.900390625 0.05078125 0.0390625
0 0.2412109375 0.90234375 0.033203125 0.046875
0 0.7861328125 0.8974609375 0.029296875 0.041015625
0 0.208984375 0.8994140625 0.03125 0.044921875
0 0.0849609375 0.892578125 0.029296875 0.0390625
0 0.7421875 0.8828125 0.05078125 0.03125
0 0.0458984375 0.87109375 0.037109375 0.0234375
0 0.9638671875 0.8544921875 0.033203125 0.029296875
0 0.0537109375 0.837890625 0.033203125 0.02734375
0 0.615234375 0.888671875 0.15625 0.1328125
0 0.3095703125 0.8310546875 0.029296875 0.041015625
0 0.279296875 0.828125 0.02734375 0.04296875
0 0.2490234375 0.8232421875 0.029296875 0.037109375
0 0.216796875 0.8212890625 0.02734375 0.041015625
0 0.861328125 0.818359375 0.02734375 0.0390625
0 0.1669921875 0.818359375 0.025390625 0.0390625
0 0.7685546875 0.80859375 0.033203125 0.02734375
0 0.1435546875 0.8115234375 0.021484375 0.033203125
0 0.8115234375 0.80859375 0.025390625 0.03125
0 0.1201171875 0.80859375 0.021484375 0.03515625
0 0.953125 0.802734375 0.0390625 0.02734375
0 0.7294921875 0.8017578125 0.029296875 0.025390625
0 0.0947265625 0.806640625 0.025390625 0.03515625
0 0.060546875 0.7998046875 0.03515625 0.029296875
0 0.0029296875 0.7880859375 0.005859375 0.013671875
0 0.853515625 0.7802734375 0.03125 0.021484375
0 0.6923828125 0.787109375 0.033203125 0.046875
0 0.2861328125 0.7626953125 0.041015625 0.029296875
0 0.9501953125 0.7548828125 0.033203125 0.041015625
0 0.2158203125 0.7470703125 0.025390625 0.041015625
0 0.1826171875 0.744140625 0.029296875 0.03515625
0 0.8388671875 0.73828125 0.037109375 0.02734375
0 0.1494140625 0.7421875 0.029296875 0.03515625
0 0.0732421875 0.73828125 0.037109375 0.02734375
0 0.1220703125 0.73828125 0.025390625 0.03515625
0 0.2890625 0.7314453125 0.0390625 0.029296875
0 0.0732421875 0.7109375 0.041015625 0.0234375
0 0.853515625 0.7080078125 0.0234375 0.029296875
0 0.1689453125 0.703125 0.029296875 0.0234375
0 0.0126953125 0.7158203125 0.025390625 0.056640625
0 0.2939453125 0.7001953125 0.041015625 0.029296875
0 0.9853515625 0.6953125 0.029296875 0.03515625
0 0.21875 0.6904296875 0.0390625 0.025390625
0 0.078125 0.6845703125 0.0390625 0.025390625
0 0.94140625 0.6875 0.046875 0.0390625
0 0.0048828125 0.669921875 0.009765625 0.02734375
0 0.8408203125 0.6630859375 0.037109375 0.021484375
0 0.7978515625 0.6630859375 0.033203125 0.025390625
0 0.751953125 0.66015625 0.03125 0.03125
0 0.7060546875 0.658203125 0.029296875 0.03515625
0 0.6630859375 0.6748046875 0.041015625 0.080078125
0 0.603515625 0.666015625 0.04296875 0.08203125
0 0.4921875 0.630859375 0.05078125 0.02734375
0 0.4375 0.6318359375 0.03125 0.044921875
0 0.4013671875 0.6103515625 0.037109375 0.025390625
0 0.0908203125 0.6337890625 0.060546875 0.076171875
0 0.3583984375 0.607421875 0.041015625 0.02734375
0 0.3046875 0.61328125 0.05078125 0.046875
0 0.1572265625 0.599609375 0.033203125 0.046875
0 0.2275390625 0.61328125 0.080078125 0.08984375
0 0.8212890625 0.58203125 0.033203125 0.03515625
0 0.71484375 0.5703125 0.02734375 0.0234375
0 0.673828125 0.5654296875 0.03125 0.025390625
0 0.6318359375 0.5595703125 0.029296875 0.029296875
0 0.5859375 0.5546875 0.03125 0.02734375
0 0.0986328125 0.5693359375 0.068359375 0.060546875
0 0.0205078125 0.5927734375 0.041015625 0.126953125
0 0.00390625 0.5419921875 0.0078125 0.025390625
0 0.8056640625 0.544921875 0.033203125 0.03515625
0 0.49609375 0.5341796875 0.09375 0.076171875
0 0.9228515625 0.513671875 0.060546875 0.04296875
0 0.7841796875 0.5048828125 0.048828125 0.037109375
0 0.525390625 0.47265625 0.046875 0.05078125
0 0.9560546875 0.4736328125 0.037109375 0.056640625
0 0.7431640625 0.46875 0.060546875 0.05078125
0 0.19921875 0.4814453125 0.046875 0.080078125
0 0.884765625 0.4560546875 0.04296875 0.037109375
0 0.4052734375 0.4921875 0.068359375 0.11328125
0 0.6640625 0.453125 0.02734375 0.05078125
0 0.2890625 0.4853515625 0.0859375 0.119140625
0 0.109375 0.4697265625 0.0625 0.087890625
0 0.0224609375 0.455078125 0.044921875 0.05859375
0 0.6064453125 0.439453125 0.029296875 0.03125
0 0.365234375 0.48828125 0.05859375 0.12890625
0 0.1806640625 0.4111328125 0.033203125 0.021484375
0 0.6044921875 0.396484375 0.021484375 0.03125
0 0.1201171875 0.392578125 0.037109375 0.02734375
0 0.73828125 0.3876953125 0.03515625 0.037109375
0 0.875 0.38671875 0.0625 0.046875
0 0.6796875 0.3740234375 0.03125 0.037109375
0 0.626953125 0.3515625 0.02734375 0.01953125
0 0.193359375 0.36328125 0.0234375 0.05078125
0 0.986328125 0.380859375 0.02734375 0.08984375
0 0.279296875 0.3525390625 0.02734375 0.033203125
0 0.228515625 0.359375 0.03125 0.046875
0 0.123046875 0.3505859375 0.0390625 0.029296875
0 0.5380859375 0.3837890625 0.041015625 0.119140625
0 0.4599609375 0.375 0.091796875 0.1015625
0 0.498046875 0.33984375 0.03515625 0.03515625
0 0.3564453125 0.36328125 0.107421875 0.1015625
0 0.8125 0.3173828125 0.0390625 0.037109375
0 0.861328125 0.298828125 0.03125 0.0390625
0 0.8974609375 0.2841796875 0.033203125 0.037109375
0 0.662109375 0.27734375 0.0390625 0.0234375
0 0.607421875 0.275390625 0.04296875 0.0234375
0 0.9375 0.2783203125 0.03125 0.033203125
0 0.7109375 0.26953125 0.03515625 0.03515625
0 0.134765625 0.2685546875 0.04296875 0.041015625
0 0.0078125 0.2646484375 0.015625 0.037109375
0 0.9716796875 0.255859375 0.044921875 0.03125
0 0.87109375 0.25390625 0.02734375 0.02734375
0 0.919921875 0.2431640625 0.02734375 0.029296875
0 0.4404296875 0.2568359375 0.201171875 0.060546875
0 0.5791015625 0.2333984375 0.037109375 0.037109375
0 0.134765625 0.21875 0.03515625 0.0234375
0 0.828125 0.22265625 0.06640625 0.04296875
0 0.6865234375 0.21875 0.029296875 0.03515625
0 0.5556640625 0.1982421875 0.029296875 0.033203125
0 0.8935546875 0.19921875 0.052734375 0.0390625
0 0.0400390625 0.197265625 0.080078125 0.078125
0 0.6572265625 0.1767578125 0.064453125 0.041015625
0 0.142578125 0.177734375 0.03515625 0.04296875
0 0.9541015625 0.185546875 0.052734375 0.0703125
0 0.544921875 0.16015625 0.02734375 0.0234375
0 0.990234375 0.16015625 0.01953125 0.03125
0 0.2529296875 0.212890625 0.169921875 0.14453125
0 0.005859375 0.1513671875 0.01171875 0.025390625
0 0.646484375 0.1318359375 0.03515625 0.041015625
0 0.53125 0.123046875 0.02734375 0.02734375
0 0.0263671875 0.130859375 0.052734375 0.0625
0 0.064453125 0.1123046875 0.05078125 0.076171875
0 0.6318359375 0.0869140625 0.033203125 0.044921875
0 0.7177734375 0.0693359375 0.041015625 0.033203125
0 0.765625 0.0517578125 0.05078125 0.029296875
0 0.7177734375 0.0341796875 0.017578125 0.017578125
0 0.6171875 0.0419921875 0.03125 0.037109375
0 0.818359375 0.033203125 0.03515625 0.05078125
0 0.89453125 0.0146484375 0.0390625 0.029296875
0 0.69140625 0.013671875 0.03125 0.02734375
0 0.6044921875 0.0087890625 0.025390625 0.017578125
0 0.4892578125 0.00390625 0.017578125 0.0078125
0 0.4521484375 0.115234375 0.115234375 0.23046875
0 0.3916015625 0.009765625 0.029296875 0.01953125
0 0.2509765625 0.046875 0.244140625 0.09375