0 0.6611328125 0.9970703125 0.017578125 0.005859375
0 0.48046875 0.9970703125 0.01171875 0.005859375
0 0.4365234375 0.9970703125 0.009765625 0.005859375
0 0.951171875 0.990234375 0.0234375 0.01953125
0 0.328125 0.986328125 0.01953125 0.015625
0 0.216796875 0.9892578125 0.03515625 0.021484375
0 0.87109375 0.9873046875 0.0390625 0.025390625
0 0.298828125 0.986328125 0.03125 0.02734375
0 0.0263671875 0.9814453125 0.017578125 0.021484375
0 0.9150390625 0.978515625 0.017578125 0.01953125
0 0.4208984375 0.9814453125 0.029296875 0.029296875
0 0.47265625 0.9755859375 0.01953125 0.021484375
0 0.998046875 0.966796875 0.00390625 0.0078125
0 0.701171875 0.9814453125 0.05078125 0.037109375
0 0.0439453125 0.9716796875 0.021484375 0.025390625
0 0.9345703125 0.9697265625 0.029296875 0.025390625
0 0.7421875 0.96875 0.03125 0.0234375
0 0.2900390625 0.966796875 0.037109375 0.0234375
0 0.38671875 0.9619140625 0.01953125 0.021484375
0 0.111328125 0.966796875 0.0234375 0.03125
0 0.779296875 0.958984375 0.03125 0.02734375
0 0.146484375 0.955078125 0.02734375 0.03125
0 0.458984375 0.9501953125 0.0234375 0.025390625
0 0.3369140625 0.94921875 0.025390625 0.0234375
0 0.9921875 0.943359375 0.015625 0.0234375
0 0.0654296875 0.9482421875 0.025390625 0.033203125
0 0.1689453125 0.9453125 0.033203125 0.0390625
0 0.1279296875 0.9326171875 0.013671875 0.013671875
0 0.3671875 0.9404296875 0.02734375 0.033203125
0 0.201171875 0.9296875 0.02734375 0.03515625
0 0.3935546875 0.9248046875 0.025390625 0.029296875
0 0.0888671875 0.9189453125 0.021484375 0.025390625
0 0.7861328125 0.91796875 0.021484375 0.02734375
0 0.017578125 0.919921875 0.03515625 0.03125
0 0.4443359375 0.9052734375 0.029296875 0.029296875
0 0.2734375 0.9052734375 0.0546875 0.041015625
0 0.4775390625 0.892578125 0.025390625 0.0234375
0 0.771484375 0.888671875 0.03125 0.0234375
0 0.3173828125 0.8876953125 0.021484375 0.021484375
0 0.0078125 0.8876953125 0.015625 0.021484375
0 0.1767578125 0.8857421875 0.029296875 0.029296875
0 0.3447265625 0.876953125 0.025390625 0.02734375
0 0.5263671875 0.8681640625 0.025390625 0.029296875
0 0.00390625 0.8564453125 0.0078125 0.013671875
0 0.2412109375 0.8583984375 0.029296875 0.025390625
0 0.771484375 0.8564453125 0.0234375 0.029296875
0 0.3623046875 0.8583984375 0.029296875 0.037109375
0 0.1669921875 0.85546875 0.025390625 0.03125
0 0.5654296875 0.8447265625 0.021484375 0.017578125
0 0.599609375 0.8369140625 0.0234375 0.029296875
0 0.7626953125 0.8251953125 0.017578125 0.021484375
0 0.2265625 0.828125 0.02734375 0.03125
0 0.1337890625 0.828125 0.044921875 0.03125
0 0.638671875 0.8173828125 0.03515625 0.025390625
0 0.45703125 0.814453125 0.01953125 0.01953125
0 0.4208984375 0.822265625 0.037109375 0.03515625
0 0.3388671875 0.8115234375 0.037109375 0.025390625
0 0.9921875 0.8212890625 0.015625 0.060546875
0 0.208984375 0.79296875 0.0234375 0.02734375
0 0.12109375 0.7978515625 0.0390625 0.037109375
0 0.49609375 0.7880859375 0.03125 0.021484375
0 0.6982421875 0.7841796875 0.029296875 0.021484375
0 0.322265625 0.7802734375 0.03515625 0.021484375
0 0.404296875 0.7802734375 0.03515625 0.025390625
0 0.5283203125 0.7734375 0.021484375 0.015625
0 0.8369140625 0.7763671875 0.025390625 0.025390625
0 0.7265625 0.767578125 0.0234375 0.01953125
0 0.109375 0.76953125 0.0390625 0.03125
0 0.1943359375 0.7607421875 0.025390625 0.029296875
0 0.7548828125 0.7548828125 0.029296875 0.025390625
0 0.853515625 0.7490234375 0.015625 0.017578125
0 0.9873046875 0.7578125 0.025390625 0.0390625
0 0.3916015625 0.7509765625 0.037109375 0.029296875
0 0.599609375 0.7421875 0.0234375 0.02734375
0 0.314453125 0.7412109375 0.02734375 0.033203125
0 0.09765625 0.7412109375 0.0390625 0.033203125
0 0.1806640625 0.734375 0.025390625 0.02734375
0 0.806640625 0.73046875 0.01953125 0.0234375
0 0.626953125 0.7275390625 0.01953125 0.021484375
0 0.8349609375 0.71875 0.025390625 0.02734375
0 0.65234375 0.71484375 0.01953125 0.01953125
0 0.5205078125 0.71484375 0.021484375 0.0234375
0 0.3798828125 0.712890625 0.033203125 0.02734375
0 0.0810546875 0.7138671875 0.044921875 0.033203125
0 0.6787109375 0.703125 0.021484375 0.01953125
0 0.173828125 0.703125 0.03125 0.02734375
0 0.890625 0.6904296875 0.0234375 0.025390625
0 0.70703125 0.6884765625 0.02734375 0.025390625
0 0.5107421875 0.685546875 0.025390625 0.0234375
0 0.283203125 0.6875 0.03125 0.02734375
0 0.35546875 0.6845703125 0.0234375 0.025390625
0 0.0703125 0.6845703125 0.0390625 0.033203125
0 0.158203125 0.67578125 0.0234375 0.02734375
0 0.7314453125 0.6728515625 0.025390625 0.029296875
0 0.5771484375 0.6728515625 0.029296875 0.037109375
0 0.9580078125 0.662109375 0.021484375 0.0234375
0 0.759765625 0.6611328125 0.02734375 0.025390625
0 0.50390625 0.6572265625 0.0234375 0.025390625
0 0.0615234375 0.658203125 0.033203125 0.02734375
0 0.78515625 0.6474609375 0.0234375 0.021484375
0 0.14453125 0.6494140625 0.0234375 0.025390625
0 0.978515625 0.6494140625 0.02734375 0.029296875
0 0.3447265625 0.6474609375 0.025390625 0.029296875
0 0.58984375 0.640625 0.02734375 0.0234375
0 0.25390625 0.640625 0.03125 0.0390625
0 0.810546875 0.6337890625 0.02734375 0.029296875
0 0.62109375 0.634765625 0.0234375 0.03125
0 0.4951171875 0.62890625 0.025390625 0.02734375
0 0.0380859375 0.6298828125 0.044921875 0.033203125
0 0.1328125 0.6220703125 0.01953125 0.021484375
0 0.6494140625 0.61328125 0.025390625 0.01953125
0 0.857421875 0.615234375 0.02734375 0.02734375
0 0.314453125 0.6103515625 0.02734375 0.029296875
0 0.484375 0.6005859375 0.01953125 0.021484375
0 0.677734375 0.5986328125 0.02734375 0.021484375
0 0.8134765625 0.59765625 0.029296875 0.0234375
0 0.1201171875 0.595703125 0.021484375 0.02734375
0 0.3388671875 0.5927734375 0.025390625 0.025390625
0 0.7060546875 0.583984375 0.025390625 0.0234375
0 0.5556640625 0.58203125 0.025390625 0.02734375
0 0.3662109375 0.580078125 0.025390625 0.0234375
0 0.9296875 0.578125 0.0234375 0.02734375
0 0.2275390625 0.580078125 0.033203125 0.03515625
0 0.4765625 0.5712890625 0.01953125 0.021484375
0 0.400390625 0.5751953125 0.02734375 0.029296875
0 0.732421875 0.5703125 0.02734375 0.0234375
0 0.103515625 0.5693359375 0.0234375 0.025390625
0 0.95703125 0.5625 0.0234375 0.0234375
0 0.58203125 0.564453125 0.03125 0.03125
0 0.7607421875 0.5576171875 0.025390625 0.021484375
0 0.84765625 0.5625 0.03515625 0.03515625
0 0.611328125 0.5556640625 0.0234375 0.021484375
0 0.9853515625 0.5517578125 0.025390625 0.025390625
0 0.166015625 0.548828125 0.0234375 0.01953125
0 0.6376953125 0.54296875 0.021484375 0.01953125
0 0.287109375 0.5478515625 0.0234375 0.029296875
0 0.314453125 0.54296875 0.02734375 0.0234375
0 0.998046875 0.5322265625 0.00390625 0.005859375
0 0.341796875 0.52734375 0.02734375 0.0234375
0 0.662109375 0.5283203125 0.03125 0.029296875
0 0.2001953125 0.5224609375 0.029296875 0.025390625
0 0.8359375 0.521484375 0.03125 0.02734375
0 0.11328125 0.5166015625 0.01953125 0.017578125
0 0.69140625 0.5166015625 0.02734375 0.029296875
0 0.080078125 0.51171875 0.03515625 0.03125
0 0.9150390625 0.509765625 0.029296875 0.03515625
0 0.716796875 0.5009765625 0.02734375 0.025390625
0 0.376953125 0.4970703125 0.0390625 0.037109375
0 0.1884765625 0.4931640625 0.025390625 0.029296875
0 0.74609375 0.4892578125 0.03125 0.029296875
0 0.255859375 0.4892578125 0.03125 0.033203125
0 0.2841796875 0.478515625 0.025390625 0.03125
0 0.7744140625 0.4736328125 0.025390625 0.025390625
0 0.9501953125 0.46875 0.029296875 0.02734375
0 0.1748046875 0.4658203125 0.025390625 0.021484375
0 0.3115234375 0.46484375 0.025390625 0.03125
0 0.0546875 0.4580078125 0.0234375 0.025390625
0 0.33984375 0.453125 0.02734375 0.0234375
0 0.9814453125 0.451171875 0.025390625 0.0234375
0 0.81640625 0.447265625 0.0234375 0.0234375
0 0.1630859375 0.4443359375 0.025390625 0.021484375
0 0.3671875 0.439453125 0.02734375 0.0234375
0 0.2275390625 0.4296875 0.021484375 0.01953125
0 0.0419921875 0.4287109375 0.029296875 0.029296875
0 0.255859375 0.4189453125 0.02734375 0.025390625
0 0.8857421875 0.4169921875 0.025390625 0.025390625
0 0.150390625 0.4111328125 0.0234375 0.025390625
0 0.9150390625 0.4033203125 0.025390625 0.021484375
0 0.283203125 0.4052734375 0.0234375 0.025390625
0 0.9423828125 0.3896484375 0.025390625 0.025390625
0 0.0908203125 0.3837890625 0.021484375 0.017578125
0 0.3095703125 0.384765625 0.025390625 0.0234375
0 0.0166015625 0.37109375 0.029296875 0.0234375
0 0.9814453125 0.3681640625 0.029296875 0.025390625
0 0.1982421875 0.3662109375 0.021484375 0.021484375
0 0.1162109375 0.3583984375 0.037109375 0.025390625
0 0.0546875 0.3544921875 0.015625 0.017578125
0 0.22265625 0.353515625 0.02734375 0.0234375
0 0.251953125 0.33984375 0.02734375 0.0234375
0 0.2822265625 0.330078125 0.021484375 0.0234375
0 0.1103515625 0.33203125 0.029296875 0.02734375
0 0.3095703125 0.3125 0.029296875 0.02734375
0 0.05078125 0.3037109375 0.015625 0.013671875
0 0.095703125 0.3056640625 0.03515625 0.029296875
0 0.201171875 0.298828125 0.0234375 0.0234375
0 0.1708984375 0.302734375 0.025390625 0.03125
0 0.7421875 0.3232421875 0.07421875 0.076171875
0 0.908203125 0.3125 0.1015625 0.06640625
0 0.2275390625 0.2861328125 0.025390625 0.021484375
0 0.0791015625 0.2802734375 0.041015625 0.033203125
0 0.318359375 0.275390625 0.02734375 0.03125
0 0.2529296875 0.2685546875 0.025390625 0.021484375
0 0.0146484375 0.265625 0.017578125 0.015625
0 0.994140625 0.265625 0.01171875 0.01953125
0 0.8330078125 0.2587890625 0.076171875 0.029296875
0 0.2841796875 0.25 0.029296875 0.0234375
0 0.1435546875 0.2490234375 0.025390625 0.033203125
0 0.072265625 0.248046875 0.03125 0.03125
0 0.16796875 0.228515625 0.02734375 0.0234375
0 0.0517578125 0.2236328125 0.021484375 0.021484375
0 0.1953125 0.216796875 0.02734375 0.0234375
0 0.2255859375 0.208984375 0.025390625 0.03125
0 0.0380859375 0.1962890625 0.021484375 0.021484375
0 0.255859375 0.19140625 0.03515625 0.02734375
0 0.123046875 0.1904296875 0.03125 0.025390625
0 0.982421875 0.18359375 0.03515625 0.03125
0 0.9072265625 0.197265625 0.052734375 0.078125
0 0.76171875 0.208984375 0.06640625 0.1015625
0 0.025390625 0.169921875 0.0234375 0.0234375
0 0.8408203125 0.1669921875 0.060546875 0.029296875
0 0.171875 0.1650390625 0.02734375 0.025390625
0 0.10546875 0.1650390625 0.0234375 0.029296875
0 0.1484375 0.1572265625 0.015625 0.021484375
0 0.2001953125 0.15234375 0.025390625 0.0234375
0 0.0107421875 0.142578125 0.021484375 0.0234375
0 0.2255859375 0.1396484375 0.025390625 0.021484375
0 0.09375 0.13671875 0.0234375 0.0234375
0 0.12109375 0.1298828125 0.01953125 0.017578125
0 0.392578125 0.1328125 0.04296875 0.04296875
0 0.94140625 0.125 0.0390625 0.0390625
0 0.0830078125 0.1103515625 0.025390625 0.025390625
0 0.009765625 0.095703125 0.01953125 0.0390625
0 0.0751953125 0.0791015625 0.025390625 0.029296875
0 0.9814453125 0.09765625 0.037109375 0.0859375
0 0.0751953125 0.044921875 0.033203125 0.02734375
0 0.1357421875 0.0185546875 0.025390625 0.025390625
0 0.90234375 0.0419921875 0.1015625 0.076171875
0 0.81640625 0.0361328125 0.0390625 0.072265625
0 0.1865234375 0.001953125 0.005859375 0.00390625
0 0.1640625 0.0087890625 0.02734375 0.017578125