0 0.3583984375 0.990234375 0.021484375 0.01953125
0 0.103515625 0.9892578125 0.03515625 0.021484375
0 0.4130859375 0.9873046875 0.044921875 0.025390625
0 0.041015625 0.97265625 0.03125 0.0390625
0 0.2900390625 0.9716796875 0.037109375 0.044921875
0 0.0048828125 0.94921875 0.009765625 0.01953125
0 0.2109375 0.9296875 0.02734375 0.03515625
0 0.4501953125 0.904296875 0.033203125 0.03515625
0 0.1357421875 0.904296875 0.044921875 0.0546875
0 0.0849609375 0.888671875 0.025390625 0.03125
0 0.33984375 0.8818359375 0.04296875 0.029296875
0 0.04296875 0.8740234375 0.03515625 0.029296875
0 0.2060546875 0.8662109375 0.021484375 0.021484375
0 0.2529296875 0.845703125 0.037109375 0.03515625
0 0.00390625 0.8330078125 0.0078125 0.017578125
0 0.3916015625 0.837890625 0.033203125 0.03125
0 0.1982421875 0.8203125 0.025390625 0.046875
0 0.1416015625 0.79296875 0.033203125 0.03515625
0 0.005859375 0.78125 0.01171875 0.01953125
0 0.296875 0.7705078125 0.03125 0.037109375
0 0.41015625 0.76953125 0.03125 0.04296875
0 0.0830078125 0.767578125 0.033203125 0.0390625
0 0.0322265625 0.74609375 0.029296875 0.03125
0 0.2255859375 0.732421875 0.025390625 0.03125
0 0.0068359375 0.73046875 0.013671875 0.02734375
0 0.1845703125 0.7060546875 0.033203125 0.044921875
0 0.154296875 0.6962890625 0.03515625 0.037109375
0 0.3134765625 0.6962890625 0.025390625 0.041015625
0 0.45703125 0.689453125 0.05078125 0.05078125
0 0.126953125 0.6806640625 0.0390625 0.041015625
0 0.23046875 0.6708984375 0.03125 0.029296875
0 0.353515625 0.6533203125 0.02734375 0.037109375
0 0.0703125 0.6552734375 0.03515625 0.041015625
0 0.0419921875 0.6455078125 0.033203125 0.044921875
0 0.0126953125 0.63671875 0.025390625 0.03125
0 0.46875 0.6298828125 0.02734375 0.025390625
0 0.373046875 0.6123046875 0.02734375 0.037109375
0 0.4921875 0.5908203125 0.03125 0.029296875
0 0.08203125 0.5869140625 0.0390625 0.044921875
0 0.30859375 0.5703125 0.015625 0.015625
0 0.1787109375 0.564453125 0.021484375 0.0234375
0 0.0439453125 0.5712890625 0.029296875 0.037109375
0 0.3876953125 0.5673828125 0.041015625 0.041015625
0 0.1337890625 0.564453125 0.033203125 0.03515625
0 0.0166015625 0.556640625 0.029296875 0.03515625
0 0.5126953125 0.54296875 0.041015625 0.03515625
0 0.3291015625 0.5458984375 0.041015625 0.041015625
0 0.1064453125 0.51953125 0.025390625 0.03125
0 0.2685546875 0.515625 0.033203125 0.03515625
0 0.0751953125 0.5107421875 0.029296875 0.037109375
0 0.2109375 0.494140625 0.03125 0.03125
0 0.0400390625 0.4951171875 0.033203125 0.037109375
0 0.39453125 0.4873046875 0.03125 0.033203125
0 0.0087890625 0.486328125 0.017578125 0.03125
0 0.1689453125 0.482421875 0.033203125 0.03125
0 0.13671875 0.4677734375 0.03125 0.033203125
0 0.3486328125 0.4658203125 0.025390625 0.033203125
0 0.380859375 0.451171875 0.01953125 0.01953125
0 0.5439453125 0.4599609375 0.048828125 0.041015625
0 0.6015625 0.447265625 0.03125 0.02734375
0 0.015625 0.4482421875 0.03125 0.029296875
0 0.099609375 0.451171875 0.03515625 0.0390625
0 0.6318359375 0.4365234375 0.017578125 0.021484375
0 0.06640625 0.4404296875 0.02734375 0.033203125
0 0.3017578125 0.4443359375 0.033203125 0.044921875
0 0.3369140625 0.4296875 0.021484375 0.01953125
0 0.46484375 0.4296875 0.02734375 0.03515625
0 0.26953125 0.4296875 0.03515625 0.046875
0 0.0302734375 0.4111328125 0.033203125 0.029296875
0 0.40625 0.408203125 0.0390625 0.02734375
0 0.2373046875 0.4169921875 0.037109375 0.044921875
0 0.2060546875 0.4033203125 0.033203125 0.044921875
0 0.623046875 0.3974609375 0.03515625 0.041015625
0 0.34375 0.3818359375 0.03125 0.025390625
0 0.1748046875 0.3916015625 0.037109375 0.044921875
0 0.142578125 0.3798828125 0.03515625 0.044921875
0 0.30859375 0.3662109375 0.02734375 0.025390625
0 0.4951171875 0.3671875 0.033203125 0.0390625
0 0.1123046875 0.3671875 0.033203125 0.0390625
0 0.08203125 0.357421875 0.03515625 0.03515625
0 0.1689453125 0.341796875 0.017578125 0.01953125
0 0.2626953125 0.34765625 0.029296875 0.03515625
0 0.419921875 0.337890625 0.03125 0.02734375
0 0.05078125 0.33984375 0.03125 0.03515625
0 0.23046875 0.333984375 0.03125 0.03515625
0 0.2001953125 0.3212890625 0.029296875 0.037109375
0 0.3603515625 0.314453125 0.029296875 0.03125
0 0.51953125 0.310546875 0.03515625 0.03125
0 0.1708984375 0.306640625 0.033203125 0.03515625
0 0.623046875 0.30859375 0.04296875 0.0546875
0 0.4404296875 0.2919921875 0.021484375 0.021484375
0 0.306640625 0.2939453125 0.02734375 0.025390625
0 0.140625 0.2978515625 0.03125 0.033203125
0 0.0869140625 0.2978515625 0.041015625 0.037109375
0 0.537109375 0.28515625 0.02734375 0.0234375
0 0.51171875 0.275390625 0.01953125 0.01953125
0 0.4013671875 0.275390625 0.017578125 0.01953125
0 0.271484375 0.2763671875 0.03125 0.025390625
0 0.484375 0.2705078125 0.02734375 0.033203125
0 0.1015625 0.2646484375 0.04296875 0.041015625
0 0.458984375 0.2578125 0.02734375 0.03125
0 0.6953125 0.26171875 0.0390625 0.046875
0 0.7255859375 0.2451171875 0.017578125 0.021484375
0 0.4287109375 0.2529296875 0.033203125 0.037109375
0 0.9765625 0.240234375 0.03125 0.02734375
0 0.3896484375 0.2431640625 0.029296875 0.041015625
0 0.009765625 0.234375 0.01953125 0.02734375
0 0.5634765625 0.234375 0.037109375 0.03515625
0 0.1572265625 0.2255859375 0.033203125 0.025390625
0 0.2568359375 0.21875 0.021484375 0.01953125
0 0.2197265625 0.2216796875 0.044921875 0.037109375
0 0.923828125 0.21875 0.03515625 0.03515625
0 0.5185546875 0.2158203125 0.029296875 0.033203125
0 0.310546875 0.2119140625 0.05078125 0.033203125
0 0.0234375 0.205078125 0.02734375 0.0234375
0 0.873046875 0.2060546875 0.04296875 0.033203125
0 0.1171875 0.2021484375 0.0234375 0.029296875
0 0.8173828125 0.19921875 0.037109375 0.03515625
0 0.548828125 0.1865234375 0.01953125 0.017578125
0 0.4482421875 0.1904296875 0.033203125 0.025390625
0 0.7861328125 0.185546875 0.017578125 0.01953125
0 0.7578125 0.1904296875 0.03125 0.029296875
0 0.5849609375 0.189453125 0.033203125 0.02734375
0 0.4814453125 0.193359375 0.033203125 0.04296875
0 0.03515625 0.173828125 0.02734375 0.02734375
0 0.21875 0.173828125 0.0390625 0.03125
0 0.9921875 0.1650390625 0.015625 0.029296875
0 0.6943359375 0.1669921875 0.033203125 0.033203125
0 0.46875 0.1591796875 0.01953125 0.021484375
0 0.783203125 0.1474609375 0.01953125 0.017578125
0 0.3779296875 0.154296875 0.025390625 0.03515625
0 0.4169921875 0.15625 0.033203125 0.04296875
0 0.953125 0.146484375 0.03515625 0.02734375
0 0.14453125 0.1455078125 0.0234375 0.033203125
0 0.0458984375 0.1416015625 0.029296875 0.025390625
0 0.349609375 0.1435546875 0.0234375 0.033203125
0 0.5595703125 0.1328125 0.025390625 0.0234375
0 0.32421875 0.1318359375 0.03125 0.041015625
0 0.9013671875 0.13671875 0.044921875 0.0546875
0 0.3740234375 0.1171875 0.017578125 0.01953125
0 0.71875 0.1201171875 0.02734375 0.033203125
0 0.255859375 0.1162109375 0.02734375 0.029296875
0 0.8330078125 0.111328125 0.041015625 0.03515625
0 0.626953125 0.107421875 0.02734375 0.03125
0 0.2861328125 0.1162109375 0.037109375 0.048828125
0 0.220703125 0.1025390625 0.02734375 0.029296875
0 0.0712890625 0.099609375 0.021484375 0.0234375
0 0.576171875 0.091796875 0.01953125 0.01953125
0 0.1875 0.083984375 0.02734375 0.02734375
0 0.3115234375 0.072265625 0.017578125 0.015625
0 0.2119140625 0.0732421875 0.021484375 0.017578125
0 0.0927734375 0.0693359375 0.025390625 0.025390625
0 0.7451171875 0.0732421875 0.044921875 0.037109375
0 0.5546875 0.037109375 0.015625 0.01953125
0 0.072265625 0.0439453125 0.03515625 0.041015625
0 0.662109375 0.0380859375 0.03125 0.033203125
0 0.2041015625 0.03515625 0.041015625 0.03125
0 0.109375 0.037109375 0.03125 0.03515625
0 0.6103515625 0.0234375 0.033203125 0.03515625
0 0.98046875 0.021484375 0.0390625 0.03515625
0 0.5244140625 0.0107421875 0.017578125 0.017578125
0 0.9169921875 0.0107421875 0.037109375 0.021484375
0 0.8828125 0.00390625 0.01953125 0.0078125
0 0.578125 0.0146484375 0.03515625 0.029296875
0 0.5458984375 0.0087890625 0.017578125 0.017578125
0 0.50390625 0.0029296875 0.015625 0.005859375
0 0.42578125 0.00390625 0.015625 0.0078125
0 0.2197265625 0.0078125 0.037109375 0.015625
0 0.02734375 0.015625 0.02734375 0.03125