0 0.4140625 0.9609375 0.23046875 0.078125
0 0.791015625 0.3779296875 0.015625 0.013671875
0 0.7119140625 0.3681640625 0.033203125 0.029296875
0 0.708984375 0.337890625 0.015625 0.01953125
0 0.8037109375 0.33984375 0.029296875 0.0390625
0 0.685546875 0.2578125 0.06640625 0.046875
0 0.9931640625 0.2138671875 0.013671875 0.025390625
0 0.75390625 0.197265625 0.03515625 0.02734375
0 0.59765625 0.19921875 0.046875 0.03515625
0 0.8369140625 0.1923828125 0.044921875 0.029296875
0 0.90625 0.171875 0.0234375 0.02734375
0 0.5615234375 0.0107421875 0.037109375 0.021484375