0 0.783203125 0.9638671875 0.0234375 0.029296875
0 0.7900390625 0.931640625 0.017578125 0.0234375
0 0.9931640625 0.8857421875 0.013671875 0.029296875
0 0.1005859375 0.9326171875 0.201171875 0.134765625
0 0.94140625 0.8779296875 0.0390625 0.029296875
0 0.88671875 0.861328125 0.0390625 0.03515625
0 0.9873046875 0.8447265625 0.013671875 0.013671875
0 0.8955078125 0.8310546875 0.013671875 0.017578125
0 0.7685546875 0.8427734375 0.041015625 0.041015625
0 0.4306640625 0.828125 0.142578125 0.05859375
0 0.9560546875 0.791015625 0.037109375 0.03515625
0 0.763671875 0.7880859375 0.0234375 0.041015625
0 0.8974609375 0.783203125 0.052734375 0.03515625
0 0.677734375 0.76171875 0.05859375 0.03125
0 0.091796875 0.775390625 0.16796875 0.06640625
0 0.5546875 0.796875 0.0625 0.1484375
0 0.0966796875 0.7412109375 0.166015625 0.041015625
0 0.00390625 0.724609375 0.0078125 0.01953125
0 0.4453125 0.7294921875 0.14453125 0.056640625
0 0.97265625 0.71484375 0.03515625 0.03515625
0 0.30859375 0.7587890625 0.0625 0.138671875
0 0.896484375 0.7041015625 0.02734375 0.041015625
0 0.994140625 0.689453125 0.01171875 0.015625
0 0.2197265625 0.7470703125 0.076171875 0.142578125
0 0.7705078125 0.6796875 0.048828125 0.046875
0 0.6591796875 0.666015625 0.025390625 0.04296875
0 0.1005859375 0.6806640625 0.201171875 0.080078125
0 0.9130859375 0.6494140625 0.041015625 0.025390625
0 0.451171875 0.66015625 0.2265625 0.0625
0 0.94140625 0.6337890625 0.01171875 0.013671875
0 0.990234375 0.6416015625 0.01953125 0.041015625
0 0.96484375 0.634765625 0.02734375 0.03515625
0 0.6953125 0.6484375 0.0390625 0.07421875
0 0.6572265625 0.6259765625 0.021484375 0.029296875
0 0.916015625 0.6171875 0.03515625 0.02734375
0 0.767578125 0.6142578125 0.0390625 0.021484375
0 0.8349609375 0.6201171875 0.041015625 0.041015625
0 0.8037109375 0.6025390625 0.013671875 0.017578125
0 0.6689453125 0.5908203125 0.025390625 0.033203125
0 0.58984375 0.6259765625 0.046875 0.142578125
0 0.169921875 0.5439453125 0.04296875 0.029296875
0 0.23046875 0.5810546875 0.09375 0.123046875
0 0.328125 0.5859375 0.05078125 0.140625
0 0.041015625 0.5224609375 0.04296875 0.033203125
0 0.1005859375 0.5634765625 0.091796875 0.123046875
0 0.009765625 0.5458984375 0.01953125 0.115234375
0 0.96875 0.470703125 0.0625 0.12109375
0 0.759765625 0.451171875 0.2109375 0.1640625
0 0.556640625 0.43359375 0.18359375 0.18359375
0 0.3974609375 0.4052734375 0.146484375 0.177734375
0 0.2109375 0.3427734375 0.05859375 0.099609375
0 0.1416015625 0.3271484375 0.095703125 0.095703125
0 0.158203125 0.369140625 0.31640625 0.2109375
0 0.427734375 0.1865234375 0.1171875 0.076171875
0 0.611328125 0.1669921875 0.23828125 0.150390625
0 0.4404296875 0.076171875 0.134765625 0.109375
0 0.33984375 0.033203125 0.0546875 0.06640625
0 0.2568359375 0.0048828125 0.037109375 0.009765625
0 0.0537109375 0.078125 0.107421875 0.15625