0 0.6943359375 0.998046875 0.005859375 0.00390625
0 0.7587890625 0.994140625 0.025390625 0.01171875
0 0.5908203125 0.9912109375 0.037109375 0.017578125
0 0.716796875 0.98828125 0.03515625 0.0234375
0 0.4892578125 0.984375 0.056640625 0.03125
0 0.611328125 0.9794921875 0.05078125 0.041015625
0 0.7373046875 0.9716796875 0.037109375 0.033203125
0 0.8212890625 0.95703125 0.037109375 0.0390625
0 0.638671875 0.9462890625 0.0390625 0.033203125
0 0.8671875 0.9375 0.015625 0.01953125
0 0.9296875 0.9619140625 0.0859375 0.076171875
0 0.80078125 0.9404296875 0.03515625 0.037109375
0 0.76171875 0.93359375 0.04296875 0.0390625
0 0.5185546875 0.9560546875 0.091796875 0.083984375
0 0.408203125 0.9453125 0.07421875 0.06640625
0 0.6572265625 0.9248046875 0.041015625 0.037109375
0 0.857421875 0.9111328125 0.0390625 0.044921875
0 0.6708984375 0.9052734375 0.041015625 0.037109375
0 0.927734375 0.890625 0.03125 0.0234375
0 0.8388671875 0.8935546875 0.037109375 0.037109375
0 0.79296875 0.8837890625 0.03515625 0.033203125
0 0.6845703125 0.884765625 0.041015625 0.03515625
0 0.8095703125 0.8642578125 0.037109375 0.033203125
0 0.9306640625 0.859375 0.025390625 0.02734375
0 0.880859375 0.8427734375 0.0234375 0.025390625
0 0.41796875 0.876953125 0.1171875 0.09765625
0 0.72265625 0.845703125 0.04296875 0.04296875
0 0.9384765625 0.828125 0.025390625 0.02734375
0 0.8427734375 0.8203125 0.037109375 0.03515625
0 0.7431640625 0.814453125 0.052734375 0.05078125
0 0.86328125 0.7998046875 0.0390625 0.037109375
0 0.7666015625 0.78515625 0.037109375 0.03125
0 0.998046875 0.7666015625 0.00390625 0.021484375
0 0.8935546875 0.759765625 0.041015625 0.0390625
0 0.5625 0.833984375 0.21484375 0.19921875
0 0.970703125 0.73828125 0.01953125 0.02734375
0 0.798828125 0.740234375 0.03125 0.03125
0 0.90625 0.7373046875 0.03515625 0.033203125
0 0.814453125 0.71875 0.03515625 0.03125
0 0.83203125 0.697265625 0.03515625 0.03125
0 0.8486328125 0.6806640625 0.037109375 0.033203125
0 0.9775390625 0.6728515625 0.021484375 0.025390625
0 0.8701171875 0.6650390625 0.025390625 0.025390625
0 0.837890625 0.6533203125 0.01953125 0.017578125
0 0.9912109375 0.634765625 0.017578125 0.03125
0 0.990234375 0.607421875 0.01953125 0.0234375
0 0.8701171875 0.619140625 0.056640625 0.05078125
0 0.6552734375 0.6806640625 0.228515625 0.212890625
0 0.880859375 0.568359375 0.0234375 0.03515625
0 0.92578125 0.5439453125 0.0390625 0.076171875
0 0.9736328125 0.5244140625 0.037109375 0.041015625
0 0.9658203125 0.4716796875 0.068359375 0.072265625