0 0.9755859375 0.998046875 0.009765625 0.00390625
0 0.572265625 0.998046875 0.00390625 0.00390625
0 0.4453125 0.998046875 0.00390625 0.00390625
0 0.8134765625 0.9970703125 0.025390625 0.005859375
0 0.5341796875 0.9970703125 0.017578125 0.005859375
0 0.7783203125 0.99609375 0.025390625 0.0078125
0 0.5908203125 0.99609375 0.021484375 0.0078125
0 0.84375 0.9951171875 0.0234375 0.009765625
0 0.6240234375 0.994140625 0.025390625 0.01171875
0 0.744140625 0.9931640625 0.02734375 0.013671875
0 0.7197265625 0.9931640625 0.013671875 0.013671875
0 0.8994140625 0.9921875 0.021484375 0.015625
0 0.8720703125 0.9921875 0.021484375 0.015625
0 0.92578125 0.9912109375 0.0234375 0.017578125
0 0.4833984375 0.9912109375 0.041015625 0.017578125
0 0.30078125 0.986328125 0.046875 0.02734375
0 0.6162109375 0.9755859375 0.017578125 0.017578125
0 0.3779296875 0.9814453125 0.025390625 0.029296875
0 0.3515625 0.9833984375 0.0234375 0.033203125
0 0.916015625 0.970703125 0.015625 0.01171875
0 0.8134765625 0.9765625 0.064453125 0.0234375
0 0.6845703125 0.9765625 0.041015625 0.03125
0 0.958984375 0.9765625 0.0390625 0.03515625
0 0.4365234375 0.96875 0.033203125 0.03515625
0 0.4658203125 0.9609375 0.021484375 0.0234375
0 0.4970703125 0.9619140625 0.025390625 0.033203125
0 0.7216796875 0.955078125 0.025390625 0.0234375
0 0.873046875 0.953125 0.015625 0.0234375
0 0.9267578125 0.94921875 0.048828125 0.0234375
0 0.54296875 0.9638671875 0.0546875 0.060546875
0 0.8173828125 0.9462890625 0.037109375 0.033203125
0 0.6005859375 0.9560546875 0.056640625 0.068359375
0 0.669921875 0.935546875 0.03125 0.05078125
0 0.767578125 0.9189453125 0.03125 0.052734375
0 0.7119140625 0.916015625 0.052734375 0.05078125
0 0.7958984375 0.89453125 0.025390625 0.03125
0 0.8330078125 0.8896484375 0.033203125 0.029296875
0 0.8759765625 0.888671875 0.044921875 0.04296875
0 0.935546875 0.88671875 0.03515625 0.0625
0 0.5478515625 0.8720703125 0.033203125 0.041015625
0 0.6259765625 0.8564453125 0.076171875 0.048828125
0 0.705078125 0.8408203125 0.03125 0.037109375
0 0.533203125 0.8447265625 0.046875 0.052734375
0 0.595703125 0.8232421875 0.03515625 0.029296875
0 0.8193359375 0.8173828125 0.041015625 0.029296875
0 0.6396484375 0.8134765625 0.037109375 0.025390625
0 0.537109375 0.8056640625 0.0234375 0.021484375
0 0.697265625 0.80078125 0.03515625 0.03125
0 0.9306640625 0.7958984375 0.037109375 0.025390625
0 0.751953125 0.8037109375 0.04296875 0.041015625
0 0.5888671875 0.79296875 0.037109375 0.03125
0 0.6328125 0.7861328125 0.0390625 0.029296875
0 0.5244140625 0.7744140625 0.041015625 0.029296875
0 0.8095703125 0.7744140625 0.029296875 0.033203125
0 0.69140625 0.7705078125 0.0390625 0.025390625
0 0.931640625 0.765625 0.03515625 0.0234375
0 0.88671875 0.7841796875 0.046875 0.072265625
0 0.5830078125 0.7626953125 0.037109375 0.033203125
0 0.626953125 0.7548828125 0.03515625 0.033203125
0 0.5205078125 0.74609375 0.037109375 0.03125
0 0.935546875 0.7373046875 0.02734375 0.017578125
0 0.6845703125 0.7412109375 0.041015625 0.025390625
0 0.802734375 0.7373046875 0.02734375 0.033203125
0 0.4404296875 0.8212890625 0.150390625 0.201171875
0 0.2958984375 0.814453125 0.072265625 0.19140625
0 0.5751953125 0.7314453125 0.037109375 0.029296875
0 0.62109375 0.7236328125 0.03515625 0.029296875
0 0.513671875 0.716796875 0.03515625 0.02734375
0 0.677734375 0.7119140625 0.0390625 0.029296875
0 0.5693359375 0.7060546875 0.037109375 0.029296875
0 0.7939453125 0.703125 0.029296875 0.03125
0 0.8662109375 0.7001953125 0.033203125 0.033203125
0 0.6142578125 0.6962890625 0.033203125 0.029296875
0 0.50390625 0.693359375 0.04296875 0.02734375
0 0.9287109375 0.6865234375 0.033203125 0.017578125
0 0.671875 0.685546875 0.0390625 0.02734375
0 0.498046875 0.66796875 0.04296875 0.02734375
0 0.6640625 0.658203125 0.03515625 0.03125
0 0.5595703125 0.666015625 0.041015625 0.0546875
0 0.8544921875 0.6494140625 0.037109375 0.025390625
0 0.7861328125 0.65234375 0.029296875 0.046875
0 0.60546875 0.6572265625 0.0390625 0.056640625
0 0.4951171875 0.6376953125 0.037109375 0.029296875
0 0.916015625 0.638671875 0.046875 0.0390625
0 0.658203125 0.6318359375 0.03515625 0.029296875
0 0.5498046875 0.6259765625 0.033203125 0.029296875
0 0.6953125 0.62890625 0.0234375 0.0390625
0 0.845703125 0.6162109375 0.02734375 0.029296875
0 0.599609375 0.6162109375 0.03515625 0.029296875
0 0.7744140625 0.6064453125 0.033203125 0.025390625
0 0.6513671875 0.6044921875 0.033203125 0.029296875
0 0.9013671875 0.58984375 0.037109375 0.0234375
0 0.5751953125 0.58984375 0.029296875 0.03515625
0 0.8466796875 0.5859375 0.041015625 0.03125
0 0.3681640625 0.6279296875 0.197265625 0.130859375
0 0.64453125 0.576171875 0.03125 0.03125
0 0.9208984375 0.564453125 0.029296875 0.015625
0 0.6865234375 0.572265625 0.025390625 0.0390625
0 0.4755859375 0.56640625 0.033203125 0.02734375
0 0.712890625 0.56640625 0.02734375 0.0390625
0 0.75390625 0.5595703125 0.0546875 0.029296875
0 0.8369140625 0.552734375 0.041015625 0.0234375
0 0.62109375 0.5517578125 0.03125 0.033203125
0 0.4580078125 0.548828125 0.029296875 0.02734375
0 0.921875 0.5419921875 0.02734375 0.017578125
0 0.525390625 0.546875 0.03125 0.03515625
0 0.587890625 0.5390625 0.02734375 0.02734375
0 0.5576171875 0.5400390625 0.029296875 0.029296875
0 0.89453125 0.529296875 0.015625 0.01953125
0 0.755859375 0.52734375 0.0390625 0.0234375
0 0.4912109375 0.5146484375 0.033203125 0.033203125
0 0.919921875 0.50390625 0.04296875 0.03125
0 0.8779296875 0.5029296875 0.021484375 0.037109375
0 0.4677734375 0.4970703125 0.029296875 0.029296875
0 0.8369140625 0.51171875 0.056640625 0.0625
0 0.8203125 0.5 0.0390625 0.04296875
0 0.7138671875 0.4912109375 0.025390625 0.033203125
0 0.7490234375 0.484375 0.033203125 0.0234375
0 0.6865234375 0.4892578125 0.025390625 0.041015625
0 0.658203125 0.484375 0.0234375 0.03515625
0 0.62890625 0.4765625 0.0234375 0.03125
0 0.4931640625 0.4716796875 0.052734375 0.033203125
0 0.6015625 0.470703125 0.02734375 0.03515625
0 0.57421875 0.4658203125 0.03125 0.041015625
0 0.5283203125 0.4580078125 0.017578125 0.025390625
0 0.5517578125 0.44921875 0.025390625 0.0234375
0 0.5078125 0.4326171875 0.03125 0.029296875
0 0.8642578125 0.423828125 0.025390625 0.0390625
0 0.8330078125 0.4169921875 0.025390625 0.044921875
0 0.80859375 0.416015625 0.0234375 0.04296875
0 0.7275390625 0.4111328125 0.029296875 0.033203125
0 0.7841796875 0.4130859375 0.021484375 0.041015625
0 0.7587890625 0.4111328125 0.025390625 0.041015625
0 0.671875 0.40234375 0.02734375 0.0390625
0 0.640625 0.3955078125 0.0234375 0.033203125
0 0.7607421875 0.375 0.017578125 0.01953125
0 0.6142578125 0.38671875 0.029296875 0.04296875
0 0.84765625 0.3740234375 0.0234375 0.029296875
0 0.5859375 0.3779296875 0.03515625 0.041015625
0 0.7900390625 0.3642578125 0.025390625 0.029296875
0 0.6318359375 0.35546875 0.017578125 0.015625
0 0.755859375 0.3544921875 0.01953125 0.017578125
0 0.552734375 0.3671875 0.046875 0.04296875
0 0.732421875 0.353515625 0.01953125 0.01953125
0 0.6083984375 0.345703125 0.021484375 0.01953125
0 0.6787109375 0.3427734375 0.033203125 0.025390625
0 0.572265625 0.3310546875 0.0390625 0.033203125
0 0.8525390625 0.3251953125 0.021484375 0.037109375
0 0.8984375 0.3779296875 0.0703125 0.146484375
0 0.8154296875 0.3212890625 0.021484375 0.037109375
0 0.7880859375 0.3173828125 0.021484375 0.037109375
0 0.755859375 0.3125 0.0234375 0.0390625
0 0.7265625 0.30859375 0.0234375 0.0390625
0 0.69921875 0.3076171875 0.02734375 0.037109375
0 0.6689453125 0.30078125 0.029296875 0.0390625
0 0.640625 0.2919921875 0.02734375 0.033203125
0 0.9892578125 0.26953125 0.021484375 0.04296875
0 0.5859375 0.279296875 0.0625 0.08203125
0 0.8466796875 0.2353515625 0.021484375 0.037109375
0 0.984375 0.228515625 0.03125 0.03125
0 0.8173828125 0.2333984375 0.025390625 0.041015625
0 0.7861328125 0.2294921875 0.025390625 0.037109375
0 0.7578125 0.2275390625 0.02734375 0.037109375
0 0.89453125 0.234375 0.0546875 0.05859375
0 0.7255859375 0.22265625 0.025390625 0.0390625
0 0.6904296875 0.2177734375 0.025390625 0.037109375
0 0.9853515625 0.1953125 0.029296875 0.0234375
0 0.642578125 0.193359375 0.07421875 0.07421875
0 0.8828125 0.1064453125 0.05859375 0.099609375
0 0.986328125 0.1005859375 0.02734375 0.099609375
0 0.998046875 0.03125 0.00390625 0.00390625
0 0.142578125 0.017578125 0.02734375 0.02734375