0 0.9951171875 0.9833984375 0.009765625 0.013671875
0 0.947265625 0.970703125 0.046875 0.0234375
0 0.7734375 0.6826171875 0.01953125 0.021484375
0 0.572265625 0.6689453125 0.03125 0.021484375
0 0.5009765625 0.634765625 0.021484375 0.0234375
0 0.6064453125 0.607421875 0.037109375 0.05078125
0 0.9814453125 0.576171875 0.017578125 0.01953125
0 0.9873046875 0.5537109375 0.025390625 0.021484375
0 0.515625 0.5576171875 0.04296875 0.033203125
0 0.7236328125 0.546875 0.029296875 0.01953125
0 0.8291015625 0.541015625 0.033203125 0.02734375
0 0.6376953125 0.537109375 0.037109375 0.0234375
0 0.876953125 0.5341796875 0.0234375 0.025390625
0 0.927734375 0.52734375 0.01953125 0.0234375
0 0.9912109375 0.5166015625 0.017578125 0.025390625
0 0.55859375 0.4892578125 0.02734375 0.041015625
0 0.8330078125 0.4560546875 0.029296875 0.025390625
0 0.7685546875 0.4580078125 0.033203125 0.029296875
0 0.9794921875 0.447265625 0.021484375 0.015625
0 0.880859375 0.4501953125 0.0234375 0.025390625
0 0.8076171875 0.4384765625 0.017578125 0.017578125
0 0.6806640625 0.4404296875 0.021484375 0.025390625
0 0.935546875 0.44140625 0.0234375 0.03125
0 0.583984375 0.4306640625 0.02734375 0.033203125
0 0.8798828125 0.392578125 0.029296875 0.0234375
0 0.994140625 0.38671875 0.01171875 0.015625
0 0.0458984375 0.3916015625 0.025390625 0.025390625
0 0.611328125 0.365234375 0.0234375 0.02734375
0 0.7197265625 0.357421875 0.037109375 0.04296875
0 0.98046875 0.3427734375 0.0234375 0.025390625
0 0.0634765625 0.3359375 0.037109375 0.0390625
0 0.1201171875 0.310546875 0.025390625 0.02734375
0 0.978515625 0.3037109375 0.015625 0.017578125
0 0.6298828125 0.2998046875 0.037109375 0.033203125
0 0.734375 0.28125 0.02734375 0.04296875
0 0.080078125 0.25 0.03515625 0.05078125
0 0.64453125 0.2294921875 0.02734375 0.025390625
0 0.0078125 0.2294921875 0.015625 0.029296875
0 0.970703125 0.22265625 0.01953125 0.03125
0 0.7333984375 0.2119140625 0.025390625 0.029296875
0 0.0107421875 0.1962890625 0.017578125 0.017578125
0 0.119140625 0.1875 0.03515625 0.03515625
0 0.6474609375 0.1650390625 0.021484375 0.025390625
0 0.9736328125 0.14453125 0.033203125 0.02734375
0 0.7275390625 0.1435546875 0.021484375 0.041015625
0 0.0419921875 0.13671875 0.044921875 0.03125
0 0.1513671875 0.1240234375 0.041015625 0.033203125
0 0.3349609375 0.111328125 0.037109375 0.02734375
0 0.208984375 0.0966796875 0.02734375 0.033203125
0 0.958984375 0.0654296875 0.03125 0.033203125
0 0.0732421875 0.0556640625 0.052734375 0.037109375
0 0.0029296875 0.04296875 0.005859375 0.01953125
0 0.5693359375 0.0439453125 0.037109375 0.025390625
0 0.486328125 0.052734375 0.06640625 0.04296875
0 0.1533203125 0.0361328125 0.048828125 0.029296875
0 0.6328125 0.033203125 0.03125 0.02734375
0 0.7138671875 0.037109375 0.025390625 0.0390625
0 0.7666015625 0.01953125 0.037109375 0.0234375
0 0.818359375 0.021484375 0.0390625 0.03515625
0 0.9462890625 0.01171875 0.056640625 0.0234375
0 0.869140625 0.01171875 0.03515625 0.0234375