0 0.2548828125 0.99609375 0.021484375 0.0078125
0 0.6787109375 0.9921875 0.017578125 0.015625
0 0.990234375 0.9912109375 0.01953125 0.017578125
0 0.92578125 0.9912109375 0.02734375 0.017578125
0 0.705078125 0.986328125 0.02734375 0.02734375
0 0.8857421875 0.9833984375 0.029296875 0.025390625
0 0.048828125 0.9853515625 0.03125 0.029296875
0 0.25390625 0.978515625 0.02734375 0.01953125
0 0.8505859375 0.98046875 0.029296875 0.03515625
0 0.6533203125 0.9697265625 0.037109375 0.025390625
0 0.9931640625 0.9619140625 0.013671875 0.013671875
0 0.802734375 0.953125 0.03125 0.03515625
0 0.06640625 0.9482421875 0.02734375 0.029296875
0 0.86328125 0.9384765625 0.015625 0.013671875
0 0.8876953125 0.9375 0.013671875 0.01953125
0 0.94921875 0.939453125 0.03125 0.02734375
0 0.9111328125 0.92578125 0.029296875 0.0234375
0 0.689453125 0.9248046875 0.02734375 0.025390625
0 0.7294921875 0.9287109375 0.029296875 0.037109375
0 0.2587890625 0.9169921875 0.025390625 0.025390625
0 0.869140625 0.916015625 0.03125 0.02734375
0 0.8193359375 0.9091796875 0.025390625 0.044921875
0 0.255859375 0.8779296875 0.03515625 0.025390625
0 0.0986328125 0.8818359375 0.025390625 0.041015625
0 0.958984375 0.869140625 0.03125 0.02734375
0 0.900390625 0.8544921875 0.02734375 0.025390625
0 0.3603515625 0.91796875 0.099609375 0.1640625
0 0.11328125 0.83984375 0.03515625 0.0234375
0 0.2568359375 0.8408203125 0.033203125 0.029296875
0 0.02734375 0.828125 0.0234375 0.03125
0 0.2607421875 0.794921875 0.033203125 0.0234375
0 0.7451171875 0.7958984375 0.021484375 0.029296875
0 0.1103515625 0.7978515625 0.029296875 0.041015625
0 0.67578125 0.7822265625 0.02734375 0.021484375
0 0.6162109375 0.7744140625 0.025390625 0.017578125
0 0.03515625 0.7705078125 0.03125 0.021484375
0 0.888671875 0.755859375 0.01953125 0.01953125
0 0.623046875 0.75390625 0.03125 0.0234375
0 0.041015625 0.75 0.01953125 0.015625
0 0.9912109375 0.7509765625 0.013671875 0.021484375
0 0.99609375 0.7255859375 0.0078125 0.013671875
0 0.12109375 0.7353515625 0.03125 0.033203125
0 0.970703125 0.7275390625 0.02734375 0.037109375
0 0.3330078125 0.716796875 0.021484375 0.015625
0 0.9423828125 0.7138671875 0.025390625 0.029296875
0 0.9091796875 0.7109375 0.033203125 0.03125
0 0.873046875 0.7060546875 0.03125 0.029296875
0 0.7587890625 0.69921875 0.029296875 0.0390625
0 0.33984375 0.6884765625 0.03125 0.021484375
0 0.126953125 0.681640625 0.03125 0.02734375
0 0.0556640625 0.673828125 0.025390625 0.03125
0 0.513671875 0.658203125 0.0234375 0.0234375
0 0.3330078125 0.6435546875 0.025390625 0.025390625
0 0.357421875 0.6328125 0.015625 0.01953125
0 0.13671875 0.634765625 0.03125 0.02734375
0 0.224609375 0.6240234375 0.0234375 0.021484375
0 0.3369140625 0.611328125 0.021484375 0.0234375
0 0.9111328125 0.611328125 0.048828125 0.05859375
0 0.1455078125 0.591796875 0.025390625 0.03125
0 0.2763671875 0.595703125 0.029296875 0.04296875
0 0.0751953125 0.583984375 0.033203125 0.03515625
0 0.9091796875 0.5595703125 0.033203125 0.025390625
0 0.150390625 0.5498046875 0.02734375 0.021484375
0 0.0302734375 0.5302734375 0.025390625 0.021484375
0 0.923828125 0.52734375 0.02734375 0.0234375
0 0.083984375 0.521484375 0.0234375 0.0234375
0 0.9619140625 0.4814453125 0.041015625 0.048828125
0 0.2333984375 0.4580078125 0.041015625 0.033203125
0 0.134765625 0.4580078125 0.03125 0.033203125
0 0.037109375 0.447265625 0.03125 0.0234375
0 0.73828125 0.470703125 0.125 0.12890625
0 0.2021484375 0.41015625 0.037109375 0.0390625
0 0.103515625 0.40234375 0.03125 0.0390625
0 0.82421875 0.3779296875 0.04296875 0.029296875
0 0.029296875 0.376953125 0.03125 0.02734375
0 0.9619140625 0.3720703125 0.029296875 0.033203125
0 0.802734375 0.349609375 0.015625 0.015625
0 0.1767578125 0.357421875 0.037109375 0.03515625
0 0.7744140625 0.306640625 0.021484375 0.01953125
0 0.810546875 0.31640625 0.04296875 0.04296875
0 0.162109375 0.30078125 0.03515625 0.03125
0 0.984375 0.294921875 0.03125 0.0234375
0 0.001953125 0.2900390625 0.00390625 0.021484375
0 0.0361328125 0.2822265625 0.037109375 0.033203125
0 0.8974609375 0.275390625 0.056640625 0.0390625
0 0.1201171875 0.2587890625 0.041015625 0.041015625
0 0.779296875 0.2265625 0.03515625 0.03125
0 0.994140625 0.220703125 0.01171875 0.0234375
0 0.0859375 0.2001953125 0.03125 0.033203125
0 0.84375 0.185546875 0.02734375 0.03515625
0 0.0107421875 0.1513671875 0.021484375 0.037109375
0 0.7421875 0.1484375 0.04296875 0.04296875
0 0.951171875 0.125 0.03515625 0.05078125
0 0.73046875 0.1005859375 0.0234375 0.029296875
0 0.869140625 0.0986328125 0.02734375 0.033203125
0 0.833984375 0.0771484375 0.03515625 0.033203125
0 0.931640625 0.060546875 0.015625 0.01171875
0 0.96484375 0.0595703125 0.03515625 0.025390625
0 0.7001953125 0.0478515625 0.033203125 0.037109375
0 0.7841796875 0.0400390625 0.025390625 0.029296875
0 0.974609375 0.0322265625 0.03515625 0.033203125
0 0.9609375 0.001953125 0.01171875 0.00390625
0 0.8466796875 0.0107421875 0.033203125 0.021484375
0 0.76953125 0.0107421875 0.02734375 0.021484375
0 0.6484375 0.0078125 0.01953125 0.015625