0 0.9267578125 0.99609375 0.013671875 0.0078125
0 0.7900390625 0.9921875 0.025390625 0.015625
0 0.900390625 0.9873046875 0.03515625 0.025390625
0 0.61328125 0.98046875 0.046875 0.0390625
0 0.8798828125 0.9765625 0.033203125 0.03515625
0 0.986328125 0.978515625 0.02734375 0.04296875
0 0.8544921875 0.95703125 0.033203125 0.03515625
0 0.96484375 0.9580078125 0.04296875 0.048828125
0 0.77734375 0.951171875 0.04296875 0.0390625
0 0.8330078125 0.9423828125 0.033203125 0.033203125
0 0.94140625 0.9423828125 0.03515625 0.037109375
0 0.79296875 0.9306640625 0.0390625 0.037109375
0 0.419921875 0.955078125 0.078125 0.08984375
0 0.99609375 0.916015625 0.0078125 0.015625
0 0.9150390625 0.9248046875 0.033203125 0.033203125
0 0.9970703125 0.90234375 0.005859375 0.0078125
0 0.802734375 0.91015625 0.03515625 0.03515625
0 0.8896484375 0.90625 0.033203125 0.04296875
0 0.9794921875 0.8779296875 0.041015625 0.044921875
0 0.84375 0.8701171875 0.03515625 0.029296875
0 0.734375 0.865234375 0.03515625 0.03125
0 0.5771484375 0.916015625 0.197265625 0.15234375
0 0.951171875 0.8583984375 0.0390625 0.041015625
0 0.8642578125 0.849609375 0.041015625 0.0390625
0 0.75390625 0.8447265625 0.03125 0.029296875
0 0.7265625 0.8251953125 0.02734375 0.029296875
0 0.7666015625 0.82421875 0.037109375 0.03515625
0 0.7900390625 0.8017578125 0.033203125 0.033203125
0 0.728515625 0.798828125 0.02734375 0.02734375
0 0.9912109375 0.80078125 0.017578125 0.03515625
0 0.90234375 0.8154296875 0.06640625 0.080078125
0 0.8046875 0.7841796875 0.03125 0.033203125
0 0.74609375 0.78125 0.03515625 0.03125
0 0.9697265625 0.7783203125 0.033203125 0.033203125
0 0.69140625 0.771484375 0.0234375 0.0234375
0 0.822265625 0.7666015625 0.03515625 0.029296875
0 0.7626953125 0.7607421875 0.033203125 0.029296875
0 0.7041015625 0.7548828125 0.021484375 0.021484375
0 0.9306640625 0.7548828125 0.041015625 0.033203125
0 0.7177734375 0.73828125 0.025390625 0.02734375
0 0.779296875 0.7333984375 0.0390625 0.041015625
0 0.853515625 0.720703125 0.03515625 0.03125
0 0.9521484375 0.72265625 0.037109375 0.0390625
0 0.75 0.7119140625 0.03125 0.029296875
0 0.669921875 0.703125 0.0234375 0.0234375
0 0.8701171875 0.7041015625 0.033203125 0.029296875
0 0.7333984375 0.6953125 0.021484375 0.0234375
0 0.984375 0.6923828125 0.03125 0.037109375
0 0.8349609375 0.693359375 0.041015625 0.0390625
0 0.8828125 0.6865234375 0.03125 0.029296875
0 0.703125 0.68359375 0.0390625 0.03125
0 0.455078125 0.703125 0.0625 0.08984375
0 0.9013671875 0.6650390625 0.041015625 0.041015625
0 0.67578125 0.66015625 0.03515625 0.03515625
0 0.591796875 0.67578125 0.08203125 0.0859375
0 0.7958984375 0.6611328125 0.072265625 0.072265625
0 0.9208984375 0.638671875 0.037109375 0.03515625
0 0.7587890625 0.6328125 0.033203125 0.03515625
0 0.83203125 0.626953125 0.03515625 0.03125
0 0.6552734375 0.626953125 0.037109375 0.03515625
0 0.7421875 0.619140625 0.03515625 0.03515625
0 0.8740234375 0.6123046875 0.044921875 0.044921875
0 0.7177734375 0.599609375 0.033203125 0.03515625
0 0.95703125 0.5947265625 0.04296875 0.041015625
0 0.8447265625 0.5908203125 0.044921875 0.048828125
0 0.71484375 0.5751953125 0.01953125 0.021484375
0 0.978515625 0.576171875 0.03515625 0.03515625
0 0.7607421875 0.5673828125 0.025390625 0.025390625
0 0.822265625 0.5771484375 0.046875 0.052734375
0 0.470703125 0.5927734375 0.0859375 0.087890625
0 0.6708984375 0.568359375 0.064453125 0.05078125
0 0.939453125 0.55859375 0.0390625 0.0390625
0 0.990234375 0.548828125 0.01953125 0.03125
0 0.79296875 0.5625 0.05078125 0.0625
0 0.7021484375 0.5263671875 0.021484375 0.021484375
0 0.76953125 0.533203125 0.03515625 0.0390625
0 0.654296875 0.5263671875 0.02734375 0.025390625
0 0.9677734375 0.5224609375 0.021484375 0.021484375
0 0.912109375 0.537109375 0.0546875 0.05078125
0 0.5576171875 0.5751953125 0.083984375 0.126953125
0 0.8828125 0.517578125 0.03515625 0.0390625
0 0.9482421875 0.5048828125 0.017578125 0.021484375
0 0.990234375 0.505859375 0.01953125 0.0390625
0 0.74609375 0.5078125 0.04296875 0.04296875
0 0.931640625 0.4921875 0.01953125 0.01953125
0 0.8623046875 0.5 0.044921875 0.04296875
0 0.671875 0.49609375 0.04296875 0.046875
0 0.7236328125 0.4892578125 0.037109375 0.041015625
0 0.8203125 0.474609375 0.0390625 0.0390625
0 0.9892578125 0.4599609375 0.021484375 0.041015625
0 0.6904296875 0.455078125 0.029296875 0.03125
0 0.78515625 0.4462890625 0.0390625 0.037109375
0 0.8671875 0.435546875 0.05078125 0.04296875
0 0.9794921875 0.43359375 0.041015625 0.046875
0 0.8017578125 0.4140625 0.037109375 0.03515625
0 0.8837890625 0.4150390625 0.044921875 0.044921875
0 0.7470703125 0.419921875 0.064453125 0.0546875
0 0.9560546875 0.4130859375 0.041015625 0.044921875
0 0.8173828125 0.392578125 0.041015625 0.03515625
0 0.5029296875 0.4228515625 0.080078125 0.095703125
0 0.9365234375 0.390625 0.033203125 0.03515625
0 0.595703125 0.41796875 0.05078125 0.109375
0 0.8310546875 0.3759765625 0.041015625 0.033203125
0 0.9169921875 0.3642578125 0.037109375 0.037109375
0 0.84765625 0.359375 0.0390625 0.03125
0 0.9892578125 0.359375 0.021484375 0.0390625
0 0.9638671875 0.3251953125 0.041015625 0.044921875
0 0.7802734375 0.349609375 0.083984375 0.09375
0 0.9345703125 0.3037109375 0.041015625 0.037109375
0 0.8525390625 0.30859375 0.076171875 0.0703125
0 0.9912109375 0.2802734375 0.017578125 0.021484375
0 0.41796875 0.35546875 0.07421875 0.171875
0 0.998046875 0.267578125 0.00390625 0.00390625
0 0.9111328125 0.283203125 0.041015625 0.04296875
0 0.642578125 0.3203125 0.1484375 0.14453125
0 0.9658203125 0.2578125 0.029296875 0.03125
0 0.74609375 0.296875 0.1015625 0.11328125
0 0.8603515625 0.25 0.025390625 0.02734375
0 0.947265625 0.2392578125 0.02734375 0.033203125
0 0.4892578125 0.26953125 0.080078125 0.09375
0 0.9853515625 0.2353515625 0.029296875 0.033203125
0 0.8955078125 0.248046875 0.060546875 0.0703125
0 0.96484375 0.2158203125 0.03125 0.033203125
0 0.9111328125 0.193359375 0.033203125 0.03125
0 0.9267578125 0.1748046875 0.029296875 0.029296875
0 0.8134765625 0.1875 0.068359375 0.07421875
0 0.9833984375 0.173828125 0.033203125 0.0546875
0 0.94140625 0.1552734375 0.03125 0.033203125
0 0.9970703125 0.138671875 0.005859375 0.0078125
0 0.84765625 0.162109375 0.05078125 0.0546875
0 0.65234375 0.1845703125 0.14453125 0.111328125
0 0.8720703125 0.142578125 0.033203125 0.03125
0 0.7705078125 0.109375 0.037109375 0.01953125
0 0.8173828125 0.111328125 0.044921875 0.02734375
0 0.9775390625 0.11328125 0.033203125 0.0390625
0 0.431640625 0.1259765625 0.1484375 0.095703125
0 0.994140625 0.0859375 0.01171875 0.0234375
0 0.7646484375 0.0849609375 0.041015625 0.025390625
0 0.806640625 0.0810546875 0.02734375 0.025390625
0 0.9482421875 0.0556640625 0.029296875 0.029296875
0 0.9736328125 0.0390625 0.021484375 0.0234375
0 0.755859375 0.0361328125 0.03125 0.025390625
0 0.9541015625 0.029296875 0.013671875 0.015625
0 0.9091796875 0.0390625 0.037109375 0.0625
0 0.80078125 0.017578125 0.0234375 0.01953125
0 0.99609375 0.001953125 0.0078125 0.00390625
0 0.9833984375 0.0166015625 0.033203125 0.033203125
0 0.9326171875 0.0078125 0.025390625 0.015625
0 0.8720703125 0.0146484375 0.033203125 0.029296875
0 0.8515625 0.0078125 0.0234375 0.015625
0 0.767578125 0.009765625 0.046875 0.01953125
0 0.6298828125 0.0654296875 0.169921875 0.130859375
0 0.509765625 0.037109375 0.078125 0.07421875
0 0.419921875 0.0390625 0.12109375 0.078125
0 0.353515625 0.0029296875 0.01953125 0.005859375