0 0.958984375 0.998046875 0.00390625 0.00390625
0 0.02734375 0.99609375 0.015625 0.0078125
0 0.876953125 0.9951171875 0.0234375 0.009765625
0 0.2060546875 0.9931640625 0.021484375 0.013671875
0 0.5830078125 0.9921875 0.033203125 0.015625
0 0.1806640625 0.9921875 0.021484375 0.015625
0 0.0087890625 0.9892578125 0.017578125 0.021484375
0 0.4248046875 0.98828125 0.029296875 0.0234375
0 0.62109375 0.9794921875 0.02734375 0.025390625
0 0.2919921875 0.9833984375 0.041015625 0.033203125
0 0.9296875 0.982421875 0.0390625 0.03515625
0 0.14453125 0.9814453125 0.0390625 0.037109375
0 0.765625 0.98046875 0.05859375 0.0390625
0 0.4580078125 0.9755859375 0.037109375 0.029296875
0 0.8056640625 0.962890625 0.025390625 0.0234375
0 0.66015625 0.9541015625 0.02734375 0.025390625
0 0.3427734375 0.9599609375 0.048828125 0.037109375
0 0.9892578125 0.9521484375 0.021484375 0.025390625
0 0.888671875 0.9453125 0.015625 0.015625
0 0.4970703125 0.947265625 0.021484375 0.01953125
0 0.2216796875 0.9541015625 0.037109375 0.037109375
0 0.8447265625 0.94921875 0.044921875 0.04296875
0 0.0849609375 0.943359375 0.037109375 0.03515625
0 0.181640625 0.9375 0.03515625 0.03125
0 0.8701171875 0.9326171875 0.029296875 0.029296875
0 0.52734375 0.931640625 0.0390625 0.02734375
0 0.380859375 0.9375 0.03515625 0.0390625
0 0.982421875 0.92578125 0.03125 0.03515625
0 0.294921875 0.921875 0.03515625 0.03515625
0 0.1982421875 0.919921875 0.029296875 0.03125
0 0.912109375 0.9228515625 0.0390625 0.044921875
0 0.560546875 0.919921875 0.03125 0.0390625
0 0.4150390625 0.91796875 0.037109375 0.03515625
0 0.06640625 0.91796875 0.0390625 0.0390625
0 0.359375 0.9091796875 0.0234375 0.025390625
0 0.7119140625 0.9091796875 0.029296875 0.037109375
0 0.009765625 0.9140625 0.01953125 0.046875
0 0.2138671875 0.90234375 0.029296875 0.03125
0 0.12109375 0.90234375 0.03515625 0.0390625
0 0.2783203125 0.8974609375 0.033203125 0.033203125
0 0.6123046875 0.8955078125 0.052734375 0.044921875
0 0.2314453125 0.8857421875 0.033203125 0.033203125
0 0.486328125 0.8818359375 0.03515625 0.033203125
0 0.7734375 0.880859375 0.02734375 0.03515625
0 0.1357421875 0.8818359375 0.037109375 0.037109375
0 0.4501953125 0.8896484375 0.041015625 0.056640625
0 0.2646484375 0.8701171875 0.033203125 0.025390625
0 0.349609375 0.869140625 0.0390625 0.03515625
0 0.154296875 0.8681640625 0.04296875 0.041015625
0 0.0556640625 0.869140625 0.041015625 0.04296875
0 0.46875 0.8525390625 0.01953125 0.021484375
0 0.54296875 0.8564453125 0.03125 0.033203125
0 0.970703125 0.8662109375 0.046875 0.056640625
0 0.7939453125 0.859375 0.044921875 0.046875
0 0.025390625 0.8466796875 0.03125 0.033203125
0 0.951171875 0.8427734375 0.02734375 0.029296875
0 0.6943359375 0.837890625 0.041015625 0.03125
0 0.3232421875 0.83984375 0.041015625 0.04296875
0 0.59765625 0.8330078125 0.03515625 0.033203125
0 0.8740234375 0.833984375 0.025390625 0.0390625
0 0.18359375 0.8408203125 0.05859375 0.060546875
0 0.435546875 0.830078125 0.046875 0.046875
0 0.349609375 0.826171875 0.03515625 0.0390625
0 0.943359375 0.8134765625 0.03125 0.025390625
0 0.7197265625 0.80859375 0.017578125 0.015625
0 0.2158203125 0.8193359375 0.033203125 0.037109375
0 0.0849609375 0.8134765625 0.041015625 0.037109375
0 0.0185546875 0.8095703125 0.037109375 0.037109375
0 0.23828125 0.8046875 0.03515625 0.03515625
0 0.4052734375 0.802734375 0.056640625 0.0390625
0 0.82421875 0.7978515625 0.03515625 0.033203125
0 0.923828125 0.791015625 0.02734375 0.02734375
0 0.1162109375 0.79296875 0.033203125 0.03515625
0 0.6650390625 0.787109375 0.021484375 0.02734375
0 0.9873046875 0.7861328125 0.025390625 0.033203125
0 0.048828125 0.7822265625 0.0390625 0.033203125
0 0.4267578125 0.775390625 0.033203125 0.03125
0 0.5703125 0.7734375 0.046875 0.03125
0 0.818359375 0.767578125 0.03515625 0.0234375
0 0.4775390625 0.77734375 0.037109375 0.04296875
0 0.14453125 0.7744140625 0.03515625 0.037109375
0 0.2646484375 0.7705078125 0.060546875 0.064453125
0 0.228515625 0.7421875 0.02734375 0.0234375
0 0.3349609375 0.748046875 0.044921875 0.05078125
0 0.923828125 0.7431640625 0.0390625 0.048828125
0 0.8076171875 0.734375 0.029296875 0.03515625
0 0.193359375 0.732421875 0.03515625 0.03125
0 0.2509765625 0.7275390625 0.025390625 0.025390625
0 0.119140625 0.7265625 0.03125 0.03515625
0 0.3505859375 0.7138671875 0.013671875 0.013671875
0 0.0869140625 0.734375 0.052734375 0.05859375
0 0.9482421875 0.7177734375 0.025390625 0.029296875
0 0.6953125 0.7255859375 0.05078125 0.044921875
0 0.54296875 0.7138671875 0.04296875 0.029296875
0 0.375 0.7265625 0.0546875 0.06640625
0 0.0107421875 0.70703125 0.021484375 0.02734375
0 0.978515625 0.7080078125 0.02734375 0.033203125
0 0.41015625 0.7099609375 0.03515625 0.037109375
0 0.1484375 0.708984375 0.0390625 0.03515625
0 0.0380859375 0.6943359375 0.029296875 0.029296875
0 0.3115234375 0.6904296875 0.033203125 0.025390625
0 0.7861328125 0.6904296875 0.041015625 0.037109375
0 0.232421875 0.6962890625 0.05078125 0.052734375
0 0.0576171875 0.6826171875 0.021484375 0.025390625
0 0.8681640625 0.6787109375 0.025390625 0.037109375
0 0.732421875 0.671875 0.02734375 0.02734375
0 0.44921875 0.6875 0.0546875 0.05859375
0 0.296875 0.6669921875 0.03125 0.029296875
0 0.0029296875 0.658203125 0.005859375 0.01171875
0 0.322265625 0.66015625 0.015625 0.01953125
0 0.21484375 0.6669921875 0.0390625 0.033203125
0 0.8994140625 0.6630859375 0.025390625 0.029296875
0 0.4892578125 0.6650390625 0.033203125 0.037109375
0 0.3486328125 0.6640625 0.033203125 0.03515625
0 0.0859375 0.6669921875 0.0390625 0.041015625
0 0.7841796875 0.650390625 0.033203125 0.02734375
0 0.41015625 0.658203125 0.04296875 0.04296875
0 0.28515625 0.646484375 0.03515625 0.02734375
0 0.1220703125 0.6474609375 0.025390625 0.029296875
0 0.2001953125 0.6474609375 0.037109375 0.033203125
0 0.3701171875 0.646484375 0.029296875 0.03515625
0 0.513671875 0.638671875 0.03515625 0.02734375
0 0.0146484375 0.640625 0.029296875 0.03515625
0 0.94140625 0.6396484375 0.0390625 0.037109375
0 0.0341796875 0.634765625 0.025390625 0.02734375
0 0.4619140625 0.630859375 0.025390625 0.0234375
0 0.349609375 0.6240234375 0.015625 0.017578125
0 0.8623046875 0.6279296875 0.033203125 0.029296875
0 0.052734375 0.623046875 0.0234375 0.02734375
0 0.98046875 0.623046875 0.03125 0.03515625
0 0.3876953125 0.6220703125 0.029296875 0.041015625
0 0.0732421875 0.6142578125 0.025390625 0.029296875
0 0.638671875 0.6220703125 0.06640625 0.052734375
0 0.4990234375 0.61328125 0.037109375 0.03515625
0 0.2568359375 0.607421875 0.029296875 0.02734375
0 0.181640625 0.6162109375 0.0546875 0.052734375
0 0.09375 0.603515625 0.02734375 0.03125
0 0.8505859375 0.5966796875 0.029296875 0.029296875
0 0.751953125 0.5888671875 0.0390625 0.033203125
0 0.1591796875 0.587890625 0.041015625 0.03515625
0 0.2890625 0.6044921875 0.06640625 0.072265625
0 0.4296875 0.583984375 0.03515625 0.03515625
0 0.0078125 0.5810546875 0.015625 0.029296875
0 0.931640625 0.5830078125 0.02734375 0.041015625
0 0.330078125 0.5771484375 0.03515625 0.033203125
0 0.572265625 0.5712890625 0.04296875 0.033203125
0 0.6767578125 0.5732421875 0.041015625 0.041015625
0 0.14453125 0.5693359375 0.0390625 0.037109375
0 0.8251953125 0.56640625 0.037109375 0.0390625
0 0.994140625 0.5537109375 0.01171875 0.025390625
0 0.3505859375 0.556640625 0.029296875 0.03515625
0 0.474609375 0.55859375 0.0390625 0.04296875
0 0.611328125 0.55078125 0.02734375 0.03125
0 0.869140625 0.552734375 0.03515625 0.04296875
0 0.125 0.546875 0.0390625 0.03125
0 0.0322265625 0.5625 0.044921875 0.0625
0 0.732421875 0.55078125 0.05078125 0.04296875
0 0.37890625 0.5400390625 0.02734375 0.033203125
0 0.2216796875 0.5458984375 0.052734375 0.048828125
0 0.4404296875 0.533203125 0.025390625 0.02734375
0 0.6552734375 0.5341796875 0.041015625 0.041015625
0 0.4013671875 0.5302734375 0.033203125 0.037109375
0 0.2529296875 0.52734375 0.033203125 0.03515625
0 0.107421875 0.5244140625 0.03515625 0.029296875
0 0.8037109375 0.51953125 0.033203125 0.03125
0 0.5390625 0.5126953125 0.02734375 0.033203125
0 0.2734375 0.513671875 0.03125 0.03515625
0 0.0078125 0.5078125 0.015625 0.0234375
0 0.94140625 0.5126953125 0.0390625 0.037109375
0 0.89453125 0.5078125 0.02734375 0.02734375
0 0.6923828125 0.5068359375 0.021484375 0.025390625
0 0.720703125 0.5 0.0234375 0.03125
0 0.1669921875 0.5 0.025390625 0.03125
0 0.453125 0.4912109375 0.03515625 0.029296875
0 0.0439453125 0.48828125 0.025390625 0.02734375
0 0.853515625 0.4873046875 0.0234375 0.029296875
0 0.19140625 0.482421875 0.02734375 0.02734375
0 0.625 0.482421875 0.0234375 0.03125
0 0.7861328125 0.48046875 0.029296875 0.03125
0 0.5830078125 0.4873046875 0.052734375 0.048828125
0 0.0751953125 0.474609375 0.025390625 0.0234375
0 0.21484375 0.466796875 0.0234375 0.0234375
0 0.9208984375 0.4560546875 0.025390625 0.025390625
0 0.6572265625 0.4619140625 0.029296875 0.037109375
0 0.1298828125 0.4560546875 0.025390625 0.025390625
0 0.96875 0.451171875 0.01953125 0.01953125
0 0.521484375 0.4697265625 0.046875 0.056640625
0 0.234375 0.455078125 0.0234375 0.02734375
0 0.0546875 0.453125 0.0234375 0.0234375
0 0.873046875 0.4521484375 0.0234375 0.025390625
0 0.826171875 0.4423828125 0.0234375 0.021484375
0 0.1552734375 0.4423828125 0.025390625 0.025390625
0 0.560546875 0.4501953125 0.04296875 0.044921875
0 0.009765625 0.439453125 0.01953125 0.03125
0 0.951171875 0.427734375 0.03125 0.02734375
0 0.59765625 0.4326171875 0.03515625 0.037109375
0 0.1806640625 0.419921875 0.025390625 0.02734375
0 0.7685546875 0.419921875 0.048828125 0.03125
0 0.6875 0.43359375 0.046875 0.05859375
0 0.0888671875 0.4140625 0.025390625 0.0234375
0 0.0302734375 0.4208984375 0.033203125 0.037109375
0 0.6259765625 0.416015625 0.033203125 0.0390625
0 0.205078125 0.40625 0.0234375 0.02734375
0 0.89453125 0.4052734375 0.03515625 0.029296875
0 0.814453125 0.40234375 0.02734375 0.03515625
0 0.0751953125 0.3896484375 0.025390625 0.025390625
0 0.4833984375 0.3935546875 0.029296875 0.037109375
0 0.107421875 0.3857421875 0.02734375 0.033203125
0 0.8447265625 0.384765625 0.037109375 0.04296875
0 0.5126953125 0.3798828125 0.033203125 0.037109375
0 0.1298828125 0.3759765625 0.029296875 0.037109375
0 0.548828125 0.3681640625 0.03125 0.029296875
0 0.740234375 0.373046875 0.0390625 0.04296875
0 0.1494140625 0.3662109375 0.029296875 0.033203125
0 0.9052734375 0.3583984375 0.037109375 0.037109375
0 0.169921875 0.3466796875 0.02734375 0.029296875
0 0.779296875 0.349609375 0.0390625 0.0390625
0 0.541015625 0.34375 0.03125 0.03125
0 0.462890625 0.33984375 0.0390625 0.03515625
0 0.818359375 0.3369140625 0.02734375 0.041015625
0 0.994140625 0.3369140625 0.01171875 0.044921875
0 0.603515625 0.328125 0.04296875 0.0546875
0 0.521484375 0.314453125 0.0390625 0.02734375
0 0.640625 0.3203125 0.03515625 0.04296875
0 0.4482421875 0.314453125 0.037109375 0.03125
0 0.8798828125 0.30859375 0.029296875 0.03125
0 0.669921875 0.30859375 0.03125 0.03125
0 0.1064453125 0.3037109375 0.025390625 0.029296875
0 0.7314453125 0.2900390625 0.025390625 0.029296875
0 0.58203125 0.2822265625 0.03515625 0.029296875
0 0.43359375 0.283203125 0.04296875 0.03125
0 0.7529296875 0.279296875 0.029296875 0.03125
0 0.9638671875 0.2783203125 0.029296875 0.033203125
0 0.134765625 0.2763671875 0.046875 0.041015625
0 0.994140625 0.265625 0.01171875 0.0234375
0 0.7744140625 0.267578125 0.025390625 0.03125
0 0.0927734375 0.26171875 0.025390625 0.01953125
0 0.7998046875 0.2578125 0.025390625 0.03125
0 0.6513671875 0.255859375 0.033203125 0.02734375
0 0.5009765625 0.2734375 0.056640625 0.0625
0 0.576171875 0.25390625 0.04296875 0.03515625
0 0.4130859375 0.25 0.029296875 0.03515625
0 0.7216796875 0.244140625 0.041015625 0.03515625
0 0.087890625 0.2412109375 0.03515625 0.029296875
0 0.234375 0.2392578125 0.02734375 0.033203125
0 0.845703125 0.2314453125 0.02734375 0.025390625
0 0.7763671875 0.232421875 0.033203125 0.02734375
0 0.5625 0.2294921875 0.0390625 0.029296875
0 0.2548828125 0.2275390625 0.029296875 0.029296875
0 0.63671875 0.2265625 0.04296875 0.03515625
0 0.033203125 0.28125 0.06640625 0.1484375
0 0.443359375 0.22265625 0.03515625 0.0390625
0 0.8984375 0.2177734375 0.0546875 0.033203125
0 0.861328125 0.2080078125 0.015625 0.017578125
0 0.7080078125 0.2138671875 0.037109375 0.029296875
0 0.6240234375 0.19921875 0.041015625 0.03125
0 0.482421875 0.2119140625 0.046875 0.056640625
0 0.7646484375 0.197265625 0.037109375 0.03125
0 0.29296875 0.2060546875 0.046875 0.048828125
0 0.05859375 0.189453125 0.03125 0.02734375
0 0.8349609375 0.1875 0.041015625 0.02734375
0 0.96484375 0.1865234375 0.03515625 0.033203125
0 0.3232421875 0.1904296875 0.033203125 0.041015625
0 0.6923828125 0.1796875 0.037109375 0.03125
0 0.5341796875 0.1806640625 0.029296875 0.037109375
0 0.888671875 0.1767578125 0.0390625 0.033203125
0 0.0498046875 0.1669921875 0.029296875 0.029296875
0 0.5654296875 0.169921875 0.029296875 0.0390625
0 0.375 0.166015625 0.03125 0.0390625
0 0.6796875 0.1533203125 0.0390625 0.029296875
0 0.3037109375 0.154296875 0.037109375 0.03125
0 0.2275390625 0.173828125 0.076171875 0.0703125
0 0.8203125 0.154296875 0.03515625 0.03515625
0 0.400390625 0.1552734375 0.02734375 0.037109375
0 0.876953125 0.1494140625 0.0390625 0.029296875
0 0.5869140625 0.15234375 0.033203125 0.0390625
0 0.0380859375 0.142578125 0.033203125 0.02734375
0 0.7470703125 0.140625 0.029296875 0.03125
0 0.6123046875 0.146484375 0.033203125 0.04296875
0 0.9482421875 0.140625 0.033203125 0.03515625
0 0.1416015625 0.1923828125 0.080078125 0.142578125
0 0.294921875 0.130859375 0.03125 0.02734375
0 0.9873046875 0.126953125 0.025390625 0.03515625
0 0.02734375 0.1220703125 0.03125 0.025390625
0 0.8681640625 0.12109375 0.033203125 0.02734375
0 0.998046875 0.107421875 0.00390625 0.00390625
0 0.6640625 0.12109375 0.0390625 0.03515625
0 0.7275390625 0.1123046875 0.037109375 0.029296875
0 0.478515625 0.115234375 0.03125 0.03515625
0 0.3642578125 0.109375 0.041015625 0.03125
0 0.51953125 0.1083984375 0.02734375 0.033203125
0 0.2841796875 0.1064453125 0.033203125 0.029296875
0 0.8017578125 0.1123046875 0.037109375 0.052734375
0 0.857421875 0.0966796875 0.04296875 0.037109375
0 0.54296875 0.095703125 0.02734375 0.03515625
0 0.419921875 0.115234375 0.0546875 0.0859375
0 0.921875 0.083984375 0.03125 0.02734375
0 0.1904296875 0.11328125 0.087890625 0.0859375
0 0.34765625 0.08203125 0.0390625 0.03125
0 0.2744140625 0.0810546875 0.033203125 0.029296875
0 0.7861328125 0.0751953125 0.033203125 0.029296875
0 0.0078125 0.076171875 0.015625 0.03125
0 0.4482421875 0.1015625 0.052734375 0.0859375
0 0.6005859375 0.072265625 0.029296875 0.03515625
0 0.845703125 0.06640625 0.0390625 0.02734375
0 0.560546875 0.078125 0.0390625 0.05078125
0 0.0361328125 0.0615234375 0.021484375 0.021484375
0 0.6279296875 0.0615234375 0.033203125 0.033203125
0 0.26171875 0.05859375 0.03515625 0.02734375
0 0.9228515625 0.0576171875 0.041015625 0.029296875
0 0.779296875 0.0556640625 0.03515625 0.025390625
0 0.9638671875 0.0595703125 0.029296875 0.037109375
0 0.7177734375 0.0703125 0.037109375 0.05859375
0 0.0986328125 0.0732421875 0.052734375 0.076171875
0 0.1748046875 0.0517578125 0.083984375 0.041015625
0 0.9873046875 0.0478515625 0.025390625 0.041015625
0 0.8349609375 0.041015625 0.041015625 0.02734375
0 0.9140625 0.0322265625 0.0390625 0.029296875
0 0.7705078125 0.03125 0.037109375 0.02734375
0 0.3291015625 0.0390625 0.044921875 0.05078125
0 0.2470703125 0.03125 0.041015625 0.0390625
0 0.837890625 0.015625 0.0390625 0.0234375
0 0.0478515625 0.0205078125 0.029296875 0.037109375
0 0.970703125 0.0146484375 0.0390625 0.029296875
0 0.9052734375 0.0078125 0.041015625 0.015625
0 0.765625 0.0087890625 0.0390625 0.017578125
0 0.66015625 0.025390625 0.05078125 0.05078125
0 0.62890625 0.01171875 0.01953125 0.0234375
0 0.59765625 0.009765625 0.0390625 0.01953125
0 0.54296875 0.0078125 0.05859375 0.015625
0 0.404296875 0.00390625 0.01953125 0.0078125
0 0.30859375 0.0068359375 0.0234375 0.013671875
0 0.1318359375 0.0146484375 0.033203125 0.029296875