0 0.306640625 0.98828125 0.03515625 0.0234375
0 0.234375 0.982421875 0.046875 0.03515625
0 0.58203125 0.953125 0.04296875 0.03515625
0 0.017578125 0.9345703125 0.03515625 0.056640625
0 0.603515625 0.9052734375 0.06640625 0.056640625
0 0.97265625 0.8984375 0.0546875 0.046875
0 0.314453125 0.8857421875 0.05078125 0.029296875
0 0.0830078125 0.8681640625 0.044921875 0.033203125
0 0.04296875 0.828125 0.0234375 0.02734375
0 0.7119140625 0.8232421875 0.099609375 0.126953125
0 0.2236328125 0.77734375 0.056640625 0.04296875
0 0.59375 0.7880859375 0.0859375 0.083984375
0 0.103515625 0.748046875 0.02734375 0.05859375
0 0.001953125 0.7138671875 0.00390625 0.005859375
0 0.76171875 0.7197265625 0.03515625 0.041015625
0 0.0029296875 0.703125 0.005859375 0.0078125
0 0.2509765625 0.6923828125 0.033203125 0.048828125
0 0.8095703125 0.6689453125 0.052734375 0.068359375
0 0.6884765625 0.646484375 0.048828125 0.046875
0 0.275390625 0.6259765625 0.03125 0.029296875
0 0.2880859375 0.6064453125 0.021484375 0.017578125
0 0.1220703125 0.6220703125 0.044921875 0.048828125
0 0.0166015625 0.568359375 0.033203125 0.0390625
0 0.177734375 0.541015625 0.03515625 0.05078125
0 0.802734375 0.5478515625 0.04296875 0.083984375
0 0.62890625 0.5263671875 0.0625 0.083984375
0 0.4130859375 0.486328125 0.025390625 0.0234375
0 0.3759765625 0.4775390625 0.021484375 0.021484375
0 0.88671875 0.484375 0.0625 0.0390625
0 0.46875 0.380859375 0.0234375 0.01953125
0 0.9716796875 0.375 0.029296875 0.04296875
0 0.490234375 0.3408203125 0.046875 0.029296875
0 0.662109375 0.369140625 0.11328125 0.11328125
0 0.1015625 0.294921875 0.0625 0.03515625
0 0.0068359375 0.27734375 0.013671875 0.03515625
0 0.41015625 0.20703125 0.046875 0.04296875
0 0.8798828125 0.203125 0.056640625 0.04296875
0 0.66796875 0.212890625 0.03515625 0.1171875
0 0.3857421875 0.154296875 0.033203125 0.046875
0 0.0087890625 0.13671875 0.017578125 0.015625
0 0.751953125 0.126953125 0.0234375 0.01953125
0 0.990234375 0.12890625 0.01953125 0.03125
0 0.056640625 0.1259765625 0.0625 0.037109375
0 0.8525390625 0.126953125 0.048828125 0.04296875
0 0.5390625 0.1123046875 0.04296875 0.044921875
0 0.3271484375 0.0927734375 0.041015625 0.044921875
0 0.12109375 0.0830078125 0.046875 0.052734375
0 0.76171875 0.0703125 0.03125 0.03125
0 0.0126953125 0.0546875 0.025390625 0.015625
0 0.447265625 0.044921875 0.04296875 0.06640625
0 0.640625 0.01171875 0.02734375 0.0234375
0 0.2744140625 0.001953125 0.005859375 0.00390625
0 0.1572265625 0.01953125 0.025390625 0.0390625