0 0.2783203125 0.9970703125 0.009765625 0.005859375
0 0.986328125 0.994140625 0.0234375 0.01171875
0 0.3076171875 0.9931640625 0.025390625 0.013671875
0 0.5556640625 0.9912109375 0.029296875 0.017578125
0 0.736328125 0.990234375 0.03125 0.01953125
0 0.2255859375 0.9892578125 0.021484375 0.021484375
0 0.41796875 0.98828125 0.03515625 0.0234375
0 0.6884765625 0.9814453125 0.029296875 0.025390625
0 0.0458984375 0.984375 0.029296875 0.03125
0 0.126953125 0.9814453125 0.03125 0.029296875
0 0.525390625 0.966796875 0.02734375 0.02734375
0 0.2646484375 0.9619140625 0.041015625 0.033203125
0 0.38671875 0.9560546875 0.046875 0.029296875
0 0.615234375 0.9375 0.02734375 0.02734375
0 0.205078125 0.939453125 0.03125 0.03125
0 0.0302734375 0.943359375 0.033203125 0.0390625
0 0.984375 0.9228515625 0.0234375 0.025390625
0 0.4765625 0.9287109375 0.03125 0.037109375
0 0.107421875 0.919921875 0.03125 0.03515625
0 0.341796875 0.916015625 0.03515625 0.03125
0 0.0146484375 0.8994140625 0.029296875 0.041015625
0 0.4482421875 0.8974609375 0.033203125 0.041015625
0 0.5478515625 0.8828125 0.037109375 0.03125
0 0.3330078125 0.8740234375 0.021484375 0.021484375
0 0.658203125 0.8828125 0.046875 0.04296875
0 0.2958984375 0.876953125 0.033203125 0.03515625
0 0.41015625 0.869140625 0.03515625 0.02734375
0 0.244140625 0.859375 0.02734375 0.0234375
0 0.984375 0.85546875 0.01953125 0.02734375
0 0.1376953125 0.8583984375 0.037109375 0.033203125
0 0.1943359375 0.8505859375 0.025390625 0.025390625
0 0.0048828125 0.853515625 0.009765625 0.03125
0 0.5048828125 0.8388671875 0.037109375 0.033203125
0 0.69140625 0.8359375 0.046875 0.04296875
0 0.373046875 0.8310546875 0.03515625 0.041015625
0 0.5966796875 0.826171875 0.037109375 0.0390625
0 0.2119140625 0.798828125 0.017578125 0.01953125
0 0.33203125 0.8046875 0.03125 0.03515625
0 0.46875 0.7939453125 0.04296875 0.029296875
0 0.736328125 0.7978515625 0.0390625 0.044921875
0 0.2841796875 0.783203125 0.029296875 0.0234375
0 0.978515625 0.7783203125 0.0234375 0.025390625
0 0.62109375 0.7783203125 0.03515625 0.029296875
0 0.2314453125 0.7724609375 0.029296875 0.029296875
0 0.1728515625 0.765625 0.029296875 0.0234375
0 0.1328125 0.76171875 0.0234375 0.01953125
0 0.0771484375 0.7568359375 0.041015625 0.025390625
0 0.0302734375 0.7548828125 0.029296875 0.029296875
0 0.4169921875 0.755859375 0.037109375 0.0390625
0 0.4921875 0.7177734375 0.02734375 0.033203125
0 0.6787109375 0.7119140625 0.056640625 0.029296875
0 0.302734375 0.6875 0.03515625 0.02734375
0 0.7265625 0.685546875 0.03515625 0.0546875
0 0.0654296875 0.66796875 0.025390625 0.01953125
0 0.0146484375 0.666015625 0.029296875 0.01953125
0 0.3798828125 0.666015625 0.021484375 0.0234375
0 0.1220703125 0.66796875 0.033203125 0.02734375
0 0.572265625 0.6650390625 0.046875 0.033203125
0 0.1005859375 0.6416015625 0.013671875 0.017578125
0 0.6591796875 0.640625 0.029296875 0.03125
0 0.7041015625 0.611328125 0.033203125 0.03125
0 0.3125 0.5947265625 0.02734375 0.037109375
0 0.1669921875 0.580078125 0.033203125 0.03125
0 0.2724609375 0.5859375 0.068359375 0.06640625
0 0.01953125 0.55859375 0.03515625 0.01953125
0 0.078125 0.552734375 0.02734375 0.01953125
0 0.12109375 0.556640625 0.03515625 0.03125
0 0.005859375 0.4775390625 0.01171875 0.017578125
0 0.10546875 0.4716796875 0.03515625 0.021484375
0 0.0498046875 0.470703125 0.033203125 0.02734375
0 0.22265625 0.4580078125 0.02734375 0.025390625
0 0.1552734375 0.45703125 0.025390625 0.0234375
0 0.9638671875 0.34765625 0.044921875 0.0703125
0 0.5849609375 0.4150390625 0.201171875 0.255859375
0 0.0029296875 0.2734375 0.005859375 0.07421875
0 0.236328125 0.2919921875 0.1796875 0.201171875
0 0.671875 0.162109375 0.0859375 0.09765625
0 0.2373046875 0.0625 0.212890625 0.125
0 0.0166015625 0.029296875 0.033203125 0.05859375