0 0.001953125 0.998046875 0.00390625 0.00390625
0 0.3037109375 0.99609375 0.013671875 0.0078125
0 0.8779296875 0.9931640625 0.017578125 0.013671875
0 0.8173828125 0.9931640625 0.025390625 0.013671875
0 0.572265625 0.9912109375 0.03125 0.017578125
0 0.3876953125 0.986328125 0.060546875 0.02734375
0 0.8955078125 0.9765625 0.037109375 0.02734375
0 0.7734375 0.9765625 0.01953125 0.02734375
0 0.228515625 0.9658203125 0.03515625 0.017578125
0 0.005859375 0.9638671875 0.01171875 0.037109375
0 0.7470703125 0.9619140625 0.029296875 0.037109375
0 0.4130859375 0.95703125 0.041015625 0.03125
0 0.720703125 0.9541015625 0.03125 0.037109375
0 0.8515625 0.9482421875 0.0390625 0.029296875
0 0.4892578125 0.9638671875 0.044921875 0.072265625
0 0.9091796875 0.9345703125 0.041015625 0.029296875
0 0.6923828125 0.9384765625 0.033203125 0.037109375
0 0.8662109375 0.9287109375 0.021484375 0.021484375
0 0.7939453125 0.9365234375 0.037109375 0.037109375
0 0.650390625 0.9228515625 0.02734375 0.041015625
0 0.4208984375 0.9150390625 0.052734375 0.037109375
0 0.5947265625 0.9052734375 0.025390625 0.037109375
0 0.923828125 0.896484375 0.03515625 0.02734375
0 0.375 0.9052734375 0.03515625 0.044921875
0 0.98828125 0.9169921875 0.0234375 0.072265625
0 0.548828125 0.8935546875 0.03125 0.037109375
0 0.5107421875 0.8896484375 0.044921875 0.033203125
0 0.2294921875 0.892578125 0.025390625 0.0390625
0 0.037109375 0.880859375 0.03125 0.0234375
0 0.310546875 0.8798828125 0.0234375 0.025390625
0 0.8779296875 0.880859375 0.041015625 0.03125
0 0.7294921875 0.865234375 0.017578125 0.015625
0 0.3388671875 0.8779296875 0.037109375 0.041015625
0 0.560546875 0.86328125 0.015625 0.015625
0 0.595703125 0.865234375 0.04296875 0.02734375
0 0.6845703125 0.8544921875 0.033203125 0.025390625
0 0.8955078125 0.849609375 0.029296875 0.0234375
0 0.5263671875 0.84765625 0.037109375 0.0234375
0 0.037109375 0.845703125 0.01953125 0.01953125
0 0.3017578125 0.8486328125 0.025390625 0.037109375
0 0.830078125 0.83984375 0.03125 0.02734375
0 0.615234375 0.8349609375 0.03125 0.025390625
0 0.9453125 0.8388671875 0.04296875 0.037109375
0 0.2734375 0.83984375 0.03125 0.04296875
0 0.6962890625 0.8203125 0.025390625 0.01953125
0 0.5703125 0.8212890625 0.0234375 0.021484375
0 0.5302734375 0.8173828125 0.037109375 0.017578125
0 0.9130859375 0.81640625 0.021484375 0.01953125
0 0.041015625 0.814453125 0.01953125 0.01953125
0 0.4404296875 0.8359375 0.033203125 0.0703125
0 0.6259765625 0.8095703125 0.033203125 0.025390625
0 0.95703125 0.810546875 0.03515625 0.03125
0 0.83984375 0.80859375 0.04296875 0.02734375
0 0.4013671875 0.810546875 0.025390625 0.03515625
0 0.2421875 0.826171875 0.04296875 0.07421875
0 0.7080078125 0.79296875 0.025390625 0.0234375
0 0.3720703125 0.794921875 0.037109375 0.0390625
0 0.0517578125 0.787109375 0.033203125 0.0234375
0 0.921875 0.787109375 0.03515625 0.02734375
0 0.6318359375 0.7783203125 0.037109375 0.021484375
0 0.447265625 0.7802734375 0.03515625 0.025390625
0 0.8505859375 0.7763671875 0.041015625 0.029296875
0 0.5263671875 0.7822265625 0.037109375 0.041015625
0 0.7158203125 0.767578125 0.025390625 0.01953125
0 0.6064453125 0.767578125 0.021484375 0.0234375
0 0.3408203125 0.76953125 0.033203125 0.03515625
0 0.0498046875 0.755859375 0.021484375 0.0234375
0 0.9755859375 0.7568359375 0.037109375 0.029296875
0 0.537109375 0.7470703125 0.0390625 0.021484375
0 0.44140625 0.748046875 0.0390625 0.0234375
0 0.3046875 0.755859375 0.03125 0.0390625
0 0.6064453125 0.744140625 0.017578125 0.01953125
0 0.640625 0.736328125 0.03515625 0.0234375
0 0.9423828125 0.736328125 0.021484375 0.03125
0 0.283203125 0.7294921875 0.03125 0.017578125
0 0.921875 0.732421875 0.0234375 0.02734375
0 0.0546875 0.7255859375 0.01953125 0.021484375
0 0.9833984375 0.724609375 0.033203125 0.02734375
0 0.7216796875 0.7158203125 0.025390625 0.017578125
0 0.5888671875 0.7138671875 0.029296875 0.025390625
0 0.44921875 0.7119140625 0.046875 0.033203125
0 0.5322265625 0.69921875 0.025390625 0.01953125
0 0.2890625 0.6962890625 0.03515625 0.021484375
0 0.0634765625 0.6962890625 0.029296875 0.021484375
0 0.0029296875 0.6962890625 0.005859375 0.021484375
0 0.9912109375 0.693359375 0.017578125 0.0234375
0 0.4482421875 0.6806640625 0.044921875 0.021484375
0 0.5341796875 0.673828125 0.021484375 0.0234375
0 0.287109375 0.666015625 0.0390625 0.0234375
0 0.64453125 0.6708984375 0.0234375 0.037109375
0 0.0048828125 0.6611328125 0.009765625 0.021484375
0 0.064453125 0.6640625 0.0234375 0.03125
0 0.6171875 0.6572265625 0.01953125 0.033203125
0 0.826171875 0.6494140625 0.01953125 0.021484375
0 0.7412109375 0.654296875 0.025390625 0.03125
0 0.71484375 0.6552734375 0.01953125 0.033203125
0 0.58984375 0.6591796875 0.0234375 0.041015625
0 0.9423828125 0.6474609375 0.017578125 0.021484375
0 0.8544921875 0.65234375 0.029296875 0.03125
0 0.7939453125 0.6474609375 0.021484375 0.021484375
0 0.767578125 0.650390625 0.0234375 0.02734375
0 0.546875 0.6455078125 0.03125 0.017578125
0 0.96484375 0.6474609375 0.0234375 0.025390625
0 0.90625 0.6533203125 0.0390625 0.037109375
0 0.9892578125 0.646484375 0.017578125 0.02734375
0 0.412109375 0.6435546875 0.0234375 0.029296875
0 0.287109375 0.6357421875 0.0390625 0.021484375
0 0.068359375 0.6357421875 0.01953125 0.021484375
0 0.3818359375 0.638671875 0.021484375 0.03125
0 0.3544921875 0.6318359375 0.021484375 0.021484375
0 0.0068359375 0.630859375 0.013671875 0.01953125
0 0.4443359375 0.640625 0.029296875 0.04296875
0 0.28515625 0.6123046875 0.03515625 0.017578125
0 0.0693359375 0.6015625 0.017578125 0.01953125
0 0.0078125 0.6015625 0.015625 0.01953125
0 0.5517578125 0.5859375 0.033203125 0.0234375
0 0.59765625 0.5849609375 0.01953125 0.029296875
0 0.9638671875 0.5791015625 0.033203125 0.021484375
0 0.7392578125 0.576171875 0.025390625 0.01953125
0 0.896484375 0.580078125 0.0234375 0.03515625
0 0.771484375 0.576171875 0.01953125 0.02734375
0 0.46875 0.57421875 0.0390625 0.02734375
0 0.4296875 0.5673828125 0.0234375 0.021484375
0 0.8486328125 0.572265625 0.021484375 0.0390625
0 0.0087890625 0.5634765625 0.017578125 0.021484375
0 0.6962890625 0.5615234375 0.033203125 0.025390625
0 0.55078125 0.5595703125 0.0234375 0.021484375
0 0.3046875 0.556640625 0.0234375 0.01953125
0 0.81640625 0.5634765625 0.01953125 0.037109375
0 0.642578125 0.5673828125 0.0234375 0.048828125
0 0.275390625 0.5498046875 0.0234375 0.017578125
0 0.3984375 0.55859375 0.03125 0.0390625
0 0.76171875 0.5400390625 0.015625 0.013671875
0 0.73828125 0.5400390625 0.015625 0.013671875
0 0.7890625 0.537109375 0.015625 0.01171875
0 0.8740234375 0.5341796875 0.017578125 0.017578125
0 0.275390625 0.53125 0.0234375 0.015625
0 0.365234375 0.5419921875 0.0234375 0.041015625
0 0.57421875 0.52734375 0.04296875 0.01953125
0 0.4716796875 0.5302734375 0.021484375 0.029296875
0 0.9306640625 0.53125 0.037109375 0.0390625
0 0.8486328125 0.5166015625 0.017578125 0.017578125
0 0.291015625 0.5126953125 0.02734375 0.021484375
0 0.615234375 0.5068359375 0.015625 0.017578125
0 0.998046875 0.49609375 0.00390625 0.00390625
0 0.9013671875 0.5107421875 0.037109375 0.041015625
0 0.8232421875 0.5 0.017578125 0.01953125
0 0.291015625 0.4912109375 0.02734375 0.021484375
0 0.4755859375 0.4912109375 0.029296875 0.025390625
0 0.580078125 0.4873046875 0.04296875 0.021484375
0 0.87890625 0.4931640625 0.03515625 0.041015625
0 0.80078125 0.4794921875 0.01953125 0.017578125
0 0.8505859375 0.4775390625 0.041015625 0.041015625
0 0.693359375 0.470703125 0.02734375 0.02734375
0 0.654296875 0.4658203125 0.03125 0.021484375
0 0.2998046875 0.4658203125 0.025390625 0.025390625
0 0.9560546875 0.4619140625 0.029296875 0.033203125
0 0.7783203125 0.453125 0.017578125 0.01953125
0 0.455078125 0.455078125 0.04296875 0.0234375
0 0.830078125 0.45703125 0.03515625 0.03515625
0 0.7421875 0.4560546875 0.02734375 0.033203125
0 0.9931640625 0.4462890625 0.013671875 0.017578125
0 0.9326171875 0.4462890625 0.025390625 0.029296875
0 0.974609375 0.4375 0.015625 0.015625
0 0.91015625 0.4306640625 0.02734375 0.025390625
0 0.8095703125 0.4287109375 0.029296875 0.033203125
0 0.3837890625 0.412109375 0.044921875 0.0234375
0 0.564453125 0.423828125 0.03125 0.05078125
0 0.9970703125 0.400390625 0.005859375 0.0078125
0 0.7734375 0.4169921875 0.05078125 0.041015625
0 0.2958984375 0.4228515625 0.037109375 0.052734375
0 0.6474609375 0.400390625 0.017578125 0.02734375
0 0.4765625 0.3984375 0.04296875 0.02734375
0 0.69921875 0.4072265625 0.03125 0.052734375
0 0.439453125 0.390625 0.01953125 0.01953125
0 0.890625 0.3994140625 0.03515625 0.041015625
0 0.8603515625 0.388671875 0.021484375 0.0234375
0 0.921875 0.3828125 0.0234375 0.0234375
0 0.5830078125 0.388671875 0.048828125 0.0390625
0 0.6845703125 0.3740234375 0.017578125 0.017578125
0 0.736328125 0.376953125 0.03515625 0.03125
0 0.4921875 0.3662109375 0.03125 0.021484375
0 0.8388671875 0.3671875 0.029296875 0.03125
0 0.7099609375 0.3583984375 0.033203125 0.033203125
0 0.345703125 0.3515625 0.0625 0.02734375
0 0.814453125 0.3505859375 0.02734375 0.029296875
0 0.990234375 0.3408203125 0.01953125 0.021484375
0 0.4931640625 0.3369140625 0.037109375 0.033203125
0 0.67578125 0.3359375 0.0546875 0.0546875
0 0.794921875 0.328125 0.03515625 0.04296875
0 0.5869140625 0.3330078125 0.041015625 0.052734375
0 0.9892578125 0.3115234375 0.021484375 0.021484375
0 0.4951171875 0.3037109375 0.041015625 0.021484375
0 0.44140625 0.302734375 0.0234375 0.01953125
0 0.830078125 0.30078125 0.01953125 0.01953125
0 0.771484375 0.306640625 0.03515625 0.03515625
0 0.6455078125 0.3017578125 0.029296875 0.025390625
0 0.9599609375 0.2890625 0.017578125 0.015625
0 0.9931640625 0.279296875 0.013671875 0.015625
0 0.7470703125 0.287109375 0.033203125 0.03515625
0 0.34765625 0.2890625 0.0703125 0.046875
0 0.94921875 0.265625 0.015625 0.015625
0 0.6064453125 0.2763671875 0.033203125 0.037109375
0 0.498046875 0.2734375 0.04296875 0.03125
0 0.7236328125 0.26953125 0.033203125 0.03515625
0 0.986328125 0.2490234375 0.02734375 0.021484375
0 0.6826171875 0.2412109375 0.025390625 0.029296875
0 0.9658203125 0.2275390625 0.013671875 0.017578125
0 0.8603515625 0.2265625 0.017578125 0.015625
0 0.501953125 0.2275390625 0.04296875 0.025390625
0 0.98828125 0.216796875 0.0234375 0.0234375
0 0.451171875 0.21875 0.02734375 0.02734375
0 0.6455078125 0.20703125 0.029296875 0.0234375
0 0.412109375 0.2060546875 0.0234375 0.029296875
0 0.986328125 0.185546875 0.02734375 0.015625
0 0.681640625 0.19140625 0.0234375 0.02734375
0 0.3603515625 0.2001953125 0.064453125 0.052734375
0 0.7109375 0.18359375 0.0234375 0.0234375
0 0.927734375 0.177734375 0.015625 0.015625
0 0.7451171875 0.1767578125 0.029296875 0.041015625
0 0.7685546875 0.16796875 0.025390625 0.03125
0 0.58984375 0.1630859375 0.015625 0.021484375
0 0.984375 0.15625 0.03125 0.0234375
0 0.861328125 0.1650390625 0.01953125 0.041015625
0 0.5126953125 0.1552734375 0.041015625 0.025390625
0 0.9033203125 0.150390625 0.017578125 0.01953125
0 0.810546875 0.15625 0.05078125 0.03515625
0 0.4765625 0.1455078125 0.02734375 0.017578125
0 0.6279296875 0.1474609375 0.021484375 0.033203125
0 0.4296875 0.1416015625 0.01953125 0.025390625
0 0.650390625 0.1337890625 0.0234375 0.025390625
0 0.603515625 0.1279296875 0.0234375 0.013671875
0 0.9833984375 0.1298828125 0.033203125 0.021484375
0 0.884765625 0.125 0.0234375 0.02734375
0 0.9072265625 0.115234375 0.025390625 0.02734375
0 0.6806640625 0.1201171875 0.025390625 0.037109375
0 0.7099609375 0.1123046875 0.025390625 0.029296875
0 0.9853515625 0.0986328125 0.025390625 0.021484375
0 0.615234375 0.09375 0.03125 0.0234375
0 0.9375 0.095703125 0.0234375 0.03125
0 0.73828125 0.09765625 0.03125 0.0390625
0 0.7666015625 0.0888671875 0.029296875 0.037109375
0 0.51171875 0.0810546875 0.0390625 0.025390625
0 0.7958984375 0.080078125 0.029296875 0.03515625
0 0.7353515625 0.064453125 0.017578125 0.015625
0 0.6181640625 0.0654296875 0.037109375 0.017578125
0 0.8173828125 0.0712890625 0.025390625 0.037109375
0 0.486328125 0.0546875 0.015625 0.015625
0 0.84375 0.05859375 0.03125 0.03515625
0 0.3681640625 0.072265625 0.060546875 0.0625
0 0.5205078125 0.0458984375 0.033203125 0.025390625
0 0.87109375 0.048828125 0.02734375 0.03515625
0 0.9462890625 0.0361328125 0.021484375 0.017578125
0 0.8984375 0.041015625 0.02734375 0.03125
0 0.62109375 0.033203125 0.04296875 0.01953125
0 0.5166015625 0.01171875 0.037109375 0.01953125
0 0.97265625 0.015625 0.0234375 0.03125
0 0.62109375 0.005859375 0.0390625 0.01171875
0 0.4267578125 0.0283203125 0.033203125 0.056640625
0 0.3740234375 0.001953125 0.013671875 0.00390625