0 0.712890625 0.99609375 0.015625 0.0078125
0 0.1416015625 0.99609375 0.013671875 0.0078125
0 0.9833984375 0.994140625 0.033203125 0.01171875
0 0.5146484375 0.994140625 0.021484375 0.01171875
0 0.208984375 0.994140625 0.0234375 0.01171875
0 0.3095703125 0.9931640625 0.025390625 0.013671875
0 0.0751953125 0.9921875 0.033203125 0.015625
0 0.6416015625 0.990234375 0.025390625 0.01953125
0 0.685546875 0.982421875 0.015625 0.015625
0 0.4833984375 0.9873046875 0.029296875 0.025390625
0 0.0068359375 0.9853515625 0.013671875 0.025390625
0 0.283203125 0.982421875 0.02734375 0.02734375
0 0.08984375 0.978515625 0.02734375 0.0234375
0 0.986328125 0.9716796875 0.02734375 0.017578125
0 0.16796875 0.9794921875 0.03515625 0.033203125
0 0.6552734375 0.9716796875 0.037109375 0.025390625
0 0.4580078125 0.978515625 0.033203125 0.0390625
0 0.5751953125 0.966796875 0.041015625 0.03125
0 0.43359375 0.9599609375 0.02734375 0.025390625
0 0.1044921875 0.958984375 0.025390625 0.0234375
0 0.953125 0.962890625 0.01953125 0.0390625
0 0.0166015625 0.953125 0.033203125 0.03125
0 0.98828125 0.9453125 0.0234375 0.01953125
0 0.240234375 0.94921875 0.02734375 0.02734375
0 0.546875 0.947265625 0.0234375 0.02734375
0 0.4072265625 0.94921875 0.033203125 0.0390625
0 0.7333984375 0.9423828125 0.025390625 0.033203125
0 0.7099609375 0.9345703125 0.025390625 0.021484375
0 0.5205078125 0.9326171875 0.029296875 0.025390625
0 0.3427734375 0.9345703125 0.029296875 0.033203125
0 0.3818359375 0.93359375 0.029296875 0.0390625
0 0.03125 0.9306640625 0.03125 0.033203125
0 0.212890625 0.927734375 0.02734375 0.03125
0 0.125 0.9267578125 0.03125 0.033203125
0 0.9892578125 0.9169921875 0.021484375 0.021484375
0 0.6806640625 0.91796875 0.025390625 0.02734375
0 0.9296875 0.9345703125 0.03125 0.072265625
0 0.6064453125 0.9248046875 0.037109375 0.052734375
0 0.4990234375 0.9140625 0.029296875 0.03125
0 0.189453125 0.9052734375 0.02734375 0.029296875
0 0.1025390625 0.90625 0.029296875 0.03125
0 0.2763671875 0.9013671875 0.021484375 0.025390625
0 0.9814453125 0.89453125 0.017578125 0.015625
0 0.4697265625 0.8984375 0.029296875 0.02734375
0 0.9970703125 0.888671875 0.005859375 0.01953125
0 0.05078125 0.90234375 0.0390625 0.046875
0 0.3017578125 0.890625 0.025390625 0.02734375
0 0.947265625 0.8828125 0.03125 0.01953125
0 0.7001953125 0.8837890625 0.025390625 0.025390625
0 0.4501953125 0.8837890625 0.025390625 0.025390625
0 0.328125 0.8818359375 0.02734375 0.025390625
0 0.748046875 0.87890625 0.01953125 0.0234375
0 0.615234375 0.8828125 0.04296875 0.03125
0 0.166015625 0.884765625 0.03125 0.03515625
0 0.07421875 0.8759765625 0.03125 0.029296875
0 0.3525390625 0.8759765625 0.025390625 0.033203125
0 0.1494140625 0.8671875 0.025390625 0.02734375
0 0.3740234375 0.865234375 0.033203125 0.03515625
0 0.986328125 0.859375 0.02734375 0.02734375
0 0.5732421875 0.861328125 0.033203125 0.03125
0 0.126953125 0.849609375 0.02734375 0.02734375
0 0.5380859375 0.83984375 0.029296875 0.03125
0 0.1572265625 0.8330078125 0.029296875 0.029296875
0 0.6396484375 0.828125 0.037109375 0.03125
0 0.11328125 0.8271484375 0.02734375 0.029296875
0 0.5126953125 0.83203125 0.037109375 0.04296875
0 0.396484375 0.828125 0.03515625 0.03515625
0 0.2646484375 0.8330078125 0.025390625 0.048828125
0 0.9521484375 0.833984375 0.044921875 0.0546875
0 0.2060546875 0.822265625 0.025390625 0.03125
0 0.9921875 0.81640625 0.015625 0.0234375
0 0.2841796875 0.81640625 0.021484375 0.02734375
0 0.0390625 0.8203125 0.03125 0.03515625
0 0.3505859375 0.806640625 0.021484375 0.01953125
0 0.4921875 0.8115234375 0.02734375 0.033203125
0 0.8515625 0.8125 0.06640625 0.0390625
0 0.65625 0.8037109375 0.046875 0.029296875
0 0.4228515625 0.8037109375 0.037109375 0.033203125
0 0.31640625 0.7998046875 0.03125 0.033203125
0 0.59375 0.796875 0.03515625 0.03515625
0 0.3720703125 0.7880859375 0.017578125 0.017578125
0 0.1875 0.7939453125 0.03515625 0.037109375
0 0.06640625 0.7919921875 0.04296875 0.044921875
0 0.6650390625 0.771484375 0.025390625 0.015625
0 0.4443359375 0.77734375 0.033203125 0.03125
0 0.3359375 0.7734375 0.02734375 0.0234375
0 0.998046875 0.7666015625 0.00390625 0.021484375
0 0.5712890625 0.7734375 0.033203125 0.0390625
0 0.2646484375 0.7646484375 0.025390625 0.025390625
0 0.16015625 0.767578125 0.03125 0.03125
0 0.08984375 0.7666015625 0.03125 0.029296875
0 0.9609375 0.7607421875 0.0390625 0.025390625
0 0.5341796875 0.7578125 0.025390625 0.03515625
0 0.5986328125 0.7470703125 0.017578125 0.017578125
0 0.3564453125 0.7548828125 0.029296875 0.033203125
0 0.6494140625 0.7490234375 0.041015625 0.029296875
0 0.3876953125 0.7470703125 0.025390625 0.029296875
0 0.99609375 0.7294921875 0.0078125 0.013671875
0 0.2294921875 0.7353515625 0.025390625 0.025390625
0 0.958984375 0.7314453125 0.02734375 0.025390625
0 0.4794921875 0.7333984375 0.033203125 0.029296875
0 0.265625 0.7255859375 0.015625 0.017578125
0 0.109375 0.734375 0.03515625 0.03515625
0 0.04296875 0.72265625 0.01953125 0.01953125
0 0.2861328125 0.7373046875 0.044921875 0.052734375
0 0.580078125 0.7177734375 0.0234375 0.021484375
0 0.2041015625 0.7216796875 0.029296875 0.029296875
0 0.4482421875 0.7158203125 0.021484375 0.025390625
0 0.0068359375 0.71484375 0.013671875 0.0234375
0 0.1298828125 0.7119140625 0.033203125 0.037109375
0 0.0615234375 0.7021484375 0.021484375 0.021484375
0 0.9658203125 0.701171875 0.029296875 0.0234375
0 0.3212890625 0.705078125 0.033203125 0.03125
0 0.4951171875 0.7041015625 0.037109375 0.033203125
0 0.6064453125 0.703125 0.033203125 0.03515625
0 0.2314453125 0.693359375 0.025390625 0.0234375
0 0.8818359375 0.7001953125 0.033203125 0.041015625
0 0.4169921875 0.6865234375 0.033203125 0.029296875
0 0.1494140625 0.6884765625 0.037109375 0.033203125
0 0.013671875 0.685546875 0.02734375 0.02734375
0 0.51953125 0.6865234375 0.03125 0.033203125
0 0.6318359375 0.6884765625 0.037109375 0.041015625
0 0.16796875 0.6787109375 0.0234375 0.021484375
0 0.0927734375 0.677734375 0.029296875 0.03515625
0 0.9658203125 0.666015625 0.025390625 0.01953125
0 0.5380859375 0.6708984375 0.029296875 0.033203125
0 0.2529296875 0.6708984375 0.044921875 0.044921875
0 0.0390625 0.6669921875 0.03515625 0.037109375
0 0.728515625 0.662109375 0.03125 0.0390625
0 0.3525390625 0.65625 0.033203125 0.03515625
0 0.44140625 0.65625 0.046875 0.046875
0 0.19140625 0.64453125 0.02734375 0.02734375
0 0.0556640625 0.6474609375 0.033203125 0.033203125
0 0.3173828125 0.6396484375 0.021484375 0.021484375
0 0.5654296875 0.642578125 0.033203125 0.03125
0 0.853515625 0.63671875 0.06640625 0.03515625
0 0.287109375 0.626953125 0.0234375 0.0234375
0 0.5439453125 0.6220703125 0.021484375 0.021484375
0 0.4697265625 0.6240234375 0.029296875 0.029296875
0 0.1552734375 0.6171875 0.025390625 0.0234375
0 0.998046875 0.6123046875 0.00390625 0.021484375
0 0.390625 0.623046875 0.0390625 0.04296875
0 0.078125 0.6142578125 0.03125 0.029296875
0 0.3095703125 0.60546875 0.025390625 0.02734375
0 0.224609375 0.6025390625 0.02734375 0.029296875
0 0.490234375 0.5986328125 0.03515625 0.033203125
0 0.1044921875 0.6025390625 0.037109375 0.041015625
0 0.9755859375 0.5986328125 0.029296875 0.037109375
0 0.1826171875 0.5869140625 0.025390625 0.025390625
0 0.009765625 0.5888671875 0.01953125 0.029296875
0 0.4228515625 0.5869140625 0.029296875 0.029296875
0 0.6884765625 0.587890625 0.033203125 0.0390625
0 0.3251953125 0.5830078125 0.033203125 0.029296875
0 0.73046875 0.5771484375 0.03515625 0.037109375
0 0.9970703125 0.564453125 0.005859375 0.01953125
0 0.3798828125 0.5634765625 0.017578125 0.017578125
0 0.119140625 0.5712890625 0.03125 0.033203125
0 0.021484375 0.5693359375 0.03515625 0.033203125
0 0.4453125 0.5615234375 0.02734375 0.025390625
0 0.3427734375 0.5615234375 0.029296875 0.025390625
0 0.001953125 0.548828125 0.00390625 0.00390625
0 0.62890625 0.55859375 0.03125 0.03125
0 0.134765625 0.556640625 0.03125 0.03125
0 0.236328125 0.5634765625 0.0625 0.048828125
0 0.5341796875 0.5654296875 0.052734375 0.060546875
0 0.267578125 0.546875 0.0390625 0.0390625
0 0.6484375 0.537109375 0.03125 0.02734375
0 0.1552734375 0.537109375 0.033203125 0.02734375
0 0.37890625 0.5341796875 0.0390625 0.033203125
0 0.052734375 0.5283203125 0.03515625 0.033203125
0 0.482421875 0.529296875 0.04296875 0.04296875
0 0.6826171875 0.509765625 0.044921875 0.03125
0 0.296875 0.51171875 0.0390625 0.03515625
0 0.7294921875 0.5146484375 0.044921875 0.044921875
0 0.5869140625 0.51171875 0.037109375 0.0390625
0 0.3935546875 0.50390625 0.029296875 0.03125
0 0.4599609375 0.509765625 0.041015625 0.046875
0 0.1748046875 0.5087890625 0.044921875 0.044921875
0 0.990234375 0.501953125 0.01953125 0.0390625
0 0.3212890625 0.4970703125 0.029296875 0.029296875
0 0.0166015625 0.4931640625 0.025390625 0.029296875
0 0.5625 0.4931640625 0.03125 0.033203125
0 0.3369140625 0.4765625 0.029296875 0.02734375
0 0.2041015625 0.478515625 0.037109375 0.03515625
0 0.0078125 0.474609375 0.015625 0.02734375
0 0.111328125 0.4755859375 0.0390625 0.037109375
0 0.9853515625 0.4658203125 0.029296875 0.021484375
0 0.6171875 0.4697265625 0.03515625 0.029296875
0 0.5439453125 0.4716796875 0.033203125 0.033203125
0 0.865234375 0.5048828125 0.078125 0.103515625
0 0.421875 0.470703125 0.03515625 0.0390625
0 0.35546875 0.4580078125 0.03125 0.029296875
0 0.525390625 0.4541015625 0.03515625 0.037109375
0 0.0791015625 0.4521484375 0.029296875 0.033203125
0 0.603515625 0.4423828125 0.015625 0.017578125
0 0.7314453125 0.455078125 0.048828125 0.046875
0 0.6376953125 0.4453125 0.029296875 0.03125
0 0.5830078125 0.439453125 0.017578125 0.01953125
0 0.98828125 0.4384765625 0.0234375 0.021484375
0 0.2255859375 0.4423828125 0.029296875 0.029296875
0 0.0595703125 0.4365234375 0.029296875 0.033203125
0 0.8662109375 0.4296875 0.029296875 0.0234375
0 0.37890625 0.4248046875 0.0390625 0.037109375
0 0.0390625 0.419921875 0.02734375 0.02734375
0 0.66015625 0.419921875 0.03125 0.03125
0 0.9912109375 0.412109375 0.017578125 0.0234375
0 0.560546875 0.4140625 0.02734375 0.03125
0 0.337890625 0.412109375 0.0390625 0.02734375
0 0.4765625 0.4140625 0.03515625 0.0390625
0 0.2958984375 0.4072265625 0.033203125 0.025390625
0 0.2509765625 0.4140625 0.041015625 0.0390625
0 0.01953125 0.40625 0.03125 0.03515625
0 0.9921875 0.384765625 0.015625 0.01953125
0 0.8603515625 0.3857421875 0.033203125 0.021484375
0 0.583984375 0.3935546875 0.03515625 0.037109375
0 0.45703125 0.392578125 0.0390625 0.0390625
0 0.0087890625 0.388671875 0.017578125 0.03125
0 0.6015625 0.37109375 0.03125 0.03125
0 0.517578125 0.369140625 0.02734375 0.02734375
0 0.435546875 0.3759765625 0.03515625 0.041015625
0 0.994140625 0.3583984375 0.01171875 0.021484375
0 0.6943359375 0.376953125 0.064453125 0.0703125
0 0.4150390625 0.359375 0.037109375 0.03515625
0 0.9150390625 0.3408203125 0.029296875 0.021484375
0 0.53125 0.3466796875 0.03125 0.033203125
0 0.625 0.3466796875 0.03125 0.037109375
0 0.36328125 0.341796875 0.03515625 0.0390625
0 0.994140625 0.33203125 0.01171875 0.0234375
0 0.552734375 0.326171875 0.03125 0.03125
0 0.7353515625 0.3134765625 0.044921875 0.044921875
0 0.3037109375 0.2890625 0.021484375 0.02734375
0 0.6982421875 0.28125 0.044921875 0.046875
0 0.8994140625 0.2724609375 0.025390625 0.033203125
0 0.8369140625 0.263671875 0.025390625 0.03515625
0 0.484375 0.2939453125 0.08984375 0.095703125
0 0.6005859375 0.259765625 0.048828125 0.046875
0 0.6328125 0.22265625 0.046875 0.046875
0 0.7431640625 0.212890625 0.041015625 0.03125
0 0.576171875 0.1982421875 0.046875 0.044921875
0 0.6640625 0.185546875 0.04296875 0.04296875
0 0.3408203125 0.2177734375 0.087890625 0.119140625
0 0.6064453125 0.1611328125 0.037109375 0.037109375
0 0.74609375 0.1591796875 0.0390625 0.037109375
0 0.43359375 0.2216796875 0.13671875 0.177734375
0 0.5576171875 0.119140625 0.029296875 0.03125
0 0.6396484375 0.119140625 0.037109375 0.03515625
0 0.4130859375 0.1162109375 0.025390625 0.033203125
0 0.748046875 0.111328125 0.0390625 0.03515625
0 0.3623046875 0.1025390625 0.025390625 0.033203125
0 0.3359375 0.095703125 0.02734375 0.03515625
0 0.3125 0.08984375 0.0234375 0.03515625
0 0.669921875 0.0849609375 0.0390625 0.037109375
0 0.2919921875 0.083984375 0.025390625 0.03515625
0 0.240234375 0.0703125 0.02734375 0.03515625
0 0.75 0.064453125 0.0390625 0.03515625
0 0.2158203125 0.0634765625 0.025390625 0.033203125
0 0.0751953125 0.0537109375 0.013671875 0.017578125
0 0.1943359375 0.05859375 0.025390625 0.03515625
0 0.1708984375 0.05078125 0.029296875 0.03515625
0 0.40625 0.048828125 0.02734375 0.0390625
0 0.146484375 0.0439453125 0.0234375 0.033203125
0 0.3828125 0.04296875 0.0234375 0.0390625
0 0.119140625 0.046875 0.03125 0.05078125
0 0.359375 0.037109375 0.0234375 0.0390625
0 0.1005859375 0.03125 0.025390625 0.03515625
0 0.3349609375 0.029296875 0.025390625 0.0390625
0 0.5146484375 0.01953125 0.021484375 0.0234375
0 0.3115234375 0.0234375 0.025390625 0.0390625
0 0.076171875 0.0224609375 0.02734375 0.037109375
0 0.623046875 0.060546875 0.109375 0.1171875
0 0.4912109375 0.017578125 0.025390625 0.03125
0 0.5537109375 0.06640625 0.123046875 0.1328125
0 0.466796875 0.0126953125 0.0234375 0.025390625
0 0.4443359375 0.009765625 0.021484375 0.01953125
0 0.4189453125 0.0068359375 0.021484375 0.013671875
0 0.2880859375 0.0185546875 0.025390625 0.037109375
0 0.263671875 0.015625 0.0234375 0.03125
0 0.240234375 0.01171875 0.0234375 0.0234375
0 0.21484375 0.0087890625 0.01953125 0.017578125
0 0.19140625 0.005859375 0.01953125 0.01171875
0 0.1728515625 0.001953125 0.005859375 0.00390625
0 0.05078125 0.0224609375 0.02734375 0.044921875
0 0.02734375 0.0146484375 0.0234375 0.029296875
0 0.005859375 0.0068359375 0.01171875 0.013671875