0 0.767578125 0.9970703125 0.01171875 0.005859375
0 0.1494140625 0.9951171875 0.021484375 0.009765625
0 0.1259765625 0.9853515625 0.021484375 0.021484375
0 0.681640625 0.978515625 0.1015625 0.04296875
0 0.0029296875 0.9619140625 0.005859375 0.017578125
0 0.08203125 0.962890625 0.01953125 0.03125
0 0.056640625 0.951171875 0.0234375 0.01953125
0 0.2177734375 0.9384765625 0.021484375 0.021484375
0 0.0263671875 0.9345703125 0.025390625 0.029296875
0 0.1416015625 0.91796875 0.017578125 0.01953125
0 0.2119140625 0.9111328125 0.025390625 0.025390625
0 0.5234375 0.8798828125 0.03515625 0.029296875
0 0.212890625 0.869140625 0.02734375 0.01953125
0 0.0859375 0.876953125 0.0234375 0.0390625
0 0.0537109375 0.8623046875 0.025390625 0.037109375
0 0.1318359375 0.84765625 0.021484375 0.03515625
0 0.0224609375 0.84375 0.021484375 0.03515625
0 0.046875 0.8330078125 0.015625 0.017578125
0 0.00390625 0.8330078125 0.0078125 0.029296875
0 0.1962890625 0.826171875 0.025390625 0.02734375
0 0.1181640625 0.8134765625 0.041015625 0.025390625
0 0.2392578125 0.802734375 0.029296875 0.02734375
0 0.0556640625 0.7880859375 0.013671875 0.013671875
0 0.013671875 0.7861328125 0.02734375 0.021484375
0 0.2861328125 0.783203125 0.025390625 0.02734375
0 0.119140625 0.7783203125 0.03515625 0.021484375
0 0.0556640625 0.7685546875 0.013671875 0.013671875
0 0.3125 0.771484375 0.02734375 0.02734375
0 0.185546875 0.7685546875 0.03125 0.025390625
0 0.0771484375 0.755859375 0.017578125 0.01953125
0 0.3369140625 0.7578125 0.029296875 0.03125
0 0.0166015625 0.75390625 0.033203125 0.0234375
0 0.12109375 0.7509765625 0.02734375 0.021484375
0 0.228515625 0.734375 0.02734375 0.03515625
0 0.1796875 0.724609375 0.03125 0.0234375
0 0.1162109375 0.7216796875 0.029296875 0.017578125
0 0.01953125 0.7236328125 0.03125 0.021484375
0 0.255859375 0.7177734375 0.03125 0.033203125
0 0.2822265625 0.703125 0.025390625 0.03125
0 0.0322265625 0.69140625 0.033203125 0.01953125
0 0.10546875 0.69140625 0.0234375 0.0234375
0 0.3095703125 0.689453125 0.029296875 0.02734375
0 0.16796875 0.6748046875 0.02734375 0.029296875
0 0.333984375 0.673828125 0.02734375 0.03125
0 0.0966796875 0.6630859375 0.029296875 0.025390625
0 0.294921875 0.6376953125 0.04296875 0.033203125
0 0.0439453125 0.6318359375 0.033203125 0.021484375
0 0.08984375 0.6298828125 0.03125 0.021484375
0 0.3359375 0.6201171875 0.04296875 0.029296875
0 0.158203125 0.6162109375 0.02734375 0.044921875
0 0.041015625 0.6005859375 0.0234375 0.021484375
0 0.0439453125 0.5693359375 0.025390625 0.017578125
0 0.0849609375 0.5712890625 0.033203125 0.029296875
0 0.0419921875 0.5478515625 0.017578125 0.013671875
0 0.1337890625 0.53515625 0.025390625 0.02734375
0 0.04296875 0.529296875 0.01953125 0.015625
0 0.119140625 0.5009765625 0.02734375 0.025390625
0 0.044921875 0.4970703125 0.0234375 0.029296875
0 0.2041015625 0.5283203125 0.080078125 0.134765625
0 0.279296875 0.4970703125 0.09375 0.126953125
0 0.4697265625 0.4306640625 0.021484375 0.021484375
0 0.5234375 0.4296875 0.0703125 0.0625
0 0.4013671875 0.4775390625 0.162109375 0.185546875
0 0.1376953125 0.4208984375 0.134765625 0.076171875
0 0.435546875 0.3828125 0.03515625 0.03515625
0 0.52734375 0.3779296875 0.03125 0.029296875
0 0.015625 0.373046875 0.015625 0.0234375
0 0.0478515625 0.3623046875 0.017578125 0.029296875
0 0.408203125 0.357421875 0.02734375 0.02734375
0 0.5126953125 0.35546875 0.029296875 0.02734375
0 0.0673828125 0.3525390625 0.017578125 0.041015625
0 0.599609375 0.345703125 0.0390625 0.0390625
0 0.3916015625 0.3369140625 0.021484375 0.021484375
0 0.1142578125 0.3388671875 0.025390625 0.025390625
0 0.033203125 0.33203125 0.01953125 0.015625
0 0.458984375 0.3291015625 0.01953125 0.021484375
0 0.4912109375 0.3310546875 0.029296875 0.029296875
0 0.373046875 0.3271484375 0.0234375 0.025390625
0 0.5634765625 0.322265625 0.017578125 0.01953125
0 0.474609375 0.3076171875 0.02734375 0.025390625
0 0.6328125 0.2998046875 0.04296875 0.025390625
0 0.552734375 0.2998046875 0.02734375 0.029296875
0 0.3828125 0.2890625 0.03125 0.03125
0 0.533203125 0.28515625 0.0234375 0.02734375
0 0.4482421875 0.2841796875 0.021484375 0.025390625
0 0.662109375 0.2763671875 0.0234375 0.021484375
0 0.43359375 0.263671875 0.01953125 0.01953125
0 0.396484375 0.2626953125 0.03125 0.033203125
0 0.5712890625 0.2548828125 0.033203125 0.033203125
0 0.5126953125 0.248046875 0.021484375 0.0234375
0 0.671875 0.2470703125 0.0390625 0.033203125
0 0.1318359375 0.2724609375 0.080078125 0.091796875
0 0.4169921875 0.23828125 0.037109375 0.03125
0 0.587890625 0.23046875 0.03515625 0.03125
0 0.494140625 0.2255859375 0.0234375 0.021484375
0 0.693359375 0.2236328125 0.03125 0.029296875
0 0.0791015625 0.2265625 0.033203125 0.0390625
0 0.470703125 0.2158203125 0.01953125 0.021484375
0 0.642578125 0.203125 0.015625 0.015625
0 0.3310546875 0.2119140625 0.037109375 0.033203125
0 0.6064453125 0.2060546875 0.033203125 0.029296875
0 0.5263671875 0.205078125 0.025390625 0.02734375
0 0.0517578125 0.21484375 0.041015625 0.046875
0 0.712890625 0.201171875 0.0234375 0.0234375
0 0.201171875 0.1982421875 0.02734375 0.037109375
0 0.3603515625 0.193359375 0.033203125 0.03125
0 0.025390625 0.1953125 0.03125 0.0390625
0 0.619140625 0.17578125 0.0234375 0.0234375
0 0.728515625 0.17578125 0.02734375 0.02734375
0 0.171875 0.1796875 0.02734375 0.0390625
0 0.548828125 0.1689453125 0.03125 0.033203125
0 0.390625 0.166015625 0.02734375 0.03125
0 0.7392578125 0.1572265625 0.033203125 0.029296875
0 0.482421875 0.1552734375 0.02734375 0.025390625
0 0.138671875 0.1630859375 0.0234375 0.041015625
0 0.56640625 0.1484375 0.0234375 0.0234375
0 0.109375 0.1435546875 0.01953125 0.033203125
0 0.578125 0.126953125 0.03125 0.02734375
0 0.4970703125 0.1240234375 0.025390625 0.025390625
0 0.74609375 0.1240234375 0.01953125 0.029296875
0 0.04296875 0.1259765625 0.04296875 0.033203125
0 0.5166015625 0.103515625 0.029296875 0.02734375
0 0.16015625 0.095703125 0.015625 0.01171875
0 0.6533203125 0.12890625 0.064453125 0.08203125
0 0.0244140625 0.1005859375 0.048828125 0.041015625
0 0.119140625 0.08984375 0.03515625 0.0234375
0 0.2421875 0.0908203125 0.0390625 0.037109375
0 0.615234375 0.08203125 0.02734375 0.02734375
0 0.7177734375 0.0791015625 0.068359375 0.025390625
0 0.53125 0.0791015625 0.03125 0.033203125
0 0.046875 0.0615234375 0.01953125 0.021484375
0 0.2509765625 0.060546875 0.029296875 0.03125
0 0.626953125 0.0576171875 0.02734375 0.029296875
0 0.2216796875 0.0595703125 0.021484375 0.033203125
0 0.5517578125 0.0576171875 0.033203125 0.033203125
0 0.16015625 0.056640625 0.01953125 0.03515625
0 0.0126953125 0.052734375 0.025390625 0.02734375
0 0.4306640625 0.0478515625 0.037109375 0.029296875
0 0.1162109375 0.0546875 0.037109375 0.04296875
0 0.3994140625 0.0791015625 0.099609375 0.099609375
0 0.6884765625 0.0283203125 0.025390625 0.017578125
0 0.568359375 0.0322265625 0.02734375 0.029296875
0 0.2119140625 0.02734375 0.029296875 0.0234375
0 0.7333984375 0.0244140625 0.021484375 0.021484375
0 0.7998046875 0.0048828125 0.033203125 0.009765625
0 0.62890625 0.0068359375 0.0234375 0.013671875
0 0.59765625 0.0068359375 0.0234375 0.013671875
0 0.5078125 0.0126953125 0.0546875 0.025390625
0 0.38671875 0.009765625 0.0390625 0.01953125
0 0.2666015625 0.0068359375 0.025390625 0.013671875
0 0.1162109375 0.009765625 0.033203125 0.01953125
0 0.0380859375 0.005859375 0.021484375 0.01171875