0 0.8349609375 0.99609375 0.017578125 0.0078125
0 0.638671875 0.9951171875 0.03125 0.009765625
0 0.9306640625 0.9931640625 0.025390625 0.013671875
0 0.7236328125 0.9892578125 0.033203125 0.021484375
0 0.7734375 0.9873046875 0.03515625 0.025390625
0 0.9873046875 0.9853515625 0.025390625 0.029296875
0 0.908203125 0.984375 0.0390625 0.03125
0 0.6533203125 0.974609375 0.037109375 0.02734375
0 0.888671875 0.9697265625 0.03515625 0.037109375
0 0.8701171875 0.9541015625 0.037109375 0.037109375
0 0.6630859375 0.9453125 0.037109375 0.02734375
0 0.849609375 0.94140625 0.03515625 0.03125
0 0.939453125 0.939453125 0.03515625 0.03515625
0 0.76953125 0.951171875 0.0703125 0.0625
0 0.73046875 0.923828125 0.03125 0.0390625
0 0.833984375 0.921875 0.0390625 0.0390625
0 0.9052734375 0.908203125 0.041015625 0.04296875
0 0.818359375 0.9052734375 0.0390625 0.041015625
0 0.7099609375 0.908203125 0.037109375 0.046875
0 0.984375 0.89453125 0.03125 0.03515625
0 0.8876953125 0.8916015625 0.037109375 0.041015625
0 0.7998046875 0.8876953125 0.037109375 0.037109375
0 0.96875 0.8779296875 0.03515625 0.037109375
0 0.8701171875 0.875 0.037109375 0.0390625
0 0.7822265625 0.8720703125 0.037109375 0.041015625
0 0.677734375 0.88671875 0.0625 0.08203125
0 0.9541015625 0.8603515625 0.037109375 0.037109375
0 0.8544921875 0.8583984375 0.037109375 0.041015625
0 0.75390625 0.8525390625 0.05078125 0.048828125
0 0.9326171875 0.8427734375 0.037109375 0.037109375
0 0.837890625 0.841796875 0.0390625 0.04296875
0 0.990234375 0.8330078125 0.01953125 0.033203125
0 0.818359375 0.8271484375 0.0390625 0.044921875
0 0.9794921875 0.814453125 0.033203125 0.03515625
0 0.8974609375 0.80859375 0.033203125 0.03515625
0 0.7939453125 0.8134765625 0.048828125 0.048828125
0 0.9619140625 0.798828125 0.033203125 0.03515625
0 0.943359375 0.783203125 0.03515625 0.03515625
0 0.7275390625 0.7880859375 0.056640625 0.060546875
0 0.9248046875 0.765625 0.037109375 0.0390625
0 0.86328125 0.7744140625 0.0703125 0.068359375
0 0.9931640625 0.751953125 0.013671875 0.02734375
0 0.908203125 0.751953125 0.03515625 0.0390625
0 0.822265625 0.7509765625 0.03125 0.037109375
0 0.7998046875 0.7412109375 0.029296875 0.037109375
0 0.888671875 0.734375 0.03515625 0.04296875
0 0.8671875 0.720703125 0.03125 0.04296875
0 0.8427734375 0.70703125 0.033203125 0.03515625
0 0.9638671875 0.7099609375 0.056640625 0.060546875
0 0.28515625 0.6845703125 0.01953125 0.029296875
0 0.9345703125 0.6826171875 0.033203125 0.037109375
0 0.2490234375 0.67578125 0.025390625 0.03125
0 0.3173828125 0.6650390625 0.025390625 0.025390625
0 0.9169921875 0.6669921875 0.037109375 0.041015625
0 0.771484375 0.7001953125 0.08984375 0.107421875
0 0.890625 0.6572265625 0.03125 0.041015625
0 0.8623046875 0.650390625 0.033203125 0.03515625
0 0.341796875 0.6455078125 0.03125 0.025390625
0 0.232421875 0.6455078125 0.0234375 0.029296875
0 0.3671875 0.62890625 0.03125 0.02734375
0 0.400390625 0.6220703125 0.02734375 0.033203125
0 0.2861328125 0.6123046875 0.029296875 0.017578125
0 0.2138671875 0.609375 0.021484375 0.02734375
0 0.427734375 0.6103515625 0.03125 0.037109375
0 0.451171875 0.6005859375 0.02734375 0.037109375
0 0.3271484375 0.5869140625 0.029296875 0.025390625
0 0.265625 0.58203125 0.0234375 0.02734375
0 0.4931640625 0.5859375 0.068359375 0.046875
0 0.189453125 0.576171875 0.0234375 0.02734375
0 0.3134765625 0.5546875 0.021484375 0.02734375
0 0.384765625 0.5537109375 0.03515625 0.037109375
0 0.25 0.5419921875 0.03125 0.025390625
0 0.4130859375 0.544921875 0.029296875 0.03515625
0 0.43359375 0.5341796875 0.02734375 0.033203125
0 0.29296875 0.5244140625 0.0234375 0.025390625
0 0.505859375 0.5146484375 0.01953125 0.033203125
0 0.46875 0.5146484375 0.046875 0.048828125
0 0.359375 0.5087890625 0.05859375 0.060546875
0 0.3740234375 0.4853515625 0.029296875 0.037109375
0 0.3984375 0.47265625 0.02734375 0.03515625
0 0.423828125 0.4658203125 0.03125 0.033203125
0 0.861328125 0.55078125 0.16015625 0.20703125
0 0.4912109375 0.439453125 0.056640625 0.0390625
0 0.6806640625 0.53125 0.248046875 0.2890625
0 0.0693359375 0.4169921875 0.138671875 0.146484375
0 0.646484375 0.1591796875 0.03125 0.017578125
0 0.6455078125 0.123046875 0.021484375 0.01953125
0 0.9775390625 0.0869140625 0.044921875 0.056640625
0 0.49609375 0.0771484375 0.0390625 0.037109375
0 0.568359375 0.0615234375 0.04296875 0.052734375
0 0.4609375 0.0419921875 0.03125 0.037109375
0 0.67578125 0.05859375 0.1171875 0.07421875
0 0.6328125 0.0087890625 0.03515625 0.017578125
0 0.55859375 0.0166015625 0.0390625 0.033203125
0 0.5439453125 0.001953125 0.009765625 0.00390625
0 0.3818359375 0.0146484375 0.048828125 0.029296875