0 0.7373046875 0.9873046875 0.072265625 0.025390625
0 0.1572265625 0.974609375 0.056640625 0.05078125
0 0.4482421875 0.9560546875 0.021484375 0.025390625
0 0.25390625 0.9306640625 0.05078125 0.060546875
0 0.6533203125 0.9384765625 0.041015625 0.103515625
0 0.9970703125 0.8896484375 0.005859375 0.009765625
0 0.8564453125 0.8642578125 0.025390625 0.037109375
0 0.7529296875 0.892578125 0.041015625 0.09375
0 0.291015625 0.8896484375 0.09375 0.103515625
0 0.98828125 0.8525390625 0.0234375 0.041015625
0 0.3193359375 0.857421875 0.060546875 0.05859375
0 0.13671875 0.8525390625 0.04296875 0.048828125
0 0.9736328125 0.806640625 0.029296875 0.0390625
0 0.6611328125 0.7998046875 0.068359375 0.060546875
0 0.3427734375 0.8046875 0.052734375 0.07421875
0 0.9609375 0.7509765625 0.04296875 0.029296875
0 0.998046875 0.6650390625 0.00390625 0.017578125
0 0.9560546875 0.662109375 0.029296875 0.01953125
0 0.2392578125 0.7119140625 0.154296875 0.150390625
0 0.9072265625 0.6298828125 0.021484375 0.029296875
0 0.912109375 0.591796875 0.01953125 0.01953125
0 0.810546875 0.591796875 0.02734375 0.03125
0 0.8974609375 0.568359375 0.025390625 0.0234375
0 0.955078125 0.5673828125 0.05078125 0.029296875
0 0.3623046875 0.6064453125 0.091796875 0.107421875
0 0.2392578125 0.5615234375 0.033203125 0.029296875
0 0.115234375 0.552734375 0.03125 0.02734375
0 0.8134765625 0.529296875 0.017578125 0.015625
0 0.775390625 0.5048828125 0.01171875 0.037109375
0 0.8779296875 0.4892578125 0.029296875 0.029296875
0 0.98828125 0.4794921875 0.0234375 0.017578125
0 0.9443359375 0.4814453125 0.048828125 0.025390625
0 0.48046875 0.458984375 0.09375 0.09765625
0 0.8984375 0.404296875 0.06640625 0.0625
0 0.576171875 0.33984375 0.10546875 0.07421875
0 0.3056640625 0.375 0.177734375 0.21484375
0 0.94140625 0.265625 0.1171875 0.09765625
0 0.7841796875 0.1630859375 0.033203125 0.021484375
0 0.0673828125 0.234375 0.115234375 0.16796875
0 0.8076171875 0.12890625 0.033203125 0.04296875
0 0.2783203125 0.1533203125 0.169921875 0.111328125
0 0.7802734375 0.0380859375 0.048828125 0.060546875
0 0.9560546875 0.068359375 0.087890625 0.13671875
0 0.8720703125 0.01953125 0.080078125 0.0390625
0 0.53515625 0.0537109375 0.16796875 0.107421875
0 0.2060546875 0.021484375 0.052734375 0.04296875