0 0.537109375 0.9951171875 0.01953125 0.009765625
0 0.197265625 0.9951171875 0.01953125 0.009765625
0 0.046875 0.9951171875 0.0234375 0.009765625
0 0.458984375 0.9912109375 0.03125 0.017578125
0 0.3115234375 0.9892578125 0.037109375 0.021484375
0 0.3828125 0.98828125 0.03515625 0.0234375
0 0.2255859375 0.98828125 0.029296875 0.0234375
0 0.8173828125 0.9775390625 0.021484375 0.017578125
0 0.9619140625 0.9814453125 0.021484375 0.029296875
0 0.9248046875 0.98046875 0.025390625 0.03125
0 0.994140625 0.98046875 0.01171875 0.03515625
0 0.888671875 0.9755859375 0.01953125 0.033203125
0 0.2607421875 0.9736328125 0.033203125 0.029296875
0 0.85546875 0.97265625 0.0234375 0.03515625
0 0.3662109375 0.9697265625 0.041015625 0.037109375
0 0.443359375 0.962890625 0.02734375 0.02734375
0 0.08984375 0.9716796875 0.04296875 0.056640625
0 0.2880859375 0.958984375 0.029296875 0.0390625
0 0.0048828125 0.94921875 0.009765625 0.01953125
0 0.806640625 0.9462890625 0.0234375 0.017578125
0 0.8759765625 0.94140625 0.017578125 0.015625
0 0.8408203125 0.943359375 0.017578125 0.01953125
0 0.9091796875 0.939453125 0.021484375 0.01953125
0 0.5673828125 0.9453125 0.037109375 0.03515625
0 0.7568359375 0.9462890625 0.056640625 0.041015625
0 0.5166015625 0.9521484375 0.064453125 0.056640625
0 0.96484375 0.931640625 0.03515625 0.01953125
0 0.5927734375 0.9365234375 0.021484375 0.029296875
0 0.4189453125 0.9306640625 0.029296875 0.033203125
0 0.6435546875 0.9541015625 0.056640625 0.087890625
0 0.328125 0.9248046875 0.03125 0.037109375
0 0.40625 0.9111328125 0.03515625 0.029296875
0 0.3564453125 0.912109375 0.029296875 0.03515625
0 0.966796875 0.9013671875 0.0234375 0.021484375
0 0.859375 0.908203125 0.01953125 0.03515625
0 0.931640625 0.9033203125 0.01953125 0.029296875
0 0.904296875 0.9033203125 0.01953125 0.029296875
0 0.4853515625 0.9111328125 0.052734375 0.048828125
0 0.8818359375 0.8984375 0.017578125 0.03125
0 0.8046875 0.9013671875 0.02734375 0.041015625
0 0.3896484375 0.8935546875 0.029296875 0.025390625
0 0.05078125 0.896484375 0.02734375 0.03125
0 0.8330078125 0.896484375 0.021484375 0.03515625
0 0.7802734375 0.8916015625 0.017578125 0.025390625
0 0.6298828125 0.892578125 0.052734375 0.03125
0 0.1552734375 0.9326171875 0.083984375 0.111328125
0 0.7470703125 0.8984375 0.033203125 0.05859375
0 0.466796875 0.873046875 0.02734375 0.03515625
0 0.0419921875 0.861328125 0.029296875 0.0234375
0 0.9208984375 0.8515625 0.033203125 0.01953125
0 0.9697265625 0.849609375 0.025390625 0.01953125
0 0.517578125 0.86328125 0.05859375 0.046875
0 0.310546875 0.8505859375 0.03125 0.025390625
0 0.880859375 0.84765625 0.01953125 0.0234375
0 0.2353515625 0.876953125 0.076171875 0.08984375
0 0.802734375 0.8408203125 0.03515625 0.025390625
0 0.5771484375 0.8447265625 0.029296875 0.033203125
0 0.8505859375 0.841796875 0.021484375 0.03125
0 0.0263671875 0.8369140625 0.041015625 0.033203125
0 0.1181640625 0.837890625 0.048828125 0.0390625
0 0.6396484375 0.8349609375 0.076171875 0.056640625
0 0.849609375 0.8115234375 0.0234375 0.017578125
0 0.07421875 0.8154296875 0.05078125 0.025390625
0 0.88671875 0.810546875 0.0234375 0.01953125
0 0.8095703125 0.8076171875 0.025390625 0.017578125
0 0.7568359375 0.8212890625 0.044921875 0.060546875
0 0.97265625 0.802734375 0.03515625 0.05078125
0 0.0087890625 0.783203125 0.017578125 0.02734375
0 0.4609375 0.775390625 0.02734375 0.02734375
0 0.763671875 0.7587890625 0.03515625 0.021484375
0 0.919921875 0.7607421875 0.03125 0.029296875
0 0.9794921875 0.7578125 0.025390625 0.02734375
0 0.40625 0.791015625 0.09375 0.09375
0 0.076171875 0.765625 0.0546875 0.04296875
0 0.890625 0.7587890625 0.0234375 0.037109375
0 0.193359375 0.7607421875 0.046875 0.041015625
0 0.8642578125 0.755859375 0.021484375 0.03515625
0 0.8369140625 0.75390625 0.021484375 0.03515625
0 0.8095703125 0.751953125 0.021484375 0.03515625
0 0.376953125 0.7373046875 0.04296875 0.029296875
0 0.2685546875 0.7607421875 0.099609375 0.076171875
0 0.515625 0.7333984375 0.0390625 0.029296875
0 0.572265625 0.75390625 0.140625 0.0859375
0 0.4609375 0.720703125 0.0234375 0.01953125
0 0.2734375 0.7158203125 0.02734375 0.025390625
0 0.1845703125 0.71484375 0.072265625 0.03515625
0 0.9375 0.7158203125 0.03515625 0.048828125
0 0.8935546875 0.7109375 0.021484375 0.0390625
0 0.9755859375 0.7109375 0.041015625 0.04296875
0 0.8701171875 0.7060546875 0.017578125 0.033203125
0 0.359375 0.7021484375 0.0390625 0.033203125
0 0.83984375 0.7001953125 0.02734375 0.033203125
0 0.5029296875 0.69921875 0.033203125 0.03125
0 0.431640625 0.69921875 0.04296875 0.03125
0 0.8076171875 0.6982421875 0.029296875 0.044921875
0 0.037109375 0.68359375 0.05078125 0.0390625
0 0.7646484375 0.703125 0.041015625 0.08203125
0 0.25 0.6767578125 0.0390625 0.037109375
0 0.341796875 0.671875 0.03515625 0.03125
0 0.4912109375 0.6611328125 0.037109375 0.033203125
0 0.4189453125 0.65625 0.037109375 0.03515625
0 0.892578125 0.6376953125 0.01953125 0.025390625
0 0.865234375 0.634765625 0.01953125 0.0234375
0 0.8359375 0.6337890625 0.02734375 0.025390625
0 0.94140625 0.6298828125 0.02734375 0.021484375
0 0.6142578125 0.6611328125 0.076171875 0.083984375
0 0.669921875 0.66015625 0.0390625 0.0859375
0 0.5283203125 0.6357421875 0.029296875 0.037109375
0 0.3291015625 0.6357421875 0.044921875 0.037109375
0 0.787109375 0.6318359375 0.06640625 0.033203125
0 0.9833984375 0.626953125 0.025390625 0.03515625
0 0.4697265625 0.6240234375 0.037109375 0.033203125
0 0.404296875 0.6181640625 0.0390625 0.029296875
0 0.1416015625 0.625 0.052734375 0.04296875
0 0.021484375 0.6015625 0.03125 0.03125
0 0.265625 0.5947265625 0.02734375 0.025390625
0 0.1123046875 0.595703125 0.029296875 0.03125
0 0.982421875 0.5869140625 0.03515625 0.029296875
0 0.2197265625 0.58984375 0.044921875 0.03515625
0 0.837890625 0.5927734375 0.16015625 0.048828125
0 0.2978515625 0.583984375 0.025390625 0.03125
0 0.453125 0.5625 0.01953125 0.01953125
0 0.373046875 0.5615234375 0.0234375 0.021484375
0 0.328125 0.56640625 0.03515625 0.03125
0 0.9873046875 0.5546875 0.025390625 0.015625
0 0.234375 0.552734375 0.015625 0.01953125
0 0.416015625 0.55859375 0.0390625 0.03515625
0 0.0947265625 0.556640625 0.033203125 0.03125
0 0.548828125 0.55859375 0.02734375 0.0390625
0 0.4814453125 0.5556640625 0.021484375 0.037109375
0 0.009765625 0.55078125 0.01953125 0.02734375
0 0.587890625 0.556640625 0.03515625 0.04296875
0 0.5146484375 0.5537109375 0.025390625 0.041015625
0 0.955078125 0.546875 0.01953125 0.03125
0 0.98828125 0.5341796875 0.0234375 0.017578125
0 0.4638671875 0.53125 0.013671875 0.015625
0 0.130859375 0.5439453125 0.03515625 0.041015625
0 0.171875 0.533203125 0.03515625 0.03125
0 0.5380859375 0.5244140625 0.013671875 0.017578125
0 0.234375 0.5185546875 0.0234375 0.033203125
0 0.388671875 0.5107421875 0.02734375 0.025390625
0 0.8427734375 0.5224609375 0.162109375 0.056640625
0 0.9921875 0.5068359375 0.015625 0.029296875
0 0.966796875 0.5048828125 0.01953125 0.029296875
0 0.935546875 0.5068359375 0.0234375 0.033203125
0 0.2802734375 0.509765625 0.025390625 0.0390625
0 0.3154296875 0.50390625 0.021484375 0.03515625
0 0.666015625 0.5439453125 0.0703125 0.119140625
0 0.8935546875 0.4931640625 0.029296875 0.021484375
0 0.3427734375 0.4990234375 0.025390625 0.037109375
0 0.0634765625 0.4873046875 0.029296875 0.033203125
0 0.4248046875 0.47265625 0.021484375 0.02734375
0 0.4482421875 0.4716796875 0.021484375 0.029296875
0 0.8125 0.470703125 0.05078125 0.03515625
0 0.0986328125 0.46875 0.033203125 0.03125
0 0.89453125 0.462890625 0.0390625 0.0234375
0 0.9755859375 0.4619140625 0.048828125 0.037109375
0 0.4951171875 0.462890625 0.033203125 0.0390625
0 0.53515625 0.45703125 0.03125 0.0390625
0 0.1318359375 0.4580078125 0.033203125 0.041015625
0 0.1826171875 0.4423828125 0.044921875 0.037109375
0 0.056640625 0.44140625 0.046875 0.04296875
0 0.9921875 0.423828125 0.015625 0.01953125
0 0.615234375 0.44140625 0.1171875 0.0625
0 0.900390625 0.41796875 0.0390625 0.0234375
0 0.6845703125 0.439453125 0.041015625 0.0703125
0 0.1015625 0.412109375 0.04296875 0.02734375
0 0.3046875 0.40625 0.0390625 0.0390625
0 0.373046875 0.400390625 0.03125 0.0390625
0 0.0322265625 0.39453125 0.037109375 0.03125
0 0.1650390625 0.3984375 0.052734375 0.046875
0 0.955078125 0.3916015625 0.0234375 0.041015625
0 0.421875 0.3916015625 0.03125 0.041015625
0 0.9892578125 0.3779296875 0.021484375 0.025390625
0 0.4853515625 0.3798828125 0.025390625 0.033203125
0 0.90625 0.37890625 0.02734375 0.03515625
0 0.4609375 0.384765625 0.01953125 0.046875
0 0.5185546875 0.376953125 0.025390625 0.03515625
0 0.8369140625 0.375 0.076171875 0.046875
0 0.2841796875 0.3642578125 0.037109375 0.029296875
0 0.142578125 0.3525390625 0.04296875 0.041015625
0 0.0107421875 0.3349609375 0.021484375 0.048828125
0 0.6259765625 0.3544921875 0.173828125 0.091796875
0 0.2607421875 0.3212890625 0.033203125 0.033203125
0 0.412109375 0.3193359375 0.04296875 0.056640625
0 0.6064453125 0.2978515625 0.041015625 0.021484375
0 0.458984375 0.30078125 0.03515625 0.0390625
0 0.29296875 0.294921875 0.02734375 0.02734375
0 0.248046875 0.2939453125 0.0390625 0.029296875
0 0.4990234375 0.298828125 0.029296875 0.046875
0 0.5419921875 0.287109375 0.021484375 0.02734375
0 0.0517578125 0.2861328125 0.044921875 0.033203125
0 0.5693359375 0.279296875 0.021484375 0.0390625
0 0.11328125 0.2841796875 0.046875 0.048828125
0 0.6005859375 0.267578125 0.041015625 0.01953125
0 0.3515625 0.271484375 0.0390625 0.02734375
0 0.63671875 0.2724609375 0.01953125 0.037109375
0 0.236328125 0.26171875 0.03125 0.02734375
0 0.015625 0.259765625 0.03125 0.03515625
0 0.0458984375 0.244140625 0.033203125 0.03515625
0 0.26953125 0.228515625 0.015625 0.015625
0 0.3359375 0.2353515625 0.04296875 0.033203125
0 0.2177734375 0.228515625 0.041015625 0.0390625
0 0.4208984375 0.2216796875 0.029296875 0.029296875
0 0.0908203125 0.23046875 0.048828125 0.046875
0 0.521484375 0.208984375 0.02734375 0.03515625
0 0.46875 0.20703125 0.02734375 0.0390625
0 0.5625 0.1982421875 0.0390625 0.037109375
0 0.48046875 0.1875 0.0234375 0.0234375
0 0.32421875 0.1865234375 0.0390625 0.033203125
0 0.4091796875 0.1806640625 0.037109375 0.025390625
0 0.521484375 0.173828125 0.03125 0.01953125
0 0.2138671875 0.181640625 0.044921875 0.03515625
0 0.556640625 0.16796875 0.03125 0.01953125
0 0.021484375 0.173828125 0.03515625 0.03515625
0 0.609375 0.1806640625 0.046875 0.064453125
0 0.265625 0.1650390625 0.0234375 0.033203125
0 0.0546875 0.15625 0.03125 0.0390625
0 0.8388671875 0.232421875 0.146484375 0.1953125
0 0.0029296875 0.1357421875 0.005859375 0.009765625
0 0.095703125 0.146484375 0.04296875 0.03515625
0 0.3056640625 0.1474609375 0.044921875 0.041015625
0 0.580078125 0.1298828125 0.03125 0.033203125
0 0.1318359375 0.12890625 0.033203125 0.03515625
0 0.162109375 0.119140625 0.03125 0.03515625
0 0.3974609375 0.1318359375 0.060546875 0.064453125
0 0.4873046875 0.1240234375 0.033203125 0.056640625
0 0.451171875 0.1162109375 0.02734375 0.041015625
0 0.189453125 0.1083984375 0.03125 0.029296875
0 0.025390625 0.1142578125 0.05078125 0.048828125
0 0.51171875 0.109375 0.02734375 0.04296875
0 0.7734375 0.111328125 0.05078125 0.05078125
0 0.2197265625 0.09765625 0.033203125 0.03125
0 0.5419921875 0.1005859375 0.025390625 0.044921875
0 0.0625 0.0986328125 0.03125 0.041015625
0 0.5791015625 0.08984375 0.029296875 0.0390625
0 0.0869140625 0.08984375 0.029296875 0.0390625
0 0.2548828125 0.0830078125 0.037109375 0.037109375
0 0.607421875 0.0830078125 0.02734375 0.041015625
0 0.109375 0.08203125 0.02734375 0.0390625
0 0.2880859375 0.072265625 0.033203125 0.03515625
0 0.6611328125 0.0712890625 0.052734375 0.037109375
0 0.1337890625 0.072265625 0.029296875 0.0390625
0 0.3212890625 0.0615234375 0.029296875 0.033203125
0 0.1572265625 0.0625 0.029296875 0.03515625
0 0.00390625 0.0537109375 0.0078125 0.017578125
0 0.9765625 0.068359375 0.046875 0.05078125
0 0.3447265625 0.0517578125 0.029296875 0.033203125
0 0.1787109375 0.052734375 0.029296875 0.03515625
0 0.2021484375 0.044921875 0.029296875 0.03515625
0 0.4052734375 0.0400390625 0.029296875 0.041015625
0 0.2265625 0.0361328125 0.02734375 0.037109375
0 0.4970703125 0.0322265625 0.025390625 0.033203125
0 0.43359375 0.0341796875 0.02734375 0.037109375
0 0.0458984375 0.0322265625 0.052734375 0.037109375
0 0.46484375 0.029296875 0.02734375 0.0390625
0 0.2490234375 0.0283203125 0.029296875 0.037109375
0 0.0859375 0.017578125 0.03515625 0.03125
0 0.9140625 0.0263671875 0.11328125 0.052734375
0 0.7978515625 0.046875 0.087890625 0.09375
0 0.6474609375 0.015625 0.052734375 0.03125
0 0.603515625 0.01953125 0.03515625 0.0390625
0 0.572265625 0.0185546875 0.03125 0.037109375
0 0.5322265625 0.0224609375 0.044921875 0.044921875
0 0.41015625 0.0048828125 0.04296875 0.009765625
0 0.3681640625 0.005859375 0.033203125 0.01171875
0 0.15625 0.00390625 0.03125 0.0078125
0 0.1142578125 0.0107421875 0.025390625 0.021484375