0 0.9013671875 0.99609375 0.021484375 0.0078125
0 0.732421875 0.9951171875 0.01953125 0.009765625
0 0.548828125 0.9951171875 0.01953125 0.009765625
0 0.3974609375 0.990234375 0.033203125 0.01953125
0 0.5224609375 0.9873046875 0.029296875 0.025390625
0 0.8310546875 0.9814453125 0.044921875 0.029296875
0 0.5439453125 0.9755859375 0.017578125 0.017578125
0 0.29296875 0.9794921875 0.05078125 0.041015625
0 0.6572265625 0.978515625 0.048828125 0.04296875
0 0.91015625 0.9658203125 0.03515625 0.029296875
0 0.751953125 0.966796875 0.04296875 0.03125
0 0.501953125 0.9697265625 0.03515625 0.041015625
0 0.833984375 0.955078125 0.03515625 0.0234375
0 0.3388671875 0.95703125 0.033203125 0.03515625
0 0.47265625 0.95703125 0.03515625 0.04296875
0 0.6728515625 0.9443359375 0.033203125 0.025390625
0 0.31640625 0.9443359375 0.03125 0.033203125
0 0.58984375 0.939453125 0.02734375 0.02734375
0 0.759765625 0.9375 0.04296875 0.02734375
0 0.2109375 0.94140625 0.0390625 0.03515625
0 0.552734375 0.935546875 0.03125 0.02734375
0 0.9140625 0.931640625 0.0390625 0.0234375
0 0.8369140625 0.9248046875 0.041015625 0.025390625
0 0.427734375 0.9306640625 0.03515625 0.037109375
0 0.68359375 0.919921875 0.02734375 0.02734375
0 0.619140625 0.921875 0.02734375 0.03125
0 0.181640625 0.9111328125 0.01953125 0.021484375
0 0.525390625 0.91015625 0.02734375 0.02734375
0 0.7626953125 0.908203125 0.037109375 0.02734375
0 0.9150390625 0.896484375 0.037109375 0.0234375
0 0.23046875 0.900390625 0.03125 0.0390625
0 0.4453125 0.8876953125 0.02734375 0.025390625
0 0.2001953125 0.880859375 0.029296875 0.03515625
0 0.53125 0.8740234375 0.03125 0.029296875
0 0.9228515625 0.8671875 0.041015625 0.0234375
0 0.45703125 0.865234375 0.0234375 0.0234375
0 0.837890625 0.8642578125 0.04296875 0.025390625
0 0.16015625 0.869140625 0.02734375 0.03515625
0 0.08984375 0.8671875 0.04296875 0.0390625
0 0.6484375 0.85546875 0.0234375 0.01953125
0 0.7685546875 0.8544921875 0.041015625 0.025390625
0 0.6953125 0.8544921875 0.03515625 0.025390625
0 0.5498046875 0.8427734375 0.029296875 0.029296875
0 0.8427734375 0.8330078125 0.037109375 0.025390625
0 0.4697265625 0.8369140625 0.033203125 0.033203125
0 0.625 0.8369140625 0.03125 0.037109375
0 0.498046875 0.828125 0.01953125 0.01953125
0 0.921875 0.8251953125 0.03515625 0.021484375
0 0.701171875 0.82421875 0.01953125 0.02734375
0 0.7763671875 0.8115234375 0.037109375 0.025390625
0 0.849609375 0.8076171875 0.0234375 0.021484375
0 0.56640625 0.8134765625 0.02734375 0.033203125
0 0.048828125 0.80859375 0.03515625 0.03515625
0 0.923828125 0.7998046875 0.03515625 0.025390625
0 0.64453125 0.79296875 0.0234375 0.02734375
0 0.845703125 0.78515625 0.015625 0.015625
0 0.7001953125 0.7880859375 0.037109375 0.021484375
0 0.5263671875 0.779296875 0.017578125 0.015625
0 0.572265625 0.7822265625 0.04296875 0.033203125
0 0.162109375 0.78125 0.02734375 0.0390625
0 0.109375 0.76953125 0.02734375 0.03125
0 0.9541015625 0.763671875 0.087890625 0.03125
0 0.7734375 0.759765625 0.02734375 0.02734375
0 0.7041015625 0.7578125 0.033203125 0.0234375
0 0.4970703125 0.7734375 0.044921875 0.0546875
0 0.6533203125 0.7568359375 0.029296875 0.029296875
0 0.001953125 0.7431640625 0.00390625 0.005859375
0 0.8525390625 0.7529296875 0.021484375 0.037109375
0 0.5869140625 0.748046875 0.029296875 0.03125
0 0.8203125 0.751953125 0.0234375 0.046875
0 0.0771484375 0.744140625 0.029296875 0.03125
0 0.517578125 0.734375 0.03125 0.02734375
0 0.7080078125 0.728515625 0.025390625 0.01953125
0 0.78125 0.728515625 0.03515625 0.0234375
0 0.96484375 0.720703125 0.05859375 0.03515625
0 0.5927734375 0.7119140625 0.029296875 0.029296875
0 0.525390625 0.7119140625 0.03125 0.029296875
0 0.1748046875 0.71875 0.037109375 0.04296875
0 0.69921875 0.705078125 0.03515625 0.01953125
0 0.6435546875 0.703125 0.017578125 0.015625
0 0.056640625 0.708984375 0.03515625 0.03515625
0 0.41796875 0.69140625 0.03515625 0.02734375
0 0.54296875 0.6884765625 0.03515625 0.029296875
0 0.8095703125 0.6748046875 0.037109375 0.029296875
0 0.916015625 0.69140625 0.02734375 0.06640625
0 0.7001953125 0.669921875 0.037109375 0.02734375
0 0.6591796875 0.6708984375 0.025390625 0.033203125
0 0.6005859375 0.6669921875 0.021484375 0.025390625
0 0.0244140625 0.6689453125 0.029296875 0.029296875
0 0.55859375 0.662109375 0.03515625 0.03125
0 0.431640625 0.66015625 0.04296875 0.03125
0 0.296875 0.734375 0.13671875 0.2109375
0 0.8623046875 0.6376953125 0.021484375 0.025390625
0 0.7841796875 0.634765625 0.041015625 0.02734375
0 0.8154296875 0.625 0.013671875 0.015625
0 0.9521484375 0.6201171875 0.087890625 0.029296875
0 0.7099609375 0.615234375 0.044921875 0.03515625
0 0.857421875 0.607421875 0.0390625 0.0234375
0 0.791015625 0.60546875 0.03125 0.0234375
0 0.560546875 0.6025390625 0.04296875 0.025390625
0 0.671875 0.609375 0.03125 0.04296875
0 0.6328125 0.599609375 0.02734375 0.0390625
0 0.486328125 0.5908203125 0.0234375 0.029296875
0 0.81640625 0.58203125 0.015625 0.015625
0 0.8623046875 0.58203125 0.029296875 0.0234375
0 0.5185546875 0.58984375 0.021484375 0.0390625
0 0.4404296875 0.5869140625 0.025390625 0.041015625
0 0.009765625 0.583984375 0.01953125 0.03515625
0 0.78125 0.568359375 0.0234375 0.0234375
0 0.962890625 0.5732421875 0.07421875 0.037109375
0 0.7041015625 0.564453125 0.052734375 0.05078125
0 0.8662109375 0.548828125 0.025390625 0.0234375
0 0.0107421875 0.544921875 0.021484375 0.0234375
0 0.7890625 0.5419921875 0.03125 0.021484375
0 0.8212890625 0.537109375 0.017578125 0.0234375
0 0.45703125 0.541015625 0.02734375 0.03125
0 0.9345703125 0.5234375 0.029296875 0.0234375
0 0.2412109375 0.5263671875 0.025390625 0.029296875
0 0.3994140625 0.517578125 0.025390625 0.01953125
0 0.1123046875 0.51953125 0.025390625 0.0234375
0 0.8759765625 0.51953125 0.021484375 0.02734375
0 0.7099609375 0.5166015625 0.041015625 0.021484375
0 0.794921875 0.5126953125 0.03125 0.021484375
0 0.4736328125 0.498046875 0.037109375 0.03125
0 0.9423828125 0.4921875 0.029296875 0.0234375
0 0.0830078125 0.49609375 0.025390625 0.03515625
0 0.71875 0.486328125 0.03515625 0.0234375
0 0.400390625 0.4892578125 0.03515625 0.029296875
0 0.3115234375 0.494140625 0.033203125 0.04296875
0 0.794921875 0.478515625 0.03515625 0.0234375
0 0.2578125 0.48046875 0.02734375 0.02734375
0 0.5888671875 0.4677734375 0.021484375 0.021484375
0 0.5595703125 0.46484375 0.021484375 0.0234375
0 0.533203125 0.4658203125 0.01953125 0.025390625
0 0.9423828125 0.4658203125 0.021484375 0.029296875
0 0.4921875 0.46484375 0.03125 0.02734375
0 0.71875 0.458984375 0.03515625 0.01953125
0 0.4111328125 0.4619140625 0.037109375 0.029296875
0 0.8759765625 0.4580078125 0.033203125 0.025390625
0 0.1630859375 0.4609375 0.041015625 0.03515625
0 0.662109375 0.451171875 0.078125 0.0234375
0 0.8427734375 0.4462890625 0.021484375 0.017578125
0 0.3681640625 0.4501953125 0.021484375 0.025390625
0 0.3310546875 0.447265625 0.033203125 0.0234375
0 0.962890625 0.43359375 0.015625 0.0234375
0 0.943359375 0.43359375 0.01953125 0.0234375
0 0.2734375 0.4365234375 0.02734375 0.029296875
0 0.4267578125 0.427734375 0.029296875 0.03125
0 0.1376953125 0.4306640625 0.044921875 0.041015625
0 0.796875 0.4345703125 0.03125 0.052734375
0 0.3388671875 0.4228515625 0.033203125 0.029296875
0 0.880859375 0.4150390625 0.02734375 0.029296875
0 0.7255859375 0.41015625 0.025390625 0.02734375
0 0.95703125 0.40625 0.03515625 0.02734375
0 0.646484375 0.4052734375 0.02734375 0.029296875
0 0.5390625 0.3896484375 0.0234375 0.025390625
0 0.796875 0.38671875 0.01953125 0.02734375
0 0.0986328125 0.3896484375 0.033203125 0.033203125
0 0.7177734375 0.3798828125 0.037109375 0.021484375
0 0.4638671875 0.380859375 0.025390625 0.0234375
0 0.2705078125 0.3857421875 0.029296875 0.041015625
0 0.8837890625 0.37890625 0.029296875 0.03515625
0 0.5556640625 0.3671875 0.025390625 0.02734375
0 0.48046875 0.357421875 0.02734375 0.02734375
0 0.798828125 0.3515625 0.01953125 0.0234375
0 0.7216796875 0.3505859375 0.037109375 0.021484375
0 0.044921875 0.3505859375 0.0234375 0.025390625
0 0.11328125 0.353515625 0.03515625 0.03515625
0 0.572265625 0.34375 0.02734375 0.02734375
0 0.498046875 0.3310546875 0.02734375 0.029296875
0 0.72265625 0.3193359375 0.0390625 0.021484375
0 0.587890625 0.3173828125 0.02734375 0.025390625
0 0.8935546875 0.3134765625 0.021484375 0.025390625
0 0.2021484375 0.3564453125 0.080078125 0.115234375
0 0.013671875 0.31640625 0.02734375 0.0390625
0 0.8037109375 0.306640625 0.029296875 0.02734375
0 0.515625 0.3056640625 0.0234375 0.025390625
0 0.9580078125 0.302734375 0.021484375 0.0234375
0 0.6064453125 0.2919921875 0.021484375 0.021484375
0 0.7236328125 0.2880859375 0.037109375 0.021484375
0 0.5322265625 0.28125 0.025390625 0.02734375
0 0.892578125 0.2783203125 0.02734375 0.029296875
0 0.8017578125 0.2734375 0.017578125 0.02734375
0 0.6220703125 0.267578125 0.025390625 0.0234375
0 0.9638671875 0.267578125 0.021484375 0.02734375
0 0.7265625 0.2568359375 0.03515625 0.021484375
0 0.5478515625 0.2548828125 0.025390625 0.029296875
0 0.640625 0.2431640625 0.02734375 0.029296875
0 0.8955078125 0.2421875 0.029296875 0.03125
0 0.8037109375 0.240234375 0.017578125 0.02734375
0 0.7373046875 0.228515625 0.017578125 0.01953125
0 0.5634765625 0.2294921875 0.025390625 0.025390625
0 0.970703125 0.2294921875 0.02734375 0.029296875
0 0.6552734375 0.2158203125 0.025390625 0.021484375
0 0.8037109375 0.2099609375 0.025390625 0.021484375
0 0.58203125 0.205078125 0.02734375 0.02734375
0 0.73828125 0.1982421875 0.01953125 0.021484375
0 0.970703125 0.193359375 0.01953125 0.02734375
0 0.671875 0.1904296875 0.0234375 0.021484375
0 0.904296875 0.1845703125 0.03125 0.029296875
0 0.599609375 0.1806640625 0.0234375 0.025390625
0 0.6884765625 0.1669921875 0.021484375 0.025390625
0 0.974609375 0.158203125 0.01953125 0.02734375
0 0.9140625 0.1494140625 0.0234375 0.025390625
0 0.80859375 0.142578125 0.01953125 0.0234375
0 0.716796875 0.140625 0.01953125 0.01953125
0 0.625 0.1220703125 0.01953125 0.017578125
0 0.98046875 0.1220703125 0.0234375 0.025390625
0 0.9169921875 0.11328125 0.021484375 0.0234375
0 0.8095703125 0.107421875 0.017578125 0.0234375
0 0.6201171875 0.0947265625 0.025390625 0.017578125
0 0.982421875 0.0849609375 0.01953125 0.025390625
0 0.9208984375 0.076171875 0.021484375 0.02734375
0 0.7451171875 0.072265625 0.033203125 0.02734375
0 0.8125 0.0693359375 0.01953125 0.025390625
0 0.71875 0.05859375 0.015625 0.015625
0 0.611328125 0.060546875 0.01953125 0.0234375
0 0.689453125 0.056640625 0.0234375 0.0234375
0 0.9873046875 0.0478515625 0.021484375 0.025390625
0 0.9208984375 0.0380859375 0.033203125 0.025390625
0 0.81640625 0.0361328125 0.01953125 0.025390625
0 0.75 0.03515625 0.0390625 0.02734375
0 0.59375 0.033203125 0.03125 0.0234375
0 0.673828125 0.029296875 0.0234375 0.0234375
0 0.72265625 0.021484375 0.015625 0.015625
0 0.990234375 0.009765625 0.01953125 0.01953125
0 0.92578125 0.0078125 0.02734375 0.015625
0 0.822265625 0.0078125 0.02734375 0.015625
0 0.751953125 0.005859375 0.0390625 0.01171875
0 0.6640625 0.0068359375 0.0234375 0.013671875
0 0.5859375 0.009765625 0.0234375 0.01953125