0 0.80078125 0.8974609375 0.11328125 0.107421875
0 0.34375 0.8837890625 0.0390625 0.119140625
0 0.7216796875 0.8203125 0.021484375 0.01953125
0 0.4130859375 0.7841796875 0.064453125 0.041015625
0 0.3515625 0.7734375 0.01953125 0.0234375
0 0.73046875 0.7685546875 0.05078125 0.052734375
0 0.544921875 0.744140625 0.10546875 0.05078125
0 0.4111328125 0.7333984375 0.037109375 0.056640625
0 0.6455078125 0.6923828125 0.025390625 0.025390625
0 0.009765625 0.5068359375 0.01953125 0.033203125
0 0.7109375 0.4853515625 0.04296875 0.037109375
0 0.0390625 0.486328125 0.046875 0.046875
0 0.0244140625 0.435546875 0.025390625 0.0234375
0 0.013671875 0.412109375 0.02734375 0.02734375
0 0.0107421875 0.3896484375 0.021484375 0.025390625
0 0.8115234375 0.3154296875 0.068359375 0.064453125
0 0.0263671875 0.2763671875 0.033203125 0.025390625
0 0.7548828125 0.3095703125 0.064453125 0.103515625
0 0.009765625 0.2568359375 0.01953125 0.025390625
0 0.0048828125 0.2353515625 0.009765625 0.017578125
0 0.916015625 0.28125 0.16796875 0.24609375
0 0.1318359375 0.1455078125 0.263671875 0.291015625