0 0.962890625 0.6669921875 0.07421875 0.083984375
0 0.9951171875 0.6103515625 0.009765625 0.021484375
0 0.994140625 0.5732421875 0.01171875 0.025390625
0 0.9560546875 0.458984375 0.087890625 0.15625
0 0.845703125 0.384765625 0.03125 0.0234375
0 0.8037109375 0.3701171875 0.025390625 0.029296875
0 0.8583984375 0.3564453125 0.033203125 0.041015625
0 0.7470703125 0.349609375 0.029296875 0.0390625
0 0.9189453125 0.40625 0.138671875 0.1640625
0 0.8203125 0.3251953125 0.0390625 0.033203125
0 0.9296875 0.310546875 0.03515625 0.0234375
0 0.994140625 0.3154296875 0.01171875 0.041015625
0 0.8779296875 0.3115234375 0.033203125 0.037109375
0 0.841796875 0.283203125 0.0390625 0.04296875
0 0.759765625 0.4423828125 0.29296875 0.361328125
0 0.943359375 0.27734375 0.02734375 0.03515625
0 0.7958984375 0.2705078125 0.033203125 0.029296875
0 0.908203125 0.2607421875 0.03515625 0.044921875
0 0.8056640625 0.25 0.025390625 0.02734375
0 0.6875 0.2666015625 0.05078125 0.064453125
0 0.6298828125 0.2412109375 0.037109375 0.033203125
0 0.595703125 0.27734375 0.0703125 0.125
0 0.86328125 0.234375 0.046875 0.046875
0 0.7568359375 0.2392578125 0.044921875 0.056640625
0 0.703125 0.2197265625 0.046875 0.037109375
0 0.826171875 0.2158203125 0.0390625 0.037109375
0 0.642578125 0.201171875 0.03515625 0.02734375
0 0.984375 0.2080078125 0.03125 0.048828125
0 0.5849609375 0.193359375 0.041015625 0.0390625
0 0.94140625 0.185546875 0.0234375 0.03515625
0 0.65625 0.1806640625 0.03125 0.025390625
0 0.9052734375 0.173828125 0.025390625 0.03125
0 0.7548828125 0.1796875 0.095703125 0.0546875
0 0.6181640625 0.16796875 0.044921875 0.03125
0 0.8876953125 0.1611328125 0.025390625 0.029296875
0 0.6728515625 0.15234375 0.037109375 0.04296875
0 0.9697265625 0.1435546875 0.044921875 0.048828125
0 0.845703125 0.1337890625 0.03125 0.033203125
0 0.9326171875 0.1298828125 0.025390625 0.037109375
0 0.8134765625 0.1162109375 0.029296875 0.029296875
0 0.998046875 0.09765625 0.00390625 0.00390625
0 0.90625 0.1005859375 0.0234375 0.017578125
0 0.77734375 0.1005859375 0.03515625 0.041015625
0 0.9501953125 0.0859375 0.048828125 0.03515625
0 0.9873046875 0.0576171875 0.025390625 0.025390625
0 0.66796875 0.0576171875 0.03125 0.033203125
0 0.6357421875 0.0537109375 0.025390625 0.033203125
0 0.6025390625 0.0546875 0.029296875 0.0390625
0 0.8408203125 0.046875 0.056640625 0.0390625
0 0.71484375 0.0595703125 0.05078125 0.064453125
0 0.5400390625 0.0458984375 0.033203125 0.037109375
0 0.921875 0.0341796875 0.0390625 0.021484375
0 0.2744140625 0.03515625 0.044921875 0.0234375
0 0.51171875 0.0322265625 0.03125 0.037109375
0 0.1552734375 0.01953125 0.025390625 0.0234375
0 0.1298828125 0.0185546875 0.021484375 0.021484375
0 0.4814453125 0.017578125 0.033203125 0.02734375
0 0.201171875 0.021484375 0.0546875 0.03515625
0 0.958984375 0.009765625 0.01953125 0.01953125
0 0.9091796875 0.009765625 0.048828125 0.01953125
0 0.84765625 0.01171875 0.0390625 0.0234375
0 0.740234375 0.01953125 0.0546875 0.0390625
0 0.671875 0.009765625 0.0390625 0.01953125
0 0.6240234375 0.015625 0.041015625 0.03125
0 0.09375 0.0146484375 0.04296875 0.029296875
0 0.03125 0.0029296875 0.0390625 0.005859375