0 0.01953125 0.9970703125 0.0078125 0.005859375
0 0.6337890625 0.994140625 0.021484375 0.01171875
0 0.970703125 0.9921875 0.03125 0.015625
0 0.6689453125 0.990234375 0.033203125 0.01953125
0 0.1689453125 0.986328125 0.048828125 0.02734375
0 0.9853515625 0.9794921875 0.029296875 0.037109375
0 0.8876953125 0.978515625 0.041015625 0.0390625
0 0.2431640625 0.978515625 0.048828125 0.04296875
0 0.03125 0.978515625 0.046875 0.04296875
0 0.904296875 0.9619140625 0.04296875 0.029296875
0 0.8671875 0.955078125 0.01953125 0.01953125
0 0.8291015625 0.97265625 0.076171875 0.0546875
0 0.7001953125 0.966796875 0.048828125 0.04296875
0 0.5830078125 0.9453125 0.029296875 0.03125
0 0.55078125 0.9443359375 0.01953125 0.033203125
0 0.88671875 0.9345703125 0.0234375 0.021484375
0 0.525390625 0.939453125 0.0234375 0.03515625
0 0.3369140625 0.93359375 0.025390625 0.02734375
0 0.3720703125 0.9326171875 0.025390625 0.029296875
0 0.615234375 0.9326171875 0.03125 0.037109375
0 0.3046875 0.927734375 0.02734375 0.03125
0 0.466796875 0.9287109375 0.01953125 0.037109375
0 0.775390625 0.9228515625 0.02734375 0.029296875
0 0.3955078125 0.9287109375 0.017578125 0.041015625
0 0.9375 0.9306640625 0.046875 0.048828125
0 0.4423828125 0.9267578125 0.021484375 0.044921875
0 0.09375 0.9287109375 0.0390625 0.052734375
0 0.546875 0.8974609375 0.015625 0.017578125
0 0.8046875 0.9013671875 0.03125 0.033203125
0 0.1123046875 0.90234375 0.037109375 0.03515625
0 0.294921875 0.89453125 0.0390625 0.0234375
0 0.9716796875 0.8955078125 0.029296875 0.029296875
0 0.865234375 0.8916015625 0.0234375 0.025390625
0 0.01953125 0.8984375 0.0390625 0.0390625
0 0.6376953125 0.9091796875 0.060546875 0.068359375
0 0.8251953125 0.884765625 0.033203125 0.03125
0 0.9853515625 0.8798828125 0.029296875 0.029296875
0 0.408203125 0.87109375 0.03515625 0.01953125
0 0.595703125 0.8759765625 0.03515625 0.033203125
0 0.8466796875 0.8671875 0.037109375 0.03515625
0 0.513671875 0.865234375 0.03515625 0.03125
0 0.19921875 0.91015625 0.1171875 0.12109375
0 0.0234375 0.865234375 0.04296875 0.04296875
0 0.7197265625 0.86328125 0.072265625 0.0625
0 0.869140625 0.8427734375 0.0390625 0.041015625
0 0.6708984375 0.8388671875 0.033203125 0.033203125
0 0.3828125 0.83203125 0.02734375 0.02734375
0 0.6474609375 0.8310546875 0.025390625 0.029296875
0 0.048828125 0.8369140625 0.04296875 0.041015625
0 0.7548828125 0.830078125 0.037109375 0.0390625
0 0.5224609375 0.8173828125 0.025390625 0.025390625
0 0.892578125 0.8134765625 0.0390625 0.037109375
0 0.6708984375 0.8037109375 0.025390625 0.021484375
0 0.6123046875 0.8056640625 0.033203125 0.033203125
0 0.7890625 0.8056640625 0.03515625 0.037109375
0 0.005859375 0.796875 0.01171875 0.01953125
0 0.4326171875 0.798828125 0.025390625 0.02734375
0 0.2998046875 0.8232421875 0.091796875 0.076171875
0 0.9140625 0.7978515625 0.0390625 0.037109375
0 0.46875 0.828125 0.0703125 0.1015625
0 0.6904296875 0.7890625 0.025390625 0.02734375
0 0.8193359375 0.7763671875 0.025390625 0.025390625
0 0.9306640625 0.771484375 0.025390625 0.02734375
0 0.3330078125 0.7724609375 0.037109375 0.037109375
0 0.8388671875 0.7607421875 0.041015625 0.037109375
0 0.94921875 0.75390625 0.03515625 0.03515625
0 0.7822265625 0.7490234375 0.021484375 0.025390625
0 0.7197265625 0.7568359375 0.052734375 0.048828125
0 0.5947265625 0.759765625 0.060546875 0.0546875
0 0.5498046875 0.748046875 0.041015625 0.04296875
0 0.1357421875 0.7841796875 0.142578125 0.119140625
0 0.6611328125 0.744140625 0.041015625 0.04296875
0 0.8623046875 0.7314453125 0.033203125 0.033203125
0 0.9716796875 0.7294921875 0.033203125 0.033203125
0 0.7451171875 0.7265625 0.033203125 0.02734375
0 0.82421875 0.7216796875 0.03125 0.029296875
0 0.3583984375 0.7265625 0.052734375 0.05078125
0 0.7666015625 0.71484375 0.037109375 0.03515625
0 0.890625 0.7080078125 0.03125 0.029296875
0 0.986328125 0.70703125 0.02734375 0.03125
0 0.8583984375 0.69921875 0.017578125 0.01953125
0 0.69921875 0.697265625 0.02734375 0.02734375
0 0.78125 0.6962890625 0.03515625 0.033203125
0 0.3828125 0.7001953125 0.0546875 0.052734375
0 0.669921875 0.6904296875 0.0390625 0.037109375
0 0.9208984375 0.681640625 0.029296875 0.02734375
0 0.79296875 0.6748046875 0.02734375 0.029296875
0 0.0400390625 0.705078125 0.080078125 0.12890625
0 0.8125 0.650390625 0.02734375 0.02734375
0 0.9541015625 0.63671875 0.041015625 0.0390625
0 0.7421875 0.640625 0.04296875 0.0546875
0 0.8369140625 0.6240234375 0.029296875 0.029296875
0 0.7158203125 0.625 0.025390625 0.03125
0 0.9794921875 0.6181640625 0.041015625 0.037109375
0 0.7685546875 0.6025390625 0.017578125 0.017578125
0 0.927734375 0.6083984375 0.03125 0.033203125
0 0.689453125 0.6044921875 0.02734375 0.033203125
0 0.9677734375 0.5849609375 0.021484375 0.021484375
0 0.9931640625 0.5849609375 0.013671875 0.025390625
0 0.666015625 0.5869140625 0.03125 0.033203125
0 0.58203125 0.6376953125 0.140625 0.134765625
0 0.7919921875 0.5869140625 0.033203125 0.037109375
0 0.466796875 0.6357421875 0.14453125 0.150390625
0 0.6396484375 0.5693359375 0.025390625 0.025390625
0 0.8896484375 0.5732421875 0.033203125 0.037109375
0 0.8662109375 0.5615234375 0.029296875 0.029296875
0 0.9931640625 0.5517578125 0.013671875 0.017578125
0 0.078125 0.611328125 0.12890625 0.140625
0 0.7470703125 0.5517578125 0.037109375 0.037109375
0 0.6943359375 0.5439453125 0.021484375 0.021484375
0 0.1826171875 0.65625 0.126953125 0.24609375
0 0.9765625 0.5439453125 0.0234375 0.025390625
0 0.6259765625 0.548828125 0.037109375 0.0390625
0 0.7265625 0.53515625 0.0234375 0.0234375
0 0.025390625 0.556640625 0.05078125 0.06640625
0 0.958984375 0.5302734375 0.02734375 0.025390625
0 0.837890625 0.5390625 0.046875 0.046875
0 0.60546875 0.5341796875 0.03515625 0.037109375
0 0.4921875 0.5546875 0.07421875 0.078125
0 0.7119140625 0.5166015625 0.025390625 0.025390625
0 0.9306640625 0.5244140625 0.044921875 0.060546875
0 0.8076171875 0.51171875 0.029296875 0.03515625
0 0.6904296875 0.5029296875 0.029296875 0.033203125
0 0.8515625 0.5009765625 0.0234375 0.037109375
0 0.91796875 0.49609375 0.02734375 0.03125
0 0.130859375 0.5361328125 0.11328125 0.111328125
0 0.990234375 0.4775390625 0.01953125 0.033203125
0 0.7724609375 0.4794921875 0.033203125 0.037109375
0 0.658203125 0.482421875 0.0546875 0.05078125
0 0.8876953125 0.4794921875 0.052734375 0.052734375
0 0.7470703125 0.466796875 0.029296875 0.02734375
0 0.1904296875 0.4755859375 0.060546875 0.044921875
0 0.9755859375 0.46484375 0.029296875 0.03125
0 0.240234375 0.48046875 0.0546875 0.07421875
0 0.9580078125 0.4482421875 0.025390625 0.025390625
0 0.7744140625 0.4443359375 0.017578125 0.017578125
0 0.7529296875 0.4306640625 0.017578125 0.017578125
0 0.837890625 0.4345703125 0.03125 0.029296875
0 0.720703125 0.4423828125 0.046875 0.048828125
0 0.81640625 0.4228515625 0.03125 0.037109375
0 0.9296875 0.4228515625 0.05078125 0.044921875
0 0.12890625 0.4248046875 0.05078125 0.048828125
0 0.748046875 0.4091796875 0.01953125 0.021484375
0 0.677734375 0.419921875 0.046875 0.04296875
0 0.0107421875 0.41015625 0.021484375 0.0234375
0 0.5751953125 0.4609375 0.142578125 0.1328125
0 0.798828125 0.408203125 0.03125 0.03515625
0 0.89453125 0.3994140625 0.02734375 0.029296875
0 0.4482421875 0.4013671875 0.037109375 0.037109375
0 0.3779296875 0.396484375 0.033203125 0.02734375
0 0.9921875 0.3935546875 0.015625 0.029296875
0 0.779296875 0.3916015625 0.0390625 0.041015625
0 0.880859375 0.3798828125 0.03515625 0.037109375
0 0.85546875 0.3701171875 0.02734375 0.029296875
0 0.9716796875 0.3701171875 0.044921875 0.044921875
0 0.7421875 0.3583984375 0.0703125 0.064453125
0 0.4150390625 0.42578125 0.232421875 0.203125
0 0.9384765625 0.3427734375 0.033203125 0.041015625
0 0.326171875 0.333984375 0.0390625 0.03515625
0 0.701171875 0.3330078125 0.03515625 0.037109375
0 0.029296875 0.341796875 0.05859375 0.078125
0 0.80859375 0.3251953125 0.046875 0.048828125
0 0.9111328125 0.326171875 0.052734375 0.0546875
0 0.552734375 0.3125 0.03515625 0.03515625
0 0.36328125 0.314453125 0.05078125 0.05078125
0 0.287109375 0.30078125 0.0234375 0.0234375
0 0.880859375 0.3037109375 0.03515625 0.037109375
0 0.6484375 0.349609375 0.09765625 0.12890625
0 0.7763671875 0.3017578125 0.048828125 0.037109375
0 0.4462890625 0.294921875 0.033203125 0.03515625
0 0.3212890625 0.2900390625 0.041015625 0.037109375
0 0.38671875 0.279296875 0.04296875 0.0390625
0 0.0615234375 0.2763671875 0.033203125 0.033203125
0 0.4619140625 0.2685546875 0.033203125 0.029296875
0 0.0068359375 0.2607421875 0.013671875 0.029296875
0 0.7294921875 0.2578125 0.037109375 0.0390625
0 0.833984375 0.2607421875 0.09375 0.080078125
0 0.10546875 0.2333984375 0.05078125 0.037109375
0 0.021484375 0.2275390625 0.03125 0.029296875
0 0.4111328125 0.212890625 0.025390625 0.0234375
0 0.0419921875 0.203125 0.037109375 0.03515625
0 0.1376953125 0.1982421875 0.033203125 0.033203125
0 0.771484375 0.208984375 0.0625 0.05859375
0 0.1669921875 0.1904296875 0.037109375 0.033203125
0 0.6572265625 0.1748046875 0.044921875 0.037109375
0 0.58984375 0.2158203125 0.16796875 0.138671875
0 0.0732421875 0.16015625 0.037109375 0.03515625
0 0.169921875 0.1591796875 0.0390625 0.037109375
0 0.6259765625 0.1455078125 0.029296875 0.029296875
0 0.1875 0.1318359375 0.02734375 0.029296875
0 0.0947265625 0.1259765625 0.029296875 0.029296875
0 0.58984375 0.119140625 0.03515625 0.03515625
0 0.205078125 0.1181640625 0.03515625 0.033203125
0 0.0068359375 0.109375 0.013671875 0.0234375
0 0.244140625 0.12109375 0.05078125 0.05078125
0 0.6767578125 0.1142578125 0.064453125 0.068359375
0 0.130859375 0.087890625 0.03515625 0.0390625
0 0.6396484375 0.0810546875 0.025390625 0.029296875
0 0.5458984375 0.083984375 0.029296875 0.03515625
0 0.6181640625 0.068359375 0.021484375 0.0234375
0 0.25 0.0712890625 0.02734375 0.029296875
0 0.0205078125 0.076171875 0.041015625 0.046875
0 0.5986328125 0.0537109375 0.025390625 0.025390625
0 0.275390625 0.0478515625 0.0390625 0.037109375
0 0.0859375 0.0458984375 0.03515625 0.033203125
0 0.1796875 0.0419921875 0.0390625 0.033203125
0 0.1552734375 0.0224609375 0.033203125 0.033203125
0 0.990234375 0.0087890625 0.01953125 0.017578125
0 0.9755859375 0.001953125 0.005859375 0.00390625
0 0.92578125 0.00390625 0.01171875 0.0078125
0 0.7841796875 0.0263671875 0.048828125 0.052734375
0 0.68359375 0.0234375 0.078125 0.046875
0 0.349609375 0.0087890625 0.01953125 0.017578125
0 0.3046875 0.0205078125 0.0546875 0.041015625
0 0.2265625 0.009765625 0.02734375 0.01953125
0 0.0654296875 0.0146484375 0.029296875 0.029296875
0 0.0048828125 0.005859375 0.009765625 0.01171875