0 0.6259765625 0.9892578125 0.099609375 0.021484375
0 0.205078125 0.9833984375 0.046875 0.033203125
0 0.14453125 0.9716796875 0.02734375 0.025390625
0 0.1162109375 0.9541015625 0.029296875 0.025390625
0 0.08203125 0.9560546875 0.03515625 0.033203125
0 0.3486328125 0.9462890625 0.021484375 0.025390625
0 0.30078125 0.943359375 0.01953125 0.03125
0 0.2802734375 0.939453125 0.025390625 0.03125
0 0.01171875 0.9423828125 0.0234375 0.037109375
0 0.2333984375 0.9169921875 0.037109375 0.029296875
0 0.1416015625 0.90234375 0.017578125 0.01953125
0 0.19921875 0.9091796875 0.0234375 0.037109375
0 0.16796875 0.9052734375 0.03125 0.029296875
0 0.349609375 0.8994140625 0.0234375 0.025390625
0 0.1015625 0.884765625 0.0390625 0.03125
0 0.01171875 0.875 0.0234375 0.03125
0 0.3583984375 0.8505859375 0.021484375 0.025390625
0 0.1064453125 0.8486328125 0.037109375 0.025390625
0 0.7412109375 0.8369140625 0.029296875 0.033203125
0 0.345703125 0.818359375 0.01953125 0.01953125
0 0.1337890625 0.8056640625 0.029296875 0.033203125
0 0.0673828125 0.7998046875 0.029296875 0.029296875
0 0.0302734375 0.810546875 0.044921875 0.05078125
0 0.2236328125 0.79296875 0.021484375 0.01953125
0 0.845703125 0.794921875 0.02734375 0.03125
0 0.19921875 0.7802734375 0.01953125 0.017578125
0 0.3466796875 0.779296875 0.048828125 0.04296875
0 0.7431640625 0.7744140625 0.033203125 0.052734375
0 0.001953125 0.7509765625 0.00390625 0.005859375
0 0.1796875 0.7607421875 0.03125 0.029296875
0 0.1015625 0.751953125 0.03125 0.02734375
0 0.8046875 0.7451171875 0.03125 0.044921875
0 0.1103515625 0.7265625 0.033203125 0.0234375
0 0.7265625 0.7138671875 0.0234375 0.029296875
0 0.203125 0.7099609375 0.02734375 0.033203125
0 0.1259765625 0.703125 0.029296875 0.03125
0 0.7880859375 0.6875 0.033203125 0.0390625
0 0.2275390625 0.66796875 0.033203125 0.02734375
0 0.0869140625 0.6669921875 0.025390625 0.025390625
0 0.708984375 0.6611328125 0.03125 0.044921875
0 0.126953125 0.654296875 0.02734375 0.03125
0 0.3818359375 0.6416015625 0.029296875 0.025390625
0 0.2353515625 0.6142578125 0.021484375 0.021484375
0 0.7685546875 0.619140625 0.033203125 0.03515625
0 0.1181640625 0.6015625 0.017578125 0.015625
0 0.689453125 0.59765625 0.02734375 0.03125
0 0.15234375 0.6044921875 0.0390625 0.052734375
0 0.015625 0.5927734375 0.03125 0.033203125
0 0.236328125 0.572265625 0.01953125 0.03515625
0 0.1640625 0.564453125 0.03125 0.02734375
0 0.7490234375 0.56640625 0.033203125 0.04296875
0 0.6708984375 0.5390625 0.029296875 0.03125
0 0.046875 0.5390625 0.02734375 0.04296875
0 0.232421875 0.4970703125 0.0234375 0.037109375
0 0.1630859375 0.486328125 0.021484375 0.0234375
0 0.728515625 0.4931640625 0.0390625 0.048828125
0 0.65234375 0.484375 0.03125 0.05078125
0 0.091796875 0.4609375 0.03515625 0.0234375
0 0.6328125 0.4296875 0.02734375 0.03515625
0 0.705078125 0.4306640625 0.02734375 0.041015625
0 0.0380859375 0.4287109375 0.029296875 0.037109375
0 0.166015625 0.4130859375 0.03515625 0.037109375
0 0.48828125 0.3798828125 0.03125 0.029296875
0 0.0078125 0.3818359375 0.015625 0.052734375
0 0.607421875 0.3740234375 0.03125 0.041015625
0 0.677734375 0.3662109375 0.03125 0.041015625
0 0.0830078125 0.3427734375 0.037109375 0.037109375
0 0.490234375 0.3271484375 0.03515625 0.037109375
0 0.1328125 0.3232421875 0.03515625 0.037109375
0 0.5830078125 0.3203125 0.033203125 0.03515625
0 0.79296875 0.3232421875 0.046875 0.052734375
0 0.65234375 0.3095703125 0.03125 0.037109375
0 0.556640625 0.296875 0.01953125 0.01953125
0 0.0517578125 0.3046875 0.029296875 0.03515625
0 0.501953125 0.2734375 0.03515625 0.03515625
0 0.5537109375 0.2578125 0.029296875 0.03515625
0 0.76953125 0.26171875 0.05078125 0.05078125
0 0.615234375 0.228515625 0.01953125 0.015625
0 0.0244140625 0.2216796875 0.048828125 0.037109375
0 0.6103515625 0.2041015625 0.033203125 0.029296875
0 0.744140625 0.1943359375 0.05078125 0.048828125
0 0.6435546875 0.16796875 0.029296875 0.0234375
0 0.53515625 0.166015625 0.03125 0.03125
0 0.404296875 0.1435546875 0.01953125 0.021484375
0 0.5732421875 0.134765625 0.052734375 0.04296875
0 0.482421875 0.1201171875 0.02734375 0.029296875
0 0.390625 0.103515625 0.0234375 0.03125
0 0.7333984375 0.115234375 0.068359375 0.09765625
0 0.544921875 0.08203125 0.0234375 0.03125
0 0.4638671875 0.0693359375 0.029296875 0.033203125
0 0.619140625 0.0732421875 0.03515625 0.052734375
0 0.7119140625 0.0361328125 0.025390625 0.033203125
0 0.4462890625 0.029296875 0.021484375 0.0234375
0 0.6259765625 0.0078125 0.025390625 0.015625
0 0.4296875 0.001953125 0.00390625 0.00390625
0 0.3515625 0.0107421875 0.04296875 0.021484375
0 0.302734375 0.0283203125 0.07421875 0.056640625