0 0.7119140625 0.998046875 0.005859375 0.00390625
0 0.80078125 0.9951171875 0.0234375 0.009765625
0 0.29296875 0.9951171875 0.0234375 0.009765625
0 0.1533203125 0.9951171875 0.017578125 0.009765625
0 0.8896484375 0.994140625 0.021484375 0.01171875
0 0.234375 0.994140625 0.01953125 0.01171875
0 0.439453125 0.9892578125 0.0234375 0.021484375
0 0.93359375 0.9873046875 0.03125 0.025390625
0 0.3642578125 0.9853515625 0.037109375 0.025390625
0 0.1318359375 0.986328125 0.029296875 0.02734375
0 0.8330078125 0.9853515625 0.029296875 0.029296875
0 0.7353515625 0.9833984375 0.033203125 0.033203125
0 0.2890625 0.978515625 0.02734375 0.0234375
0 0.5947265625 0.9794921875 0.029296875 0.029296875
0 0.0224609375 0.98046875 0.044921875 0.0390625
0 0.1044921875 0.970703125 0.025390625 0.02734375
0 0.6689453125 0.9716796875 0.033203125 0.033203125
0 0.4541015625 0.9658203125 0.029296875 0.025390625
0 0.193359375 0.966796875 0.02734375 0.02734375
0 0.806640625 0.9560546875 0.01953125 0.021484375
0 0.529296875 0.9609375 0.03125 0.03125
0 0.3515625 0.9580078125 0.0390625 0.025390625
0 0.7548828125 0.958984375 0.037109375 0.03125
0 0.0859375 0.962890625 0.03125 0.04296875
0 0.8564453125 0.955078125 0.029296875 0.03125
0 0.611328125 0.953125 0.02734375 0.02734375
0 0.779296875 0.9482421875 0.0234375 0.021484375
0 0.470703125 0.9453125 0.02734375 0.02734375
0 0.279296875 0.9453125 0.04296875 0.02734375
0 0.6884765625 0.9453125 0.033203125 0.03125
0 0.068359375 0.94140625 0.0234375 0.0234375
0 0.7958984375 0.931640625 0.025390625 0.0234375
0 0.353515625 0.9306640625 0.03515625 0.021484375
0 0.6318359375 0.9306640625 0.025390625 0.025390625
0 0.703125 0.921875 0.03515625 0.03125
0 0.5205078125 0.9150390625 0.017578125 0.017578125
0 0.4931640625 0.9169921875 0.033203125 0.033203125
0 0.0302734375 0.912109375 0.021484375 0.02734375
0 0.5576171875 0.9150390625 0.037109375 0.041015625
0 0.6494140625 0.90625 0.025390625 0.02734375
0 0.34765625 0.8994140625 0.0390625 0.025390625
0 0.1611328125 0.9033203125 0.041015625 0.033203125
0 0.2197265625 0.8935546875 0.033203125 0.021484375
0 0.2763671875 0.892578125 0.037109375 0.0234375
0 0.50390625 0.8896484375 0.02734375 0.025390625
0 0.408203125 0.888671875 0.0390625 0.0234375
0 0.1630859375 0.880859375 0.021484375 0.015625
0 0.8662109375 0.904296875 0.048828125 0.07421875
0 0.80078125 0.8818359375 0.03125 0.037109375
0 0.71484375 0.875 0.0234375 0.0234375
0 0.6689453125 0.876953125 0.029296875 0.03125
0 0.5849609375 0.876953125 0.033203125 0.03125
0 0.341796875 0.87109375 0.0390625 0.0234375
0 0.173828125 0.8642578125 0.02734375 0.021484375
0 0.525390625 0.865234375 0.02734375 0.02734375
0 0.8427734375 0.86328125 0.033203125 0.03125
0 0.4072265625 0.8583984375 0.025390625 0.021484375
0 0.0986328125 0.8642578125 0.037109375 0.033203125
0 0.9931640625 0.861328125 0.013671875 0.03125
0 0.75 0.8515625 0.03125 0.03125
0 0.3349609375 0.8408203125 0.037109375 0.025390625
0 0.82421875 0.8466796875 0.0390625 0.041015625
0 0.6083984375 0.8447265625 0.033203125 0.037109375
0 0.5419921875 0.8408203125 0.033203125 0.033203125
0 0.1904296875 0.8359375 0.025390625 0.02734375
0 0.0458984375 0.8388671875 0.025390625 0.033203125
0 0.369140625 0.828125 0.015625 0.015625
0 0.6884765625 0.8310546875 0.021484375 0.025390625
0 0.3994140625 0.8271484375 0.025390625 0.017578125
0 0.0029296875 0.8232421875 0.005859375 0.009765625
0 0.47265625 0.833984375 0.046875 0.03515625
0 0.962890625 0.8330078125 0.03515625 0.041015625
0 0.25390625 0.8203125 0.03125 0.03125
0 0.771484375 0.81640625 0.02734375 0.02734375
0 0.1240234375 0.8154296875 0.029296875 0.025390625
0 0.9384765625 0.8203125 0.033203125 0.0390625
0 0.7080078125 0.8076171875 0.029296875 0.029296875
0 0.203125 0.8037109375 0.0234375 0.025390625
0 0.9169921875 0.8037109375 0.033203125 0.037109375
0 0.337890625 0.7998046875 0.03515625 0.029296875
0 0.130859375 0.7958984375 0.03125 0.025390625
0 0.6376953125 0.80078125 0.033203125 0.0390625
0 0.7890625 0.7958984375 0.0390625 0.037109375
0 0.5830078125 0.7900390625 0.029296875 0.029296875
0 0.26953125 0.7880859375 0.02734375 0.029296875
0 0.900390625 0.7880859375 0.03515625 0.033203125
0 0.4814453125 0.78125 0.029296875 0.02734375
0 0.7314453125 0.77734375 0.033203125 0.03125
0 0.41796875 0.7763671875 0.046875 0.048828125
0 0.6015625 0.7626953125 0.02734375 0.029296875
0 0.21875 0.76171875 0.02734375 0.02734375
0 0.4970703125 0.759765625 0.033203125 0.02734375
0 0.0830078125 0.7578125 0.025390625 0.0234375
0 0.0166015625 0.7548828125 0.029296875 0.025390625
0 0.283203125 0.7548828125 0.02734375 0.029296875
0 0.5341796875 0.7470703125 0.029296875 0.029296875
0 0.3505859375 0.7568359375 0.037109375 0.052734375
0 0.1337890625 0.748046875 0.041015625 0.04296875
0 0.4384765625 0.73828125 0.033203125 0.02734375
0 0.228515625 0.7353515625 0.02734375 0.025390625
0 0.9599609375 0.7392578125 0.037109375 0.041015625
0 0.1650390625 0.7275390625 0.025390625 0.021484375
0 0.294921875 0.7275390625 0.03125 0.025390625
0 0.5498046875 0.7265625 0.029296875 0.02734375
0 0.9765625 0.7158203125 0.01953125 0.017578125
0 0.62890625 0.7216796875 0.03125 0.029296875
0 0.037109375 0.716796875 0.0234375 0.0234375
0 0.3671875 0.716796875 0.0234375 0.02734375
0 0.4501953125 0.7099609375 0.033203125 0.025390625
0 0.2451171875 0.697265625 0.025390625 0.0234375
0 0.5654296875 0.7001953125 0.025390625 0.033203125
0 0.5166015625 0.7099609375 0.029296875 0.052734375
0 0.1767578125 0.693359375 0.033203125 0.02734375
0 0.37890625 0.6875 0.03515625 0.02734375
0 0.31640625 0.6845703125 0.02734375 0.025390625
0 0.65234375 0.68359375 0.03125 0.03125
0 0.126953125 0.6728515625 0.0390625 0.033203125
0 0.0634765625 0.6640625 0.025390625 0.02734375
0 0.70703125 0.6669921875 0.03125 0.041015625
0 0.4453125 0.6611328125 0.0234375 0.029296875
0 0.26171875 0.6640625 0.0390625 0.03515625
0 0.181640625 0.666015625 0.0390625 0.0390625
0 0.3056640625 0.650390625 0.017578125 0.01953125
0 0.58984375 0.654296875 0.03515625 0.03515625
0 0.541015625 0.6591796875 0.03515625 0.048828125
0 0.1357421875 0.6494140625 0.037109375 0.029296875
0 0.859375 0.677734375 0.1015625 0.09375
0 0.1962890625 0.640625 0.025390625 0.01953125
0 0.6748046875 0.6455078125 0.041015625 0.044921875
0 0.455078125 0.630859375 0.0234375 0.01953125
0 0.408203125 0.634765625 0.0390625 0.03125
0 0.2763671875 0.6337890625 0.033203125 0.029296875
0 0.607421875 0.630859375 0.03515625 0.03125
0 0.484375 0.6201171875 0.03515625 0.025390625
0 0.0751953125 0.6220703125 0.033203125 0.029296875
0 0.55078125 0.6181640625 0.02734375 0.029296875
0 0.2060546875 0.6181640625 0.025390625 0.033203125
0 0.767578125 0.61328125 0.0390625 0.0390625
0 0.4169921875 0.60546875 0.041015625 0.02734375
0 0.34765625 0.60546875 0.0390625 0.03125
0 0.16015625 0.6025390625 0.0234375 0.025390625
0 0.646484375 0.5947265625 0.0234375 0.033203125
0 0.5654296875 0.58984375 0.029296875 0.02734375
0 0.7919921875 0.5849609375 0.021484375 0.021484375
0 0.2900390625 0.59375 0.033203125 0.04296875
0 0.8564453125 0.5810546875 0.033203125 0.033203125
0 0.4990234375 0.5849609375 0.033203125 0.041015625
0 0.4228515625 0.576171875 0.029296875 0.02734375
0 0.0927734375 0.578125 0.037109375 0.03515625
0 0.361328125 0.5693359375 0.0234375 0.025390625
0 0.7431640625 0.572265625 0.041015625 0.0390625
0 0.212890625 0.560546875 0.015625 0.015625
0 0.6279296875 0.5732421875 0.037109375 0.044921875
0 0.580078125 0.564453125 0.0390625 0.02734375
0 0.7724609375 0.5576171875 0.025390625 0.025390625
0 0.5166015625 0.5498046875 0.025390625 0.025390625
0 0.1767578125 0.552734375 0.029296875 0.03125
0 0.111328125 0.5478515625 0.0234375 0.021484375
0 0.2412109375 0.548828125 0.033203125 0.02734375
0 0.4404296875 0.546875 0.037109375 0.02734375
0 0.8037109375 0.546875 0.037109375 0.03515625
0 0.376953125 0.541015625 0.0234375 0.02734375
0 0.3095703125 0.541015625 0.029296875 0.03125
0 0.7216796875 0.5400390625 0.052734375 0.052734375
0 0.5908203125 0.5322265625 0.041015625 0.044921875
0 0.9970703125 0.509765625 0.005859375 0.0078125
0 0.5283203125 0.5166015625 0.025390625 0.025390625
0 0.455078125 0.5146484375 0.02734375 0.033203125
0 0.326171875 0.505859375 0.03515625 0.03125
0 0.1162109375 0.5068359375 0.029296875 0.037109375
0 0.919921875 0.5 0.03125 0.02734375
0 0.21484375 0.4990234375 0.0234375 0.025390625
0 0.25 0.5 0.0390625 0.03515625
0 0.8017578125 0.498046875 0.037109375 0.03515625
0 0.501953125 0.484375 0.01953125 0.015625
0 0.392578125 0.49609375 0.03125 0.04296875
0 0.4677734375 0.4892578125 0.037109375 0.033203125
0 0.5390625 0.486328125 0.03515625 0.03125
0 0.69140625 0.49609375 0.0546875 0.0546875
0 0.3359375 0.4755859375 0.03125 0.033203125
0 0.251953125 0.46875 0.0234375 0.01953125
0 0.1396484375 0.4609375 0.025390625 0.03125
0 0.40234375 0.4580078125 0.046875 0.033203125
0 0.224609375 0.44921875 0.02734375 0.0234375
0 0.345703125 0.447265625 0.03125 0.02734375
0 0.4208984375 0.4345703125 0.033203125 0.033203125
0 0.2890625 0.4306640625 0.02734375 0.025390625
0 0.3564453125 0.42578125 0.033203125 0.02734375
0 0.6494140625 0.4345703125 0.052734375 0.048828125
0 0.49609375 0.42578125 0.0390625 0.03515625
0 0.646484375 0.396484375 0.015625 0.015625
0 0.6220703125 0.4033203125 0.025390625 0.033203125
0 0.3701171875 0.3974609375 0.033203125 0.029296875
0 0.2998046875 0.396484375 0.025390625 0.02734375
0 0.23828125 0.3876953125 0.03125 0.033203125
0 0.8447265625 0.4052734375 0.095703125 0.083984375
0 0.3828125 0.3701171875 0.03125 0.025390625
0 0.3173828125 0.3681640625 0.021484375 0.021484375
0 0.904296875 0.3603515625 0.02734375 0.021484375
0 0.2578125 0.3564453125 0.03515625 0.025390625
0 0.1875 0.345703125 0.03125 0.03125
0 0.267578125 0.33203125 0.03125 0.02734375
0 0.4033203125 0.328125 0.033203125 0.02734375
0 0.56640625 0.33203125 0.05078125 0.04296875
0 0.330078125 0.322265625 0.03515625 0.03125
0 0.208984375 0.3125 0.02734375 0.02734375
0 0.4423828125 0.3359375 0.044921875 0.078125
0 0.037109375 0.2861328125 0.01171875 0.025390625
0 0.3525390625 0.28125 0.021484375 0.0234375
0 0.220703125 0.283203125 0.02734375 0.02734375
0 0.2841796875 0.2822265625 0.025390625 0.029296875
0 0.228515625 0.255859375 0.03515625 0.02734375
0 0.939453125 0.2724609375 0.12109375 0.083984375
0 0.2412109375 0.2294921875 0.029296875 0.025390625
0 0.349609375 0.23828125 0.046875 0.05078125
0 0.265625 0.1982421875 0.01953125 0.021484375
0 0.30859375 0.205078125 0.03125 0.0390625
0 0.2734375 0.1689453125 0.02734375 0.033203125
0 0.25390625 0.158203125 0.0234375 0.03125
0 0.7587890625 0.205078125 0.091796875 0.140625
0 0.0751953125 0.130859375 0.033203125 0.02734375
0 0.7978515625 0.0400390625 0.041015625 0.080078125