0 0.0498046875 0.9892578125 0.025390625 0.021484375
0 0.1513671875 0.9736328125 0.033203125 0.029296875
0 0.0791015625 0.9462890625 0.029296875 0.033203125
0 0.708984375 0.9384765625 0.01953125 0.029296875
0 0.1748046875 0.9296875 0.033203125 0.03125
0 0.734375 0.9296875 0.0234375 0.03515625
0 0.4873046875 0.9482421875 0.244140625 0.103515625
0 0.1044921875 0.896484375 0.025390625 0.0234375
0 0.0185546875 0.890625 0.033203125 0.03515625
0 0.2001953125 0.884765625 0.037109375 0.03125
0 0.548828125 0.869140625 0.015625 0.015625
0 0.9814453125 0.8759765625 0.037109375 0.037109375
0 0.9326171875 0.8642578125 0.029296875 0.021484375
0 0.8818359375 0.859375 0.037109375 0.0234375
0 0.8369140625 0.859375 0.037109375 0.0234375
0 0.787109375 0.8564453125 0.02734375 0.025390625
0 0.0732421875 0.8544921875 0.029296875 0.029296875
0 0.7255859375 0.849609375 0.037109375 0.0234375
0 0.21875 0.8486328125 0.03515625 0.037109375
0 0.2861328125 0.8359375 0.013671875 0.01953125
0 0.1259765625 0.83203125 0.029296875 0.03515625
0 0.41015625 0.8251953125 0.02734375 0.025390625
0 0.259765625 0.8232421875 0.0234375 0.025390625
0 0.3037109375 0.8154296875 0.029296875 0.017578125
0 0.0029296875 0.80859375 0.005859375 0.0078125
0 0.4619140625 0.8115234375 0.033203125 0.021484375
0 0.509765625 0.806640625 0.03125 0.015625
0 0.5595703125 0.810546875 0.025390625 0.03125
0 0.8359375 0.7900390625 0.0390625 0.017578125
0 0.880859375 0.7880859375 0.02734375 0.021484375
0 0.9755859375 0.78515625 0.033203125 0.01953125
0 0.9287109375 0.78515625 0.029296875 0.0234375
0 0.791015625 0.78515625 0.0390625 0.02734375
0 0.033203125 0.7783203125 0.02734375 0.025390625
0 0.0791015625 0.7529296875 0.037109375 0.033203125
0 0.185546875 0.7421875 0.03515625 0.01953125
0 0.1416015625 0.7421875 0.025390625 0.0234375
0 0.244140625 0.73828125 0.02734375 0.01953125
0 0.2822265625 0.734375 0.029296875 0.01953125
0 0.376953125 0.7314453125 0.03125 0.017578125
0 0.3388671875 0.7314453125 0.029296875 0.021484375
0 0.4521484375 0.7275390625 0.029296875 0.017578125
0 0.0048828125 0.7275390625 0.009765625 0.017578125
0 0.037109375 0.7099609375 0.03125 0.033203125
0 0.0703125 0.697265625 0.01171875 0.015625
0 0.3759765625 0.6943359375 0.025390625 0.017578125
0 0.2939453125 0.689453125 0.013671875 0.01171875
0 0.08984375 0.6796875 0.02734375 0.015625
0 0.8583984375 0.6865234375 0.119140625 0.037109375
0 0.1357421875 0.681640625 0.033203125 0.02734375
0 0.326171875 0.673828125 0.03125 0.0234375
0 0.5224609375 0.6728515625 0.029296875 0.025390625
0 0.1806640625 0.6708984375 0.037109375 0.021484375
0 0.2783203125 0.66796875 0.021484375 0.01953125
0 0.2353515625 0.6669921875 0.033203125 0.017578125
0 0.4755859375 0.650390625 0.033203125 0.02734375
0 0.0048828125 0.6318359375 0.009765625 0.021484375
0 0.7314453125 0.669921875 0.041015625 0.1171875
0 0.591796875 0.6572265625 0.0625 0.095703125
0 0.390625 0.6162109375 0.03515625 0.025390625
0 0.5419921875 0.6044921875 0.033203125 0.029296875
0 0.3544921875 0.6005859375 0.025390625 0.021484375
0 0.1640625 0.5966796875 0.02734375 0.017578125
0 0.5009765625 0.5927734375 0.033203125 0.021484375
0 0.1982421875 0.59375 0.029296875 0.0234375
0 0.0791015625 0.595703125 0.025390625 0.02734375
0 0.251953125 0.587890625 0.02734375 0.01953125
0 0.1181640625 0.59375 0.033203125 0.03125
0 0.296875 0.5859375 0.02734375 0.01953125
0 0.8466796875 0.5830078125 0.119140625 0.041015625
0 0.455078125 0.5771484375 0.0234375 0.029296875
0 0.2138671875 0.5703125 0.013671875 0.015625
0 0.3203125 0.5615234375 0.01171875 0.013671875
0 0.0029296875 0.560546875 0.005859375 0.015625
0 0.6181640625 0.5595703125 0.041015625 0.025390625
0 0.4091796875 0.5634765625 0.044921875 0.033203125
0 0.375 0.541015625 0.02734375 0.0234375
0 0.001953125 0.5283203125 0.00390625 0.009765625
0 0.6103515625 0.529296875 0.025390625 0.0234375
0 0.529296875 0.5234375 0.0234375 0.0234375
0 0.333984375 0.5234375 0.02734375 0.0234375
0 0.494140625 0.51171875 0.03125 0.02734375
0 0.2998046875 0.5078125 0.025390625 0.0234375
0 0.0869140625 0.51171875 0.041015625 0.03515625
0 0.4521484375 0.5048828125 0.025390625 0.025390625
0 0.2626953125 0.498046875 0.033203125 0.02734375
0 0.1484375 0.4951171875 0.02734375 0.025390625
0 0.615234375 0.4921875 0.02734375 0.0234375
0 0.1982421875 0.4970703125 0.033203125 0.033203125
0 0.4130859375 0.486328125 0.033203125 0.0234375
0 0.4453125 0.4736328125 0.01953125 0.021484375
0 0.5419921875 0.458984375 0.017578125 0.01953125
0 0.4736328125 0.4609375 0.025390625 0.0234375
0 0.7607421875 0.4677734375 0.123046875 0.072265625
0 0.3232421875 0.4345703125 0.025390625 0.021484375
0 0.5029296875 0.439453125 0.037109375 0.03515625
0 0.373046875 0.4228515625 0.03125 0.029296875
0 0.1240234375 0.4130859375 0.033203125 0.021484375
0 0.52734375 0.4150390625 0.0390625 0.033203125
0 0.2529296875 0.4130859375 0.037109375 0.029296875
0 0.591796875 0.423828125 0.02734375 0.0546875
0 0.1962890625 0.4130859375 0.029296875 0.033203125
0 0.03125 0.4072265625 0.0234375 0.025390625
0 0.4365234375 0.3916015625 0.037109375 0.037109375
0 0.0126953125 0.3603515625 0.021484375 0.025390625
0 0.130859375 0.353515625 0.0234375 0.02734375
0 0.58203125 0.3623046875 0.04296875 0.048828125
0 0.7392578125 0.3466796875 0.103515625 0.048828125
0 0.4951171875 0.3330078125 0.037109375 0.037109375
0 0.01171875 0.3134765625 0.0234375 0.029296875
0 0.138671875 0.298828125 0.0234375 0.03515625
0 0.9375 0.3291015625 0.125 0.123046875
0 0.529296875 0.2763671875 0.03125 0.033203125
0 0.3134765625 0.2783203125 0.134765625 0.080078125
0 0.0107421875 0.232421875 0.021484375 0.01953125
0 0.1298828125 0.2392578125 0.021484375 0.044921875
0 0.724609375 0.228515625 0.08203125 0.109375
0 0.0537109375 0.177734375 0.025390625 0.03515625
0 0.9599609375 0.1904296875 0.080078125 0.107421875
0 0.01171875 0.1474609375 0.0234375 0.029296875
0 0.4306640625 0.18359375 0.056640625 0.125
0 0.6640625 0.0986328125 0.01953125 0.021484375
0 0.7861328125 0.103515625 0.033203125 0.04296875
0 0.0263671875 0.0869140625 0.033203125 0.025390625
0 0.693359375 0.0751953125 0.0234375 0.037109375
0 0.1201171875 0.0390625 0.033203125 0.03515625
0 0.0400390625 0.029296875 0.021484375 0.02734375
0 0.6962890625 0.0087890625 0.044921875 0.017578125
0 0.212890625 0.029296875 0.05859375 0.05859375