0 0.7822265625 0.9248046875 0.033203125 0.025390625
0 0.03515625 0.955078125 0.06640625 0.08984375
0 0.9736328125 0.90625 0.033203125 0.03125
0 0.978515625 0.8701171875 0.0234375 0.025390625
0 0.7578125 0.8544921875 0.02734375 0.029296875
0 0.845703125 0.8115234375 0.03515625 0.025390625
0 0.798828125 0.8046875 0.0390625 0.02734375
0 0.7431640625 0.7998046875 0.025390625 0.017578125
0 0.9228515625 0.7900390625 0.029296875 0.029296875
0 0.9814453125 0.7822265625 0.025390625 0.025390625
0 0.703125 0.7265625 0.03125 0.0234375
0 0.841796875 0.712890625 0.04296875 0.0234375
0 0.7802734375 0.7158203125 0.033203125 0.033203125
0 0.919921875 0.701171875 0.03515625 0.03125
0 0.9912109375 0.6953125 0.017578125 0.0234375
0 0.6904296875 0.6650390625 0.025390625 0.029296875
0 0.994140625 0.650390625 0.01171875 0.01953125
0 0.9072265625 0.654296875 0.033203125 0.03125
0 0.99609375 0.625 0.0078125 0.01171875
0 0.7490234375 0.6279296875 0.025390625 0.021484375
0 0.8974609375 0.626953125 0.033203125 0.0234375
0 0.67578125 0.615234375 0.02734375 0.0234375
0 0.8857421875 0.5986328125 0.025390625 0.033203125
0 0.9091796875 0.580078125 0.017578125 0.015625
0 0.81640625 0.5849609375 0.0234375 0.025390625
0 0.7421875 0.58203125 0.02734375 0.03515625
0 0.880859375 0.56640625 0.03125 0.02734375
0 0.6591796875 0.5693359375 0.037109375 0.033203125
0 0.8994140625 0.5517578125 0.017578125 0.013671875
0 0.8720703125 0.5380859375 0.025390625 0.029296875
0 0.8935546875 0.525390625 0.017578125 0.01953125
0 0.8056640625 0.5361328125 0.025390625 0.044921875
0 0.6455078125 0.5263671875 0.037109375 0.029296875
0 0.7197265625 0.521484375 0.029296875 0.02734375
0 0.86328125 0.505859375 0.0234375 0.0234375
0 0.7080078125 0.4892578125 0.021484375 0.025390625
0 0.607421875 0.482421875 0.02734375 0.0234375
0 0.861328125 0.474609375 0.03515625 0.0234375
0 0.755859375 0.47265625 0.0234375 0.0234375
0 0.787109375 0.46875 0.0234375 0.0234375
0 0.7001953125 0.458984375 0.021484375 0.0234375
0 0.8583984375 0.4462890625 0.033203125 0.025390625
0 0.83203125 0.4033203125 0.02734375 0.029296875
0 0.888671875 0.3896484375 0.0234375 0.025390625
0 0.84765625 0.341796875 0.03515625 0.03515625
0 0.8857421875 0.33203125 0.025390625 0.03125
0 0.9296875 0.3212890625 0.03125 0.021484375
0 0.9892578125 0.3173828125 0.021484375 0.021484375
0 0.7841796875 0.3037109375 0.029296875 0.037109375
0 0.935546875 0.263671875 0.02734375 0.0234375
0 0.8955078125 0.2626953125 0.029296875 0.029296875
0 0.779296875 0.2626953125 0.02734375 0.029296875
0 0.8486328125 0.26171875 0.025390625 0.04296875
0 0.9775390625 0.2275390625 0.025390625 0.033203125
0 0.7587890625 0.220703125 0.029296875 0.03125
0 0.744140625 0.1826171875 0.02734375 0.025390625
0 0.8115234375 0.17578125 0.029296875 0.03125
0 0.857421875 0.158203125 0.03125 0.02734375
0 0.8994140625 0.1484375 0.029296875 0.01953125
0 0.7265625 0.14453125 0.02734375 0.02734375
0 0.943359375 0.1376953125 0.03125 0.021484375
0 0.376953125 0.140625 0.0390625 0.02734375
0 0.98828125 0.1357421875 0.0234375 0.033203125
0 0.4365234375 0.12890625 0.044921875 0.03125
0 0.2939453125 0.125 0.060546875 0.05078125
0 0.4833984375 0.1162109375 0.037109375 0.037109375
0 0.8291015625 0.09765625 0.033203125 0.01953125
0 0.53125 0.1025390625 0.03515625 0.029296875
0 0.775390625 0.0927734375 0.03125 0.029296875
0 0.7021484375 0.09375 0.033203125 0.03125
0 0.9091796875 0.0830078125 0.025390625 0.021484375
0 0.8662109375 0.0859375 0.029296875 0.03125
0 0.5703125 0.0859375 0.0390625 0.03125
0 0.951171875 0.078125 0.03125 0.02734375
0 0.990234375 0.0693359375 0.01953125 0.021484375
0 0.609375 0.068359375 0.03515625 0.0234375
0 0.2685546875 0.064453125 0.041015625 0.046875
0 0.6728515625 0.0517578125 0.041015625 0.029296875
0 0.421875 0.05078125 0.0390625 0.03125
0 0.3642578125 0.0556640625 0.056640625 0.052734375
0 0.7421875 0.03125 0.03125 0.03515625
0 0.7890625 0.0166015625 0.02734375 0.029296875
0 0.861328125 0.0068359375 0.015625 0.013671875
0 0.826171875 0.0107421875 0.03515625 0.021484375
0 0.5654296875 0.0107421875 0.044921875 0.021484375
0 0.47265625 0.0244140625 0.0390625 0.048828125
0 0.3388671875 0.0185546875 0.044921875 0.037109375
0 0.2451171875 0.0234375 0.044921875 0.046875