0 0.0234375 0.998046875 0.00390625 0.00390625
0 0.2783203125 0.9951171875 0.017578125 0.009765625
0 0.0048828125 0.98828125 0.009765625 0.015625
0 0.158203125 0.98828125 0.0390625 0.0234375
0 0.001953125 0.970703125 0.00390625 0.00390625
0 0.3271484375 0.974609375 0.044921875 0.03515625
0 0.2529296875 0.974609375 0.033203125 0.0390625
0 0.12890625 0.9580078125 0.0390625 0.033203125
0 0.220703125 0.943359375 0.03125 0.03125
0 0.3046875 0.9375 0.0390625 0.03515625
0 0.09765625 0.923828125 0.046875 0.03515625
0 0.416015625 0.927734375 0.05859375 0.046875
0 0.197265625 0.90625 0.03125 0.0390625
0 0.2744140625 0.9013671875 0.041015625 0.037109375
0 0.072265625 0.8876953125 0.04296875 0.033203125
0 0.16796875 0.87109375 0.03125 0.0390625
0 0.3828125 0.8720703125 0.046875 0.044921875
0 0.24609375 0.86328125 0.04296875 0.03515625
0 0.0283203125 0.859375 0.041015625 0.0390625
0 0.1396484375 0.833984375 0.029296875 0.0390625
0 0.3271484375 0.8310546875 0.033203125 0.041015625
0 0.21484375 0.8291015625 0.046875 0.037109375
0 0.1884765625 0.7939453125 0.041015625 0.033203125
0 0.1142578125 0.7919921875 0.033203125 0.037109375
0 0.29296875 0.78515625 0.03515625 0.0390625
0 0.158203125 0.755859375 0.04296875 0.04296875
0 0.0224609375 0.7470703125 0.025390625 0.033203125
0 0.2568359375 0.732421875 0.037109375 0.04296875
0 0.0537109375 0.7236328125 0.037109375 0.041015625
0 0.220703125 0.697265625 0.0390625 0.03515625
0 0.9326171875 0.6796875 0.021484375 0.03125
0 0.111328125 0.6787109375 0.0390625 0.044921875
0 0.0146484375 0.6650390625 0.029296875 0.041015625
0 0.9951171875 0.6484375 0.009765625 0.02734375
0 0.21875 0.642578125 0.03125 0.03515625
0 0.146484375 0.6259765625 0.03515625 0.044921875
0 0.0673828125 0.623046875 0.044921875 0.0390625
0 0.2392578125 0.6083984375 0.037109375 0.025390625
0 0.11328125 0.576171875 0.02734375 0.03125
0 0.4501953125 0.5732421875 0.037109375 0.029296875
0 0.9453125 0.603515625 0.046875 0.09375
0 0.0185546875 0.564453125 0.025390625 0.0234375
0 0.251953125 0.55859375 0.03125 0.03125
0 0.0888671875 0.544921875 0.029296875 0.02734375
0 0.3984375 0.5380859375 0.04296875 0.029296875
0 0.3408203125 0.521484375 0.044921875 0.03515625
0 0.2763671875 0.517578125 0.033203125 0.02734375
0 0.056640625 0.5009765625 0.0234375 0.025390625
0 0.201171875 0.501953125 0.02734375 0.03125
0 0.283203125 0.478515625 0.0234375 0.0234375
0 0.1337890625 0.4794921875 0.025390625 0.037109375
0 0.033203125 0.4755859375 0.0234375 0.037109375
0 0.205078125 0.458984375 0.02734375 0.03125
0 0.494140625 0.4599609375 0.0390625 0.041015625
0 0.4296875 0.4501953125 0.04296875 0.033203125
0 0.0107421875 0.44140625 0.021484375 0.02734375
0 0.146484375 0.431640625 0.0234375 0.0234375
0 0.3779296875 0.4306640625 0.037109375 0.037109375
0 0.0859375 0.4111328125 0.02734375 0.029296875
0 0.3056640625 0.4091796875 0.025390625 0.037109375
0 0.2470703125 0.380859375 0.033203125 0.03515625
0 0.3193359375 0.373046875 0.025390625 0.02734375
0 0.2080078125 0.3681640625 0.029296875 0.029296875
0 0.1708984375 0.345703125 0.033203125 0.03125
0 0.337890625 0.33203125 0.03125 0.02734375
0 0.0888671875 0.33203125 0.033203125 0.03125
0 0.353515625 0.3134765625 0.015625 0.013671875
0 0.041015625 0.3134765625 0.03515625 0.029296875
0 0.2509765625 0.31640625 0.041015625 0.0390625
0 0.205078125 0.2978515625 0.03125 0.025390625
0 0.173828125 0.279296875 0.02734375 0.02734375
0 0.357421875 0.279296875 0.03125 0.03515625
0 0.130859375 0.2666015625 0.0390625 0.021484375
0 0.05078125 0.2724609375 0.02734375 0.037109375
0 0.287109375 0.2548828125 0.02734375 0.025390625
0 0.3740234375 0.2421875 0.033203125 0.02734375
0 0.2451171875 0.2353515625 0.017578125 0.017578125
0 0.0693359375 0.23828125 0.041015625 0.03125
0 0.380859375 0.216796875 0.02734375 0.0234375
0 0.22265625 0.220703125 0.02734375 0.03125
0 0.158203125 0.2080078125 0.03125 0.021484375
0 0.0078125 0.2041015625 0.015625 0.021484375
0 0.314453125 0.205078125 0.02734375 0.03515625
0 0.240234375 0.1787109375 0.02734375 0.033203125
0 0.095703125 0.177734375 0.04296875 0.03125
0 0.1611328125 0.1767578125 0.037109375 0.033203125
0 0.3271484375 0.16796875 0.025390625 0.02734375
0 0.3974609375 0.171875 0.025390625 0.0390625
0 0.025390625 0.1533203125 0.0234375 0.021484375
0 0.2880859375 0.1416015625 0.017578125 0.021484375
0 0.3349609375 0.1396484375 0.029296875 0.025390625
0 0.177734375 0.1435546875 0.03515625 0.033203125
0 0.1025390625 0.1328125 0.029296875 0.0234375
0 0.2568359375 0.1318359375 0.033203125 0.025390625
0 0.033203125 0.1298828125 0.0234375 0.021484375
0 0.00390625 0.1171875 0.0078125 0.015625
0 0.416015625 0.125 0.03125 0.03515625
0 0.34375 0.109375 0.02734375 0.03125
0 0.11328125 0.10546875 0.02734375 0.0234375
0 0.041015625 0.1044921875 0.03125 0.029296875
0 0.1982421875 0.09765625 0.029296875 0.03125
0 0.4326171875 0.087890625 0.037109375 0.0390625
0 0.279296875 0.0791015625 0.02734375 0.033203125
0 0.05859375 0.068359375 0.02734375 0.0234375
0 0.3447265625 0.068359375 0.033203125 0.03515625
0 0.126953125 0.068359375 0.02734375 0.0390625
0 0.4541015625 0.056640625 0.033203125 0.02734375
0 0.2158203125 0.05078125 0.029296875 0.03125
0 0.0654296875 0.046875 0.033203125 0.0234375
0 0.30078125 0.0380859375 0.03515625 0.033203125
0 0.0576171875 0.0224609375 0.017578125 0.013671875
0 0.4970703125 0.025390625 0.029296875 0.02734375
0 0.1416015625 0.0263671875 0.025390625 0.033203125
0 0.3955078125 0.01953125 0.029296875 0.0234375
0 0.56640625 0.005859375 0.0234375 0.01171875
0 0.5283203125 0.009765625 0.025390625 0.01953125
0 0.232421875 0.0126953125 0.02734375 0.025390625
0 0.0751953125 0.009765625 0.025390625 0.01953125
0 0.0068359375 0.0166015625 0.013671875 0.033203125