0 0.4912109375 0.978515625 0.021484375 0.015625
0 0.37109375 0.958984375 0.015625 0.01953125
0 0.8955078125 0.9140625 0.134765625 0.12890625
0 0.01171875 0.6416015625 0.0234375 0.068359375
0 0.6865234375 0.705078125 0.216796875 0.3203125
0 0.501953125 0.5341796875 0.12890625 0.158203125
0 0.009765625 0.2373046875 0.01953125 0.033203125
0 0.0546875 0.17578125 0.03515625 0.03515625
0 0.078125 0.15625 0.03515625 0.03125
0 0.0966796875 0.1357421875 0.037109375 0.033203125
0 0.1181640625 0.11328125 0.037109375 0.03515625
0 0.138671875 0.0908203125 0.0390625 0.037109375
0 0.1689453125 0.046875 0.033203125 0.03515625
0 0.1875 0.0263671875 0.03125 0.033203125
0 0.23046875 0.001953125 0.00390625 0.00390625
0 0.2060546875 0.0107421875 0.033203125 0.021484375
0 0.1279296875 0.005859375 0.021484375 0.01171875
0 0.0439453125 0.0751953125 0.087890625 0.150390625