0 0.0546875 0.9345703125 0.04296875 0.029296875
0 0.099609375 0.9287109375 0.0546875 0.052734375
0 0.7421875 0.90625 0.0390625 0.02734375
0 0.9609375 0.896484375 0.078125 0.03125
0 0.5 0.90234375 0.06640625 0.04296875
0 0.0068359375 0.8623046875 0.013671875 0.037109375
0 0.2626953125 0.8779296875 0.240234375 0.142578125
0 0.8916015625 0.8525390625 0.216796875 0.119140625
0 0.046875 0.8310546875 0.08984375 0.087890625
0 0.5888671875 0.8369140625 0.357421875 0.103515625
0 0.220703125 0.7861328125 0.06640625 0.044921875
0 0.126953125 0.779296875 0.109375 0.0625
0 0.005859375 0.7685546875 0.01171875 0.041015625
0 0.0380859375 0.767578125 0.060546875 0.0546875
0 0.66796875 0.7265625 0.0703125 0.05078125
0 0.470703125 0.6611328125 0.12890625 0.080078125
0 0.8974609375 0.615234375 0.205078125 0.08203125
0 0.6162109375 0.6337890625 0.173828125 0.126953125
0 0.4326171875 0.59765625 0.111328125 0.0703125
0 0.7255859375 0.5849609375 0.064453125 0.080078125
0 0.1455078125 0.60546875 0.291015625 0.125
0 0.861328125 0.5712890625 0.2265625 0.083984375
0 0.57421875 0.537109375 0.296875 0.05078125
0 0.3896484375 0.53125 0.060546875 0.046875
0 0.2109375 0.5107421875 0.02734375 0.037109375
0 0.140625 0.50390625 0.09765625 0.04296875
0 0.021484375 0.5068359375 0.04296875 0.068359375
0 0.8671875 0.458984375 0.265625 0.046875
0 0.595703125 0.4423828125 0.2265625 0.064453125
0 0.35546875 0.41796875 0.05859375 0.05859375
0 0.435546875 0.4189453125 0.09375 0.076171875
0 0.15234375 0.404296875 0.1484375 0.0546875
0 0.03125 0.3935546875 0.0625 0.048828125
0 0.265625 0.3828125 0.0546875 0.03515625