0 0.2626953125 0.9970703125 0.005859375 0.005859375
0 0.490234375 0.9951171875 0.03125 0.009765625
0 0.416015625 0.9951171875 0.0234375 0.009765625
0 0.185546875 0.994140625 0.02734375 0.01171875
0 0.3349609375 0.9931640625 0.029296875 0.013671875
0 0.1015625 0.9912109375 0.0390625 0.017578125
0 0.2451171875 0.9873046875 0.033203125 0.025390625
0 0.9677734375 0.9853515625 0.064453125 0.029296875
0 0.32421875 0.9794921875 0.03125 0.025390625
0 0.177734375 0.978515625 0.03515625 0.0234375
0 0.4375 0.978515625 0.03125 0.02734375
0 0.09375 0.9755859375 0.0390625 0.033203125
0 0.236328125 0.9658203125 0.03125 0.021484375
0 0.5390625 0.97265625 0.046875 0.0546875
0 0.08203125 0.9541015625 0.04296875 0.033203125
0 0.958984375 0.9521484375 0.0546875 0.037109375
0 0.3095703125 0.94140625 0.033203125 0.0390625
0 0.9560546875 0.9296875 0.033203125 0.0234375
0 0.1689453125 0.9384765625 0.041015625 0.041015625
0 0.248046875 0.916015625 0.06640625 0.03125
0 0.2978515625 0.912109375 0.029296875 0.02734375
0 0.361328125 0.9189453125 0.04296875 0.048828125
0 0.3740234375 0.90234375 0.025390625 0.01953125
0 0.0654296875 0.9208984375 0.052734375 0.056640625
0 0.416015625 0.9072265625 0.04296875 0.037109375
0 0.5576171875 0.9130859375 0.060546875 0.052734375
0 0.974609375 0.9287109375 0.05078125 0.091796875
0 0.4677734375 0.927734375 0.060546875 0.08984375
0 0.044921875 0.8896484375 0.0390625 0.033203125
0 0.515625 0.8681640625 0.0234375 0.021484375
0 0.9873046875 0.865234375 0.025390625 0.01953125
0 0.220703125 0.869140625 0.02734375 0.02734375
0 0.03125 0.8701171875 0.03515625 0.029296875
0 0.65234375 0.89453125 0.06640625 0.08203125
0 0.1591796875 0.8740234375 0.048828125 0.068359375
0 0.5234375 0.8466796875 0.03125 0.029296875
0 0.4814453125 0.8466796875 0.041015625 0.033203125
0 0.337890625 0.8515625 0.125 0.04296875
0 0.412109375 0.8447265625 0.01953125 0.033203125
0 0.580078125 0.8603515625 0.0546875 0.068359375
0 0.22265625 0.8369140625 0.03125 0.033203125
0 0.53515625 0.8271484375 0.03125 0.029296875
0 0.32421875 0.8193359375 0.02734375 0.017578125
0 0.6103515625 0.8173828125 0.033203125 0.029296875
0 0.45703125 0.80859375 0.015625 0.015625
0 0.2216796875 0.810546875 0.037109375 0.01953125
0 0.5390625 0.8056640625 0.04296875 0.029296875
0 0.2197265625 0.7900390625 0.037109375 0.021484375
0 0.556640625 0.7880859375 0.03125 0.025390625
0 0.2958984375 0.791015625 0.099609375 0.0390625
0 0.6611328125 0.80859375 0.099609375 0.078125
0 0.357421875 0.7822265625 0.01953125 0.033203125
0 0.3798828125 0.77734375 0.021484375 0.03125
0 0.4033203125 0.7744140625 0.021484375 0.033203125
0 0.4521484375 0.771484375 0.021484375 0.03125
0 0.4296875 0.7734375 0.01953125 0.03515625
0 0.4775390625 0.76953125 0.017578125 0.03125
0 0.50390625 0.767578125 0.0234375 0.03125
0 0.21484375 0.7490234375 0.03515625 0.021484375
0 0.5732421875 0.759765625 0.041015625 0.046875
0 0.083984375 0.7939453125 0.16796875 0.130859375
0 0.65234375 0.7333984375 0.0546875 0.025390625
0 0.2578125 0.736328125 0.0390625 0.0390625
0 0.2119140625 0.7265625 0.037109375 0.01953125
0 0.287109375 0.7314453125 0.01953125 0.033203125
0 0.7275390625 0.71484375 0.029296875 0.0234375
0 0.326171875 0.712890625 0.0234375 0.03515625
0 0.5751953125 0.7060546875 0.021484375 0.025390625
0 0.5439453125 0.703125 0.033203125 0.01953125
0 0.7734375 0.703125 0.03515625 0.02734375
0 0.3515625 0.7080078125 0.0234375 0.037109375
0 0.3740234375 0.705078125 0.021484375 0.0390625
0 0.05859375 0.693359375 0.015625 0.015625
0 0.3994140625 0.703125 0.021484375 0.0390625
0 0.013671875 0.6904296875 0.01953125 0.025390625
0 0.4462890625 0.6962890625 0.021484375 0.041015625
0 0.7373046875 0.6875 0.029296875 0.02734375
0 0.79296875 0.681640625 0.03125 0.02734375
0 0.6875 0.6767578125 0.0234375 0.017578125
0 0.5927734375 0.681640625 0.041015625 0.03515625
0 0.095703125 0.6796875 0.01953125 0.03515625
0 0.029296875 0.681640625 0.0390625 0.04296875
0 0.4765625 0.6669921875 0.02734375 0.025390625
0 0.7529296875 0.662109375 0.041015625 0.0234375
0 0.2890625 0.6611328125 0.0234375 0.025390625
0 0.3369140625 0.6591796875 0.068359375 0.037109375
0 0.3896484375 0.6552734375 0.025390625 0.033203125
0 0.416015625 0.6513671875 0.0234375 0.033203125
0 0.443359375 0.6484375 0.0234375 0.03125
0 0.6640625 0.6650390625 0.046875 0.068359375
0 0.4755859375 0.6376953125 0.025390625 0.025390625
0 0.7626953125 0.634765625 0.037109375 0.0234375
0 0.6953125 0.6337890625 0.0390625 0.025390625
0 0.2841796875 0.625 0.021484375 0.02734375
0 0.53125 0.6259765625 0.0390625 0.033203125
0 0.30859375 0.62109375 0.0234375 0.0234375
0 0.708984375 0.6181640625 0.02734375 0.021484375
0 0.0029296875 0.6259765625 0.005859375 0.037109375
0 0.01953125 0.6279296875 0.0234375 0.044921875
0 0.5732421875 0.6181640625 0.017578125 0.029296875
0 0.0419921875 0.6240234375 0.021484375 0.041015625
0 0.7685546875 0.61328125 0.033203125 0.0234375
0 0.4736328125 0.6103515625 0.025390625 0.025390625
0 0.07421875 0.6201171875 0.04296875 0.044921875
0 0.1328125 0.6171875 0.03515625 0.04296875
0 0.400390625 0.6083984375 0.046875 0.037109375
0 0.525390625 0.59765625 0.03125 0.01953125
0 0.474609375 0.5859375 0.01953125 0.015625
0 0.939453125 0.5947265625 0.08203125 0.044921875
0 0.279296875 0.5830078125 0.0234375 0.041015625
0 0.8251953125 0.5634765625 0.033203125 0.021484375
0 0.70703125 0.5751953125 0.02734375 0.044921875
0 0.326171875 0.578125 0.0703125 0.0546875
0 0.3876953125 0.5703125 0.025390625 0.04296875
0 0.4345703125 0.5830078125 0.025390625 0.072265625
0 0.4091796875 0.5634765625 0.021484375 0.033203125
0 0.6171875 0.5703125 0.05078125 0.0703125
0 0.525390625 0.5576171875 0.04296875 0.048828125
0 0.4658203125 0.5498046875 0.037109375 0.033203125
0 0.0322265625 0.5390625 0.021484375 0.02734375
0 0.0576171875 0.5361328125 0.017578125 0.025390625
0 0.087890625 0.529296875 0.02734375 0.03515625
0 0.1376953125 0.5263671875 0.033203125 0.041015625
0 0.060546875 0.5087890625 0.015625 0.013671875
0 0.23828125 0.515625 0.046875 0.0390625
0 0.0263671875 0.4833984375 0.025390625 0.017578125
0 0.078125 0.48046875 0.0234375 0.01953125
0 0.2724609375 0.4921875 0.029296875 0.0546875
0 0.07421875 0.455078125 0.03125 0.01953125
0 0.0224609375 0.451171875 0.025390625 0.01953125
0 0.1328125 0.4462890625 0.01171875 0.017578125
0 0.2138671875 0.443359375 0.017578125 0.01953125
0 0.2451171875 0.439453125 0.021484375 0.01953125
0 0.2744140625 0.4345703125 0.017578125 0.017578125
0 0.0712890625 0.4296875 0.029296875 0.01953125
0 0.12890625 0.421875 0.01953125 0.01953125
0 0.9716796875 0.4677734375 0.056640625 0.123046875
0 0.0185546875 0.41796875 0.025390625 0.0234375
0 0.8525390625 0.45703125 0.091796875 0.109375
0 0.2177734375 0.4091796875 0.021484375 0.017578125
0 0.267578125 0.4091796875 0.03125 0.021484375
0 0.06640625 0.4033203125 0.02734375 0.017578125
0 0.6904296875 0.451171875 0.041015625 0.1171875
0 0.6220703125 0.4462890625 0.041015625 0.115234375
0 0.1240234375 0.396484375 0.017578125 0.015625
0 0.3740234375 0.451171875 0.126953125 0.1328125
0 0.2421875 0.3896484375 0.01953125 0.013671875
0 0.2177734375 0.3837890625 0.021484375 0.017578125
0 0.013671875 0.384765625 0.0234375 0.01953125
0 0.9423828125 0.4248046875 0.076171875 0.103515625
0 0.26953125 0.3828125 0.0234375 0.01953125
0 0.0634765625 0.3798828125 0.029296875 0.021484375
0 0.1220703125 0.3720703125 0.017578125 0.017578125
0 0.21484375 0.361328125 0.01953125 0.015625
0 0.1875 0.359375 0.015625 0.015625
0 0.263671875 0.359375 0.03515625 0.01953125
0 0.0615234375 0.3544921875 0.025390625 0.017578125
0 0.0107421875 0.3544921875 0.021484375 0.017578125
0 0.1181640625 0.34765625 0.021484375 0.01953125
0 0.2080078125 0.3359375 0.025390625 0.01953125
0 0.26171875 0.3349609375 0.02734375 0.021484375
0 0.7626953125 0.416015625 0.044921875 0.1953125
0 0.05859375 0.328125 0.02734375 0.01953125
0 0.1162109375 0.3203125 0.017578125 0.015625
0 0.009765625 0.322265625 0.01953125 0.01953125
0 0.2021484375 0.310546875 0.044921875 0.01953125
0 0.2626953125 0.30859375 0.037109375 0.01953125
0 0.0556640625 0.30078125 0.025390625 0.0234375
0 0.115234375 0.2958984375 0.01953125 0.017578125
0 0.0068359375 0.2958984375 0.013671875 0.017578125
0 0.9892578125 0.298828125 0.021484375 0.0390625
0 0.2607421875 0.283203125 0.033203125 0.01953125
0 0.2041015625 0.2822265625 0.037109375 0.025390625
0 0.6611328125 0.322265625 0.048828125 0.11328125
0 0.1142578125 0.2734375 0.021484375 0.015625
0 0.2060546875 0.25390625 0.033203125 0.02734375
0 0.119140625 0.2470703125 0.0234375 0.025390625
0 0.841796875 0.306640625 0.078125 0.15234375
0 0.0546875 0.24609375 0.03125 0.03125
0 0.203125 0.224609375 0.03515625 0.0234375
0 0.134765625 0.22265625 0.0234375 0.0234375
0 0.0185546875 0.228515625 0.025390625 0.03515625
0 0.2626953125 0.2197265625 0.029296875 0.021484375
0 0.072265625 0.21875 0.02734375 0.0234375
0 0.00390625 0.21875 0.0078125 0.0234375
0 0.1962890625 0.201171875 0.037109375 0.0234375
0 0.4638671875 0.2529296875 0.150390625 0.138671875
0 0.0888671875 0.1953125 0.025390625 0.0234375
0 0.259765625 0.185546875 0.03125 0.02734375
0 0.03515625 0.1826171875 0.01953125 0.021484375
0 0.0107421875 0.1748046875 0.021484375 0.025390625
0 0.5107421875 0.16015625 0.017578125 0.015625
0 0.87109375 0.205078125 0.09375 0.109375
0 0.125 0.150390625 0.0234375 0.0234375
0 0.7294921875 0.19921875 0.076171875 0.125
0 0.18359375 0.1484375 0.0234375 0.0234375
0 0.1005859375 0.1435546875 0.021484375 0.021484375
0 0.2509765625 0.1416015625 0.029296875 0.025390625
0 0.6064453125 0.1708984375 0.095703125 0.087890625
0 0.078125 0.13671875 0.0234375 0.0234375
0 0.9833984375 0.150390625 0.033203125 0.0625
0 0.0546875 0.12890625 0.01953125 0.0234375
0 0.03125 0.123046875 0.01953125 0.0234375
0 0.3427734375 0.154296875 0.076171875 0.08984375
0 0.1865234375 0.115234375 0.025390625 0.015625
0 0.0087890625 0.115234375 0.017578125 0.0234375
0 0.2431640625 0.1103515625 0.029296875 0.025390625
0 0.1298828125 0.0859375 0.029296875 0.01953125
0 0.9091796875 0.1240234375 0.091796875 0.111328125
0 0.0654296875 0.08203125 0.021484375 0.02734375
0 0.4755859375 0.1142578125 0.080078125 0.099609375
0 0.1982421875 0.0810546875 0.052734375 0.052734375
0 0.130859375 0.060546875 0.03125 0.03125
0 0.103515625 0.0556640625 0.0234375 0.029296875
0 0.7578125 0.099609375 0.07421875 0.125
0 0.07421875 0.048828125 0.0234375 0.03125
0 0.322265625 0.0771484375 0.078125 0.099609375
0 0.0390625 0.041015625 0.04296875 0.03515625
0 0.0087890625 0.0341796875 0.017578125 0.029296875
0 0.40234375 0.0634765625 0.078125 0.095703125
0 0.9951171875 0.0224609375 0.009765625 0.017578125
0 0.21875 0.0263671875 0.02734375 0.025390625
0 0.517578125 0.037109375 0.05859375 0.05078125
0 0.9287109375 0.04296875 0.080078125 0.0859375
0 0.6748046875 0.0302734375 0.064453125 0.060546875
0 0.4755859375 0.01953125 0.052734375 0.0390625
0 0.2041015625 0.005859375 0.017578125 0.01171875
0 0.1533203125 0.0126953125 0.021484375 0.025390625
0 0.126953125 0.009765625 0.01953125 0.01953125
0 0.09765625 0.0078125 0.0390625 0.015625