0 0.3544921875 0.8212890625 0.021484375 0.044921875
0 0.013671875 0.6416015625 0.01953125 0.021484375
0 0.0849609375 0.6279296875 0.029296875 0.037109375
0 0.017578125 0.576171875 0.03515625 0.03125
0 0.056640625 0.55078125 0.03515625 0.0390625
0 0.1376953125 0.5390625 0.021484375 0.02734375
0 0.109375 0.5224609375 0.03125 0.029296875
0 0.17578125 0.484375 0.046875 0.04296875
0 0.0625 0.478515625 0.0390625 0.0390625
0 0.0244140625 0.466796875 0.033203125 0.03515625
0 0.001953125 0.4501953125 0.00390625 0.005859375
0 0.255859375 0.453125 0.03125 0.03125
0 0.1083984375 0.41796875 0.037109375 0.04296875
0 0.2666015625 0.4052734375 0.037109375 0.044921875
0 0.2236328125 0.3935546875 0.044921875 0.033203125
0 0.552734375 0.4580078125 0.07421875 0.189453125
0 0.173828125 0.373046875 0.03125 0.03125
0 0.140625 0.359375 0.02734375 0.03125
0 0.75390625 0.423828125 0.07421875 0.19140625
0 0.107421875 0.3427734375 0.03125 0.033203125
0 0.2880859375 0.3310546875 0.029296875 0.029296875
0 0.0546875 0.3203125 0.0625 0.05078125
0 0.0078125 0.296875 0.015625 0.03125
0 0.2802734375 0.294921875 0.041015625 0.03515625
0 0.1513671875 0.291015625 0.037109375 0.04296875
0 0.2177734375 0.2822265625 0.033203125 0.033203125
0 0.1123046875 0.271484375 0.041015625 0.03125
0 0.181640625 0.2529296875 0.03515625 0.037109375
0 0.0751953125 0.2509765625 0.041015625 0.041015625
0 0.1376953125 0.2294921875 0.029296875 0.029296875
0 0.005859375 0.23046875 0.01171875 0.03125
0 0.2861328125 0.224609375 0.044921875 0.04296875
0 0.1220703125 0.2119140625 0.017578125 0.017578125
0 0.099609375 0.205078125 0.0234375 0.0234375
0 0.22265625 0.201171875 0.02734375 0.0234375
0 0.0703125 0.197265625 0.03515625 0.0390625
0 0.1875 0.1826171875 0.03515625 0.037109375
0 0.3017578125 0.1708984375 0.017578125 0.025390625
0 0.029296875 0.1767578125 0.03515625 0.037109375
0 0.2724609375 0.150390625 0.025390625 0.0234375
0 0.1376953125 0.1513671875 0.033203125 0.041015625
0 0.2392578125 0.140625 0.029296875 0.03515625
0 0.2041015625 0.12890625 0.037109375 0.03125
0 0.08984375 0.130859375 0.0390625 0.04296875
0 0.17578125 0.111328125 0.03125 0.03125
0 0.0185546875 0.09765625 0.029296875 0.03515625
0 0.1357421875 0.0927734375 0.033203125 0.041015625
0 0.107421875 0.0751953125 0.03515625 0.041015625
0 0.21875 0.056640625 0.03515625 0.02734375
0 0.06640625 0.0634765625 0.04296875 0.064453125
0 0.9931640625 0.0322265625 0.013671875 0.021484375
0 0.03515625 0.0390625 0.03515625 0.03515625
0 0.1865234375 0.029296875 0.029296875 0.03515625
0 0.013671875 0.0263671875 0.02734375 0.033203125
0 0.001953125 0.0078125 0.00390625 0.00390625
0 0.2998046875 0.044921875 0.076171875 0.08984375
0 0.1591796875 0.015625 0.029296875 0.03125
0 0.1259765625 0.0087890625 0.025390625 0.017578125
0 0.1025390625 0.001953125 0.005859375 0.00390625
0 0.09375 0.001953125 0.0078125 0.00390625