0 0.4404296875 0.998046875 0.005859375 0.00390625
0 0.541015625 0.9912109375 0.03125 0.017578125
0 0.7373046875 0.9873046875 0.033203125 0.025390625
0 0.9248046875 0.9853515625 0.041015625 0.029296875
0 0.4814453125 0.974609375 0.025390625 0.0234375
0 0.5107421875 0.97265625 0.029296875 0.03125
0 0.7607421875 0.9677734375 0.033203125 0.033203125
0 0.3369140625 0.9619140625 0.033203125 0.021484375
0 0.88671875 0.96484375 0.03125 0.03515625
0 0.587890625 0.955078125 0.04296875 0.03515625
0 0.798828125 0.9443359375 0.0390625 0.041015625
0 0.634765625 0.923828125 0.0234375 0.02734375
0 0.0224609375 0.9111328125 0.044921875 0.029296875
0 0.8525390625 0.892578125 0.041015625 0.03515625
0 0.333984375 0.8857421875 0.03515625 0.029296875
0 0.1396484375 0.857421875 0.017578125 0.01953125
0 0.166015625 0.8515625 0.0234375 0.02734375
0 0.892578125 0.8525390625 0.03125 0.041015625
0 0.416015625 0.84765625 0.04296875 0.03515625
0 0.49609375 0.82421875 0.03125 0.02734375
0 0.5615234375 0.8037109375 0.033203125 0.025390625
0 0.6357421875 0.8017578125 0.041015625 0.033203125
0 0.783203125 0.7939453125 0.0390625 0.025390625
0 0.6982421875 0.794921875 0.037109375 0.03125
0 0.2333984375 0.7802734375 0.037109375 0.029296875
0 0.357421875 0.7626953125 0.0390625 0.037109375
0 0.083984375 0.7705078125 0.0703125 0.060546875
0 0.2431640625 0.748046875 0.021484375 0.01953125
0 0.1962890625 0.7392578125 0.029296875 0.033203125
0 0.4443359375 0.7216796875 0.025390625 0.041015625
0 0.59765625 0.712890625 0.05078125 0.03125
0 0.99609375 0.6982421875 0.0078125 0.013671875
0 0.173828125 0.705078125 0.03515625 0.03125
0 0.998046875 0.68359375 0.00390625 0.00390625
0 0.724609375 0.6982421875 0.046875 0.048828125
0 0.751953125 0.6669921875 0.02734375 0.025390625
0 0.41796875 0.66796875 0.03515625 0.03125
0 0.5341796875 0.6611328125 0.029296875 0.037109375
0 0.130859375 0.6552734375 0.03125 0.033203125
0 0.6953125 0.6240234375 0.03515625 0.033203125
0 0.3759765625 0.607421875 0.037109375 0.0390625
0 0.494140625 0.6015625 0.02734375 0.04296875
0 0.0830078125 0.5927734375 0.041015625 0.041015625
0 0.1220703125 0.580078125 0.033203125 0.03125
0 0.634765625 0.5830078125 0.04296875 0.041015625
0 0.4443359375 0.5546875 0.037109375 0.0390625
0 0.3271484375 0.5458984375 0.041015625 0.037109375
0 0.724609375 0.525390625 0.0390625 0.0390625
0 0.587890625 0.5224609375 0.0390625 0.041015625
0 0.0234375 0.5185546875 0.0390625 0.044921875
0 0.3896484375 0.482421875 0.033203125 0.04296875
0 0.2705078125 0.4755859375 0.044921875 0.041015625
0 0.5478515625 0.4677734375 0.037109375 0.037109375
0 0.0068359375 0.4541015625 0.013671875 0.017578125
0 0.6865234375 0.4501953125 0.037109375 0.041015625
0 0.353515625 0.43359375 0.03515625 0.046875
0 0.994140625 0.4130859375 0.01171875 0.017578125
0 0.2314453125 0.4248046875 0.041015625 0.041015625
0 0.501953125 0.4140625 0.04296875 0.0390625
0 0.638671875 0.3857421875 0.0390625 0.037109375
0 0.3046875 0.3662109375 0.0390625 0.048828125
0 0.1826171875 0.361328125 0.041015625 0.0390625
0 0.4384765625 0.35546875 0.029296875 0.0390625
0 0.5830078125 0.341796875 0.037109375 0.0390625
0 0.1396484375 0.3017578125 0.048828125 0.052734375
0 0.236328125 0.2900390625 0.04296875 0.044921875
0 0.4140625 0.287109375 0.0390625 0.04296875
0 0.5400390625 0.28125 0.041015625 0.046875
0 0.951171875 0.25 0.01171875 0.015625
0 0.0859375 0.2373046875 0.046875 0.048828125
0 0.1962890625 0.234375 0.037109375 0.046875
0 0.4931640625 0.2294921875 0.041015625 0.052734375
0 0.013671875 0.21484375 0.02734375 0.03515625
0 0.34375 0.203125 0.04296875 0.046875
0 0.0498046875 0.1875 0.041015625 0.0390625
0 0.1513671875 0.1767578125 0.037109375 0.044921875
0 0.458984375 0.173828125 0.03515625 0.04296875
0 0.2763671875 0.1484375 0.037109375 0.04296875
0 0.109375 0.1328125 0.03515625 0.04296875
0 0.005859375 0.1201171875 0.01171875 0.021484375
0 0.388671875 0.1181640625 0.03515625 0.033203125
0 0.078125 0.0908203125 0.03515625 0.044921875
0 0.212890625 0.0634765625 0.0390625 0.033203125
0 0.3515625 0.0615234375 0.03125 0.037109375
0 0.046875 0.052734375 0.03125 0.0390625
0 0.1865234375 0.0302734375 0.037109375 0.033203125
0 0.2802734375 0.0126953125 0.037109375 0.025390625
0 0.162109375 0.0068359375 0.02734375 0.013671875
0 0.01953125 0.0185546875 0.03125 0.037109375