0 0.9375 0.994140625 0.02734375 0.01171875
0 0.85546875 0.9892578125 0.0625 0.021484375
0 0.5849609375 0.984375 0.048828125 0.03125
0 0.0380859375 0.9755859375 0.072265625 0.037109375
0 0.78515625 0.970703125 0.04296875 0.05859375
0 0.0087890625 0.9306640625 0.017578125 0.041015625
0 0.001953125 0.892578125 0.00390625 0.0078125
0 0.634765625 0.9287109375 0.21484375 0.142578125
0 0.0400390625 0.8759765625 0.060546875 0.130859375
0 0.4482421875 0.8701171875 0.138671875 0.123046875
0 0.98828125 0.79296875 0.0234375 0.03125
0 0.9658203125 0.787109375 0.021484375 0.02734375
0 0.130859375 0.88671875 0.09765625 0.2265625
0 0.5498046875 0.78125 0.021484375 0.02734375
0 0.52734375 0.7763671875 0.01953125 0.021484375
0 0.908203125 0.771484375 0.02734375 0.01953125
0 0.54296875 0.74609375 0.03125 0.02734375
0 0.017578125 0.767578125 0.03515625 0.0859375
0 0.4697265625 0.744140625 0.068359375 0.05859375
0 0.6337890625 0.7255859375 0.021484375 0.025390625
0 0.765625 0.7236328125 0.0234375 0.025390625
0 0.5517578125 0.7177734375 0.033203125 0.029296875
0 0.3056640625 0.744140625 0.076171875 0.0859375
0 0.8037109375 0.712890625 0.037109375 0.04296875
0 0.8671875 0.7021484375 0.03515625 0.025390625
0 0.4384765625 0.69921875 0.017578125 0.01953125
0 0.7177734375 0.703125 0.041015625 0.0390625
0 0.6884765625 0.6923828125 0.017578125 0.021484375
0 0.4921875 0.6962890625 0.03515625 0.029296875
0 0.6591796875 0.6845703125 0.021484375 0.021484375
0 0.5654296875 0.6923828125 0.048828125 0.041015625
0 0.9208984375 0.689453125 0.064453125 0.0546875
0 0.4111328125 0.673828125 0.025390625 0.0234375
0 0.62890625 0.671875 0.01953125 0.0234375
0 0.5009765625 0.6669921875 0.037109375 0.029296875
0 0.8681640625 0.669921875 0.025390625 0.0390625
0 0.6015625 0.66015625 0.01953125 0.0234375
0 0.724609375 0.650390625 0.03125 0.0234375
0 0.572265625 0.650390625 0.01953125 0.0234375
0 0.802734375 0.6591796875 0.078125 0.052734375
0 0.7783203125 0.6435546875 0.017578125 0.021484375
0 0.4189453125 0.6328125 0.044921875 0.0390625
0 0.744140625 0.6259765625 0.03125 0.033203125
0 0.63671875 0.6220703125 0.03125 0.025390625
0 0.9453125 0.630859375 0.09765625 0.06640625
0 0.5185546875 0.6259765625 0.052734375 0.060546875
0 0.70703125 0.61328125 0.04296875 0.0390625
0 0.8828125 0.609375 0.02734375 0.03515625
0 0.587890625 0.6044921875 0.03515625 0.025390625
0 0.3447265625 0.5966796875 0.041015625 0.017578125
0 0.6767578125 0.6025390625 0.025390625 0.033203125
0 0.658203125 0.595703125 0.02734375 0.03515625
0 0.8291015625 0.58984375 0.025390625 0.03515625
0 0.63671875 0.5888671875 0.0234375 0.033203125
0 0.5390625 0.5859375 0.02734375 0.02734375
0 0.306640625 0.58984375 0.015625 0.03515625
0 0.283203125 0.5888671875 0.015625 0.033203125
0 0.26171875 0.587890625 0.015625 0.03515625
0 0.9013671875 0.5810546875 0.033203125 0.025390625
0 0.6142578125 0.5810546875 0.025390625 0.033203125
0 0.8017578125 0.580078125 0.021484375 0.03515625
0 0.345703125 0.5712890625 0.0390625 0.017578125
0 0.4208984375 0.5810546875 0.044921875 0.044921875
0 0.5908203125 0.5732421875 0.029296875 0.033203125
0 0.775390625 0.5712890625 0.0234375 0.037109375
0 0.9833984375 0.58984375 0.033203125 0.078125
0 0.9111328125 0.5556640625 0.033203125 0.025390625
0 0.7490234375 0.560546875 0.025390625 0.03515625
0 0.548828125 0.5556640625 0.0234375 0.029296875
0 0.345703125 0.5478515625 0.0390625 0.017578125
0 0.51953125 0.552734375 0.0234375 0.03125
0 0.72265625 0.5498046875 0.0234375 0.033203125
0 0.5 0.546875 0.0234375 0.03125
0 0.2939453125 0.537109375 0.037109375 0.0234375
0 0.697265625 0.5400390625 0.0234375 0.033203125
0 0.4755859375 0.5390625 0.021484375 0.03125
0 0.8486328125 0.5390625 0.025390625 0.03515625
0 0.255859375 0.537109375 0.01953125 0.03125
0 0.9189453125 0.5283203125 0.025390625 0.025390625
0 0.34765625 0.525390625 0.0390625 0.01953125
0 0.826171875 0.5322265625 0.02734375 0.037109375
0 0.6669921875 0.529296875 0.025390625 0.03515625
0 0.4462890625 0.5341796875 0.033203125 0.044921875
0 0.9921875 0.525390625 0.015625 0.04296875
0 0.7978515625 0.521484375 0.025390625 0.03515625
0 0.7763671875 0.5126953125 0.025390625 0.037109375
0 0.615234375 0.51171875 0.0234375 0.03515625
0 0.5927734375 0.5068359375 0.021484375 0.033203125
0 0.75 0.501953125 0.02734375 0.0390625
0 0.7255859375 0.494140625 0.025390625 0.0390625
0 0.3447265625 0.4814453125 0.037109375 0.017578125
0 0.50390625 0.4814453125 0.0234375 0.029296875
0 0.6962890625 0.482421875 0.025390625 0.0390625
0 0.982421875 0.478515625 0.03515625 0.03515625
0 0.296875 0.4697265625 0.03125 0.017578125
0 0.8564453125 0.4716796875 0.033203125 0.025390625
0 0.2587890625 0.47265625 0.021484375 0.03125
0 0.6708984375 0.47265625 0.029296875 0.03515625
0 0.607421875 0.4638671875 0.02734375 0.021484375
0 0.4833984375 0.46875 0.025390625 0.03515625
0 0.3486328125 0.4580078125 0.025390625 0.017578125
0 0.4130859375 0.455078125 0.037109375 0.02734375
0 0.7939453125 0.4521484375 0.025390625 0.025390625
0 0.865234375 0.447265625 0.03515625 0.0234375
0 0.3525390625 0.4345703125 0.033203125 0.017578125
0 0.7353515625 0.43359375 0.033203125 0.01953125
0 0.9794921875 0.4384765625 0.041015625 0.041015625
0 0.0751953125 0.5791015625 0.150390625 0.330078125
0 0.31640625 0.419921875 0.02734375 0.01953125
0 0.8701171875 0.4208984375 0.037109375 0.025390625
0 0.8017578125 0.419921875 0.029296875 0.0234375
0 0.4951171875 0.4140625 0.025390625 0.03125
0 0.7412109375 0.4033203125 0.033203125 0.021484375
0 0.3173828125 0.3955078125 0.029296875 0.017578125
0 0.8046875 0.3955078125 0.03125 0.021484375
0 0.41796875 0.408203125 0.05078125 0.0546875
0 0.744140625 0.37890625 0.03125 0.01953125
0 0.5654296875 0.37890625 0.017578125 0.01953125
0 0.810546875 0.3701171875 0.03125 0.021484375
0 0.9931640625 0.3642578125 0.013671875 0.017578125
0 0.4736328125 0.3623046875 0.025390625 0.021484375
0 0.318359375 0.361328125 0.07421875 0.03125
0 0.4462890625 0.3486328125 0.021484375 0.017578125
0 0.412109375 0.3544921875 0.03125 0.029296875
0 0.9951171875 0.3447265625 0.009765625 0.017578125
0 0.814453125 0.34765625 0.03125 0.0234375
0 0.486328125 0.3408203125 0.01953125 0.017578125
0 0.1943359375 0.37890625 0.103515625 0.10546875
0 0.8232421875 0.3232421875 0.037109375 0.025390625
0 0.6162109375 0.361328125 0.044921875 0.1015625
0 0.4912109375 0.3193359375 0.033203125 0.017578125
0 0.3525390625 0.318359375 0.033203125 0.02734375
0 0.42578125 0.3115234375 0.0625 0.041015625
0 0.408203125 0.302734375 0.02734375 0.0234375
0 0.2763671875 0.3203125 0.056640625 0.05859375
0 0.890625 0.34765625 0.0546875 0.1171875
0 0.48828125 0.296875 0.03125 0.015625
0 0.9638671875 0.302734375 0.041015625 0.046875
0 0.521484375 0.287109375 0.015625 0.01953125
0 0.48828125 0.2802734375 0.03125 0.013671875
0 0.080078125 0.36328125 0.16015625 0.1796875
0 0.349609375 0.28515625 0.0390625 0.03125
0 0.4248046875 0.2724609375 0.064453125 0.025390625
0 0.4912109375 0.2607421875 0.041015625 0.017578125
0 0.72265625 0.27734375 0.12109375 0.05859375
0 0.619140625 0.2578125 0.046875 0.01953125
0 0.5615234375 0.2607421875 0.064453125 0.029296875
0 0.970703125 0.2568359375 0.04296875 0.048828125
0 0.8681640625 0.248046875 0.126953125 0.0703125
0 0.26171875 0.216796875 0.08984375 0.0546875
0 0.9775390625 0.1943359375 0.044921875 0.064453125
0 0.3134765625 0.171875 0.025390625 0.03515625
0 0.830078125 0.169921875 0.0625 0.0625
0 0.056640625 0.2626953125 0.11328125 0.251953125
0 0.1689453125 0.18359375 0.080078125 0.12109375
0 0.6220703125 0.146484375 0.158203125 0.05078125
0 0.8251953125 0.119140625 0.033203125 0.0234375
0 0.7451171875 0.138671875 0.025390625 0.07421875
0 0.2265625 0.1181640625 0.05078125 0.091796875
0 0.4912109375 0.099609375 0.099609375 0.05859375
0 0.7451171875 0.0810546875 0.041015625 0.025390625
0 0.6318359375 0.08203125 0.150390625 0.02734375
0 0.8232421875 0.08203125 0.029296875 0.03125
0 0.3701171875 0.1298828125 0.052734375 0.130859375
0 0.314453125 0.1025390625 0.03125 0.087890625
0 0.3896484375 0.025390625 0.017578125 0.01953125
0 0.904296875 0.07421875 0.109375 0.1328125
0 0.974609375 0.0263671875 0.05078125 0.052734375
0 0.9443359375 0.001953125 0.005859375 0.00390625
0 0.8515625 0.0126953125 0.0390625 0.025390625
0 0.751953125 0.0107421875 0.0703125 0.021484375
0 0.6904296875 0.013671875 0.033203125 0.02734375
0 0.6171875 0.0126953125 0.0234375 0.025390625
0 0.5517578125 0.0107421875 0.091796875 0.021484375
0 0.447265625 0.013671875 0.0390625 0.02734375
0 0.3291015625 0.0263671875 0.064453125 0.052734375
0 0.232421875 0.0234375 0.02734375 0.046875