0 0.85546875 0.99609375 0.01171875 0.0078125
0 0.09765625 0.990234375 0.0390625 0.01953125
0 0.982421875 0.9765625 0.03125 0.0390625
0 0.5810546875 0.9482421875 0.044921875 0.041015625
0 0.935546875 0.94140625 0.03125 0.0390625
0 0.9970703125 0.9150390625 0.005859375 0.017578125
0 0.912109375 0.921875 0.03125 0.04296875
0 0.8876953125 0.9033203125 0.029296875 0.041015625
0 0.546875 0.9072265625 0.0546875 0.060546875
0 0.9873046875 0.890625 0.025390625 0.0390625
0 0.8642578125 0.8837890625 0.029296875 0.037109375
0 0.9638671875 0.875 0.025390625 0.0234375
0 0.7607421875 0.8681640625 0.041015625 0.033203125
0 0.58203125 0.876953125 0.05859375 0.05078125
0 0.1640625 0.9052734375 0.1171875 0.111328125
0 0.9423828125 0.859375 0.025390625 0.0234375
0 0.8369140625 0.8671875 0.037109375 0.0390625
0 0.6845703125 0.8564453125 0.083984375 0.052734375
0 0.78515625 0.84375 0.03515625 0.03125
0 0.5908203125 0.845703125 0.041015625 0.0390625
0 0.9248046875 0.837890625 0.037109375 0.03515625
0 0.896484375 0.8232421875 0.02734375 0.029296875
0 0.998046875 0.80859375 0.00390625 0.0078125
0 0.7998046875 0.822265625 0.041015625 0.03515625
0 0.876953125 0.8076171875 0.0234375 0.025390625
0 0.8486328125 0.7763671875 0.037109375 0.037109375
0 0.7255859375 0.7744140625 0.029296875 0.033203125
0 0.986328125 0.7734375 0.02734375 0.05078125
0 0.828125 0.7626953125 0.03125 0.037109375
0 0.1943359375 0.7861328125 0.208984375 0.087890625
0 0.251953125 0.751953125 0.02734375 0.0390625
0 0.8076171875 0.7470703125 0.029296875 0.033203125
0 0.970703125 0.7470703125 0.0390625 0.041015625
0 0.8662109375 0.7412109375 0.033203125 0.033203125
0 0.7880859375 0.734375 0.029296875 0.03515625
0 0.216796875 0.728515625 0.02734375 0.03515625
0 0.939453125 0.7294921875 0.0390625 0.044921875
0 0.76953125 0.720703125 0.03125 0.03125
0 0.6806640625 0.7353515625 0.068359375 0.068359375
0 0.8515625 0.6982421875 0.03125 0.037109375
0 0.9921875 0.6923828125 0.015625 0.029296875
0 0.2880859375 0.693359375 0.029296875 0.03515625
0 0.9111328125 0.6826171875 0.048828125 0.052734375
0 0.259765625 0.6767578125 0.04296875 0.041015625
0 0.3369140625 0.67578125 0.044921875 0.05078125
0 0.8818359375 0.6572265625 0.033203125 0.037109375
0 0.3564453125 0.642578125 0.037109375 0.02734375
0 0.8671875 0.6337890625 0.0234375 0.025390625
0 0.7373046875 0.6572265625 0.083984375 0.072265625
0 0.955078125 0.6357421875 0.03125 0.033203125
0 0.2802734375 0.6328125 0.044921875 0.046875
0 0.9384765625 0.619140625 0.029296875 0.03125
0 0.7685546875 0.60546875 0.029296875 0.03125
0 0.2958984375 0.6025390625 0.037109375 0.029296875
0 0.6611328125 0.623046875 0.076171875 0.07421875
0 0.3955078125 0.59375 0.029296875 0.03125
0 0.8203125 0.5869140625 0.03125 0.033203125
0 0.904296875 0.5859375 0.03125 0.03515625
0 0.41796875 0.576171875 0.0390625 0.0390625
0 0.78515625 0.5732421875 0.05859375 0.041015625
0 0.9755859375 0.5830078125 0.037109375 0.064453125
0 0.314453125 0.5625 0.03515625 0.02734375
0 0.943359375 0.560546875 0.02734375 0.02734375
0 0.3818359375 0.5537109375 0.033203125 0.033203125
0 0.701171875 0.5576171875 0.0390625 0.048828125
0 0.9912109375 0.5458984375 0.017578125 0.033203125
0 0.767578125 0.5400390625 0.03125 0.033203125
0 0.626953125 0.5673828125 0.08984375 0.111328125
0 0.880859375 0.4951171875 0.03515625 0.033203125
0 0.8232421875 0.5029296875 0.060546875 0.068359375
0 0.9599609375 0.4794921875 0.029296875 0.033203125
0 0.8984375 0.47265625 0.0390625 0.03515625
0 0.599609375 0.4912109375 0.140625 0.130859375
0 0.9287109375 0.4423828125 0.041015625 0.037109375
0 0.69921875 0.41796875 0.0546875 0.0546875
0 0.0458984375 0.39453125 0.013671875 0.01953125
0 0.830078125 0.392578125 0.03515625 0.0234375
0 0.9951171875 0.3857421875 0.009765625 0.013671875
0 0.736328125 0.416015625 0.03515625 0.078125
0 0.64453125 0.3916015625 0.046875 0.033203125
0 0.0849609375 0.3837890625 0.017578125 0.025390625
0 0.3408203125 0.5244140625 0.388671875 0.310546875
0 0.8837890625 0.3837890625 0.033203125 0.037109375
0 0.0244140625 0.380859375 0.025390625 0.03125
0 0.962890625 0.3779296875 0.03515625 0.033203125
0 0.869140625 0.365234375 0.03515625 0.03515625
0 0.74609375 0.365234375 0.0390625 0.03515625
0 0.9462890625 0.3583984375 0.033203125 0.033203125
0 0.9970703125 0.3330078125 0.005859375 0.009765625
0 0.01171875 0.33984375 0.0234375 0.0234375
0 0.9287109375 0.3369140625 0.037109375 0.033203125
0 0.4384765625 0.3759765625 0.158203125 0.111328125
0 0.8349609375 0.3193359375 0.029296875 0.025390625
0 0.001953125 0.3115234375 0.00390625 0.025390625
0 0.9130859375 0.314453125 0.033203125 0.03515625
0 0.9892578125 0.306640625 0.021484375 0.03125
0 0.6826171875 0.33203125 0.072265625 0.08984375
0 0.03125 0.29296875 0.0234375 0.0234375
0 0.8955078125 0.2939453125 0.037109375 0.033203125
0 0.0029296875 0.287109375 0.005859375 0.01953125
0 0.064453125 0.2861328125 0.0234375 0.021484375
0 0.9775390625 0.2900390625 0.037109375 0.033203125
0 0.87890625 0.2763671875 0.03515625 0.033203125
0 0.9443359375 0.2509765625 0.033203125 0.033203125
0 0.861328125 0.25 0.03515625 0.03125
0 0.0439453125 0.234375 0.021484375 0.015625
0 0.015625 0.234375 0.03125 0.0234375
0 0.9267578125 0.23046875 0.037109375 0.03515625
0 0.1494140625 0.2216796875 0.017578125 0.025390625
0 0.974609375 0.212890625 0.01953125 0.01953125
0 0.1142578125 0.2216796875 0.017578125 0.037109375
0 0.75 0.2353515625 0.05859375 0.068359375
0 0.912109375 0.2099609375 0.02734375 0.025390625
0 0.8935546875 0.1962890625 0.037109375 0.037109375
0 0.033203125 0.189453125 0.02734375 0.03125
0 0.0859375 0.1806640625 0.02734375 0.017578125
0 0.8759765625 0.181640625 0.033203125 0.02734375
0 0.994140625 0.1708984375 0.01171875 0.021484375
0 0.0244140625 0.1533203125 0.033203125 0.021484375
0 0.0869140625 0.1484375 0.025390625 0.015625
0 0.9462890625 0.154296875 0.041015625 0.0390625
0 0.80078125 0.1689453125 0.0625 0.076171875
0 0.18359375 0.1435546875 0.04296875 0.025390625
0 0.8408203125 0.134765625 0.029296875 0.03125
0 0.125 0.119140625 0.0234375 0.0234375
0 0.9892578125 0.1201171875 0.021484375 0.033203125
0 0.931640625 0.1240234375 0.05859375 0.052734375
0 0.0810546875 0.11328125 0.033203125 0.03125
0 0.01171875 0.10546875 0.01953125 0.03125
0 0.03515625 0.103515625 0.01953125 0.03125
0 0.2138671875 0.0810546875 0.017578125 0.013671875
0 0.8818359375 0.087890625 0.033203125 0.03515625
0 0.0771484375 0.08203125 0.037109375 0.02734375
0 0.4296875 0.1943359375 0.15625 0.259765625
0 0.1279296875 0.078125 0.021484375 0.03515625
0 0.1484375 0.0703125 0.01953125 0.0234375
0 0.953125 0.0732421875 0.03515625 0.037109375
0 0.185546875 0.0712890625 0.03515625 0.041015625
0 0.9951171875 0.033203125 0.009765625 0.015625
0 0.9072265625 0.0439453125 0.033203125 0.037109375
0 0.0693359375 0.037109375 0.025390625 0.0234375
0 0.998046875 0.01171875 0.00390625 0.00390625
0 0.1572265625 0.01953125 0.021484375 0.03125
0 0.2626953125 0.0078125 0.033203125 0.015625
0 0.2177734375 0.013671875 0.017578125 0.02734375
0 0.1884765625 0.015625 0.021484375 0.03125
0 0.10546875 0.0146484375 0.05078125 0.029296875
0 0.0166015625 0.0263671875 0.033203125 0.052734375