0 0.2138671875 0.994140625 0.029296875 0.01171875
0 0.123046875 0.9921875 0.03515625 0.015625
0 0.08203125 0.98828125 0.03515625 0.01953125
0 0.5703125 0.9833984375 0.03125 0.021484375
0 0.0166015625 0.982421875 0.033203125 0.0234375
0 0.6259765625 0.9755859375 0.017578125 0.021484375
0 0.21875 0.970703125 0.03125 0.0234375
0 0.1259765625 0.9658203125 0.033203125 0.021484375
0 0.6474609375 0.9619140625 0.017578125 0.017578125
0 0.0859375 0.9599609375 0.03515625 0.021484375
0 0.0185546875 0.9599609375 0.037109375 0.025390625
0 0.58203125 0.9482421875 0.0390625 0.029296875
0 0.22265625 0.943359375 0.0234375 0.0234375
0 0.7216796875 0.9443359375 0.025390625 0.029296875
0 0.625 0.9443359375 0.02734375 0.029296875
0 0.1337890625 0.9365234375 0.025390625 0.021484375
0 0.69921875 0.939453125 0.02734375 0.03125
0 0.6640625 0.9375 0.02734375 0.02734375
0 0.0869140625 0.9326171875 0.033203125 0.021484375
0 0.0244140625 0.9296875 0.033203125 0.0234375
0 0.140625 0.9091796875 0.03125 0.021484375
0 0.091796875 0.8984375 0.03515625 0.0234375
0 0.59375 0.8916015625 0.03515625 0.021484375
0 0.6318359375 0.8857421875 0.013671875 0.021484375
0 0.03515625 0.88671875 0.0234375 0.03515625
0 0.0986328125 0.8740234375 0.041015625 0.021484375
0 0.0068359375 0.87890625 0.013671875 0.03125
0 0.146484375 0.875 0.04296875 0.03125
0 0.65625 0.8759765625 0.02734375 0.037109375
0 0.7265625 0.8671875 0.02734375 0.0234375
0 0.6875 0.8740234375 0.0234375 0.037109375
0 0.61328125 0.8544921875 0.03125 0.033203125
0 0.154296875 0.8408203125 0.05078125 0.033203125
0 0.107421875 0.8369140625 0.05078125 0.029296875
0 0.013671875 0.8232421875 0.02734375 0.025390625
0 0.6318359375 0.8193359375 0.037109375 0.021484375
0 0.5419921875 0.80078125 0.029296875 0.0234375
0 0.6376953125 0.7978515625 0.037109375 0.021484375
0 0.1943359375 0.80078125 0.025390625 0.03515625
0 0.16015625 0.7939453125 0.0234375 0.037109375
0 0.134765625 0.791015625 0.0234375 0.03515625
0 0.1083984375 0.7880859375 0.021484375 0.033203125
0 0.4482421875 0.78515625 0.072265625 0.03125
0 0.0478515625 0.7783203125 0.021484375 0.033203125
0 0.01953125 0.7763671875 0.0234375 0.033203125
0 0.6474609375 0.759765625 0.017578125 0.02734375
0 0.7578125 0.7578125 0.03125 0.0390625
0 0.732421875 0.75 0.02734375 0.0390625
0 0.6796875 0.7353515625 0.0859375 0.056640625
0 0.2080078125 0.7255859375 0.029296875 0.037109375
0 0.1767578125 0.7216796875 0.029296875 0.037109375
0 0.14453125 0.7177734375 0.02734375 0.037109375
0 0.1142578125 0.7138671875 0.029296875 0.037109375
0 0.08203125 0.7119140625 0.03125 0.037109375
0 0.048828125 0.7060546875 0.02734375 0.037109375
0 0.0205078125 0.7021484375 0.029296875 0.037109375
0 0.5263671875 0.712890625 0.146484375 0.0703125
0 0.00390625 0.6689453125 0.0078125 0.021484375
0 0.1953125 0.666015625 0.02734375 0.0390625
0 0.9658203125 0.6630859375 0.029296875 0.037109375
0 0.1650390625 0.662109375 0.029296875 0.0390625
0 0.1337890625 0.658203125 0.029296875 0.0390625
0 0.9384765625 0.6552734375 0.025390625 0.041015625
0 0.1005859375 0.654296875 0.029296875 0.0390625
0 0.9111328125 0.6513671875 0.029296875 0.041015625
0 0.0712890625 0.650390625 0.029296875 0.0390625
0 0.8857421875 0.646484375 0.025390625 0.03515625
0 0.8564453125 0.6435546875 0.025390625 0.029296875
0 0.0078125 0.6396484375 0.015625 0.021484375
0 0.0390625 0.6455078125 0.02734375 0.037109375
0 0.8310546875 0.640625 0.025390625 0.03125
0 0.8046875 0.62890625 0.02734375 0.0390625
0 0.7783203125 0.6220703125 0.029296875 0.037109375
0 0.998046875 0.5830078125 0.00390625 0.005859375
0 0.8046875 0.58203125 0.015625 0.01953125
0 0.2333984375 0.5888671875 0.021484375 0.033203125
0 0.20703125 0.5859375 0.0234375 0.03515625
0 0.1806640625 0.580078125 0.021484375 0.0390625
0 0.1533203125 0.5771484375 0.021484375 0.037109375
0 0.1259765625 0.5751953125 0.021484375 0.037109375
0 0.0263671875 0.5673828125 0.037109375 0.025390625
0 0.099609375 0.5712890625 0.0234375 0.037109375
0 0.07421875 0.5693359375 0.0234375 0.037109375
0 0.75390625 0.5703125 0.05078125 0.046875
0 0.892578125 0.5595703125 0.03125 0.029296875
0 0.193359375 0.552734375 0.015625 0.015625
0 0.859375 0.54296875 0.03125 0.02734375
0 0.0693359375 0.5361328125 0.017578125 0.017578125
0 0.03515625 0.537109375 0.0390625 0.0234375
0 0.1416015625 0.5361328125 0.044921875 0.029296875
0 0.75 0.5322265625 0.03125 0.029296875
0 0.822265625 0.529296875 0.04296875 0.02734375
0 0.6279296875 0.552734375 0.099609375 0.09375
0 0.044921875 0.5087890625 0.03515625 0.025390625
0 0.7626953125 0.5068359375 0.033203125 0.029296875
0 0.17578125 0.5048828125 0.02734375 0.037109375
0 0.1484375 0.5009765625 0.0234375 0.037109375
0 0.1220703125 0.4970703125 0.025390625 0.037109375
0 0.0986328125 0.4931640625 0.025390625 0.037109375
0 0.9970703125 0.478515625 0.005859375 0.01171875
0 0.05859375 0.4873046875 0.046875 0.029296875
0 0.6640625 0.47265625 0.0234375 0.015625
0 0.86328125 0.4775390625 0.03515625 0.029296875
0 0.69921875 0.4814453125 0.05859375 0.091796875
0 0.81640625 0.447265625 0.03125 0.02734375
0 0.671875 0.4423828125 0.01953125 0.017578125
0 0.9345703125 0.4443359375 0.056640625 0.052734375
0 0.7275390625 0.421875 0.029296875 0.02734375
0 0.9912109375 0.4208984375 0.017578125 0.033203125
0 0.8330078125 0.41796875 0.033203125 0.02734375
0 0.0947265625 0.4228515625 0.072265625 0.037109375
0 0.6474609375 0.4287109375 0.052734375 0.052734375
0 0.150390625 0.4228515625 0.0234375 0.044921875
0 0.49609375 0.4052734375 0.0390625 0.025390625
0 0.5458984375 0.439453125 0.052734375 0.09765625
0 0.0849609375 0.39453125 0.033203125 0.0234375
0 0.8515625 0.3974609375 0.04296875 0.033203125
0 0.74609375 0.3916015625 0.0390625 0.029296875
0 0.947265625 0.3896484375 0.0234375 0.029296875
0 0.8798828125 0.3798828125 0.037109375 0.029296875
0 0.7626953125 0.3720703125 0.029296875 0.021484375
0 0.51953125 0.36328125 0.015625 0.015625
0 0.4833984375 0.3681640625 0.025390625 0.029296875
0 0.703125 0.365234375 0.0234375 0.03515625
0 0.091796875 0.36328125 0.02734375 0.03125
0 0.6748046875 0.3544921875 0.025390625 0.021484375
0 0.9208984375 0.3583984375 0.048828125 0.033203125
0 0.64453125 0.349609375 0.0234375 0.0234375
0 0.6171875 0.345703125 0.02734375 0.02734375
0 0.5869140625 0.33984375 0.025390625 0.02734375
0 0.5458984375 0.3310546875 0.033203125 0.025390625
0 0.1064453125 0.3310546875 0.025390625 0.029296875
0 0.9912109375 0.328125 0.017578125 0.02734375
0 0.474609375 0.3310546875 0.0234375 0.033203125
0 0.8427734375 0.3251953125 0.044921875 0.033203125
0 0.958984375 0.322265625 0.0390625 0.03515625
0 0.021484375 0.3134765625 0.03515625 0.029296875
0 0.7919921875 0.3076171875 0.025390625 0.021484375
0 0.826171875 0.2958984375 0.01953125 0.017578125
0 0.8779296875 0.296875 0.033203125 0.02734375
0 0.1279296875 0.294921875 0.037109375 0.02734375
0 0.7470703125 0.29296875 0.021484375 0.02734375
0 0.7177734375 0.2900390625 0.021484375 0.021484375
0 0.0078125 0.28515625 0.015625 0.01953125
0 0.033203125 0.283203125 0.03125 0.02734375
0 0.978515625 0.2880859375 0.0390625 0.044921875
0 0.6884765625 0.28125 0.021484375 0.03125
0 0.6591796875 0.2783203125 0.029296875 0.025390625
0 0.9052734375 0.2763671875 0.029296875 0.025390625
0 0.6259765625 0.2685546875 0.021484375 0.029296875
0 0.5625 0.2587890625 0.02734375 0.025390625
0 0.595703125 0.26171875 0.03125 0.03515625
0 0.0439453125 0.2568359375 0.025390625 0.025390625
0 0.146484375 0.2568359375 0.02734375 0.033203125
0 0.486328125 0.2548828125 0.05859375 0.037109375
0 0.8291015625 0.251953125 0.025390625 0.03515625
0 0.8037109375 0.23828125 0.025390625 0.02734375
0 0.0263671875 0.2294921875 0.021484375 0.021484375
0 0.0546875 0.228515625 0.02734375 0.0234375
0 0.7763671875 0.2255859375 0.025390625 0.021484375
0 0.94921875 0.2197265625 0.0234375 0.025390625
0 0.1650390625 0.22265625 0.037109375 0.03125
0 0.751953125 0.2177734375 0.02734375 0.025390625
0 0.5380859375 0.2197265625 0.033203125 0.029296875
0 0.720703125 0.2080078125 0.02734375 0.025390625
0 0.064453125 0.203125 0.02734375 0.0234375
0 0.9580078125 0.197265625 0.021484375 0.0234375
0 0.693359375 0.197265625 0.02734375 0.02734375
0 0.88671875 0.193359375 0.0234375 0.0234375
0 0.4912109375 0.2001953125 0.029296875 0.037109375
0 0.8623046875 0.185546875 0.025390625 0.0234375
0 0.6630859375 0.1875 0.029296875 0.02734375
0 0.837890625 0.1767578125 0.02734375 0.025390625
0 0.1875 0.18359375 0.03515625 0.0390625
0 0.6337890625 0.1767578125 0.029296875 0.029296875
0 0.07421875 0.1748046875 0.02734375 0.025390625
0 0.9677734375 0.1728515625 0.021484375 0.025390625
0 0.6044921875 0.171875 0.029296875 0.0390625
0 0.787109375 0.1572265625 0.0234375 0.025390625
0 0.580078125 0.15625 0.02734375 0.02734375
0 0.8134765625 0.16015625 0.029296875 0.0390625
0 0.0849609375 0.15234375 0.029296875 0.0234375
0 0.5498046875 0.146484375 0.033203125 0.03125
0 0.7587890625 0.142578125 0.029296875 0.03125
0 0.734375 0.13671875 0.0234375 0.0234375
0 0.01953125 0.140625 0.0390625 0.03125
0 0.5185546875 0.130859375 0.029296875 0.0234375
0 0.2041015625 0.1435546875 0.044921875 0.052734375
0 0.7080078125 0.126953125 0.025390625 0.0234375
0 0.9853515625 0.1240234375 0.029296875 0.025390625
0 0.474609375 0.12890625 0.0390625 0.03515625
0 0.6806640625 0.1181640625 0.025390625 0.025390625
0 0.98828125 0.09765625 0.0234375 0.0234375
0 0.9228515625 0.08984375 0.025390625 0.02734375
0 0.62109375 0.08984375 0.02734375 0.02734375
0 0.59375 0.080078125 0.02734375 0.02734375
0 0.0791015625 0.08203125 0.025390625 0.03125
0 0.044921875 0.078125 0.0234375 0.0234375
0 0.9921875 0.068359375 0.015625 0.0234375
0 0.564453125 0.0693359375 0.02734375 0.025390625
0 0.6279296875 0.0595703125 0.017578125 0.017578125
0 0.7021484375 0.0654296875 0.025390625 0.033203125
0 0.01171875 0.0634765625 0.0234375 0.029296875
0 0.9970703125 0.0419921875 0.005859375 0.017578125
0 0.5390625 0.05078125 0.03125 0.04296875
0 0.6337890625 0.0400390625 0.033203125 0.029296875
0 0.7158203125 0.0283203125 0.029296875 0.033203125
0 0.998046875 0.009765625 0.00390625 0.00390625
0 0.474609375 0.02734375 0.03515625 0.04296875
0 0.0576171875 0.01953125 0.021484375 0.03125
0 0.0341796875 0.015625 0.021484375 0.02734375
0 0.728515625 0.0048828125 0.01953125 0.009765625
0 0.662109375 0.001953125 0.00390625 0.00390625
0 0.6435546875 0.0146484375 0.033203125 0.029296875
0 0.5712890625 0.0107421875 0.021484375 0.021484375
0 0.009765625 0.0068359375 0.01953125 0.013671875