0 0.5576171875 0.998046875 0.005859375 0.00390625
0 0.0283203125 0.9970703125 0.009765625 0.005859375
0 0.578125 0.99609375 0.015625 0.0078125
0 0.9599609375 0.994140625 0.033203125 0.01171875
0 0.662109375 0.994140625 0.03125 0.01171875
0 0.4765625 0.994140625 0.02734375 0.01171875
0 0.7802734375 0.9892578125 0.025390625 0.021484375
0 0.5546875 0.982421875 0.0234375 0.01953125
0 0.7421875 0.984375 0.03125 0.03125
0 0.9853515625 0.9736328125 0.017578125 0.017578125
0 0.1298828125 0.9794921875 0.033203125 0.037109375
0 0.5927734375 0.974609375 0.037109375 0.03125
0 0.5048828125 0.9716796875 0.044921875 0.033203125
0 0.703125 0.96875 0.03125 0.03515625
0 0.8779296875 0.962890625 0.029296875 0.03515625
0 0.6689453125 0.962890625 0.037109375 0.04296875
0 0.107421875 0.9501953125 0.015625 0.017578125
0 0.0625 0.953125 0.046875 0.03515625
0 0.560546875 0.947265625 0.0234375 0.02734375
0 0.5244140625 0.9482421875 0.041015625 0.033203125
0 0.603515625 0.9462890625 0.03515625 0.033203125
0 0.966796875 0.94140625 0.03515625 0.02734375
0 0.80859375 0.9404296875 0.0390625 0.044921875
0 0.779296875 0.931640625 0.0234375 0.02734375
0 0.244140625 0.958984375 0.0703125 0.08203125
0 0.888671875 0.92578125 0.0390625 0.0390625
0 0.6142578125 0.91796875 0.037109375 0.03125
0 0.53515625 0.91796875 0.0390625 0.03125
0 0.142578125 0.921875 0.04296875 0.04296875
0 0.0625 0.9140625 0.03515625 0.02734375
0 0.7529296875 0.91796875 0.033203125 0.0390625
0 0.578125 0.9091796875 0.01953125 0.021484375
0 0.7060546875 0.90625 0.041015625 0.03515625
0 0.984375 0.9033203125 0.03125 0.033203125
0 0.869140625 0.880859375 0.01953125 0.015625
0 0.546875 0.88671875 0.0390625 0.02734375
0 0.6279296875 0.880859375 0.037109375 0.0234375
0 0.072265625 0.87890625 0.0390625 0.03515625
0 0.771484375 0.8701171875 0.02734375 0.021484375
0 0.90625 0.8720703125 0.046875 0.029296875
0 0.7138671875 0.8681640625 0.037109375 0.021484375
0 0.572265625 0.8603515625 0.0390625 0.029296875
0 0.169921875 0.861328125 0.046875 0.04296875
0 0.6416015625 0.8486328125 0.033203125 0.025390625
0 0.8408203125 0.84375 0.025390625 0.03125
0 0.0849609375 0.837890625 0.044921875 0.03515625
0 0.732421875 0.8369140625 0.05078125 0.041015625
0 0.9951171875 0.8291015625 0.009765625 0.029296875
0 0.5869140625 0.830078125 0.037109375 0.03125
0 0.8779296875 0.8232421875 0.021484375 0.025390625
0 0.806640625 0.818359375 0.02734375 0.02734375
0 0.927734375 0.8193359375 0.04296875 0.033203125
0 0.654296875 0.8154296875 0.03515625 0.025390625
0 0.763671875 0.8037109375 0.03125 0.029296875
0 0.5966796875 0.7958984375 0.037109375 0.029296875
0 0.1630859375 0.794921875 0.064453125 0.03125
0 0.7353515625 0.794921875 0.033203125 0.03515625
0 0.84375 0.7861328125 0.02734375 0.025390625
0 0.0869140625 0.783203125 0.033203125 0.04296875
0 0.943359375 0.771484375 0.046875 0.03125
0 0.81640625 0.7705078125 0.0234375 0.029296875
0 0.6767578125 0.76953125 0.033203125 0.03125
0 0.6123046875 0.765625 0.044921875 0.03515625
0 0.8828125 0.7568359375 0.02734375 0.033203125
0 0.966796875 0.75 0.01953125 0.0234375
0 0.759765625 0.7333984375 0.04296875 0.025390625
0 0.625 0.728515625 0.0390625 0.02734375
0 0.2177734375 0.7265625 0.052734375 0.0234375
0 0.8193359375 0.7275390625 0.041015625 0.029296875
0 0.3857421875 0.8486328125 0.208984375 0.302734375
0 0.6982421875 0.708984375 0.037109375 0.02734375
0 0.171875 0.7138671875 0.03515625 0.037109375
0 0.958984375 0.708984375 0.0546875 0.04296875
0 0.7734375 0.69921875 0.04296875 0.03125
0 0.8232421875 0.6875 0.017578125 0.015625
0 0.6435546875 0.69140625 0.041015625 0.03125
0 0.134765625 0.697265625 0.03515625 0.046875
0 0.2119140625 0.673828125 0.021484375 0.01953125
0 0.8935546875 0.6826171875 0.037109375 0.052734375
0 0.7119140625 0.6728515625 0.037109375 0.033203125
0 0.15234375 0.66015625 0.015625 0.015625
0 0.275390625 0.666015625 0.03125 0.04296875
0 0.859375 0.662109375 0.03125 0.0390625
0 0.23046875 0.646484375 0.03125 0.03125
0 0.83203125 0.642578125 0.02734375 0.02734375
0 0.728515625 0.6396484375 0.02734375 0.025390625
0 0.498046875 0.646484375 0.05078125 0.04296875
0 0.796875 0.6357421875 0.03125 0.037109375
0 0.6435546875 0.634765625 0.048828125 0.03515625
0 0.1708984375 0.63671875 0.025390625 0.0390625
0 0.1220703125 0.615234375 0.033203125 0.03125
0 0.521484375 0.603515625 0.046875 0.02734375
0 0.736328125 0.60546875 0.0390625 0.03515625
0 0.3671875 0.6005859375 0.02734375 0.037109375
0 0.6455078125 0.591796875 0.037109375 0.02734375
0 0.6884765625 0.58203125 0.017578125 0.01953125
0 0.50390625 0.580078125 0.01953125 0.01953125
0 0.4609375 0.580078125 0.03515625 0.04296875
0 0.3017578125 0.5810546875 0.037109375 0.052734375
0 0.6591796875 0.5673828125 0.041015625 0.029296875
0 0.509765625 0.5615234375 0.015625 0.021484375
0 0.9794921875 0.583984375 0.041015625 0.0703125
0 0.5400390625 0.5634765625 0.041015625 0.029296875
0 0.8681640625 0.5712890625 0.044921875 0.052734375
0 0.212890625 0.5537109375 0.0390625 0.033203125
0 0.3798828125 0.5498046875 0.041015625 0.033203125
0 0.4765625 0.5380859375 0.05078125 0.025390625
0 0.1826171875 0.5341796875 0.017578125 0.017578125
0 0.80078125 0.544921875 0.03515625 0.04296875
0 0.7470703125 0.5361328125 0.033203125 0.029296875
0 0.140625 0.537109375 0.0234375 0.0390625
0 0.31640625 0.52734375 0.0390625 0.02734375
0 0.7197265625 0.521484375 0.029296875 0.03515625
0 0.3984375 0.5087890625 0.03125 0.033203125
0 0.6669921875 0.5048828125 0.041015625 0.029296875
0 0.5703125 0.5087890625 0.03125 0.037109375
0 0.482421875 0.501953125 0.02734375 0.02734375
0 0.7861328125 0.5029296875 0.041015625 0.037109375
0 0.22265625 0.4990234375 0.03515625 0.033203125
0 0.5341796875 0.4990234375 0.029296875 0.037109375
0 0.3642578125 0.48828125 0.037109375 0.01953125
0 0.1640625 0.4931640625 0.03515625 0.033203125
0 0.0634765625 0.49609375 0.029296875 0.0390625
0 0.82421875 0.4833984375 0.0390625 0.025390625
0 0.3232421875 0.4873046875 0.033203125 0.033203125
0 0.775390625 0.4677734375 0.015625 0.013671875
0 0.6787109375 0.474609375 0.041015625 0.02734375
0 0.4921875 0.4755859375 0.03515625 0.029296875
0 0.1826171875 0.4697265625 0.017578125 0.017578125
0 0.005859375 0.4765625 0.01171875 0.03125
0 0.837890625 0.4560546875 0.0390625 0.025390625
0 0.7998046875 0.4521484375 0.017578125 0.017578125
0 0.412109375 0.462890625 0.03515625 0.0390625
0 0.234375 0.45703125 0.0390625 0.03515625
0 0.076171875 0.4541015625 0.03125 0.037109375
0 0.5908203125 0.44921875 0.037109375 0.03125
0 0.560546875 0.4365234375 0.015625 0.013671875
0 0.1728515625 0.443359375 0.033203125 0.03125
0 0.7138671875 0.4345703125 0.017578125 0.017578125
0 0.3671875 0.4443359375 0.02734375 0.037109375
0 0.337890625 0.4365234375 0.03125 0.037109375
0 0.0078125 0.4306640625 0.015625 0.033203125
0 0.6005859375 0.419921875 0.037109375 0.02734375
0 0.85546875 0.4208984375 0.0234375 0.037109375
0 0.8291015625 0.4189453125 0.025390625 0.041015625
0 0.5234375 0.4150390625 0.02734375 0.033203125
0 0.8017578125 0.4169921875 0.021484375 0.041015625
0 0.693359375 0.416015625 0.02734375 0.0390625
0 0.7744140625 0.4150390625 0.021484375 0.041015625
0 0.263671875 0.4111328125 0.03515625 0.041015625
0 0.4833984375 0.4072265625 0.037109375 0.037109375
0 0.4423828125 0.396484375 0.025390625 0.03125
0 0.1884765625 0.3955078125 0.029296875 0.033203125
0 0.466796875 0.37109375 0.01953125 0.01953125
0 0.4033203125 0.376953125 0.029296875 0.03125
0 0.365234375 0.3662109375 0.02734375 0.029296875
0 0.06640625 0.3623046875 0.03125 0.025390625
0 0.9951171875 0.359375 0.009765625 0.02734375
0 0.966796875 0.3564453125 0.01953125 0.029296875
0 0.9140625 0.3525390625 0.0234375 0.025390625
0 0.234375 0.345703125 0.015625 0.01171875
0 0.2041015625 0.357421875 0.044921875 0.03515625
0 0.00390625 0.3544921875 0.0078125 0.029296875
0 0.88671875 0.34765625 0.01953125 0.03125
0 0.59375 0.3427734375 0.02734375 0.025390625
0 0.939453125 0.34765625 0.0234375 0.0390625
0 0.359375 0.3388671875 0.01953125 0.021484375
0 0.83984375 0.34375 0.01953125 0.03515625
0 0.755859375 0.3427734375 0.0234375 0.033203125
0 0.7958984375 0.341796875 0.021484375 0.0390625
0 0.4541015625 0.3388671875 0.025390625 0.033203125
0 0.90234375 0.32421875 0.01171875 0.015625
0 0.94921875 0.318359375 0.015625 0.015625
0 0.296875 0.3232421875 0.03125 0.033203125
0 0.728515625 0.3291015625 0.03125 0.048828125
0 0.5322265625 0.31640625 0.029296875 0.02734375
0 0.06640625 0.3154296875 0.02734375 0.029296875
0 0.9951171875 0.306640625 0.009765625 0.015625
0 0.5634765625 0.3212890625 0.025390625 0.044921875
0 0.625 0.31640625 0.046875 0.0390625
0 0.7998046875 0.29296875 0.017578125 0.01953125
0 0.7412109375 0.2900390625 0.033203125 0.021484375
0 0.4140625 0.2958984375 0.0390625 0.037109375
0 0.333984375 0.2802734375 0.0234375 0.021484375
0 0.75390625 0.267578125 0.03125 0.0234375
0 0.5244140625 0.2763671875 0.029296875 0.041015625
0 0.0556640625 0.2705078125 0.025390625 0.029296875
0 0.3154296875 0.2607421875 0.017578125 0.017578125
0 0.4892578125 0.2685546875 0.041015625 0.044921875
0 0.8876953125 0.255859375 0.021484375 0.0234375
0 0.99609375 0.255859375 0.0078125 0.02734375
0 0.5849609375 0.265625 0.029296875 0.046875
0 0.9755859375 0.2548828125 0.017578125 0.029296875
0 0.853515625 0.25390625 0.03515625 0.02734375
0 0.658203125 0.255859375 0.03515625 0.03125
0 0.94921875 0.251953125 0.015625 0.02734375
0 0.9150390625 0.2587890625 0.033203125 0.041015625
0 0.810546875 0.2490234375 0.01953125 0.021484375
0 0.35546875 0.2548828125 0.03515625 0.033203125
0 0.26953125 0.2431640625 0.015625 0.021484375
0 0.2177734375 0.2451171875 0.029296875 0.041015625
0 0.771484375 0.2392578125 0.046875 0.033203125
0 0.466796875 0.2275390625 0.015625 0.021484375
0 0.5224609375 0.2177734375 0.013671875 0.013671875
0 0.3349609375 0.220703125 0.037109375 0.02734375
0 0.666015625 0.220703125 0.046875 0.03125
0 0.05078125 0.216796875 0.03125 0.02734375
0 0.1005859375 0.21875 0.021484375 0.03515625
0 0.4921875 0.203125 0.04296875 0.0234375
0 0.87109375 0.197265625 0.03515625 0.01953125
0 0.6220703125 0.1982421875 0.029296875 0.029296875
0 0.685546875 0.193359375 0.02734375 0.02734375
0 0.306640625 0.1943359375 0.03125 0.029296875
0 0.826171875 0.185546875 0.01953125 0.015625
0 0.6484375 0.1845703125 0.01953125 0.017578125
0 0.4013671875 0.1904296875 0.033203125 0.029296875
0 0.9892578125 0.19140625 0.021484375 0.03515625
0 0.9658203125 0.19140625 0.021484375 0.03515625
0 0.9404296875 0.1884765625 0.029296875 0.037109375
0 0.7880859375 0.185546875 0.041015625 0.03125
0 0.052734375 0.171875 0.0390625 0.03125
0 0.8818359375 0.1689453125 0.033203125 0.029296875
0 0.1142578125 0.169921875 0.021484375 0.03515625
0 0.953125 0.1591796875 0.015625 0.017578125
0 0.845703125 0.1591796875 0.03515625 0.017578125
0 0.275390625 0.1640625 0.02734375 0.02734375
0 0.3876953125 0.15625 0.017578125 0.015625
0 0.431640625 0.15625 0.0234375 0.0234375
0 0.796875 0.16015625 0.04296875 0.03515625
0 0.6962890625 0.16015625 0.029296875 0.03515625
0 0.5810546875 0.166015625 0.037109375 0.0546875
0 0.3583984375 0.150390625 0.029296875 0.02734375
0 0.50390625 0.154296875 0.03125 0.0390625
0 0.8896484375 0.142578125 0.029296875 0.0234375
0 0.384765625 0.138671875 0.015625 0.015625
0 0.2490234375 0.140625 0.025390625 0.02734375
0 0.205078125 0.138671875 0.01953125 0.02734375
0 0.66796875 0.1298828125 0.01953125 0.017578125
0 0.96484375 0.1337890625 0.0390625 0.029296875
0 0.333984375 0.12890625 0.03125 0.02734375
0 0.8154296875 0.126953125 0.056640625 0.02734375
0 0.099609375 0.1220703125 0.04296875 0.033203125
0 0.0419921875 0.125 0.033203125 0.0390625
0 0.7080078125 0.115234375 0.029296875 0.03125
0 0.8984375 0.1103515625 0.03125 0.025390625
0 0.4267578125 0.107421875 0.025390625 0.0234375
0 0.310546875 0.1083984375 0.02734375 0.025390625
0 0.8232421875 0.1044921875 0.037109375 0.029296875
0 0.974609375 0.1015625 0.0390625 0.02734375
0 0.90234375 0.0859375 0.05078125 0.02734375
0 0.6982421875 0.0830078125 0.017578125 0.021484375
0 0.5068359375 0.08984375 0.041015625 0.03515625
0 0.6494140625 0.0908203125 0.037109375 0.048828125
0 0.98046875 0.072265625 0.0390625 0.02734375
0 0.41796875 0.0673828125 0.0234375 0.021484375
0 0.8427734375 0.0673828125 0.041015625 0.029296875
0 0.728515625 0.0673828125 0.03515625 0.041015625
0 0.3447265625 0.060546875 0.029296875 0.02734375
0 0.306640625 0.060546875 0.02734375 0.02734375
0 0.27734375 0.0595703125 0.01953125 0.025390625
0 0.2509765625 0.0576171875 0.021484375 0.021484375
0 0.208984375 0.0625 0.01953125 0.03125
0 0.91796875 0.05859375 0.03515625 0.02734375
0 0.1083984375 0.046875 0.025390625 0.03515625
0 0.0634765625 0.044921875 0.029296875 0.03515625
0 0.9853515625 0.0380859375 0.029296875 0.025390625
0 0.4912109375 0.0341796875 0.021484375 0.021484375
0 0.3623046875 0.03515625 0.021484375 0.0234375
0 0.02734375 0.04296875 0.0234375 0.0390625
0 0.537109375 0.03125 0.0234375 0.01953125
0 0.927734375 0.0302734375 0.03515625 0.025390625
0 0.4140625 0.0263671875 0.0234375 0.025390625
0 0.666015625 0.0390625 0.03515625 0.0546875
0 0.7509765625 0.025390625 0.029296875 0.03125
0 0.8564453125 0.0185546875 0.041015625 0.033203125
0 0.9375 0.0068359375 0.03125 0.013671875
0 0.7626953125 0.00390625 0.017578125 0.0078125
0 0.71484375 0.0048828125 0.01953125 0.009765625
0 0.6796875 0.0048828125 0.01953125 0.009765625
0 0.6171875 0.0078125 0.01953125 0.015625
0 0.4775390625 0.0068359375 0.021484375 0.013671875
0 0.3681640625 0.005859375 0.017578125 0.01171875
0 0.119140625 0.0068359375 0.02734375 0.013671875
0 0.021484375 0.0029296875 0.0234375 0.005859375