0 0.7890625 0.998046875 0.0234375 0.00390625
0 0.447265625 0.994140625 0.02734375 0.01171875
0 0.515625 0.9931640625 0.02734375 0.013671875
0 0.9873046875 0.990234375 0.021484375 0.01953125
0 0.130859375 0.990234375 0.01953125 0.01953125
0 0.8896484375 0.9892578125 0.021484375 0.021484375
0 0.390625 0.9873046875 0.03125 0.025390625
0 0.2978515625 0.982421875 0.029296875 0.0234375
0 0.2138671875 0.984375 0.021484375 0.02734375
0 0.6015625 0.9794921875 0.01953125 0.021484375
0 0.939453125 0.9775390625 0.0234375 0.029296875
0 0.6689453125 0.974609375 0.033203125 0.0234375
0 0.447265625 0.9736328125 0.03125 0.021484375
0 0.7392578125 0.9697265625 0.017578125 0.017578125
0 0.916015625 0.97265625 0.0234375 0.02734375
0 0.103515625 0.9677734375 0.01953125 0.017578125
0 0.51953125 0.9677734375 0.03125 0.029296875
0 0.869140625 0.966796875 0.0234375 0.03515625
0 0.8173828125 0.96484375 0.025390625 0.03125
0 0.1318359375 0.9619140625 0.025390625 0.025390625
0 0.7763671875 0.962890625 0.037109375 0.03515625
0 0.703125 0.9638671875 0.03515625 0.037109375
0 0.6064453125 0.955078125 0.025390625 0.01953125
0 0.0048828125 0.9560546875 0.009765625 0.021484375
0 0.30078125 0.955078125 0.02734375 0.0234375
0 0.84375 0.9599609375 0.02734375 0.037109375
0 0.2158203125 0.951171875 0.021484375 0.02734375
0 0.4423828125 0.9453125 0.021484375 0.0234375
0 0.107421875 0.935546875 0.015625 0.015625
0 0.1328125 0.931640625 0.02734375 0.01953125
0 0.5126953125 0.93359375 0.033203125 0.02734375
0 0.7490234375 0.93359375 0.029296875 0.03125
0 0.7998046875 0.9306640625 0.048828125 0.033203125
0 0.3037109375 0.92578125 0.029296875 0.0234375
0 0.0771484375 0.927734375 0.025390625 0.03125
0 0.3671875 0.9189453125 0.01953125 0.025390625
0 0.2177734375 0.91796875 0.021484375 0.02734375
0 0.046875 0.9169921875 0.0234375 0.025390625
0 0.712890625 0.9140625 0.0234375 0.0234375
0 0.95703125 0.9130859375 0.01953125 0.025390625
0 0.01171875 0.912109375 0.0234375 0.03125
0 0.9306640625 0.908203125 0.025390625 0.03515625
0 0.302734375 0.89453125 0.03515625 0.01953125
0 0.90234375 0.900390625 0.0234375 0.03515625
0 0.8759765625 0.8955078125 0.021484375 0.025390625
0 0.6396484375 0.8974609375 0.025390625 0.029296875
0 0.6142578125 0.8935546875 0.025390625 0.033203125
0 0.501953125 0.892578125 0.02734375 0.03125
0 0.2216796875 0.888671875 0.021484375 0.02734375
0 0.5888671875 0.8876953125 0.029296875 0.033203125
0 0.41015625 0.880859375 0.0234375 0.01953125
0 0.3701171875 0.8828125 0.021484375 0.02734375
0 0.802734375 0.8779296875 0.0234375 0.025390625
0 0.8544921875 0.8818359375 0.025390625 0.041015625
0 0.8310546875 0.8779296875 0.025390625 0.033203125
0 0.5615234375 0.87890625 0.029296875 0.03515625
0 0.30859375 0.8671875 0.02734375 0.01953125
0 0.7822265625 0.8701171875 0.021484375 0.029296875
0 0.1337890625 0.8662109375 0.029296875 0.025390625
0 0.7578125 0.8623046875 0.01953125 0.021484375
0 0.53515625 0.8720703125 0.03125 0.041015625
0 0.9423828125 0.8544921875 0.013671875 0.021484375
0 0.2236328125 0.8564453125 0.021484375 0.025390625
0 0.7802734375 0.845703125 0.017578125 0.015625
0 0.7119140625 0.8505859375 0.021484375 0.025390625
0 0.6796875 0.8466796875 0.0234375 0.029296875
0 0.455078125 0.84765625 0.03125 0.03125
0 0.373046875 0.841796875 0.01953125 0.0234375
0 0.66015625 0.8408203125 0.0234375 0.025390625
0 0.3115234375 0.8359375 0.025390625 0.0234375
0 0.08203125 0.841796875 0.02734375 0.03515625
0 0.4072265625 0.8330078125 0.021484375 0.021484375
0 0.140625 0.8369140625 0.0234375 0.029296875
0 0.919921875 0.8369140625 0.02734375 0.041015625
0 0.048828125 0.833984375 0.02734375 0.03515625
0 0.021484375 0.83203125 0.0234375 0.03125
0 0.896484375 0.828125 0.0234375 0.03515625
0 0.5654296875 0.8203125 0.029296875 0.01953125
0 0.2255859375 0.8251953125 0.021484375 0.029296875
0 0.87109375 0.822265625 0.0234375 0.03515625
0 0.6328125 0.8232421875 0.02734375 0.037109375
0 0.6044921875 0.8193359375 0.025390625 0.033203125
0 0.8330078125 0.814453125 0.041015625 0.02734375
0 0.107421875 0.8076171875 0.01953125 0.013671875
0 0.306640625 0.8076171875 0.0234375 0.021484375
0 0.796875 0.8056640625 0.0234375 0.025390625
0 0.14453125 0.806640625 0.0234375 0.02734375
0 0.5068359375 0.79296875 0.025390625 0.0234375
0 0.228515625 0.79296875 0.01953125 0.0234375
0 0.771484375 0.80078125 0.03125 0.046875
0 0.7490234375 0.7880859375 0.029296875 0.033203125
0 0.4794921875 0.7861328125 0.021484375 0.029296875
0 0.9267578125 0.7802734375 0.025390625 0.025390625
0 0.1455078125 0.779296875 0.021484375 0.0234375
0 0.4541015625 0.78125 0.021484375 0.03125
0 0.43359375 0.77734375 0.0234375 0.03125
0 0.953125 0.771484375 0.0234375 0.02734375
0 0.708984375 0.7802734375 0.046875 0.044921875
0 0.4033203125 0.771484375 0.021484375 0.02734375
0 0.6162109375 0.7705078125 0.029296875 0.029296875
0 0.974609375 0.765625 0.0234375 0.02734375
0 0.892578125 0.7685546875 0.0234375 0.033203125
0 0.6748046875 0.771484375 0.029296875 0.0390625
0 0.0927734375 0.7646484375 0.021484375 0.025390625
0 0.8701171875 0.7578125 0.021484375 0.03125
0 0.6484375 0.7607421875 0.02734375 0.037109375
0 0.3544921875 0.7568359375 0.021484375 0.029296875
0 0.9931640625 0.7568359375 0.013671875 0.033203125
0 0.0615234375 0.7578125 0.025390625 0.03515625
0 0.84765625 0.75 0.0234375 0.03125
0 0.0341796875 0.7490234375 0.021484375 0.029296875
0 0.56640625 0.74609375 0.03125 0.03125
0 0.0048828125 0.7431640625 0.009765625 0.025390625
0 0.5185546875 0.748046875 0.044921875 0.0390625
0 0.8232421875 0.744140625 0.025390625 0.03515625
0 0.3173828125 0.7431640625 0.025390625 0.033203125
0 0.794921875 0.740234375 0.0234375 0.03125
0 0.279296875 0.73828125 0.03125 0.03125
0 0.7705078125 0.7333984375 0.025390625 0.029296875
0 0.4755859375 0.724609375 0.041015625 0.02734375
0 0.4384765625 0.720703125 0.025390625 0.03125
0 0.7216796875 0.71875 0.025390625 0.03125
0 0.2392578125 0.720703125 0.029296875 0.03515625
0 0.3974609375 0.708984375 0.044921875 0.0234375
0 0.1533203125 0.7119140625 0.021484375 0.029296875
0 0.9111328125 0.712890625 0.029296875 0.03515625
0 0.1123046875 0.7001953125 0.013671875 0.013671875
0 0.6962890625 0.69921875 0.025390625 0.02734375
0 0.083984375 0.6982421875 0.0234375 0.025390625
0 0.3427734375 0.7041015625 0.044921875 0.041015625
0 0.9326171875 0.6953125 0.021484375 0.02734375
0 0.8779296875 0.6953125 0.025390625 0.03125
0 0.0556640625 0.6923828125 0.025390625 0.025390625
0 0.9580078125 0.689453125 0.021484375 0.02734375
0 0.984375 0.6884765625 0.02734375 0.037109375
0 0.8515625 0.6845703125 0.0234375 0.029296875
0 0.9970703125 0.6728515625 0.005859375 0.017578125
0 0.15625 0.677734375 0.0234375 0.02734375
0 0.251953125 0.6796875 0.0390625 0.03515625
0 0.548828125 0.673828125 0.02734375 0.02734375
0 0.6259765625 0.6748046875 0.029296875 0.033203125
0 0.599609375 0.67578125 0.01953125 0.03515625
0 0.025390625 0.677734375 0.02734375 0.0390625
0 0.0048828125 0.6728515625 0.009765625 0.033203125
0 0.828125 0.669921875 0.02734375 0.03515625
0 0.5205078125 0.666015625 0.021484375 0.03125
0 0.1005859375 0.6591796875 0.013671875 0.017578125
0 0.765625 0.66015625 0.0234375 0.02734375
0 0.4970703125 0.662109375 0.021484375 0.03125
0 0.802734375 0.658203125 0.0234375 0.03125
0 0.32421875 0.6572265625 0.03125 0.044921875
0 0.1572265625 0.646484375 0.025390625 0.0234375
0 0.4541015625 0.6455078125 0.041015625 0.029296875
0 0.255859375 0.640625 0.0390625 0.03515625
0 0.650390625 0.63671875 0.0234375 0.03125
0 0.6826171875 0.62890625 0.021484375 0.0234375
0 0.6123046875 0.6240234375 0.037109375 0.025390625
0 0.4091796875 0.626953125 0.044921875 0.03125
0 0.5771484375 0.623046875 0.021484375 0.03125
0 0.552734375 0.6162109375 0.01953125 0.021484375
0 0.1484375 0.6181640625 0.05078125 0.025390625
0 0.353515625 0.61328125 0.04296875 0.01953125
0 0.529296875 0.607421875 0.01953125 0.02734375
0 0.5048828125 0.6044921875 0.021484375 0.025390625
0 0.107421875 0.6015625 0.01953125 0.0234375
0 0.478515625 0.6005859375 0.01953125 0.029296875
0 0.25 0.6005859375 0.03125 0.037109375
0 0.0771484375 0.5927734375 0.021484375 0.025390625
0 0.4521484375 0.5908203125 0.021484375 0.029296875
0 0.0458984375 0.5869140625 0.021484375 0.025390625
0 0.017578125 0.58203125 0.01953125 0.02734375
0 0.001953125 0.5693359375 0.00390625 0.005859375
0 0.404296875 0.578125 0.04296875 0.03515625
0 0.2607421875 0.5595703125 0.037109375 0.029296875
0 0.359375 0.5595703125 0.0390625 0.033203125
0 0.1591796875 0.55078125 0.021484375 0.01953125
0 0.3125 0.5419921875 0.0390625 0.033203125
0 0.0927734375 0.5302734375 0.025390625 0.017578125
0 0.0634765625 0.5244140625 0.025390625 0.021484375
0 0.0087890625 0.509765625 0.017578125 0.0234375
0 0.033203125 0.51171875 0.0234375 0.03125
0 0.251953125 0.515625 0.03515625 0.04296875
0 0.1416015625 0.455078125 0.037109375 0.0390625
0 0.0830078125 0.4111328125 0.037109375 0.037109375
0 0.02734375 0.373046875 0.03515625 0.03125