0 0.888671875 0.998046875 0.0078125 0.00390625
0 0.443359375 0.994140625 0.0234375 0.01171875
0 0.3701171875 0.9921875 0.029296875 0.015625
0 0.6298828125 0.9892578125 0.037109375 0.021484375
0 0.0400390625 0.9892578125 0.029296875 0.021484375
0 0.548828125 0.98828125 0.03515625 0.0234375
0 0.224609375 0.98828125 0.0390625 0.0234375
0 0.12890625 0.9873046875 0.0390625 0.025390625
0 0.71875 0.982421875 0.046875 0.03515625
0 0.4609375 0.974609375 0.02734375 0.0234375
0 0.37890625 0.9755859375 0.03125 0.029296875
0 0.34765625 0.9677734375 0.0234375 0.025390625
0 0.2451171875 0.9716796875 0.052734375 0.037109375
0 0.640625 0.9658203125 0.03515625 0.029296875
0 0.8203125 0.9697265625 0.05859375 0.048828125
0 0.5595703125 0.9560546875 0.041015625 0.033203125
0 0.4755859375 0.94921875 0.033203125 0.0234375
0 0.314453125 0.9580078125 0.03125 0.041015625
0 0.0654296875 0.947265625 0.033203125 0.0234375
0 0.9677734375 0.9609375 0.064453125 0.0546875
0 0.244140625 0.943359375 0.03515625 0.02734375
0 0.4833984375 0.92578125 0.021484375 0.0234375
0 0.3994140625 0.92578125 0.041015625 0.03515625
0 0.01171875 0.9306640625 0.0234375 0.048828125
0 0.5751953125 0.9228515625 0.037109375 0.037109375
0 0.1650390625 0.921875 0.041015625 0.03515625
0 0.6591796875 0.9296875 0.044921875 0.05859375
0 0.259765625 0.9189453125 0.0390625 0.037109375
0 0.12890625 0.91796875 0.02734375 0.03515625
0 0.748046875 0.9296875 0.0625 0.0625
0 0.4169921875 0.8984375 0.044921875 0.03125
0 0.109375 0.90234375 0.03125 0.04296875
0 0.5888671875 0.8935546875 0.041015625 0.029296875
0 0.509765625 0.892578125 0.04296875 0.03125
0 0.6796875 0.8876953125 0.05078125 0.041015625
0 0.275390625 0.8779296875 0.02734375 0.025390625
0 0.197265625 0.8857421875 0.03125 0.041015625
0 0.0849609375 0.8857421875 0.037109375 0.041015625
0 0.318359375 0.87890625 0.02734375 0.03125
0 0.0546875 0.8759765625 0.02734375 0.037109375
0 0.4267578125 0.8671875 0.029296875 0.02734375
0 0.0234375 0.865234375 0.02734375 0.03125
0 0.6015625 0.8681640625 0.05078125 0.044921875
0 0.2890625 0.8564453125 0.03515625 0.029296875
0 0.5244140625 0.853515625 0.033203125 0.03125
0 0.95703125 0.8564453125 0.046875 0.048828125
0 0.0068359375 0.837890625 0.013671875 0.01953125
0 0.8798828125 0.8662109375 0.076171875 0.083984375
0 0.1259765625 0.8388671875 0.033203125 0.029296875
0 0.626953125 0.8359375 0.0390625 0.0390625
0 0.0419921875 0.8310546875 0.029296875 0.033203125
0 0.9736328125 0.828125 0.033203125 0.03125
0 0.4375 0.8349609375 0.05859375 0.048828125
0 0.5419921875 0.8212890625 0.033203125 0.029296875
0 0.220703125 0.8291015625 0.05078125 0.052734375
0 0.3203125 0.822265625 0.04296875 0.04296875
0 0.08984375 0.818359375 0.03515625 0.03515625
0 0.0205078125 0.80859375 0.025390625 0.02734375
0 0.140625 0.80859375 0.02734375 0.03515625
0 0.9853515625 0.8056640625 0.029296875 0.033203125
0 0.58984375 0.8125 0.046875 0.046875
0 0.9287109375 0.7958984375 0.033203125 0.029296875
0 0.005859375 0.7900390625 0.01171875 0.017578125
0 0.1044921875 0.791015625 0.033203125 0.02734375
0 0.458984375 0.7978515625 0.0546875 0.048828125
0 0.5537109375 0.791015625 0.041015625 0.046875
0 0.2421875 0.7841796875 0.0390625 0.033203125
0 0.9931640625 0.7783203125 0.013671875 0.025390625
0 0.1640625 0.7783203125 0.04296875 0.033203125
0 0.9404296875 0.7744140625 0.037109375 0.033203125
0 0.4052734375 0.76953125 0.033203125 0.03125
0 0.1201171875 0.767578125 0.029296875 0.02734375
0 0.8974609375 0.7529296875 0.017578125 0.017578125
0 0.0498046875 0.755859375 0.025390625 0.02734375
0 0.2099609375 0.7578125 0.029296875 0.0390625
0 0.1328125 0.7421875 0.02734375 0.03125
0 0.966796875 0.74609375 0.03515625 0.04296875
0 0.8232421875 0.80078125 0.103515625 0.15234375
0 0.736328125 0.7509765625 0.046875 0.052734375
0 0.015625 0.7392578125 0.03125 0.029296875
0 0.1787109375 0.7412109375 0.033203125 0.037109375
0 0.9462890625 0.732421875 0.033203125 0.0390625
0 0.6708984375 0.73828125 0.052734375 0.05078125
0 0.486328125 0.7392578125 0.0625 0.052734375
0 0.0634765625 0.728515625 0.029296875 0.03125
0 0.2841796875 0.72265625 0.033203125 0.03125
0 0.146484375 0.71875 0.03125 0.03125
0 0.92578125 0.7177734375 0.03515625 0.037109375
0 0.08203125 0.703125 0.03125 0.02734375
0 0.0244140625 0.703125 0.033203125 0.03125
0 0.9052734375 0.7060546875 0.037109375 0.041015625
0 0.705078125 0.6982421875 0.02734375 0.025390625
0 0.775390625 0.708984375 0.0390625 0.05078125
0 0.291015625 0.697265625 0.03515625 0.02734375
0 0.2373046875 0.6982421875 0.033203125 0.029296875
0 0.392578125 0.7119140625 0.07421875 0.072265625
0 0.2138671875 0.68359375 0.025390625 0.02734375
0 0.6220703125 0.6943359375 0.064453125 0.060546875
0 0.7490234375 0.6796875 0.044921875 0.0390625
0 0.0927734375 0.6748046875 0.041015625 0.029296875
0 0.8701171875 0.6826171875 0.044921875 0.048828125
0 0.302734375 0.66796875 0.0234375 0.0234375
0 0.0419921875 0.66796875 0.033203125 0.03515625
0 0.1865234375 0.6669921875 0.029296875 0.037109375
0 0.9873046875 0.6689453125 0.025390625 0.044921875
0 0.5556640625 0.66015625 0.029296875 0.03515625
0 0.9638671875 0.6533203125 0.033203125 0.041015625
0 0.1123046875 0.6484375 0.033203125 0.03125
0 0.53515625 0.64453125 0.03125 0.03515625
0 0.16015625 0.6455078125 0.03125 0.037109375
0 0.3193359375 0.642578125 0.041015625 0.0390625
0 0.927734375 0.6337890625 0.0390625 0.033203125
0 0.060546875 0.6328125 0.03125 0.03125
0 0.5146484375 0.630859375 0.033203125 0.03515625
0 0.6513671875 0.6337890625 0.052734375 0.048828125
0 0.775390625 0.62109375 0.03125 0.03515625
0 0.5703125 0.6201171875 0.0390625 0.033203125
0 0.494140625 0.6171875 0.03125 0.03125
0 0.9970703125 0.6025390625 0.005859375 0.009765625
0 0.5380859375 0.6083984375 0.021484375 0.021484375
0 0.8935546875 0.609375 0.025390625 0.02734375
0 0.30078125 0.6181640625 0.0390625 0.048828125
0 0.001953125 0.59375 0.00390625 0.00390625
0 0.7529296875 0.6064453125 0.033203125 0.037109375
0 0.47265625 0.6044921875 0.03125 0.033203125
0 0.87109375 0.59765625 0.0234375 0.0234375
0 0.583984375 0.6005859375 0.03515625 0.029296875
0 0.001953125 0.5859375 0.00390625 0.0078125
0 0.984375 0.5888671875 0.0234375 0.025390625
0 0.2685546875 0.5986328125 0.041015625 0.044921875
0 0.7236328125 0.587890625 0.029296875 0.03515625
0 0.853515625 0.58203125 0.0234375 0.02734375
0 0.673828125 0.5869140625 0.03515625 0.037109375
0 0.953125 0.5693359375 0.02734375 0.021484375
0 0.5068359375 0.576171875 0.041015625 0.03515625
0 0.9931640625 0.56640625 0.013671875 0.01953125
0 0.8330078125 0.5673828125 0.025390625 0.025390625
0 0.1142578125 0.5771484375 0.064453125 0.048828125
0 0.21875 0.5849609375 0.05859375 0.068359375
0 0.5986328125 0.5732421875 0.052734375 0.048828125
0 0.69921875 0.5537109375 0.03125 0.029296875
0 0.9697265625 0.548828125 0.025390625 0.0234375
0 0.5693359375 0.541015625 0.017578125 0.015625
0 0.62109375 0.5478515625 0.03515625 0.033203125
0 0.1845703125 0.546875 0.041015625 0.04296875
0 0.529296875 0.548828125 0.05078125 0.0546875
0 0.806640625 0.54296875 0.05078125 0.05078125
0 0.6005859375 0.5263671875 0.017578125 0.017578125
0 0.982421875 0.5244140625 0.0234375 0.025390625
0 0.0263671875 0.5419921875 0.052734375 0.068359375
0 0.76953125 0.521484375 0.02734375 0.0390625
0 0.958984375 0.515625 0.03125 0.03515625
0 0.6435546875 0.5146484375 0.033203125 0.033203125
0 0.8779296875 0.5126953125 0.029296875 0.033203125
0 0.544921875 0.5068359375 0.04296875 0.033203125
0 0.84765625 0.498046875 0.015625 0.01953125
0 0.8203125 0.49609375 0.0234375 0.0234375
0 0.1376953125 0.517578125 0.068359375 0.0703125
0 0.93359375 0.4931640625 0.03125 0.033203125
0 0.7353515625 0.5048828125 0.048828125 0.056640625
0 0.7939453125 0.4794921875 0.021484375 0.021484375
0 0.9091796875 0.4775390625 0.025390625 0.025390625
0 0.9970703125 0.46875 0.005859375 0.01171875
0 0.486328125 0.4775390625 0.0390625 0.033203125
0 0.5888671875 0.48046875 0.076171875 0.0546875
0 0.890625 0.4638671875 0.0234375 0.025390625
0 0.685546875 0.466796875 0.03125 0.03515625
0 0.755859375 0.46484375 0.0390625 0.03515625
0 0.8701171875 0.451171875 0.021484375 0.01953125
0 0.9814453125 0.451171875 0.029296875 0.02734375
0 0.6640625 0.453125 0.03125 0.03515625
0 0.0361328125 0.4716796875 0.072265625 0.072265625
0 0.5009765625 0.4541015625 0.052734375 0.041015625
0 0.41015625 0.4765625 0.1015625 0.08984375
0 0.7685546875 0.4453125 0.041015625 0.03125
0 0.849609375 0.4384765625 0.0234375 0.021484375
0 0.64453125 0.4404296875 0.03125 0.033203125
0 0.7041015625 0.431640625 0.029296875 0.02734375
0 0.4169921875 0.4306640625 0.029296875 0.025390625
0 0.353515625 0.4365234375 0.03125 0.037109375
0 0.0107421875 0.4404296875 0.021484375 0.044921875
0 0.5283203125 0.431640625 0.033203125 0.03515625
0 0.625 0.4296875 0.03125 0.03515625
0 0.830078125 0.4228515625 0.02734375 0.029296875
0 0.3740234375 0.501953125 0.197265625 0.19140625
0 0.9560546875 0.4248046875 0.037109375 0.041015625
0 0.9306640625 0.4169921875 0.025390625 0.029296875
0 0.7880859375 0.4169921875 0.033203125 0.033203125
0 0.6044921875 0.4169921875 0.029296875 0.033203125
0 0.712890625 0.4091796875 0.03515625 0.033203125
0 0.4814453125 0.4091796875 0.033203125 0.033203125
0 0.32421875 0.4033203125 0.0390625 0.037109375
0 0.3984375 0.3994140625 0.03125 0.037109375
0 0.80078125 0.39453125 0.03515625 0.03125
0 0.2041015625 0.4267578125 0.083984375 0.095703125
0 0.8896484375 0.388671875 0.021484375 0.02734375
0 0.7255859375 0.390625 0.033203125 0.03125
0 0.1611328125 0.3994140625 0.041015625 0.048828125
0 0.912109375 0.3955078125 0.03515625 0.044921875
0 0.5634765625 0.3896484375 0.029296875 0.033203125
0 0.451171875 0.388671875 0.03125 0.03515625
0 0.6865234375 0.3759765625 0.017578125 0.017578125
0 0.5390625 0.380859375 0.0234375 0.02734375
0 0.373046875 0.380859375 0.02734375 0.02734375
0 0.87109375 0.376953125 0.02734375 0.02734375
0 0.134765625 0.3857421875 0.0390625 0.044921875
0 0.9619140625 0.375 0.029296875 0.02734375
0 0.75 0.369140625 0.02734375 0.02734375
0 0.646484375 0.3779296875 0.046875 0.044921875
0 0.5234375 0.3671875 0.0234375 0.0234375
0 0.4306640625 0.373046875 0.037109375 0.0390625
0 0.1826171875 0.3671875 0.029296875 0.02734375
0 0.2607421875 0.37890625 0.033203125 0.0546875
0 0.3486328125 0.3642578125 0.033203125 0.033203125
0 0.0947265625 0.3671875 0.033203125 0.04296875
0 0.4072265625 0.3603515625 0.033203125 0.037109375
0 0.849609375 0.3583984375 0.02734375 0.037109375
0 0.732421875 0.3564453125 0.03125 0.033203125
0 0.5107421875 0.353515625 0.029296875 0.03125
0 0.66796875 0.349609375 0.0390625 0.03515625
0 0.8291015625 0.345703125 0.029296875 0.03515625
0 0.5859375 0.3525390625 0.046875 0.048828125
0 0.3876953125 0.3427734375 0.029296875 0.033203125
0 0.248046875 0.341796875 0.03515625 0.03515625
0 0.158203125 0.3447265625 0.0390625 0.044921875
0 0.8115234375 0.333984375 0.029296875 0.03125
0 0.70703125 0.3388671875 0.0390625 0.041015625
0 0.9033203125 0.33203125 0.033203125 0.03125
0 0.072265625 0.33984375 0.03125 0.046875
0 0.490234375 0.333984375 0.03515625 0.0390625
0 0.3701171875 0.330078125 0.029296875 0.03515625
0 0.4697265625 0.31640625 0.029296875 0.03125
0 0.607421875 0.314453125 0.03515625 0.03125
0 0.30078125 0.3154296875 0.0390625 0.033203125
0 0.2314453125 0.3154296875 0.033203125 0.033203125
0 0.1396484375 0.3154296875 0.037109375 0.044921875
0 0.0361328125 0.3125 0.037109375 0.046875
0 0.3193359375 0.298828125 0.025390625 0.0234375
0 0.212890625 0.2900390625 0.02734375 0.029296875
0 0.427734375 0.287109375 0.03515625 0.03515625
0 0.0078125 0.2841796875 0.015625 0.033203125
0 0.2919921875 0.2802734375 0.033203125 0.029296875
0 0.41015625 0.2705078125 0.03515625 0.033203125
0 0.462890625 0.283203125 0.05859375 0.0703125
0 0.1962890625 0.2646484375 0.029296875 0.033203125
0 0.623046875 0.2763671875 0.0625 0.064453125
0 0.302734375 0.2548828125 0.0234375 0.025390625
0 0.10546875 0.2685546875 0.05859375 0.052734375
0 0.177734375 0.2421875 0.03125 0.03125
0 0.564453125 0.2431640625 0.03125 0.037109375
0 0.2822265625 0.236328125 0.021484375 0.0234375
0 0.44140625 0.2373046875 0.03515625 0.033203125
0 0.359375 0.234375 0.0390625 0.0390625
0 0.5439453125 0.2265625 0.029296875 0.03515625
0 0.2568359375 0.220703125 0.025390625 0.0234375
0 0.45703125 0.212890625 0.03515625 0.03125
0 0.0712890625 0.232421875 0.048828125 0.0703125
0 0.1611328125 0.212890625 0.033203125 0.03515625
0 0.5234375 0.2109375 0.03125 0.03515625
0 0.23046875 0.2041015625 0.046875 0.048828125
0 0.5029296875 0.1953125 0.033203125 0.03515625
0 0.3955078125 0.189453125 0.025390625 0.0234375
0 0.044921875 0.1953125 0.03125 0.03515625
0 0.97265625 0.2197265625 0.0546875 0.091796875
0 0.634765625 0.1953125 0.03515625 0.04296875
0 0.3046875 0.189453125 0.03515625 0.03515625
0 0.7294921875 0.2353515625 0.158203125 0.130859375
0 0.33984375 0.2001953125 0.05859375 0.064453125
0 0.1953125 0.173828125 0.0234375 0.03125
0 0.0263671875 0.1748046875 0.037109375 0.041015625
0 0.4736328125 0.1708984375 0.033203125 0.037109375
0 0.12890625 0.1728515625 0.03515625 0.041015625
0 0.27734375 0.1669921875 0.03515625 0.037109375
0 0.599609375 0.16796875 0.0625 0.0546875
0 0.9912109375 0.150390625 0.017578125 0.02734375
0 0.5693359375 0.1533203125 0.033203125 0.037109375
0 0.4208984375 0.150390625 0.029296875 0.03515625
0 0.11328125 0.15234375 0.03125 0.0390625
0 0.095703125 0.138671875 0.02734375 0.03125
0 0.400390625 0.1376953125 0.02734375 0.033203125
0 0.0078125 0.1337890625 0.015625 0.025390625
0 0.6884765625 0.123046875 0.021484375 0.01953125
0 0.5224609375 0.1259765625 0.037109375 0.033203125
0 0.380859375 0.123046875 0.02734375 0.03125
0 0.572265625 0.1142578125 0.01953125 0.017578125
0 0.240234375 0.126953125 0.0546875 0.046875
0 0.1484375 0.12109375 0.04296875 0.03515625
0 0.08203125 0.119140625 0.03515625 0.0390625
0 0.326171875 0.109375 0.03515625 0.02734375
0 0.5341796875 0.1064453125 0.033203125 0.029296875
0 0.1630859375 0.1015625 0.037109375 0.03125
0 0.455078125 0.1005859375 0.03125 0.037109375
0 0.6728515625 0.09765625 0.033203125 0.0390625
0 0.3388671875 0.087890625 0.033203125 0.02734375
0 0.5478515625 0.0849609375 0.033203125 0.033203125
0 0.435546875 0.0859375 0.03125 0.03515625
0 0.6533203125 0.08203125 0.033203125 0.03515625
0 0.060546875 0.080078125 0.03125 0.03125
0 0.26953125 0.076171875 0.03515625 0.03125
0 0.8408203125 0.1181640625 0.123046875 0.119140625
0 0.4150390625 0.0732421875 0.033203125 0.037109375
0 0.35546875 0.0654296875 0.03515625 0.029296875
0 0.6279296875 0.0693359375 0.033203125 0.041015625
0 0.560546875 0.0634765625 0.03125 0.029296875
0 0.078125 0.056640625 0.02734375 0.0234375
0 0.279296875 0.056640625 0.0390625 0.03125
0 0.484375 0.052734375 0.02734375 0.03515625
0 0.5751953125 0.044921875 0.033203125 0.02734375
0 0.3701171875 0.044921875 0.033203125 0.02734375
0 0.1767578125 0.0625 0.072265625 0.06640625
0 0.212890625 0.0419921875 0.03125 0.029296875
0 0.2861328125 0.0390625 0.029296875 0.02734375
0 0.46484375 0.041015625 0.03125 0.03515625
0 0.095703125 0.0302734375 0.02734375 0.025390625
0 0.5908203125 0.0283203125 0.041015625 0.033203125
0 0.4453125 0.029296875 0.03125 0.03515625
0 0.3837890625 0.0244140625 0.033203125 0.029296875
0 0.021484375 0.025390625 0.0234375 0.03515625
0 0.302734375 0.0146484375 0.03125 0.025390625
0 0.986328125 0.02734375 0.02734375 0.0546875
0 0.9130859375 0.05078125 0.123046875 0.1015625
0 0.6689453125 0.005859375 0.021484375 0.01171875
0 0.517578125 0.009765625 0.0234375 0.01953125
0 0.490234375 0.001953125 0.00390625 0.00390625
0 0.3974609375 0.0087890625 0.033203125 0.017578125
0 0.3203125 0.0048828125 0.015625 0.009765625
0 0.23046875 0.009765625 0.03515625 0.01953125
0 0.109375 0.0078125 0.03125 0.015625