0 0.23828125 0.998046875 0.00390625 0.00390625
0 0.5908203125 0.9931640625 0.025390625 0.013671875
0 0.7197265625 0.9921875 0.044921875 0.015625
0 0.9013671875 0.990234375 0.021484375 0.01953125
0 0.9716796875 0.98828125 0.021484375 0.01953125
0 0.0693359375 0.9892578125 0.025390625 0.021484375
0 0.5234375 0.9833984375 0.02734375 0.029296875
0 0.271484375 0.9775390625 0.03125 0.029296875
0 0.1875 0.9775390625 0.02734375 0.029296875
0 0.1591796875 0.9619140625 0.025390625 0.021484375
0 0.970703125 0.958984375 0.02734375 0.01953125
0 0.373046875 0.966796875 0.02734375 0.03515625
0 0.4365234375 0.955078125 0.025390625 0.02734375
0 0.0185546875 0.9453125 0.025390625 0.02734375
0 0.1328125 0.9404296875 0.02734375 0.025390625
0 0.5068359375 0.9384765625 0.025390625 0.025390625
0 0.3564453125 0.9248046875 0.029296875 0.033203125
0 0.966796875 0.9189453125 0.015625 0.025390625
0 0.2822265625 0.919921875 0.025390625 0.02734375
0 0.4208984375 0.9150390625 0.033203125 0.033203125
0 0.55859375 0.9033203125 0.01953125 0.021484375
0 0.19921875 0.9033203125 0.01953125 0.021484375
0 0.4931640625 0.900390625 0.025390625 0.02734375
0 0.33984375 0.8984375 0.02734375 0.02734375
0 0.078125 0.8955078125 0.02734375 0.025390625
0 0.9658203125 0.8798828125 0.029296875 0.017578125
0 0.5537109375 0.876953125 0.029296875 0.01953125
0 0.2578125 0.873046875 0.02734375 0.02734375
0 0.708984375 0.8779296875 0.05859375 0.041015625
0 0.482421875 0.8681640625 0.01953125 0.021484375
0 0.130859375 0.8681640625 0.02734375 0.029296875
0 0.060546875 0.8720703125 0.03515625 0.037109375
0 0.8564453125 0.912109375 0.099609375 0.12109375
0 0.966796875 0.8564453125 0.02734375 0.013671875
0 0.4013671875 0.861328125 0.041015625 0.02734375
0 0.5478515625 0.8525390625 0.029296875 0.021484375
0 0.0078125 0.8447265625 0.015625 0.029296875
0 0.162109375 0.84375 0.03125 0.03515625
0 0.966796875 0.82421875 0.02734375 0.015625
0 0.0927734375 0.83203125 0.033203125 0.03125
0 0.2001953125 0.8271484375 0.025390625 0.029296875
0 0.4638671875 0.8251953125 0.025390625 0.033203125
0 0.685546875 0.8056640625 0.015625 0.025390625
0 0.23046875 0.8076171875 0.02734375 0.029296875
0 0.966796875 0.7978515625 0.02734375 0.013671875
0 0.3896484375 0.8134765625 0.033203125 0.048828125
0 0.1181640625 0.802734375 0.033203125 0.03125
0 0.89453125 0.794921875 0.01953125 0.0234375
0 0.5927734375 0.8017578125 0.029296875 0.037109375
0 0.3701171875 0.7841796875 0.025390625 0.025390625
0 0.029296875 0.78515625 0.03515625 0.03125
0 0.5322265625 0.7861328125 0.025390625 0.041015625
0 0.1435546875 0.7783203125 0.025390625 0.025390625
0 0.4462890625 0.7783203125 0.025390625 0.033203125
0 0.2861328125 0.7763671875 0.029296875 0.033203125
0 0.171875 0.755859375 0.02734375 0.02734375
0 0.9697265625 0.75 0.021484375 0.01953125
0 0.0498046875 0.7529296875 0.025390625 0.029296875
0 0.8974609375 0.74609375 0.021484375 0.02734375
0 0.203125 0.7412109375 0.0234375 0.025390625
0 0.9765625 0.732421875 0.015625 0.01171875
0 0.4345703125 0.7392578125 0.021484375 0.029296875
0 0.001953125 0.7275390625 0.00390625 0.005859375
0 0.078125 0.7373046875 0.02734375 0.029296875
0 0.5166015625 0.7373046875 0.029296875 0.041015625
0 0.2607421875 0.7275390625 0.033203125 0.025390625
0 0.0126953125 0.716796875 0.017578125 0.015625
0 0.103515625 0.71875 0.02734375 0.02734375
0 0.1328125 0.7021484375 0.0234375 0.021484375
0 0.2509765625 0.703125 0.037109375 0.02734375
0 0.501953125 0.69921875 0.02734375 0.03515625
0 0.3291015625 0.6904296875 0.025390625 0.033203125
0 0.416015625 0.6904296875 0.03125 0.041015625
0 0.8388671875 0.7265625 0.052734375 0.125
0 0.162109375 0.677734375 0.03515625 0.03515625
0 0.0458984375 0.673828125 0.044921875 0.04296875
0 0.91015625 0.6650390625 0.03125 0.029296875
0 0.482421875 0.6591796875 0.0234375 0.033203125
0 0.689453125 0.65625 0.04296875 0.03515625
0 0.3212890625 0.646484375 0.033203125 0.03515625
0 0.2236328125 0.642578125 0.029296875 0.03515625
0 0.0830078125 0.6328125 0.037109375 0.03515625
0 0.9150390625 0.62109375 0.025390625 0.0234375
0 0.2958984375 0.61328125 0.021484375 0.0234375
0 0.830078125 0.611328125 0.0390625 0.05078125
0 0.47265625 0.609375 0.03515625 0.046875
0 0.013671875 0.6005859375 0.02734375 0.029296875
0 0.1171875 0.5947265625 0.0390625 0.041015625
0 0.201171875 0.5703125 0.0234375 0.0234375
0 0.3818359375 0.578125 0.033203125 0.04296875
0 0.2783203125 0.5703125 0.025390625 0.03125
0 0.0400390625 0.5673828125 0.033203125 0.029296875
0 0.669921875 0.5693359375 0.08984375 0.091796875
0 0.0029296875 0.5263671875 0.005859375 0.005859375
0 0.259765625 0.5263671875 0.02734375 0.029296875
0 0.3671875 0.525390625 0.0234375 0.03125
0 0.0791015625 0.5224609375 0.033203125 0.037109375
0 0.4365234375 0.5078125 0.021484375 0.02734375
0 0.16015625 0.5185546875 0.05078125 0.048828125
0 0.921875 0.5283203125 0.05078125 0.099609375
0 0.8310546875 0.49609375 0.048828125 0.0390625
0 0.2451171875 0.4892578125 0.025390625 0.029296875
0 0.3515625 0.4853515625 0.0234375 0.037109375
0 0.0244140625 0.48828125 0.037109375 0.046875
0 0.4326171875 0.47265625 0.029296875 0.03515625
0 0.1513671875 0.4716796875 0.025390625 0.033203125
0 0.3369140625 0.4462890625 0.025390625 0.033203125
0 0.2265625 0.4462890625 0.02734375 0.033203125
0 0.4169921875 0.4326171875 0.033203125 0.029296875
0 0.1181640625 0.4375 0.052734375 0.046875
0 0.015625 0.4248046875 0.03125 0.041015625
0 0.6689453125 0.4150390625 0.072265625 0.037109375
0 0.2099609375 0.408203125 0.025390625 0.03125
0 0.3232421875 0.40625 0.025390625 0.03515625
0 0.845703125 0.416015625 0.03515625 0.078125
0 0.115234375 0.39453125 0.03125 0.03515625
0 0.3984375 0.388671875 0.02734375 0.03515625
0 0.646484375 0.384765625 0.1171875 0.0390625
0 0.1953125 0.373046875 0.01953125 0.0234375
0 0.9677734375 0.400390625 0.064453125 0.09765625
0 0.310546875 0.3642578125 0.0234375 0.033203125
0 0.5029296875 0.35546875 0.037109375 0.03515625
0 0.380859375 0.349609375 0.0234375 0.02734375
0 0.08203125 0.3515625 0.046875 0.0546875
0 0.181640625 0.333984375 0.02734375 0.0234375
0 0.44921875 0.326171875 0.02734375 0.03125
0 0.29296875 0.3125 0.03125 0.03125
0 0.859375 0.3310546875 0.06640625 0.080078125
0 0.365234375 0.2998046875 0.0234375 0.029296875
0 0.1552734375 0.2880859375 0.025390625 0.025390625
0 0.69140625 0.283203125 0.04296875 0.02734375
0 0.634765625 0.279296875 0.05078125 0.02734375
0 0.8388671875 0.2744140625 0.029296875 0.021484375
0 0.498046875 0.2783203125 0.02734375 0.033203125
0 0.2724609375 0.2607421875 0.025390625 0.017578125
0 0.4599609375 0.25390625 0.025390625 0.0234375
0 0.62109375 0.2509765625 0.0546875 0.029296875
0 0.4169921875 0.244140625 0.025390625 0.0234375
0 0.3603515625 0.240234375 0.044921875 0.0234375
0 0.1396484375 0.2392578125 0.029296875 0.029296875
0 0.208984375 0.2373046875 0.02734375 0.033203125
0 0.9736328125 0.263671875 0.052734375 0.1015625
0 0.6865234375 0.22265625 0.052734375 0.01953125
0 0.025390625 0.2158203125 0.02734375 0.025390625
0 0.1162109375 0.193359375 0.021484375 0.0234375
0 0.18359375 0.1884765625 0.03125 0.037109375
0 0.5185546875 0.19140625 0.044921875 0.046875
0 0.318359375 0.173828125 0.0234375 0.0234375
0 0.2578125 0.1796875 0.02734375 0.0390625
0 0.3916015625 0.1611328125 0.029296875 0.025390625
0 0.65625 0.15234375 0.06640625 0.0234375
0 0.0986328125 0.146484375 0.025390625 0.01953125
0 0.478515625 0.14453125 0.0390625 0.0390625
0 0.1630859375 0.1337890625 0.029296875 0.021484375
0 0.0087890625 0.123046875 0.017578125 0.0234375
0 0.240234375 0.125 0.046875 0.03125
0 0.78125 0.11328125 0.01953125 0.02734375
0 0.306640625 0.109375 0.0234375 0.01953125
0 0.3583984375 0.095703125 0.021484375 0.01953125
0 0.4453125 0.1025390625 0.0390625 0.044921875
0 0.9306640625 0.08203125 0.033203125 0.0234375
0 0.88671875 0.0830078125 0.0234375 0.033203125
0 0.7890625 0.07421875 0.0234375 0.015625
0 0.845703125 0.076171875 0.03125 0.0234375
0 0.0771484375 0.0751953125 0.029296875 0.029296875
0 0.1240234375 0.0673828125 0.033203125 0.021484375
0 0.6640625 0.072265625 0.03125 0.0390625
0 0.173828125 0.060546875 0.03125 0.0234375
0 0.220703125 0.05078125 0.03125 0.02734375
0 0.26953125 0.04296875 0.02734375 0.0234375
0 0.572265625 0.0869140625 0.046875 0.123046875
0 0.419921875 0.046875 0.02734375 0.04296875
0 0.318359375 0.0341796875 0.02734375 0.021484375
0 0.3671875 0.01953125 0.03125 0.02734375
0 0.8916015625 0.0078125 0.017578125 0.015625
0 0.77734375 0.005859375 0.0234375 0.01171875
0 0.193359375 0.0087890625 0.02734375 0.017578125