0 0.80859375 0.9970703125 0.015625 0.005859375
0 0.9951171875 0.9873046875 0.009765625 0.021484375
0 0.8955078125 0.984375 0.029296875 0.03125
0 0.181640625 0.984375 0.0234375 0.03125
0 0.736328125 0.9697265625 0.03125 0.056640625
0 0.9775390625 0.94140625 0.033203125 0.0234375
0 0.80859375 0.9521484375 0.02734375 0.044921875
0 0.890625 0.94140625 0.03125 0.03125
0 0.7724609375 0.91015625 0.033203125 0.05078125
0 0.8759765625 0.8955078125 0.029296875 0.037109375
0 0.9658203125 0.8740234375 0.029296875 0.025390625
0 0.244140625 0.8857421875 0.08984375 0.052734375
0 0.841796875 0.845703125 0.0390625 0.03515625
0 0.9580078125 0.8291015625 0.021484375 0.021484375
0 0.2080078125 0.8291015625 0.025390625 0.033203125
0 0.2880859375 0.81640625 0.013671875 0.01171875
0 0.8095703125 0.826171875 0.037109375 0.03515625
0 0.7548828125 0.8125 0.025390625 0.03515625
0 0.966796875 0.783203125 0.0390625 0.02734375
0 0.9375 0.7744140625 0.01171875 0.013671875
0 0.916015625 0.7587890625 0.01953125 0.013671875
0 0.6044921875 0.7529296875 0.033203125 0.052734375
0 0.755859375 0.7275390625 0.03515625 0.021484375
0 0.8173828125 0.71875 0.025390625 0.0390625
0 0.8662109375 0.7138671875 0.017578125 0.033203125
0 0.984375 0.7041015625 0.03125 0.041015625
0 0.4189453125 0.689453125 0.033203125 0.01953125
0 0.490234375 0.671875 0.03515625 0.03125
0 0.650390625 0.658203125 0.04296875 0.02734375
0 0.55078125 0.662109375 0.03515625 0.03515625
0 0.361328125 0.65625 0.04296875 0.03515625
0 0.6494140625 0.5966796875 0.029296875 0.037109375
0 0.9619140625 0.572265625 0.025390625 0.03125
0 0.3505859375 0.5791015625 0.041015625 0.060546875
0 0.6455078125 0.556640625 0.021484375 0.0234375
0 0.8984375 0.53125 0.03125 0.04296875
0 0.8427734375 0.5146484375 0.037109375 0.025390625
0 0.6015625 0.5087890625 0.0234375 0.029296875
0 0.7568359375 0.49609375 0.029296875 0.02734375
0 0.5849609375 0.494140625 0.021484375 0.0234375
0 0.83203125 0.486328125 0.0234375 0.01953125
0 0.728515625 0.4775390625 0.03515625 0.029296875
0 0.9833984375 0.46484375 0.021484375 0.03515625
0 0.783203125 0.453125 0.02734375 0.03125
0 0.5458984375 0.4423828125 0.025390625 0.029296875
0 0.8251953125 0.431640625 0.033203125 0.03515625
0 0.697265625 0.4248046875 0.02734375 0.037109375
0 0.7314453125 0.4013671875 0.029296875 0.033203125
0 0.5185546875 0.3935546875 0.025390625 0.025390625
0 0.904296875 0.3876953125 0.03515625 0.033203125
0 0.7578125 0.3837890625 0.02734375 0.029296875
0 0.5048828125 0.375 0.021484375 0.01953125
0 0.787109375 0.3740234375 0.02734375 0.025390625
0 0.60546875 0.373046875 0.02734375 0.02734375
0 0.6884765625 0.3662109375 0.033203125 0.025390625
0 0.8125 0.3583984375 0.02734375 0.029296875
0 0.46484375 0.349609375 0.03515625 0.0390625
0 0.6748046875 0.3408203125 0.025390625 0.025390625
0 0.9619140625 0.337890625 0.029296875 0.03515625
0 0.23828125 0.326171875 0.03515625 0.046875
0 0.4091796875 0.3232421875 0.037109375 0.044921875
0 0.5546875 0.3134765625 0.04296875 0.037109375
0 0.8759765625 0.3017578125 0.033203125 0.052734375
0 0.2958984375 0.2861328125 0.033203125 0.021484375
0 0.6650390625 0.2890625 0.025390625 0.03515625
0 0.9365234375 0.287109375 0.033203125 0.03515625
0 0.779296875 0.2890625 0.0390625 0.0390625
0 0.5029296875 0.271484375 0.037109375 0.03515625
0 0.724609375 0.263671875 0.03515625 0.0390625
0 0.59765625 0.2470703125 0.0234375 0.041015625
0 0.353515625 0.236328125 0.02734375 0.0234375
0 0.1669921875 0.2353515625 0.041015625 0.041015625
0 0.2431640625 0.2216796875 0.029296875 0.029296875
0 0.859375 0.228515625 0.03515625 0.046875
0 0.671875 0.22265625 0.02734375 0.0390625
0 0.4765625 0.228515625 0.0390625 0.0546875
0 0.603515625 0.201171875 0.02734375 0.04296875
0 0.439453125 0.1923828125 0.04296875 0.033203125
0 0.9384765625 0.19140625 0.041015625 0.0390625
0 0.8330078125 0.1728515625 0.044921875 0.041015625
0 0.9931640625 0.16015625 0.013671875 0.03125
0 0.4033203125 0.1611328125 0.041015625 0.037109375
0 0.76171875 0.154296875 0.03515625 0.02734375
0 0.68359375 0.1533203125 0.02734375 0.037109375
0 0.8994140625 0.1396484375 0.029296875 0.029296875
0 0.37890625 0.1376953125 0.01953125 0.025390625
0 0.349609375 0.1474609375 0.03515625 0.044921875
0 0.6162109375 0.1396484375 0.025390625 0.041015625
0 0.296875 0.1337890625 0.0390625 0.029296875
0 0.234375 0.12890625 0.0546875 0.03515625
0 0.8232421875 0.1123046875 0.044921875 0.025390625
0 0.9609375 0.087890625 0.0390625 0.03515625
0 0.6962890625 0.0888671875 0.025390625 0.041015625
0 0.626953125 0.0732421875 0.0390625 0.041015625
0 0.9033203125 0.0419921875 0.056640625 0.029296875
0 0.8173828125 0.015625 0.044921875 0.0234375
0 0.7197265625 0.021484375 0.033203125 0.03515625
0 0.64453125 0.0107421875 0.03515625 0.021484375