0 0.7646484375 0.9970703125 0.013671875 0.005859375
0 0.2265625 0.9970703125 0.01171875 0.005859375
0 0.8291015625 0.99609375 0.013671875 0.0078125
0 0.5146484375 0.9921875 0.025390625 0.015625
0 0.7080078125 0.9912109375 0.033203125 0.017578125
0 0.125 0.990234375 0.03515625 0.01953125
0 0.8671875 0.9873046875 0.0234375 0.025390625
0 0.349609375 0.9814453125 0.0390625 0.037109375
0 0.7333984375 0.96875 0.017578125 0.015625
0 0.6884765625 0.9697265625 0.041015625 0.025390625
0 0.02734375 0.970703125 0.03125 0.03515625
0 0.9296875 0.970703125 0.04296875 0.04296875
0 0.9716796875 0.9638671875 0.025390625 0.033203125
0 0.546875 0.9638671875 0.02734375 0.044921875
0 0.2548828125 0.947265625 0.041015625 0.02734375
0 0.8544921875 0.9384765625 0.025390625 0.037109375
0 0.39453125 0.93359375 0.02734375 0.02734375
0 0.88671875 0.9384765625 0.04296875 0.056640625
0 0.9365234375 0.9208984375 0.056640625 0.033203125
0 0.5126953125 0.912109375 0.029296875 0.03125
0 0.4267578125 0.9091796875 0.037109375 0.037109375
0 0.9384765625 0.8974609375 0.013671875 0.017578125
0 0.9912109375 0.8974609375 0.017578125 0.044921875
0 0.82421875 0.88671875 0.0234375 0.02734375
0 0.0078125 0.8857421875 0.015625 0.029296875
0 0.73828125 0.8974609375 0.05859375 0.060546875
0 0.8681640625 0.875 0.021484375 0.0234375
0 0.138671875 0.873046875 0.03125 0.0390625
0 0.470703125 0.87109375 0.0390625 0.0390625
0 0.22265625 0.853515625 0.03125 0.0234375
0 0.744140625 0.85546875 0.03515625 0.03515625
0 0.984375 0.845703125 0.0234375 0.02734375
0 0.890625 0.857421875 0.0234375 0.05078125
0 0.9267578125 0.833984375 0.033203125 0.01953125
0 0.546875 0.8349609375 0.03125 0.033203125
0 0.7646484375 0.833984375 0.037109375 0.03515625
0 0.5634765625 0.81640625 0.029296875 0.03125
0 0.7861328125 0.8115234375 0.037109375 0.033203125
0 0.6865234375 0.80859375 0.025390625 0.02734375
0 0.62109375 0.845703125 0.1171875 0.109375
0 0.9248046875 0.8037109375 0.025390625 0.033203125
0 0.5830078125 0.7998046875 0.029296875 0.029296875
0 0.9658203125 0.79296875 0.017578125 0.01953125
0 0.80859375 0.7900390625 0.03125 0.029296875
0 0.5283203125 0.794921875 0.041015625 0.04296875
0 0.98828125 0.787109375 0.01953125 0.03125
0 0.6552734375 0.7822265625 0.033203125 0.029296875
0 0.9091796875 0.7744140625 0.029296875 0.025390625
0 0.7412109375 0.7783203125 0.041015625 0.041015625
0 0.837890625 0.775390625 0.04296875 0.0390625
0 0.6875 0.7607421875 0.0234375 0.025390625
0 0.5712890625 0.7578125 0.033203125 0.03515625
0 0.7294921875 0.751953125 0.029296875 0.02734375
0 0.958984375 0.75 0.0234375 0.02734375
0 0.8544921875 0.7509765625 0.033203125 0.037109375
0 0.9833984375 0.7412109375 0.017578125 0.029296875
0 0.4814453125 0.75 0.048828125 0.046875
0 0.9482421875 0.73046875 0.021484375 0.015625
0 0.798828125 0.73046875 0.03125 0.03125
0 0.86328125 0.724609375 0.0234375 0.0234375
0 0.6064453125 0.7353515625 0.048828125 0.052734375
0 0.943359375 0.71484375 0.01953125 0.015625
0 0.5078125 0.7197265625 0.03125 0.029296875
0 0.705078125 0.7236328125 0.046875 0.044921875
0 0.78515625 0.7138671875 0.03125 0.029296875
0 0.8974609375 0.724609375 0.044921875 0.06640625
0 0.9794921875 0.70703125 0.041015625 0.03515625
0 0.5283203125 0.7021484375 0.029296875 0.025390625
0 0.7705078125 0.701171875 0.029296875 0.02734375
0 0.6240234375 0.7001953125 0.029296875 0.029296875
0 0.677734375 0.69921875 0.03515625 0.03125
0 0.94140625 0.6904296875 0.0234375 0.025390625
0 0.4169921875 0.689453125 0.033203125 0.03125
0 0.7568359375 0.685546875 0.033203125 0.03125
0 0.640625 0.685546875 0.03125 0.03125
0 0.0234375 0.6806640625 0.04296875 0.037109375
0 0.658203125 0.669921875 0.03125 0.03125
0 0.7431640625 0.66796875 0.033203125 0.03125
0 0.525390625 0.671875 0.05859375 0.04296875
0 0.447265625 0.666015625 0.02734375 0.03125
0 0.4150390625 0.658203125 0.017578125 0.01953125
0 0.7275390625 0.654296875 0.033203125 0.03125
0 0.5654296875 0.658203125 0.048828125 0.046875
0 0.46875 0.646484375 0.0234375 0.02734375
0 0.009765625 0.6494140625 0.01953125 0.037109375
0 0.3779296875 0.6416015625 0.029296875 0.029296875
0 0.8818359375 0.642578125 0.033203125 0.0390625
0 0.986328125 0.650390625 0.02734375 0.0625
0 0.21484375 0.67578125 0.1171875 0.125
0 0.498046875 0.6240234375 0.02734375 0.025390625
0 0.4091796875 0.6240234375 0.033203125 0.033203125
0 0.701171875 0.6240234375 0.04296875 0.044921875
0 0.615234375 0.6162109375 0.02734375 0.029296875
0 0.4716796875 0.61328125 0.025390625 0.0234375
0 0.4345703125 0.6025390625 0.021484375 0.021484375
0 0.7861328125 0.654296875 0.134765625 0.12890625
0 0.5234375 0.599609375 0.0390625 0.0390625
0 0.099609375 0.6015625 0.0390625 0.04296875
0 0.958984375 0.59765625 0.046875 0.0390625
0 0.5869140625 0.5947265625 0.033203125 0.041015625
0 0.564453125 0.5869140625 0.0234375 0.029296875
0 0.458984375 0.587890625 0.02734375 0.03125
0 0.33203125 0.576171875 0.03515625 0.03515625
0 0.478515625 0.572265625 0.03125 0.03125
0 0.5595703125 0.5615234375 0.017578125 0.017578125
0 0.0458984375 0.5712890625 0.041015625 0.044921875
0 0.6474609375 0.576171875 0.044921875 0.0625
0 0.3896484375 0.5654296875 0.064453125 0.060546875
0 0.29296875 0.5498046875 0.03515625 0.037109375
0 0.6064453125 0.546875 0.041015625 0.03515625
0 0.3583984375 0.5390625 0.021484375 0.01953125
0 0.505859375 0.5458984375 0.05078125 0.044921875
0 0.2685546875 0.5263671875 0.021484375 0.021484375
0 0.5751953125 0.5361328125 0.037109375 0.044921875
0 0.53125 0.5205078125 0.01953125 0.017578125
0 0.7978515625 0.5498046875 0.083984375 0.083984375
0 0.552734375 0.513671875 0.01953125 0.01953125
0 0.1142578125 0.513671875 0.056640625 0.04296875
0 0.265625 0.5 0.0234375 0.02734375
0 0.4365234375 0.51171875 0.056640625 0.05859375
0 0.01953125 0.498046875 0.03125 0.04296875
0 0.486328125 0.4833984375 0.0390625 0.037109375
0 0.3896484375 0.4765625 0.025390625 0.0234375
0 0.05078125 0.4775390625 0.03125 0.033203125
0 0.4541015625 0.46484375 0.025390625 0.02734375
0 0.087890625 0.458984375 0.03125 0.0234375
0 0.2529296875 0.4697265625 0.064453125 0.048828125
0 0.4208984375 0.455078125 0.037109375 0.0234375
0 0.3857421875 0.451171875 0.017578125 0.01953125
0 0.6259765625 0.4765625 0.142578125 0.1015625
0 0.3330078125 0.4755859375 0.087890625 0.099609375
0 0.5341796875 0.4365234375 0.025390625 0.025390625
0 0.5107421875 0.4267578125 0.025390625 0.025390625
0 0.0048828125 0.4169921875 0.009765625 0.017578125
0 0.2705078125 0.4189453125 0.033203125 0.033203125
0 0.4599609375 0.41015625 0.017578125 0.0234375
0 0.435546875 0.404296875 0.01953125 0.01953125
0 0.7060546875 0.400390625 0.013671875 0.015625
0 0.3759765625 0.3994140625 0.033203125 0.021484375
0 0.2470703125 0.4072265625 0.033203125 0.037109375
0 0.1767578125 0.412109375 0.048828125 0.05078125
0 0.4833984375 0.408203125 0.029296875 0.046875
0 0.4091796875 0.396484375 0.017578125 0.02734375
0 0.73828125 0.40234375 0.05078125 0.05078125
0 0.228515625 0.3916015625 0.02734375 0.037109375
0 0.68359375 0.380859375 0.0234375 0.02734375
0 0.2099609375 0.37890625 0.029296875 0.03125
0 0.4365234375 0.3583984375 0.021484375 0.021484375
0 0.1083984375 0.3544921875 0.025390625 0.025390625
0 0.037109375 0.3798828125 0.07421875 0.076171875
0 0.294921875 0.3642578125 0.08203125 0.064453125
0 0.1787109375 0.353515625 0.048828125 0.05078125
0 0.7001953125 0.33984375 0.029296875 0.02734375
0 0.7578125 0.345703125 0.046875 0.05078125
0 0.24609375 0.3349609375 0.02734375 0.029296875
0 0.1279296875 0.3330078125 0.021484375 0.029296875
0 0.0068359375 0.3251953125 0.013671875 0.025390625
0 0.220703125 0.318359375 0.0390625 0.0390625
0 0.765625 0.3037109375 0.03515625 0.033203125
0 0.0869140625 0.3095703125 0.056640625 0.056640625
0 0.12109375 0.28515625 0.02734375 0.02734375
0 0.19921875 0.2900390625 0.03515625 0.048828125
0 0.998046875 0.263671875 0.00390625 0.00390625
0 0.037109375 0.279296875 0.0390625 0.0390625
0 0.8837890625 0.390625 0.232421875 0.3125
0 0.9970703125 0.2314453125 0.005859375 0.009765625
0 0.2587890625 0.267578125 0.107421875 0.08984375
0 0.13671875 0.2568359375 0.06640625 0.072265625
0 0.974609375 0.2255859375 0.03125 0.037109375
0 0.9091796875 0.2236328125 0.033203125 0.033203125
0 0.1025390625 0.2158203125 0.021484375 0.021484375
0 0.875 0.20703125 0.03125 0.02734375
0 0.76171875 0.2412109375 0.08984375 0.095703125
0 0.0830078125 0.2021484375 0.021484375 0.021484375
0 0.1787109375 0.203125 0.041015625 0.046875
0 0.9541015625 0.1943359375 0.029296875 0.033203125
0 0.03515625 0.21484375 0.0703125 0.08203125
0 0.07421875 0.18359375 0.02734375 0.0234375
0 0.9013671875 0.1787109375 0.068359375 0.048828125
0 0.046875 0.166015625 0.02734375 0.02734375
0 0.1298828125 0.1552734375 0.041015625 0.048828125
0 0.078125 0.125 0.02734375 0.03125
0 0.509765625 0.1923828125 0.1328125 0.193359375
0 0.11328125 0.1123046875 0.03125 0.037109375
0 0.056640625 0.1103515625 0.0234375 0.033203125
0 0.3984375 0.0830078125 0.03125 0.025390625
0 0.8486328125 0.060546875 0.080078125 0.04296875
0 0.7060546875 0.041015625 0.029296875 0.03125
0 0.4189453125 0.044921875 0.041015625 0.05859375
0 0.8486328125 0.0244140625 0.041015625 0.025390625
0 0.6767578125 0.029296875 0.048828125 0.0390625
0 0.0205078125 0.0517578125 0.041015625 0.083984375
0 0.7548828125 0.041015625 0.068359375 0.06640625
0 0.943359375 0.068359375 0.11328125 0.13671875
0 0.73046875 0.01171875 0.01953125 0.0234375
0 0.7109375 0.0068359375 0.01953125 0.013671875
0 0.6943359375 0.0029296875 0.009765625 0.005859375
0 0.6318359375 0.0185546875 0.029296875 0.037109375
0 0.58203125 0.013671875 0.03515625 0.02734375
0 0.546875 0.0068359375 0.03125 0.013671875
0 0.515625 0.001953125 0.0078125 0.00390625
0 0.3212890625 0.103515625 0.158203125 0.20703125
0 0.1650390625 0.0439453125 0.216796875 0.087890625