0 0.9697265625 0.998046875 0.005859375 0.00390625
0 0.57421875 0.998046875 0.00390625 0.00390625
0 0.51171875 0.998046875 0.00390625 0.00390625
0 0.033203125 0.9970703125 0.0078125 0.005859375
0 0.791015625 0.9951171875 0.0234375 0.009765625
0 0.685546875 0.9951171875 0.015625 0.009765625
0 0.9169921875 0.9921875 0.029296875 0.015625
0 0.876953125 0.9892578125 0.02734375 0.021484375
0 0.9921875 0.984375 0.015625 0.03125
0 0.1572265625 0.984375 0.087890625 0.03125
0 0.802734375 0.9794921875 0.03125 0.025390625
0 0.619140625 0.982421875 0.03515625 0.03125
0 0.705078125 0.98046875 0.03125 0.03125
0 0.447265625 0.982421875 0.05078125 0.03515625
0 0.1025390625 0.982421875 0.025390625 0.03515625
0 0.8955078125 0.9716796875 0.037109375 0.033203125
0 0.080078125 0.974609375 0.03515625 0.04296875
0 0.537109375 0.9638671875 0.02734375 0.029296875
0 0.8173828125 0.958984375 0.025390625 0.0234375
0 0.0498046875 0.9658203125 0.021484375 0.037109375
0 0.3720703125 0.9677734375 0.033203125 0.044921875
0 0.46484375 0.953125 0.03125 0.02734375
0 0.7265625 0.953125 0.03125 0.03125
0 0.9111328125 0.9521484375 0.037109375 0.033203125
0 0.017578125 0.953125 0.02734375 0.03515625
0 0.640625 0.9501953125 0.0390625 0.033203125
0 0.958984375 0.9345703125 0.01953125 0.017578125
0 0.8310546875 0.9404296875 0.033203125 0.029296875
0 0.5546875 0.9423828125 0.03515625 0.033203125
0 0.9248046875 0.93359375 0.037109375 0.03125
0 0.8447265625 0.921875 0.037109375 0.03125
0 0.7509765625 0.92578125 0.033203125 0.0390625
0 0.3310546875 0.943359375 0.080078125 0.07421875
0 0.9736328125 0.9140625 0.021484375 0.0234375
0 0.6689453125 0.919921875 0.037109375 0.03515625
0 0.9384765625 0.912109375 0.033203125 0.03125
0 0.2255859375 0.921875 0.041015625 0.05078125
0 0.1767578125 0.912109375 0.033203125 0.04296875
0 0.86328125 0.9013671875 0.02734375 0.025390625
0 0.154296875 0.9033203125 0.03515625 0.041015625
0 0.484375 0.89453125 0.0390625 0.03125
0 0.9521484375 0.8916015625 0.033203125 0.029296875
0 0.775390625 0.892578125 0.03125 0.03515625
0 0.5751953125 0.8916015625 0.037109375 0.033203125
0 0.6943359375 0.888671875 0.029296875 0.03125
0 0.2744140625 0.8828125 0.029296875 0.02734375
0 0.875 0.8818359375 0.03515625 0.033203125
0 0.09375 0.88671875 0.03515625 0.04296875
0 0.4970703125 0.873046875 0.037109375 0.03125
0 0.3740234375 0.8759765625 0.041015625 0.037109375
0 0.0576171875 0.8720703125 0.037109375 0.041015625
0 0.8916015625 0.8623046875 0.029296875 0.029296875
0 0.2900390625 0.861328125 0.029296875 0.02734375
0 0.80078125 0.8623046875 0.03125 0.037109375
0 0.0322265625 0.86328125 0.037109375 0.0390625
0 0.71875 0.857421875 0.03125 0.03125
0 0.0107421875 0.8583984375 0.021484375 0.037109375
0 0.38671875 0.8525390625 0.03125 0.029296875
0 0.6025390625 0.84765625 0.033203125 0.03515625
0 0.9794921875 0.8525390625 0.041015625 0.048828125
0 0.2509765625 0.841796875 0.029296875 0.03125
0 0.5146484375 0.841796875 0.037109375 0.03515625
0 0.7392578125 0.83203125 0.033203125 0.03515625
0 0.8271484375 0.8291015625 0.037109375 0.041015625
0 0.52734375 0.8232421875 0.03515625 0.033203125
0 0.99609375 0.8095703125 0.0078125 0.013671875
0 0.3291015625 0.8193359375 0.037109375 0.033203125
0 0.9208984375 0.8154296875 0.033203125 0.029296875
0 0.4189453125 0.8154296875 0.041015625 0.033203125
0 0.0185546875 0.8017578125 0.021484375 0.025390625
0 0.7607421875 0.802734375 0.033203125 0.03125
0 0.6240234375 0.8076171875 0.033203125 0.041015625
0 0.9384765625 0.7958984375 0.033203125 0.033203125
0 0.0673828125 0.7822265625 0.017578125 0.017578125
0 0.8828125 0.7861328125 0.03515625 0.033203125
0 0.546875 0.787109375 0.03515625 0.03515625
0 0.6435546875 0.7802734375 0.029296875 0.029296875
0 0.359375 0.7763671875 0.03125 0.029296875
0 0.955078125 0.771484375 0.03515625 0.03125
0 0.7841796875 0.7734375 0.029296875 0.03515625
0 0.724609375 0.775390625 0.0390625 0.0390625
0 0.8544921875 0.763671875 0.033203125 0.03515625
0 0.96875 0.7529296875 0.02734375 0.025390625
0 0.4521484375 0.7666015625 0.041015625 0.052734375
0 0.568359375 0.755859375 0.0390625 0.03515625
0 0.708984375 0.7529296875 0.03515625 0.037109375
0 0.373046875 0.7529296875 0.03515625 0.037109375
0 0.5380859375 0.7431640625 0.021484375 0.025390625
0 0.814453125 0.7421875 0.03125 0.03515625
0 0.6650390625 0.744140625 0.033203125 0.0390625
0 0.982421875 0.732421875 0.03125 0.03125
0 0.4775390625 0.732421875 0.029296875 0.03125
0 0.685546875 0.7197265625 0.03515625 0.029296875
0 0.8720703125 0.716796875 0.033203125 0.03125
0 0.40234375 0.7177734375 0.0390625 0.033203125
0 0.59375 0.7158203125 0.0390625 0.033203125
0 0.0615234375 0.708984375 0.025390625 0.02734375
0 0.986328125 0.70703125 0.02734375 0.03125
0 0.5 0.7041015625 0.03125 0.037109375
0 0.5341796875 0.6923828125 0.017578125 0.017578125
0 0.884765625 0.6953125 0.03125 0.02734375
0 0.76953125 0.7021484375 0.03125 0.041015625
0 0.4150390625 0.6982421875 0.041015625 0.033203125
0 0.6083984375 0.6953125 0.037109375 0.03125
0 0.572265625 0.662109375 0.01953125 0.01953125
0 0.9072265625 0.662109375 0.029296875 0.02734375
0 0.7216796875 0.6689453125 0.037109375 0.044921875
0 0.4482421875 0.6591796875 0.033203125 0.029296875
0 0.1025390625 0.65625 0.017578125 0.0234375
0 0.529296875 0.658203125 0.0390625 0.046875
0 0.0673828125 0.642578125 0.025390625 0.0234375
0 0.845703125 0.6416015625 0.02734375 0.025390625
0 0.9892578125 0.638671875 0.021484375 0.03125
0 0.9677734375 0.6337890625 0.021484375 0.021484375
0 0.6552734375 0.62890625 0.041015625 0.03125
0 0.55078125 0.625 0.03125 0.0234375
0 0.7548828125 0.6201171875 0.033203125 0.029296875
0 0.8583984375 0.6181640625 0.041015625 0.033203125
0 0.4755859375 0.6201171875 0.033203125 0.037109375
0 0.6162109375 0.615234375 0.041015625 0.03515625
0 0.947265625 0.607421875 0.03515625 0.03125
0 0.046875 0.6044921875 0.04296875 0.037109375
0 0.6806640625 0.59765625 0.033203125 0.03125
0 0.7919921875 0.5859375 0.037109375 0.03125
0 0.5849609375 0.583984375 0.037109375 0.03515625
0 0.9677734375 0.580078125 0.029296875 0.03125
0 0.8876953125 0.5791015625 0.037109375 0.033203125
0 0.6923828125 0.576171875 0.025390625 0.02734375
0 0.861328125 0.5625 0.0234375 0.0234375
0 0.53125 0.5517578125 0.0234375 0.021484375
0 0.900390625 0.556640625 0.0390625 0.03515625
0 0.9853515625 0.5517578125 0.029296875 0.029296875
0 0.6171875 0.5537109375 0.0546875 0.044921875
0 0.919921875 0.5400390625 0.03125 0.025390625
0 0.994140625 0.5322265625 0.01171875 0.021484375
0 0.7158203125 0.5439453125 0.037109375 0.044921875
0 0.5068359375 0.52734375 0.021484375 0.01953125
0 0.8173828125 0.529296875 0.029296875 0.02734375
0 0.5419921875 0.5302734375 0.033203125 0.029296875
0 0.673828125 0.521484375 0.02734375 0.02734375
0 0.7373046875 0.5185546875 0.033203125 0.029296875
0 0.490234375 0.5146484375 0.02734375 0.025390625
0 0.55859375 0.5126953125 0.02734375 0.029296875
0 0.8349609375 0.5126953125 0.037109375 0.033203125
0 0.0166015625 0.5078125 0.033203125 0.03515625
0 0.708984375 0.5009765625 0.0234375 0.025390625
0 0.7490234375 0.4970703125 0.033203125 0.029296875
0 0.6455078125 0.4970703125 0.029296875 0.029296875
0 0.4619140625 0.4951171875 0.025390625 0.025390625
0 0.8466796875 0.4912109375 0.033203125 0.029296875
0 0.9580078125 0.4931640625 0.029296875 0.037109375
0 0.7587890625 0.4736328125 0.052734375 0.029296875
0 0.8603515625 0.4697265625 0.029296875 0.025390625
0 0.7158203125 0.4658203125 0.021484375 0.021484375
0 0.98046875 0.4560546875 0.0390625 0.037109375
0 0.599609375 0.453125 0.03515625 0.03125
0 0.8857421875 0.44140625 0.033203125 0.03515625
0 0.9482421875 0.4287109375 0.033203125 0.033203125
0 0.798828125 0.431640625 0.03125 0.0390625
0 0.619140625 0.4296875 0.03515625 0.03515625
0 0.703125 0.421875 0.04296875 0.046875
0 0.544921875 0.3994140625 0.03125 0.029296875
0 0.9150390625 0.4033203125 0.033203125 0.041015625
0 0.8251953125 0.3916015625 0.044921875 0.041015625
0 0.55859375 0.380859375 0.03125 0.02734375
0 0.984375 0.3798828125 0.03125 0.033203125
0 0.6630859375 0.36328125 0.033203125 0.03125
0 0.580078125 0.361328125 0.03515625 0.02734375
0 0.857421875 0.359375 0.03515625 0.03515625
0 0.4912109375 0.349609375 0.025390625 0.0234375
0 0.953125 0.349609375 0.03125 0.03515625
0 0.6787109375 0.3427734375 0.029296875 0.029296875
0 0.5888671875 0.33984375 0.029296875 0.02734375
0 0.05859375 0.3251953125 0.0234375 0.029296875
0 0.802734375 0.32421875 0.03515625 0.0390625
0 0.513671875 0.32421875 0.0390625 0.04296875
0 0.9775390625 0.3193359375 0.037109375 0.037109375
0 0.708984375 0.3056640625 0.02734375 0.029296875
0 0.8984375 0.3046875 0.03125 0.03515625
0 0.6259765625 0.296875 0.037109375 0.03515625
0 0.5322265625 0.2939453125 0.033203125 0.033203125
0 0.6455078125 0.279296875 0.037109375 0.03125
0 0.34765625 0.271484375 0.01953125 0.01953125
0 0.921875 0.275390625 0.03125 0.03125
0 0.7353515625 0.2666015625 0.037109375 0.037109375
0 0.013671875 0.275390625 0.02734375 0.0546875
0 0.8427734375 0.2626953125 0.037109375 0.037109375
0 0.27734375 0.2568359375 0.0234375 0.025390625
0 0.3896484375 0.2587890625 0.029296875 0.037109375
0 0.70703125 0.24609375 0.03125 0.03125
0 0.57421875 0.2392578125 0.02734375 0.029296875
0 0.8544921875 0.224609375 0.033203125 0.03515625
0 0.673828125 0.2236328125 0.03515625 0.033203125
0 0.5927734375 0.216796875 0.029296875 0.02734375
0 0.53125 0.212890625 0.02734375 0.0234375
0 0.77734375 0.2119140625 0.03515625 0.041015625
0 0.876953125 0.203125 0.03515625 0.03125
0 0.798828125 0.1787109375 0.03515625 0.037109375
0 0.7294921875 0.1787109375 0.033203125 0.037109375
0 0.5888671875 0.171875 0.025390625 0.0234375
0 0.5244140625 0.17578125 0.029296875 0.03125
0 0.9091796875 0.1591796875 0.037109375 0.033203125
0 0.81640625 0.158203125 0.03125 0.03125
0 0.83203125 0.138671875 0.03125 0.02734375
0 0.728515625 0.1357421875 0.02734375 0.029296875
0 0.927734375 0.1328125 0.03515625 0.03515625
0 0.6572265625 0.1240234375 0.029296875 0.025390625
0 0.8505859375 0.12109375 0.029296875 0.0234375
0 0.6142578125 0.1005859375 0.029296875 0.029296875
0 0.9521484375 0.1005859375 0.033203125 0.037109375
0 0.7705078125 0.091796875 0.037109375 0.03515625
0 0.97265625 0.0712890625 0.03125 0.037109375
0 0.8876953125 0.0732421875 0.037109375 0.041015625
0 0.7197265625 0.060546875 0.029296875 0.02734375
0 0.7880859375 0.0595703125 0.037109375 0.037109375
0 0.9111328125 0.044921875 0.025390625 0.0234375
0 0.9892578125 0.04296875 0.021484375 0.03125
0 0.9267578125 0.0244140625 0.029296875 0.029296875
0 0.9462890625 0.0087890625 0.029296875 0.017578125
0 0.861328125 0.0029296875 0.02734375 0.005859375
0 0.828125 0.013671875 0.0390625 0.02734375
0 0.77734375 0.0068359375 0.01953125 0.013671875
0 0.5361328125 0.001953125 0.005859375 0.00390625
0 0.5107421875 0.00390625 0.017578125 0.0078125
0 0.4765625 0.0048828125 0.01953125 0.009765625
0 0.353515625 0.03125 0.1328125 0.0625