0 0.7880859375 0.99609375 0.029296875 0.0078125
0 0.6005859375 0.99609375 0.025390625 0.0078125
0 0.55078125 0.9921875 0.03515625 0.015625
0 0.333984375 0.9921875 0.046875 0.015625
0 0.4794921875 0.9853515625 0.033203125 0.017578125
0 0.994140625 0.986328125 0.01171875 0.02734375
0 0.4345703125 0.98046875 0.013671875 0.015625
0 0.78515625 0.9775390625 0.0234375 0.013671875
0 0.2548828125 0.98046875 0.037109375 0.01953125
0 0.9755859375 0.984375 0.021484375 0.03125
0 0.630859375 0.97265625 0.015625 0.015625
0 0.12109375 0.9755859375 0.05859375 0.021484375
0 0.9267578125 0.98046875 0.025390625 0.03515625
0 0.9013671875 0.9765625 0.021484375 0.03125
0 0.59765625 0.9697265625 0.04296875 0.021484375
0 0.4794921875 0.962890625 0.033203125 0.01953125
0 0.7197265625 0.9755859375 0.037109375 0.048828125
0 0.548828125 0.9638671875 0.03125 0.025390625
0 0.3271484375 0.95703125 0.033203125 0.0234375
0 0.3701171875 0.9541015625 0.021484375 0.021484375
0 0.2548828125 0.955078125 0.037109375 0.0234375
0 0.1015625 0.9501953125 0.0234375 0.017578125
0 0.4345703125 0.9501953125 0.013671875 0.025390625
0 0.8310546875 0.9599609375 0.115234375 0.056640625
0 0.4794921875 0.9375 0.033203125 0.01953125
0 0.1025390625 0.9267578125 0.025390625 0.017578125
0 0.2529296875 0.9267578125 0.037109375 0.025390625
0 0.7314453125 0.9306640625 0.021484375 0.037109375
0 0.4326171875 0.919921875 0.017578125 0.01953125
0 0.3544921875 0.916015625 0.017578125 0.015625
0 0.3203125 0.9189453125 0.03125 0.021484375
0 0.70703125 0.9208984375 0.01953125 0.037109375
0 0.5478515625 0.916015625 0.033203125 0.02734375
0 0.4794921875 0.9111328125 0.029296875 0.021484375
0 0.6826171875 0.91015625 0.021484375 0.03515625
0 0.2529296875 0.8974609375 0.037109375 0.021484375
0 0.6572265625 0.90234375 0.021484375 0.03515625
0 0.13671875 0.888671875 0.015625 0.01171875
0 0.328125 0.8896484375 0.0390625 0.021484375
0 0.6318359375 0.8935546875 0.021484375 0.033203125
0 0.431640625 0.8857421875 0.01953125 0.017578125
0 0.6103515625 0.884765625 0.017578125 0.01953125
0 0.548828125 0.8857421875 0.03515625 0.021484375
0 0.1083984375 0.892578125 0.037109375 0.0390625
0 0.482421875 0.8798828125 0.0234375 0.017578125
0 0.5859375 0.8681640625 0.01953125 0.017578125
0 0.2529296875 0.8701171875 0.037109375 0.021484375
0 0.9970703125 0.8681640625 0.005859375 0.021484375
0 0.3857421875 0.8642578125 0.025390625 0.017578125
0 0.1044921875 0.8623046875 0.029296875 0.013671875
0 0.548828125 0.861328125 0.03515625 0.0234375
0 0.1953125 0.8583984375 0.03515625 0.029296875
0 0.9765625 0.853515625 0.02734375 0.03515625
0 0.484375 0.8447265625 0.01953125 0.025390625
0 0.84765625 0.837890625 0.0234375 0.0234375
0 0.9365234375 0.8447265625 0.021484375 0.041015625
0 0.4287109375 0.8447265625 0.021484375 0.041015625
0 0.45703125 0.8427734375 0.0234375 0.041015625
0 0.8740234375 0.8349609375 0.021484375 0.029296875
0 0.90234375 0.8369140625 0.03125 0.041015625
0 0.390625 0.8310546875 0.01953125 0.029296875
0 0.3388671875 0.8388671875 0.060546875 0.048828125
0 0.8154296875 0.8212890625 0.025390625 0.021484375
0 0.318359375 0.8173828125 0.0234375 0.021484375
0 0.265625 0.8251953125 0.01953125 0.037109375
0 0.240234375 0.8232421875 0.0234375 0.037109375
0 0.2138671875 0.818359375 0.021484375 0.03515625
0 0.1884765625 0.818359375 0.021484375 0.03515625
0 0.16015625 0.81640625 0.0234375 0.0390625
0 0.09765625 0.814453125 0.01953125 0.03515625
0 0.119140625 0.8134765625 0.01953125 0.037109375
0 0.9931640625 0.7919921875 0.013671875 0.048828125
0 0.5712890625 0.7392578125 0.041015625 0.029296875
0 0.53515625 0.7275390625 0.03125 0.033203125
0 0.5048828125 0.7216796875 0.029296875 0.033203125
0 0.443359375 0.71484375 0.01953125 0.0234375
0 0.4169921875 0.708984375 0.025390625 0.0234375
0 0.4755859375 0.712890625 0.029296875 0.0390625
0 0.380859375 0.7060546875 0.03125 0.025390625
0 0.30078125 0.703125 0.03125 0.0390625
0 0.2138671875 0.6904296875 0.017578125 0.025390625
0 0.2412109375 0.689453125 0.021484375 0.03125
0 0.2666015625 0.6826171875 0.017578125 0.021484375
0 0.7158203125 0.6796875 0.029296875 0.03125
0 0.3720703125 0.671875 0.021484375 0.01953125
0 0.1875 0.6845703125 0.02734375 0.044921875
0 0.30078125 0.6484375 0.0390625 0.04296875
0 0.1474609375 0.6455078125 0.029296875 0.037109375
0 0.0673828125 0.6298828125 0.025390625 0.029296875
0 0.0224609375 0.615234375 0.025390625 0.03125
0 0.3291015625 0.6044921875 0.017578125 0.017578125
0 0.8837890625 0.59375 0.029296875 0.03125
0 0.8291015625 0.5908203125 0.033203125 0.029296875
0 0.3056640625 0.5791015625 0.021484375 0.021484375
0 0.01171875 0.580078125 0.0234375 0.0234375
0 0.69140625 0.5634765625 0.03125 0.029296875
0 0.7861328125 0.556640625 0.037109375 0.0390625
0 0.9775390625 0.5419921875 0.025390625 0.025390625
0 0.6953125 0.5322265625 0.02734375 0.025390625
0 0.357421875 0.529296875 0.0234375 0.01953125
0 0.2470703125 0.5341796875 0.025390625 0.029296875
0 0.123046875 0.533203125 0.046875 0.03125
0 0.208984375 0.5322265625 0.04296875 0.033203125
0 0.9658203125 0.517578125 0.009765625 0.0078125
0 0.9951171875 0.5224609375 0.009765625 0.021484375
0 0.666015625 0.51953125 0.015625 0.015625
0 0.892578125 0.525390625 0.04296875 0.03515625
0 0.0537109375 0.5185546875 0.029296875 0.025390625
0 0.146484375 0.5048828125 0.015625 0.017578125
0 0.6201171875 0.509765625 0.029296875 0.03515625
0 0.7490234375 0.5087890625 0.033203125 0.037109375
0 0.5693359375 0.5166015625 0.037109375 0.052734375
0 0.912109375 0.4921875 0.01171875 0.01171875
0 0.353515625 0.4921875 0.02734375 0.0234375
0 0.685546875 0.4970703125 0.03125 0.037109375
0 0.853515625 0.4892578125 0.02734375 0.029296875
0 0.119140625 0.4755859375 0.01953125 0.021484375
0 0.0087890625 0.4755859375 0.017578125 0.025390625
0 0.724609375 0.4755859375 0.03125 0.029296875
0 0.6240234375 0.47265625 0.037109375 0.02734375
0 0.3544921875 0.4658203125 0.033203125 0.021484375
0 0.8310546875 0.4716796875 0.037109375 0.037109375
0 0.51171875 0.46484375 0.0390625 0.02734375
0 0.0595703125 0.4638671875 0.037109375 0.025390625
0 0.4443359375 0.458984375 0.033203125 0.03125
0 0.8037109375 0.4560546875 0.029296875 0.029296875
0 0.5869140625 0.455078125 0.033203125 0.03515625
0 0.125 0.447265625 0.01953125 0.0234375
0 0.5224609375 0.4375 0.029296875 0.0234375
0 0.3779296875 0.4384765625 0.025390625 0.025390625
0 0.705078125 0.435546875 0.02734375 0.0234375
0 0.9833984375 0.4169921875 0.017578125 0.021484375
0 0.642578125 0.4208984375 0.02734375 0.029296875
0 0.458984375 0.419921875 0.02734375 0.02734375
0 0.7890625 0.423828125 0.02734375 0.046875
0 0.8837890625 0.4091796875 0.025390625 0.025390625
0 0.5322265625 0.4111328125 0.025390625 0.029296875
0 0.1328125 0.4140625 0.02734375 0.03515625
0 0.953125 0.408203125 0.01953125 0.02734375
0 0.9189453125 0.4091796875 0.021484375 0.029296875
0 0.5986328125 0.404296875 0.041015625 0.01953125
0 0.294921875 0.4111328125 0.046875 0.033203125
0 0.0087890625 0.416015625 0.017578125 0.04296875
0 0.04296875 0.412109375 0.02734375 0.0390625
0 0.3876953125 0.4072265625 0.033203125 0.037109375
0 0.8505859375 0.396484375 0.025390625 0.02734375
0 0.767578125 0.3984375 0.02734375 0.03125
0 0.47265625 0.390625 0.0234375 0.01953125
0 0.6416015625 0.392578125 0.029296875 0.02734375
0 0.82421875 0.37890625 0.02734375 0.02734375
0 0.23046875 0.380859375 0.02734375 0.03125
0 0.537109375 0.3759765625 0.03125 0.025390625
0 0.3310546875 0.3798828125 0.033203125 0.033203125
0 0.740234375 0.3779296875 0.0390625 0.033203125
0 0.1513671875 0.3720703125 0.025390625 0.033203125
0 0.474609375 0.365234375 0.03125 0.02734375
0 0.6142578125 0.35546875 0.037109375 0.0234375
0 0.40234375 0.361328125 0.046875 0.05078125
0 0.0625 0.349609375 0.03515625 0.02734375
0 0.541015625 0.34765625 0.03515625 0.03125
0 0.48046875 0.337890625 0.0234375 0.0234375
0 0.33203125 0.3388671875 0.02734375 0.033203125
0 0.9873046875 0.333984375 0.021484375 0.03125
0 0.1669921875 0.3369140625 0.025390625 0.037109375
0 0.0126953125 0.3330078125 0.025390625 0.033203125
0 0.2373046875 0.333984375 0.033203125 0.04296875
0 0.890625 0.3212890625 0.01953125 0.021484375
0 0.5537109375 0.322265625 0.025390625 0.02734375
0 0.9541015625 0.322265625 0.021484375 0.03125
0 0.08984375 0.322265625 0.03125 0.03515625
0 0.41796875 0.3154296875 0.03125 0.025390625
0 0.8271484375 0.3154296875 0.029296875 0.029296875
0 0.7939453125 0.3076171875 0.025390625 0.017578125
0 0.4873046875 0.3076171875 0.033203125 0.025390625
0 0.734375 0.3037109375 0.01953125 0.021484375
0 0.6572265625 0.30078125 0.033203125 0.0234375
0 0.18359375 0.3046875 0.03125 0.03125
0 0.33203125 0.30078125 0.0234375 0.02734375
0 0.76171875 0.30078125 0.01953125 0.03125
0 0.69921875 0.298828125 0.015625 0.03125
0 0.2607421875 0.2978515625 0.029296875 0.033203125
0 0.8203125 0.287109375 0.01171875 0.015625
0 0.5615234375 0.29296875 0.025390625 0.02734375
0 0.814453125 0.275390625 0.0078125 0.0078125
0 0.1064453125 0.2880859375 0.033203125 0.041015625
0 0.4267578125 0.275390625 0.029296875 0.01953125
0 0.7861328125 0.267578125 0.009765625 0.0078125
0 0.9892578125 0.2705078125 0.021484375 0.021484375
0 0.3388671875 0.2705078125 0.025390625 0.025390625
0 0.9599609375 0.2685546875 0.021484375 0.025390625
0 0.1943359375 0.26953125 0.025390625 0.03125
0 0.48828125 0.26171875 0.02734375 0.01953125
0 0.90625 0.2626953125 0.02734375 0.029296875
0 0.7763671875 0.25390625 0.009765625 0.01171875
0 0.736328125 0.25390625 0.015625 0.015625
0 0.8720703125 0.2548828125 0.025390625 0.033203125
0 0.0205078125 0.2529296875 0.041015625 0.041015625
0 0.5537109375 0.24609375 0.033203125 0.03125
0 0.2607421875 0.2451171875 0.041015625 0.033203125
0 0.8447265625 0.244140625 0.029296875 0.03515625
0 0.7470703125 0.232421875 0.013671875 0.015625
0 0.365234375 0.236328125 0.0390625 0.0234375
0 0.6298828125 0.234375 0.021484375 0.0234375
0 0.1337890625 0.2392578125 0.029296875 0.037109375
0 0.4892578125 0.23046875 0.025390625 0.0234375
0 0.2177734375 0.232421875 0.041015625 0.02734375
0 0.6611328125 0.2314453125 0.025390625 0.029296875
0 0.4248046875 0.228515625 0.037109375 0.0234375
0 0.8212890625 0.2255859375 0.029296875 0.025390625
0 0.693359375 0.224609375 0.0234375 0.03125
0 0.5341796875 0.2255859375 0.037109375 0.033203125
0 0.7216796875 0.2177734375 0.021484375 0.029296875
0 0.78515625 0.2109375 0.0234375 0.0234375
0 0.751953125 0.2099609375 0.0234375 0.021484375
0 0.025390625 0.205078125 0.03515625 0.02734375
0 0.96875 0.1943359375 0.0234375 0.021484375
0 0.939453125 0.1943359375 0.0234375 0.021484375
0 0.14453125 0.1982421875 0.03515625 0.033203125
0 0.4287109375 0.1904296875 0.029296875 0.021484375
0 0.9931640625 0.189453125 0.013671875 0.0234375
0 0.0947265625 0.19140625 0.033203125 0.02734375
0 0.8935546875 0.19140625 0.021484375 0.03125
0 0.2890625 0.1806640625 0.03515625 0.025390625
0 0.607421875 0.17578125 0.01953125 0.0234375
0 0.869140625 0.1796875 0.02734375 0.03515625
0 0.916015625 0.16796875 0.015625 0.015625
0 0.6416015625 0.171875 0.021484375 0.0234375
0 0.3759765625 0.166015625 0.009765625 0.01171875
0 0.33984375 0.1748046875 0.0390625 0.029296875
0 0.181640625 0.173828125 0.02734375 0.02734375
0 0.2548828125 0.169921875 0.029296875 0.02734375
0 0.216796875 0.1630859375 0.0234375 0.021484375
0 0.703125 0.1591796875 0.0234375 0.025390625
0 0.5791015625 0.16015625 0.029296875 0.02734375
0 0.943359375 0.154296875 0.01953125 0.01953125
0 0.7314453125 0.154296875 0.021484375 0.01953125
0 0.490234375 0.1708984375 0.03125 0.052734375
0 0.1279296875 0.146484375 0.017578125 0.01953125
0 0.7529296875 0.146484375 0.021484375 0.02734375
0 0.8486328125 0.138671875 0.033203125 0.01953125
0 0.337890625 0.1279296875 0.01171875 0.009765625
0 0.365234375 0.1259765625 0.01171875 0.009765625
0 0.0830078125 0.1357421875 0.029296875 0.029296875
0 0.5595703125 0.1337890625 0.037109375 0.037109375
0 0.052734375 0.1259765625 0.03515625 0.025390625
0 0.6328125 0.1162109375 0.01953125 0.021484375
0 0.904296875 0.115234375 0.02734375 0.0234375
0 0.5341796875 0.115234375 0.029296875 0.0234375
0 0.69921875 0.1123046875 0.03125 0.021484375
0 0.93359375 0.109375 0.02734375 0.03125
0 0.2802734375 0.0986328125 0.009765625 0.009765625
0 0.0029296875 0.099609375 0.005859375 0.01953125
0 0.96484375 0.1015625 0.02734375 0.02734375
0 0.552734375 0.0908203125 0.015625 0.017578125
0 0.390625 0.0947265625 0.02734375 0.025390625
0 0.7314453125 0.0859375 0.029296875 0.01953125
0 0.6357421875 0.0859375 0.025390625 0.0234375
0 0.775390625 0.0869140625 0.0234375 0.029296875
0 0.0888671875 0.087890625 0.037109375 0.03125
0 0.3583984375 0.0830078125 0.029296875 0.025390625
0 0.4716796875 0.0859375 0.033203125 0.03515625
0 0.56640625 0.078125 0.0234375 0.03125
0 0.0078125 0.0712890625 0.015625 0.021484375
0 0.32421875 0.076171875 0.03125 0.03515625
0 0.8310546875 0.06640625 0.029296875 0.0234375
0 0.068359375 0.05859375 0.01953125 0.015625
0 0.2978515625 0.0595703125 0.021484375 0.025390625
0 0.576171875 0.048828125 0.02734375 0.01953125
0 0.2646484375 0.0556640625 0.033203125 0.037109375
0 0.888671875 0.046875 0.0234375 0.02734375
0 0.916015625 0.0439453125 0.02734375 0.025390625
0 0.4326171875 0.041015625 0.021484375 0.01953125
0 0.009765625 0.04296875 0.01953125 0.0234375
0 0.2431640625 0.0458984375 0.029296875 0.033203125
0 0.94921875 0.0390625 0.02734375 0.0234375
0 0.50390625 0.0380859375 0.03515625 0.021484375
0 0.07421875 0.03515625 0.02734375 0.02734375
0 0.8408203125 0.0322265625 0.033203125 0.025390625
0 0.6689453125 0.0361328125 0.033203125 0.033203125
0 0.5830078125 0.025390625 0.025390625 0.01953125
0 0.2041015625 0.0322265625 0.048828125 0.037109375
0 0.1669921875 0.02734375 0.021484375 0.02734375
0 0.9873046875 0.025390625 0.025390625 0.02734375
0 0.41015625 0.02734375 0.02734375 0.03125
0 0.75390625 0.017578125 0.0234375 0.0234375
0 0.509765625 0.015625 0.0390625 0.0234375
0 0.375 0.017578125 0.02734375 0.02734375
0 0.818359375 0.013671875 0.0234375 0.02734375
0 0.580078125 0.0048828125 0.01953125 0.009765625
0 0.4482421875 0.001953125 0.005859375 0.00390625
0 0.318359375 0.0068359375 0.01953125 0.013671875
0 0.2939453125 0.00390625 0.021484375 0.0078125
0 0.142578125 0.0048828125 0.01171875 0.009765625
0 0.0810546875 0.009765625 0.029296875 0.01953125
0 0.015625 0.0107421875 0.03125 0.021484375