0 0.6669921875 0.728515625 0.021484375 0.01171875
0 0.6591796875 0.701171875 0.017578125 0.015625
0 0.0341796875 0.283203125 0.029296875 0.03125
0 0.1083984375 0.2734375 0.021484375 0.0234375
0 0.091796875 0.2578125 0.03125 0.03125
0 0.0107421875 0.2568359375 0.021484375 0.033203125
0 0.0703125 0.2421875 0.0390625 0.0390625
0 0.150390625 0.2255859375 0.03515625 0.033203125
0 0.05078125 0.224609375 0.03515625 0.03515625
0 0.1318359375 0.2080078125 0.033203125 0.033203125
0 0.0341796875 0.2080078125 0.033203125 0.037109375
0 0.115234375 0.19140625 0.03515625 0.03515625
0 0.1865234375 0.17578125 0.029296875 0.03125
0 0.099609375 0.1728515625 0.0390625 0.041015625
0 0.00390625 0.16015625 0.0078125 0.015625
0 0.1513671875 0.140625 0.033203125 0.03515625
0 0.0751953125 0.146484375 0.056640625 0.05078125
0 0.232421875 0.126953125 0.015625 0.015625
0 0.0458984375 0.123046875 0.037109375 0.0390625
0 0.21875 0.111328125 0.02734375 0.02734375
0 0.119140625 0.109375 0.0390625 0.0390625
0 0.2001953125 0.0927734375 0.033203125 0.033203125
0 0.1015625 0.0927734375 0.0390625 0.041015625
0 0.01171875 0.0869140625 0.0234375 0.033203125
0 0.275390625 0.0751953125 0.03515625 0.037109375
0 0.1845703125 0.0751953125 0.033203125 0.037109375
0 0.005859375 0.0654296875 0.01171875 0.021484375
0 0.083984375 0.0712890625 0.0390625 0.037109375
0 0.16796875 0.0576171875 0.03515625 0.033203125
0 0.150390625 0.0439453125 0.03515625 0.033203125
0 0.130859375 0.029296875 0.02734375 0.02734375
0 0.318359375 0.0283203125 0.02734375 0.029296875
0 0.2294921875 0.0322265625 0.052734375 0.052734375
0 0.65234375 0.001953125 0.0078125 0.00390625
0 0.2998046875 0.0126953125 0.037109375 0.025390625
0 0.2021484375 0.01171875 0.033203125 0.0234375
0 0.1787109375 0.0048828125 0.013671875 0.009765625
0 0.1328125 0.00390625 0.01171875 0.0078125
0 0.0869140625 0.005859375 0.021484375 0.01171875
0 0.0146484375 0.0126953125 0.029296875 0.025390625