0 0.7919921875 0.998046875 0.005859375 0.00390625
0 0.9267578125 0.9892578125 0.017578125 0.013671875
0 0.2373046875 0.9873046875 0.072265625 0.025390625
0 0.9892578125 0.9765625 0.021484375 0.0234375
0 0.9287109375 0.96875 0.033203125 0.0234375
0 0.0458984375 0.9765625 0.091796875 0.046875
0 0.9921875 0.9482421875 0.015625 0.021484375
0 0.935546875 0.939453125 0.02734375 0.01953125
0 0.3671875 0.94921875 0.1875 0.07421875
0 0.994140625 0.9208984375 0.01171875 0.021484375
0 0.3955078125 0.916015625 0.025390625 0.0234375
0 0.9375 0.912109375 0.03125 0.0234375
0 0.2294921875 0.916015625 0.025390625 0.03515625
0 0.4423828125 0.900390625 0.037109375 0.0234375
0 0.2060546875 0.9091796875 0.025390625 0.041015625
0 0.9970703125 0.8935546875 0.005859375 0.017578125
0 0.181640625 0.90625 0.02734375 0.04296875
0 0.15625 0.90234375 0.02734375 0.04296875
0 0.9326171875 0.8896484375 0.044921875 0.021484375
0 0.1298828125 0.8955078125 0.029296875 0.037109375
0 0.0537109375 0.890625 0.041015625 0.0390625
0 0.5234375 0.9296875 0.08203125 0.125
0 0.447265625 0.876953125 0.03125 0.0234375
0 0.2314453125 0.8701171875 0.060546875 0.029296875
0 0.9404296875 0.8564453125 0.041015625 0.025390625
0 0.0029296875 0.8515625 0.005859375 0.015625
0 0.4482421875 0.8544921875 0.041015625 0.025390625
0 0.404296875 0.8583984375 0.02734375 0.041015625
0 0.0185546875 0.87109375 0.029296875 0.0703125
0 0.3427734375 0.8759765625 0.048828125 0.087890625
0 0.380859375 0.853515625 0.02734375 0.046875
0 0.0615234375 0.841796875 0.041015625 0.02734375
0 0.9521484375 0.83203125 0.029296875 0.02734375
0 0.2353515625 0.83203125 0.048828125 0.02734375
0 0.0673828125 0.8154296875 0.029296875 0.025390625
0 0.45703125 0.80859375 0.046875 0.02734375
0 0.2373046875 0.8056640625 0.044921875 0.025390625
0 0.9560546875 0.802734375 0.029296875 0.0234375
0 0.015625 0.802734375 0.03125 0.0234375
0 0.4140625 0.794921875 0.0234375 0.03515625
0 0.4580078125 0.7861328125 0.044921875 0.025390625
0 0.3896484375 0.7919921875 0.025390625 0.041015625
0 0.9609375 0.7763671875 0.02734375 0.017578125
0 0.0703125 0.7666015625 0.0625 0.029296875
0 0.462890625 0.76171875 0.04296875 0.02734375
0 0.3349609375 0.7607421875 0.041015625 0.033203125
0 0.630859375 0.7705078125 0.04296875 0.056640625
0 0.5927734375 0.75 0.021484375 0.0234375
0 0.0078125 0.751953125 0.015625 0.02734375
0 0.9638671875 0.75 0.029296875 0.02734375
0 0.24609375 0.7587890625 0.0546875 0.072265625
0 0.4638671875 0.7294921875 0.048828125 0.033203125
0 0.9697265625 0.72265625 0.029296875 0.0234375
0 0.4072265625 0.7197265625 0.025390625 0.025390625
0 0.3515625 0.7333984375 0.0625 0.056640625
0 0.1650390625 0.779296875 0.076171875 0.15234375
0 0.2578125 0.7138671875 0.0546875 0.025390625
0 0.7861328125 0.849609375 0.220703125 0.30078125
0 0.0263671875 0.71875 0.048828125 0.0390625
0 0.974609375 0.6962890625 0.02734375 0.021484375
0 0.2734375 0.689453125 0.0390625 0.0234375
0 0.41015625 0.6875 0.03125 0.02734375
0 0.4775390625 0.685546875 0.033203125 0.03125
0 0.1787109375 0.689453125 0.068359375 0.0390625
0 0.349609375 0.68359375 0.046875 0.0390625
0 0.2294921875 0.6728515625 0.017578125 0.029296875
0 0.09765625 0.6689453125 0.03125 0.029296875
0 0.2734375 0.6630859375 0.0390625 0.025390625
0 0.0439453125 0.6650390625 0.033203125 0.033203125
0 0.4140625 0.6591796875 0.02734375 0.029296875
0 0.646484375 0.6494140625 0.01953125 0.017578125
0 0.189453125 0.658203125 0.0625 0.03515625
0 0.39453125 0.64453125 0.015625 0.015625
0 0.978515625 0.6572265625 0.0390625 0.044921875
0 0.6181640625 0.6455078125 0.033203125 0.021484375
0 0.349609375 0.6474609375 0.04296875 0.029296875
0 0.234375 0.6376953125 0.015625 0.021484375
0 0.005859375 0.630859375 0.01171875 0.015625
0 0.6513671875 0.6298828125 0.025390625 0.017578125
0 0.1044921875 0.6328125 0.033203125 0.0234375
0 0.0263671875 0.646484375 0.052734375 0.0546875
0 0.2763671875 0.6318359375 0.044921875 0.029296875
0 0.595703125 0.6279296875 0.05078125 0.033203125
0 0.365234375 0.6220703125 0.046875 0.025390625
0 0.181640625 0.6220703125 0.03515625 0.033203125
0 0.9462890625 0.6162109375 0.021484375 0.029296875
0 0.73046875 0.611328125 0.015625 0.01953125
0 0.5595703125 0.6201171875 0.025390625 0.037109375
0 0.466796875 0.6123046875 0.02734375 0.021484375
0 0.658203125 0.607421875 0.02734375 0.01953125
0 0.9150390625 0.6103515625 0.025390625 0.033203125
0 0.4189453125 0.607421875 0.021484375 0.03125
0 0.611328125 0.599609375 0.02734375 0.01953125
0 0.0458984375 0.6025390625 0.025390625 0.025390625
0 0.10546875 0.603515625 0.0390625 0.03125
0 0.3701171875 0.595703125 0.041015625 0.02734375
0 0.8662109375 0.5986328125 0.068359375 0.041015625
0 0.5634765625 0.58984375 0.029296875 0.0234375
0 0.8203125 0.5927734375 0.03125 0.037109375
0 0.0078125 0.5908203125 0.015625 0.033203125
0 0.619140625 0.5810546875 0.015625 0.017578125
0 0.7763671875 0.5869140625 0.044921875 0.044921875
0 0.2001953125 0.583984375 0.041015625 0.0390625
0 0.7421875 0.5771484375 0.0234375 0.033203125
0 0.5693359375 0.5693359375 0.037109375 0.021484375
0 0.3720703125 0.572265625 0.041015625 0.02734375
0 0.052734375 0.572265625 0.03515625 0.02734375
0 0.7158203125 0.5732421875 0.021484375 0.033203125
0 0.2705078125 0.5751953125 0.064453125 0.041015625
0 0.67578125 0.5693359375 0.0234375 0.037109375
0 0.65625 0.5625 0.0234375 0.02734375
0 0.0078125 0.55859375 0.015625 0.02734375
0 0.6123046875 0.5576171875 0.041015625 0.037109375
0 0.9150390625 0.55078125 0.044921875 0.02734375
0 0.56640625 0.546875 0.02734375 0.0234375
0 0.20703125 0.5458984375 0.05078125 0.029296875
0 0.056640625 0.544921875 0.0390625 0.02734375
0 0.98046875 0.560546875 0.0390625 0.0625
0 0.791015625 0.533203125 0.03125 0.0234375
0 0.8544921875 0.5341796875 0.029296875 0.029296875
0 0.119140625 0.5498046875 0.0546875 0.060546875
0 0.8955078125 0.5341796875 0.033203125 0.033203125
0 0.47265625 0.5625 0.1015625 0.08984375
0 0.388671875 0.537109375 0.0625 0.046875
0 0.279296875 0.529296875 0.0546875 0.03125
0 0.7578125 0.525390625 0.02734375 0.02734375
0 0.833984375 0.5185546875 0.02734375 0.025390625
0 0.0068359375 0.51953125 0.013671875 0.02734375
0 0.9921875 0.51953125 0.015625 0.03125
0 0.7333984375 0.5185546875 0.021484375 0.033203125
0 0.94140625 0.5107421875 0.02734375 0.029296875
0 0.8779296875 0.5107421875 0.029296875 0.029296875
0 0.5146484375 0.5068359375 0.033203125 0.021484375
0 0.7099609375 0.5126953125 0.021484375 0.037109375
0 0.76953125 0.5048828125 0.0234375 0.025390625
0 0.6865234375 0.509765625 0.025390625 0.03515625
0 0.6611328125 0.5087890625 0.025390625 0.033203125
0 0.2138671875 0.5078125 0.052734375 0.03125
0 0.48828125 0.4990234375 0.015625 0.021484375
0 0.6357421875 0.50390625 0.021484375 0.03515625
0 0.5791015625 0.4990234375 0.037109375 0.025390625
0 0.615234375 0.4990234375 0.01953125 0.033203125
0 0.818359375 0.4951171875 0.02734375 0.029296875
0 0.8603515625 0.4931640625 0.029296875 0.029296875
0 0.4677734375 0.4921875 0.025390625 0.03125
0 0.3095703125 0.4921875 0.021484375 0.03125
0 0.052734375 0.49609375 0.03125 0.0390625
0 0.390625 0.494140625 0.046875 0.04296875
0 0.927734375 0.4873046875 0.03515625 0.033203125
0 0.51953125 0.4814453125 0.0234375 0.025390625
0 0.849609375 0.4775390625 0.02734375 0.025390625
0 0.583984375 0.4755859375 0.03515625 0.021484375
0 0.66796875 0.474609375 0.0234375 0.0234375
0 0.109375 0.490234375 0.08203125 0.0546875
0 0.9658203125 0.4794921875 0.033203125 0.037109375
0 0.8017578125 0.4736328125 0.025390625 0.025390625
0 0.640625 0.4716796875 0.01953125 0.021484375
0 0.7412109375 0.4765625 0.044921875 0.04296875
0 0.986328125 0.4658203125 0.0234375 0.025390625
0 0.8369140625 0.4609375 0.025390625 0.0234375
0 0.5234375 0.455078125 0.0234375 0.015625
0 0.587890625 0.4541015625 0.03515625 0.021484375
0 0.3173828125 0.4580078125 0.017578125 0.029296875
0 0.912109375 0.458984375 0.0390625 0.0390625
0 0.7861328125 0.453125 0.029296875 0.02734375
0 0.716796875 0.4521484375 0.0234375 0.025390625
0 0.8271484375 0.447265625 0.025390625 0.0234375
0 0.2236328125 0.4560546875 0.064453125 0.048828125
0 0.482421875 0.439453125 0.01953125 0.02734375
0 0.275390625 0.458984375 0.0390625 0.0703125
0 0.888671875 0.4404296875 0.0390625 0.037109375
0 0.814453125 0.43359375 0.0234375 0.0234375
0 0.59375 0.4326171875 0.0390625 0.021484375
0 0.7685546875 0.43359375 0.029296875 0.02734375
0 0.7021484375 0.431640625 0.041015625 0.02734375
0 0.3232421875 0.4248046875 0.013671875 0.029296875
0 0.072265625 0.4189453125 0.015625 0.021484375
0 0.802734375 0.41796875 0.0234375 0.02734375
0 0.52734375 0.4248046875 0.03515625 0.041015625
0 0.6494140625 0.41796875 0.025390625 0.03125
0 0.751953125 0.4140625 0.03125 0.03125
0 0.5087890625 0.408203125 0.021484375 0.01953125
0 0.9833984375 0.4150390625 0.033203125 0.037109375
0 0.9345703125 0.408203125 0.021484375 0.0234375
0 0.7880859375 0.400390625 0.025390625 0.0234375
0 0.1064453125 0.400390625 0.033203125 0.02734375
0 0.0390625 0.404296875 0.03515625 0.0390625
0 0.671875 0.3955078125 0.0390625 0.025390625
0 0.96875 0.3994140625 0.03515625 0.041015625
0 0.7373046875 0.392578125 0.029296875 0.02734375
0 0.87109375 0.3984375 0.046875 0.046875
0 0.6123046875 0.3984375 0.041015625 0.046875
0 0.7763671875 0.384765625 0.025390625 0.0234375
0 0.4208984375 0.43359375 0.099609375 0.13671875
0 0.0234375 0.375 0.02734375 0.0234375
0 0.9111328125 0.3740234375 0.037109375 0.033203125
0 0.763671875 0.369140625 0.0234375 0.0234375
0 0.1865234375 0.3759765625 0.033203125 0.037109375
0 0.8486328125 0.375 0.044921875 0.0390625
0 0.720703125 0.37109375 0.03125 0.03125
0 0.48828125 0.376953125 0.02734375 0.04296875
0 0.6083984375 0.361328125 0.037109375 0.0234375
0 0.6474609375 0.359375 0.025390625 0.0234375
0 0.517578125 0.365234375 0.0234375 0.0390625
0 0.9462890625 0.3671875 0.041015625 0.046875
0 0.2158203125 0.3642578125 0.029296875 0.041015625
0 0.748046875 0.3525390625 0.03125 0.025390625
0 0.5419921875 0.3603515625 0.025390625 0.041015625
0 0.998046875 0.337890625 0.00390625 0.00390625
0 0.818359375 0.3515625 0.05078125 0.05078125
0 0.1787109375 0.337890625 0.037109375 0.02734375
0 0.0986328125 0.341796875 0.041015625 0.03515625
0 0.03515625 0.3349609375 0.02734375 0.025390625
0 0.7392578125 0.328125 0.029296875 0.03125
0 0.615234375 0.330078125 0.0546875 0.04296875
0 0.79296875 0.3203125 0.03125 0.03125
0 0.7724609375 0.3046875 0.009765625 0.01171875
0 0.1787109375 0.306640625 0.041015625 0.0234375
0 0.376953125 0.3125 0.02734375 0.0390625
0 0.22265625 0.3056640625 0.03515625 0.033203125
0 0.0146484375 0.306640625 0.029296875 0.03515625
0 0.41796875 0.3056640625 0.0234375 0.037109375
0 0.693359375 0.3271484375 0.08203125 0.083984375
0 0.4462890625 0.298828125 0.021484375 0.0390625
0 0.978515625 0.2998046875 0.0390625 0.044921875
0 0.7509765625 0.28515625 0.021484375 0.01953125
0 0.4677734375 0.28515625 0.033203125 0.0390625
0 0.7958984375 0.2802734375 0.037109375 0.041015625
0 0.18359375 0.2744140625 0.0390625 0.033203125
0 0.32421875 0.28125 0.03515625 0.0546875
0 0.5927734375 0.263671875 0.041015625 0.0234375
0 0.4384765625 0.2587890625 0.017578125 0.013671875
0 0.380859375 0.26171875 0.04296875 0.03125
0 0.951171875 0.2607421875 0.0390625 0.041015625
0 0.857421875 0.2890625 0.11328125 0.09765625
0 0.4970703125 0.248046875 0.021484375 0.01953125
0 0.08203125 0.2578125 0.046875 0.0390625
0 0.0078125 0.25390625 0.015625 0.03515625
0 0.5146484375 0.265625 0.060546875 0.0703125
0 0.2880859375 0.240234375 0.021484375 0.03125
0 0.5849609375 0.2333984375 0.041015625 0.025390625
0 0.923828125 0.2373046875 0.0390625 0.041015625
0 0.658203125 0.234375 0.0390625 0.0390625
0 0.4912109375 0.224609375 0.029296875 0.01953125
0 0.5146484375 0.2158203125 0.017578125 0.013671875
0 0.369140625 0.2177734375 0.0390625 0.029296875
0 0.97265625 0.232421875 0.0546875 0.0625
0 0.0068359375 0.203125 0.013671875 0.01953125
0 0.41796875 0.2041015625 0.03125 0.025390625
0 0.7197265625 0.216796875 0.068359375 0.0625
0 0.7841796875 0.2060546875 0.076171875 0.048828125
0 0.4609375 0.19921875 0.02734375 0.04296875
0 0.0703125 0.1943359375 0.0390625 0.033203125
0 0.25390625 0.185546875 0.0234375 0.0234375
0 0.5 0.1787109375 0.02734375 0.029296875
0 0.2255859375 0.1767578125 0.041015625 0.048828125
0 0.2900390625 0.169921875 0.037109375 0.04296875
0 0.5595703125 0.1787109375 0.037109375 0.068359375
0 0.34375 0.1611328125 0.03125 0.041015625
0 0.6240234375 0.16796875 0.033203125 0.05859375
0 0.927734375 0.1630859375 0.08203125 0.056640625
0 0.587890625 0.1689453125 0.0390625 0.068359375
0 0.650390625 0.1591796875 0.03515625 0.056640625
0 0.9833984375 0.1474609375 0.033203125 0.041015625
0 0.3896484375 0.1396484375 0.037109375 0.037109375
0 0.0576171875 0.140625 0.041015625 0.0390625
0 0.34765625 0.1240234375 0.015625 0.017578125
0 0.841796875 0.1259765625 0.0703125 0.037109375
0 0.9970703125 0.1142578125 0.005859375 0.017578125
0 0.2529296875 0.125 0.044921875 0.0390625
0 0.1513671875 0.1201171875 0.048828125 0.064453125
0 0.8369140625 0.0947265625 0.060546875 0.029296875
0 0.9931640625 0.0888671875 0.013671875 0.021484375
0 0.9638671875 0.0830078125 0.013671875 0.017578125
0 0.0556640625 0.0888671875 0.029296875 0.029296875
0 0.9404296875 0.083984375 0.033203125 0.03515625
0 0.8017578125 0.078125 0.025390625 0.02734375
0 0.4345703125 0.0751953125 0.029296875 0.033203125
0 0.994140625 0.0634765625 0.01171875 0.013671875
0 0.287109375 0.0751953125 0.0390625 0.041015625
0 0.5341796875 0.087890625 0.037109375 0.0703125
0 0.8427734375 0.0654296875 0.025390625 0.029296875
0 0.2021484375 0.0615234375 0.033203125 0.029296875
0 0.873046875 0.0576171875 0.01953125 0.029296875
0 0.89453125 0.05078125 0.01953125 0.02734375
0 0.693359375 0.1083984375 0.109375 0.146484375
0 0.5595703125 0.07421875 0.037109375 0.078125
0 0.412109375 0.044921875 0.02734375 0.0234375
0 0.125 0.048828125 0.0234375 0.03515625
0 0.990234375 0.041015625 0.01953125 0.0234375
0 0.9375 0.0458984375 0.0234375 0.033203125
0 0.3154296875 0.0390625 0.029296875 0.02734375
0 0.740234375 0.0341796875 0.03515625 0.021484375
0 0.3857421875 0.03515625 0.025390625 0.02734375
0 0.9619140625 0.03515625 0.025390625 0.03125
0 0.037109375 0.033203125 0.03515625 0.03515625
0 0.482421875 0.029296875 0.03125 0.03125
0 0.587890625 0.0517578125 0.04296875 0.080078125
0 0.615234375 0.0419921875 0.0390625 0.080078125
0 0.8701171875 0.005859375 0.021484375 0.01171875
0 0.82421875 0.013671875 0.03515625 0.02734375
0 0.7802734375 0.021484375 0.041015625 0.04296875
0 0.759765625 0.0078125 0.02734375 0.015625
0 0.7119140625 0.0107421875 0.037109375 0.021484375
0 0.509765625 0.009765625 0.03125 0.01953125
0 0.2265625 0.0166015625 0.03515625 0.033203125
0 0.1259765625 0.0048828125 0.033203125 0.009765625