0 0.6083984375 0.998046875 0.005859375 0.00390625
0 0.4697265625 0.9970703125 0.017578125 0.005859375
0 0.3544921875 0.994140625 0.021484375 0.01171875
0 0.2646484375 0.9912109375 0.025390625 0.017578125
0 0.0029296875 0.9873046875 0.005859375 0.009765625
0 0.638671875 0.986328125 0.03125 0.02734375
0 0.712890625 0.9814453125 0.046875 0.021484375
0 0.517578125 0.9814453125 0.03125 0.033203125
0 0.078125 0.9736328125 0.03515625 0.033203125
0 0.560546875 0.953125 0.03125 0.03125
0 0.3720703125 0.9462890625 0.029296875 0.029296875
0 0.9013671875 0.947265625 0.041015625 0.03515625
0 0.1240234375 0.9375 0.033203125 0.03515625
0 0.609375 0.9208984375 0.03125 0.033203125
0 0.4072265625 0.9228515625 0.037109375 0.037109375
0 0.1591796875 0.912109375 0.037109375 0.03515625
0 0.201171875 0.9013671875 0.01953125 0.021484375
0 0.3115234375 0.9033203125 0.041015625 0.033203125
0 0.455078125 0.8955078125 0.03125 0.029296875
0 0.70703125 0.8876953125 0.03515625 0.029296875
0 0.2197265625 0.8837890625 0.029296875 0.029296875
0 0.7939453125 0.875 0.021484375 0.0234375
0 0.3466796875 0.876953125 0.037109375 0.02734375
0 0.5810546875 0.8623046875 0.029296875 0.025390625
0 0.484375 0.8623046875 0.02734375 0.025390625
0 0.5244140625 0.8525390625 0.025390625 0.025390625
0 0.3857421875 0.8525390625 0.029296875 0.029296875
0 0.7861328125 0.8310546875 0.029296875 0.033203125
0 0.6611328125 0.8291015625 0.037109375 0.029296875
0 0.4248046875 0.822265625 0.029296875 0.02734375
0 0.2978515625 0.814453125 0.033203125 0.03125
0 0.4609375 0.79296875 0.03125 0.02734375
0 0.5830078125 0.7861328125 0.029296875 0.029296875
0 0.33203125 0.787109375 0.0390625 0.03515625
0 0.5 0.763671875 0.04296875 0.03515625
0 0.3671875 0.755859375 0.03515625 0.03125
0 0.6240234375 0.7373046875 0.017578125 0.017578125
0 0.544921875 0.7265625 0.02734375 0.02734375
0 0.4033203125 0.7265625 0.037109375 0.0390625
0 0.697265625 0.712890625 0.03515625 0.03125
0 0.576171875 0.70703125 0.03125 0.0234375
0 0.447265625 0.6904296875 0.03515625 0.033203125
0 0.998046875 0.6650390625 0.00390625 0.009765625
0 0.76171875 0.6513671875 0.03515625 0.033203125
0 0.4736328125 0.640625 0.029296875 0.02734375
0 0.849609375 0.638671875 0.05078125 0.03515625
0 0.5146484375 0.6142578125 0.041015625 0.025390625
0 0.93359375 0.5849609375 0.03125 0.021484375
0 0.001953125 0.3828125 0.00390625 0.00390625
0 0.4140625 0.3369140625 0.26953125 0.193359375
0 0.0263671875 0.2509765625 0.013671875 0.021484375
0 0.0068359375 0.2431640625 0.013671875 0.029296875
0 0.1220703125 0.208984375 0.041015625 0.03515625
0 0.0029296875 0.177734375 0.005859375 0.01171875
0 0.5908203125 0.1767578125 0.076171875 0.048828125
0 0.0556640625 0.1435546875 0.048828125 0.052734375
0 0.103515625 0.1171875 0.05078125 0.05078125
0 0.0361328125 0.0947265625 0.025390625 0.025390625
0 0.2041015625 0.095703125 0.048828125 0.04296875
0 0.1123046875 0.078125 0.025390625 0.02734375
0 0.0244140625 0.0654296875 0.025390625 0.025390625
0 0.9951171875 0.0576171875 0.009765625 0.017578125
0 0.181640625 0.0537109375 0.02734375 0.025390625
0 0.0966796875 0.0498046875 0.033203125 0.025390625
0 0.0244140625 0.041015625 0.041015625 0.02734375
0 0.1748046875 0.0283203125 0.025390625 0.021484375
0 0.087890625 0.0244140625 0.0390625 0.029296875
0 0.0107421875 0.015625 0.021484375 0.0234375
0 0.7763671875 0.064453125 0.173828125 0.12890625
0 0.1669921875 0.0078125 0.029296875 0.015625
0 0.0830078125 0.0048828125 0.029296875 0.009765625