0 0.4677734375 0.99609375 0.013671875 0.0078125
0 0.0634765625 0.99609375 0.013671875 0.0078125
0 0.8525390625 0.9951171875 0.021484375 0.009765625
0 0.7841796875 0.9921875 0.037109375 0.015625
0 0.44140625 0.990234375 0.0234375 0.01953125
0 0.4013671875 0.9814453125 0.033203125 0.037109375
0 0.0166015625 0.9814453125 0.033203125 0.037109375
0 0.923828125 0.9697265625 0.046875 0.033203125
0 0.87109375 0.9609375 0.02734375 0.03515625
0 0.3662109375 0.9609375 0.029296875 0.03515625
0 0.794921875 0.955078125 0.03125 0.03125
0 0.267578125 0.966796875 0.078125 0.05859375
0 0.3388671875 0.9482421875 0.029296875 0.033203125
0 0.1708984375 0.9599609375 0.056640625 0.060546875
0 0.9287109375 0.9296875 0.017578125 0.01953125
0 0.58984375 0.9248046875 0.04296875 0.029296875
0 0.810546875 0.9228515625 0.02734375 0.029296875
0 0.9970703125 0.9111328125 0.005859375 0.021484375
0 0.087890625 0.923828125 0.0546875 0.05859375
0 0.90234375 0.8955078125 0.0390625 0.021484375
0 0.1953125 0.8935546875 0.02734375 0.017578125
0 0.8212890625 0.8916015625 0.021484375 0.025390625
0 0.9892578125 0.8701171875 0.021484375 0.017578125
0 0.1962890625 0.86328125 0.025390625 0.01953125
0 0.279296875 0.8857421875 0.05078125 0.072265625
0 0.025390625 0.875 0.05078125 0.0546875
0 0.826171875 0.849609375 0.05078125 0.0234375
0 0.162109375 0.845703125 0.03515625 0.03125
0 0.974609375 0.8408203125 0.04296875 0.025390625
0 0.3740234375 0.8681640625 0.095703125 0.087890625
0 0.193359375 0.8291015625 0.03125 0.021484375
0 0.140625 0.8154296875 0.02734375 0.021484375
0 0.841796875 0.8154296875 0.046875 0.033203125
0 0.98828125 0.7998046875 0.0234375 0.021484375
0 0.19921875 0.794921875 0.01953125 0.015625
0 0.8134765625 0.7890625 0.013671875 0.01171875
0 0.2861328125 0.80078125 0.076171875 0.04296875
0 0.859375 0.7763671875 0.03515625 0.025390625
0 0.033203125 0.779296875 0.03515625 0.0390625
0 0.140625 0.77734375 0.05859375 0.05078125
0 0.8134765625 0.7470703125 0.017578125 0.017578125
0 0.8525390625 0.7412109375 0.033203125 0.029296875
0 0.078125 0.7451171875 0.0546875 0.048828125
0 0.0146484375 0.720703125 0.029296875 0.02734375
0 0.1484375 0.7197265625 0.02734375 0.029296875
0 0.83984375 0.7041015625 0.03515625 0.025390625
0 0.2021484375 0.7001953125 0.029296875 0.017578125
0 0.2763671875 0.6943359375 0.044921875 0.041015625
0 0.119140625 0.6962890625 0.046875 0.056640625
0 0.833984375 0.669921875 0.02734375 0.03125
0 0.9287109375 0.6689453125 0.033203125 0.037109375
0 0.0947265625 0.6748046875 0.037109375 0.056640625
0 0.3388671875 0.7138671875 0.173828125 0.138671875
0 0.95703125 0.6298828125 0.03125 0.021484375
0 0.81640625 0.6328125 0.03125 0.02734375
0 0.767578125 0.62109375 0.01953125 0.01953125
0 0.9638671875 0.6083984375 0.029296875 0.021484375
0 0.90234375 0.61328125 0.046875 0.03125
0 0.7998046875 0.6005859375 0.044921875 0.029296875
0 0.390625 0.6064453125 0.03125 0.048828125
0 0.4541015625 0.572265625 0.041015625 0.03125
0 0.2958984375 0.599609375 0.080078125 0.09375
0 0.9814453125 0.5615234375 0.025390625 0.025390625
0 0.9130859375 0.5634765625 0.025390625 0.033203125
0 0.8779296875 0.560546875 0.021484375 0.03125
0 0.7919921875 0.5517578125 0.029296875 0.017578125
0 0.712890625 0.552734375 0.03125 0.03125
0 0.6767578125 0.546875 0.017578125 0.0234375
0 0.646484375 0.546875 0.0234375 0.02734375
0 0.603515625 0.546875 0.0546875 0.03125
0 0.4208984375 0.5341796875 0.033203125 0.029296875
0 0.3759765625 0.52734375 0.029296875 0.01953125
0 0.2783203125 0.5283203125 0.029296875 0.021484375
0 0.3291015625 0.52734375 0.033203125 0.0234375
0 0.2099609375 0.525390625 0.021484375 0.01953125
0 0.0625 0.541015625 0.11328125 0.09765625
0 0.9609375 0.4970703125 0.01953125 0.033203125
0 0.984375 0.49609375 0.01953125 0.0390625
0 0.8671875 0.4921875 0.01953125 0.03125
0 0.7587890625 0.490234375 0.037109375 0.02734375
0 0.7119140625 0.490234375 0.021484375 0.02734375
0 0.9375 0.4931640625 0.0234375 0.037109375
0 0.53515625 0.486328125 0.02734375 0.0234375
0 0.845703125 0.4814453125 0.015625 0.017578125
0 0.1943359375 0.4794921875 0.048828125 0.021484375
0 0.66796875 0.4755859375 0.0234375 0.021484375
0 0.9013671875 0.486328125 0.021484375 0.046875
0 0.8828125 0.458984375 0.015625 0.015625
0 0.3837890625 0.4697265625 0.021484375 0.041015625
0 0.306640625 0.466796875 0.0390625 0.0390625
0 0.4130859375 0.46484375 0.029296875 0.0390625
0 0.353515625 0.466796875 0.0234375 0.04296875
0 0.74609375 0.453125 0.02734375 0.01953125
0 0.267578125 0.4638671875 0.02734375 0.041015625
0 0.814453125 0.4619140625 0.03515625 0.052734375
0 0.4482421875 0.46484375 0.037109375 0.05859375
0 0.498046875 0.4658203125 0.03515625 0.064453125
0 0.4072265625 0.4228515625 0.021484375 0.021484375
0 0.37109375 0.421875 0.02734375 0.0234375
0 0.27734375 0.4208984375 0.0390625 0.025390625
0 0.1083984375 0.4560546875 0.056640625 0.095703125
0 0.724609375 0.4208984375 0.03125 0.029296875
0 0.19921875 0.4267578125 0.05078125 0.052734375
0 0.4951171875 0.4130859375 0.021484375 0.029296875
0 0.2109375 0.4111328125 0.01953125 0.029296875
0 0.8046875 0.412109375 0.0390625 0.03515625
0 0.9921875 0.384765625 0.015625 0.01953125
0 0.88671875 0.3759765625 0.02734375 0.029296875
0 0.4951171875 0.3701171875 0.017578125 0.017578125
0 0.822265625 0.3720703125 0.02734375 0.025390625
0 0.6689453125 0.4111328125 0.111328125 0.111328125
0 0.994140625 0.361328125 0.01171875 0.015625
0 0.9267578125 0.369140625 0.033203125 0.03125
0 0.9580078125 0.3662109375 0.029296875 0.029296875
0 0.2783203125 0.36328125 0.037109375 0.02734375
0 0.34375 0.3583984375 0.03515625 0.033203125
0 0.1845703125 0.34375 0.021484375 0.03515625
0 0.1533203125 0.34375 0.021484375 0.03515625
0 0.5 0.33203125 0.0234375 0.0234375
0 0.2099609375 0.3251953125 0.021484375 0.021484375
0 0.087890625 0.3369140625 0.06640625 0.048828125
0 0.3671875 0.3037109375 0.03515625 0.029296875
0 0.306640625 0.3056640625 0.046875 0.033203125
0 0.201171875 0.2939453125 0.04296875 0.017578125
0 0.501953125 0.2880859375 0.0234375 0.013671875
0 0.833984375 0.291015625 0.02734375 0.03125
0 0.1669921875 0.2763671875 0.029296875 0.013671875
0 0.0732421875 0.27734375 0.052734375 0.0234375
0 0.5908203125 0.3115234375 0.087890625 0.099609375
0 0.2099609375 0.2724609375 0.021484375 0.021484375
0 0.9248046875 0.265625 0.041015625 0.0390625
0 0.517578125 0.255859375 0.04296875 0.0234375
0 0.3076171875 0.2607421875 0.037109375 0.037109375
0 0.6435546875 0.255859375 0.025390625 0.03125
0 0.0625 0.244140625 0.0390625 0.0234375
0 0.2080078125 0.22265625 0.029296875 0.01953125
0 0.306640625 0.2216796875 0.0390625 0.025390625
0 0.1796875 0.23046875 0.03125 0.05078125
0 0.1435546875 0.224609375 0.017578125 0.0390625
0 0.107421875 0.234375 0.02734375 0.05859375
0 0.0546875 0.216796875 0.03515625 0.02734375
0 0.9130859375 0.2080078125 0.037109375 0.021484375
0 0.962890625 0.1708984375 0.0234375 0.025390625
0 0.9091796875 0.1728515625 0.025390625 0.033203125
0 0.833984375 0.1630859375 0.0390625 0.025390625
0 0.3671875 0.1494140625 0.03515625 0.041015625
0 0.30078125 0.1435546875 0.02734375 0.029296875
0 0.9140625 0.1357421875 0.03515625 0.021484375
0 0.5888671875 0.1552734375 0.029296875 0.064453125
0 0.66015625 0.1455078125 0.03125 0.064453125
0 0.3193359375 0.1103515625 0.021484375 0.017578125
0 0.7470703125 0.193359375 0.064453125 0.203125
0 0.84375 0.099609375 0.03125 0.0234375
0 0.35546875 0.095703125 0.03125 0.03515625
0 0.921875 0.078125 0.0390625 0.0234375
0 0.0888671875 0.1044921875 0.052734375 0.095703125
0 0.857421875 0.0341796875 0.02734375 0.021484375
0 0.30078125 0.03515625 0.04296875 0.0234375
0 0.9619140625 0.03125 0.017578125 0.0234375
0 0.9833984375 0.0283203125 0.017578125 0.021484375
0 0.9306640625 0.025390625 0.033203125 0.015625
0 0.8583984375 0.005859375 0.021484375 0.01171875
0 0.619140625 0.033203125 0.08984375 0.06640625
0 0.4716796875 0.0458984375 0.103515625 0.091796875
0 0.13671875 0.021484375 0.04296875 0.04296875
0 0.0869140625 0.0166015625 0.037109375 0.033203125
0 0.02734375 0.0068359375 0.0546875 0.013671875