0 0.203125 0.9970703125 0.015625 0.005859375
0 0.1552734375 0.99609375 0.017578125 0.0078125
0 0.12890625 0.994140625 0.015625 0.01171875
0 0.099609375 0.9921875 0.0390625 0.015625
0 0.9052734375 0.98828125 0.041015625 0.0234375
0 0.478515625 0.98828125 0.046875 0.0234375
0 0.6904296875 0.9814453125 0.052734375 0.037109375
0 0.1123046875 0.9384765625 0.033203125 0.021484375
0 0.1962890625 0.9189453125 0.029296875 0.021484375
0 0.283203125 0.94921875 0.07421875 0.0859375
0 0.9482421875 0.9462890625 0.076171875 0.091796875
0 0.1181640625 0.912109375 0.033203125 0.0234375
0 0.01171875 0.921875 0.0234375 0.046875
0 0.3671875 0.939453125 0.07421875 0.0859375
0 0.1923828125 0.89453125 0.025390625 0.01953125
0 0.123046875 0.880859375 0.02734375 0.0234375
0 0.58203125 0.9052734375 0.09375 0.080078125
0 0.9853515625 0.87890625 0.029296875 0.03515625
0 0.6640625 0.884765625 0.08984375 0.07421875
0 0.1484375 0.8447265625 0.01953125 0.025390625
0 0.1806640625 0.8486328125 0.041015625 0.037109375
0 0.2666015625 0.869140625 0.076171875 0.08984375
0 0.1259765625 0.837890625 0.021484375 0.02734375
0 0.8603515625 0.8955078125 0.072265625 0.150390625
0 0.3505859375 0.8544921875 0.072265625 0.083984375
0 0.435546875 0.841796875 0.07421875 0.0859375
0 0.5185546875 0.8271484375 0.072265625 0.087890625
0 0.23828125 0.7822265625 0.01953125 0.021484375
0 0.6005859375 0.8125 0.072265625 0.0859375
0 0.1328125 0.78125 0.01953125 0.02734375
0 0.2119140625 0.7802734375 0.021484375 0.029296875
0 0.7880859375 0.81640625 0.060546875 0.1171875
0 0.6884765625 0.8173828125 0.083984375 0.119140625
0 0.146484375 0.74609375 0.01953125 0.03125
0 0.564453125 0.7265625 0.01953125 0.02734375
0 0.5390625 0.7275390625 0.01953125 0.029296875
0 0.84765625 0.7080078125 0.0234375 0.017578125
0 0.8759765625 0.703125 0.029296875 0.0234375
0 0.1708984375 0.6982421875 0.017578125 0.013671875
0 0.8125 0.703125 0.0390625 0.03125
0 0.2587890625 0.6923828125 0.025390625 0.029296875
0 0.84375 0.68359375 0.015625 0.0234375
0 0.5478515625 0.6796875 0.029296875 0.01953125
0 0.2265625 0.6875 0.0234375 0.03515625
0 0.8193359375 0.6826171875 0.021484375 0.029296875
0 0.205078125 0.6806640625 0.0234375 0.033203125
0 0.181640625 0.671875 0.01953125 0.03125
0 0.7939453125 0.66796875 0.017578125 0.02734375
0 0.158203125 0.6689453125 0.0234375 0.037109375
0 0.4873046875 0.701171875 0.083984375 0.10546875
0 0.1240234375 0.65625 0.029296875 0.015625
0 0.5859375 0.6484375 0.02734375 0.01953125
0 0.0810546875 0.646484375 0.029296875 0.01953125
0 0.388671875 0.703125 0.09375 0.13671875
0 0.7578125 0.64453125 0.03515625 0.03125
0 0.5380859375 0.6376953125 0.029296875 0.025390625
0 0.236328125 0.63671875 0.0390625 0.0234375
0 0.0400390625 0.6337890625 0.033203125 0.017578125
0 0.6708984375 0.6689453125 0.130859375 0.103515625
0 0.7431640625 0.62109375 0.029296875 0.02734375
0 0.5771484375 0.6181640625 0.029296875 0.021484375
0 0.83984375 0.623046875 0.03125 0.03515625
0 0.00390625 0.61328125 0.0078125 0.015625
0 0.1923828125 0.61328125 0.021484375 0.03515625
0 0.23046875 0.6025390625 0.03515625 0.017578125
0 0.7099609375 0.599609375 0.021484375 0.0234375
0 0.1435546875 0.599609375 0.037109375 0.0234375
0 0.671875 0.5859375 0.0234375 0.02734375
0 0.5078125 0.5927734375 0.03515625 0.041015625
0 0.091796875 0.5849609375 0.0390625 0.025390625
0 0.2333984375 0.580078125 0.037109375 0.01953125
0 0.9091796875 0.5859375 0.025390625 0.03515625
0 0.6279296875 0.580078125 0.021484375 0.0234375
0 0.8837890625 0.5830078125 0.025390625 0.041015625
0 0.5771484375 0.5751953125 0.021484375 0.025390625
0 0.0302734375 0.5654296875 0.021484375 0.029296875
0 0.833984375 0.568359375 0.02734375 0.0390625
0 0.2333984375 0.5556640625 0.037109375 0.017578125
0 0.0107421875 0.5595703125 0.021484375 0.033203125
0 0.236328125 0.5361328125 0.0390625 0.017578125
0 0.7587890625 0.541015625 0.072265625 0.0390625
0 0.568359375 0.5185546875 0.015625 0.029296875
0 0.498046875 0.505859375 0.0234375 0.0234375
0 0.4560546875 0.50390625 0.021484375 0.0234375
0 0.408203125 0.4990234375 0.03125 0.021484375
0 0.314453125 0.4990234375 0.03515625 0.021484375
0 0.640625 0.5029296875 0.0234375 0.033203125
0 0.619140625 0.4951171875 0.0234375 0.033203125
0 0.3583984375 0.4912109375 0.017578125 0.037109375
0 0.3212890625 0.4794921875 0.037109375 0.017578125
0 0.5537109375 0.4765625 0.017578125 0.03515625
0 0.5322265625 0.46875 0.017578125 0.03515625
0 0.498046875 0.4609375 0.01953125 0.0234375
0 0.9599609375 0.4833984375 0.080078125 0.072265625
0 0.4677734375 0.4580078125 0.021484375 0.021484375
0 0.419921875 0.4560546875 0.03515625 0.033203125
0 0.3857421875 0.453125 0.017578125 0.03515625
0 0.3642578125 0.44921875 0.017578125 0.03515625
0 0.341796875 0.44921875 0.01953125 0.03515625
0 0.3193359375 0.4482421875 0.017578125 0.037109375
0 0.119140625 0.470703125 0.19140625 0.08203125
0 0.0068359375 0.4208984375 0.013671875 0.033203125
0 0.978515625 0.392578125 0.01953125 0.03125
0 0.9521484375 0.3857421875 0.021484375 0.033203125
0 0.1650390625 0.3720703125 0.025390625 0.021484375
0 0.068359375 0.3388671875 0.02734375 0.017578125
0 0.0234375 0.326171875 0.03125 0.02734375
0 0.9541015625 0.298828125 0.033203125 0.03125
0 0.875 0.287109375 0.03125 0.02734375
0 0.9794921875 0.2822265625 0.025390625 0.025390625
0 0.9453125 0.27734375 0.03515625 0.03125
0 0.9296875 0.255859375 0.03515625 0.03125
0 0.833984375 0.2587890625 0.04296875 0.041015625
0 0.9140625 0.23828125 0.03515625 0.03125
0 0.7724609375 0.2353515625 0.025390625 0.037109375
0 0.9462890625 0.21875 0.017578125 0.01953125
0 0.7470703125 0.224609375 0.029296875 0.03515625
0 0.7236328125 0.216796875 0.025390625 0.03515625
0 0.703125 0.208984375 0.02734375 0.03515625
0 0.68359375 0.2001953125 0.01953125 0.021484375
0 0.6494140625 0.18359375 0.041015625 0.0390625
0 0.8681640625 0.1796875 0.037109375 0.03515625
0 0.7900390625 0.185546875 0.044921875 0.046875
0 0.615234375 0.171875 0.02734375 0.0390625
0 0.900390625 0.16015625 0.015625 0.01953125
0 0.5654296875 0.1572265625 0.025390625 0.029296875
0 0.85546875 0.1591796875 0.0390625 0.037109375
0 0.767578125 0.1572265625 0.0390625 0.037109375
0 0.5380859375 0.1484375 0.025390625 0.02734375
0 0.5078125 0.13671875 0.02734375 0.02734375
0 0.8408203125 0.1357421875 0.037109375 0.033203125
0 0.578125 0.12109375 0.02734375 0.02734375
0 0.82421875 0.119140625 0.0390625 0.03515625
0 0.740234375 0.1181640625 0.03515625 0.033203125
0 0.46484375 0.1162109375 0.0234375 0.033203125
0 0.99609375 0.1005859375 0.0078125 0.013671875
0 0.98046875 0.10546875 0.0234375 0.02734375
0 0.5224609375 0.103515625 0.025390625 0.02734375
0 0.71875 0.1015625 0.03125 0.03125
0 0.41796875 0.0927734375 0.02734375 0.037109375
0 0.689453125 0.087890625 0.0234375 0.03515625
0 0.66796875 0.0791015625 0.02734375 0.033203125
0 0.7978515625 0.078125 0.037109375 0.03515625
0 0.9716796875 0.078125 0.033203125 0.04296875
0 0.642578125 0.07421875 0.02734375 0.0390625
0 0.361328125 0.0712890625 0.02734375 0.033203125
0 0.6005859375 0.064453125 0.029296875 0.04296875
0 0.9423828125 0.052734375 0.025390625 0.02734375
0 0.5791015625 0.0556640625 0.029296875 0.037109375
0 0.537109375 0.0419921875 0.0234375 0.029296875
0 0.7490234375 0.0419921875 0.029296875 0.033203125
0 0.71484375 0.03125 0.0234375 0.0234375
0 0.916015625 0.033203125 0.0390625 0.03515625
0 0.490234375 0.03125 0.02734375 0.03125
0 0.4228515625 0.0234375 0.029296875 0.03125
0 0.888671875 0.0244140625 0.03125 0.037109375
0 0.4658203125 0.0224609375 0.025390625 0.033203125
0 0.2900390625 0.0400390625 0.095703125 0.068359375
0 0.6884765625 0.0205078125 0.025390625 0.037109375
0 0.9814453125 0.0068359375 0.025390625 0.013671875
0 0.8662109375 0.01171875 0.029296875 0.0234375
0 0.837890625 0.005859375 0.0234375 0.01171875
0 0.662109375 0.015625 0.02734375 0.03125
0 0.63671875 0.01171875 0.0234375 0.0234375
0 0.5927734375 0.0048828125 0.021484375 0.009765625
0 0.3701171875 0.0068359375 0.017578125 0.013671875
0 0.3427734375 0.005859375 0.021484375 0.01171875
0 0.19140625 0.0107421875 0.0234375 0.021484375