0 0.974609375 0.998046875 0.0078125 0.00390625
0 0.0263671875 0.9970703125 0.009765625 0.005859375
0 0.4716796875 0.9912109375 0.029296875 0.017578125
0 0.3662109375 0.990234375 0.041015625 0.01953125
0 0.0771484375 0.990234375 0.033203125 0.01953125
0 0.6591796875 0.9853515625 0.044921875 0.029296875
0 0.01953125 0.9775390625 0.015625 0.017578125
0 0.443359375 0.982421875 0.03515625 0.03515625
0 0.0576171875 0.9794921875 0.033203125 0.033203125
0 0.0048828125 0.9716796875 0.009765625 0.021484375
0 0.154296875 0.9755859375 0.0546875 0.048828125
0 0.7783203125 0.9716796875 0.037109375 0.044921875
0 0.900390625 0.9697265625 0.13671875 0.060546875
0 0.12890625 0.951171875 0.02734375 0.03515625
0 0.298828125 0.9599609375 0.0234375 0.056640625
0 0.740234375 0.9482421875 0.0390625 0.037109375
0 0.03515625 0.953125 0.04296875 0.046875
0 0.9912109375 0.9228515625 0.017578125 0.033203125
0 0.1064453125 0.9248046875 0.041015625 0.041015625
0 0.9541015625 0.9052734375 0.029296875 0.037109375
0 0.0068359375 0.8974609375 0.013671875 0.021484375
0 0.6484375 0.900390625 0.0390625 0.0390625
0 0.08203125 0.900390625 0.0390625 0.0390625
0 0.6201171875 0.8759765625 0.033203125 0.041015625
0 0.9951171875 0.857421875 0.009765625 0.015625
0 0.6015625 0.865234375 0.03125 0.03515625
0 0.52734375 0.91015625 0.15625 0.13671875
0 0.1298828125 0.8505859375 0.025390625 0.025390625
0 0.8447265625 0.853515625 0.033203125 0.03515625
0 0.044921875 0.8544921875 0.04296875 0.044921875
0 0.3359375 0.8818359375 0.1015625 0.111328125
0 0.8134765625 0.83984375 0.025390625 0.0390625
0 0.5546875 0.8388671875 0.0546875 0.041015625
0 0.984375 0.8359375 0.03125 0.04296875
0 0.78515625 0.8271484375 0.02734375 0.037109375
0 0.0751953125 0.8310546875 0.041015625 0.044921875
0 0.3837890625 0.833984375 0.060546875 0.0546875
0 0.296875 0.8251953125 0.03515625 0.037109375
0 0.9619140625 0.8251953125 0.033203125 0.041015625
0 0.015625 0.8203125 0.03125 0.03515625
0 0.18359375 0.83203125 0.078125 0.0703125
0 0.095703125 0.8125 0.02734375 0.03125
0 0.912109375 0.802734375 0.03515625 0.03125
0 0.0341796875 0.7998046875 0.029296875 0.029296875
0 0.8828125 0.7919921875 0.02734375 0.025390625
0 0.1435546875 0.7919921875 0.025390625 0.025390625
0 0.736328125 0.7919921875 0.03515625 0.041015625
0 0.9833984375 0.791015625 0.033203125 0.04296875
0 0.3056640625 0.791015625 0.048828125 0.046875
0 0.853515625 0.779296875 0.02734375 0.02734375
0 0.921875 0.7705078125 0.0390625 0.029296875
0 0.9921875 0.759765625 0.015625 0.0234375
0 0.6787109375 0.771484375 0.044921875 0.05078125
0 0.1142578125 0.7666015625 0.033203125 0.041015625
0 0.029296875 0.7587890625 0.04296875 0.044921875
0 0.9970703125 0.7392578125 0.005859375 0.009765625
0 0.9306640625 0.75 0.037109375 0.03125
0 0.8017578125 0.751953125 0.029296875 0.03515625
0 0.6552734375 0.755859375 0.033203125 0.04296875
0 0.091796875 0.7451171875 0.02734375 0.025390625
0 0.2021484375 0.7744140625 0.068359375 0.099609375
0 0.8740234375 0.734375 0.029296875 0.02734375
0 0.62890625 0.744140625 0.0390625 0.046875
0 0.78125 0.73828125 0.03515625 0.0390625
0 0.07421875 0.7353515625 0.03515625 0.037109375
0 0.9443359375 0.724609375 0.037109375 0.03125
0 0.5576171875 0.748046875 0.080078125 0.08984375
0 0.888671875 0.7109375 0.03125 0.03125
0 0.052734375 0.712890625 0.03515625 0.03515625
0 0.4091796875 0.7373046875 0.111328125 0.107421875
0 0.8203125 0.703125 0.046875 0.046875
0 0.1474609375 0.7060546875 0.056640625 0.064453125
0 0.0380859375 0.693359375 0.037109375 0.0390625
0 0.833984375 0.6748046875 0.03515625 0.029296875
0 0.2001953125 0.6787109375 0.021484375 0.037109375
0 0.01953125 0.6748046875 0.0390625 0.041015625
0 0.109375 0.6650390625 0.03515625 0.033203125
0 0.435546875 0.654296875 0.0234375 0.02734375
0 0.0107421875 0.6533203125 0.021484375 0.033203125
0 0.091796875 0.6484375 0.03515625 0.0390625
0 0.001953125 0.630859375 0.00390625 0.00390625
0 0.9970703125 0.625 0.005859375 0.01171875
0 0.1357421875 0.6298828125 0.041015625 0.041015625
0 0.072265625 0.6279296875 0.03515625 0.037109375
0 0.0517578125 0.609375 0.033203125 0.03515625
0 0.9970703125 0.5869140625 0.005859375 0.013671875
0 0.4072265625 0.6083984375 0.044921875 0.056640625
0 0.376953125 0.595703125 0.02734375 0.03125
0 0.5361328125 0.6494140625 0.126953125 0.162109375
0 0.0927734375 0.576171875 0.041015625 0.03515625
0 0.1865234375 0.595703125 0.083984375 0.078125
0 0.01953125 0.57421875 0.03515625 0.0390625
0 0.5029296875 0.5625 0.033203125 0.02734375
0 0.009765625 0.5546875 0.01953125 0.03125
0 0.9951171875 0.5400390625 0.009765625 0.021484375
0 0.599609375 0.552734375 0.0546875 0.05859375
0 0.0400390625 0.5283203125 0.037109375 0.033203125
0 0.1181640625 0.5380859375 0.056640625 0.060546875
0 0.4716796875 0.5146484375 0.029296875 0.025390625
0 0.001953125 0.4912109375 0.00390625 0.005859375
0 0.34375 0.5146484375 0.08203125 0.068359375
0 0.177734375 0.5166015625 0.1015625 0.095703125
0 0.0673828125 0.4423828125 0.119140625 0.099609375
0 0.3662109375 0.4267578125 0.107421875 0.083984375
0 0.685546875 0.3916015625 0.03125 0.037109375
0 0.0029296875 0.375 0.005859375 0.0078125
0 0.5048828125 0.4013671875 0.044921875 0.068359375
0 0.4638671875 0.38671875 0.048828125 0.0390625
0 0.638671875 0.384765625 0.08203125 0.08984375
0 0.390625 0.357421875 0.04296875 0.03515625
0 0.580078125 0.3408203125 0.0703125 0.056640625
0 0.013671875 0.3212890625 0.02734375 0.041015625
0 0.4716796875 0.3212890625 0.080078125 0.060546875
0 0.70703125 0.3173828125 0.05859375 0.060546875
0 0.3408203125 0.3212890625 0.060546875 0.076171875
0 0.08984375 0.3388671875 0.12109375 0.134765625
0 0.1943359375 0.373046875 0.052734375 0.21875
0 0.7900390625 0.2998046875 0.119140625 0.150390625
0 0.7509765625 0.2265625 0.064453125 0.08984375
0 0.2060546875 0.2119140625 0.025390625 0.064453125
0 0.3603515625 0.2080078125 0.060546875 0.072265625
0 0.1708984375 0.1611328125 0.025390625 0.033203125
0 0.0234375 0.150390625 0.046875 0.04296875
0 0.533203125 0.189453125 0.125 0.12890625
0 0.7861328125 0.1474609375 0.080078125 0.080078125
0 0.693359375 0.1181640625 0.046875 0.033203125
0 0.0517578125 0.1083984375 0.041015625 0.041015625
0 0.416015625 0.095703125 0.1171875 0.0703125
0 0.8515625 0.0654296875 0.078125 0.076171875
0 0.982421875 0.0029296875 0.0078125 0.005859375
0 0.54296875 0.0029296875 0.0234375 0.005859375
0 0.4521484375 0.0048828125 0.021484375 0.009765625
0 0.359375 0.0048828125 0.02734375 0.009765625
0 0.283203125 0.0029296875 0.0234375 0.005859375
0 0.1572265625 0.115234375 0.126953125 0.23046875
0 0.0361328125 0.0244140625 0.072265625 0.048828125