0 0.6572265625 0.974609375 0.154296875 0.05078125
0 0.4384765625 0.947265625 0.009765625 0.01171875
0 0.375 0.9482421875 0.02734375 0.037109375
0 0.7421875 0.95703125 0.0546875 0.0703125
0 0.2958984375 0.9501953125 0.146484375 0.099609375
0 0.9521484375 0.8828125 0.044921875 0.0390625
0 0.8505859375 0.90234375 0.166015625 0.1328125
0 0.9677734375 0.810546875 0.064453125 0.1328125
0 0.0341796875 0.69140625 0.068359375 0.09375
0 0.9814453125 0.6630859375 0.037109375 0.064453125
0 0.7490234375 0.6796875 0.099609375 0.09765625
0 0.896484375 0.6435546875 0.03515625 0.033203125
0 0.255859375 0.634765625 0.09375 0.05078125
0 0.005859375 0.5986328125 0.01171875 0.017578125
0 0.2978515625 0.591796875 0.017578125 0.01953125
0 0.9658203125 0.595703125 0.068359375 0.0859375
0 0.7919921875 0.4814453125 0.181640625 0.150390625
0 0.0087890625 0.4091796875 0.017578125 0.025390625
0 0.3291015625 0.4794921875 0.244140625 0.189453125
0 0.5703125 0.53515625 0.3125 0.32421875
0 0.99609375 0.3701171875 0.0078125 0.013671875
0 0.037109375 0.34765625 0.07421875 0.08984375
0 0.7314453125 0.373046875 0.181640625 0.17578125
0 0.5478515625 0.2216796875 0.029296875 0.025390625
0 0.5791015625 0.3154296875 0.294921875 0.224609375
0 0.26171875 0.39453125 0.5234375 0.3984375
0 0.921875 0.244140625 0.15625 0.2265625
0 0.1728515625 0.2451171875 0.337890625 0.232421875
0 0.837890625 0.14453125 0.05078125 0.05078125
0 0.9921875 0.1328125 0.015625 0.04296875
0 0.447265625 0.12890625 0.19921875 0.1328125
0 0.384765625 0.0693359375 0.07421875 0.068359375
0 0.0078125 0.048828125 0.015625 0.03125
0 0.697265625 0.0693359375 0.09765625 0.080078125
0 0.12890625 0.0888671875 0.17578125 0.130859375
0 0.4228515625 0.033203125 0.052734375 0.05078125
0 0.919921875 0.0693359375 0.16015625 0.138671875
0 0.693359375 0.0078125 0.03125 0.015625
0 0.267578125 0.072265625 0.234375 0.14453125
0 0.0546875 0.0205078125 0.10546875 0.041015625