0 0.859375 0.9931640625 0.0234375 0.013671875
0 0.0859375 0.9892578125 0.03515625 0.021484375
0 0.1328125 0.9873046875 0.0390625 0.025390625
0 0.029296875 0.9775390625 0.05859375 0.044921875
0 0.962890625 0.9638671875 0.0234375 0.025390625
0 0.2646484375 0.9755859375 0.048828125 0.048828125
0 0.62890625 0.9697265625 0.08203125 0.048828125
0 0.9931640625 0.9599609375 0.013671875 0.033203125
0 0.9287109375 0.953125 0.021484375 0.0234375
0 0.169921875 0.9619140625 0.03125 0.041015625
0 0.4404296875 0.96875 0.099609375 0.0625
0 0.201171875 0.95703125 0.02734375 0.0390625
0 0.853515625 0.94921875 0.0234375 0.04296875
0 0.9736328125 0.9140625 0.017578125 0.0234375
0 0.8662109375 0.8974609375 0.025390625 0.021484375
0 0.56640625 0.8994140625 0.01953125 0.041015625
0 0.935546875 0.890625 0.02734375 0.03125
0 0.109375 0.8662109375 0.0390625 0.041015625
0 0.6142578125 0.880859375 0.064453125 0.078125
0 0.2724609375 0.8583984375 0.037109375 0.033203125
0 0.31640625 0.8505859375 0.02734375 0.037109375
0 0.15234375 0.8408203125 0.04296875 0.025390625
0 0.0107421875 0.841796875 0.021484375 0.03125
0 0.99609375 0.83203125 0.0078125 0.0234375
0 0.3671875 0.837890625 0.03125 0.0390625
0 0.724609375 0.845703125 0.08203125 0.05859375
0 0.9501953125 0.8271484375 0.041015625 0.025390625
0 0.865234375 0.828125 0.04296875 0.02734375
0 0.23828125 0.8251953125 0.03515625 0.029296875
0 0.1064453125 0.822265625 0.025390625 0.02734375
0 0.7958984375 0.806640625 0.029296875 0.03125
0 0.318359375 0.798828125 0.0234375 0.0234375
0 0.83203125 0.794921875 0.0234375 0.02734375
0 0.525390625 0.7978515625 0.02734375 0.033203125
0 0.2109375 0.79296875 0.03125 0.02734375
0 0.0830078125 0.7890625 0.025390625 0.0234375
0 0.869140625 0.7861328125 0.03515625 0.025390625
0 0.4345703125 0.80078125 0.087890625 0.05859375
0 0.1083984375 0.7783203125 0.029296875 0.029296875
0 0.99609375 0.7685546875 0.0078125 0.017578125
0 0.9453125 0.7685546875 0.0234375 0.029296875
0 0.189453125 0.7568359375 0.04296875 0.037109375
0 0.71484375 0.740234375 0.0234375 0.0234375
0 0.7646484375 0.7373046875 0.037109375 0.021484375
0 0.0771484375 0.73828125 0.037109375 0.03515625
0 0.1591796875 0.7314453125 0.029296875 0.025390625
0 0.953125 0.7099609375 0.0234375 0.041015625
0 0.046875 0.708984375 0.0390625 0.0390625
0 0.1376953125 0.69921875 0.025390625 0.02734375
0 0.71875 0.69140625 0.0234375 0.01953125
0 0.03125 0.6865234375 0.03515625 0.025390625
0 0.2412109375 0.6708984375 0.025390625 0.017578125
0 0.220703125 0.669921875 0.01171875 0.015625
0 0.365234375 0.6689453125 0.01953125 0.021484375
0 0.2958984375 0.662109375 0.029296875 0.02734375
0 0.7236328125 0.6572265625 0.029296875 0.021484375
0 0.0087890625 0.66015625 0.017578125 0.02734375
0 0.9609375 0.65234375 0.03125 0.01953125
0 0.341796875 0.6552734375 0.02734375 0.029296875
0 0.0986328125 0.6279296875 0.037109375 0.037109375
0 0.0615234375 0.6083984375 0.029296875 0.029296875
0 0.1376953125 0.6025390625 0.037109375 0.041015625
0 0.2177734375 0.5947265625 0.033203125 0.029296875
0 0.3251953125 0.5888671875 0.041015625 0.029296875
0 0.267578125 0.5908203125 0.0390625 0.037109375
0 0.966796875 0.578125 0.02734375 0.01953125
0 0.0263671875 0.5771484375 0.033203125 0.029296875
0 0.97265625 0.5439453125 0.01953125 0.021484375
0 0.0283203125 0.5283203125 0.025390625 0.025390625
0 0.974609375 0.482421875 0.02734375 0.01953125
0 0.40625 0.5263671875 0.1328125 0.166015625
0 0.9794921875 0.43359375 0.029296875 0.0234375
0 0.8427734375 0.38671875 0.056640625 0.0234375
0 0.9853515625 0.3798828125 0.029296875 0.021484375
0 0.12109375 0.4658203125 0.2421875 0.220703125
0 0.5771484375 0.3662109375 0.052734375 0.025390625
0 0.9013671875 0.373046875 0.044921875 0.04296875
0 0.80078125 0.3525390625 0.01953125 0.044921875
0 0.7509765625 0.3486328125 0.021484375 0.044921875
0 0.6875 0.3447265625 0.01953125 0.044921875
0 0.634765625 0.3408203125 0.01953125 0.044921875
0 0.5205078125 0.3388671875 0.048828125 0.048828125
0 0.779296875 0.306640625 0.04296875 0.01953125
0 0.919921875 0.31640625 0.0234375 0.05078125
0 0.6650390625 0.2978515625 0.044921875 0.017578125
0 0.990234375 0.283203125 0.01953125 0.0234375
0 0.486328125 0.2880859375 0.0390625 0.048828125
0 0.0283203125 0.2724609375 0.056640625 0.060546875
0 0.64453125 0.244140625 0.01953125 0.01953125
0 0.9287109375 0.244140625 0.029296875 0.02734375
0 0.990234375 0.236328125 0.01953125 0.015625
0 0.8896484375 0.236328125 0.029296875 0.01953125
0 0.84765625 0.234375 0.03125 0.01953125
0 0.80078125 0.236328125 0.0234375 0.03125
0 0.7666015625 0.2265625 0.029296875 0.01953125
0 0.7275390625 0.2255859375 0.025390625 0.021484375
0 0.6865234375 0.220703125 0.029296875 0.01953125
0 0.64453125 0.2177734375 0.0234375 0.017578125
0 0.5927734375 0.205078125 0.033203125 0.0234375
0 0.427734375 0.2080078125 0.03515625 0.033203125
0 0.53515625 0.197265625 0.0234375 0.015625
0 0.001953125 0.193359375 0.00390625 0.01171875
0 0.998046875 0.1923828125 0.00390625 0.013671875
0 0.4873046875 0.1904296875 0.033203125 0.017578125
0 0.3955078125 0.193359375 0.025390625 0.03125
0 0.341796875 0.1884765625 0.0390625 0.021484375
0 0.2890625 0.173828125 0.02734375 0.03515625
0 0.8935546875 0.166015625 0.025390625 0.02734375
0 0.8525390625 0.1650390625 0.033203125 0.025390625
0 0.93359375 0.1650390625 0.0234375 0.033203125
0 0.8076171875 0.1611328125 0.029296875 0.025390625
0 0.765625 0.1552734375 0.03515625 0.029296875
0 0.7236328125 0.15234375 0.033203125 0.0234375
0 0.5615234375 0.1474609375 0.021484375 0.021484375
0 0.599609375 0.1435546875 0.02734375 0.017578125
0 0.681640625 0.146484375 0.03515625 0.02734375
0 0.5302734375 0.1416015625 0.021484375 0.025390625
0 0.271484375 0.138671875 0.03515625 0.02734375
0 0.4775390625 0.1337890625 0.033203125 0.025390625
0 0.3876953125 0.125 0.021484375 0.02734375
0 0.345703125 0.1171875 0.03125 0.01953125
0 0.0185546875 0.11328125 0.037109375 0.03515625
0 0.1845703125 0.1806640625 0.111328125 0.177734375
0 0.9404296875 0.099609375 0.021484375 0.0234375
0 0.900390625 0.0966796875 0.02734375 0.029296875
0 0.857421875 0.0908203125 0.03125 0.025390625
0 0.814453125 0.0869140625 0.03125 0.025390625
0 0.7724609375 0.0908203125 0.029296875 0.041015625
0 0.107421875 0.0771484375 0.0234375 0.029296875
0 0.1279296875 0.0703125 0.017578125 0.0234375
0 0.3232421875 0.068359375 0.048828125 0.02734375
0 0.47265625 0.0615234375 0.01953125 0.017578125
0 0.6513671875 0.064453125 0.041015625 0.03125
0 0.421875 0.0556640625 0.01953125 0.013671875
0 0.181640625 0.0654296875 0.03515625 0.033203125
0 0.234375 0.0771484375 0.05078125 0.080078125
0 0.3349609375 0.03515625 0.033203125 0.01953125
0 0.4072265625 0.0302734375 0.025390625 0.021484375
0 0.9462890625 0.017578125 0.021484375 0.015625
0 0.552734375 0.021484375 0.01953125 0.0234375
0 0.8779296875 0.01171875 0.029296875 0.015625
0 0.4453125 0.0166015625 0.02734375 0.025390625
0 0.794921875 0.0087890625 0.0234375 0.017578125
0 0.73046875 0.00390625 0.03125 0.0078125
0 0.6611328125 0.0087890625 0.033203125 0.017578125
0 0.4931640625 0.015625 0.029296875 0.03125
0 0.1591796875 0.00390625 0.021484375 0.0078125
0 0.1298828125 0.0078125 0.021484375 0.015625
0 0.09375 0.013671875 0.03125 0.02734375
0 0.025390625 0.0087890625 0.0234375 0.017578125