0 0.5693359375 0.9970703125 0.013671875 0.005859375
0 0.01171875 0.9921875 0.01953125 0.015625
0 0.7265625 0.9892578125 0.03125 0.021484375
0 0.654296875 0.9853515625 0.03515625 0.029296875
0 0.4931640625 0.978515625 0.044921875 0.02734375
0 0.5849609375 0.978515625 0.029296875 0.03125
0 0.96484375 0.962890625 0.03125 0.03125
0 0.681640625 0.9619140625 0.03515625 0.029296875
0 0.08984375 0.9375 0.0234375 0.01953125
0 0.92578125 0.94140625 0.0390625 0.03125
0 0.6064453125 0.9345703125 0.029296875 0.029296875
0 0.5283203125 0.931640625 0.025390625 0.03515625
0 0.0224609375 0.91796875 0.025390625 0.01953125
0 0.763671875 0.9169921875 0.0234375 0.021484375
0 0.09765625 0.9111328125 0.0234375 0.021484375
0 0.8134765625 0.9150390625 0.033203125 0.033203125
0 0.8623046875 0.9033203125 0.013671875 0.013671875
0 0.892578125 0.9033203125 0.03125 0.029296875
0 0.6884765625 0.8984375 0.029296875 0.03125
0 0.6103515625 0.892578125 0.021484375 0.03515625
0 0.087890625 0.88671875 0.02734375 0.0234375
0 0.5380859375 0.8876953125 0.017578125 0.033203125
0 0.015625 0.8828125 0.02734375 0.0234375
0 0.8642578125 0.87109375 0.037109375 0.03125
0 0.078125 0.865234375 0.03125 0.0234375
0 0.9736328125 0.8662109375 0.029296875 0.029296875
0 0.759765625 0.849609375 0.03125 0.02734375
0 0.0703125 0.8427734375 0.03125 0.025390625
0 0.7041015625 0.841796875 0.025390625 0.03125
0 0.6171875 0.8447265625 0.03125 0.037109375
0 0.943359375 0.8330078125 0.0390625 0.033203125
0 0.5146484375 0.83203125 0.033203125 0.0390625
0 0.80078125 0.81640625 0.01171875 0.015625
0 0.830078125 0.818359375 0.03515625 0.0390625
0 0.0439453125 0.8125 0.025390625 0.02734375
0 0.015625 0.8134765625 0.03125 0.029296875
0 0.068359375 0.8037109375 0.0234375 0.025390625
0 0.9130859375 0.8037109375 0.033203125 0.033203125
0 0.5966796875 0.798828125 0.041015625 0.03515625
0 0.791015625 0.791015625 0.02734375 0.0234375
0 0.54296875 0.7919921875 0.03515625 0.029296875
0 0.6708984375 0.7802734375 0.013671875 0.013671875
0 0.7626953125 0.783203125 0.029296875 0.03515625
0 0.888671875 0.7724609375 0.02734375 0.029296875
0 0.7333984375 0.76953125 0.029296875 0.02734375
0 0.1240234375 0.76953125 0.029296875 0.02734375
0 0.7021484375 0.7568359375 0.029296875 0.029296875
0 0.005859375 0.755859375 0.01171875 0.03125
0 0.671875 0.7470703125 0.03125 0.033203125
0 0.4912109375 0.7529296875 0.029296875 0.044921875
0 0.1025390625 0.7451171875 0.029296875 0.029296875
0 0.8564453125 0.7431640625 0.033203125 0.033203125
0 0.1865234375 0.736328125 0.025390625 0.0234375
0 0.640625 0.740234375 0.02734375 0.03515625
0 0.8154296875 0.7294921875 0.025390625 0.021484375
0 0.0234375 0.7412109375 0.02734375 0.044921875
0 0.615234375 0.73046875 0.02734375 0.03125
0 0.7890625 0.71875 0.02734375 0.0234375
0 0.7607421875 0.7080078125 0.025390625 0.025390625
0 0.16796875 0.7119140625 0.03515625 0.033203125
0 0.5927734375 0.7041015625 0.025390625 0.025390625
0 0.732421875 0.7001953125 0.02734375 0.025390625
0 0.15234375 0.6875 0.03125 0.02734375
0 0.6845703125 0.6826171875 0.025390625 0.021484375
0 0.5595703125 0.6923828125 0.029296875 0.044921875
0 0.5146484375 0.693359375 0.033203125 0.05078125
0 0.009765625 0.6748046875 0.01953125 0.029296875
0 0.1201171875 0.6708984375 0.021484375 0.033203125
0 0.0888671875 0.6640625 0.025390625 0.03125
0 0.6904296875 0.654296875 0.037109375 0.02734375
0 0.8330078125 0.6474609375 0.025390625 0.017578125
0 0.7255859375 0.6416015625 0.017578125 0.017578125
0 0.7861328125 0.64453125 0.029296875 0.02734375
0 0.5322265625 0.6376953125 0.025390625 0.025390625
0 0.6201171875 0.634765625 0.025390625 0.0234375
0 0.7041015625 0.625 0.025390625 0.0234375
0 0.7568359375 0.615234375 0.029296875 0.0234375
0 0.6015625 0.6103515625 0.02734375 0.033203125
0 0.7138671875 0.6005859375 0.033203125 0.021484375
0 0.646484375 0.5947265625 0.0234375 0.033203125
0 0.888671875 0.5888671875 0.0234375 0.025390625
0 0.552734375 0.5771484375 0.03515625 0.029296875
0 0.8544921875 0.5654296875 0.025390625 0.033203125
0 0.654296875 0.5576171875 0.03125 0.025390625
0 0.9560546875 0.5478515625 0.009765625 0.009765625
0 0.5673828125 0.5546875 0.052734375 0.02734375
0 0.7646484375 0.5478515625 0.021484375 0.021484375
0 0.9833984375 0.541015625 0.033203125 0.0390625
0 0.919921875 0.548828125 0.0546875 0.0546875
0 0.7294921875 0.5390625 0.033203125 0.0390625
0 0.6591796875 0.53125 0.025390625 0.0234375
0 0.56640625 0.525390625 0.0234375 0.0234375
0 0.8037109375 0.5068359375 0.025390625 0.025390625
0 0.875 0.5126953125 0.03125 0.041015625
0 0.6640625 0.5009765625 0.0234375 0.025390625
0 0.5810546875 0.49609375 0.037109375 0.02734375
0 0.734375 0.4853515625 0.03515625 0.025390625
0 0.810546875 0.478515625 0.02734375 0.0234375
0 0.615234375 0.466796875 0.015625 0.01171875
0 0.97265625 0.4677734375 0.01953125 0.021484375
0 0.9912109375 0.4716796875 0.017578125 0.033203125
0 0.5849609375 0.4658203125 0.025390625 0.021484375
0 0.734375 0.4521484375 0.02734375 0.025390625
0 0.951171875 0.4501953125 0.03125 0.029296875
0 0.830078125 0.4404296875 0.0234375 0.025390625
0 0.6240234375 0.4345703125 0.017578125 0.025390625
0 0.591796875 0.4345703125 0.02734375 0.025390625
0 0.9970703125 0.4296875 0.005859375 0.01953125
0 0.7978515625 0.4384765625 0.025390625 0.037109375
0 0.6689453125 0.431640625 0.025390625 0.0234375
0 0.7373046875 0.4248046875 0.029296875 0.025390625
0 0.5927734375 0.408203125 0.041015625 0.02734375
0 0.9580078125 0.40234375 0.025390625 0.0234375
0 0.74609375 0.400390625 0.0390625 0.02734375
0 0.673828125 0.3955078125 0.03515625 0.025390625
0 0.921875 0.3876953125 0.0234375 0.021484375
0 0.89453125 0.3876953125 0.0234375 0.029296875
0 0.8701171875 0.3837890625 0.021484375 0.025390625
0 0.97265625 0.373046875 0.02734375 0.01953125
0 0.60546875 0.375 0.03125 0.0234375
0 0.8486328125 0.3701171875 0.021484375 0.021484375
0 0.6826171875 0.369140625 0.025390625 0.02734375
0 0.791015625 0.365234375 0.0234375 0.02734375
0 0.607421875 0.353515625 0.015625 0.01171875
0 0.8251953125 0.359375 0.025390625 0.03125
0 0.6298828125 0.353515625 0.029296875 0.02734375
0 0.75 0.349609375 0.02734375 0.0234375
0 0.98046875 0.33984375 0.03125 0.0234375
0 0.6943359375 0.3369140625 0.025390625 0.025390625
0 0.7568359375 0.32421875 0.029296875 0.02734375
0 0.625 0.3193359375 0.0234375 0.025390625
0 0.701171875 0.31640625 0.02734375 0.0234375
0 0.875 0.3115234375 0.03125 0.033203125
0 0.98828125 0.3046875 0.0234375 0.0234375
0 0.9267578125 0.2998046875 0.029296875 0.029296875
0 0.8388671875 0.3017578125 0.029296875 0.033203125
0 0.767578125 0.296875 0.03125 0.0234375
0 0.6357421875 0.2939453125 0.029296875 0.025390625
0 0.8125 0.294921875 0.03125 0.0390625
0 0.7744140625 0.2763671875 0.033203125 0.025390625
0 0.990234375 0.271484375 0.01953125 0.0234375
0 0.716796875 0.27734375 0.02734375 0.03515625
0 0.6376953125 0.267578125 0.025390625 0.0234375
0 0.69140625 0.2548828125 0.0234375 0.025390625
0 0.931640625 0.251953125 0.02734375 0.02734375
0 0.9970703125 0.2431640625 0.005859375 0.017578125
0 0.8701171875 0.244140625 0.033203125 0.02734375
0 0.6513671875 0.2431640625 0.037109375 0.025390625
0 0.94140625 0.2265625 0.02734375 0.0234375
0 0.8212890625 0.21875 0.021484375 0.02734375
0 0.8779296875 0.21484375 0.029296875 0.02734375
0 0.80078125 0.2109375 0.02734375 0.0390625
0 0.884765625 0.1904296875 0.03125 0.025390625
0 0.958984375 0.1865234375 0.03125 0.025390625
0 0.6669921875 0.1865234375 0.025390625 0.025390625
0 0.73046875 0.1865234375 0.03125 0.029296875
0 0.9794921875 0.1630859375 0.029296875 0.025390625
0 0.8984375 0.158203125 0.03125 0.02734375
0 0.03125 0.1279296875 0.01953125 0.017578125
0 0.86328125 0.1220703125 0.0234375 0.017578125
0 0.6728515625 0.134765625 0.029296875 0.0546875
0 0.919921875 0.1201171875 0.02734375 0.033203125
0 0.900390625 0.1064453125 0.0234375 0.041015625
0 0.7412109375 0.0927734375 0.041015625 0.021484375
0 0.7734375 0.072265625 0.01953125 0.01953125
0 0.8603515625 0.0791015625 0.033203125 0.041015625
0 0.8212890625 0.0703125 0.052734375 0.0390625
0 0.9755859375 0.048828125 0.017578125 0.015625
0 0.9580078125 0.0634765625 0.044921875 0.044921875
0 0.921875 0.0439453125 0.0234375 0.025390625
0 0.96484375 0.021484375 0.0234375 0.01953125
0 0.9169921875 0.015625 0.025390625 0.01953125
0 0.9775390625 0.005859375 0.017578125 0.01171875
0 0.8173828125 0.01171875 0.021484375 0.0234375
0 0.7578125 0.0166015625 0.02734375 0.033203125
0 0.705078125 0.015625 0.03515625 0.03125