0 0.0810546875 0.9921875 0.103515625 0.015625
0 0.556640625 0.9892578125 0.0390625 0.021484375
0 0.7353515625 0.98828125 0.044921875 0.0234375
0 0.2421875 0.98828125 0.06640625 0.0234375
0 0.931640625 0.986328125 0.0390625 0.02734375
0 0.3984375 0.978515625 0.02734375 0.03515625
0 0.337890625 0.978515625 0.046875 0.04296875
0 0.4599609375 0.9765625 0.044921875 0.046875
0 0.841796875 0.966796875 0.05859375 0.05078125
0 0.6474609375 0.966796875 0.076171875 0.06640625
0 0.541015625 0.9541015625 0.03515625 0.044921875
0 0.5830078125 0.9501953125 0.052734375 0.041015625
0 0.2705078125 0.8974609375 0.029296875 0.033203125
0 0.998046875 0.884765625 0.00390625 0.015625
0 0.3505859375 0.88671875 0.021484375 0.03515625
0 0.169921875 0.91015625 0.12109375 0.08203125
0 0.31640625 0.88671875 0.01953125 0.04296875
0 0.111328125 0.875 0.0234375 0.0234375
0 0.06640625 0.87109375 0.046875 0.02734375
0 0.0205078125 0.865234375 0.041015625 0.02734375
0 0.2578125 0.8603515625 0.03125 0.025390625
0 0.1748046875 0.8515625 0.072265625 0.03125
0 0.6298828125 0.8525390625 0.068359375 0.041015625
0 0.1142578125 0.845703125 0.025390625 0.03125
0 0.0869140625 0.83984375 0.025390625 0.03125
0 0.0517578125 0.8359375 0.025390625 0.03125
0 0.017578125 0.8291015625 0.03515625 0.029296875
0 0.9658203125 0.8525390625 0.068359375 0.103515625
0 0.89453125 0.8046875 0.03515625 0.02734375
0 0.84765625 0.8447265625 0.09765625 0.115234375
0 0.3623046875 0.83984375 0.212890625 0.12890625
0 0.720703125 0.7880859375 0.03125 0.029296875
0 0.6787109375 0.7841796875 0.033203125 0.029296875
0 0.068359375 0.779296875 0.01953125 0.0234375
0 0.029296875 0.7744140625 0.01953125 0.025390625
0 0.86328125 0.7705078125 0.01953125 0.025390625
0 0.205078125 0.787109375 0.06640625 0.05859375
0 0.048828125 0.7734375 0.01953125 0.03125
0 0.8291015625 0.76953125 0.041015625 0.03125
0 0.6123046875 0.767578125 0.037109375 0.03125
0 0.6943359375 0.763671875 0.033203125 0.03125
0 0.2958984375 0.771484375 0.060546875 0.05078125
0 0.0078125 0.765625 0.015625 0.0390625
0 0.986328125 0.7587890625 0.02734375 0.033203125
0 0.9150390625 0.7548828125 0.025390625 0.029296875
0 0.7587890625 0.7509765625 0.037109375 0.041015625
0 0.6259765625 0.74609375 0.037109375 0.03125
0 0.5244140625 0.794921875 0.115234375 0.13671875
0 0.1142578125 0.744140625 0.017578125 0.0390625
0 0.8984375 0.7333984375 0.02734375 0.021484375
0 0.0869140625 0.7314453125 0.033203125 0.017578125
0 0.236328125 0.7421875 0.046875 0.04296875
0 0.0458984375 0.7265625 0.041015625 0.02734375
0 0.8798828125 0.720703125 0.021484375 0.01953125
0 0.7275390625 0.728515625 0.048828125 0.046875
0 0.8056640625 0.7216796875 0.037109375 0.037109375
0 0.099609375 0.703125 0.01953125 0.02734375
0 0.0361328125 0.6962890625 0.025390625 0.021484375
0 0.814453125 0.6943359375 0.0234375 0.021484375
0 0.75 0.6982421875 0.0390625 0.029296875
0 0.654296875 0.7138671875 0.0546875 0.064453125
0 0.1494140625 0.7080078125 0.087890625 0.060546875
0 0.9248046875 0.69921875 0.033203125 0.046875
0 0.857421875 0.693359375 0.0234375 0.03515625
0 0.6826171875 0.68359375 0.029296875 0.02734375
0 0.7626953125 0.6796875 0.037109375 0.03515625
0 0.04296875 0.6728515625 0.02734375 0.025390625
0 0.2841796875 0.677734375 0.033203125 0.04296875
0 0.935546875 0.6689453125 0.02734375 0.029296875
0 0.9951171875 0.66015625 0.009765625 0.01953125
0 0.77734375 0.66015625 0.03515625 0.03515625
0 0.828125 0.6572265625 0.03125 0.033203125
0 0.9091796875 0.6572265625 0.033203125 0.041015625
0 0.701171875 0.654296875 0.04296875 0.05078125
0 0.79296875 0.6416015625 0.03515625 0.033203125
0 0.9892578125 0.63671875 0.021484375 0.02734375
0 0.3662109375 0.697265625 0.130859375 0.1484375
0 0.0771484375 0.6552734375 0.083984375 0.064453125
0 0.8916015625 0.6298828125 0.029296875 0.029296875
0 0.462890625 0.6591796875 0.10546875 0.099609375
0 0.8017578125 0.6201171875 0.029296875 0.025390625
0 0.72265625 0.6240234375 0.03125 0.033203125
0 0.5517578125 0.6171875 0.025390625 0.0234375
0 0.017578125 0.662109375 0.03515625 0.12109375
0 0.97265625 0.615234375 0.03125 0.03125
0 0.876953125 0.6123046875 0.03125 0.029296875
0 0.6201171875 0.63671875 0.083984375 0.08984375
0 0.7421875 0.6044921875 0.03125 0.029296875
0 0.32421875 0.6044921875 0.046875 0.033203125
0 0.8603515625 0.599609375 0.033203125 0.03515625
0 0.82421875 0.59765625 0.03515625 0.03125
0 0.572265625 0.5947265625 0.02734375 0.025390625
0 0.1708984375 0.607421875 0.033203125 0.05859375
0 0.5283203125 0.59375 0.033203125 0.03515625
0 0.431640625 0.6044921875 0.0703125 0.064453125
0 0.853515625 0.58203125 0.0234375 0.0234375
0 0.7568359375 0.5810546875 0.029296875 0.033203125
0 0.3115234375 0.57421875 0.029296875 0.0234375
0 0.9443359375 0.5849609375 0.048828125 0.048828125
0 0.1259765625 0.5859375 0.064453125 0.05078125
0 0.8369140625 0.5654296875 0.029296875 0.025390625
0 0.7783203125 0.560546875 0.025390625 0.0234375
0 0.693359375 0.5625 0.03515625 0.03125
0 0.5302734375 0.564453125 0.072265625 0.05078125
0 0.9267578125 0.552734375 0.041015625 0.03125
0 0.6083984375 0.5458984375 0.025390625 0.021484375
0 0.296875 0.5498046875 0.0390625 0.029296875
0 0.3818359375 0.5517578125 0.037109375 0.041015625
0 0.2373046875 0.607421875 0.107421875 0.15625
0 0.486328125 0.5419921875 0.0234375 0.029296875
0 0.59765625 0.533203125 0.015625 0.015625
0 0.712890625 0.5380859375 0.03515625 0.029296875
0 0.798828125 0.53515625 0.03515625 0.0390625
0 0.8955078125 0.52734375 0.033203125 0.03125
0 0.4580078125 0.5302734375 0.041015625 0.041015625
0 0.103515625 0.5263671875 0.01953125 0.033203125
0 0.0458984375 0.5517578125 0.091796875 0.087890625
0 0.3642578125 0.5185546875 0.025390625 0.025390625
0 0.15234375 0.5302734375 0.05859375 0.048828125
0 0.7783203125 0.5146484375 0.029296875 0.021484375
0 0.7353515625 0.5224609375 0.041015625 0.037109375
0 0.6279296875 0.5205078125 0.029296875 0.033203125
0 0.5947265625 0.505859375 0.017578125 0.01953125
0 0.884765625 0.51171875 0.0390625 0.03515625
0 0.5615234375 0.509765625 0.025390625 0.03125
0 0.5400390625 0.5009765625 0.029296875 0.029296875
0 0.1953125 0.5009765625 0.01953125 0.033203125
0 0.2255859375 0.5009765625 0.017578125 0.037109375
0 0.2763671875 0.5078125 0.060546875 0.0546875
0 0.751953125 0.49609375 0.04296875 0.0390625
0 0.654296875 0.4931640625 0.03125 0.033203125
0 0.501953125 0.482421875 0.05078125 0.04296875
0 0.845703125 0.4775390625 0.03515625 0.041015625
0 0.681640625 0.46484375 0.02734375 0.03125
0 0.5615234375 0.4609375 0.029296875 0.02734375
0 0.82421875 0.45703125 0.02734375 0.03125
0 0.0244140625 0.4619140625 0.041015625 0.044921875
0 0.974609375 0.447265625 0.0234375 0.0234375
0 0.6083984375 0.4482421875 0.025390625 0.025390625
0 0.7099609375 0.4453125 0.025390625 0.02734375
0 0.3779296875 0.474609375 0.095703125 0.08984375
0 0.8056640625 0.44140625 0.025390625 0.02734375
0 0.7900390625 0.4228515625 0.029296875 0.037109375
0 0.51953125 0.4345703125 0.0546875 0.060546875
0 0.669921875 0.423828125 0.0546875 0.04296875
0 0.3193359375 0.44140625 0.060546875 0.08203125
0 0.1669921875 0.431640625 0.091796875 0.0625
0 0.6279296875 0.40625 0.033203125 0.04296875
0 0.7509765625 0.396484375 0.033203125 0.02734375
0 0.775390625 0.404296875 0.0390625 0.046875
0 0.5380859375 0.4013671875 0.044921875 0.041015625
0 0.337890625 0.390625 0.03125 0.01953125
0 0.373046875 0.392578125 0.0234375 0.02734375
0 0.087890625 0.421875 0.0703125 0.109375
0 0.9921875 0.373046875 0.015625 0.0234375
0 0.462890625 0.376953125 0.03515625 0.03125
0 0.345703125 0.3740234375 0.03515625 0.025390625
0 0.5908203125 0.3837890625 0.052734375 0.048828125
0 0.724609375 0.3740234375 0.0390625 0.033203125
0 0.2373046875 0.3701171875 0.029296875 0.029296875
0 0.9765625 0.359375 0.0234375 0.02734375
0 0.3564453125 0.3525390625 0.029296875 0.021484375
0 0.271484375 0.3798828125 0.06640625 0.076171875
0 0.060546875 0.3525390625 0.02734375 0.021484375
0 0.5498046875 0.36328125 0.044921875 0.05078125
0 0.0068359375 0.3525390625 0.013671875 0.029296875
0 0.9951171875 0.34375 0.009765625 0.015625
0 0.6962890625 0.3544921875 0.037109375 0.037109375
0 0.484375 0.3505859375 0.0390625 0.029296875
0 0.955078125 0.3359375 0.03125 0.03125
0 0.298828125 0.33203125 0.02734375 0.03125
0 0.1513671875 0.359375 0.076171875 0.0859375
0 0.65625 0.333984375 0.03515625 0.04296875
0 0.6259765625 0.32421875 0.029296875 0.03515625
0 0.3662109375 0.322265625 0.037109375 0.04296875
0 0.4287109375 0.3203125 0.064453125 0.04296875
0 0.052734375 0.3095703125 0.02734375 0.021484375
0 0.109375 0.310546875 0.03515625 0.03125
0 0.96875 0.3076171875 0.03125 0.029296875
0 0.302734375 0.302734375 0.03515625 0.02734375
0 0.5185546875 0.298828125 0.033203125 0.03125
0 0.2421875 0.3037109375 0.04296875 0.041015625
0 0.0205078125 0.2919921875 0.021484375 0.025390625
0 0.8984375 0.291015625 0.0390625 0.03515625
0 0.314453125 0.2861328125 0.03125 0.025390625
0 0.982421875 0.2841796875 0.02734375 0.029296875
0 0.5927734375 0.2958984375 0.048828125 0.052734375
0 0.248046875 0.2763671875 0.02734375 0.021484375
0 0.0966796875 0.283203125 0.033203125 0.04296875
0 0.3837890625 0.28125 0.033203125 0.04296875
0 0.771484375 0.291015625 0.07421875 0.0703125
0 0.525390625 0.265625 0.0390625 0.02734375
0 0.32421875 0.263671875 0.03125 0.0234375
0 0.462890625 0.265625 0.03125 0.0390625
0 0.9111328125 0.26171875 0.044921875 0.03515625
0 0.0380859375 0.2578125 0.025390625 0.03125
0 0.400390625 0.2529296875 0.03515625 0.025390625
0 0.9931640625 0.251953125 0.013671875 0.02734375
0 0.0048828125 0.24609375 0.009765625 0.015625
0 0.927734375 0.2470703125 0.02734375 0.025390625
0 0.615234375 0.2509765625 0.03515625 0.033203125
0 0.2646484375 0.248046875 0.033203125 0.02734375
0 0.0703125 0.2470703125 0.04296875 0.033203125
0 0.859375 0.24609375 0.03125 0.0390625
0 0.439453125 0.2470703125 0.03515625 0.041015625
0 0.0244140625 0.2353515625 0.017578125 0.021484375
0 0.72265625 0.2421875 0.03515625 0.0390625
0 0.8359375 0.2353515625 0.03125 0.033203125
0 0.646484375 0.2255859375 0.04296875 0.029296875
0 0.9384765625 0.2197265625 0.021484375 0.021484375
0 0.4013671875 0.2158203125 0.025390625 0.021484375
0 0.9130859375 0.212890625 0.029296875 0.02734375
0 0.009765625 0.2119140625 0.01953125 0.037109375
0 0.6982421875 0.2080078125 0.033203125 0.037109375
0 0.650390625 0.201171875 0.03515625 0.02734375
0 0.5517578125 0.2158203125 0.052734375 0.056640625
0 0.88671875 0.2001953125 0.03125 0.029296875
0 0.044921875 0.208984375 0.0390625 0.046875
0 0.384765625 0.1982421875 0.02734375 0.029296875
0 0.8046875 0.2060546875 0.05078125 0.052734375
0 0.3330078125 0.2177734375 0.044921875 0.076171875
0 0.27734375 0.2080078125 0.046875 0.056640625
0 0.359375 0.19140625 0.01953125 0.03125
0 0.8671875 0.189453125 0.0234375 0.03125
0 0.775390625 0.185546875 0.02734375 0.03125
0 0.9951171875 0.173828125 0.009765625 0.01953125
0 0.837890625 0.1708984375 0.02734375 0.029296875
0 0.6591796875 0.1728515625 0.033203125 0.033203125
0 0.4951171875 0.1748046875 0.037109375 0.037109375
0 0.29296875 0.1669921875 0.03515625 0.029296875
0 0.0205078125 0.166015625 0.041015625 0.03515625
0 0.4677734375 0.16015625 0.029296875 0.03515625
0 0.9794921875 0.1591796875 0.029296875 0.037109375
0 0.751953125 0.162109375 0.04296875 0.046875
0 0.80859375 0.1533203125 0.03125 0.033203125
0 0.5849609375 0.1455078125 0.033203125 0.033203125
0 0.3017578125 0.1396484375 0.033203125 0.021484375
0 0.4365234375 0.1416015625 0.033203125 0.029296875
0 0.3359375 0.13671875 0.03125 0.0234375
0 0.7744140625 0.130859375 0.037109375 0.03125
0 0.9345703125 0.1328125 0.029296875 0.04296875
0 0.599609375 0.119140625 0.02734375 0.0234375
0 0.9931640625 0.1181640625 0.013671875 0.025390625
0 0.3857421875 0.1171875 0.029296875 0.02734375
0 0.8935546875 0.1162109375 0.025390625 0.029296875
0 0.6962890625 0.1181640625 0.041015625 0.033203125
0 0.322265625 0.1103515625 0.0390625 0.025390625
0 0.732421875 0.1279296875 0.04296875 0.064453125
0 0.609375 0.09765625 0.03125 0.03125
0 0.3564453125 0.095703125 0.029296875 0.03125
0 0.5126953125 0.0927734375 0.044921875 0.033203125
0 0.86328125 0.09375 0.03125 0.04296875
0 0.328125 0.0849609375 0.03515625 0.033203125
0 0.064453125 0.0791015625 0.03515625 0.029296875
0 0.04296875 0.1044921875 0.06640625 0.083984375
0 0.833984375 0.076171875 0.03125 0.03515625
0 0.6005859375 0.0673828125 0.025390625 0.021484375
0 0.55859375 0.0595703125 0.01953125 0.021484375
0 0.9560546875 0.0576171875 0.033203125 0.025390625
0 0.076171875 0.0556640625 0.03125 0.025390625
0 0.8916015625 0.0654296875 0.041015625 0.048828125
0 0.8603515625 0.0517578125 0.021484375 0.021484375
0 0.154296875 0.080078125 0.078125 0.078125
0 0.6318359375 0.052734375 0.033203125 0.02734375
0 0.2587890625 0.0517578125 0.033203125 0.025390625
0 0.798828125 0.056640625 0.046875 0.05078125
0 0.419921875 0.044921875 0.0390625 0.0390625
0 0.740234375 0.037109375 0.03515625 0.03125
0 0.4580078125 0.0322265625 0.025390625 0.021484375
0 0.171875 0.0322265625 0.03515625 0.021484375
0 0.0859375 0.0341796875 0.03125 0.025390625
0 0.0224609375 0.037109375 0.025390625 0.03125
0 0.3740234375 0.03125 0.025390625 0.03125
0 0.5888671875 0.0322265625 0.037109375 0.037109375
0 0.5126953125 0.029296875 0.029296875 0.03125
0 0.005859375 0.0224609375 0.01171875 0.021484375
0 0.8779296875 0.0234375 0.033203125 0.02734375
0 0.974609375 0.0234375 0.03125 0.03125
0 0.26953125 0.0205078125 0.04296875 0.029296875
0 0.095703125 0.013671875 0.02734375 0.0234375
0 0.8857421875 0.0068359375 0.029296875 0.013671875
0 0.8212890625 0.0048828125 0.021484375 0.009765625
0 0.74609375 0.0068359375 0.03125 0.013671875
0 0.6767578125 0.0029296875 0.009765625 0.005859375
0 0.55859375 0.0166015625 0.03125 0.033203125
0 0.5 0.0048828125 0.01953125 0.009765625
0 0.412109375 0.0107421875 0.0234375 0.021484375
0 0.3779296875 0.001953125 0.005859375 0.00390625
0 0.181640625 0.0126953125 0.03515625 0.025390625
0 0.1123046875 0.0029296875 0.009765625 0.005859375
0 0.0244140625 0.01171875 0.048828125 0.0234375