0 0.3115234375 0.998046875 0.005859375 0.00390625
0 0.0205078125 0.998046875 0.005859375 0.00390625
0 0.8154296875 0.99609375 0.009765625 0.0078125
0 0.2958984375 0.994140625 0.017578125 0.01171875
0 0.8720703125 0.9931640625 0.021484375 0.013671875
0 0.4267578125 0.9912109375 0.017578125 0.017578125
0 0.1015625 0.990234375 0.03125 0.01953125
0 0.0029296875 0.9814453125 0.005859375 0.009765625
0 0.2685546875 0.9873046875 0.021484375 0.025390625
0 0.8525390625 0.986328125 0.025390625 0.02734375
0 0.2177734375 0.9853515625 0.041015625 0.029296875
0 0.8876953125 0.9775390625 0.021484375 0.021484375
0 0.36328125 0.978515625 0.0390625 0.03515625
0 0.9716796875 0.9794921875 0.056640625 0.041015625
0 0.8359375 0.9697265625 0.02734375 0.025390625
0 0.3349609375 0.9619140625 0.025390625 0.029296875
0 0.1337890625 0.97265625 0.068359375 0.05078125
0 0.8740234375 0.95703125 0.021484375 0.0234375
0 0.072265625 0.958984375 0.0390625 0.03515625
0 0.2958984375 0.9365234375 0.029296875 0.044921875
0 0.1806640625 0.9345703125 0.037109375 0.044921875
0 0.9228515625 0.923828125 0.076171875 0.046875
0 0.125 0.9140625 0.03125 0.0390625
0 0.3818359375 0.90625 0.025390625 0.03125
0 0.0947265625 0.8935546875 0.029296875 0.029296875
0 0.830078125 0.904296875 0.0703125 0.0625
0 0.060546875 0.884765625 0.03515625 0.046875
0 0.75 0.8916015625 0.078125 0.083984375
0 0.0380859375 0.86328125 0.025390625 0.03125
0 0.92578125 0.853515625 0.0234375 0.02734375
0 0.958984375 0.8505859375 0.03515625 0.041015625
0 0.900390625 0.8447265625 0.03515625 0.029296875
0 0.015625 0.849609375 0.03125 0.04296875
0 0.439453125 0.818359375 0.01953125 0.0234375
0 0.3759765625 0.8310546875 0.068359375 0.060546875
0 0.4462890625 0.7958984375 0.025390625 0.021484375
0 0.279296875 0.7890625 0.04296875 0.03515625
0 0.4970703125 0.7802734375 0.025390625 0.029296875
0 0.3291015625 0.7568359375 0.041015625 0.029296875
0 0.09765625 0.7998046875 0.16015625 0.115234375
0 0.2109375 0.7529296875 0.02734375 0.037109375
0 0.4013671875 0.7548828125 0.068359375 0.044921875
0 0.19140625 0.7451171875 0.02734375 0.037109375
0 0.1708984375 0.7353515625 0.029296875 0.037109375
0 0.849609375 0.7646484375 0.09375 0.099609375
0 0.337890625 0.732421875 0.04296875 0.04296875
0 0.1474609375 0.724609375 0.029296875 0.0390625
0 0.3447265625 0.7080078125 0.037109375 0.021484375
0 0.130859375 0.7119140625 0.02734375 0.033203125
0 0.580078125 0.7236328125 0.04296875 0.068359375
0 0.279296875 0.71875 0.07421875 0.05859375
0 0.1103515625 0.7060546875 0.029296875 0.037109375
0 0.419921875 0.7001953125 0.0546875 0.041015625
0 0.3525390625 0.6904296875 0.033203125 0.025390625
0 0.080078125 0.689453125 0.0546875 0.05078125
0 0.4326171875 0.6689453125 0.052734375 0.029296875
0 0.0361328125 0.6611328125 0.021484375 0.029296875
0 0.5341796875 0.658203125 0.029296875 0.046875
0 0.015625 0.6513671875 0.03125 0.052734375
0 0.3701171875 0.6328125 0.033203125 0.03125
0 0.333984375 0.634765625 0.03125 0.03515625
0 0.2490234375 0.634765625 0.037109375 0.04296875
0 0.671875 0.6513671875 0.14453125 0.099609375
0 0.533203125 0.6064453125 0.05859375 0.029296875
0 0.3056640625 0.6044921875 0.037109375 0.037109375
0 0.1298828125 0.6396484375 0.169921875 0.119140625
0 0.4541015625 0.595703125 0.072265625 0.05078125
0 0.380859375 0.5869140625 0.03125 0.037109375
0 0.001953125 0.564453125 0.00390625 0.00390625
0 0.0341796875 0.5869140625 0.044921875 0.056640625
0 0.263671875 0.5830078125 0.04296875 0.052734375
0 0.3515625 0.5810546875 0.046875 0.064453125
0 0.318359375 0.564453125 0.05078125 0.05078125
0 0.28515625 0.546875 0.01953125 0.0234375
0 0.2607421875 0.5380859375 0.033203125 0.025390625
0 0.0087890625 0.53125 0.017578125 0.01953125
0 0.5634765625 0.53515625 0.029296875 0.03515625
0 0.650390625 0.5322265625 0.05078125 0.041015625
0 0.0966796875 0.5322265625 0.037109375 0.048828125
0 0.0595703125 0.517578125 0.025390625 0.03125
0 0.1572265625 0.533203125 0.060546875 0.0859375
0 0.427734375 0.5009765625 0.03125 0.041015625
0 0.3818359375 0.49609375 0.064453125 0.046875
0 0.0751953125 0.48046875 0.029296875 0.04296875
0 0.0244140625 0.4580078125 0.048828125 0.048828125
0 0.5234375 0.4599609375 0.09765625 0.150390625
0 0.1123046875 0.3896484375 0.052734375 0.048828125
0 0.2509765625 0.4052734375 0.146484375 0.130859375
0 0.4677734375 0.3955078125 0.111328125 0.154296875
0 0.4443359375 0.310546875 0.076171875 0.05859375
0 0.7607421875 0.291015625 0.033203125 0.02734375
0 0.662109375 0.32421875 0.16796875 0.1171875
0 0.00390625 0.2578125 0.0078125 0.0234375
0 0.720703125 0.2607421875 0.03515625 0.037109375
0 0.3544921875 0.265625 0.095703125 0.06640625
0 0.9921875 0.2412109375 0.015625 0.025390625
0 0.2421875 0.2724609375 0.1328125 0.169921875
0 0.560546875 0.2216796875 0.08203125 0.107421875
0 0.4326171875 0.19921875 0.154296875 0.10546875
0 0.28515625 0.126953125 0.09375 0.0703125
0 0.4599609375 0.126953125 0.146484375 0.08984375
0 0.037109375 0.13671875 0.07421875 0.109375
0 0.0087890625 0.0986328125 0.017578125 0.037109375
0 0.55078125 0.087890625 0.078125 0.06640625
0 0.62890625 0.0869140625 0.08203125 0.107421875
0 0.3193359375 0.056640625 0.091796875 0.07421875
0 0.9921875 0.03125 0.015625 0.05078125
0 0.083984375 0.0283203125 0.0625 0.048828125
0 0.919921875 0.0234375 0.06640625 0.046875
0 0.685546875 0.0029296875 0.0078125 0.005859375
0 0.5498046875 0.017578125 0.091796875 0.03515625
0 0.4501953125 0.029296875 0.048828125 0.05859375
0 0.3759765625 0.0146484375 0.037109375 0.029296875
0 0.1884765625 0.0517578125 0.107421875 0.103515625
0 0.111328125 0.0068359375 0.03125 0.013671875
0 0.01953125 0.009765625 0.0390625 0.01953125