0 0.724609375 0.998046875 0.015625 0.00390625
0 0.380859375 0.9951171875 0.01953125 0.009765625
0 0.232421875 0.994140625 0.01953125 0.01171875
0 0.46875 0.990234375 0.015625 0.015625
0 0.837890625 0.9765625 0.01953125 0.01171875
0 0.33984375 0.9755859375 0.0390625 0.033203125
0 0.904296875 0.96484375 0.015625 0.01953125
0 0.9287109375 0.9619140625 0.029296875 0.021484375
0 0.82421875 0.9580078125 0.02734375 0.021484375
0 0.7275390625 0.9609375 0.017578125 0.03125
0 0.990234375 0.95703125 0.01953125 0.02734375
0 0.2978515625 0.9541015625 0.033203125 0.025390625
0 0.708984375 0.9189453125 0.01953125 0.017578125
0 0.9892578125 0.9140625 0.021484375 0.0390625
0 0.9384765625 0.90625 0.029296875 0.03125
0 0.8896484375 0.8994140625 0.021484375 0.025390625
0 0.837890625 0.900390625 0.02734375 0.02734375
0 0.80078125 0.8955078125 0.03125 0.021484375
0 0.72265625 0.9013671875 0.03515625 0.037109375
0 0.3798828125 0.8984375 0.033203125 0.03125
0 0.66796875 0.8876953125 0.0390625 0.021484375
0 0.6171875 0.8876953125 0.0390625 0.025390625
0 0.5712890625 0.88671875 0.029296875 0.0234375
0 0.4775390625 0.88671875 0.033203125 0.02734375
0 0.42578125 0.8828125 0.03515625 0.02734375
0 0.2265625 0.88671875 0.03125 0.0546875
0 0.3203125 0.875 0.03125 0.03515625
0 0.833984375 0.8447265625 0.015625 0.017578125
0 0.9013671875 0.8447265625 0.037109375 0.025390625
0 0.9833984375 0.8447265625 0.033203125 0.029296875
0 0.8564453125 0.83984375 0.025390625 0.02734375
0 0.8056640625 0.8359375 0.033203125 0.0234375
0 0.7421875 0.8330078125 0.03125 0.021484375
0 0.890625 0.8232421875 0.015625 0.017578125
0 0.716796875 0.822265625 0.01171875 0.015625
0 0.65234375 0.826171875 0.0234375 0.02734375
0 0.6162109375 0.82421875 0.029296875 0.0234375
0 0.5244140625 0.822265625 0.033203125 0.01953125
0 0.5 0.818359375 0.01171875 0.015625
0 0.6845703125 0.82421875 0.025390625 0.03515625
0 0.435546875 0.8134765625 0.03125 0.025390625
0 0.4736328125 0.8134765625 0.029296875 0.029296875
0 0.580078125 0.8134765625 0.03125 0.033203125
0 0.8056640625 0.8017578125 0.029296875 0.021484375
0 0.5595703125 0.7998046875 0.013671875 0.017578125
0 0.998046875 0.79296875 0.00390625 0.01171875
0 0.7451171875 0.79296875 0.033203125 0.01953125
0 0.611328125 0.791015625 0.01171875 0.015625
0 0.681640625 0.783203125 0.01171875 0.01171875
0 0.3671875 0.7978515625 0.0234375 0.041015625
0 0.908203125 0.77734375 0.03515625 0.02734375
0 0.8076171875 0.7724609375 0.029296875 0.021484375
0 0.74609375 0.7607421875 0.03125 0.017578125
0 0.166015625 0.7802734375 0.125 0.091796875
0 0.9765625 0.7509765625 0.01953125 0.037109375
0 0.8134765625 0.7333984375 0.029296875 0.025390625
0 0.9130859375 0.736328125 0.029296875 0.03515625
0 0.7265625 0.7236328125 0.01171875 0.013671875
0 0.5244140625 0.736328125 0.041015625 0.0390625
0 0.7490234375 0.7255859375 0.021484375 0.025390625
0 0.42578125 0.732421875 0.03125 0.0390625
0 0.728515625 0.69921875 0.01171875 0.015625
0 0.916015625 0.6943359375 0.01953125 0.025390625
0 0.8271484375 0.69140625 0.025390625 0.01953125
0 0.9775390625 0.6953125 0.025390625 0.0390625
0 0.423828125 0.68359375 0.0234375 0.0234375
0 0.75 0.6787109375 0.03125 0.017578125
0 0.525390625 0.6865234375 0.02734375 0.033203125
0 0.529296875 0.6328125 0.0390625 0.03515625
0 0.8701171875 0.623046875 0.033203125 0.01953125
0 0.8251953125 0.6220703125 0.033203125 0.017578125
0 0.63671875 0.6259765625 0.02734375 0.025390625
0 0.236328125 0.6767578125 0.08984375 0.126953125
0 0.984375 0.623046875 0.01953125 0.02734375
0 0.919921875 0.619140625 0.0234375 0.03125
0 0.8203125 0.60546875 0.015625 0.01171875
0 0.1337890625 0.642578125 0.091796875 0.125
0 0.44140625 0.587890625 0.02734375 0.0390625
0 0.53125 0.5830078125 0.03125 0.033203125
0 0.923828125 0.5625 0.0234375 0.02734375
0 0.984375 0.5576171875 0.01953125 0.021484375
0 0.8203125 0.55859375 0.015625 0.0234375
0 0.7578125 0.5517578125 0.0390625 0.029296875
0 0.72265625 0.53125 0.01953125 0.015625
0 0.984375 0.5283203125 0.0234375 0.017578125
0 0.5595703125 0.53125 0.033203125 0.03125
0 0.927734375 0.513671875 0.01953125 0.03125
0 0.4619140625 0.5185546875 0.029296875 0.041015625
0 0.8271484375 0.5048828125 0.021484375 0.029296875
0 0.9873046875 0.498046875 0.025390625 0.0234375
0 0.7392578125 0.4892578125 0.017578125 0.029296875
0 0.17578125 0.513671875 0.08984375 0.08203125
0 0.7109375 0.4814453125 0.01953125 0.021484375
0 0.2890625 0.533203125 0.09375 0.125
0 0.6533203125 0.4833984375 0.021484375 0.029296875
0 0.5986328125 0.4765625 0.033203125 0.01953125
0 0.9892578125 0.4697265625 0.021484375 0.017578125
0 0.5087890625 0.470703125 0.025390625 0.03125
0 0.9248046875 0.46875 0.025390625 0.03125
0 0.8408203125 0.4599609375 0.021484375 0.029296875
0 0.9892578125 0.4404296875 0.021484375 0.017578125
0 0.5126953125 0.439453125 0.029296875 0.01953125
0 0.7646484375 0.427734375 0.025390625 0.01953125
0 0.7412109375 0.42578125 0.013671875 0.015625
0 0.71484375 0.4189453125 0.0234375 0.021484375
0 0.6826171875 0.416015625 0.025390625 0.0234375
0 0.990234375 0.412109375 0.01953125 0.0234375
0 0.65234375 0.4140625 0.01953125 0.02734375
0 0.513671875 0.4091796875 0.03515625 0.021484375
0 0.876953125 0.40625 0.0234375 0.03125
0 0.6005859375 0.4072265625 0.029296875 0.033203125
0 0.8369140625 0.400390625 0.021484375 0.0234375
0 0.7744140625 0.3935546875 0.025390625 0.017578125
0 0.931640625 0.3779296875 0.01953125 0.025390625
0 0.6630859375 0.3740234375 0.017578125 0.025390625
0 0.5361328125 0.37109375 0.021484375 0.0234375
0 0.76953125 0.3662109375 0.03515625 0.021484375
0 0.83984375 0.3671875 0.0234375 0.02734375
0 0.4169921875 0.3642578125 0.029296875 0.021484375
0 0.603515625 0.35546875 0.02734375 0.01953125
0 0.77734375 0.3359375 0.0234375 0.01953125
0 0.3466796875 0.3447265625 0.029296875 0.037109375
0 0.7197265625 0.3359375 0.021484375 0.02734375
0 0.6591796875 0.333984375 0.029296875 0.0234375
0 0.376953125 0.3369140625 0.03125 0.029296875
0 0.6201171875 0.330078125 0.029296875 0.0234375
0 0.994140625 0.3212890625 0.01171875 0.033203125
0 0.9296875 0.318359375 0.03515625 0.05078125
0 0.455078125 0.306640625 0.02734375 0.02734375
0 0.8984375 0.30859375 0.0234375 0.0390625
0 0.8662109375 0.2978515625 0.021484375 0.025390625
0 0.837890625 0.29296875 0.01953125 0.0234375
0 0.765625 0.28125 0.0390625 0.01953125
0 0.72265625 0.279296875 0.0234375 0.01953125
0 0.5419921875 0.283203125 0.021484375 0.02734375
0 0.66015625 0.2763671875 0.0234375 0.021484375
0 0.349609375 0.28125 0.0234375 0.03125
0 0.1162109375 0.2822265625 0.037109375 0.037109375
0 0.5009765625 0.2763671875 0.021484375 0.029296875
0 0.3818359375 0.275390625 0.033203125 0.02734375
0 0.6923828125 0.2744140625 0.025390625 0.029296875
0 0.9833984375 0.24609375 0.029296875 0.0234375
0 0.7861328125 0.2451171875 0.025390625 0.025390625
0 0.6103515625 0.2529296875 0.029296875 0.044921875
0 0.54296875 0.244140625 0.0234375 0.02734375
0 0.66796875 0.236328125 0.02734375 0.01953125
0 0.8818359375 0.2333984375 0.025390625 0.021484375
0 0.4482421875 0.2392578125 0.033203125 0.033203125
0 0.943359375 0.2294921875 0.0234375 0.025390625
0 0.8544921875 0.2216796875 0.025390625 0.029296875
0 0.2041015625 0.2421875 0.083984375 0.07421875
0 0.3701171875 0.1904296875 0.025390625 0.029296875
0 0.8701171875 0.181640625 0.037109375 0.0234375
0 0.5439453125 0.181640625 0.025390625 0.04296875
0 0.751953125 0.1708984375 0.0234375 0.029296875
0 0.79296875 0.1728515625 0.0390625 0.037109375
0 0.6943359375 0.1640625 0.025390625 0.03125
0 0.8740234375 0.154296875 0.033203125 0.02734375
0 0.01953125 0.1533203125 0.03125 0.033203125
0 0.4287109375 0.1455078125 0.029296875 0.029296875
0 0.9921875 0.1318359375 0.015625 0.029296875
0 0.8056640625 0.12890625 0.033203125 0.02734375
0 0.6328125 0.1318359375 0.05078125 0.033203125
0 0.9619140625 0.1259765625 0.021484375 0.025390625
0 0.9052734375 0.119140625 0.025390625 0.03515625
0 0.8740234375 0.111328125 0.021484375 0.03125
0 0.705078125 0.109375 0.03125 0.02734375
0 0.4296875 0.0869140625 0.01953125 0.013671875
0 0.8173828125 0.0810546875 0.037109375 0.025390625
0 0.7802734375 0.0751953125 0.025390625 0.021484375
0 0.4169921875 0.0673828125 0.029296875 0.021484375
0 0.01953125 0.0654296875 0.01953125 0.021484375
0 0.265625 0.087890625 0.125 0.07421875
0 0.9853515625 0.0576171875 0.029296875 0.029296875
0 0.9462890625 0.0498046875 0.029296875 0.029296875
0 0.7841796875 0.0419921875 0.017578125 0.021484375
0 0.8173828125 0.0400390625 0.041015625 0.029296875
0 0.8984375 0.0390625 0.02734375 0.0390625
0 0.00390625 0.025390625 0.0078125 0.02734375
0 0.4248046875 0.0244140625 0.029296875 0.029296875
0 0.064453125 0.0283203125 0.0859375 0.052734375
0 0.8984375 0.0068359375 0.0234375 0.013671875
0 0.7412109375 0.0107421875 0.025390625 0.021484375
0 0.6455078125 0.0068359375 0.029296875 0.013671875
0 0.513671875 0.0048828125 0.015625 0.009765625
0 0.1875 0.009765625 0.078125 0.01953125