0 0.3359375 0.9921875 0.03125 0.015625
0 0.451171875 0.966796875 0.02734375 0.01953125
0 0.482421875 0.958984375 0.015625 0.0234375
0 0.5166015625 0.9453125 0.029296875 0.0390625
0 0.5419921875 0.935546875 0.025390625 0.02734375
0 0.58984375 0.9111328125 0.03125 0.025390625
0 0.4375 0.90234375 0.02734375 0.0234375
0 0.6396484375 0.8876953125 0.033203125 0.029296875
0 0.580078125 0.87890625 0.03125 0.02734375
0 0.6904296875 0.8603515625 0.033203125 0.029296875
0 0.5166015625 0.859375 0.029296875 0.02734375
0 0.1474609375 0.8759765625 0.060546875 0.072265625
0 0.568359375 0.849609375 0.01953125 0.0234375
0 0.3671875 0.8671875 0.05859375 0.0625
0 0.6220703125 0.8291015625 0.029296875 0.025390625
0 0.736328125 0.826171875 0.03125 0.0390625
0 0.7685546875 0.8134765625 0.029296875 0.029296875
0 0.55859375 0.8115234375 0.01953125 0.025390625
0 0.4921875 0.8076171875 0.0234375 0.029296875
0 0.7978515625 0.8017578125 0.029296875 0.021484375
0 0.6796875 0.802734375 0.0390625 0.03125
0 0.2041015625 0.8134765625 0.048828125 0.056640625
0 0.7138671875 0.7861328125 0.037109375 0.037109375
0 0.4287109375 0.796875 0.068359375 0.0703125
0 0.8525390625 0.7705078125 0.021484375 0.025390625
0 0.810546875 0.76953125 0.02734375 0.02734375
0 0.4755859375 0.76171875 0.033203125 0.02734375
0 0.884765625 0.732421875 0.02734375 0.03125
0 0.5322265625 0.73046875 0.044921875 0.06640625
0 0.2939453125 0.7529296875 0.091796875 0.111328125
0 0.2431640625 0.72265625 0.060546875 0.05859375
0 0.384765625 0.7021484375 0.0546875 0.048828125
0 0.9267578125 0.685546875 0.029296875 0.02734375
0 0.3583984375 0.6806640625 0.025390625 0.025390625
0 0.5810546875 0.703125 0.052734375 0.0859375
0 0.908203125 0.658203125 0.01953125 0.01953125
0 0.4267578125 0.6572265625 0.033203125 0.029296875
0 0.9794921875 0.623046875 0.021484375 0.01953125
0 0.361328125 0.619140625 0.05859375 0.03125
0 0.9814453125 0.5439453125 0.037109375 0.052734375
0 0.8388671875 0.5263671875 0.033203125 0.025390625
0 0.939453125 0.52734375 0.0390625 0.0390625
0 0.7734375 0.5927734375 0.17578125 0.173828125
0 0.34765625 0.546875 0.078125 0.08984375
0 0.798828125 0.5029296875 0.0390625 0.037109375
0 0.9072265625 0.501953125 0.087890625 0.12109375
0 0.5859375 0.4697265625 0.05078125 0.056640625
0 0.89453125 0.4541015625 0.0390625 0.037109375
0 0.841796875 0.4423828125 0.02734375 0.025390625
0 0.9619140625 0.4375 0.041015625 0.0390625
0 0.88671875 0.412109375 0.07421875 0.05859375
0 0.4462890625 0.4462890625 0.134765625 0.146484375
0 0.6025390625 0.421875 0.091796875 0.109375
0 0.3095703125 0.3935546875 0.080078125 0.064453125
0 0.4814453125 0.3642578125 0.029296875 0.029296875
0 0.0107421875 0.357421875 0.021484375 0.02734375
0 0.0263671875 0.3291015625 0.033203125 0.025390625
0 0.494140625 0.3173828125 0.02734375 0.025390625
0 0.5244140625 0.2978515625 0.025390625 0.029296875
0 0.00390625 0.2802734375 0.0078125 0.013671875
0 0.6962890625 0.271484375 0.033203125 0.03125
0 0.7578125 0.29296875 0.0625 0.11328125
0 0.6005859375 0.25 0.025390625 0.02734375
0 0.021484375 0.2470703125 0.02734375 0.029296875
0 0.6181640625 0.2392578125 0.021484375 0.029296875
0 0.0068359375 0.220703125 0.013671875 0.0234375
0 0.6591796875 0.2197265625 0.029296875 0.025390625
0 0.69921875 0.205078125 0.08984375 0.0703125