0 0.123046875 0.99609375 0.01953125 0.0078125
0 0.9375 0.994140625 0.03125 0.01171875
0 0.3671875 0.994140625 0.01953125 0.01171875
0 0.681640625 0.9931640625 0.01953125 0.013671875
0 0.4775390625 0.9931640625 0.021484375 0.013671875
0 0.998046875 0.986328125 0.00390625 0.0078125
0 0.076171875 0.9892578125 0.03125 0.017578125
0 0.7626953125 0.98828125 0.029296875 0.0234375
0 0.71875 0.98828125 0.0234375 0.0234375
0 0.021484375 0.9873046875 0.0234375 0.025390625
0 0.2109375 0.9814453125 0.01953125 0.025390625
0 0.869140625 0.9794921875 0.0390625 0.029296875
0 0.4072265625 0.974609375 0.029296875 0.01953125
0 0.2529296875 0.9736328125 0.021484375 0.017578125
0 0.6162109375 0.9814453125 0.033203125 0.037109375
0 0.072265625 0.96875 0.01953125 0.015625
0 0.4765625 0.96875 0.0234375 0.01953125
0 0.3134765625 0.96875 0.021484375 0.02734375
0 0.341796875 0.9697265625 0.02734375 0.033203125
0 0.2841796875 0.9677734375 0.017578125 0.029296875
0 0.6962890625 0.9638671875 0.029296875 0.033203125
0 0.0185546875 0.9580078125 0.017578125 0.021484375
0 0.77734375 0.958984375 0.02734375 0.03125
0 0.732421875 0.9521484375 0.01953125 0.017578125
0 0.123046875 0.95703125 0.0234375 0.02734375
0 0.5703125 0.943359375 0.015625 0.015625
0 0.880859375 0.947265625 0.0390625 0.02734375
0 0.6240234375 0.947265625 0.033203125 0.03125
0 0.212890625 0.943359375 0.01953125 0.0234375
0 0.40625 0.94140625 0.0234375 0.0234375
0 0.9423828125 0.943359375 0.029296875 0.0390625
0 0.974609375 0.935546875 0.02734375 0.04296875
0 0.24609375 0.91796875 0.015625 0.015625
0 0.63671875 0.9208984375 0.02734375 0.033203125
0 0.8876953125 0.9150390625 0.025390625 0.029296875
0 0.5458984375 0.919921875 0.033203125 0.0390625
0 0.5927734375 0.912109375 0.021484375 0.02734375
0 0.5126953125 0.9189453125 0.021484375 0.041015625
0 0.4833984375 0.9228515625 0.037109375 0.048828125
0 0.39453125 0.9072265625 0.01953125 0.021484375
0 0.357421875 0.9052734375 0.0234375 0.017578125
0 0.3203125 0.908203125 0.0234375 0.0234375
0 0.283203125 0.90625 0.01953125 0.0234375
0 0.220703125 0.9091796875 0.02734375 0.029296875
0 0.0654296875 0.9072265625 0.044921875 0.025390625
0 0.015625 0.9091796875 0.02734375 0.029296875
0 0.126953125 0.9072265625 0.0234375 0.029296875
0 0.7744140625 0.892578125 0.017578125 0.015625
0 0.8046875 0.892578125 0.03515625 0.03515625
0 0.900390625 0.87890625 0.02734375 0.02734375
0 0.990234375 0.876953125 0.01953125 0.03125
0 0.787109375 0.859375 0.015625 0.01953125
0 0.740234375 0.8642578125 0.03125 0.037109375
0 0.814453125 0.8603515625 0.03515625 0.033203125
0 0.7705078125 0.8515625 0.017578125 0.01953125
0 0.705078125 0.8515625 0.03515625 0.04296875
0 0.2275390625 0.83203125 0.025390625 0.01953125
0 0.798828125 0.8310546875 0.01953125 0.021484375
0 0.6513671875 0.8388671875 0.037109375 0.041015625
0 0.4970703125 0.828125 0.025390625 0.0234375
0 0.529296875 0.828125 0.0234375 0.02734375
0 0.3955078125 0.8271484375 0.017578125 0.025390625
0 0.3720703125 0.8271484375 0.017578125 0.025390625
0 0.341796875 0.8271484375 0.01953125 0.025390625
0 0.4638671875 0.82421875 0.021484375 0.02734375
0 0.9931640625 0.8203125 0.013671875 0.0234375
0 0.61328125 0.828125 0.0234375 0.0390625
0 0.2763671875 0.82421875 0.021484375 0.03125
0 0.8310546875 0.8232421875 0.033203125 0.033203125
0 0.3076171875 0.8232421875 0.021484375 0.033203125
0 0.9404296875 0.8134765625 0.041015625 0.021484375
0 0.5810546875 0.82421875 0.029296875 0.04296875
0 0.2509765625 0.80859375 0.017578125 0.01171875
0 0.7119140625 0.8046875 0.017578125 0.015625
0 0.5068359375 0.798828125 0.017578125 0.015625
0 0.3896484375 0.7978515625 0.021484375 0.013671875
0 0.4736328125 0.7958984375 0.017578125 0.013671875
0 0.3603515625 0.796875 0.013671875 0.015625
0 0.32421875 0.796875 0.02734375 0.015625
0 0.2724609375 0.7958984375 0.017578125 0.013671875
0 0.673828125 0.7978515625 0.0234375 0.021484375
0 0.220703125 0.796875 0.015625 0.01953125
0 0.9443359375 0.7861328125 0.037109375 0.021484375
0 0.8447265625 0.787109375 0.029296875 0.03125
0 0.7919921875 0.78125 0.021484375 0.01953125
0 0.5263671875 0.77734375 0.021484375 0.0234375
0 0.349609375 0.7724609375 0.015625 0.013671875
0 0.3935546875 0.7744140625 0.021484375 0.021484375
0 0.466796875 0.76953125 0.03515625 0.01953125
0 0.98828125 0.7744140625 0.0234375 0.033203125
0 0.22265625 0.7646484375 0.01953125 0.017578125
0 0.9482421875 0.7626953125 0.037109375 0.021484375
0 0.3505859375 0.7490234375 0.017578125 0.017578125
0 0.3935546875 0.744140625 0.021484375 0.0234375
0 0.2607421875 0.7392578125 0.017578125 0.013671875
0 0.83984375 0.7451171875 0.0390625 0.029296875
0 0.6162109375 0.7421875 0.029296875 0.02734375
0 0.45703125 0.740234375 0.0234375 0.0234375
0 0.220703125 0.7314453125 0.0234375 0.021484375
0 0.658203125 0.7314453125 0.03125 0.033203125
0 0.3583984375 0.712890625 0.025390625 0.0234375
0 0.5859375 0.7119140625 0.03125 0.033203125
0 0.45703125 0.7060546875 0.03125 0.029296875
0 0.9775390625 0.7001953125 0.037109375 0.021484375
0 0.6826171875 0.703125 0.029296875 0.02734375
0 0.8193359375 0.7021484375 0.037109375 0.029296875
0 0.263671875 0.6943359375 0.01171875 0.013671875
0 0.2265625 0.693359375 0.02734375 0.01953125
0 0.3740234375 0.6845703125 0.021484375 0.017578125
0 0.7099609375 0.685546875 0.029296875 0.02734375
0 0.453125 0.6787109375 0.03125 0.021484375
0 0.9853515625 0.6669921875 0.029296875 0.021484375
0 0.3369140625 0.6630859375 0.017578125 0.017578125
0 0.2294921875 0.6630859375 0.033203125 0.021484375
0 0.74609375 0.6640625 0.03515625 0.03125
0 0.6435546875 0.650390625 0.025390625 0.0234375
0 0.5966796875 0.6572265625 0.037109375 0.037109375
0 0.443359375 0.6494140625 0.0234375 0.021484375
0 0.365234375 0.6484375 0.02734375 0.02734375
0 0.8740234375 0.6552734375 0.033203125 0.044921875
0 0.7783203125 0.646484375 0.033203125 0.03515625
0 0.669921875 0.6318359375 0.02734375 0.021484375
0 0.9873046875 0.6337890625 0.025390625 0.029296875
0 0.806640625 0.6279296875 0.03125 0.029296875
0 0.4345703125 0.623046875 0.021484375 0.0234375
0 0.2626953125 0.6162109375 0.017578125 0.013671875
0 0.2265625 0.62109375 0.01953125 0.0234375
0 0.84765625 0.619140625 0.03515625 0.03125
0 0.345703125 0.6162109375 0.03125 0.029296875
0 0.9091796875 0.61328125 0.037109375 0.03125
0 0.701171875 0.6103515625 0.02734375 0.025390625
0 0.2626953125 0.59765625 0.017578125 0.015625
0 0.8662109375 0.59375 0.025390625 0.0234375
0 0.4326171875 0.5888671875 0.029296875 0.021484375
0 0.224609375 0.5888671875 0.0234375 0.021484375
0 0.740234375 0.591796875 0.04296875 0.03515625
0 0.3408203125 0.5849609375 0.029296875 0.029296875
0 0.6328125 0.5810546875 0.02734375 0.025390625
0 0.6044921875 0.5712890625 0.025390625 0.021484375
0 0.3935546875 0.5673828125 0.021484375 0.025390625
0 0.255859375 0.5576171875 0.015625 0.013671875
0 0.224609375 0.560546875 0.0234375 0.01953125
0 0.5693359375 0.5634765625 0.033203125 0.037109375
0 0.0537109375 0.646484375 0.107421875 0.2109375
0 0.333984375 0.5537109375 0.02734375 0.029296875
0 0.5419921875 0.5458984375 0.029296875 0.029296875
0 0.939453125 0.5341796875 0.03125 0.025390625
0 0.8681640625 0.5234375 0.029296875 0.0234375
0 0.228515625 0.5244140625 0.0234375 0.025390625
0 0.3251953125 0.521484375 0.029296875 0.0234375
0 0.5048828125 0.51953125 0.037109375 0.03125
0 0.4482421875 0.5146484375 0.017578125 0.021484375
0 0.4208984375 0.515625 0.021484375 0.0234375
0 0.3876953125 0.5166015625 0.017578125 0.025390625
0 0.001953125 0.505859375 0.00390625 0.00390625
0 0.470703125 0.5146484375 0.01953125 0.025390625
0 0.73828125 0.5146484375 0.03515625 0.033203125
0 0.90234375 0.498046875 0.01953125 0.015625
0 0.69140625 0.5078125 0.046875 0.03515625
0 0.9443359375 0.5029296875 0.044921875 0.037109375
0 0.6416015625 0.501953125 0.041015625 0.03515625
0 0.7822265625 0.5048828125 0.041015625 0.044921875
0 0.5927734375 0.478515625 0.025390625 0.02734375
0 0.861328125 0.4775390625 0.02734375 0.033203125
0 0.955078125 0.4716796875 0.04296875 0.037109375
0 0.7841796875 0.4521484375 0.041015625 0.037109375
0 0.3759765625 0.4443359375 0.025390625 0.021484375
0 0.59375 0.4404296875 0.04296875 0.017578125
0 0.5078125 0.4423828125 0.02734375 0.021484375
0 0.458984375 0.443359375 0.02734375 0.0234375
0 0.3017578125 0.4423828125 0.029296875 0.021484375
0 0.880859375 0.4423828125 0.0234375 0.025390625
0 0.23046875 0.447265625 0.03125 0.03515625
0 0.7412109375 0.4287109375 0.044921875 0.037109375
0 0.5859375 0.4169921875 0.03125 0.021484375
0 0.22265625 0.4130859375 0.03125 0.025390625
0 0.3046875 0.408203125 0.015625 0.0234375
0 0.986328125 0.4072265625 0.02734375 0.025390625
0 0.5068359375 0.40625 0.029296875 0.0234375
0 0.921875 0.4140625 0.046875 0.0546875
0 0.828125 0.404296875 0.0390625 0.0390625
0 0.708984375 0.4052734375 0.03515625 0.041015625
0 0.603515625 0.3896484375 0.05078125 0.017578125
0 0.6591796875 0.3896484375 0.037109375 0.025390625
0 0.3681640625 0.400390625 0.029296875 0.046875
0 0.208984375 0.3857421875 0.01953125 0.021484375
0 0.291015625 0.380859375 0.0234375 0.0234375
0 0.791015625 0.373046875 0.03515625 0.03125
0 0.4990234375 0.361328125 0.044921875 0.03515625
0 0.3564453125 0.357421875 0.021484375 0.02734375
0 0.2060546875 0.35546875 0.021484375 0.0234375
0 0.8662109375 0.3623046875 0.037109375 0.044921875
0 0.2880859375 0.3427734375 0.021484375 0.025390625
0 0.7490234375 0.34375 0.033203125 0.03125
0 0.8349609375 0.3349609375 0.025390625 0.025390625
0 0.537109375 0.3359375 0.03125 0.02734375
0 0.59375 0.3310546875 0.03515625 0.021484375
0 0.2021484375 0.3251953125 0.021484375 0.029296875
0 0.638671875 0.3154296875 0.0234375 0.017578125
0 0.41015625 0.3173828125 0.03125 0.021484375
0 0.6982421875 0.3125 0.025390625 0.01953125
0 0.990234375 0.3095703125 0.01953125 0.017578125
0 0.28515625 0.3134765625 0.01953125 0.025390625
0 0.80078125 0.3115234375 0.0234375 0.025390625
0 0.943359375 0.30859375 0.0390625 0.03125
0 0.998046875 0.287109375 0.00390625 0.0078125
0 0.34765625 0.2919921875 0.01953125 0.017578125
0 0.76953125 0.291015625 0.0234375 0.0234375
0 0.203125 0.2890625 0.02734375 0.01953125
0 0.279296875 0.2822265625 0.03515625 0.025390625
0 0.9482421875 0.28125 0.029296875 0.02734375
0 0.5380859375 0.27734375 0.017578125 0.01953125
0 0.869140625 0.2783203125 0.02734375 0.025390625
0 0.4951171875 0.2763671875 0.033203125 0.025390625
0 0.740234375 0.271484375 0.02734375 0.0234375
0 0.3564453125 0.263671875 0.025390625 0.0234375
0 0.279296875 0.2509765625 0.03125 0.021484375
0 0.203125 0.2548828125 0.02734375 0.033203125
0 0.6494140625 0.248046875 0.021484375 0.0234375
0 0.6142578125 0.24609375 0.017578125 0.01953125
0 0.701171875 0.2490234375 0.0390625 0.029296875
0 0.58984375 0.244140625 0.01953125 0.01953125
0 0.56640625 0.2451171875 0.01953125 0.029296875
0 0.826171875 0.244140625 0.03125 0.03125
0 0.0771484375 0.23828125 0.021484375 0.03125
0 0.353515625 0.23046875 0.01953125 0.01953125
0 0.625 0.2255859375 0.015625 0.017578125
0 0.7939453125 0.2294921875 0.025390625 0.029296875
0 0.96875 0.2236328125 0.03125 0.025390625
0 0.4892578125 0.22265625 0.029296875 0.0234375
0 0.2822265625 0.2177734375 0.017578125 0.017578125
0 0.1103515625 0.2216796875 0.025390625 0.025390625
0 0.8876953125 0.2333984375 0.037109375 0.060546875
0 0.0107421875 0.21484375 0.021484375 0.02734375
0 0.76953125 0.208984375 0.01953125 0.01953125
0 0.7021484375 0.2109375 0.021484375 0.0234375
0 0.35546875 0.19921875 0.03515625 0.01953125
0 0.4833984375 0.1982421875 0.025390625 0.021484375
0 0.9765625 0.1943359375 0.0234375 0.025390625
0 0.060546875 0.1884765625 0.015625 0.017578125
0 0.5458984375 0.1884765625 0.025390625 0.021484375
0 0.5986328125 0.185546875 0.025390625 0.01953125
0 0.1142578125 0.1884765625 0.021484375 0.025390625
0 0.703125 0.181640625 0.0234375 0.01953125
0 0.0205078125 0.1875 0.029296875 0.03125
0 0.9072265625 0.177734375 0.029296875 0.03125
0 0.568359375 0.171875 0.01953125 0.01953125
0 0.4755859375 0.17578125 0.033203125 0.02734375
0 0.353515625 0.1689453125 0.03125 0.021484375
0 0.9873046875 0.166015625 0.025390625 0.02734375
0 0.6181640625 0.158203125 0.037109375 0.0234375
0 0.115234375 0.158203125 0.0234375 0.0234375
0 0.03515625 0.16015625 0.02734375 0.03125
0 0.814453125 0.15625 0.03515625 0.02734375
0 0.7099609375 0.150390625 0.017578125 0.01953125
0 0.47265625 0.1494140625 0.0234375 0.021484375
0 0.91796875 0.1494140625 0.02734375 0.025390625
0 0.5390625 0.1484375 0.0234375 0.02734375
0 0.2353515625 0.1650390625 0.041015625 0.064453125
0 0.359375 0.1416015625 0.03125 0.021484375
0 0.994140625 0.1337890625 0.01171875 0.017578125
0 0.619140625 0.1337890625 0.03125 0.021484375
0 0.1181640625 0.1240234375 0.021484375 0.025390625
0 0.0576171875 0.1259765625 0.029296875 0.033203125
0 0.927734375 0.119140625 0.03125 0.02734375
0 0.4658203125 0.1142578125 0.021484375 0.021484375
0 0.3583984375 0.11328125 0.021484375 0.0234375
0 0.689453125 0.1103515625 0.0234375 0.029296875
0 0.53125 0.1025390625 0.0234375 0.029296875
0 0.8544921875 0.1005859375 0.029296875 0.029296875
0 0.1181640625 0.0947265625 0.025390625 0.017578125
0 0.091796875 0.0908203125 0.01171875 0.017578125
0 0.82421875 0.0908203125 0.02734375 0.021484375
0 0.78125 0.0927734375 0.02734375 0.025390625
0 0.6015625 0.0986328125 0.05078125 0.044921875
0 0.677734375 0.078125 0.03125 0.01953125
0 0.3662109375 0.0791015625 0.033203125 0.021484375
0 0.998046875 0.0693359375 0.00390625 0.009765625
0 0.560546875 0.06640625 0.03125 0.02734375
0 0.9716796875 0.0576171875 0.025390625 0.025390625
0 0.669921875 0.0537109375 0.03125 0.017578125
0 0.4580078125 0.05859375 0.029296875 0.02734375
0 0.3623046875 0.0537109375 0.025390625 0.017578125
0 0.0107421875 0.05859375 0.021484375 0.02734375
0 0.931640625 0.0498046875 0.01953125 0.021484375
0 0.396484375 0.0458984375 0.015625 0.013671875
0 0.5224609375 0.0458984375 0.025390625 0.017578125
0 0.900390625 0.044921875 0.01953125 0.01953125
0 0.607421875 0.05078125 0.0234375 0.03125
0 0.2236328125 0.041015625 0.048828125 0.0234375
0 0.6669921875 0.029296875 0.025390625 0.015625
0 0.0361328125 0.0361328125 0.033203125 0.029296875
0 0.865234375 0.03125 0.02734375 0.02734375
0 0.4482421875 0.025390625 0.029296875 0.0234375
0 0.125 0.025390625 0.02734375 0.0234375
0 0.8232421875 0.0234375 0.025390625 0.0234375
0 0.5205078125 0.0205078125 0.029296875 0.021484375
0 0.748046875 0.0205078125 0.02734375 0.029296875
0 0.064453125 0.0205078125 0.0234375 0.029296875
0 0.59765625 0.0126953125 0.03515625 0.021484375
0 0.369140625 0.015625 0.0234375 0.02734375
0 0.2109375 0.01171875 0.01953125 0.01953125
0 0.984375 0.005859375 0.01953125 0.01171875
0 0.7890625 0.01171875 0.0234375 0.0234375
0 0.666015625 0.0087890625 0.03125 0.017578125
0 0.517578125 0.00390625 0.02734375 0.0078125
0 0.44921875 0.005859375 0.02734375 0.01171875
0 0.3896484375 0.00390625 0.009765625 0.0078125
0 0.1298828125 0.0029296875 0.017578125 0.005859375