0 0.388671875 0.998046875 0.01953125 0.00390625
0 0.58984375 0.9951171875 0.01953125 0.009765625
0 0.1162109375 0.9951171875 0.021484375 0.009765625
0 0.2138671875 0.9921875 0.025390625 0.015625
0 0.2939453125 0.9794921875 0.037109375 0.021484375
0 0.41015625 0.9765625 0.03515625 0.01953125
0 0.724609375 0.982421875 0.0390625 0.03515625
0 0.6357421875 0.974609375 0.029296875 0.01953125
0 0.1767578125 0.974609375 0.013671875 0.01953125
0 0.490234375 0.97265625 0.0390625 0.0234375
0 0.9833984375 0.9658203125 0.021484375 0.025390625
0 0.216796875 0.9619140625 0.01953125 0.025390625
0 0.9453125 0.9697265625 0.03125 0.044921875
0 0.1220703125 0.958984375 0.033203125 0.0234375
0 0.001953125 0.9560546875 0.00390625 0.025390625
0 0.3203125 0.9501953125 0.015625 0.017578125
0 0.5439453125 0.9443359375 0.021484375 0.025390625
0 0.04296875 0.9482421875 0.03515625 0.033203125
0 0.412109375 0.939453125 0.0234375 0.01953125
0 0.2880859375 0.939453125 0.021484375 0.01953125
0 0.7421875 0.9443359375 0.04296875 0.041015625
0 0.12109375 0.9287109375 0.0234375 0.017578125
0 0.2119140625 0.9208984375 0.029296875 0.021484375
0 0.375 0.91796875 0.015625 0.01953125
0 0.5771484375 0.919921875 0.021484375 0.02734375
0 0.001953125 0.9150390625 0.00390625 0.021484375
0 0.6142578125 0.916015625 0.017578125 0.02734375
0 0.291015625 0.912109375 0.03515625 0.01953125
0 0.05078125 0.9072265625 0.02734375 0.013671875
0 0.9892578125 0.9033203125 0.021484375 0.017578125
0 0.4091796875 0.90234375 0.025390625 0.01953125
0 0.9541015625 0.896484375 0.029296875 0.01953125
0 0.12890625 0.8935546875 0.03515625 0.025390625
0 0.2880859375 0.88671875 0.029296875 0.015625
0 0.916015625 0.88671875 0.02734375 0.02734375
0 0.212890625 0.8798828125 0.03515625 0.021484375
0 0.6123046875 0.87890625 0.017578125 0.03515625
0 0.5751953125 0.8740234375 0.021484375 0.025390625
0 0.6455078125 0.87890625 0.029296875 0.0390625
0 0.5380859375 0.873046875 0.021484375 0.02734375
0 0.4873046875 0.8740234375 0.044921875 0.037109375
0 0.4052734375 0.8662109375 0.029296875 0.025390625
0 0.3388671875 0.859375 0.017578125 0.015625
0 0.2890625 0.861328125 0.03515625 0.01953125
0 0.908203125 0.8583984375 0.01953125 0.017578125
0 0.853515625 0.859375 0.0234375 0.03125
0 0.00390625 0.8525390625 0.0078125 0.017578125
0 0.806640625 0.853515625 0.0234375 0.03125
0 0.73828125 0.85546875 0.05859375 0.0390625
0 0.12890625 0.8466796875 0.03515625 0.029296875
0 0.046875 0.83984375 0.0390625 0.0234375
0 0.3544921875 0.833984375 0.013671875 0.02734375
0 0.287109375 0.8193359375 0.0234375 0.017578125
0 0.8671875 0.814453125 0.03515625 0.01171875
0 0.39453125 0.8193359375 0.0390625 0.021484375
0 0.1787109375 0.8134765625 0.017578125 0.021484375
0 0.7490234375 0.8125 0.041015625 0.03125
0 0.025390625 0.810546875 0.0234375 0.02734375
0 0.134765625 0.8076171875 0.04296875 0.025390625
0 0.4794921875 0.8017578125 0.021484375 0.025390625
0 0.212890625 0.798828125 0.03515625 0.0234375
0 0.005859375 0.79296875 0.01171875 0.01171875
0 0.63671875 0.7998046875 0.0234375 0.029296875
0 0.572265625 0.8017578125 0.01953125 0.037109375
0 0.515625 0.7998046875 0.01953125 0.033203125
0 0.54296875 0.798828125 0.01953125 0.0390625
0 0.7197265625 0.78125 0.017578125 0.0234375
0 0.990234375 0.7783203125 0.01953125 0.021484375
0 0.400390625 0.7763671875 0.03515625 0.017578125
0 0.47265625 0.771484375 0.015625 0.01171875
0 0.9384765625 0.779296875 0.025390625 0.03125
0 0.2919921875 0.7734375 0.029296875 0.01953125
0 0.8935546875 0.7705078125 0.017578125 0.029296875
0 0.8681640625 0.771484375 0.021484375 0.03515625
0 0.8232421875 0.771484375 0.017578125 0.03515625
0 0.2138671875 0.7646484375 0.029296875 0.021484375
0 0.8486328125 0.771484375 0.017578125 0.0390625
0 0.14453125 0.771484375 0.0546875 0.0390625
0 0.78515625 0.7666015625 0.0234375 0.037109375
0 0.7626953125 0.76953125 0.021484375 0.04296875
0 0.5302734375 0.7548828125 0.017578125 0.025390625
0 0.6396484375 0.7529296875 0.025390625 0.037109375
0 0.58984375 0.751953125 0.0234375 0.0390625
0 0.02734375 0.73828125 0.01171875 0.01171875
0 0.1865234375 0.7373046875 0.017578125 0.013671875
0 0.396484375 0.736328125 0.03125 0.01953125
0 0.5546875 0.7431640625 0.01953125 0.041015625
0 0.4892578125 0.736328125 0.029296875 0.03125
0 0.3603515625 0.7275390625 0.021484375 0.017578125
0 0.29296875 0.7294921875 0.03125 0.021484375
0 0.21484375 0.7216796875 0.03515625 0.017578125
0 0.1357421875 0.7216796875 0.037109375 0.021484375
0 0.0537109375 0.71875 0.037109375 0.0234375
0 0.982421875 0.7158203125 0.01953125 0.029296875
0 0.9404296875 0.7021484375 0.037109375 0.044921875
0 0.3935546875 0.6923828125 0.037109375 0.025390625
0 0.75390625 0.693359375 0.0625 0.03125
0 0.3544921875 0.6923828125 0.025390625 0.029296875
0 0.3125 0.6962890625 0.0234375 0.037109375
0 0.28515625 0.697265625 0.0234375 0.0390625
0 0.2197265625 0.6875 0.025390625 0.0234375
0 0.142578125 0.6865234375 0.0390625 0.021484375
0 0.060546875 0.6865234375 0.03125 0.021484375
0 0.021484375 0.6865234375 0.01953125 0.021484375
0 0.8974609375 0.689453125 0.033203125 0.0390625
0 0.626953125 0.68359375 0.0546875 0.03125
0 0.791015625 0.671875 0.015625 0.015625
0 0.74609375 0.66796875 0.0390625 0.01953125
0 0.83984375 0.6611328125 0.04296875 0.037109375
0 0.5224609375 0.658203125 0.037109375 0.03125
0 0.5810546875 0.6435546875 0.013671875 0.017578125
0 0.7490234375 0.63671875 0.041015625 0.0234375
0 0.8359375 0.626953125 0.02734375 0.015625
0 0.6416015625 0.634765625 0.037109375 0.03125
0 0.60546875 0.6357421875 0.015625 0.037109375
0 0.87109375 0.62109375 0.015625 0.015625
0 0.564453125 0.6298828125 0.0234375 0.033203125
0 0.216796875 0.6220703125 0.0234375 0.017578125
0 0.2861328125 0.6240234375 0.029296875 0.025390625
0 0.015625 0.6240234375 0.01953125 0.025390625
0 0.3154296875 0.6220703125 0.017578125 0.025390625
0 0.0712890625 0.62109375 0.017578125 0.0234375
0 0.0419921875 0.62109375 0.017578125 0.0234375
0 0.3955078125 0.6220703125 0.021484375 0.029296875
0 0.1357421875 0.6181640625 0.021484375 0.021484375
0 0.533203125 0.6162109375 0.02734375 0.021484375
0 0.3359375 0.611328125 0.01171875 0.015625
0 0.982421875 0.6181640625 0.0234375 0.037109375
0 0.939453125 0.6123046875 0.0234375 0.033203125
0 0.3603515625 0.6142578125 0.017578125 0.041015625
0 0.2138671875 0.599609375 0.013671875 0.01171875
0 0.896484375 0.603515625 0.02734375 0.0234375
0 0.1474609375 0.5947265625 0.009765625 0.017578125
0 0.833984375 0.59765625 0.02734375 0.03125
0 0.8017578125 0.5986328125 0.017578125 0.033203125
0 0.7685546875 0.599609375 0.029296875 0.0390625
0 0.4560546875 0.5888671875 0.029296875 0.037109375
0 0.4013671875 0.58203125 0.021484375 0.02734375
0 0.28515625 0.576171875 0.02734375 0.01953125
0 0.333984375 0.5712890625 0.015625 0.013671875
0 0.2138671875 0.56640625 0.033203125 0.01953125
0 0.134765625 0.564453125 0.0234375 0.03125
0 0.0625 0.556640625 0.0390625 0.01953125
0 0.5595703125 0.5576171875 0.025390625 0.029296875
0 0.189453125 0.548828125 0.015625 0.01171875
0 0.9609375 0.55078125 0.0234375 0.0234375
0 0.658203125 0.55078125 0.02734375 0.02734375
0 0.462890625 0.548828125 0.0390625 0.0234375
0 0.9970703125 0.548828125 0.005859375 0.03125
0 0.291015625 0.5439453125 0.03515625 0.029296875
0 0.05078125 0.533203125 0.01171875 0.015625
0 0.38671875 0.5341796875 0.02734375 0.025390625
0 0.849609375 0.53125 0.0234375 0.03515625
0 0.2861328125 0.5185546875 0.025390625 0.013671875
0 0.80859375 0.5244140625 0.02734375 0.033203125
0 0.9072265625 0.52734375 0.041015625 0.05078125
0 0.5751953125 0.509765625 0.029296875 0.0234375
0 0.5341796875 0.501953125 0.025390625 0.0234375
0 0.1376953125 0.505859375 0.029296875 0.03125
0 0.6689453125 0.505859375 0.029296875 0.03515625
0 0.7705078125 0.505859375 0.025390625 0.0390625
0 0.4609375 0.5048828125 0.04296875 0.037109375
0 0.212890625 0.5087890625 0.01953125 0.044921875
0 0.0537109375 0.498046875 0.029296875 0.02734375
0 0.0244140625 0.48046875 0.013671875 0.01171875
0 0.9775390625 0.4951171875 0.044921875 0.044921875
0 0.4736328125 0.4755859375 0.033203125 0.021484375
0 0.6279296875 0.474609375 0.021484375 0.0234375
0 0.04296875 0.4697265625 0.015625 0.013671875
0 0.3623046875 0.4697265625 0.017578125 0.017578125
0 0.00390625 0.4638671875 0.0078125 0.005859375
0 0.6708984375 0.4716796875 0.029296875 0.025390625
0 0.2880859375 0.466796875 0.025390625 0.01953125
0 0.9228515625 0.466796875 0.021484375 0.0234375
0 0.8515625 0.4697265625 0.0234375 0.029296875
0 0.541015625 0.4658203125 0.0234375 0.021484375
0 0.8818359375 0.46484375 0.021484375 0.03125
0 0.3837890625 0.447265625 0.037109375 0.015625
0 0.064453125 0.451171875 0.05078125 0.0390625
0 0.0048828125 0.4404296875 0.009765625 0.017578125
0 0.783203125 0.4580078125 0.09375 0.056640625
0 0.4794921875 0.4423828125 0.029296875 0.033203125
0 0.671875 0.435546875 0.03125 0.0234375
0 0.34375 0.4306640625 0.0234375 0.013671875
0 0.291015625 0.4326171875 0.02734375 0.021484375
0 0.4482421875 0.4267578125 0.017578125 0.013671875
0 0.2197265625 0.44140625 0.029296875 0.046875
0 0.15625 0.4345703125 0.0234375 0.033203125
0 0.6318359375 0.431640625 0.029296875 0.03515625
0 0.591796875 0.431640625 0.02734375 0.04296875
0 0.072265625 0.4130859375 0.03515625 0.021484375
0 0.5595703125 0.419921875 0.025390625 0.0390625
0 0.0048828125 0.412109375 0.009765625 0.0234375
0 0.2919921875 0.3994140625 0.033203125 0.017578125
0 0.4833984375 0.396484375 0.044921875 0.02734375
0 0.828125 0.3916015625 0.0234375 0.025390625
0 0.861328125 0.390625 0.0234375 0.03515625
0 0.341796875 0.38671875 0.03125 0.02734375
0 0.140625 0.380859375 0.01953125 0.01953125
0 0.3857421875 0.38671875 0.037109375 0.03515625
0 0.30859375 0.373046875 0.01953125 0.02734375
0 0.28125 0.3662109375 0.01953125 0.021484375
0 0.2001953125 0.361328125 0.021484375 0.0234375
0 0.7822265625 0.3671875 0.052734375 0.0703125
0 0.1455078125 0.345703125 0.025390625 0.03515625
0 0.517578125 0.3388671875 0.02734375 0.033203125
0 0.673828125 0.345703125 0.046875 0.0625
0 0.458984375 0.328125 0.03515625 0.02734375
0 0.0888671875 0.34375 0.025390625 0.05859375
0 0.064453125 0.3310546875 0.015625 0.037109375
0 0.044921875 0.32421875 0.01953125 0.0234375
0 0.0205078125 0.3203125 0.017578125 0.0234375
0 0.00390625 0.3212890625 0.0078125 0.033203125
0 0.38671875 0.3115234375 0.03125 0.025390625
0 0.3515625 0.3046875 0.0234375 0.02734375
0 0.3037109375 0.296875 0.037109375 0.02734375
0 0.67578125 0.2900390625 0.046875 0.021484375
0 0.5458984375 0.2900390625 0.021484375 0.021484375
0 0.2216796875 0.2919921875 0.029296875 0.025390625
0 0.3974609375 0.28515625 0.025390625 0.01953125
0 0.84765625 0.314453125 0.0546875 0.0859375
0 0.470703125 0.2734375 0.03515625 0.0234375
0 0.1044921875 0.271484375 0.021484375 0.02734375
0 0.07421875 0.267578125 0.0234375 0.02734375
0 0.396484375 0.259765625 0.03125 0.0234375
0 0.326171875 0.2607421875 0.0390625 0.025390625
0 0.4765625 0.24609375 0.03125 0.02734375
0 0.556640625 0.248046875 0.03125 0.0390625
0 0.673828125 0.2470703125 0.02734375 0.044921875
0 0.0244140625 0.2431640625 0.025390625 0.037109375
0 0.1806640625 0.2294921875 0.041015625 0.021484375
0 0.310546875 0.2236328125 0.03125 0.025390625
0 0.4111328125 0.2099609375 0.033203125 0.021484375
0 0.017578125 0.2060546875 0.015625 0.017578125
0 0.5771484375 0.2080078125 0.044921875 0.029296875
0 0.1083984375 0.1982421875 0.033203125 0.025390625
0 0.48046875 0.1943359375 0.03125 0.021484375
0 0.2060546875 0.1875 0.017578125 0.015625
0 0.595703125 0.1845703125 0.015625 0.017578125
0 0.3798828125 0.1845703125 0.017578125 0.017578125
0 0.5693359375 0.1787109375 0.037109375 0.021484375
0 0.4189453125 0.1787109375 0.033203125 0.021484375
0 0.359375 0.171875 0.015625 0.015625
0 0.24609375 0.17578125 0.02734375 0.02734375
0 0.5322265625 0.1640625 0.017578125 0.0234375
0 0.2099609375 0.16015625 0.021484375 0.02734375
0 0.3212890625 0.154296875 0.029296875 0.01953125
0 0.494140625 0.1572265625 0.04296875 0.029296875
0 0.6005859375 0.1513671875 0.021484375 0.021484375
0 0.962890625 0.240234375 0.07421875 0.203125
0 0.1826171875 0.1572265625 0.021484375 0.037109375
0 0.1259765625 0.1513671875 0.021484375 0.037109375
0 0.08984375 0.1416015625 0.015625 0.017578125
0 0.068359375 0.1396484375 0.0234375 0.025390625
0 0.826171875 0.1796875 0.0703125 0.11328125
0 0.49609375 0.1318359375 0.03515625 0.021484375
0 0.3935546875 0.130859375 0.021484375 0.01953125
0 0.033203125 0.1328125 0.02734375 0.0234375
0 0.8818359375 0.1328125 0.044921875 0.02734375
0 0.0078125 0.1318359375 0.015625 0.029296875
0 0.3271484375 0.125 0.029296875 0.01953125
0 0.5703125 0.123046875 0.0234375 0.03125
0 0.607421875 0.1201171875 0.03515625 0.029296875
0 0.4326171875 0.119140625 0.025390625 0.03125
0 0.796875 0.099609375 0.0390625 0.0234375
0 0.3330078125 0.0986328125 0.025390625 0.021484375
0 0.6171875 0.09375 0.03125 0.0234375
0 0.5478515625 0.09765625 0.029296875 0.03125
0 0.2626953125 0.095703125 0.029296875 0.03125
0 0.232421875 0.0888671875 0.015625 0.017578125
0 0.501953125 0.0947265625 0.0234375 0.033203125
0 0.392578125 0.0830078125 0.015625 0.017578125
0 0.197265625 0.0869140625 0.0234375 0.029296875
0 0.0927734375 0.0771484375 0.025390625 0.029296875
0 0.857421875 0.0673828125 0.01953125 0.013671875
0 0.3427734375 0.0693359375 0.033203125 0.017578125
0 0.134765625 0.0712890625 0.02734375 0.029296875
0 0.26953125 0.0625 0.03125 0.0234375
0 0.0517578125 0.0634765625 0.025390625 0.029296875
0 0.5126953125 0.0576171875 0.033203125 0.021484375
0 0.4501953125 0.05859375 0.021484375 0.0234375
0 0.0263671875 0.0595703125 0.021484375 0.025390625
0 0.00390625 0.0595703125 0.0078125 0.025390625
0 0.2119140625 0.05078125 0.025390625 0.02734375
0 0.62890625 0.052734375 0.03125 0.0390625
0 0.3486328125 0.04296875 0.033203125 0.0234375
0 0.693359375 0.0849609375 0.05859375 0.119140625
0 0.2822265625 0.0341796875 0.017578125 0.021484375
0 0.8798828125 0.0625 0.029296875 0.08203125
0 0.3671875 0.0205078125 0.015625 0.017578125
0 0.818359375 0.0302734375 0.08984375 0.041015625
0 0.216796875 0.0224609375 0.02734375 0.025390625
0 0.6083984375 0.0185546875 0.021484375 0.025390625
0 0.5732421875 0.0234375 0.033203125 0.0390625
0 0.98046875 0.0341796875 0.0390625 0.068359375
0 0.796875 0.0029296875 0.01953125 0.005859375
0 0.515625 0.015625 0.0234375 0.03125
0 0.458984375 0.0126953125 0.02734375 0.025390625
0 0.41796875 0.0048828125 0.01953125 0.009765625
0 0.3876953125 0.005859375 0.021484375 0.01171875
0 0.3525390625 0.0048828125 0.021484375 0.009765625
0 0.0986328125 0.0166015625 0.052734375 0.033203125