0 0.650390625 0.9912109375 0.0234375 0.017578125
0 0.7412109375 0.97265625 0.025390625 0.02734375
0 0.9794921875 0.958984375 0.041015625 0.03125
0 0.0625 0.955078125 0.0234375 0.03125
0 0.6669921875 0.9501953125 0.029296875 0.041015625
0 0.7763671875 0.9296875 0.021484375 0.0234375
0 0.9267578125 0.9287109375 0.048828125 0.029296875
0 0.189453125 0.916015625 0.03125 0.02734375
0 0.037109375 0.9052734375 0.02734375 0.033203125
0 0.875 0.8994140625 0.0390625 0.025390625
0 0.6953125 0.89453125 0.02734375 0.03125
0 0.1357421875 0.8935546875 0.029296875 0.029296875
0 0.7998046875 0.8876953125 0.029296875 0.025390625
0 0.0830078125 0.88671875 0.029296875 0.0234375
0 0.984375 0.8525390625 0.03125 0.041015625
0 0.24609375 0.833984375 0.03515625 0.02734375
0 0.1953125 0.8271484375 0.03515625 0.029296875
0 0.8583984375 0.80859375 0.025390625 0.01953125
0 0.9169921875 0.8134765625 0.048828125 0.033203125
0 0.0341796875 0.810546875 0.029296875 0.03125
0 0.1435546875 0.8056640625 0.033203125 0.025390625
0 0.08984375 0.798828125 0.03125 0.0234375
0 0.6953125 0.7978515625 0.03515625 0.037109375
0 0.861328125 0.7587890625 0.02734375 0.037109375
0 0.794921875 0.734375 0.03125 0.02734375
0 0.953125 0.6982421875 0.03125 0.037109375
0 0.998046875 0.6416015625 0.00390625 0.005859375
0 0.013671875 0.6474609375 0.02734375 0.056640625
0 0.091796875 0.6201171875 0.05859375 0.068359375
0 0.93359375 0.603515625 0.0234375 0.0546875
0 0.9267578125 0.5361328125 0.037109375 0.025390625
0 0.2275390625 0.58203125 0.060546875 0.1171875
0 0.01171875 0.541015625 0.0234375 0.0625
0 0.08203125 0.51953125 0.05859375 0.0703125
0 0.453125 0.53515625 0.10546875 0.10546875
0 0.9296875 0.4931640625 0.03125 0.041015625
0 0.685546875 0.470703125 0.01953125 0.0234375
0 0.9365234375 0.4384765625 0.029296875 0.041015625
0 0.0107421875 0.4345703125 0.021484375 0.068359375
0 0.068359375 0.4208984375 0.05859375 0.072265625
0 0.2568359375 0.4423828125 0.083984375 0.119140625
0 0.9609375 0.3955078125 0.0390625 0.044921875
0 0.98828125 0.3623046875 0.0234375 0.029296875
0 0.6982421875 0.3603515625 0.037109375 0.033203125
0 0.0224609375 0.337890625 0.044921875 0.0546875
0 0.64453125 0.2998046875 0.0234375 0.021484375
0 0.2900390625 0.3212890625 0.099609375 0.083984375
0 0.5361328125 0.279296875 0.029296875 0.03125
0 0.61328125 0.259765625 0.01953125 0.0234375
0 0.6953125 0.2587890625 0.02734375 0.037109375
0 0.99609375 0.2333984375 0.0078125 0.017578125
0 0.5087890625 0.23828125 0.029296875 0.03125
0 0.5869140625 0.2255859375 0.029296875 0.029296875
0 0.6962890625 0.205078125 0.033203125 0.03125
0 0.4697265625 0.2021484375 0.033203125 0.029296875
0 0.5556640625 0.189453125 0.029296875 0.03125
0 0.6591796875 0.1689453125 0.033203125 0.029296875
0 0.4296875 0.16796875 0.0390625 0.03125
0 0.53125 0.15234375 0.01953125 0.0234375
0 0.732421875 0.1357421875 0.03125 0.029296875
0 0.626953125 0.134765625 0.02734375 0.02734375
0 0.39453125 0.1337890625 0.03125 0.029296875
0 0.9892578125 0.134765625 0.021484375 0.03515625
0 0.498046875 0.111328125 0.03125 0.02734375
0 0.36328125 0.1005859375 0.02734375 0.025390625
0 0.5966796875 0.099609375 0.029296875 0.02734375
0 0.6806640625 0.09375 0.025390625 0.02734375
0 0.755859375 0.08984375 0.02734375 0.03125
0 0.4658203125 0.076171875 0.025390625 0.03125
0 0.328125 0.064453125 0.02734375 0.02734375
0 0.646484375 0.05859375 0.03515625 0.03515625
0 0.5546875 0.05859375 0.03515625 0.03515625
0 0.7724609375 0.044921875 0.021484375 0.02734375
0 0.4306640625 0.0400390625 0.025390625 0.025390625
0 0.525390625 0.029296875 0.02734375 0.0234375
0 0.29296875 0.029296875 0.02734375 0.02734375
0 0.716796875 0.021484375 0.03515625 0.02734375
0 0.6103515625 0.0185546875 0.029296875 0.029296875
0 0.498046875 0.0048828125 0.01953125 0.009765625
0 0.4814453125 0.001953125 0.005859375 0.00390625
0 0.396484375 0.0087890625 0.02734375 0.017578125
0 0.26171875 0.005859375 0.01953125 0.01171875