0 0.9677734375 0.982421875 0.044921875 0.03515625
0 0.54296875 0.97265625 0.0234375 0.0546875
0 0.3671875 0.9638671875 0.046875 0.072265625
0 0.9853515625 0.9404296875 0.029296875 0.033203125
0 0.9716796875 0.92578125 0.033203125 0.03515625
0 0.568359375 0.9111328125 0.0703125 0.025390625
0 0.0380859375 0.947265625 0.076171875 0.10546875
0 0.4384765625 0.9462890625 0.064453125 0.107421875
0 0.1572265625 0.9443359375 0.111328125 0.111328125
0 0.6669921875 0.9013671875 0.091796875 0.037109375
0 0.94140625 0.90234375 0.0625 0.0546875
0 0.8603515625 0.884765625 0.021484375 0.0234375
0 0.357421875 0.888671875 0.08984375 0.03515625
0 0.0078125 0.87109375 0.015625 0.015625
0 0.908203125 0.8818359375 0.0390625 0.041015625
0 0.1904296875 0.87109375 0.044921875 0.02734375
0 0.0517578125 0.875 0.056640625 0.0546875
0 0.8837890625 0.8564453125 0.033203125 0.033203125
0 0.798828125 0.8544921875 0.03125 0.033203125
0 0.4345703125 0.841796875 0.072265625 0.02734375
0 0.849609375 0.8349609375 0.03515625 0.037109375
0 0.7353515625 0.826171875 0.025390625 0.02734375
0 0.9599609375 0.8271484375 0.029296875 0.037109375
0 0.828125 0.8193359375 0.0390625 0.037109375
0 0.9423828125 0.8125 0.029296875 0.03125
0 0.1787109375 0.8095703125 0.064453125 0.029296875
0 0.349609375 0.8056640625 0.06640625 0.041015625
0 0.8017578125 0.7900390625 0.029296875 0.029296875
0 0.921875 0.7939453125 0.03515625 0.041015625
0 0.9013671875 0.7822265625 0.033203125 0.033203125
0 0.77734375 0.78125 0.03125 0.04296875
0 0.6240234375 0.7705078125 0.044921875 0.025390625
0 0.5361328125 0.8017578125 0.087890625 0.099609375
0 0.87890625 0.7646484375 0.02734375 0.037109375
0 0.7060546875 0.810546875 0.044921875 0.12890625
0 0.751953125 0.7509765625 0.0546875 0.044921875
0 0.841796875 0.736328125 0.03515625 0.0390625
0 0.884765625 0.7216796875 0.03515625 0.025390625
0 0.1572265625 0.7373046875 0.052734375 0.064453125
0 0.42578125 0.7578125 0.08984375 0.11328125
0 0.8134765625 0.71875 0.048828125 0.0390625
0 0.857421875 0.7021484375 0.0234375 0.017578125
0 0.3583984375 0.71484375 0.025390625 0.0625
0 0.90625 0.6865234375 0.02734375 0.033203125
0 0.865234375 0.67578125 0.02734375 0.0390625
0 0.83984375 0.6650390625 0.0234375 0.029296875
0 0.2861328125 0.8232421875 0.037109375 0.353515625
0 0.8134765625 0.6552734375 0.037109375 0.037109375
0 0.7705078125 0.6416015625 0.021484375 0.025390625
0 0.890625 0.6259765625 0.0234375 0.029296875
0 0.87109375 0.6220703125 0.01953125 0.029296875
0 0.775390625 0.5869140625 0.0390625 0.041015625
0 0.8173828125 0.5810546875 0.044921875 0.072265625
0 0.7734375 0.5263671875 0.04296875 0.033203125
0 0.869140625 0.49609375 0.0234375 0.03125
0 0.3662109375 0.5224609375 0.068359375 0.083984375
0 0.98828125 0.486328125 0.0234375 0.03515625
0 0.8525390625 0.453125 0.033203125 0.0234375
0 0.9521484375 0.4404296875 0.025390625 0.025390625
0 0.8291015625 0.4306640625 0.025390625 0.033203125
0 0.03515625 0.46875 0.0703125 0.125
0 0.2861328125 0.462890625 0.068359375 0.1171875
0 0.7783203125 0.4130859375 0.048828125 0.044921875
0 0.986328125 0.388671875 0.02734375 0.02734375
0 0.75 0.3896484375 0.03515625 0.033203125
0 0.4521484375 0.4384765625 0.056640625 0.142578125
0 0.9775390625 0.3681640625 0.033203125 0.029296875
0 0.9228515625 0.390625 0.072265625 0.0859375
0 0.654296875 0.341796875 0.046875 0.03515625
0 0.865234375 0.3330078125 0.04296875 0.041015625
0 0.7177734375 0.326171875 0.033203125 0.03125
0 0.837890625 0.314453125 0.02734375 0.02734375
0 0.7060546875 0.3056640625 0.033203125 0.029296875
0 0.8173828125 0.3056640625 0.029296875 0.033203125
0 0.9296875 0.2861328125 0.03515625 0.025390625
0 0.58984375 0.29296875 0.02734375 0.046875
0 0.5634765625 0.2841796875 0.029296875 0.033203125
0 0.0234375 0.2890625 0.046875 0.0703125
0 0.7724609375 0.279296875 0.076171875 0.06640625
0 0.7109375 0.26171875 0.02734375 0.03125
0 0.888671875 0.2568359375 0.02734375 0.033203125
0 0.048828125 0.24609375 0.01171875 0.01953125
0 0.6083984375 0.24609375 0.029296875 0.03515625
0 0.8681640625 0.2421875 0.033203125 0.03515625
0 0.431640625 0.2421875 0.03515625 0.03515625
0 0.404296875 0.2158203125 0.03515625 0.033203125
0 0.8330078125 0.216796875 0.048828125 0.04296875
0 0.578125 0.208984375 0.03515625 0.03125
0 0.953125 0.201171875 0.03125 0.03125
0 0.796875 0.1962890625 0.03515625 0.037109375
0 0.763671875 0.1748046875 0.05859375 0.056640625
0 0.732421875 0.1513671875 0.03125 0.033203125
0 0.53515625 0.1416015625 0.02734375 0.021484375
0 0.8818359375 0.15234375 0.041015625 0.05078125
0 0.7138671875 0.138671875 0.029296875 0.03125
0 0.0263671875 0.1591796875 0.052734375 0.072265625
0 0.6943359375 0.12890625 0.033203125 0.03515625
0 0.673828125 0.10546875 0.0390625 0.046875
0 0.4375 0.1279296875 0.08984375 0.099609375
0 0.572265625 0.0869140625 0.03125 0.029296875
0 0.923828125 0.083984375 0.0625 0.046875
0 0.427734375 0.0712890625 0.0390625 0.037109375
0 0.5439453125 0.05078125 0.025390625 0.0234375
0 0.5732421875 0.0439453125 0.025390625 0.033203125
0 0.4462890625 0.04296875 0.029296875 0.03515625
0 0.4921875 0.06640625 0.0625 0.1015625
0 0.037109375 0.0625 0.07421875 0.10546875
0 0.5400390625 0.0205078125 0.033203125 0.037109375
0 0.9521484375 0.0107421875 0.033203125 0.021484375
0 0.642578125 0.0283203125 0.03515625 0.056640625