0 0.3603515625 0.541015625 0.056640625 0.05859375
0 0.6279296875 0.4560546875 0.232421875 0.150390625
0 0.3955078125 0.39453125 0.060546875 0.0625
0 0.2880859375 0.3984375 0.064453125 0.1015625
0 0.173828125 0.4052734375 0.109375 0.154296875
0 0.0302734375 0.359375 0.060546875 0.09375
0 0.0966796875 0.3154296875 0.013671875 0.017578125
0 0.2802734375 0.30859375 0.072265625 0.046875
0 0.861328125 0.3525390625 0.27734375 0.173828125
0 0.4111328125 0.2919921875 0.064453125 0.103515625
0 0.98828125 0.2529296875 0.0234375 0.041015625
0 0.169921875 0.26953125 0.07421875 0.08203125
0 0.3369140625 0.2529296875 0.072265625 0.052734375
0 0.037109375 0.244140625 0.07421875 0.0859375
0 0.00390625 0.1884765625 0.0078125 0.013671875
0 0.001953125 0.1171875 0.00390625 0.00390625
0 0.5146484375 0.1220703125 0.021484375 0.021484375
0 0.0205078125 0.0849609375 0.025390625 0.025390625
0 0.4619140625 0.0859375 0.037109375 0.03515625
0 0.4296875 0.05859375 0.03515625 0.02734375
0 0.5302734375 0.0419921875 0.025390625 0.021484375
0 0.08203125 0.0439453125 0.1171875 0.087890625