0 0.828125 0.94140625 0.0625 0.0625
0 0.86328125 0.8916015625 0.02734375 0.037109375
0 0.8203125 0.8798828125 0.05859375 0.029296875
0 0.8251953125 0.8193359375 0.064453125 0.033203125
0 0.748046875 0.81640625 0.02734375 0.03125
0 0.875 0.8173828125 0.02734375 0.041015625
0 0.8447265625 0.7626953125 0.099609375 0.052734375
0 0.7177734375 0.74609375 0.033203125 0.0390625
0 0.59765625 0.693359375 0.03125 0.03125
0 0.935546875 0.6806640625 0.03125 0.025390625
0 0.703125 0.6708984375 0.0234375 0.037109375
0 0.82421875 0.6689453125 0.046875 0.064453125
0 0.59765625 0.62890625 0.03125 0.0390625
0 0.7001953125 0.6103515625 0.021484375 0.033203125
0 0.8681640625 0.6328125 0.033203125 0.08203125
0 0.9580078125 0.59765625 0.033203125 0.0234375
0 0.83203125 0.5927734375 0.046875 0.029296875
0 0.11328125 0.7236328125 0.19921875 0.298828125
0 0.6064453125 0.5751953125 0.033203125 0.037109375
0 0.00390625 0.556640625 0.0078125 0.0234375
0 0.9580078125 0.560546875 0.048828125 0.03515625
0 0.708984375 0.544921875 0.03125 0.0390625
0 0.8798828125 0.5234375 0.017578125 0.0234375
0 0.5517578125 0.4970703125 0.025390625 0.025390625
0 0.7177734375 0.498046875 0.025390625 0.03125
0 0.6318359375 0.4931640625 0.029296875 0.021484375
0 0.0126953125 0.5 0.025390625 0.0390625
0 0.498046875 0.478515625 0.03125 0.05078125
0 0.732421875 0.4599609375 0.03125 0.021484375
0 0.64453125 0.4619140625 0.02734375 0.025390625
0 0.552734375 0.455078125 0.01953125 0.01953125
0 0.8642578125 0.451171875 0.037109375 0.04296875
0 0.73828125 0.42578125 0.03515625 0.0234375
0 0.6572265625 0.42578125 0.037109375 0.03125
0 0.6201171875 0.4169921875 0.017578125 0.013671875
0 0.5595703125 0.4208984375 0.021484375 0.029296875
0 0.9140625 0.4130859375 0.02734375 0.033203125
0 0.6201171875 0.39453125 0.017578125 0.015625
0 0.7421875 0.3916015625 0.02734375 0.017578125
0 0.66796875 0.390625 0.03125 0.0234375
0 0.7783203125 0.384765625 0.017578125 0.015625
0 0.5595703125 0.3857421875 0.017578125 0.021484375
0 0.8359375 0.3798828125 0.01953125 0.025390625
0 0.9853515625 0.3740234375 0.021484375 0.041015625
0 0.75390625 0.3564453125 0.03515625 0.017578125
0 0.6767578125 0.357421875 0.025390625 0.0234375
0 0.0791015625 0.36328125 0.025390625 0.03515625
0 0.888671875 0.3544921875 0.0234375 0.025390625
0 0.685546875 0.3232421875 0.0234375 0.017578125
0 0.7587890625 0.3203125 0.025390625 0.01953125
0 0.0400390625 0.328125 0.037109375 0.03515625
0 0.62890625 0.322265625 0.01953125 0.03125
0 0.5634765625 0.3095703125 0.025390625 0.017578125
0 0.8798828125 0.3056640625 0.029296875 0.017578125
0 0.4609375 0.3525390625 0.07421875 0.134765625
0 0.693359375 0.291015625 0.01953125 0.015625
0 0.771484375 0.2841796875 0.02734375 0.017578125
0 0.6337890625 0.2763671875 0.017578125 0.021484375
0 0.5673828125 0.2734375 0.025390625 0.01953125
0 0.01953125 0.2763671875 0.0390625 0.033203125
0 0.7724609375 0.248046875 0.025390625 0.0234375
0 0.638671875 0.244140625 0.02734375 0.0234375
0 0.69140625 0.2470703125 0.02734375 0.033203125
0 0.5693359375 0.2412109375 0.025390625 0.021484375
0 0.7978515625 0.2333984375 0.017578125 0.009765625
0 0.888671875 0.2451171875 0.02734375 0.037109375
0 0.0380859375 0.23046875 0.037109375 0.02734375
0 0.66015625 0.21875 0.01953125 0.01171875
0 0.78125 0.2119140625 0.03515625 0.021484375
0 0.8994140625 0.2119140625 0.029296875 0.025390625
0 0.7001953125 0.2099609375 0.029296875 0.021484375
0 0.63671875 0.20703125 0.0234375 0.0234375
0 0.5751953125 0.2041015625 0.025390625 0.021484375
0 0.5576171875 0.1962890625 0.009765625 0.013671875
0 0.7734375 0.1806640625 0.015625 0.009765625
0 0.6416015625 0.1650390625 0.017578125 0.013671875
0 0.5634765625 0.1708984375 0.037109375 0.029296875
0 0.3662109375 0.216796875 0.103515625 0.1328125
0 0.8701171875 0.1611328125 0.021484375 0.029296875
0 0.90234375 0.158203125 0.0234375 0.02734375
0 0.8212890625 0.1611328125 0.029296875 0.037109375
0 0.9384765625 0.1650390625 0.033203125 0.048828125
0 0.7822265625 0.1552734375 0.025390625 0.029296875
0 0.705078125 0.1591796875 0.02734375 0.037109375
0 0.978515625 0.1494140625 0.0234375 0.037109375
0 0.671875 0.14453125 0.03125 0.02734375
0 0.638671875 0.142578125 0.0234375 0.02734375
0 0.48828125 0.189453125 0.0546875 0.12890625
0 0.5654296875 0.1279296875 0.029296875 0.021484375
0 0.9736328125 0.0791015625 0.017578125 0.025390625
0 0.92578125 0.080078125 0.0234375 0.03125
0 0.994140625 0.0751953125 0.01171875 0.029296875
0 0.716796875 0.0732421875 0.02734375 0.029296875
0 0.94921875 0.060546875 0.01953125 0.015625
0 0.6689453125 0.0595703125 0.029296875 0.033203125
0 0.833984375 0.068359375 0.11328125 0.0546875
0 0.9716796875 0.044921875 0.021484375 0.015625
0 0.58984375 0.052734375 0.0390625 0.0390625
0 0.544921875 0.0458984375 0.01953125 0.025390625
0 0.9306640625 0.0263671875 0.041015625 0.025390625
0 0.28515625 0.033203125 0.046875 0.0390625
0 0.9853515625 0.021484375 0.029296875 0.0234375
0 0.6640625 0.0166015625 0.03125 0.017578125
0 0.4267578125 0.0185546875 0.029296875 0.021484375
0 0.521484375 0.021484375 0.01953125 0.03515625
0 0.724609375 0.0126953125 0.01953125 0.025390625
0 0.3798828125 0.005859375 0.021484375 0.01171875
0 0.236328125 0.017578125 0.05078125 0.03515625