0 0.5703125 0.9951171875 0.015625 0.009765625
0 0.6728515625 0.994140625 0.021484375 0.01171875
0 0.4912109375 0.9931640625 0.029296875 0.013671875
0 0.994140625 0.9912109375 0.01171875 0.017578125
0 0.828125 0.986328125 0.03125 0.02734375
0 0.6982421875 0.9853515625 0.037109375 0.029296875
0 0.87109375 0.9794921875 0.0390625 0.037109375
0 0.60546875 0.9765625 0.046875 0.046875
0 0.62890625 0.9560546875 0.02734375 0.029296875
0 0.5146484375 0.96875 0.056640625 0.0546875
0 0.73828125 0.953125 0.03515625 0.03515625
0 0.8427734375 0.9482421875 0.033203125 0.033203125
0 0.9541015625 0.9384765625 0.033203125 0.037109375
0 0.814453125 0.9365234375 0.03125 0.033203125
0 0.64453125 0.9375 0.03515625 0.03515625
0 0.759765625 0.9345703125 0.03515625 0.041015625
0 0.6640625 0.923828125 0.03125 0.03125
0 0.9326171875 0.92578125 0.037109375 0.04296875
0 0.7841796875 0.916015625 0.029296875 0.03125
0 0.6787109375 0.9052734375 0.037109375 0.037109375
0 0.9951171875 0.892578125 0.009765625 0.015625
0 0.5576171875 0.9111328125 0.060546875 0.060546875
0 0.0478515625 0.8974609375 0.037109375 0.033203125
0 0.90234375 0.90625 0.05859375 0.0546875
0 0.73828125 0.8759765625 0.0390625 0.033203125
0 0.583984375 0.875 0.0390625 0.03515625
0 0.8544921875 0.873046875 0.037109375 0.0390625
0 0.708984375 0.8701171875 0.03515625 0.041015625
0 0.599609375 0.8505859375 0.0390625 0.037109375
0 0.9580078125 0.8564453125 0.048828125 0.052734375
0 0.6923828125 0.849609375 0.037109375 0.0390625
0 0.6689453125 0.833984375 0.037109375 0.0390625
0 0.92578125 0.8330078125 0.03515625 0.041015625
0 0.8017578125 0.837890625 0.095703125 0.07421875
0 0.6416015625 0.818359375 0.037109375 0.0390625
0 0.8955078125 0.8134765625 0.033203125 0.037109375
0 0.6181640625 0.8037109375 0.033203125 0.037109375
0 0.9921875 0.796875 0.015625 0.02734375
0 0.865234375 0.794921875 0.03515625 0.04296875
0 0.7451171875 0.7939453125 0.060546875 0.052734375
0 0.9755859375 0.7822265625 0.033203125 0.037109375
0 0.7109375 0.7734375 0.03125 0.03515625
0 0.6611328125 0.755859375 0.029296875 0.02734375
0 0.3369140625 0.771484375 0.052734375 0.0625
0 0.8046875 0.755859375 0.03515625 0.0390625
0 0.9404296875 0.7548828125 0.041015625 0.044921875
0 0.6787109375 0.740234375 0.041015625 0.03515625
0 0.9140625 0.7373046875 0.03515625 0.037109375
0 0.78125 0.740234375 0.0390625 0.04296875
0 0.96875 0.71875 0.0234375 0.01953125
0 0.8837890625 0.7255859375 0.033203125 0.033203125
0 0.994140625 0.71484375 0.01171875 0.015625
0 0.8544921875 0.71484375 0.021484375 0.01953125
0 0.7490234375 0.72265625 0.021484375 0.03515625
0 0.71484375 0.7158203125 0.0234375 0.037109375
0 0.8310546875 0.6962890625 0.044921875 0.029296875
0 0.923828125 0.6787109375 0.02734375 0.037109375
0 0.9599609375 0.6728515625 0.029296875 0.037109375
0 0.9931640625 0.6591796875 0.013671875 0.029296875
0 0.7421875 0.650390625 0.0390625 0.02734375
0 0.109375 0.701171875 0.140625 0.1484375
0 0.87109375 0.6201171875 0.02734375 0.033203125
0 0.8974609375 0.615234375 0.021484375 0.03125
0 0.9228515625 0.611328125 0.029296875 0.03515625
0 0.9501953125 0.6044921875 0.025390625 0.033203125
0 0.978515625 0.59765625 0.02734375 0.03515625
0 0.8271484375 0.56640625 0.033203125 0.03125
0 0.8642578125 0.5576171875 0.029296875 0.029296875
0 0.9521484375 0.541015625 0.033203125 0.03125
0 0.9208984375 0.5400390625 0.025390625 0.029296875
0 0.998046875 0.5146484375 0.00390625 0.009765625
0 0.8837890625 0.4970703125 0.029296875 0.025390625
0 0.83984375 0.4970703125 0.04296875 0.033203125
0 0.962890625 0.4736328125 0.0234375 0.029296875
0 0.9912109375 0.46484375 0.017578125 0.02734375
0 0.873046875 0.4638671875 0.03125 0.025390625
0 0.9130859375 0.447265625 0.048828125 0.0390625
0 0.986328125 0.4306640625 0.02734375 0.017578125
0 0.9482421875 0.4287109375 0.021484375 0.037109375
0 0.9794921875 0.4033203125 0.033203125 0.033203125
0 0.21484375 0.0947265625 0.015625 0.017578125