0 0.791015625 0.9833984375 0.03515625 0.033203125
0 0.322265625 0.8896484375 0.03515625 0.037109375
0 0.9951171875 0.7236328125 0.009765625 0.017578125
0 0.9755859375 0.70703125 0.033203125 0.03125
0 0.9462890625 0.6884765625 0.029296875 0.029296875
0 0.9150390625 0.6650390625 0.033203125 0.029296875
0 0.771484375 0.6484375 0.0234375 0.02734375
0 0.8828125 0.64453125 0.02734375 0.02734375
0 0.986328125 0.626953125 0.02734375 0.02734375
0 0.8564453125 0.62109375 0.029296875 0.02734375
0 0.779296875 0.615234375 0.0234375 0.03125
0 0.95703125 0.6083984375 0.03125 0.029296875
0 0.927734375 0.5869140625 0.03515625 0.029296875
0 0.78515625 0.580078125 0.0234375 0.0234375
0 0.8994140625 0.5625 0.025390625 0.0234375
0 0.8681640625 0.544921875 0.033203125 0.02734375
0 0.8349609375 0.5244140625 0.033203125 0.033203125
0 0.798828125 0.5029296875 0.02734375 0.029296875