0 0.734375 0.9912109375 0.02734375 0.017578125
0 0.3076171875 0.9755859375 0.056640625 0.048828125
0 0.4951171875 0.970703125 0.048828125 0.0546875
0 0.6728515625 0.9384765625 0.048828125 0.052734375
0 0.994140625 0.916015625 0.01171875 0.01953125
0 0.83203125 0.923828125 0.0390625 0.04296875
0 0.0771484375 0.9169921875 0.068359375 0.064453125
0 0.7734375 0.869140625 0.03515625 0.04296875
0 0.26953125 0.8603515625 0.0234375 0.025390625
0 0.4267578125 0.865234375 0.044921875 0.0546875
0 0.6083984375 0.8505859375 0.037109375 0.044921875
0 0.71875 0.77734375 0.04296875 0.05078125
0 0.087890625 0.7724609375 0.0390625 0.056640625
0 0.5400390625 0.7685546875 0.037109375 0.056640625
0 0.3544921875 0.7626953125 0.064453125 0.064453125
0 0.181640625 0.7314453125 0.046875 0.064453125
0 0.66796875 0.6865234375 0.05859375 0.048828125
0 0.9755859375 0.6796875 0.037109375 0.0390625
0 0.111328125 0.62890625 0.0390625 0.03515625
0 0.794921875 0.6142578125 0.0234375 0.021484375
0 0.9287109375 0.6142578125 0.048828125 0.044921875
0 0.51171875 0.5986328125 0.0703125 0.060546875
0 0.2919921875 0.5654296875 0.021484375 0.029296875
0 0.0029296875 0.546875 0.005859375 0.01171875
0 0.5693359375 0.55078125 0.033203125 0.03125
0 0.146484375 0.546875 0.03125 0.03515625
0 0.8837890625 0.5361328125 0.041015625 0.041015625
0 0.26953125 0.5302734375 0.04296875 0.037109375
0 0.7734375 0.4970703125 0.0546875 0.041015625
0 0.3125 0.4775390625 0.03125 0.033203125
0 0.9833984375 0.4609375 0.033203125 0.0390625
0 0.9541015625 0.427734375 0.033203125 0.03125
0 0.28515625 0.4287109375 0.03125 0.037109375
0 0.9228515625 0.3974609375 0.033203125 0.029296875
0 0.2421875 0.38671875 0.04296875 0.03515625
0 0.501953125 0.408203125 0.06640625 0.08203125
0 0.34765625 0.376953125 0.04296875 0.046875
0 0.8916015625 0.365234375 0.025390625 0.03125
0 0.1103515625 0.3603515625 0.037109375 0.029296875
0 0.748046875 0.3349609375 0.04296875 0.021484375
0 0.2099609375 0.34375 0.029296875 0.0390625
0 0.8681640625 0.33203125 0.029296875 0.03125
0 0.3046875 0.3330078125 0.03515625 0.037109375
0 0.58984375 0.328125 0.04296875 0.0390625
0 0.705078125 0.310546875 0.02734375 0.03515625
0 0.177734375 0.2998046875 0.04296875 0.041015625
0 0.0703125 0.2919921875 0.03515625 0.025390625
0 0.6875 0.2880859375 0.03515625 0.029296875
0 0.2744140625 0.2880859375 0.037109375 0.033203125
0 0.9228515625 0.2841796875 0.037109375 0.037109375
0 0.3828125 0.2939453125 0.03515625 0.060546875
0 0.802734375 0.2802734375 0.0390625 0.037109375
0 0.142578125 0.263671875 0.02734375 0.03125
0 0.734375 0.2568359375 0.0234375 0.025390625
0 0.548828125 0.2587890625 0.04296875 0.044921875
0 0.037109375 0.24609375 0.015625 0.0234375
0 0.96484375 0.2490234375 0.04296875 0.041015625
0 0.8427734375 0.2451171875 0.041015625 0.037109375
0 0.234375 0.2451171875 0.03515625 0.037109375
0 0.3505859375 0.2421875 0.037109375 0.0390625
0 0.7529296875 0.2275390625 0.029296875 0.025390625
0 0.646484375 0.232421875 0.03515625 0.0390625
0 0.994140625 0.21875 0.01171875 0.01953125
0 0.625 0.2138671875 0.01953125 0.021484375
0 0.1083984375 0.212890625 0.029296875 0.03125
0 0.876953125 0.2119140625 0.046875 0.041015625
0 0.7685546875 0.2001953125 0.021484375 0.021484375
0 0.6865234375 0.2001953125 0.025390625 0.025390625
0 0.203125 0.2021484375 0.0390625 0.044921875
0 0.3125 0.1962890625 0.0390625 0.037109375
0 0.0048828125 0.1865234375 0.009765625 0.017578125
0 0.4091796875 0.19140625 0.033203125 0.03125
0 0.599609375 0.181640625 0.0234375 0.0234375
0 0.9169921875 0.1826171875 0.041015625 0.037109375
0 0.78125 0.1640625 0.01953125 0.0234375
0 0.7041015625 0.1630859375 0.017578125 0.021484375
0 0.072265625 0.1689453125 0.046875 0.041015625
0 0.1669921875 0.1572265625 0.029296875 0.029296875
0 0.951171875 0.15625 0.03515625 0.03125
0 0.5693359375 0.1455078125 0.025390625 0.025390625
0 0.279296875 0.1533203125 0.04296875 0.041015625
0 0.7861328125 0.1337890625 0.021484375 0.021484375
0 0.375 0.1396484375 0.046875 0.037109375
0 0.033203125 0.126953125 0.03125 0.02734375
0 0.712890625 0.119140625 0.01953125 0.01953125
0 0.4619140625 0.12109375 0.033203125 0.03515625
0 0.1318359375 0.1142578125 0.029296875 0.033203125
0 0.98828125 0.1171875 0.0234375 0.04296875
0 0.2451171875 0.1142578125 0.037109375 0.037109375
0 0.7890625 0.1044921875 0.01953125 0.021484375
0 0.5732421875 0.103515625 0.025390625 0.0234375
0 0.2001953125 0.0986328125 0.021484375 0.017578125
0 0.341796875 0.0966796875 0.03515625 0.044921875
0 0.8046875 0.0751953125 0.01953125 0.021484375
0 0.5849609375 0.0732421875 0.025390625 0.025390625
0 0.7041015625 0.072265625 0.029296875 0.03125
0 0.9599609375 0.0712890625 0.037109375 0.037109375
0 0.2119140625 0.0654296875 0.025390625 0.029296875
0 0.0986328125 0.0712890625 0.037109375 0.041015625
0 0.4169921875 0.0712890625 0.041015625 0.044921875
0 0.8291015625 0.05078125 0.029296875 0.03125
0 0.30859375 0.0546875 0.0390625 0.04296875
0 0.6025390625 0.041015625 0.021484375 0.0234375
0 0.6962890625 0.0361328125 0.025390625 0.025390625
0 0.9287109375 0.037109375 0.041015625 0.0390625
0 0.857421875 0.025390625 0.02734375 0.0234375
0 0.1767578125 0.025390625 0.041015625 0.0390625
0 0.4853515625 0.021484375 0.037109375 0.03515625
0 0.384765625 0.0224609375 0.03125 0.041015625
0 0.0634765625 0.0185546875 0.029296875 0.033203125
0 0.994140625 0.001953125 0.00390625 0.00390625
0 0.9033203125 0.00390625 0.013671875 0.0078125
0 0.767578125 0.0107421875 0.0234375 0.021484375
0 0.681640625 0.01171875 0.0234375 0.0234375
0 0.6142578125 0.0107421875 0.021484375 0.021484375
0 0.2802734375 0.015625 0.041015625 0.03125