0 0.6435546875 0.984375 0.021484375 0.0234375
0 0.7734375 0.9619140625 0.171875 0.076171875
0 0.7294921875 0.8359375 0.029296875 0.03125
0 0.76953125 0.7783203125 0.06640625 0.052734375
0 0.7841796875 0.7412109375 0.060546875 0.056640625
0 0.8330078125 0.7275390625 0.056640625 0.052734375
0 0.6416015625 0.7216796875 0.111328125 0.091796875
0 0.6630859375 0.681640625 0.021484375 0.0234375
0 0.7353515625 0.69140625 0.072265625 0.0859375
0 0.625 0.6484375 0.03125 0.0390625
0 0.7021484375 0.6279296875 0.087890625 0.080078125