0 0.7958984375 0.9970703125 0.044921875 0.005859375
0 0.009765625 0.9931640625 0.01953125 0.013671875
0 0.1064453125 0.9853515625 0.021484375 0.029296875
0 0.70703125 0.9833984375 0.05078125 0.033203125
0 0.5810546875 0.9833984375 0.021484375 0.033203125
0 0.744140625 0.96484375 0.01953125 0.015625
0 0.9482421875 0.9736328125 0.041015625 0.048828125
0 0.4453125 0.9697265625 0.05078125 0.048828125
0 0.0146484375 0.94921875 0.029296875 0.03515625
0 0.2119140625 0.9482421875 0.033203125 0.037109375
0 0.55078125 0.9306640625 0.03515625 0.041015625
0 0.9794921875 0.9248046875 0.041015625 0.044921875
0 0.10546875 0.923828125 0.01953125 0.04296875
0 0.705078125 0.9033203125 0.046875 0.021484375
0 0.783203125 0.9130859375 0.0546875 0.060546875
0 0.431640625 0.904296875 0.03515625 0.046875
0 0.9951171875 0.888671875 0.009765625 0.01953125
0 0.0380859375 0.89453125 0.048828125 0.03515625
0 0.634765625 0.8837890625 0.046875 0.037109375
0 0.533203125 0.869140625 0.02734375 0.046875
0 0.2255859375 0.86328125 0.041015625 0.04296875
0 0.3505859375 0.84765625 0.017578125 0.03125
0 0.1201171875 0.8408203125 0.021484375 0.029296875
0 0.7998046875 0.8427734375 0.033203125 0.037109375
0 0.4306640625 0.833984375 0.021484375 0.03515625
0 0.7080078125 0.822265625 0.033203125 0.03125
0 0.2294921875 0.8134765625 0.021484375 0.033203125
0 0.3564453125 0.8046875 0.021484375 0.03125
0 0.0302734375 0.802734375 0.033203125 0.02734375
0 0.125 0.80078125 0.01953125 0.02734375
0 0.00390625 0.791015625 0.0078125 0.01953125
0 0.6572265625 0.798828125 0.041015625 0.0390625
0 0.51953125 0.7939453125 0.03515625 0.037109375
0 0.4404296875 0.787109375 0.037109375 0.03515625
0 0.798828125 0.7802734375 0.03515625 0.029296875
0 0.26171875 0.76171875 0.04296875 0.01953125
0 0.1328125 0.755859375 0.01953125 0.03125
0 0.5966796875 0.7568359375 0.033203125 0.037109375
0 0.3583984375 0.74609375 0.017578125 0.03125
0 0.740234375 0.7373046875 0.05078125 0.037109375
0 0.5146484375 0.73046875 0.021484375 0.03125
0 0.1142578125 0.7119140625 0.013671875 0.013671875
0 0.6767578125 0.7177734375 0.056640625 0.029296875
0 0.4384765625 0.7216796875 0.021484375 0.037109375
0 0.2783203125 0.7138671875 0.037109375 0.029296875
0 0.140625 0.705078125 0.01953125 0.0234375
0 0.8818359375 0.7158203125 0.044921875 0.048828125
0 0.0126953125 0.6982421875 0.025390625 0.033203125
0 0.6083984375 0.6953125 0.052734375 0.03515625
0 0.3583984375 0.671875 0.029296875 0.05078125
0 0.14453125 0.6572265625 0.03125 0.033203125
0 0.5078125 0.6552734375 0.046875 0.037109375
0 0.4541015625 0.6494140625 0.033203125 0.037109375
0 0.2548828125 0.6416015625 0.033203125 0.021484375
0 0.892578125 0.6513671875 0.02734375 0.048828125
0 0.6875 0.640625 0.03125 0.02734375
0 0.0625 0.6240234375 0.03125 0.021484375
0 0.0029296875 0.615234375 0.005859375 0.01171875
0 0.796875 0.6123046875 0.0390625 0.033203125
0 0.626953125 0.609375 0.046875 0.0390625
0 0.001953125 0.5830078125 0.00390625 0.009765625
0 0.0517578125 0.5869140625 0.029296875 0.025390625
0 0.3544921875 0.5859375 0.037109375 0.03515625
0 0.2548828125 0.5849609375 0.037109375 0.037109375
0 0.5771484375 0.583984375 0.056640625 0.046875
0 0.44921875 0.560546875 0.04296875 0.0234375
0 0.51953125 0.5595703125 0.0546875 0.044921875
0 0.052734375 0.5478515625 0.01953125 0.021484375
0 0.91015625 0.5244140625 0.0234375 0.021484375
0 0.3623046875 0.5302734375 0.037109375 0.037109375
0 0.2646484375 0.5009765625 0.021484375 0.029296875
0 0.4501953125 0.50390625 0.029296875 0.0390625
0 0.919921875 0.478515625 0.05859375 0.03515625
0 0.0283203125 0.462890625 0.021484375 0.0234375
0 0.2802734375 0.4599609375 0.041015625 0.033203125
0 0.806640625 0.451171875 0.03515625 0.03515625
0 0.357421875 0.458984375 0.03125 0.05859375
0 0.0322265625 0.4296875 0.037109375 0.0234375
0 0.302734375 0.421875 0.03515625 0.03515625
0 0.029296875 0.400390625 0.02734375 0.0234375
0 0.0341796875 0.375 0.029296875 0.0234375
0 0.896484375 0.3740234375 0.03125 0.033203125
0 0.8896484375 0.3466796875 0.025390625 0.017578125
0 0.3330078125 0.318359375 0.025390625 0.01953125
0 0.4521484375 0.2861328125 0.025390625 0.025390625
0 0.3251953125 0.2666015625 0.037109375 0.021484375
0 0.689453125 0.2568359375 0.03125 0.033203125
0 0.4794921875 0.2412109375 0.025390625 0.033203125
0 0.3466796875 0.2294921875 0.017578125 0.029296875
0 0.439453125 0.216796875 0.01171875 0.01171875
0 0.72265625 0.220703125 0.0390625 0.03125
0 0.888671875 0.2177734375 0.02734375 0.029296875
0 0.6005859375 0.2060546875 0.029296875 0.029296875
0 0.2294921875 0.2021484375 0.021484375 0.029296875
0 0.298828125 0.181640625 0.0234375 0.0234375
0 0.3466796875 0.18359375 0.021484375 0.03125
0 0.75390625 0.1728515625 0.0390625 0.033203125
0 0.8994140625 0.169921875 0.029296875 0.03125
0 0.6572265625 0.1533203125 0.048828125 0.037109375
0 0.2060546875 0.142578125 0.029296875 0.03125
0 0.8017578125 0.1416015625 0.021484375 0.033203125
0 0.537109375 0.138671875 0.04296875 0.04296875
0 0.6181640625 0.126953125 0.025390625 0.0234375
0 0.318359375 0.12890625 0.0234375 0.03125
0 0.8798828125 0.107421875 0.029296875 0.03125
0 0.7236328125 0.109375 0.041015625 0.04296875
0 0.3134765625 0.0927734375 0.033203125 0.029296875
0 0.50390625 0.0859375 0.02734375 0.02734375
0 0.443359375 0.0869140625 0.03125 0.033203125
0 0.24609375 0.083984375 0.03515625 0.02734375
0 0.791015625 0.0791015625 0.01953125 0.021484375
0 0.5810546875 0.08203125 0.029296875 0.02734375
0 0.921875 0.087890625 0.0390625 0.046875
0 0.634765625 0.068359375 0.0390625 0.03515625
0 0.705078125 0.0556640625 0.0234375 0.025390625
0 0.3828125 0.05859375 0.01953125 0.03125
0 0.48046875 0.0537109375 0.02734375 0.025390625
0 0.673828125 0.0458984375 0.0390625 0.033203125
0 0.55078125 0.04296875 0.02734375 0.02734375
0 0.3251953125 0.0380859375 0.041015625 0.033203125
0 0.794921875 0.03515625 0.0234375 0.03125
0 0.248046875 0.0341796875 0.04296875 0.041015625
0 0.947265625 0.0322265625 0.046875 0.041015625
0 0.5927734375 0.0234375 0.033203125 0.03125
0 0.453125 0.01953125 0.03125 0.02734375
0 0.9931640625 0.0087890625 0.013671875 0.017578125
0 0.7412109375 0.00390625 0.021484375 0.0078125
0 0.712890625 0.017578125 0.03515625 0.03515625
0 0.560546875 0.0087890625 0.0234375 0.017578125
0 0.5224609375 0.0029296875 0.009765625 0.005859375
0 0.5 0.005859375 0.01953125 0.01171875
0 0.1923828125 0.00390625 0.017578125 0.0078125
0 0.1640625 0.0048828125 0.01953125 0.009765625
0 0.1318359375 0.00390625 0.013671875 0.0078125