0 0.1826171875 0.994140625 0.025390625 0.01171875
0 0.021484375 0.986328125 0.04296875 0.02734375
0 0.9970703125 0.970703125 0.005859375 0.0078125
0 0.890625 0.9736328125 0.03515625 0.052734375
0 0.513671875 0.97265625 0.13671875 0.0546875
0 0.1162109375 0.96875 0.060546875 0.0625
0 0.8134765625 0.9443359375 0.080078125 0.103515625
0 0.0380859375 0.9189453125 0.076171875 0.056640625
0 0.5654296875 0.923828125 0.126953125 0.08203125
0 0.3837890625 0.9404296875 0.107421875 0.119140625
0 0.9453125 0.923828125 0.078125 0.1015625
0 0.705078125 0.931640625 0.09375 0.13671875
0 0.080078125 0.857421875 0.0625 0.05859375
0 0.666015625 0.85546875 0.09765625 0.0703125
0 0.8505859375 0.8720703125 0.080078125 0.111328125
0 0.423828125 0.8525390625 0.09375 0.072265625
0 0.1669921875 0.85546875 0.080078125 0.11328125
0 0.9853515625 0.830078125 0.029296875 0.06640625
0 0.5771484375 0.8134765625 0.091796875 0.056640625
0 0.3076171875 0.7919921875 0.091796875 0.068359375
0 0.119140625 0.7861328125 0.09765625 0.064453125
0 0.478515625 0.7734375 0.1171875 0.07421875
0 0.0341796875 0.787109375 0.068359375 0.11328125
0 0.3642578125 0.736328125 0.041015625 0.0390625
0 0.546875 0.7333984375 0.11328125 0.068359375
0 0.763671875 0.7646484375 0.1328125 0.150390625
0 0.40234375 0.689453125 0.05859375 0.0390625
0 0.14453125 0.6845703125 0.140625 0.091796875
0 0.6826171875 0.6875 0.119140625 0.1171875
0 0.923828125 0.73046875 0.15234375 0.22265625
0 0.0244140625 0.638671875 0.048828125 0.06640625
0 0.4990234375 0.6103515625 0.080078125 0.076171875
0 0.9619140625 0.564453125 0.072265625 0.09375
0 0.375 0.580078125 0.09375 0.14453125
0 0.23828125 0.56640625 0.25390625 0.171875
0 0.998046875 0.455078125 0.00390625 0.00390625
0 0.7529296875 0.4765625 0.341796875 0.265625
0 0.5185546875 0.3828125 0.095703125 0.09375
0 0.6005859375 0.341796875 0.056640625 0.05859375
0 0.3544921875 0.3447265625 0.091796875 0.080078125
0 0.1142578125 0.3955078125 0.228515625 0.259765625
0 0.46484375 0.2412109375 0.08203125 0.107421875
0 0.0361328125 0.1953125 0.068359375 0.0859375
0 0.4853515625 0.1591796875 0.080078125 0.072265625
0 0.705078125 0.1533203125 0.15234375 0.095703125
0 0.3525390625 0.2275390625 0.193359375 0.255859375
0 0.6123046875 0.099609375 0.123046875 0.13671875
0 0.0234375 0.060546875 0.046875 0.11328125
0 0.8740234375 0.01953125 0.095703125 0.0390625
0 0.515625 0.0625 0.16015625 0.125
0 0.12109375 0.037109375 0.08203125 0.07421875