0 0.5234375 0.9931640625 0.01953125 0.013671875
0 0.39453125 0.9931640625 0.0234375 0.013671875
0 0.2255859375 0.9931640625 0.025390625 0.013671875
0 0.109375 0.9931640625 0.02734375 0.013671875
0 0.0029296875 0.9912109375 0.005859375 0.009765625
0 0.8681640625 0.9912109375 0.033203125 0.017578125
0 0.3154296875 0.990234375 0.029296875 0.01953125
0 0.48046875 0.9873046875 0.03125 0.025390625
0 0.0029296875 0.978515625 0.005859375 0.0078125
0 0.181640625 0.9833984375 0.01953125 0.021484375
0 0.4130859375 0.982421875 0.033203125 0.02734375
0 0.2431640625 0.9833984375 0.037109375 0.029296875
0 0.328125 0.9755859375 0.03125 0.025390625
0 0.4951171875 0.9697265625 0.033203125 0.025390625
0 0.130859375 0.97265625 0.0390625 0.03125
0 0.0576171875 0.9658203125 0.025390625 0.025390625
0 0.4267578125 0.9619140625 0.033203125 0.025390625
0 0.33984375 0.95703125 0.03125 0.02734375
0 0.2607421875 0.95703125 0.048828125 0.046875
0 0.953125 0.9658203125 0.09375 0.068359375
0 0.3525390625 0.9404296875 0.029296875 0.025390625
0 0.4443359375 0.9365234375 0.029296875 0.025390625
0 0.07421875 0.9384765625 0.03515625 0.033203125
0 0.2783203125 0.9287109375 0.037109375 0.033203125
0 0.3662109375 0.919921875 0.029296875 0.02734375
0 0.4140625 0.91796875 0.02734375 0.03125
0 0.0849609375 0.9130859375 0.041015625 0.037109375
0 0.3955078125 0.9052734375 0.025390625 0.029296875
0 0.294921875 0.904296875 0.046875 0.05078125
0 0.1064453125 0.8916015625 0.029296875 0.025390625
0 0.5341796875 0.9072265625 0.033203125 0.060546875
0 0.3759765625 0.8916015625 0.025390625 0.029296875
0 0.4755859375 0.884765625 0.025390625 0.02734375
0 0.0068359375 0.875 0.013671875 0.0234375
0 0.5517578125 0.8701171875 0.021484375 0.021484375
0 0.4482421875 0.87109375 0.021484375 0.0234375
0 0.3125 0.875 0.03515625 0.03125
0 0.6455078125 0.9287109375 0.162109375 0.142578125
0 0.4345703125 0.861328125 0.017578125 0.01953125
0 0.12109375 0.8623046875 0.03515625 0.029296875
0 0.4931640625 0.857421875 0.025390625 0.0234375
0 0.56640625 0.8544921875 0.02734375 0.025390625
0 0.017578125 0.8564453125 0.03125 0.033203125
0 0.3193359375 0.849609375 0.048828125 0.04296875
0 0.1953125 0.8974609375 0.13671875 0.138671875
0 0.5048828125 0.8388671875 0.025390625 0.025390625
0 0.412109375 0.84375 0.03515625 0.0390625
0 0.0302734375 0.8359375 0.021484375 0.0234375
0 0.5791015625 0.8359375 0.029296875 0.02734375
0 0.1328125 0.8359375 0.0390625 0.0390625
0 0.517578125 0.8232421875 0.0234375 0.025390625
0 0.9931640625 0.8134765625 0.013671875 0.017578125
0 0.361328125 0.8173828125 0.03125 0.025390625
0 0.0478515625 0.8203125 0.029296875 0.03125
0 0.4296875 0.8115234375 0.0234375 0.021484375
0 0.15625 0.810546875 0.03515625 0.03125
0 0.529296875 0.8046875 0.0234375 0.0234375
0 0.0634765625 0.8037109375 0.025390625 0.025390625
0 0.439453125 0.796875 0.0234375 0.01953125
0 0.1171875 0.796875 0.01953125 0.01953125
0 0.375 0.794921875 0.03125 0.02734375
0 0.33984375 0.79296875 0.0234375 0.0234375
0 0.2509765625 0.8017578125 0.044921875 0.041015625
0 0.4541015625 0.7841796875 0.025390625 0.021484375
0 0.6142578125 0.7822265625 0.025390625 0.021484375
0 0.171875 0.787109375 0.03515625 0.03125
0 0.5498046875 0.775390625 0.025390625 0.0234375
0 0.1318359375 0.7724609375 0.017578125 0.017578125
0 0.0849609375 0.78125 0.041015625 0.04296875
0 0.4716796875 0.7724609375 0.033203125 0.029296875
0 0.6259765625 0.767578125 0.025390625 0.0234375
0 0.7822265625 0.767578125 0.033203125 0.03125
0 0.3232421875 0.76953125 0.044921875 0.04296875
0 0.2958984375 0.7607421875 0.025390625 0.029296875
0 0.5634765625 0.7568359375 0.025390625 0.025390625
0 0.3974609375 0.765625 0.041015625 0.04296875
0 0.1923828125 0.759765625 0.033203125 0.03125
0 0.11328125 0.7509765625 0.0234375 0.025390625
0 0.0234375 0.755859375 0.03125 0.03515625
0 0.63671875 0.7490234375 0.0234375 0.025390625
0 0.150390625 0.7470703125 0.01953125 0.021484375
0 0.9892578125 0.748046875 0.021484375 0.02734375
0 0.2734375 0.7451171875 0.0234375 0.029296875
0 0.412109375 0.7421875 0.03125 0.02734375
0 0.57421875 0.7392578125 0.02734375 0.025390625
0 0.4814453125 0.7392578125 0.025390625 0.025390625
0 0.13671875 0.7265625 0.0234375 0.02734375
0 0.2958984375 0.7255859375 0.033203125 0.029296875
0 0.5869140625 0.720703125 0.025390625 0.0234375
0 0.6533203125 0.724609375 0.037109375 0.0390625
0 0.013671875 0.73046875 0.02734375 0.05078125
0 0.224609375 0.71484375 0.02734375 0.02734375
0 0.0546875 0.712890625 0.02734375 0.03125
0 0.5986328125 0.7060546875 0.025390625 0.021484375
0 0.5029296875 0.708984375 0.044921875 0.046875
0 0.3134765625 0.6982421875 0.029296875 0.025390625
0 0.2373046875 0.6953125 0.029296875 0.0234375
0 0.0146484375 0.6982421875 0.029296875 0.029296875
0 0.6103515625 0.689453125 0.025390625 0.0234375
0 0.1865234375 0.6904296875 0.037109375 0.025390625
0 0.0859375 0.69140625 0.02734375 0.02734375
0 0.677734375 0.6923828125 0.0390625 0.037109375
0 0.3251953125 0.6806640625 0.029296875 0.025390625
0 0.2490234375 0.67578125 0.029296875 0.02734375
0 0.001953125 0.6640625 0.00390625 0.0078125
0 0.623046875 0.6708984375 0.0234375 0.025390625
0 0.056640625 0.6728515625 0.02734375 0.029296875
0 0.6982421875 0.6650390625 0.029296875 0.029296875
0 0.4423828125 0.693359375 0.076171875 0.0859375
0 0.3369140625 0.662109375 0.029296875 0.02734375
0 0.2587890625 0.6572265625 0.029296875 0.025390625
0 0.6337890625 0.6533203125 0.025390625 0.021484375
0 0.1259765625 0.65234375 0.025390625 0.03125
0 0.349609375 0.642578125 0.02734375 0.0234375
0 0.2744140625 0.640625 0.025390625 0.0234375
0 0.01171875 0.6416015625 0.0234375 0.025390625
0 0.6484375 0.634765625 0.0234375 0.0234375
0 0.7490234375 0.638671875 0.037109375 0.0390625
0 0.90234375 0.66796875 0.12890625 0.1015625
0 0.3603515625 0.6259765625 0.029296875 0.025390625
0 0.09765625 0.6298828125 0.0390625 0.037109375
0 0.189453125 0.623046875 0.02734375 0.02734375
0 0.0263671875 0.623046875 0.025390625 0.02734375
0 0.28125 0.6220703125 0.03515625 0.029296875
0 0.7236328125 0.619140625 0.025390625 0.03125
0 0.4873046875 0.6220703125 0.041015625 0.037109375
0 0.080078125 0.615234375 0.03515625 0.03515625
0 0.3720703125 0.6083984375 0.029296875 0.025390625
0 0.5478515625 0.642578125 0.076171875 0.09765625
0 0.041015625 0.607421875 0.02734375 0.02734375
0 0.2998046875 0.599609375 0.029296875 0.02734375
0 0.16796875 0.6015625 0.03125 0.03125
0 0.583984375 0.5888671875 0.02734375 0.025390625
0 0.5048828125 0.591796875 0.041015625 0.03515625
0 0.38671875 0.5888671875 0.03125 0.029296875
0 0.0634765625 0.587890625 0.029296875 0.03125
0 0.6748046875 0.5869140625 0.037109375 0.033203125
0 0.8154296875 0.580078125 0.021484375 0.0234375
0 0.146484375 0.5810546875 0.02734375 0.029296875
0 0.404296875 0.572265625 0.03125 0.02734375
0 0.21484375 0.57421875 0.03125 0.03515625
0 0.00390625 0.5634765625 0.0078125 0.013671875
0 0.2421875 0.5615234375 0.0234375 0.021484375
0 0.3173828125 0.572265625 0.041015625 0.046875
0 0.126953125 0.5625 0.03125 0.03125
0 0.521484375 0.5595703125 0.0390625 0.033203125
0 0.787109375 0.560546875 0.046875 0.0390625
0 0.6982421875 0.552734375 0.033203125 0.03515625
0 0.3359375 0.5419921875 0.03125 0.025390625
0 0.4140625 0.5400390625 0.03125 0.025390625
0 0.0205078125 0.54296875 0.033203125 0.03125
0 0.474609375 0.5322265625 0.01953125 0.021484375
0 0.5615234375 0.525390625 0.021484375 0.01953125
0 0.107421875 0.5341796875 0.03515625 0.037109375
0 0.291015625 0.5234375 0.01953125 0.01953125
0 0.458984375 0.5234375 0.01953125 0.0234375
0 0.00390625 0.5166015625 0.0078125 0.013671875
0 0.3486328125 0.521484375 0.033203125 0.02734375
0 0.2021484375 0.5263671875 0.037109375 0.041015625
0 0.5712890625 0.51171875 0.021484375 0.01953125
0 0.443359375 0.513671875 0.01953125 0.0234375
0 0.142578125 0.5078125 0.0234375 0.02734375
0 0.0654296875 0.5078125 0.029296875 0.03125
0 0.4287109375 0.50390625 0.021484375 0.02734375
0 0.6884765625 0.5029296875 0.025390625 0.029296875
0 0.62890625 0.5263671875 0.0625 0.076171875
0 0.58203125 0.49609375 0.0234375 0.0234375
0 0.046875 0.4892578125 0.0234375 0.025390625
0 0.162109375 0.4853515625 0.02734375 0.025390625
0 0.2470703125 0.484375 0.037109375 0.03515625
0 0.5107421875 0.4794921875 0.033203125 0.033203125
0 0.091796875 0.470703125 0.02734375 0.0234375
0 0.603515625 0.466796875 0.0234375 0.01953125
0 0.2275390625 0.4716796875 0.029296875 0.029296875
0 0.0205078125 0.4560546875 0.021484375 0.021484375
0 0.1083984375 0.45703125 0.025390625 0.02734375
0 0.197265625 0.453125 0.02734375 0.0234375
0 0.2822265625 0.458984375 0.060546875 0.0546875
0 0.5361328125 0.439453125 0.017578125 0.01953125
0 0.41015625 0.4423828125 0.02734375 0.025390625
0 0.1337890625 0.435546875 0.025390625 0.0234375
0 0.0078125 0.43359375 0.015625 0.02734375
0 0.0791015625 0.43359375 0.033203125 0.03125
0 0.4873046875 0.4296875 0.033203125 0.03125
0 0.380859375 0.423828125 0.0234375 0.02734375
0 0.150390625 0.4208984375 0.0234375 0.025390625
0 0.083984375 0.40625 0.0234375 0.0234375
0 0.3662109375 0.408203125 0.029296875 0.03515625
0 0.4326171875 0.4111328125 0.048828125 0.056640625
0 0.048828125 0.39453125 0.03125 0.02734375
0 0.5234375 0.3779296875 0.04296875 0.041015625
0 0.462890625 0.3681640625 0.0234375 0.025390625
0 0.33984375 0.353515625 0.078125 0.09375
0 0.4404296875 0.326171875 0.052734375 0.04296875
0 0.171875 0.3173828125 0.08203125 0.083984375
0 0.3759765625 0.291015625 0.052734375 0.05078125
0 0.291015625 0.1796875 0.06640625 0.05078125
0 0.2578125 0.1318359375 0.0390625 0.037109375
0 0.0625 0.1982421875 0.125 0.173828125
0 0.2080078125 0.0654296875 0.072265625 0.080078125
0 0.1728515625 0.0126953125 0.033203125 0.025390625
0 0.0654296875 0.001953125 0.005859375 0.00390625