0 0.6982421875 0.998046875 0.013671875 0.00390625
0 0.818359375 0.994140625 0.01953125 0.01171875
0 0.9765625 0.9921875 0.02734375 0.015625
0 0.91796875 0.9892578125 0.0234375 0.017578125
0 0.9794921875 0.9765625 0.033203125 0.0234375
0 0.7705078125 0.9736328125 0.025390625 0.021484375
0 0.9208984375 0.96484375 0.025390625 0.015625
0 0.86328125 0.9638671875 0.03125 0.021484375
0 0.986328125 0.9521484375 0.02734375 0.029296875
0 0.998046875 0.9365234375 0.00390625 0.005859375
0 0.9228515625 0.9423828125 0.025390625 0.021484375
0 0.7294921875 0.9423828125 0.029296875 0.021484375
0 0.8720703125 0.9375 0.017578125 0.015625
0 0.8408203125 0.93359375 0.029296875 0.01953125
0 0.783203125 0.92578125 0.0234375 0.0234375
0 0.849609375 0.908203125 0.02734375 0.0234375
0 0.9287109375 0.9072265625 0.029296875 0.025390625
0 0.7275390625 0.8916015625 0.037109375 0.021484375
0 0.9521484375 0.888671875 0.029296875 0.01953125
0 0.794921875 0.88671875 0.0234375 0.03125
0 0.7294921875 0.8642578125 0.037109375 0.021484375
0 0.859375 0.8642578125 0.03125 0.025390625
0 0.802734375 0.85546875 0.0234375 0.01953125
0 0.9560546875 0.849609375 0.033203125 0.046875
0 0.720703125 0.8369140625 0.0234375 0.021484375
0 0.8701171875 0.8349609375 0.025390625 0.025390625
0 0.791015625 0.833984375 0.02734375 0.0234375
0 0.90625 0.8203125 0.0234375 0.0234375
0 0.9677734375 0.8154296875 0.021484375 0.021484375
0 0.775390625 0.8134765625 0.0234375 0.021484375
0 0.7197265625 0.810546875 0.025390625 0.0234375
0 0.8486328125 0.8017578125 0.037109375 0.025390625
0 0.9140625 0.7939453125 0.02734375 0.021484375
0 0.7626953125 0.7861328125 0.029296875 0.029296875
0 0.712890625 0.7841796875 0.0234375 0.025390625
0 0.84375 0.7724609375 0.03515625 0.025390625
0 0.9814453125 0.78125 0.037109375 0.05859375
0 0.916015625 0.7568359375 0.03515625 0.033203125
0 0.8837890625 0.73828125 0.025390625 0.03125
0 0.849609375 0.7275390625 0.03515625 0.025390625
0 0.685546875 0.7197265625 0.03125 0.037109375
0 0.7587890625 0.69921875 0.033203125 0.03125
0 0.921875 0.6884765625 0.05078125 0.033203125
0 0.9951171875 0.681640625 0.009765625 0.04296875
0 0.865234375 0.673828125 0.03515625 0.03125
0 0.7568359375 0.6572265625 0.021484375 0.021484375
0 0.74609375 0.6318359375 0.0390625 0.029296875
0 0.6328125 0.62890625 0.03125 0.0234375
0 0.935546875 0.626953125 0.0234375 0.02734375
0 0.9091796875 0.6201171875 0.025390625 0.033203125
0 0.8076171875 0.61328125 0.029296875 0.03125
0 0.8876953125 0.5927734375 0.025390625 0.033203125
0 0.728515625 0.5849609375 0.03515625 0.029296875
0 0.654296875 0.5810546875 0.03125 0.025390625
0 0.84375 0.578125 0.02734375 0.03515625
0 0.6435546875 0.5576171875 0.021484375 0.017578125
0 0.796875 0.564453125 0.02734375 0.03515625
0 0.7294921875 0.5576171875 0.033203125 0.021484375
0 0.9423828125 0.541015625 0.021484375 0.03515625
0 0.7314453125 0.5341796875 0.029296875 0.021484375
0 0.876953125 0.525390625 0.01953125 0.01953125
0 0.66015625 0.5068359375 0.0390625 0.025390625
0 0.904296875 0.505859375 0.02734375 0.03125
0 0.5947265625 0.4970703125 0.017578125 0.025390625
0 0.75 0.4921875 0.02734375 0.0390625
0 0.9912109375 0.4794921875 0.017578125 0.025390625
0 0.8251953125 0.4921875 0.048828125 0.0546875
0 0.65625 0.4775390625 0.0234375 0.025390625
0 0.720703125 0.4775390625 0.0234375 0.033203125
0 0.6884765625 0.462890625 0.025390625 0.0234375
0 0.958984375 0.4560546875 0.01953125 0.021484375
0 0.921875 0.451171875 0.02734375 0.0234375
0 0.58984375 0.4384765625 0.0234375 0.017578125
0 0.7744140625 0.4345703125 0.021484375 0.025390625
0 0.783203125 0.408203125 0.02734375 0.0234375
0 0.7138671875 0.4130859375 0.037109375 0.033203125
0 0.58984375 0.408203125 0.02734375 0.0234375
0 0.642578125 0.39453125 0.03125 0.0234375
0 0.982421875 0.392578125 0.0234375 0.03515625
0 0.7314453125 0.3876953125 0.025390625 0.029296875
0 0.8037109375 0.380859375 0.033203125 0.03125
0 0.587890625 0.376953125 0.02734375 0.0234375
0 0.9638671875 0.3759765625 0.025390625 0.029296875
0 0.9384765625 0.3720703125 0.025390625 0.037109375
0 0.9130859375 0.37109375 0.029296875 0.03515625
0 0.6630859375 0.3662109375 0.033203125 0.029296875
0 0.7490234375 0.36328125 0.033203125 0.03125
0 0.6103515625 0.3525390625 0.029296875 0.029296875
0 0.82421875 0.345703125 0.0390625 0.0390625
0 0.625 0.333984375 0.02734375 0.02734375
0 0.763671875 0.3330078125 0.03515625 0.033203125
0 0.6640625 0.328125 0.03125 0.02734375
0 0.939453125 0.3173828125 0.03515625 0.041015625
0 0.78515625 0.310546875 0.03125 0.03125
0 0.990234375 0.30859375 0.01953125 0.03515625
0 0.619140625 0.29296875 0.0234375 0.0234375
0 0.7060546875 0.3046875 0.044921875 0.05078125
0 0.880859375 0.287109375 0.03125 0.03125
0 0.8017578125 0.2822265625 0.037109375 0.037109375
0 0.638671875 0.271484375 0.0234375 0.0234375
0 0.724609375 0.26953125 0.03515625 0.03125
0 0.8115234375 0.2548828125 0.029296875 0.029296875
0 0.7451171875 0.25 0.029296875 0.03125
0 0.8515625 0.2451171875 0.03125 0.033203125
0 0.671875 0.228515625 0.02734375 0.02734375
0 0.5439453125 0.2236328125 0.021484375 0.025390625
0 0.7607421875 0.2197265625 0.029296875 0.025390625
0 0.9287109375 0.2265625 0.060546875 0.05078125
0 0.8583984375 0.2177734375 0.033203125 0.037109375
0 0.6923828125 0.2080078125 0.025390625 0.025390625
0 0.603515625 0.201171875 0.0234375 0.0234375
0 0.9765625 0.2021484375 0.03125 0.033203125
0 0.8798828125 0.1982421875 0.029296875 0.033203125
0 0.7783203125 0.1982421875 0.033203125 0.033203125
0 0.9951171875 0.19140625 0.009765625 0.0234375
0 0.5341796875 0.1875 0.021484375 0.02734375
0 0.9013671875 0.17578125 0.033203125 0.02734375
0 0.6171875 0.173828125 0.02734375 0.03125
0 0.8056640625 0.173828125 0.033203125 0.03515625
0 0.92578125 0.1650390625 0.02734375 0.033203125
0 0.7822265625 0.16015625 0.021484375 0.0234375
0 0.5263671875 0.1552734375 0.021484375 0.025390625
0 0.71484375 0.1513671875 0.03125 0.033203125
0 0.955078125 0.150390625 0.02734375 0.03515625
0 0.8310546875 0.1513671875 0.033203125 0.037109375
0 0.6279296875 0.1455078125 0.033203125 0.029296875
0 0.978515625 0.1337890625 0.0234375 0.025390625
0 0.73828125 0.1298828125 0.03125 0.029296875
0 0.5166015625 0.1240234375 0.021484375 0.025390625
0 0.994140625 0.1240234375 0.01171875 0.029296875
0 0.8515625 0.1259765625 0.03125 0.037109375
0 0.7685546875 0.1044921875 0.048828125 0.048828125
0 0.5087890625 0.0927734375 0.029296875 0.025390625
0 0.8955078125 0.095703125 0.025390625 0.0390625
0 0.57421875 0.0849609375 0.03125 0.033203125
0 0.9462890625 0.08203125 0.025390625 0.03125
0 0.919921875 0.083984375 0.03125 0.0390625
0 0.6669921875 0.078125 0.044921875 0.05078125
0 0.8037109375 0.072265625 0.044921875 0.05078125
0 0.501953125 0.060546875 0.0234375 0.02734375
0 0.970703125 0.0634765625 0.02734375 0.037109375
0 0.9912109375 0.056640625 0.017578125 0.03125
0 0.833984375 0.044921875 0.03125 0.02734375
0 0.583984375 0.044921875 0.02734375 0.02734375
0 0.8583984375 0.03125 0.029296875 0.03125
0 0.734375 0.0234375 0.02734375 0.02734375
0 0.4931640625 0.0205078125 0.025390625 0.029296875
0 0.87890625 0.015625 0.0234375 0.0234375
0 0.591796875 0.0126953125 0.02734375 0.021484375
0 0.912109375 0.0146484375 0.0390625 0.029296875
0 0.759765625 0.01171875 0.03125 0.0234375
0 0.658203125 0.009765625 0.0234375 0.01953125