0 0.6572265625 0.9970703125 0.009765625 0.005859375
0 0.90625 0.99609375 0.01171875 0.0078125
0 0.7607421875 0.99609375 0.013671875 0.0078125
0 0.78515625 0.98828125 0.0234375 0.0234375
0 0.5244140625 0.986328125 0.025390625 0.0234375
0 0.9208984375 0.986328125 0.029296875 0.02734375
0 0.9716796875 0.9765625 0.037109375 0.03125
0 0.66796875 0.9716796875 0.0234375 0.025390625
0 0.8115234375 0.97265625 0.029296875 0.03125
0 0.60546875 0.970703125 0.0234375 0.03125
0 0.5498046875 0.9658203125 0.025390625 0.025390625
0 0.841796875 0.9541015625 0.02734375 0.025390625
0 0.5791015625 0.9462890625 0.025390625 0.021484375
0 0.6806640625 0.9462890625 0.021484375 0.025390625
0 0.9873046875 0.943359375 0.021484375 0.0234375
0 0.474609375 0.939453125 0.0234375 0.0234375
0 0.8720703125 0.9375 0.025390625 0.0234375
0 0.62109375 0.9189453125 0.01953125 0.021484375
0 0.8994140625 0.9208984375 0.025390625 0.029296875
0 0.6953125 0.91796875 0.0234375 0.02734375
0 0.4990234375 0.91796875 0.029296875 0.02734375
0 0.5322265625 0.9033203125 0.025390625 0.029296875
0 0.927734375 0.896484375 0.02734375 0.02734375
0 0.70703125 0.8916015625 0.02734375 0.021484375
0 0.7978515625 0.890625 0.025390625 0.02734375
0 0.5576171875 0.884765625 0.025390625 0.02734375
0 0.83203125 0.8828125 0.03125 0.02734375
0 0.9814453125 0.873046875 0.033203125 0.03125
0 0.587890625 0.8671875 0.02734375 0.02734375
0 0.720703125 0.86328125 0.02734375 0.0234375
0 0.8671875 0.85546875 0.0234375 0.02734375
0 0.6181640625 0.8466796875 0.037109375 0.029296875
0 0.9677734375 0.8330078125 0.021484375 0.029296875
0 0.771484375 0.828125 0.0234375 0.0234375
0 0.7265625 0.828125 0.01953125 0.0234375
0 0.6474609375 0.810546875 0.029296875 0.02734375
0 0.869140625 0.8115234375 0.02734375 0.052734375
0 0.9072265625 0.7978515625 0.033203125 0.033203125
0 0.837890625 0.796875 0.02734375 0.03125
0 0.9404296875 0.787109375 0.029296875 0.02734375