0 0.3916015625 0.9970703125 0.009765625 0.005859375
0 0.001953125 0.98046875 0.00390625 0.00390625
0 0.6865234375 0.9736328125 0.056640625 0.025390625
0 0.7958984375 0.9765625 0.048828125 0.04296875
0 0.96875 0.94140625 0.03125 0.02734375
0 0.44140625 0.9462890625 0.0546875 0.041015625
0 0.1552734375 0.9482421875 0.033203125 0.068359375
0 0.4755859375 0.923828125 0.029296875 0.03125
0 0.5400390625 0.916015625 0.052734375 0.03515625
0 0.8486328125 0.861328125 0.041015625 0.03515625
0 0.2119140625 0.828125 0.056640625 0.05859375
0 0.568359375 0.818359375 0.0390625 0.046875
0 0.9033203125 0.779296875 0.033203125 0.03125
0 0.70703125 0.744140625 0.0390625 0.0390625
0 0.8017578125 0.6875 0.041015625 0.03515625
0 0.5146484375 0.69140625 0.044921875 0.046875
0 0.8486328125 0.650390625 0.041015625 0.0390625
0 0.0283203125 0.6494140625 0.033203125 0.041015625
0 0.6220703125 0.6318359375 0.037109375 0.048828125
0 0.322265625 0.6259765625 0.0546875 0.041015625
0 0.1962890625 0.6142578125 0.044921875 0.044921875
0 0.9130859375 0.6015625 0.048828125 0.0390625
0 0.1015625 0.6005859375 0.02734375 0.044921875
0 0.4248046875 0.6005859375 0.037109375 0.048828125
0 0.9736328125 0.5458984375 0.052734375 0.056640625
0 0.5693359375 0.5322265625 0.037109375 0.041015625
0 0.4560546875 0.515625 0.037109375 0.0390625
0 0.9052734375 0.4892578125 0.025390625 0.025390625
0 0.3583984375 0.388671875 0.044921875 0.03125
0 0.447265625 0.353515625 0.05859375 0.03515625
0 0.552734375 0.333984375 0.05859375 0.04296875
0 0.66015625 0.2939453125 0.0546875 0.048828125
0 0.2587890625 0.2998046875 0.037109375 0.060546875
0 0.1376953125 0.291015625 0.044921875 0.04296875
0 0.755859375 0.267578125 0.05078125 0.04296875
0 0.8916015625 0.2490234375 0.052734375 0.037109375
0 0.3955078125 0.2421875 0.048828125 0.03515625
0 0.2041015625 0.2041015625 0.029296875 0.033203125
0 0.98046875 0.1923828125 0.0390625 0.044921875
0 0.474609375 0.1845703125 0.07421875 0.080078125
0 0.6328125 0.1572265625 0.04296875 0.052734375
0 0.287109375 0.125 0.05078125 0.0546875
0 0.775390625 0.1025390625 0.0546875 0.041015625
0 0.5693359375 0.0869140625 0.041015625 0.052734375
0 0.9013671875 0.0244140625 0.048828125 0.044921875
0 0.73828125 0.009765625 0.03125 0.01953125
0 0.29296875 0.001953125 0.00390625 0.00390625