0 0.6162109375 0.998046875 0.005859375 0.00390625
0 0.9931640625 0.9931640625 0.013671875 0.013671875
0 0.96875 0.9931640625 0.02734375 0.013671875
0 0.896484375 0.9931640625 0.02734375 0.013671875
0 0.7734375 0.9931640625 0.0234375 0.013671875
0 0.12109375 0.9931640625 0.015625 0.013671875
0 0.3818359375 0.9921875 0.025390625 0.015625
0 0.2490234375 0.990234375 0.025390625 0.01953125
0 0.166015625 0.990234375 0.02734375 0.01953125
0 0.8017578125 0.9853515625 0.021484375 0.021484375
0 0.693359375 0.9833984375 0.0234375 0.025390625
0 0.5927734375 0.982421875 0.029296875 0.02734375
0 0.8828125 0.978515625 0.03125 0.02734375
0 0.9580078125 0.9716796875 0.029296875 0.025390625
0 0.23046875 0.970703125 0.0234375 0.0234375
0 0.146484375 0.9716796875 0.02734375 0.029296875
0 0.67578125 0.9638671875 0.02734375 0.025390625
0 0.2958984375 0.9521484375 0.017578125 0.017578125
0 0.869140625 0.9453125 0.02734375 0.02734375
0 0.21875 0.9482421875 0.03515625 0.033203125
0 0.9423828125 0.939453125 0.029296875 0.02734375
0 0.650390625 0.939453125 0.02734375 0.02734375
0 0.990234375 0.935546875 0.01953125 0.02734375
0 0.78125 0.9345703125 0.0234375 0.025390625
0 0.119140625 0.935546875 0.02734375 0.02734375
0 0.2529296875 0.9296875 0.021484375 0.01953125
0 0.201171875 0.9306640625 0.02734375 0.025390625
0 0.845703125 0.9228515625 0.046875 0.025390625
0 0.2314453125 0.9140625 0.017578125 0.01953125
0 0.935546875 0.91796875 0.02734375 0.03125
0 0.09765625 0.908203125 0.03125 0.02734375
0 0.970703125 0.8984375 0.015625 0.01953125
0 0.2841796875 0.900390625 0.029296875 0.02734375
0 0.658203125 0.8955078125 0.03125 0.021484375
0 0.8427734375 0.8984375 0.037109375 0.03125
0 0.16796875 0.8896484375 0.03515625 0.033203125
0 0.9140625 0.8828125 0.03125 0.02734375
0 0.08203125 0.8837890625 0.03125 0.029296875
0 0.25 0.880859375 0.03125 0.02734375
0 0.669921875 0.8681640625 0.0234375 0.021484375
0 0.06640625 0.8662109375 0.02734375 0.025390625
0 0.826171875 0.8681640625 0.03515625 0.033203125
0 0.7412109375 0.86328125 0.025390625 0.0234375
0 0.2138671875 0.859375 0.017578125 0.01953125
0 0.8994140625 0.861328125 0.029296875 0.02734375
0 0.23828125 0.853515625 0.02734375 0.0234375
0 0.9453125 0.84765625 0.015625 0.015625
0 0.97265625 0.84765625 0.015625 0.0234375
0 0.1337890625 0.84765625 0.033203125 0.03125
0 0.05078125 0.84765625 0.03125 0.03125
0 0.8056640625 0.83984375 0.033203125 0.03125
0 0.681640625 0.837890625 0.02734375 0.02734375
0 0.3447265625 0.833984375 0.025390625 0.0234375
0 0.873046875 0.830078125 0.03125 0.0390625
0 0.21875 0.826171875 0.02734375 0.03125
0 0.033203125 0.8193359375 0.0234375 0.025390625
0 0.89453125 0.8173828125 0.0234375 0.025390625
0 0.6943359375 0.8125 0.017578125 0.01953125
0 0.7998046875 0.814453125 0.029296875 0.02734375
0 0.3115234375 0.814453125 0.021484375 0.02734375
0 0.923828125 0.8154296875 0.02734375 0.033203125
0 0.9599609375 0.80859375 0.025390625 0.03515625
0 0.365234375 0.7978515625 0.0234375 0.021484375
0 0.1943359375 0.7998046875 0.025390625 0.025390625
0 0.09765625 0.7998046875 0.03125 0.029296875
0 0.01171875 0.798828125 0.0234375 0.02734375
0 0.2919921875 0.796875 0.025390625 0.02734375
0 0.9921875 0.796875 0.015625 0.03125
0 0.783203125 0.7900390625 0.03515625 0.029296875
0 0.0048828125 0.77734375 0.009765625 0.015625
0 0.17578125 0.7783203125 0.03125 0.025390625
0 0.083984375 0.78125 0.03515625 0.03515625
0 0.2744140625 0.775390625 0.025390625 0.02734375
0 0.3740234375 0.771484375 0.025390625 0.02734375
0 0.7724609375 0.7646484375 0.037109375 0.033203125
0 0.158203125 0.7548828125 0.02734375 0.025390625
0 0.107421875 0.751953125 0.015625 0.01953125
0 0.0634765625 0.7568359375 0.029296875 0.029296875
0 0.8427734375 0.7568359375 0.033203125 0.033203125
0 0.712890625 0.7548828125 0.02734375 0.029296875
0 0.892578125 0.75 0.01953125 0.0234375
0 0.2509765625 0.75 0.029296875 0.03125
0 0.9169921875 0.7421875 0.021484375 0.0234375
0 0.3486328125 0.7451171875 0.025390625 0.029296875
0 0.140625 0.736328125 0.0234375 0.0234375
0 0.5029296875 0.78125 0.095703125 0.1171875
0 0.955078125 0.7294921875 0.01953125 0.021484375
0 0.826171875 0.73046875 0.03125 0.0234375
0 0.046875 0.7294921875 0.03125 0.029296875
0 0.3271484375 0.7255859375 0.025390625 0.025390625
0 0.23046875 0.7265625 0.03125 0.02734375
0 0.6787109375 0.7236328125 0.021484375 0.025390625
0 0.083984375 0.7158203125 0.01953125 0.017578125
0 0.9921875 0.7177734375 0.015625 0.025390625
0 0.1259765625 0.7158203125 0.025390625 0.025390625
0 0.6376953125 0.7099609375 0.021484375 0.021484375
0 0.2099609375 0.7099609375 0.025390625 0.025390625
0 0.033203125 0.7099609375 0.03125 0.029296875
0 0.3916015625 0.7099609375 0.037109375 0.037109375
0 0.7451171875 0.701171875 0.025390625 0.0234375
0 0.306640625 0.701171875 0.0234375 0.0234375
0 0.01171875 0.6962890625 0.0234375 0.021484375
0 0.609375 0.697265625 0.0234375 0.03125
0 0.8125 0.6953125 0.03515625 0.03125
0 0.1865234375 0.69140625 0.025390625 0.0234375
0 0.107421875 0.693359375 0.02734375 0.02734375
0 0.580078125 0.6875 0.0234375 0.01953125
0 0.72265625 0.681640625 0.0234375 0.0234375
0 0.626953125 0.67578125 0.015625 0.01171875
0 0.287109375 0.6806640625 0.0234375 0.021484375
0 0.55078125 0.67578125 0.01953125 0.0234375
0 0.4091796875 0.6767578125 0.033203125 0.033203125
0 0.8388671875 0.6630859375 0.021484375 0.021484375
0 0.08984375 0.66796875 0.03125 0.03125
0 0.0068359375 0.6650390625 0.013671875 0.025390625
0 0.798828125 0.6650390625 0.03125 0.029296875
0 0.5029296875 0.6640625 0.037109375 0.02734375
0 0.69921875 0.6611328125 0.0234375 0.025390625
0 0.970703125 0.66015625 0.0234375 0.03515625
0 0.2666015625 0.65625 0.025390625 0.02734375
0 0.3583984375 0.6572265625 0.033203125 0.033203125
0 0.1708984375 0.6552734375 0.025390625 0.033203125
0 0.4150390625 0.6474609375 0.033203125 0.033203125
0 0.0751953125 0.6455078125 0.037109375 0.033203125
0 0.03125 0.63671875 0.015625 0.015625
0 0.6611328125 0.6455078125 0.029296875 0.037109375
0 0.0078125 0.63671875 0.015625 0.01953125
0 0.763671875 0.634765625 0.0234375 0.0234375
0 0.333984375 0.634765625 0.02734375 0.0234375
0 0.150390625 0.6328125 0.02734375 0.02734375
0 0.634765625 0.630859375 0.0234375 0.02734375
0 0.2431640625 0.630859375 0.029296875 0.02734375
0 0.8291015625 0.6298828125 0.029296875 0.033203125
0 0.7958984375 0.6318359375 0.025390625 0.037109375
0 0.6015625 0.619140625 0.01953125 0.0234375
0 0.865234375 0.6162109375 0.0234375 0.021484375
0 0.0615234375 0.62109375 0.037109375 0.03515625
0 0.8916015625 0.6142578125 0.017578125 0.025390625
0 0.521484375 0.6142578125 0.03515625 0.029296875
0 0.57421875 0.609375 0.03125 0.0234375
0 0.224609375 0.611328125 0.02734375 0.02734375
0 0.916015625 0.609375 0.0234375 0.02734375
0 0.310546875 0.609375 0.02734375 0.02734375
0 0.4287109375 0.6103515625 0.037109375 0.033203125
0 0.9541015625 0.6025390625 0.017578125 0.021484375
0 0.1396484375 0.6064453125 0.033203125 0.033203125
0 0.9873046875 0.6025390625 0.025390625 0.033203125
0 0.5263671875 0.5927734375 0.025390625 0.021484375
0 0.0458984375 0.5966796875 0.029296875 0.029296875
0 0.29296875 0.58984375 0.02734375 0.03125
0 0.212890625 0.587890625 0.0234375 0.02734375
0 0.6787109375 0.5869140625 0.029296875 0.033203125
0 0.123046875 0.5849609375 0.03515625 0.033203125
0 0.6357421875 0.576171875 0.021484375 0.0234375
0 0.029296875 0.5751953125 0.0234375 0.029296875
0 0.4423828125 0.5771484375 0.037109375 0.037109375
0 0.275390625 0.568359375 0.0234375 0.0234375
0 0.796875 0.5634765625 0.01953125 0.017578125
0 0.73046875 0.572265625 0.015625 0.03515625
0 0.6181640625 0.5654296875 0.021484375 0.025390625
0 0.59765625 0.5595703125 0.01953125 0.021484375
0 0.66015625 0.5546875 0.01953125 0.015625
0 0.1025390625 0.560546875 0.033203125 0.03125
0 0.7626953125 0.560546875 0.029296875 0.03515625
0 0.5732421875 0.55078125 0.017578125 0.0234375
0 0.0107421875 0.5517578125 0.021484375 0.025390625
0 0.826171875 0.55078125 0.03125 0.02734375
0 0.4052734375 0.5546875 0.037109375 0.03515625
0 0.6259765625 0.54296875 0.017578125 0.015625
0 0.8671875 0.5419921875 0.01953125 0.021484375
0 0.896484375 0.5390625 0.01953125 0.0234375
0 0.541015625 0.541015625 0.02734375 0.02734375
0 0.662109375 0.533203125 0.01953125 0.01953125
0 0.3828125 0.5361328125 0.0234375 0.025390625
0 0.26171875 0.5380859375 0.03125 0.029296875
0 0.0810546875 0.5390625 0.037109375 0.03125
0 0.1865234375 0.53515625 0.037109375 0.03515625
0 0.955078125 0.53125 0.01953125 0.03125
0 0.466796875 0.5244140625 0.01953125 0.021484375
0 0.9208984375 0.529296875 0.021484375 0.03515625
0 0.998046875 0.5107421875 0.00390625 0.009765625
0 0.705078125 0.521484375 0.0390625 0.03515625
0 0.5537109375 0.51171875 0.021484375 0.01953125
0 0.0625 0.517578125 0.03515625 0.03125
0 0.1171875 0.5078125 0.015625 0.01953125
0 0.8701171875 0.5048828125 0.017578125 0.017578125
0 0.34375 0.5048828125 0.03125 0.033203125
0 0.1728515625 0.5068359375 0.037109375 0.037109375
0 0.6640625 0.4970703125 0.03125 0.029296875
0 0.5673828125 0.4931640625 0.037109375 0.029296875
0 0.25 0.4951171875 0.03515625 0.033203125
0 0.0419921875 0.4951171875 0.033203125 0.033203125
0 0.9755859375 0.478515625 0.017578125 0.01953125
0 0.4736328125 0.4853515625 0.029296875 0.033203125
0 0.1552734375 0.4814453125 0.037109375 0.033203125
0 0.8310546875 0.474609375 0.033203125 0.0234375
0 0.4453125 0.47265625 0.01953125 0.01953125
0 0.0166015625 0.47265625 0.025390625 0.0234375
0 0.4873046875 0.466796875 0.021484375 0.0234375
0 0.26953125 0.46484375 0.015625 0.01953125
0 0.234375 0.46875 0.03515625 0.03125
0 0.6103515625 0.46484375 0.044921875 0.02734375
0 0.31640625 0.458984375 0.03125 0.02734375
0 0.134765625 0.4619140625 0.03515625 0.033203125
0 0.419921875 0.4580078125 0.03125 0.029296875
0 0.2158203125 0.4453125 0.033203125 0.03125
0 0.302734375 0.44140625 0.03125 0.03125
0 0.02734375 0.4326171875 0.01953125 0.017578125
0 0.1142578125 0.4384765625 0.029296875 0.033203125
0 0.9970703125 0.4296875 0.005859375 0.01953125
0 0.7490234375 0.43359375 0.025390625 0.02734375
0 0.77734375 0.4287109375 0.01953125 0.021484375
0 0.5009765625 0.4287109375 0.033203125 0.033203125
0 0.85546875 0.41796875 0.0234375 0.01953125
0 0.7998046875 0.421875 0.021484375 0.03125
0 0.3896484375 0.423828125 0.033203125 0.03515625
0 0.048828125 0.42578125 0.01953125 0.0390625
0 0.8271484375 0.42578125 0.025390625 0.04296875
0 0.1943359375 0.421875 0.033203125 0.03515625
0 0.2822265625 0.41796875 0.029296875 0.03125
0 0.009765625 0.4169921875 0.01953125 0.033203125
0 0.0908203125 0.4140625 0.037109375 0.03515625
0 0.9033203125 0.4091796875 0.029296875 0.029296875
0 0.9365234375 0.4013671875 0.017578125 0.021484375
0 0.5107421875 0.40234375 0.033203125 0.03125
0 0.9599609375 0.3955078125 0.017578125 0.025390625
0 0.349609375 0.3955078125 0.02734375 0.025390625
0 0.0244140625 0.4013671875 0.033203125 0.037109375
0 0.1748046875 0.3974609375 0.037109375 0.033203125
0 0.984375 0.392578125 0.0234375 0.02734375
0 0.2626953125 0.396484375 0.037109375 0.03515625
0 0.3837890625 0.3876953125 0.041015625 0.025390625
0 0.529296875 0.3798828125 0.01953125 0.021484375
0 0.0439453125 0.3857421875 0.033203125 0.033203125
0 0.1884765625 0.3701171875 0.017578125 0.017578125
0 0.1552734375 0.3759765625 0.037109375 0.033203125
0 0.3330078125 0.3720703125 0.029296875 0.029296875
0 0.2421875 0.373046875 0.03125 0.03125
0 0.4482421875 0.3642578125 0.017578125 0.017578125
0 0.064453125 0.3701171875 0.03125 0.033203125
0 0.22265625 0.353515625 0.03125 0.03125
0 0.6396484375 0.349609375 0.037109375 0.02734375
0 0.3125 0.349609375 0.03515625 0.03515625
0 0.498046875 0.3447265625 0.03125 0.029296875
0 0.408203125 0.337890625 0.0234375 0.0234375
0 0.111328125 0.3408203125 0.03515625 0.037109375
0 0.6513671875 0.3193359375 0.017578125 0.017578125
0 0.4716796875 0.3271484375 0.029296875 0.033203125
0 0.13671875 0.3271484375 0.03125 0.033203125
0 0.38671875 0.31640625 0.015625 0.015625
0 0.2998046875 0.3203125 0.021484375 0.0234375
0 0.33984375 0.31640625 0.01953125 0.01953125
0 0.546875 0.3134765625 0.03125 0.033203125
0 0.4501953125 0.3076171875 0.029296875 0.029296875
0 0.1884765625 0.318359375 0.056640625 0.05859375
0 0.6494140625 0.2919921875 0.021484375 0.021484375
0 0.703125 0.2861328125 0.015625 0.013671875
0 0.431640625 0.28515625 0.0234375 0.0234375
0 0.5146484375 0.287109375 0.033203125 0.03125
0 0.2431640625 0.28515625 0.029296875 0.02734375
0 0.7685546875 0.2744140625 0.013671875 0.013671875
0 0.8408203125 0.265625 0.017578125 0.015625
0 0.951171875 0.291015625 0.09765625 0.0703125
0 0.8681640625 0.2607421875 0.013671875 0.013671875
0 0.662109375 0.265625 0.0234375 0.0234375
0 0.2666015625 0.2666015625 0.025390625 0.025390625
0 0.5625 0.2626953125 0.0234375 0.021484375
0 0.302734375 0.2626953125 0.02734375 0.029296875
0 0.7353515625 0.2509765625 0.013671875 0.017578125
0 0.4111328125 0.255859375 0.025390625 0.02734375
0 0.5029296875 0.2568359375 0.041015625 0.037109375
0 0.322265625 0.2431640625 0.0390625 0.037109375
0 0.4736328125 0.236328125 0.029296875 0.03125
0 0.8115234375 0.23046875 0.021484375 0.03125
0 0.841796875 0.2275390625 0.0234375 0.029296875
0 0.7861328125 0.2333984375 0.021484375 0.041015625
0 0.5751953125 0.224609375 0.029296875 0.02734375
0 0.7548828125 0.2275390625 0.025390625 0.037109375
0 0.8701171875 0.21875 0.025390625 0.03125
0 0.6748046875 0.216796875 0.033203125 0.02734375
0 0.4560546875 0.2158203125 0.029296875 0.029296875
0 0.376953125 0.21875 0.03515625 0.03515625
0 0.8955078125 0.2158203125 0.021484375 0.033203125
0 0.724609375 0.216796875 0.02734375 0.03515625
0 0.9248046875 0.2138671875 0.025390625 0.033203125
0 0.94921875 0.205078125 0.0234375 0.02734375
0 0.9931640625 0.193359375 0.013671875 0.015625
0 0.9765625 0.2021484375 0.0234375 0.033203125
0 0.5869140625 0.1953125 0.037109375 0.02734375
0 0.6875 0.1923828125 0.03515625 0.029296875
0 0.431640625 0.185546875 0.02734375 0.02734375
0 0.6005859375 0.1669921875 0.029296875 0.029296875
0 0.474609375 0.1572265625 0.01953125 0.025390625
0 0.8115234375 0.154296875 0.025390625 0.03515625
0 0.7841796875 0.1552734375 0.025390625 0.037109375
0 0.8369140625 0.1513671875 0.025390625 0.037109375
0 0.7353515625 0.1396484375 0.013671875 0.013671875
0 0.8623046875 0.146484375 0.025390625 0.03125
0 0.505859375 0.1435546875 0.0234375 0.025390625
0 0.7548828125 0.1435546875 0.029296875 0.037109375
0 0.611328125 0.138671875 0.03125 0.02734375
0 0.888671875 0.1416015625 0.0234375 0.037109375
0 0.3671875 0.1396484375 0.03125 0.033203125
0 0.708984375 0.1328125 0.03515625 0.02734375
0 0.5322265625 0.1318359375 0.021484375 0.025390625
0 0.916015625 0.1357421875 0.02734375 0.037109375
0 0.943359375 0.1318359375 0.0234375 0.033203125
0 0.9912109375 0.119140625 0.013671875 0.015625
0 0.9697265625 0.1279296875 0.021484375 0.033203125
0 0.5546875 0.119140625 0.01953125 0.0234375
0 0.8056640625 0.1064453125 0.017578125 0.017578125
0 0.7138671875 0.111328125 0.029296875 0.02734375
0 0.8466796875 0.1083984375 0.037109375 0.033203125
0 0.5810546875 0.103515625 0.025390625 0.0234375
0 0.390625 0.1103515625 0.03125 0.037109375
0 0.9453125 0.09765625 0.015625 0.015625
0 0.755859375 0.0927734375 0.01953125 0.021484375
0 0.6220703125 0.091796875 0.033203125 0.02734375
0 0.4580078125 0.09375 0.029296875 0.03125
0 0.9130859375 0.0849609375 0.017578125 0.017578125
0 0.97265625 0.0859375 0.015625 0.03125
0 0.4140625 0.0859375 0.03515625 0.03125
0 0.4873046875 0.0791015625 0.029296875 0.029296875
0 0.72265625 0.0751953125 0.02734375 0.033203125
0 0.7744140625 0.0732421875 0.021484375 0.037109375
0 0.80078125 0.0693359375 0.0234375 0.033203125
0 0.9482421875 0.0654296875 0.021484375 0.029296875
0 0.8271484375 0.0634765625 0.029296875 0.037109375
0 0.427734375 0.05859375 0.03515625 0.03125
0 0.85546875 0.0576171875 0.02734375 0.037109375
0 0.8798828125 0.052734375 0.021484375 0.03125
0 0.5283203125 0.044921875 0.017578125 0.015625
0 0.9111328125 0.0478515625 0.029296875 0.033203125
0 0.5810546875 0.0361328125 0.033203125 0.037109375
0 0.552734375 0.0341796875 0.02734375 0.033203125
0 0.970703125 0.0341796875 0.01953125 0.037109375
0 0.5048828125 0.0302734375 0.029296875 0.029296875
0 0.6123046875 0.029296875 0.033203125 0.03515625
0 0.658203125 0.0224609375 0.0390625 0.029296875
0 0.8369140625 0.0029296875 0.017578125 0.005859375
0 0.80078125 0.0078125 0.01953125 0.015625
0 0.7490234375 0.0107421875 0.033203125 0.021484375
0 0.6708984375 0.0048828125 0.025390625 0.009765625
0 0.525390625 0.0078125 0.01953125 0.015625
0 0.4921875 0.0068359375 0.02734375 0.013671875
0 0.46875 0.015625 0.0390625 0.03125
0 0.0078125 0.015625 0.015625 0.03125