0 0.091796875 0.99609375 0.03515625 0.0078125
0 0.80859375 0.970703125 0.01953125 0.0234375
0 0.873046875 0.966796875 0.04296875 0.0234375
0 0.9326171875 0.9609375 0.048828125 0.02734375
0 0.9853515625 0.9501953125 0.029296875 0.029296875
0 0.8115234375 0.9169921875 0.021484375 0.037109375
0 0.9931640625 0.8896484375 0.013671875 0.025390625
0 0.93359375 0.8876953125 0.05078125 0.033203125
0 0.8828125 0.875 0.03125 0.01953125
0 0.00390625 0.873046875 0.0078125 0.015625
0 0.8203125 0.8671875 0.03125 0.0234375
0 0.9853515625 0.8017578125 0.029296875 0.021484375
0 0.8291015625 0.7958984375 0.044921875 0.025390625
0 0.9013671875 0.7880859375 0.056640625 0.033203125
0 0.8447265625 0.7041015625 0.041015625 0.044921875
0 0.9970703125 0.6044921875 0.005859375 0.013671875
0 0.8642578125 0.609375 0.037109375 0.05859375
0 0.9931640625 0.5380859375 0.013671875 0.037109375
0 0.98046875 0.4755859375 0.0390625 0.041015625
0 0.8974609375 0.47265625 0.041015625 0.03515625
0 0.96484375 0.421875 0.03515625 0.046875
0 0.791015625 0.3681640625 0.03515625 0.041015625
0 0.94140625 0.3623046875 0.0390625 0.052734375
0 0.9951171875 0.30078125 0.009765625 0.0234375
0 0.9130859375 0.2958984375 0.044921875 0.041015625
0 0.767578125 0.2998046875 0.04296875 0.048828125
0 0.9853515625 0.25390625 0.029296875 0.046875
0 0.892578125 0.2431640625 0.0390625 0.044921875
0 0.0224609375 0.2333984375 0.044921875 0.052734375
0 0.7431640625 0.212890625 0.037109375 0.04296875
0 0.966796875 0.197265625 0.03515625 0.04296875
0 0.8740234375 0.1845703125 0.037109375 0.048828125
0 0.015625 0.166015625 0.03125 0.06640625
0 0.94921875 0.1416015625 0.03515625 0.044921875
0 0.853515625 0.126953125 0.03515625 0.05078125
0 0.740234375 0.107421875 0.02734375 0.0546875
0 0.9296875 0.087890625 0.04296875 0.05078125
0 0.82421875 0.0654296875 0.03125 0.052734375
0 0.912109375 0.0380859375 0.0390625 0.041015625
0 0.900390625 0.0029296875 0.01953125 0.005859375
0 0.8046875 0.013671875 0.02734375 0.02734375
0 0.1787109375 0.001953125 0.009765625 0.00390625