0 0.712890625 0.9970703125 0.0078125 0.005859375
0 0.9951171875 0.99609375 0.009765625 0.0078125
0 0.55859375 0.99609375 0.01171875 0.0078125
0 0.1923828125 0.9951171875 0.017578125 0.009765625
0 0.166015625 0.9921875 0.01953125 0.015625
0 0.5234375 0.9912109375 0.0234375 0.017578125
0 0.49609375 0.990234375 0.0234375 0.01953125
0 0.140625 0.990234375 0.02734375 0.01953125
0 0.09765625 0.986328125 0.015625 0.0234375
0 0.0615234375 0.984375 0.029296875 0.03125
0 0.7490234375 0.9833984375 0.037109375 0.033203125
0 0.36328125 0.978515625 0.03125 0.0234375
0 0.3310546875 0.9814453125 0.029296875 0.029296875
0 0.83203125 0.9775390625 0.02734375 0.025390625
0 0.412109375 0.97265625 0.02734375 0.02734375
0 0.5458984375 0.9716796875 0.029296875 0.029296875
0 0.0146484375 0.9658203125 0.025390625 0.021484375
0 0.4404296875 0.96484375 0.029296875 0.02734375
0 0.8125 0.9599609375 0.02734375 0.029296875
0 0.611328125 0.953125 0.03125 0.02734375
0 0.6767578125 0.95703125 0.044921875 0.04296875
0 0.47265625 0.9482421875 0.02734375 0.029296875
0 0.7890625 0.9453125 0.02734375 0.02734375
0 0.1865234375 0.9384765625 0.033203125 0.021484375
0 0.3623046875 0.935546875 0.037109375 0.02734375
0 0.4951171875 0.9296875 0.029296875 0.03125
0 0.2578125 0.93359375 0.04296875 0.0390625
0 0.1259765625 0.927734375 0.021484375 0.03515625
0 0.9912109375 0.921875 0.017578125 0.03515625
0 0.7099609375 0.916015625 0.037109375 0.0390625
0 0.51953125 0.912109375 0.02734375 0.03125
0 0.005859375 0.9052734375 0.01171875 0.017578125
0 0.3671875 0.90625 0.03125 0.0234375
0 0.0361328125 0.9111328125 0.021484375 0.033203125
0 0.5341796875 0.8916015625 0.033203125 0.033203125
0 0.6513671875 0.8837890625 0.025390625 0.025390625
0 0.271484375 0.8828125 0.05078125 0.03125
0 0.375 0.876953125 0.03515625 0.0234375
0 0.5576171875 0.876953125 0.033203125 0.03515625
0 0.8037109375 0.865234375 0.021484375 0.02734375
0 0.6787109375 0.86328125 0.033203125 0.03125
0 0.041015625 0.8603515625 0.01953125 0.025390625
0 0.1650390625 0.861328125 0.037109375 0.03515625
0 0.7490234375 0.84765625 0.029296875 0.0234375
0 0.5361328125 0.84765625 0.025390625 0.0234375
0 0.134765625 0.8486328125 0.0234375 0.025390625
0 0.5927734375 0.84765625 0.041015625 0.03515625
0 0.1044921875 0.845703125 0.029296875 0.04296875
0 0.4326171875 0.83203125 0.021484375 0.01953125
0 0.3896484375 0.830078125 0.033203125 0.02734375
0 0.05078125 0.8291015625 0.01953125 0.025390625
0 0.3115234375 0.828125 0.033203125 0.02734375
0 0.8916015625 0.8291015625 0.041015625 0.044921875
0 0.5517578125 0.8232421875 0.033203125 0.033203125
0 0.708984375 0.8134765625 0.0234375 0.017578125
0 0.625 0.81640625 0.03125 0.03125
0 0.015625 0.8046875 0.015625 0.01953125
0 0.32421875 0.802734375 0.0234375 0.01953125
0 0.8046875 0.8056640625 0.0234375 0.033203125
0 0.4033203125 0.794921875 0.037109375 0.0234375
0 0.234375 0.80078125 0.0234375 0.03515625
0 0.1865234375 0.794921875 0.021484375 0.0234375
0 0.0068359375 0.78515625 0.013671875 0.01171875
0 0.1396484375 0.787109375 0.017578125 0.01953125
0 0.220703125 0.779296875 0.015625 0.01953125
0 0.720703125 0.77734375 0.0234375 0.01953125
0 0.044921875 0.779296875 0.015625 0.0234375
0 0.115234375 0.7763671875 0.01953125 0.029296875
0 0.90234375 0.775390625 0.03125 0.03515625
0 0.61328125 0.767578125 0.04296875 0.03125
0 0.412109375 0.7646484375 0.03515625 0.025390625
0 0.2431640625 0.7626953125 0.021484375 0.021484375
0 0.5791015625 0.7578125 0.021484375 0.0234375
0 0.3271484375 0.7666015625 0.037109375 0.041015625
0 0.1044921875 0.7470703125 0.013671875 0.013671875
0 0.5244140625 0.7353515625 0.021484375 0.017578125
0 0.306640625 0.7314453125 0.0234375 0.021484375
0 0.0517578125 0.7275390625 0.033203125 0.021484375
0 0.8203125 0.732421875 0.03125 0.0390625
0 0.72265625 0.7236328125 0.0234375 0.021484375
0 0.3505859375 0.7216796875 0.025390625 0.025390625
0 0.88671875 0.72265625 0.01953125 0.03125
0 0.3251953125 0.7119140625 0.013671875 0.017578125
0 0.447265625 0.7080078125 0.015625 0.017578125
0 0.4189453125 0.720703125 0.033203125 0.04296875
0 0.0146484375 0.71484375 0.021484375 0.03125
0 0.5849609375 0.7001953125 0.025390625 0.013671875
0 0.615234375 0.69140625 0.0234375 0.01171875
0 0.2265625 0.6962890625 0.02734375 0.029296875
0 0.4306640625 0.6865234375 0.021484375 0.017578125
0 0.8876953125 0.6826171875 0.021484375 0.021484375
0 0.1904296875 0.6796875 0.033203125 0.0234375
0 0.71875 0.6767578125 0.01953125 0.025390625
0 0.2685546875 0.6767578125 0.025390625 0.029296875
0 0.1376953125 0.6806640625 0.021484375 0.037109375
0 0.0615234375 0.6767578125 0.025390625 0.033203125
0 0.6337890625 0.6650390625 0.029296875 0.029296875
0 0.8291015625 0.6591796875 0.021484375 0.025390625
0 0.796875 0.6630859375 0.01953125 0.037109375
0 0.7607421875 0.6513671875 0.025390625 0.017578125
0 0.73046875 0.6474609375 0.015625 0.013671875
0 0.7041015625 0.6474609375 0.021484375 0.017578125
0 0.4755859375 0.6513671875 0.025390625 0.025390625
0 0.271484375 0.6455078125 0.01953125 0.021484375
0 0.0654296875 0.640625 0.017578125 0.01171875
0 0.890625 0.6455078125 0.01953125 0.025390625
0 0.376953125 0.6474609375 0.02734375 0.029296875
0 0.447265625 0.6396484375 0.0234375 0.021484375
0 0.595703125 0.626953125 0.03515625 0.01953125
0 0.0673828125 0.6201171875 0.021484375 0.017578125
0 0.0185546875 0.6201171875 0.021484375 0.029296875
0 0.89453125 0.611328125 0.01953125 0.01953125
0 0.4580078125 0.6142578125 0.029296875 0.025390625
0 0.390625 0.6123046875 0.02734375 0.021484375
0 0.234375 0.6171875 0.02734375 0.03515625
0 0.587890625 0.60546875 0.0234375 0.01953125
0 0.1767578125 0.611328125 0.037109375 0.03515625
0 0.505859375 0.6015625 0.0234375 0.0234375
0 0.625 0.5947265625 0.03125 0.025390625
0 0.7802734375 0.59375 0.021484375 0.02734375
0 0.7451171875 0.58984375 0.025390625 0.0234375
0 0.6943359375 0.5888671875 0.021484375 0.021484375
0 0.3984375 0.58984375 0.0234375 0.0234375
0 0.8291015625 0.591796875 0.021484375 0.03515625
0 0.54296875 0.58203125 0.015625 0.0234375
0 0.470703125 0.5830078125 0.03515625 0.025390625
0 0.373046875 0.5771484375 0.015625 0.017578125
0 0.619140625 0.5625 0.03125 0.0234375
0 0.271484375 0.55859375 0.015625 0.01953125
0 0.1494140625 0.5615234375 0.041015625 0.025390625
0 0.0712890625 0.5595703125 0.041015625 0.025390625
0 0.72265625 0.552734375 0.01171875 0.015625
0 0.5625 0.5576171875 0.01953125 0.033203125
0 0.697265625 0.55078125 0.03125 0.02734375
0 0.5341796875 0.548828125 0.021484375 0.0234375
0 0.4072265625 0.5546875 0.025390625 0.0390625
0 0.8994140625 0.548828125 0.025390625 0.03125
0 0.48046875 0.5439453125 0.0234375 0.021484375
0 0.015625 0.5478515625 0.03125 0.037109375
0 0.9423828125 0.52734375 0.017578125 0.02734375
0 0.3271484375 0.5390625 0.025390625 0.05859375
0 0.8330078125 0.525390625 0.037109375 0.046875
0 0.2861328125 0.5224609375 0.029296875 0.041015625
0 0.2490234375 0.517578125 0.021484375 0.0390625
0 0.0048828125 0.5078125 0.009765625 0.01953125
0 0.220703125 0.51171875 0.01953125 0.03515625
0 0.19921875 0.51171875 0.01953125 0.03515625
0 0.642578125 0.5 0.0234375 0.0234375
0 0.1484375 0.5078125 0.0234375 0.0390625
0 0.734375 0.5009765625 0.02734375 0.029296875
0 0.62109375 0.4931640625 0.01171875 0.021484375
0 0.091796875 0.498046875 0.02734375 0.046875
0 0.5751953125 0.484375 0.037109375 0.02734375
0 0.0625 0.486328125 0.01953125 0.03125
0 0.0439453125 0.4794921875 0.013671875 0.025390625
0 0.66015625 0.474609375 0.02734375 0.01953125
0 0.021484375 0.4765625 0.015625 0.0234375
0 0.4296875 0.4755859375 0.04296875 0.029296875
0 0.9384765625 0.4609375 0.017578125 0.01953125
0 0.3984375 0.4638671875 0.01953125 0.029296875
0 0.5205078125 0.4619140625 0.044921875 0.029296875
0 0.35546875 0.4580078125 0.01953125 0.021484375
0 0.748046875 0.4580078125 0.02734375 0.029296875
0 0.3193359375 0.455078125 0.033203125 0.0234375
0 0.857421875 0.4580078125 0.02734375 0.037109375
0 0.677734375 0.451171875 0.02734375 0.0234375
0 0.9873046875 0.443359375 0.017578125 0.015625
0 0.4443359375 0.4453125 0.025390625 0.01953125
0 0.2080078125 0.443359375 0.033203125 0.02734375
0 0.1640625 0.4365234375 0.03515625 0.025390625
0 0.9072265625 0.4345703125 0.033203125 0.029296875
0 0.099609375 0.4267578125 0.03515625 0.025390625
0 0.693359375 0.42578125 0.03515625 0.02734375
0 0.25390625 0.4365234375 0.03125 0.048828125
0 0.7607421875 0.42578125 0.029296875 0.03125
0 0.53515625 0.4248046875 0.046875 0.033203125
0 0.0341796875 0.4189453125 0.017578125 0.025390625
0 0.4541015625 0.4130859375 0.029296875 0.029296875
0 0.060546875 0.412109375 0.03125 0.0390625
0 0.70703125 0.4013671875 0.03125 0.025390625
0 0.783203125 0.3984375 0.02734375 0.02734375
0 0.978515625 0.40625 0.02734375 0.05078125
0 0.169921875 0.39453125 0.0234375 0.02734375
0 0.4150390625 0.390625 0.029296875 0.0234375
0 0.33984375 0.390625 0.03515625 0.03125
0 0.2802734375 0.3876953125 0.025390625 0.029296875
0 0.6865234375 0.3798828125 0.017578125 0.017578125
0 0.9111328125 0.3740234375 0.025390625 0.021484375
0 0.8818359375 0.3720703125 0.021484375 0.021484375
0 0.5439453125 0.3701171875 0.033203125 0.021484375
0 0.462890625 0.373046875 0.03515625 0.02734375
0 0.6962890625 0.3623046875 0.017578125 0.017578125
0 0.1103515625 0.3671875 0.021484375 0.03125
0 0.6259765625 0.357421875 0.029296875 0.0234375
0 0.8095703125 0.3642578125 0.025390625 0.041015625
0 0.853515625 0.3525390625 0.01953125 0.021484375
0 0.17578125 0.353515625 0.02734375 0.02734375
0 0.4755859375 0.34375 0.033203125 0.03125
0 0.9931640625 0.3466796875 0.013671875 0.041015625
0 0.30078125 0.337890625 0.02734375 0.02734375
0 0.3671875 0.33984375 0.03125 0.03515625
0 0.720703125 0.3359375 0.02734375 0.03515625
0 0.5517578125 0.3291015625 0.033203125 0.029296875
0 0.1767578125 0.3251953125 0.025390625 0.021484375
0 0.67578125 0.3154296875 0.0234375 0.029296875
0 0.556640625 0.302734375 0.02734375 0.02734375
0 0.3115234375 0.30078125 0.037109375 0.0234375
0 0.4853515625 0.296875 0.041015625 0.02734375
0 0.3828125 0.3046875 0.0390625 0.04296875
0 0.6416015625 0.2978515625 0.029296875 0.037109375
0 0.1904296875 0.2939453125 0.033203125 0.029296875
0 0.900390625 0.2880859375 0.01953125 0.021484375
0 0.1142578125 0.2939453125 0.025390625 0.037109375
0 0.6142578125 0.283203125 0.025390625 0.03515625
0 0.947265625 0.275390625 0.02734375 0.02734375
0 0.75 0.275390625 0.02734375 0.02734375
0 0.98046875 0.2724609375 0.01953125 0.025390625
0 0.39453125 0.27734375 0.046875 0.03515625
0 0.8251953125 0.26953125 0.025390625 0.02734375
0 0.32421875 0.275390625 0.03515625 0.0390625
0 0.5751953125 0.271484375 0.033203125 0.03515625
0 0.5 0.2705078125 0.03125 0.033203125
0 0.12890625 0.2568359375 0.02734375 0.021484375
0 0.7060546875 0.255859375 0.025390625 0.0234375
0 0.19140625 0.248046875 0.0234375 0.01953125
0 0.884765625 0.236328125 0.0234375 0.015625
0 0.67578125 0.2412109375 0.0234375 0.025390625
0 0.4296875 0.2353515625 0.015625 0.013671875
0 0.1337890625 0.232421875 0.025390625 0.01953125
0 0.330078125 0.23046875 0.01953125 0.01953125
0 0.5166015625 0.2373046875 0.025390625 0.041015625
0 0.4013671875 0.2412109375 0.037109375 0.048828125
0 0.814453125 0.2236328125 0.0234375 0.025390625
0 0.654296875 0.2265625 0.03125 0.03125
0 0.1962890625 0.21875 0.021484375 0.0234375
0 0.9912109375 0.216796875 0.017578125 0.02734375
0 0.4892578125 0.21484375 0.029296875 0.02734375
0 0.6123046875 0.2099609375 0.029296875 0.025390625
0 0.1396484375 0.20703125 0.021484375 0.01953125
0 0.7470703125 0.2060546875 0.017578125 0.021484375
0 0.4638671875 0.208984375 0.029296875 0.03515625
0 0.3505859375 0.2060546875 0.041015625 0.033203125
0 0.94921875 0.189453125 0.0234375 0.01953125
0 0.1435546875 0.1845703125 0.021484375 0.017578125
0 0.58203125 0.189453125 0.03125 0.03515625
0 0.419921875 0.18359375 0.02734375 0.0390625
0 0.2333984375 0.1708984375 0.029296875 0.033203125
0 0.7470703125 0.166015625 0.029296875 0.02734375
0 0.546875 0.1669921875 0.03125 0.033203125
0 0.1455078125 0.162109375 0.021484375 0.0234375
0 0.939453125 0.1552734375 0.0390625 0.017578125
0 0.0087890625 0.201171875 0.017578125 0.109375
0 0.37109375 0.162109375 0.03125 0.03515625
0 0.3349609375 0.1484375 0.033203125 0.04296875
0 0.298828125 0.126953125 0.03515625 0.03515625
0 0.142578125 0.1220703125 0.05078125 0.029296875
0 0.45703125 0.1201171875 0.03515625 0.044921875
0 0.9443359375 0.107421875 0.033203125 0.0234375
0 0.5166015625 0.1181640625 0.025390625 0.044921875
0 0.861328125 0.1044921875 0.0234375 0.025390625
0 0.2568359375 0.1103515625 0.044921875 0.044921875
0 0.7607421875 0.091796875 0.029296875 0.03125
0 0.423828125 0.0908203125 0.03515625 0.037109375
0 0.525390625 0.07421875 0.0234375 0.0234375
0 0.21875 0.087890625 0.05078125 0.05078125
0 0.9482421875 0.068359375 0.025390625 0.015625
0 0.369140625 0.0791015625 0.03515625 0.041015625
0 0.0478515625 0.0771484375 0.041015625 0.041015625
0 0.8525390625 0.0625 0.013671875 0.01953125
0 0.33984375 0.068359375 0.03125 0.03515625
0 0.8818359375 0.060546875 0.021484375 0.02734375
0 0.7685546875 0.0546875 0.025390625 0.0234375
0 0.455078125 0.052734375 0.0234375 0.01953125
0 0.30859375 0.0537109375 0.02734375 0.033203125
0 0.150390625 0.0703125 0.05078125 0.07421875
0 0.6181640625 0.0791015625 0.076171875 0.103515625
0 0.1171875 0.037109375 0.0234375 0.03125
0 0.279296875 0.03515625 0.03515625 0.0390625
0 0.771484375 0.0234375 0.0234375 0.02734375
0 0.94140625 0.0126953125 0.03125 0.025390625
0 0.857421875 0.0078125 0.03515625 0.015625
0 0.787109375 0.005859375 0.0234375 0.01171875
0 0.4677734375 0.0185546875 0.029296875 0.037109375
0 0.4365234375 0.0087890625 0.021484375 0.017578125
0 0.08203125 0.0244140625 0.06640625 0.048828125
0 0.01171875 0.0361328125 0.0234375 0.072265625