0 0.025390625 0.994140625 0.01953125 0.01171875
0 0.2041015625 0.9931640625 0.025390625 0.013671875
0 0.130859375 0.9912109375 0.02734375 0.017578125
0 0.2236328125 0.982421875 0.033203125 0.03515625
0 0.09375 0.9716796875 0.03125 0.037109375
0 0.1806640625 0.9609375 0.033203125 0.03515625
0 0.0732421875 0.9580078125 0.033203125 0.037109375
0 0.259765625 0.9501953125 0.03515625 0.029296875
0 0.048828125 0.9443359375 0.02734375 0.025390625
0 0.1611328125 0.9375 0.033203125 0.03515625
0 0.2783203125 0.93359375 0.029296875 0.03125
0 0.03125 0.9248046875 0.03125 0.041015625
0 0.140625 0.9189453125 0.03125 0.037109375
0 0.2958984375 0.912109375 0.029296875 0.03125
0 0.228515625 0.9013671875 0.03515625 0.025390625
0 0.01171875 0.908203125 0.0234375 0.0390625
0 0.0029296875 0.88671875 0.005859375 0.0078125
0 0.0654296875 0.8876953125 0.021484375 0.021484375
0 0.12109375 0.89453125 0.03515625 0.0390625
0 0.3203125 0.888671875 0.046875 0.046875
0 0.20703125 0.87890625 0.03515625 0.02734375
0 0.1025390625 0.875 0.033203125 0.03515625
0 0.0263671875 0.85546875 0.021484375 0.0234375
0 0.1826171875 0.8564453125 0.041015625 0.033203125
0 0.08203125 0.8583984375 0.03125 0.037109375
0 0.0595703125 0.8388671875 0.037109375 0.041015625
0 0.162109375 0.833984375 0.0390625 0.03515625
0 0.255859375 0.8359375 0.06640625 0.0625
0 0.0419921875 0.822265625 0.033203125 0.0390625
0 0.138671875 0.8095703125 0.03515625 0.033203125
0 0.353515625 0.80859375 0.03515625 0.03515625
0 0.01953125 0.7998046875 0.0390625 0.044921875
0 0.1162109375 0.7890625 0.037109375 0.03125
0 0.3115234375 0.787109375 0.033203125 0.03515625
0 0.2900390625 0.76953125 0.033203125 0.03125
0 0.1953125 0.7724609375 0.03515625 0.037109375
0 0.09375 0.7666015625 0.03515625 0.029296875
0 0.0087890625 0.7685546875 0.017578125 0.033203125
0 0.1796875 0.748046875 0.03515625 0.0390625
0 0.2666015625 0.7451171875 0.037109375 0.037109375
0 0.072265625 0.7431640625 0.0390625 0.033203125
0 0.3544921875 0.748046875 0.044921875 0.046875
0 0.162109375 0.728515625 0.03515625 0.03515625
0 0.24609375 0.7216796875 0.03515625 0.033203125
0 0.0859375 0.7138671875 0.0234375 0.021484375
0 0.3740234375 0.720703125 0.041015625 0.05078125
0 0.142578125 0.708984375 0.03515625 0.03515625
0 0.0498046875 0.7138671875 0.041015625 0.044921875
0 0.2294921875 0.701171875 0.037109375 0.03125
0 0.0849609375 0.6875 0.021484375 0.01953125
0 0.126953125 0.6875 0.0390625 0.03515625
0 0.2119140625 0.6787109375 0.037109375 0.033203125
0 0.052734375 0.658203125 0.01953125 0.01953125
0 0.396484375 0.658203125 0.05078125 0.03125
0 0.1962890625 0.6572265625 0.037109375 0.033203125
0 0.095703125 0.6552734375 0.046875 0.041015625
0 0.1806640625 0.63671875 0.041015625 0.03125
0 0.021484375 0.662109375 0.04296875 0.0859375
0 0.1630859375 0.6162109375 0.037109375 0.033203125
0 0.1474609375 0.595703125 0.041015625 0.03515625
0 0.06640625 0.607421875 0.0625 0.0703125
0 0.130859375 0.5751953125 0.03515625 0.033203125
0 0.0263671875 0.5576171875 0.033203125 0.033203125
0 0.11328125 0.5537109375 0.0390625 0.029296875
0 0.01171875 0.541015625 0.0234375 0.0390625
0 0.052734375 0.490234375 0.02734375 0.02734375
0 0.0283203125 0.462890625 0.033203125 0.03125
0 0.373046875 0.466796875 0.140625 0.1171875
0 0.0078125 0.384765625 0.015625 0.015625
0 0.0458984375 0.365234375 0.033203125 0.03125
0 0.029296875 0.34375 0.03125 0.03515625
0 0.015625 0.328125 0.03125 0.03515625
0 0.099609375 0.3193359375 0.03515625 0.037109375
0 0.4931640625 0.341796875 0.052734375 0.08984375
0 0.302734375 0.3076171875 0.03125 0.021484375
0 0.3447265625 0.296875 0.017578125 0.015625
0 0.005859375 0.30078125 0.01171875 0.0234375
0 0.08203125 0.3017578125 0.03515625 0.037109375
0 0.4541015625 0.3583984375 0.115234375 0.166015625
0 0.0634765625 0.2841796875 0.033203125 0.037109375
0 0.0498046875 0.2666015625 0.033203125 0.037109375
0 0.4658203125 0.2490234375 0.103515625 0.037109375
0 0.0927734375 0.240234375 0.029296875 0.02734375
0 0.0283203125 0.23828125 0.037109375 0.0390625
0 0.3623046875 0.2255859375 0.037109375 0.025390625
0 0.251953125 0.224609375 0.03515625 0.02734375
0 0.123046875 0.2255859375 0.03125 0.029296875
0 0.17578125 0.2109375 0.03125 0.03125
0 0.052734375 0.2001953125 0.0234375 0.021484375
0 0.0927734375 0.1953125 0.037109375 0.03125
0 0.4892578125 0.189453125 0.044921875 0.0234375
0 0.1591796875 0.18359375 0.041015625 0.04296875
0 0.078125 0.1748046875 0.02734375 0.025390625
0 0.0107421875 0.1748046875 0.021484375 0.033203125
0 0.603515625 0.1806640625 0.07421875 0.083984375
0 0.4921875 0.1494140625 0.04296875 0.025390625
0 0.1142578125 0.140625 0.033203125 0.03515625
0 0.0302734375 0.1376953125 0.037109375 0.029296875
0 0.2373046875 0.1318359375 0.021484375 0.025390625
0 0.212890625 0.1298828125 0.0234375 0.025390625
0 0.0087890625 0.115234375 0.017578125 0.02734375
0 0.2744140625 0.12109375 0.041015625 0.04296875
0 0.4990234375 0.0947265625 0.041015625 0.025390625
0 0.1826171875 0.095703125 0.037109375 0.03515625
0 0.0810546875 0.103515625 0.064453125 0.05859375
0 0.421875 0.083984375 0.0390625 0.02734375
0 0.458984375 0.08203125 0.01953125 0.03515625
0 0.3408203125 0.0791015625 0.037109375 0.033203125
0 0.2880859375 0.07421875 0.037109375 0.03125
0 0.5 0.0693359375 0.04296875 0.025390625
0 0.0419921875 0.0732421875 0.033203125 0.037109375
0 0.0205078125 0.0576171875 0.029296875 0.029296875
0 0.6865234375 0.0712890625 0.076171875 0.068359375
0 0.4072265625 0.052734375 0.029296875 0.03125
0 0.5048828125 0.0439453125 0.041015625 0.029296875
0 0.26171875 0.041015625 0.03125 0.03125
0 0.345703125 0.0361328125 0.03125 0.033203125
0 0.2294921875 0.0302734375 0.029296875 0.029296875
0 0.2041015625 0.0234375 0.029296875 0.03125
0 0.5078125 0.0185546875 0.04296875 0.025390625
0 0.767578125 0.0146484375 0.06640625 0.029296875
0 0.4609375 0.015625 0.0234375 0.03125
0 0.43359375 0.013671875 0.0234375 0.02734375
0 0.40625 0.013671875 0.0234375 0.02734375
0 0.3515625 0.0078125 0.02734375 0.015625
0 0.1796875 0.009765625 0.03125 0.01953125
0 0.09765625 0.0341796875 0.09765625 0.068359375
0 0.0185546875 0.0234375 0.037109375 0.046875