0 0.494140625 0.9765625 0.03515625 0.02734375
0 0.39453125 0.9755859375 0.0390625 0.037109375
0 0.595703125 0.94921875 0.0390625 0.03125
0 0.1494140625 0.953125 0.044921875 0.04296875
0 0.7236328125 0.9384765625 0.037109375 0.041015625
0 0.25 0.90625 0.03515625 0.03515625
0 0.091796875 0.8759765625 0.03515625 0.041015625
0 0.3818359375 0.85546875 0.041015625 0.0390625
0 0.5712890625 0.8408203125 0.033203125 0.044921875
0 0.693359375 0.810546875 0.04296875 0.0546875
0 0.2939453125 0.787109375 0.037109375 0.0390625
0 0.6416015625 0.7568359375 0.037109375 0.037109375
0 0.0390625 0.76171875 0.0546875 0.046875
0 0.51171875 0.7392578125 0.046875 0.056640625
0 0.21875 0.7216796875 0.03515625 0.037109375
0 0.5830078125 0.703125 0.025390625 0.0234375
0 0.4814453125 0.7001953125 0.017578125 0.017578125
0 0.62109375 0.6943359375 0.0390625 0.025390625
0 0.6650390625 0.681640625 0.029296875 0.0234375
0 0.734375 0.677734375 0.02734375 0.04296875
0 0.4697265625 0.6767578125 0.033203125 0.041015625
0 0.55859375 0.6298828125 0.03125 0.021484375
0 0.443359375 0.6328125 0.03125 0.03515625
0 0.6083984375 0.62109375 0.029296875 0.0234375
0 0.7548828125 0.607421875 0.025390625 0.0234375
0 0.138671875 0.6044921875 0.03125 0.029296875
0 0.5234375 0.599609375 0.03125 0.02734375
0 0.6396484375 0.587890625 0.033203125 0.0546875
0 0.4091796875 0.583984375 0.033203125 0.046875
0 0.71484375 0.568359375 0.0234375 0.0234375
0 0.49609375 0.5693359375 0.03125 0.033203125
0 0.810546875 0.5517578125 0.02734375 0.041015625
0 0.60546875 0.54296875 0.03515625 0.03125
0 0.564453125 0.537109375 0.01953125 0.01953125
0 0.20703125 0.5478515625 0.0390625 0.041015625
0 0.0068359375 0.5380859375 0.013671875 0.025390625
0 0.470703125 0.53515625 0.03125 0.03515625
0 0.3701171875 0.533203125 0.029296875 0.0390625
0 0.6884765625 0.52734375 0.025390625 0.04296875
0 0.29296875 0.5107421875 0.015625 0.017578125
0 0.580078125 0.5048828125 0.03515625 0.033203125
0 0.443359375 0.5 0.01953125 0.0234375
0 0.263671875 0.5048828125 0.03125 0.037109375
0 0.6572265625 0.490234375 0.029296875 0.03125
0 0.8212890625 0.4931640625 0.029296875 0.044921875
0 0.556640625 0.4736328125 0.02734375 0.033203125
0 0.044921875 0.4794921875 0.05078125 0.052734375
0 0.3193359375 0.4638671875 0.037109375 0.033203125
0 0.408203125 0.453125 0.0234375 0.0234375
0 0.630859375 0.4521484375 0.03515625 0.037109375
0 0.5361328125 0.435546875 0.033203125 0.03125
0 0.82421875 0.4375 0.02734375 0.0390625
0 0.484375 0.4248046875 0.0234375 0.025390625
0 0.109375 0.4306640625 0.0390625 0.041015625
0 0.607421875 0.41796875 0.02734375 0.03125
0 0.509765625 0.39453125 0.02734375 0.02734375
0 0.3720703125 0.396484375 0.048828125 0.04296875
0 0.5849609375 0.384765625 0.025390625 0.02734375
0 0.80859375 0.3896484375 0.0234375 0.041015625
0 0.408203125 0.3603515625 0.03125 0.037109375
0 0.2255859375 0.3642578125 0.052734375 0.048828125
0 0.5625 0.3427734375 0.02734375 0.025390625
0 0.7919921875 0.33203125 0.025390625 0.0390625
0 0.4580078125 0.3203125 0.033203125 0.03125
0 0.29296875 0.298828125 0.046875 0.05078125
0 0.53125 0.2861328125 0.04296875 0.041015625
0 0.779296875 0.28125 0.0234375 0.03515625
0 0.2890625 0.2470703125 0.0234375 0.025390625
0 0.5703125 0.2314453125 0.03515625 0.029296875
0 0.380859375 0.234375 0.03515625 0.03515625
0 0.8515625 0.2294921875 0.04296875 0.064453125
0 0.611328125 0.20703125 0.02734375 0.02734375
0 0.46875 0.1845703125 0.04296875 0.041015625
0 0.650390625 0.1796875 0.03515625 0.0390625
0 0.0166015625 0.177734375 0.033203125 0.0390625
0 0.83984375 0.1650390625 0.0390625 0.048828125
0 0.5009765625 0.1513671875 0.025390625 0.021484375
0 0.693359375 0.142578125 0.03125 0.03125
0 0.529296875 0.1318359375 0.02734375 0.025390625
0 0.3134765625 0.1181640625 0.021484375 0.025390625
0 0.560546875 0.1083984375 0.02734375 0.033203125
0 0.7255859375 0.103515625 0.029296875 0.02734375
0 0.615234375 0.0869140625 0.0234375 0.025390625
0 0.37890625 0.08203125 0.0234375 0.0234375
0 0.921875 0.080078125 0.0234375 0.02734375
0 0.541015625 0.07421875 0.01953125 0.0234375
0 0.8330078125 0.064453125 0.025390625 0.0234375
0 0.646484375 0.064453125 0.02734375 0.02734375
0 0.0498046875 0.05859375 0.025390625 0.03125
0 0.5009765625 0.0390625 0.025390625 0.0234375
0 0.9052734375 0.033203125 0.033203125 0.03515625
0 0.8330078125 0.0234375 0.029296875 0.02734375
0 0.67578125 0.01953125 0.03515625 0.03515625
0 0.916015625 0.0048828125 0.01953125 0.009765625
0 0.7431640625 0.0078125 0.025390625 0.015625
0 0.54296875 0.005859375 0.03125 0.01171875
0 0.4384765625 0.0087890625 0.021484375 0.017578125