0 0.5185546875 0.9736328125 0.068359375 0.052734375
0 0.3779296875 0.9599609375 0.138671875 0.080078125
0 0.4345703125 0.931640625 0.103515625 0.09375
0 0.6279296875 0.9287109375 0.205078125 0.142578125
0 0.912109375 0.927734375 0.17578125 0.14453125
0 0.30859375 0.8583984375 0.05859375 0.068359375
0 0.966796875 0.8203125 0.06640625 0.1328125
0 0.4619140625 0.8310546875 0.181640625 0.166015625
0 0.01953125 0.7451171875 0.01953125 0.029296875
0 0.3447265625 0.765625 0.095703125 0.12109375
0 0.005859375 0.69140625 0.01171875 0.02734375
0 0.07421875 0.6630859375 0.0234375 0.017578125
0 0.0341796875 0.677734375 0.037109375 0.046875
0 0.46875 0.6357421875 0.203125 0.162109375
0 0.998046875 0.5556640625 0.00390625 0.005859375
0 0.8681640625 0.57421875 0.107421875 0.09375
0 0.93359375 0.5537109375 0.1328125 0.138671875
0 0.064453125 0.5107421875 0.0859375 0.107421875
0 0.6552734375 0.6318359375 0.314453125 0.353515625
0 0.919921875 0.45703125 0.0625 0.06640625
0 0.9736328125 0.4541015625 0.052734375 0.111328125
0 0.849609375 0.408203125 0.1015625 0.09375
0 0.984375 0.36328125 0.03125 0.05078125
0 0.029296875 0.3896484375 0.05859375 0.107421875
0 0.1357421875 0.3427734375 0.083984375 0.107421875
0 0.23046875 0.251953125 0.078125 0.05859375
0 0.9345703125 0.29296875 0.130859375 0.1484375
0 0.0361328125 0.2216796875 0.041015625 0.041015625
0 0.1005859375 0.1904296875 0.044921875 0.044921875
0 0.150390625 0.1767578125 0.05859375 0.041015625
0 0.01171875 0.1591796875 0.0234375 0.037109375
0 0.2001953125 0.16796875 0.037109375 0.05859375
0 0.0908203125 0.1513671875 0.041015625 0.033203125
0 0.978515625 0.1728515625 0.04296875 0.095703125
0 0.0546875 0.1474609375 0.03515625 0.056640625
0 0.232421875 0.1298828125 0.0234375 0.029296875
0 0.27734375 0.1328125 0.046875 0.0546875
0 0.1123046875 0.1123046875 0.068359375 0.041015625
0 0.1943359375 0.08984375 0.037109375 0.046875
0 0.232421875 0.07421875 0.0390625 0.04296875
0 0.353515625 0.072265625 0.05078125 0.07421875
0 0.271484375 0.0615234375 0.046875 0.052734375
0 0.4873046875 0.005859375 0.029296875 0.01171875
0 0.4111328125 0.0341796875 0.064453125 0.068359375
0 0.333984375 0.0107421875 0.04296875 0.021484375