0 0.185546875 0.87109375 0.078125 0.0546875
0 0.84765625 0.7890625 0.015625 0.015625
0 0.0205078125 0.5009765625 0.041015625 0.041015625
0 0.0576171875 0.4765625 0.021484375 0.0234375
0 0.0302734375 0.4716796875 0.021484375 0.021484375
0 0.0068359375 0.451171875 0.013671875 0.0234375
0 0.0478515625 0.4189453125 0.025390625 0.025390625
0 0.0791015625 0.404296875 0.037109375 0.0390625
0 0.1005859375 0.384765625 0.037109375 0.03125
0 0.1494140625 0.3681640625 0.029296875 0.025390625
0 0.16796875 0.3486328125 0.02734375 0.025390625
0 0.033203125 0.337890625 0.06640625 0.12109375
0 0.2158203125 0.1474609375 0.369140625 0.294921875