0 0.7421875 0.998046875 0.01171875 0.00390625
0 0.236328125 0.998046875 0.01953125 0.00390625
0 0.7255859375 0.99609375 0.017578125 0.0078125
0 0.5810546875 0.9951171875 0.033203125 0.009765625
0 0.521484375 0.9951171875 0.03125 0.009765625
0 0.859375 0.990234375 0.03125 0.01953125
0 0.77734375 0.986328125 0.0390625 0.02734375
0 0.751953125 0.9755859375 0.01953125 0.017578125
0 0.349609375 0.9833984375 0.04296875 0.033203125
0 0.6171875 0.9814453125 0.0234375 0.037109375
0 0.96484375 0.9794921875 0.0703125 0.041015625
0 0.994140625 0.9599609375 0.01171875 0.021484375
0 0.9296875 0.9638671875 0.04296875 0.044921875
0 0.6962890625 0.9697265625 0.044921875 0.060546875
0 0.720703125 0.9365234375 0.02734375 0.025390625
0 0.90625 0.9443359375 0.04296875 0.044921875
0 0.80078125 0.9521484375 0.07421875 0.068359375
0 0.9853515625 0.9345703125 0.029296875 0.044921875
0 0.4287109375 0.955078125 0.080078125 0.08984375
0 0.51953125 0.9423828125 0.05078125 0.072265625
0 0.9677734375 0.916015625 0.041015625 0.046875
0 0.75390625 0.9140625 0.05859375 0.0546875
0 0.865234375 0.9052734375 0.0390625 0.044921875
0 0.64453125 0.919921875 0.078125 0.078125
0 0.9453125 0.8984375 0.04296875 0.046875
0 0.30078125 0.931640625 0.12109375 0.13671875
0 0.8359375 0.87890625 0.05859375 0.05859375
0 0.6953125 0.861328125 0.0546875 0.05859375
0 0.603515625 0.8583984375 0.0703125 0.052734375
0 0.00390625 0.818359375 0.0078125 0.01171875
0 0.9892578125 0.8212890625 0.021484375 0.044921875
0 0.880859375 0.8427734375 0.09765625 0.099609375
0 0.78125 0.833984375 0.09375 0.0859375
0 0.6474609375 0.82421875 0.076171875 0.07421875
0 0.4345703125 0.84375 0.150390625 0.11328125
0 0.8369140625 0.798828125 0.041015625 0.04296875
0 0.8193359375 0.78515625 0.041015625 0.04296875
0 0.728515625 0.7880859375 0.05859375 0.056640625
0 0.701171875 0.7646484375 0.0390625 0.044921875
0 0.7890625 0.7587890625 0.0390625 0.044921875
0 0.98046875 0.748046875 0.03125 0.03125
0 0.681640625 0.7490234375 0.04296875 0.044921875
0 0.7548828125 0.73046875 0.072265625 0.0703125
0 0.7216796875 0.701171875 0.041015625 0.04296875
0 0.029296875 0.744140625 0.05859375 0.2421875
0 0.4619140625 0.5263671875 0.181640625 0.173828125
0 0.8154296875 0.59375 0.369140625 0.3671875
0 0.818359375 0.384765625 0.09765625 0.08984375
0 0.572265625 0.4189453125 0.21484375 0.220703125
0 0.6875 0.3447265625 0.11328125 0.119140625
0 0.3154296875 0.3740234375 0.158203125 0.177734375
0 0.5859375 0.28125 0.1171875 0.15625
0 0.912109375 0.3515625 0.17578125 0.4296875
0 0.7216796875 0.2021484375 0.216796875 0.216796875
0 0.4453125 0.1923828125 0.19140625 0.224609375
0 0.984375 0.09375 0.03125 0.0625
0 0.8125 0.1044921875 0.21875 0.201171875
0 0.90625 0.0244140625 0.1171875 0.048828125
0 0.59375 0.056640625 0.2265625 0.11328125
0 0.3369140625 0.1162109375 0.205078125 0.232421875