0 0.08984375 0.9794921875 0.08203125 0.041015625
0 0.44140625 0.9599609375 0.234375 0.080078125
0 0.0107421875 0.9345703125 0.021484375 0.041015625
0 0.75 0.9462890625 0.12890625 0.107421875
0 0.2646484375 0.935546875 0.103515625 0.12890625
0 0.55859375 0.904296875 0.11328125 0.109375
0 0.451171875 0.8740234375 0.1484375 0.162109375
0 0.673828125 0.7705078125 0.03515625 0.044921875
0 0.6015625 0.7919921875 0.125 0.095703125
0 0.865234375 0.841796875 0.26953125 0.23828125
0 0.4072265625 0.775390625 0.201171875 0.23828125
0 0.0078125 0.5810546875 0.015625 0.029296875
0 0.6787109375 0.6376953125 0.107421875 0.162109375
0 0.171875 0.763671875 0.34375 0.4296875
0 0.333984375 0.6123046875 0.19140625 0.189453125
0 0.0283203125 0.5390625 0.056640625 0.06640625
0 0.2197265625 0.4921875 0.115234375 0.109375
0 0.107421875 0.43359375 0.0625 0.0703125
0 0.5361328125 0.5009765625 0.166015625 0.208984375
0 0.03125 0.447265625 0.0625 0.11328125
0 0.3642578125 0.4033203125 0.099609375 0.126953125
0 0.9052734375 0.408203125 0.169921875 0.17578125
0 0.1669921875 0.357421875 0.072265625 0.08203125
0 0.8974609375 0.3310546875 0.041015625 0.041015625
0 0.021484375 0.341796875 0.04296875 0.0703125
0 0.9560546875 0.3173828125 0.087890625 0.072265625
0 0.3232421875 0.3466796875 0.150390625 0.146484375
0 0.455078125 0.3154296875 0.109375 0.134765625
0 0.2294921875 0.2763671875 0.072265625 0.083984375
0 0.0126953125 0.2490234375 0.025390625 0.048828125
0 0.0751953125 0.2646484375 0.083984375 0.091796875
0 0.912109375 0.224609375 0.12890625 0.09765625
0 0.1630859375 0.19921875 0.083984375 0.0546875
0 0.2705078125 0.19921875 0.087890625 0.078125
0 0.7626953125 0.2265625 0.134765625 0.15234375
0 0.1435546875 0.125 0.072265625 0.0546875
0 0.904296875 0.1240234375 0.0703125 0.068359375
0 0.0537109375 0.138671875 0.107421875 0.12890625
0 0.33984375 0.09765625 0.05859375 0.05859375
0 0.9638671875 0.09765625 0.072265625 0.08984375
0 0.2294921875 0.0673828125 0.158203125 0.115234375
0 0.6513671875 0.0244140625 0.041015625 0.044921875
0 0.853515625 0.0556640625 0.2734375 0.111328125
0 0.6064453125 0.0234375 0.037109375 0.046875