0 0.7421875 0.9970703125 0.0234375 0.005859375
0 0.64453125 0.9951171875 0.02734375 0.009765625
0 0.5146484375 0.9931640625 0.017578125 0.013671875
0 0.1875 0.9892578125 0.078125 0.021484375
0 0.828125 0.9873046875 0.03125 0.021484375
0 0.908203125 0.9853515625 0.0390625 0.029296875
0 0.4404296875 0.9775390625 0.021484375 0.013671875
0 0.57421875 0.9716796875 0.02734375 0.025390625
0 0.513671875 0.9697265625 0.0234375 0.029296875
0 0.7431640625 0.9560546875 0.021484375 0.025390625
0 0.966796875 0.958984375 0.03125 0.03515625
0 0.2822265625 0.95703125 0.068359375 0.04296875
0 0.658203125 0.9453125 0.01953125 0.0234375
0 0.423828125 0.9462890625 0.02734375 0.029296875
0 0.9150390625 0.9443359375 0.029296875 0.037109375
0 0.8486328125 0.935546875 0.025390625 0.03125
0 0.8154296875 0.935546875 0.025390625 0.03515625
0 0.7548828125 0.916015625 0.029296875 0.01953125
0 0.1015625 0.908203125 0.0625 0.046875
0 0.328125 0.9228515625 0.12890625 0.080078125
0 0.2265625 0.900390625 0.04296875 0.05859375
0 0.9755859375 0.8671875 0.033203125 0.02734375
0 0.0146484375 0.869140625 0.029296875 0.0390625
0 0.9267578125 0.8603515625 0.025390625 0.029296875
0 0.8818359375 0.85546875 0.029296875 0.03125
0 0.8408203125 0.8505859375 0.033203125 0.025390625
0 0.0498046875 0.84375 0.037109375 0.046875
0 0.7607421875 0.83203125 0.033203125 0.03515625
0 0.830078125 0.796875 0.02734375 0.02734375
0 0.763671875 0.7841796875 0.03125 0.021484375
0 0.1865234375 0.7939453125 0.060546875 0.044921875
0 0.4892578125 0.8134765625 0.244140625 0.142578125
0 0.9970703125 0.7353515625 0.005859375 0.013671875
0 0.7626953125 0.7421875 0.033203125 0.03125
0 0.9638671875 0.7373046875 0.037109375 0.029296875
0 0.888671875 0.7275390625 0.03125 0.041015625
0 0.9951171875 0.7119140625 0.009765625 0.017578125
0 0.8310546875 0.7197265625 0.025390625 0.037109375
0 0.931640625 0.7060546875 0.02734375 0.025390625
0 0.76171875 0.6953125 0.02734375 0.0234375
0 0.7646484375 0.6513671875 0.017578125 0.025390625
0 0.8779296875 0.6474609375 0.029296875 0.033203125
0 0.20703125 0.673828125 0.21484375 0.16015625
0 0.787109375 0.6025390625 0.02734375 0.025390625
0 0.5673828125 0.6533203125 0.130859375 0.142578125
0 0.9248046875 0.5947265625 0.033203125 0.029296875
0 0.9716796875 0.5927734375 0.029296875 0.041015625
0 0.8232421875 0.55859375 0.029296875 0.02734375
0 0.8642578125 0.546875 0.029296875 0.0234375
0 0.900390625 0.5390625 0.02734375 0.0234375
0 0.0341796875 0.5615234375 0.068359375 0.068359375
0 0.6181640625 0.5283203125 0.021484375 0.021484375
0 0.97265625 0.5185546875 0.0234375 0.029296875
0 0.994140625 0.5107421875 0.01171875 0.033203125
0 0.1630859375 0.541015625 0.146484375 0.140625
0 0.6953125 0.4814453125 0.01953125 0.029296875
0 0.7744140625 0.41796875 0.044921875 0.046875
0 0.0068359375 0.408203125 0.013671875 0.02734375
0 0.4951171875 0.4658203125 0.166015625 0.162109375
0 0.8095703125 0.3779296875 0.025390625 0.025390625
0 0.0048828125 0.361328125 0.009765625 0.03125
0 0.619140625 0.3759765625 0.0859375 0.064453125
0 0.84765625 0.34375 0.03515625 0.03515625
0 0.0751953125 0.36328125 0.041015625 0.09765625
0 0.8857421875 0.310546875 0.037109375 0.03125
0 0.22265625 0.328125 0.0859375 0.1015625
0 0.2978515625 0.291015625 0.041015625 0.03515625
0 0.71484375 0.318359375 0.078125 0.1015625
0 0.9169921875 0.2763671875 0.033203125 0.029296875
0 0.9951171875 0.2607421875 0.009765625 0.048828125
0 0.0419921875 0.24609375 0.060546875 0.05078125
0 0.853515625 0.23046875 0.0703125 0.06640625
0 0.26171875 0.1435546875 0.0390625 0.029296875
0 0.8486328125 0.13671875 0.025390625 0.0390625
0 0.931640625 0.126953125 0.04296875 0.03515625
0 0.8935546875 0.1181640625 0.025390625 0.044921875
0 0.138671875 0.11328125 0.07421875 0.109375
0 0.0458984375 0.00390625 0.044921875 0.0078125