0 0.7353515625 0.9970703125 0.009765625 0.005859375
0 0.46875 0.99609375 0.01953125 0.0078125
0 0.0029296875 0.99609375 0.005859375 0.0078125
0 0.861328125 0.990234375 0.03125 0.01953125
0 0.5224609375 0.990234375 0.029296875 0.01953125
0 0.369140625 0.9892578125 0.03515625 0.021484375
0 0.771484375 0.9833984375 0.05078125 0.033203125
0 0.98828125 0.978515625 0.0234375 0.02734375
0 0.88671875 0.9775390625 0.02734375 0.029296875
0 0.046875 0.97265625 0.03125 0.0234375
0 0.5634765625 0.974609375 0.033203125 0.03515625
0 0.3857421875 0.9697265625 0.037109375 0.029296875
0 0.5185546875 0.9658203125 0.025390625 0.025390625
0 0.453125 0.9755859375 0.05078125 0.048828125
0 0.0048828125 0.9521484375 0.009765625 0.013671875
0 0.923828125 0.951171875 0.03125 0.03125
0 0.7685546875 0.953125 0.033203125 0.03515625
0 0.0625 0.9423828125 0.0234375 0.021484375
0 0.8427734375 0.9453125 0.037109375 0.0390625
0 0.5849609375 0.9443359375 0.041015625 0.048828125
0 0.5107421875 0.9375 0.041015625 0.03515625
0 0.876953125 0.9189453125 0.02734375 0.029296875
0 0.08203125 0.916015625 0.0546875 0.03125
0 0.8974609375 0.9033203125 0.025390625 0.029296875
0 0.7099609375 0.9296875 0.103515625 0.09375
0 0.53515625 0.8974609375 0.03515625 0.041015625
0 0.919921875 0.88671875 0.02734375 0.02734375
0 0.9765625 0.9033203125 0.046875 0.064453125
0 0.03515625 0.888671875 0.03515625 0.046875
0 0.6279296875 0.880859375 0.041015625 0.03515625
0 0.08984375 0.87109375 0.0546875 0.02734375
0 0.5673828125 0.873046875 0.037109375 0.03515625
0 0.81640625 0.8740234375 0.0390625 0.041015625
0 0.9482421875 0.869140625 0.033203125 0.03515625
0 0.7998046875 0.853515625 0.029296875 0.02734375
0 0.966796875 0.8505859375 0.02734375 0.029296875
0 0.859375 0.84765625 0.02734375 0.03125
0 0.64453125 0.830078125 0.03125 0.03125
0 0.998046875 0.814453125 0.00390625 0.00390625
0 0.7890625 0.8251953125 0.02734375 0.029296875
0 0.0361328125 0.8251953125 0.025390625 0.029296875
0 0.880859375 0.826171875 0.03125 0.0390625
0 0.0615234375 0.822265625 0.021484375 0.03125
0 0.46484375 0.8349609375 0.08984375 0.068359375
0 0.58984375 0.8310546875 0.05859375 0.064453125
0 0.0185546875 0.802734375 0.017578125 0.015625
0 0.1064453125 0.806640625 0.033203125 0.02734375
0 0.916015625 0.8076171875 0.0390625 0.033203125
0 0.8330078125 0.79296875 0.021484375 0.01953125
0 0.7744140625 0.7958984375 0.029296875 0.029296875
0 0.619140625 0.796875 0.0390625 0.0390625
0 0.0419921875 0.7783203125 0.021484375 0.017578125
0 0.8994140625 0.779296875 0.029296875 0.02734375
0 0.81640625 0.7763671875 0.01953125 0.021484375
0 0.1494140625 0.77734375 0.029296875 0.0234375
0 0.091796875 0.7734375 0.01953125 0.015625
0 0.6357421875 0.7763671875 0.037109375 0.041015625
0 0.765625 0.76953125 0.03515625 0.03125
0 0.689453125 0.787109375 0.0546875 0.0703125
0 0.10546875 0.7568359375 0.0234375 0.021484375
0 0.96875 0.7568359375 0.02734375 0.033203125
0 0.8759765625 0.759765625 0.037109375 0.0390625
0 0.1650390625 0.75 0.025390625 0.0234375
0 0.279296875 0.77734375 0.09375 0.08203125
0 0.98828125 0.7470703125 0.0234375 0.029296875
0 0.4990234375 0.7685546875 0.068359375 0.076171875
0 0.81640625 0.740234375 0.02734375 0.02734375
0 0.7509765625 0.7421875 0.033203125 0.03125
0 0.8662109375 0.7392578125 0.033203125 0.033203125
0 0.666015625 0.7392578125 0.03125 0.033203125
0 0.1171875 0.7333984375 0.0234375 0.021484375
0 0.1826171875 0.7294921875 0.025390625 0.021484375
0 0.0029296875 0.70703125 0.005859375 0.0078125
0 0.943359375 0.712890625 0.02734375 0.02734375
0 0.1884765625 0.7119140625 0.033203125 0.025390625
0 0.7392578125 0.7138671875 0.033203125 0.033203125
0 0.4287109375 0.724609375 0.068359375 0.0546875
0 0.845703125 0.7119140625 0.03515625 0.033203125
0 0.197265625 0.6845703125 0.01953125 0.021484375
0 0.0517578125 0.701171875 0.072265625 0.0546875
0 0.826171875 0.685546875 0.03125 0.03125
0 0.3701171875 0.6943359375 0.044921875 0.048828125
0 0.009765625 0.6845703125 0.01953125 0.029296875
0 0.720703125 0.6806640625 0.0390625 0.037109375
0 0.916015625 0.6748046875 0.046875 0.052734375
0 0.1552734375 0.666015625 0.041015625 0.03515625
0 0.80859375 0.662109375 0.03125 0.03125
0 0.63671875 0.6650390625 0.03125 0.037109375
0 0.5263671875 0.689453125 0.060546875 0.08984375
0 0.9892578125 0.66015625 0.021484375 0.03515625
0 0.0888671875 0.6552734375 0.033203125 0.025390625
0 0.74609375 0.6513671875 0.0390625 0.037109375
0 0.8818359375 0.642578125 0.029296875 0.02734375
0 0.6083984375 0.6494140625 0.037109375 0.041015625
0 0.7890625 0.63671875 0.03125 0.03125
0 0.9814453125 0.638671875 0.037109375 0.0390625
0 0.1025390625 0.630859375 0.033203125 0.02734375
0 0.9228515625 0.6318359375 0.033203125 0.033203125
0 0.0048828125 0.6240234375 0.009765625 0.017578125
0 0.587890625 0.630859375 0.03125 0.03515625
0 0.0439453125 0.623046875 0.021484375 0.0234375
0 0.8671875 0.615234375 0.0234375 0.0234375
0 0.9638671875 0.62109375 0.041015625 0.0390625
0 0.068359375 0.61328125 0.0234375 0.0234375
0 0.1181640625 0.6044921875 0.041015625 0.037109375
0 0.4833984375 0.6474609375 0.107421875 0.130859375
0 0.9453125 0.5966796875 0.0390625 0.041015625
0 0.845703125 0.587890625 0.03125 0.02734375
0 0.92578125 0.57421875 0.03515625 0.03515625
0 0.9921875 0.560546875 0.015625 0.02734375
0 0.052734375 0.5732421875 0.09375 0.056640625
0 0.9072265625 0.5537109375 0.037109375 0.033203125
0 0.1513671875 0.552734375 0.037109375 0.03515625
0 0.2177734375 0.544921875 0.037109375 0.02734375
0 0.6982421875 0.5810546875 0.083984375 0.103515625
0 0.9833984375 0.53515625 0.033203125 0.03515625
0 0.451171875 0.5244140625 0.015625 0.013671875
0 0.88671875 0.533203125 0.03515625 0.03515625
0 0.81640625 0.548828125 0.05859375 0.06640625
0 0.470703125 0.5263671875 0.01171875 0.021484375
0 0.1162109375 0.5341796875 0.037109375 0.037109375
0 0.2353515625 0.560546875 0.111328125 0.1171875
0 0.9658203125 0.513671875 0.033203125 0.03125
0 0.0849609375 0.5185546875 0.037109375 0.041015625
0 0.8662109375 0.51171875 0.037109375 0.0390625
0 0.8017578125 0.5029296875 0.017578125 0.021484375
0 0.458984375 0.49609375 0.0234375 0.0234375
0 0.1650390625 0.51171875 0.060546875 0.0546875
0 0.0546875 0.5048828125 0.03515625 0.044921875
0 0.94921875 0.4990234375 0.03125 0.037109375
0 0.8154296875 0.490234375 0.021484375 0.0234375
0 0.8466796875 0.494140625 0.041015625 0.0390625
0 0.9833984375 0.4794921875 0.033203125 0.037109375
0 0.7431640625 0.4912109375 0.044921875 0.060546875
0 0.01171875 0.4775390625 0.0234375 0.037109375
0 0.9189453125 0.4638671875 0.037109375 0.033203125
0 0.078125 0.4619140625 0.03125 0.029296875
0 0.1962890625 0.4580078125 0.041015625 0.033203125
0 0.900390625 0.4462890625 0.0390625 0.033203125
0 0.599609375 0.5244140625 0.18359375 0.189453125
0 0.6923828125 0.458984375 0.072265625 0.0703125
0 0.208984375 0.4365234375 0.04296875 0.033203125
0 0.8818359375 0.4296875 0.037109375 0.03515625
0 0.6533203125 0.423828125 0.037109375 0.03515625
0 0.0400390625 0.4189453125 0.029296875 0.041015625
0 0.2119140625 0.40625 0.025390625 0.02734375
0 0.1796875 0.390625 0.0234375 0.01953125
0 0.8662109375 0.4033203125 0.052734375 0.052734375
0 0.1259765625 0.404296875 0.052734375 0.05859375
0 0.009765625 0.3935546875 0.01953125 0.037109375
0 0.3115234375 0.3828125 0.048828125 0.05078125
0 0.2353515625 0.361328125 0.044921875 0.046875
0 0.935546875 0.3662109375 0.12890625 0.111328125
0 0.0771484375 0.34375 0.056640625 0.06640625
0 0.0126953125 0.3203125 0.025390625 0.0390625
0 0.3349609375 0.3076171875 0.033203125 0.033203125
0 0.9814453125 0.3076171875 0.037109375 0.048828125
0 0.169921875 0.3271484375 0.078125 0.087890625
0 0.0029296875 0.283203125 0.005859375 0.01171875
0 0.3154296875 0.291015625 0.033203125 0.0390625
0 0.1142578125 0.2900390625 0.033203125 0.037109375
0 0.2998046875 0.275390625 0.033203125 0.03515625
0 0.9521484375 0.2744140625 0.044921875 0.041015625
0 0.2783203125 0.2607421875 0.029296875 0.033203125
0 0.130859375 0.26171875 0.03515625 0.04296875
0 0.029296875 0.2666015625 0.05859375 0.060546875
0 0.44140625 0.25 0.03125 0.03125
0 0.07421875 0.24609375 0.02734375 0.02734375
0 0.166015625 0.236328125 0.03125 0.03125
0 0.0078125 0.220703125 0.015625 0.02734375
0 0.056640625 0.2138671875 0.02734375 0.025390625
0 0.1484375 0.2080078125 0.03125 0.025390625
0 0.81640625 0.291015625 0.16796875 0.19921875
0 0.4638671875 0.2060546875 0.033203125 0.029296875
0 0.3369140625 0.2333984375 0.099609375 0.091796875
0 0.67578125 0.2021484375 0.04296875 0.048828125
0 0.3876953125 0.1982421875 0.048828125 0.048828125
0 0.2158203125 0.1953125 0.041015625 0.046875
0 0.431640625 0.1865234375 0.03515625 0.033203125
0 0.1259765625 0.1806640625 0.033203125 0.025390625
0 0.2548828125 0.171875 0.037109375 0.0390625
0 0.4921875 0.1689453125 0.0546875 0.064453125
0 0.9501953125 0.1533203125 0.041015625 0.041015625
0 0.9921875 0.1396484375 0.015625 0.025390625
0 0.37890625 0.1533203125 0.078125 0.068359375
0 0.181640625 0.1474609375 0.05859375 0.068359375
0 0.2470703125 0.1171875 0.041015625 0.0390625
0 0.1572265625 0.1064453125 0.037109375 0.029296875
0 0.78515625 0.1171875 0.06640625 0.0625
0 0.322265625 0.1171875 0.0703125 0.0625
0 0.529296875 0.1005859375 0.03125 0.037109375
0 0.232421875 0.0859375 0.03125 0.02734375
0 0.146484375 0.0849609375 0.03125 0.029296875
0 0.5048828125 0.0869140625 0.037109375 0.041015625
0 0.033203125 0.12890625 0.06640625 0.13671875
0 0.083984375 0.1044921875 0.08203125 0.099609375
0 0.2216796875 0.0654296875 0.025390625 0.025390625
0 0.48046875 0.064453125 0.02734375 0.02734375
0 0.1337890625 0.0615234375 0.037109375 0.037109375
0 0.2880859375 0.06640625 0.044921875 0.05078125
0 0.2109375 0.0478515625 0.02734375 0.021484375
0 0.4404296875 0.080078125 0.068359375 0.08984375
0 0.328125 0.0478515625 0.0234375 0.025390625
0 0.3642578125 0.0498046875 0.041015625 0.041015625
0 0.26953125 0.033203125 0.02734375 0.02734375
0 0.1962890625 0.025390625 0.033203125 0.02734375
0 0.02734375 0.0263671875 0.0390625 0.037109375
0 0.9765625 0.0107421875 0.046875 0.021484375
0 0.5283203125 0.0048828125 0.017578125 0.009765625
0 0.486328125 0.01171875 0.03515625 0.0234375
0 0.4150390625 0.0185546875 0.044921875 0.037109375
0 0.3388671875 0.015625 0.041015625 0.03125
0 0.2568359375 0.01171875 0.033203125 0.0234375
0 0.23828125 0.001953125 0.00390625 0.00390625
0 0.1826171875 0.0087890625 0.037109375 0.017578125
0 0.1123046875 0.0244140625 0.060546875 0.048828125