0 0.0029296875 0.92578125 0.005859375 0.0078125
0 0.013671875 0.8740234375 0.02734375 0.033203125
0 0.001953125 0.8515625 0.00390625 0.00390625
0 0.6806640625 0.919921875 0.220703125 0.16015625
0 0.04296875 0.8134765625 0.05078125 0.048828125
0 0.52734375 0.7900390625 0.03515625 0.029296875
0 0.8359375 0.80859375 0.1015625 0.0859375
0 0.154296875 0.8740234375 0.21484375 0.251953125
0 0.0107421875 0.759765625 0.021484375 0.04296875
0 0.6171875 0.7958984375 0.12109375 0.146484375
0 0.123046875 0.7880859375 0.16015625 0.216796875
0 0.97265625 0.7119140625 0.0546875 0.083984375
0 0.4619140625 0.7265625 0.134765625 0.12890625
0 0.7998046875 0.66015625 0.091796875 0.1015625
0 0.076171875 0.6376953125 0.0546875 0.068359375
0 0.19921875 0.595703125 0.01953125 0.01953125
0 0.8466796875 0.58984375 0.099609375 0.05859375
0 0.0224609375 0.6064453125 0.044921875 0.107421875
0 0.3017578125 0.6650390625 0.193359375 0.232421875
0 0.9306640625 0.5771484375 0.138671875 0.111328125
0 0.3037109375 0.5341796875 0.115234375 0.095703125
0 0.1416015625 0.5537109375 0.138671875 0.142578125
0 0.97265625 0.5146484375 0.0546875 0.103515625
0 0.7041015625 0.5537109375 0.314453125 0.240234375
0 0.0634765625 0.490234375 0.126953125 0.140625
0 0.0078125 0.4130859375 0.015625 0.025390625
0 0.4111328125 0.4462890625 0.162109375 0.166015625
0 0.046875 0.375 0.08203125 0.125
0 0.197265625 0.40625 0.234375 0.22265625
0 0.943359375 0.3603515625 0.11328125 0.138671875
0 0.0947265625 0.2978515625 0.056640625 0.056640625
0 0.0205078125 0.3046875 0.041015625 0.0703125
0 0.3037109375 0.30078125 0.099609375 0.1171875
0 0.5595703125 0.3349609375 0.298828125 0.232421875
0 0.271484375 0.26171875 0.078125 0.08984375
0 0.8876953125 0.2490234375 0.193359375 0.173828125
0 0.197265625 0.216796875 0.15625 0.15625
0 0.6533203125 0.1943359375 0.166015625 0.142578125
0 0.3671875 0.1328125 0.0859375 0.0859375
0 0.0751953125 0.1728515625 0.150390625 0.197265625
0 0.8056640625 0.1376953125 0.146484375 0.130859375
0 0.271484375 0.0927734375 0.09375 0.083984375
0 0.005859375 0.044921875 0.01171875 0.01953125
0 0.2236328125 0.0390625 0.025390625 0.02734375
0 0.0830078125 0.041015625 0.037109375 0.04296875
0 0.2001953125 0.0205078125 0.029296875 0.029296875
0 0.7109375 0.06640625 0.140625 0.12890625
0 0.9248046875 0.048828125 0.150390625 0.09765625
0 0.7939453125 0.013671875 0.052734375 0.02734375
0 0.546875 0.009765625 0.0390625 0.01953125
0 0.494140625 0.08984375 0.1875 0.1796875
0 0.345703125 0.02734375 0.08984375 0.0546875
0 0.2470703125 0.005859375 0.025390625 0.01171875
0 0.1513671875 0.0517578125 0.103515625 0.103515625
0 0.0458984375 0.01953125 0.041015625 0.0390625