0 0.4501953125 0.98828125 0.064453125 0.0234375
0 0.5478515625 0.9853515625 0.037109375 0.029296875
0 0.0732421875 0.974609375 0.080078125 0.05078125
0 0.4794921875 0.953125 0.076171875 0.046875
0 0.384765625 0.9560546875 0.0703125 0.087890625
0 0.470703125 0.9208984375 0.03515625 0.025390625
0 0.03125 0.896484375 0.03125 0.0234375
0 0.0078125 0.8896484375 0.015625 0.025390625
0 0.390625 0.8837890625 0.03515625 0.025390625
0 0.837890625 0.900390625 0.10546875 0.10546875
0 0.2041015625 0.9072265625 0.072265625 0.162109375
0 0.052734375 0.8564453125 0.10546875 0.134765625
0 0.3203125 0.8828125 0.1015625 0.1953125
0 0.1015625 0.767578125 0.015625 0.015625
0 0.2216796875 0.7841796875 0.099609375 0.056640625
0 0.0703125 0.7607421875 0.01953125 0.029296875
0 0.9814453125 0.8115234375 0.037109375 0.146484375
0 0.90234375 0.7412109375 0.0625 0.068359375
0 0.9697265625 0.6103515625 0.060546875 0.041015625
0 0.71875 0.6083984375 0.1015625 0.126953125
0 0.8388671875 0.548828125 0.052734375 0.02734375
0 0.236328125 0.474609375 0.03515625 0.0390625
0 0.5927734375 0.44921875 0.033203125 0.0234375
0 0.5341796875 0.5146484375 0.318359375 0.205078125
0 0.7138671875 0.4541015625 0.126953125 0.107421875
0 0.294921875 0.4033203125 0.06640625 0.052734375
0 0.916015625 0.3583984375 0.11328125 0.083984375
0 0.4560546875 0.365234375 0.189453125 0.1171875
0 0.73046875 0.3388671875 0.10546875 0.091796875
0 0.119140625 0.3701171875 0.1953125 0.169921875
0 0.01171875 0.302734375 0.0234375 0.046875
0 0.2373046875 0.2783203125 0.111328125 0.072265625
0 0.5634765625 0.2490234375 0.033203125 0.021484375
0 0.4677734375 0.2548828125 0.037109375 0.044921875
0 0.505859375 0.248046875 0.03125 0.04296875
0 0.626953125 0.23046875 0.04296875 0.02734375
0 0.13671875 0.2451171875 0.046875 0.064453125
0 0.3837890625 0.2587890625 0.123046875 0.095703125
0 0.576171875 0.21875 0.03125 0.0234375
0 0.2666015625 0.234375 0.103515625 0.08203125
0 0.9892578125 0.212890625 0.021484375 0.04296875
0 0.728515625 0.2109375 0.03515625 0.0390625
0 0.3701171875 0.220703125 0.060546875 0.0625
0 0.51953125 0.2021484375 0.03125 0.041015625
0 0.783203125 0.2158203125 0.078125 0.076171875
0 0.587890625 0.1865234375 0.03125 0.025390625
0 0.5244140625 0.171875 0.044921875 0.03125
0 0.884765625 0.16796875 0.04296875 0.03125
0 0.4091796875 0.173828125 0.068359375 0.04296875
0 0.193359375 0.173828125 0.05859375 0.046875
0 0.599609375 0.1591796875 0.03515625 0.029296875
0 0.7373046875 0.1455078125 0.029296875 0.033203125
0 0.44921875 0.150390625 0.046875 0.04296875
0 0.611328125 0.1318359375 0.03515625 0.021484375
0 0.072265625 0.1875 0.14453125 0.1484375
0 0.6904296875 0.1279296875 0.025390625 0.033203125
0 0.9072265625 0.1240234375 0.052734375 0.033203125
0 0.474609375 0.119140625 0.03125 0.0234375
0 0.3056640625 0.1513671875 0.080078125 0.091796875
0 0.6181640625 0.1162109375 0.037109375 0.025390625
0 0.53515625 0.11328125 0.0390625 0.03125
0 0.44140625 0.099609375 0.02734375 0.02734375
0 0.958984375 0.09375 0.02734375 0.02734375
0 0.8310546875 0.09375 0.041015625 0.03125
0 0.7880859375 0.09765625 0.025390625 0.0390625
0 0.6337890625 0.103515625 0.056640625 0.05078125
0 0.052734375 0.1025390625 0.078125 0.048828125
0 0.552734375 0.0830078125 0.0390625 0.029296875
0 0.916015625 0.078125 0.03125 0.02734375
0 0.232421875 0.0908203125 0.07421875 0.052734375
0 0.708984375 0.0732421875 0.03125 0.029296875
0 0.5185546875 0.0732421875 0.021484375 0.033203125
0 0.748046875 0.076171875 0.03515625 0.05078125
0 0.8408203125 0.0634765625 0.033203125 0.029296875
0 0.5625 0.0546875 0.0390625 0.02734375
0 0.0419921875 0.0595703125 0.060546875 0.044921875
0 0.1162109375 0.0703125 0.072265625 0.078125
0 0.9326171875 0.041015625 0.037109375 0.02734375
0 0.8076171875 0.03515625 0.017578125 0.015625
0 0.6416015625 0.0390625 0.033203125 0.02734375
0 0.5302734375 0.0341796875 0.017578125 0.017578125
0 0.46875 0.044921875 0.046875 0.0390625
0 0.7490234375 0.033203125 0.025390625 0.0234375
0 0.8505859375 0.0302734375 0.044921875 0.037109375
0 0.720703125 0.0234375 0.0234375 0.0234375
0 0.970703125 0.0322265625 0.05859375 0.064453125
0 0.8125 0.0126953125 0.01953125 0.025390625
0 0.775390625 0.0126953125 0.02734375 0.025390625
0 0.66796875 0.009765625 0.046875 0.01953125
0 0.57421875 0.013671875 0.046875 0.02734375
0 0.4794921875 0.0087890625 0.037109375 0.017578125
0 0.3232421875 0.0361328125 0.111328125 0.072265625
0 0.2255859375 0.0244140625 0.056640625 0.048828125
0 0.0380859375 0.015625 0.048828125 0.03125