0 0.4833984375 0.998046875 0.005859375 0.00390625
0 0.18359375 0.99609375 0.015625 0.0078125
0 0.0654296875 0.994140625 0.021484375 0.01171875
0 0.27734375 0.9912109375 0.03515625 0.017578125
0 0.421875 0.9873046875 0.02734375 0.025390625
0 0.5087890625 0.986328125 0.041015625 0.02734375
0 0.99609375 0.9794921875 0.0078125 0.017578125
0 0.0078125 0.9853515625 0.015625 0.029296875
0 0.2041015625 0.984375 0.033203125 0.03125
0 0.0849609375 0.98046875 0.037109375 0.03125
0 0.2939453125 0.974609375 0.037109375 0.03515625
0 0.884765625 0.9677734375 0.0390625 0.037109375
0 0.5205078125 0.9619140625 0.029296875 0.029296875
0 0.9453125 0.9609375 0.02734375 0.03125
0 0.4423828125 0.9619140625 0.033203125 0.033203125
0 0.7919921875 0.9609375 0.037109375 0.03515625
0 0.2197265625 0.9599609375 0.037109375 0.033203125
0 0.103515625 0.9560546875 0.03515625 0.033203125
0 0.0205078125 0.9521484375 0.033203125 0.029296875
0 0.3154296875 0.94921875 0.044921875 0.03125
0 0.908203125 0.943359375 0.0390625 0.03515625
0 0.4580078125 0.9384765625 0.025390625 0.025390625
0 0.53515625 0.9375 0.02734375 0.02734375
0 0.119140625 0.931640625 0.03515625 0.03515625
0 0.330078125 0.9248046875 0.03515625 0.033203125
0 0.91796875 0.9140625 0.01953125 0.015625
0 0.96875 0.9228515625 0.03125 0.037109375
0 0.9384765625 0.9208984375 0.021484375 0.033203125
0 0.8291015625 0.923828125 0.037109375 0.0390625
0 0.994140625 0.9287109375 0.01171875 0.052734375
0 0.24609375 0.91796875 0.03515625 0.0390625
0 0.048828125 0.9150390625 0.03515625 0.033203125
0 0.56640625 0.91796875 0.05078125 0.04296875
0 0.4697265625 0.91015625 0.037109375 0.03515625
0 0.1357421875 0.908203125 0.033203125 0.0390625
0 0.3544921875 0.8984375 0.033203125 0.03125
0 0.2001953125 0.8837890625 0.017578125 0.017578125
0 0.5732421875 0.8857421875 0.037109375 0.033203125
0 0.0712890625 0.8818359375 0.029296875 0.029296875
0 0.486328125 0.8828125 0.04296875 0.03515625
0 0.2724609375 0.8818359375 0.029296875 0.033203125
0 0.154296875 0.880859375 0.03515625 0.03515625
0 0.8779296875 0.869140625 0.029296875 0.03125
0 0.41015625 0.865234375 0.02734375 0.0234375
0 0.9921875 0.861328125 0.015625 0.0234375
0 0.5087890625 0.8603515625 0.029296875 0.033203125
0 0.9560546875 0.857421875 0.025390625 0.03125
0 0.001953125 0.8447265625 0.00390625 0.005859375
0 0.169921875 0.857421875 0.03515625 0.03515625
0 0.298828125 0.84765625 0.02734375 0.03125
0 0.095703125 0.845703125 0.02734375 0.03125
0 0.9169921875 0.8388671875 0.029296875 0.025390625
0 0.0341796875 0.8369140625 0.021484375 0.021484375
0 0.9765625 0.8212890625 0.0234375 0.017578125
0 0.3955078125 0.826171875 0.029296875 0.02734375
0 0.189453125 0.830078125 0.03515625 0.03515625
0 0.9970703125 0.8212890625 0.005859375 0.021484375
0 0.931640625 0.8203125 0.02734375 0.0234375
0 0.4599609375 0.8173828125 0.029296875 0.029296875
0 0.1181640625 0.818359375 0.037109375 0.03515625
0 0.0146484375 0.8115234375 0.029296875 0.033203125
0 0.20703125 0.8056640625 0.03515625 0.033203125
0 0.5458984375 0.8037109375 0.033203125 0.033203125
0 0.2939453125 0.7890625 0.021484375 0.01953125
0 0.4150390625 0.791015625 0.029296875 0.03125
0 0.134765625 0.7919921875 0.03515625 0.033203125
0 0.3388671875 0.7822265625 0.033203125 0.033203125
0 0.224609375 0.78125 0.03515625 0.03515625
0 0.0380859375 0.76953125 0.029296875 0.02734375
0 0.15234375 0.7666015625 0.0390625 0.037109375
0 0.98828125 0.759765625 0.0234375 0.04296875
0 0.2412109375 0.755859375 0.037109375 0.03515625
0 0.36328125 0.75 0.03125 0.03515625
0 0.5732421875 0.759765625 0.048828125 0.0625
0 0.169921875 0.7431640625 0.0390625 0.037109375
0 0.4501953125 0.7353515625 0.029296875 0.033203125
0 0.060546875 0.740234375 0.03515625 0.04296875
0 0.6845703125 0.7353515625 0.048828125 0.041015625
0 0.2626953125 0.72265625 0.037109375 0.03515625
0 0.0029296875 0.7099609375 0.005859375 0.009765625
0 0.5986328125 0.720703125 0.037109375 0.0390625
0 0.1875 0.7177734375 0.0390625 0.037109375
0 0.0830078125 0.712890625 0.033203125 0.03125
0 0.40234375 0.701171875 0.0390625 0.03125
0 0.162109375 0.69140625 0.0234375 0.01953125
0 0.4755859375 0.6962890625 0.029296875 0.033203125
0 0.7255859375 0.697265625 0.044921875 0.0390625
0 0.9052734375 0.69140625 0.033203125 0.03515625
0 0.6298828125 0.6904296875 0.033203125 0.033203125
0 0.287109375 0.69140625 0.03515625 0.03515625
0 0.1015625 0.6865234375 0.03125 0.029296875
0 0.20703125 0.6845703125 0.02734375 0.029296875
0 0.763671875 0.6689453125 0.03125 0.029296875
0 0.4208984375 0.6708984375 0.037109375 0.037109375
0 0.65234375 0.6611328125 0.0390625 0.033203125
0 0.130859375 0.66015625 0.03125 0.03125
0 0.0341796875 0.658203125 0.029296875 0.03125
0 0.3486328125 0.65625 0.033203125 0.03125
0 0.228515625 0.65234375 0.02734375 0.03125
0 0.685546875 0.638671875 0.02734375 0.02734375
0 0.0048828125 0.6337890625 0.009765625 0.017578125
0 0.439453125 0.6396484375 0.03515625 0.033203125
0 0.3203125 0.6357421875 0.03125 0.029296875
0 0.712890625 0.619140625 0.02734375 0.02734375
0 0.0615234375 0.623046875 0.033203125 0.03515625
0 0.185546875 0.6142578125 0.03515625 0.033203125
0 0.9384765625 0.609375 0.025390625 0.0390625
0 0.7421875 0.5986328125 0.03125 0.033203125
0 0.3466796875 0.5986328125 0.033203125 0.033203125
0 0.259765625 0.5908203125 0.0390625 0.033203125
0 0.154296875 0.587890625 0.0390625 0.03515625
0 0.7744140625 0.5869140625 0.029296875 0.037109375
0 0.9912109375 0.5869140625 0.017578125 0.064453125
0 0.3623046875 0.5712890625 0.033203125 0.033203125
0 0.2861328125 0.5712890625 0.037109375 0.037109375
0 0.1259765625 0.572265625 0.033203125 0.0390625
0 0.8251953125 0.564453125 0.033203125 0.04296875
0 0.1025390625 0.5517578125 0.033203125 0.033203125
0 0.3818359375 0.5478515625 0.033203125 0.029296875
0 0.8681640625 0.5498046875 0.037109375 0.037109375
0 0.9150390625 0.5380859375 0.033203125 0.025390625
0 0.3095703125 0.5390625 0.033203125 0.03515625
0 0.080078125 0.533203125 0.03125 0.03125
0 0.0078125 0.5302734375 0.015625 0.025390625
0 0.2080078125 0.541015625 0.064453125 0.06640625
0 0.052734375 0.51171875 0.03125 0.03515625
0 0.162109375 0.5068359375 0.03515625 0.037109375
0 0.3251953125 0.5078125 0.044921875 0.04296875
0 0.0283203125 0.4931640625 0.033203125 0.037109375
0 0.134765625 0.4853515625 0.0390625 0.037109375
0 0.9248046875 0.4736328125 0.033203125 0.041015625
0 0.1025390625 0.46484375 0.033203125 0.03125
0 0.8701171875 0.447265625 0.033203125 0.03515625
0 0.076171875 0.4404296875 0.03515625 0.033203125
0 0.845703125 0.4306640625 0.03515625 0.037109375
0 0.818359375 0.40234375 0.03515625 0.03125
0 0.109375 0.4033203125 0.03125 0.033203125
0 0.0224609375 0.3974609375 0.033203125 0.041015625
0 0.0029296875 0.380859375 0.005859375 0.0078125
0 0.1259765625 0.3818359375 0.033203125 0.029296875
0 0.916015625 0.3828125 0.03515625 0.03515625
0 0.8935546875 0.3623046875 0.029296875 0.029296875
0 0.1396484375 0.36328125 0.033203125 0.03125
0 0.048828125 0.3642578125 0.03515625 0.041015625
0 0.859375 0.3544921875 0.04296875 0.037109375
0 0.0634765625 0.3359375 0.033203125 0.03125
0 0.9931640625 0.3232421875 0.013671875 0.029296875
0 0.9775390625 0.29296875 0.033203125 0.03515625
0 0.1953125 0.2802734375 0.02734375 0.025390625
0 0.9560546875 0.2802734375 0.033203125 0.037109375
0 0.1083984375 0.2783203125 0.037109375 0.033203125
0 0.9375 0.2666015625 0.03125 0.037109375
0 0.2080078125 0.259765625 0.025390625 0.02734375
0 0.9140625 0.251953125 0.03515625 0.0390625
0 0.2275390625 0.2431640625 0.033203125 0.033203125
0 0.138671875 0.2392578125 0.03515625 0.033203125
0 0.23828125 0.2216796875 0.02734375 0.021484375
0 0.8759765625 0.2236328125 0.029296875 0.033203125
0 0.1552734375 0.21875 0.037109375 0.03125
0 0.1689453125 0.2001953125 0.037109375 0.033203125
0 0.9970703125 0.193359375 0.005859375 0.02734375
0 0.9453125 0.1728515625 0.03515625 0.044921875
0 0.9970703125 0.1552734375 0.005859375 0.033203125
0 0.9140625 0.150390625 0.03515625 0.0390625
0 0.9599609375 0.130859375 0.025390625 0.0234375
0 0.2109375 0.13671875 0.04296875 0.0390625
0 0.8876953125 0.1337890625 0.033203125 0.037109375
0 0.86328125 0.119140625 0.03515625 0.0390625
0 0.6455078125 0.1103515625 0.037109375 0.044921875
0 0.236328125 0.1005859375 0.04296875 0.041015625
0 0.83984375 0.09765625 0.03515625 0.0390625
0 0.8662109375 0.076171875 0.017578125 0.01953125
0 0.966796875 0.0830078125 0.03125 0.037109375
0 0.8134765625 0.0830078125 0.033203125 0.041015625
0 0.7900390625 0.068359375 0.033203125 0.0390625
0 0.2607421875 0.072265625 0.048828125 0.05078125
0 0.9443359375 0.0625 0.033203125 0.03515625
0 0.0107421875 0.0498046875 0.021484375 0.029296875
0 0.3720703125 0.0498046875 0.037109375 0.033203125
0 0.0341796875 0.041015625 0.017578125 0.015625
0 0.765625 0.0498046875 0.03515625 0.037109375
0 0.9169921875 0.046875 0.033203125 0.03515625
0 0.7978515625 0.03125 0.033203125 0.03125
0 0.890625 0.03125 0.03125 0.03515625
0 0.7421875 0.03125 0.0390625 0.0390625
0 0.9521484375 0.0048828125 0.017578125 0.009765625
0 0.8662109375 0.015625 0.033203125 0.03125
0 0.83984375 0.0078125 0.02734375 0.015625
0 0.716796875 0.017578125 0.03515625 0.03515625
0 0.689453125 0.009765625 0.03125 0.01953125
0 0.40234375 0.013671875 0.0390625 0.02734375
0 0.3212890625 0.015625 0.033203125 0.03125
0 0.2900390625 0.0048828125 0.017578125 0.009765625
0 0.056640625 0.0048828125 0.015625 0.009765625
0 0.0263671875 0.0107421875 0.037109375 0.021484375