0 0.767578125 0.998046875 0.0078125 0.00390625
0 0.68359375 0.998046875 0.00390625 0.00390625
0 0.609375 0.998046875 0.00390625 0.00390625
0 0.291015625 0.998046875 0.00390625 0.00390625
0 0.896484375 0.98828125 0.03515625 0.0234375
0 0.1484375 0.984375 0.0234375 0.0234375
0 0.6240234375 0.978515625 0.025390625 0.02734375
0 0.98828125 0.98046875 0.0234375 0.0390625
0 0.7412109375 0.9755859375 0.029296875 0.033203125
0 0.810546875 0.9697265625 0.0234375 0.025390625
0 0.345703125 0.9765625 0.05078125 0.04296875
0 0.2353515625 0.966796875 0.033203125 0.03125
0 0.6357421875 0.9541015625 0.033203125 0.025390625
0 0.091796875 0.94140625 0.04296875 0.02734375
0 0.955078125 0.9404296875 0.03125 0.029296875
0 0.7158203125 0.943359375 0.029296875 0.03515625
0 0.31640625 0.935546875 0.02734375 0.03125
0 0.4619140625 0.9287109375 0.025390625 0.029296875
0 0.52734375 0.93359375 0.03125 0.05078125
0 0.203125 0.92578125 0.03515625 0.03515625
0 0.8486328125 0.9228515625 0.033203125 0.033203125
0 0.693359375 0.9169921875 0.03125 0.029296875
0 0.4140625 0.908203125 0.03515625 0.03515625
0 0.9814453125 0.8984375 0.033203125 0.02734375
0 0.28125 0.8876953125 0.03125 0.033203125
0 0.662109375 0.8798828125 0.03125 0.029296875
0 0.80859375 0.8828125 0.03515625 0.04296875
0 0.8984375 0.8623046875 0.03125 0.041015625
0 0.1474609375 0.8583984375 0.052734375 0.037109375
0 0.7822265625 0.8427734375 0.033203125 0.033203125
0 0.6689453125 0.8447265625 0.029296875 0.037109375
0 0.5625 0.84765625 0.03125 0.05078125
0 0.2392578125 0.8408203125 0.037109375 0.037109375
0 0.9345703125 0.8388671875 0.033203125 0.037109375
0 0.8642578125 0.826171875 0.025390625 0.02734375
0 0.7548828125 0.8134765625 0.029296875 0.033203125
0 0.7353515625 0.8017578125 0.017578125 0.017578125
0 0.9736328125 0.8017578125 0.021484375 0.025390625
0 0.208984375 0.8125 0.0390625 0.046875
0 0.6865234375 0.80078125 0.025390625 0.03125
0 0.8359375 0.791015625 0.02734375 0.0234375
0 0.591796875 0.7744140625 0.03515625 0.041015625
0 0.9345703125 0.759765625 0.029296875 0.03515625
0 0.7177734375 0.763671875 0.037109375 0.04296875
0 0.1572265625 0.755859375 0.029296875 0.03515625
0 0.05078125 0.75390625 0.03125 0.03515625
0 0.4521484375 0.74609375 0.025390625 0.02734375
0 0.8056640625 0.74609375 0.033203125 0.04296875
0 0.01953125 0.73828125 0.0234375 0.02734375
0 0.77734375 0.716796875 0.03125 0.03515625
0 0.61328125 0.71875 0.02734375 0.0390625
0 0.900390625 0.712890625 0.0234375 0.03125
0 0.416015625 0.7060546875 0.0390625 0.041015625
0 0.9794921875 0.6953125 0.033203125 0.03125
0 0.8662109375 0.671875 0.025390625 0.02734375
0 0.9951171875 0.658203125 0.009765625 0.01953125
0 0.74609375 0.671875 0.04296875 0.0546875
0 0.0400390625 0.6533203125 0.048828125 0.021484375
0 0.634765625 0.662109375 0.03125 0.046875
0 0.943359375 0.65234375 0.0234375 0.03125
0 0.3515625 0.6572265625 0.04296875 0.041015625
0 0.7734375 0.6328125 0.03125 0.02734375
0 0.82421875 0.6181640625 0.02734375 0.033203125
0 0.9599609375 0.607421875 0.029296875 0.0234375
0 0.8955078125 0.59765625 0.033203125 0.0390625
0 0.2275390625 0.599609375 0.052734375 0.0703125
0 0.7880859375 0.572265625 0.029296875 0.03515625
0 0.85546875 0.5478515625 0.03125 0.033203125
0 0.912109375 0.5478515625 0.03515625 0.041015625
0 0.0654296875 0.548828125 0.033203125 0.05859375
0 0.283203125 0.53515625 0.03515625 0.0546875
0 0.9677734375 0.501953125 0.025390625 0.02734375
0 0.8134765625 0.5 0.025390625 0.02734375
0 0.685546875 0.5048828125 0.02734375 0.044921875
0 0.8740234375 0.4990234375 0.029296875 0.041015625
0 0.9326171875 0.4541015625 0.029296875 0.025390625
0 0.83203125 0.447265625 0.03515625 0.0390625
0 0.09375 0.4443359375 0.05078125 0.052734375
0 0.7099609375 0.4287109375 0.033203125 0.048828125
0 0.900390625 0.412109375 0.0390625 0.03515625
0 0.6572265625 0.3955078125 0.048828125 0.044921875
0 0.9736328125 0.4091796875 0.052734375 0.087890625
0 0.86328125 0.369140625 0.03125 0.02734375
0 0.583984375 0.36328125 0.046875 0.03515625
0 0.9384765625 0.3525390625 0.029296875 0.025390625
0 0.212890625 0.3662109375 0.02734375 0.056640625
0 0.8994140625 0.337890625 0.044921875 0.02734375
0 0.5009765625 0.333984375 0.052734375 0.03515625
0 0.763671875 0.318359375 0.0390625 0.01953125
0 0.009765625 0.326171875 0.01953125 0.04296875
0 0.4287109375 0.3017578125 0.044921875 0.033203125
0 0.701171875 0.298828125 0.0390625 0.0390625
0 0.95703125 0.2802734375 0.04296875 0.033203125
0 0.623046875 0.279296875 0.0546875 0.03125
0 0.1982421875 0.2802734375 0.029296875 0.044921875
0 0.3388671875 0.2734375 0.060546875 0.03515625
0 0.900390625 0.265625 0.0390625 0.0234375
0 0.9794921875 0.251953125 0.021484375 0.0234375
0 0.5390625 0.240234375 0.0390625 0.03125
0 0.982421875 0.228515625 0.01953125 0.01953125
0 0.4482421875 0.2158203125 0.052734375 0.029296875
0 0.9892578125 0.201171875 0.021484375 0.01953125
0 0.9189453125 0.2138671875 0.048828125 0.052734375
0 0.802734375 0.1953125 0.03515625 0.02734375
0 0.93359375 0.177734375 0.0390625 0.02734375
0 0.3681640625 0.1796875 0.041015625 0.0390625
0 0.1953125 0.1611328125 0.01953125 0.041015625
0 0.0546875 0.1611328125 0.03125 0.041015625
0 0.833984375 0.1318359375 0.03125 0.041015625
0 0.9951171875 0.115234375 0.009765625 0.015625
0 0.9521484375 0.119140625 0.029296875 0.0234375
0 0.9697265625 0.076171875 0.033203125 0.03125
0 0.853515625 0.0791015625 0.02734375 0.037109375
0 0.1923828125 0.083984375 0.025390625 0.046875
0 0.9833984375 0.0478515625 0.029296875 0.029296875
0 0.052734375 0.056640625 0.03515625 0.05078125
0 0.8720703125 0.01953125 0.033203125 0.03125
0 0.98828125 0.015625 0.0234375 0.03125
0 0.298828125 0.0107421875 0.02734375 0.021484375