0 0.38671875 0.9970703125 0.01171875 0.005859375
0 0.974609375 0.9921875 0.02734375 0.015625
0 0.130859375 0.9921875 0.03125 0.015625
0 0.8330078125 0.9892578125 0.048828125 0.021484375
0 0.9482421875 0.98828125 0.029296875 0.0234375
0 0.7607421875 0.98828125 0.041015625 0.0234375
0 0.083984375 0.9853515625 0.05078125 0.029296875
0 0.798828125 0.9833984375 0.03125 0.033203125
0 0.4970703125 0.982421875 0.044921875 0.03515625
0 0.90234375 0.970703125 0.03515625 0.03515625
0 0.427734375 0.9619140625 0.02734375 0.025390625
0 0.7626953125 0.9619140625 0.041015625 0.033203125
0 0.025390625 0.962890625 0.03125 0.03515625
0 0.4072265625 0.9521484375 0.029296875 0.029296875
0 0.166015625 0.966796875 0.0546875 0.05859375
0 0.9951171875 0.94140625 0.009765625 0.01953125
0 0.384765625 0.9404296875 0.02734375 0.029296875
0 0.7646484375 0.9365234375 0.041015625 0.033203125
0 0.84765625 0.9443359375 0.0625 0.052734375
0 0.1162109375 0.94140625 0.037109375 0.0625
0 0.525390625 0.94140625 0.05859375 0.06640625
0 0.3466796875 0.9228515625 0.029296875 0.029296875
0 0.9833984375 0.9228515625 0.033203125 0.041015625
0 0.19921875 0.9228515625 0.04296875 0.041015625
0 0.671875 0.94921875 0.08203125 0.1015625
0 0.806640625 0.9140625 0.03515625 0.0390625
0 0.416015625 0.9072265625 0.02734375 0.025390625
0 0.3017578125 0.904296875 0.029296875 0.03515625
0 0.328125 0.9072265625 0.03515625 0.044921875
0 0.4287109375 0.888671875 0.029296875 0.0234375
0 0.2822265625 0.8935546875 0.029296875 0.033203125
0 0.1533203125 0.8955078125 0.064453125 0.048828125
0 0.4814453125 0.908203125 0.068359375 0.08203125
0 0.9248046875 0.888671875 0.064453125 0.05078125
0 0.58984375 0.9306640625 0.13671875 0.138671875
0 0.44140625 0.8701171875 0.02734375 0.025390625
0 0.572265625 0.8701171875 0.03515625 0.029296875
0 0.9931640625 0.865234375 0.013671875 0.03125
0 0.8701171875 0.8603515625 0.037109375 0.033203125
0 0.4521484375 0.8515625 0.025390625 0.0234375
0 0.3701171875 0.8701171875 0.056640625 0.060546875
0 0.9794921875 0.849609375 0.033203125 0.04296875
0 0.05859375 0.8828125 0.0703125 0.109375
0 0.59375 0.8369140625 0.03125 0.029296875
0 0.669921875 0.8505859375 0.0546875 0.060546875
0 0.39453125 0.8349609375 0.03125 0.029296875
0 0.326171875 0.8427734375 0.046875 0.048828125
0 0.958984375 0.8388671875 0.03515625 0.044921875
0 0.5205078125 0.84765625 0.056640625 0.06640625
0 0.935546875 0.8291015625 0.03515625 0.041015625
0 0.625 0.818359375 0.0625 0.05078125
0 0.4091796875 0.806640625 0.041015625 0.046875
0 0.4326171875 0.787109375 0.021484375 0.0234375
0 0.8798828125 0.783203125 0.033203125 0.02734375
0 0.994140625 0.77734375 0.01171875 0.0234375
0 0.5166015625 0.7802734375 0.056640625 0.044921875
0 0.716796875 0.7841796875 0.05859375 0.064453125
0 0.185546875 0.7939453125 0.0859375 0.103515625
0 0.6591796875 0.767578125 0.064453125 0.0546875
0 0.3662109375 0.779296875 0.068359375 0.078125
0 0.98046875 0.7587890625 0.03125 0.041015625
0 0.8232421875 0.7939453125 0.091796875 0.119140625
0 0.955078125 0.74609375 0.03125 0.04296875
0 0.9130859375 0.734375 0.029296875 0.02734375
0 0.11328125 0.736328125 0.03125 0.03125
0 0.263671875 0.8046875 0.1484375 0.17578125
0 0.9443359375 0.7099609375 0.025390625 0.025390625
0 0.6865234375 0.7109375 0.037109375 0.03125
0 0.43359375 0.7294921875 0.08203125 0.068359375
0 0.134765625 0.7021484375 0.03515625 0.021484375
0 0.34765625 0.7021484375 0.03515625 0.029296875
0 0.302734375 0.6904296875 0.03125 0.033203125
0 0.24609375 0.6796875 0.0234375 0.0234375
0 0.634765625 0.68359375 0.0390625 0.0390625
0 0.5146484375 0.6650390625 0.017578125 0.021484375
0 0.4736328125 0.6728515625 0.048828125 0.041015625
0 0.1435546875 0.6640625 0.037109375 0.0234375
0 0.9697265625 0.6767578125 0.060546875 0.068359375
0 0.146484375 0.6416015625 0.02734375 0.021484375
0 0.3193359375 0.638671875 0.025390625 0.0234375
0 0.185546875 0.6484375 0.03515625 0.04296875
0 0.587890625 0.6728515625 0.078125 0.103515625
0 0.6572265625 0.646484375 0.048828125 0.0546875
0 0.5234375 0.6357421875 0.0390625 0.033203125
0 0.923828125 0.6533203125 0.06640625 0.076171875
0 0.9931640625 0.609375 0.013671875 0.02734375
0 0.484375 0.6025390625 0.05078125 0.056640625
0 0.197265625 0.5908203125 0.02734375 0.033203125
0 0.6181640625 0.595703125 0.052734375 0.046875
0 0.5380859375 0.5810546875 0.017578125 0.021484375
0 0.3798828125 0.6015625 0.095703125 0.06640625
0 0.1650390625 0.58203125 0.044921875 0.0390625
0 0.564453125 0.56640625 0.03515625 0.03125
0 0.2744140625 0.5615234375 0.017578125 0.021484375
0 0.5185546875 0.546875 0.041015625 0.0390625
0 0.30859375 0.5390625 0.03125 0.0234375
0 0.1767578125 0.5439453125 0.041015625 0.041015625
0 0.77734375 0.6171875 0.19140625 0.19140625
0 0.6787109375 0.5732421875 0.103515625 0.103515625
0 0.244140625 0.5244140625 0.0234375 0.017578125
0 0.3173828125 0.51953125 0.029296875 0.0234375
0 0.5986328125 0.5224609375 0.041015625 0.037109375
0 0.4697265625 0.517578125 0.033203125 0.02734375
0 0.2548828125 0.5107421875 0.029296875 0.017578125
0 0.451171875 0.5263671875 0.04296875 0.056640625
0 0.1865234375 0.5087890625 0.029296875 0.025390625
0 0.7509765625 0.517578125 0.044921875 0.046875
0 0.9599609375 0.548828125 0.080078125 0.125
0 0.220703125 0.49609375 0.015625 0.01953125
0 0.8701171875 0.51953125 0.126953125 0.08203125
0 0.685546875 0.49609375 0.02734375 0.03515625
0 0.5498046875 0.5 0.044921875 0.04296875
0 0.6572265625 0.482421875 0.025390625 0.03125
0 0.9296875 0.482421875 0.04296875 0.04296875
0 0.8408203125 0.474609375 0.037109375 0.03125
0 0.734375 0.48046875 0.0390625 0.04296875
0 0.201171875 0.48046875 0.04296875 0.046875
0 0.6279296875 0.4677734375 0.029296875 0.037109375
0 0.4951171875 0.466796875 0.041015625 0.03515625
0 0.2080078125 0.4501953125 0.033203125 0.025390625
0 0.5791015625 0.447265625 0.029296875 0.03515625
0 0.7822265625 0.439453125 0.037109375 0.03515625
0 0.865234375 0.4453125 0.05078125 0.05078125
0 0.2177734375 0.4287109375 0.037109375 0.029296875
0 0.6201171875 0.43359375 0.064453125 0.0859375
0 0.8115234375 0.404296875 0.029296875 0.03515625
0 0.8896484375 0.41015625 0.048828125 0.05078125
0 0.9658203125 0.4228515625 0.068359375 0.087890625
0 0.75390625 0.39453125 0.04296875 0.03515625
0 0.2255859375 0.384765625 0.029296875 0.01953125
0 0.8330078125 0.3828125 0.029296875 0.02734375
0 0.9130859375 0.3759765625 0.037109375 0.033203125
0 0.6767578125 0.400390625 0.068359375 0.0859375
0 0.810546875 0.3623046875 0.04296875 0.037109375
0 0.7294921875 0.357421875 0.033203125 0.03125
0 0.796875 0.3408203125 0.04296875 0.037109375
0 0.8662109375 0.337890625 0.033203125 0.03515625
0 0.7177734375 0.3359375 0.037109375 0.03515625
0 0.783203125 0.3212890625 0.04296875 0.037109375
0 0.7041015625 0.314453125 0.037109375 0.03515625
0 0.9541015625 0.3310546875 0.091796875 0.103515625
0 0.6904296875 0.2939453125 0.037109375 0.033203125
0 0.25 0.306640625 0.04296875 0.0625
0 0.763671875 0.291015625 0.0546875 0.0546875
0 0.67578125 0.2744140625 0.0390625 0.033203125
0 0.5458984375 0.3505859375 0.228515625 0.189453125
0 0.888671875 0.2880859375 0.10546875 0.087890625
0 0.7451171875 0.2626953125 0.044921875 0.037109375
0 0.3740234375 0.3681640625 0.162109375 0.251953125
0 0.6630859375 0.251953125 0.041015625 0.03515625
0 0.8193359375 0.244140625 0.044921875 0.03515625
0 0.732421875 0.2421875 0.04296875 0.0390625
0 0.6484375 0.2314453125 0.0390625 0.033203125
0 0.888671875 0.2451171875 0.0703125 0.064453125
0 0.8046875 0.22265625 0.04296875 0.03125
0 0.4150390625 0.220703125 0.033203125 0.02734375
0 0.7197265625 0.2216796875 0.041015625 0.037109375
0 0.5146484375 0.236328125 0.060546875 0.0703125
0 0.9814453125 0.2314453125 0.037109375 0.072265625
0 0.79296875 0.201171875 0.04296875 0.03125
0 0.70703125 0.203125 0.04296875 0.03515625
0 0.1845703125 0.19921875 0.017578125 0.02734375
0 0.552734375 0.197265625 0.0390625 0.03515625
0 0.2177734375 0.21484375 0.056640625 0.0859375
0 0.966796875 0.1875 0.05078125 0.046875
0 0.6943359375 0.18359375 0.041015625 0.0390625
0 0.4326171875 0.18359375 0.037109375 0.0390625
0 0.35546875 0.2080078125 0.07421875 0.087890625
0 0.76953125 0.171875 0.04296875 0.0390625
0 0.474609375 0.169921875 0.0390625 0.046875
0 0.9462890625 0.1572265625 0.048828125 0.044921875
0 0.6171875 0.171875 0.05859375 0.07421875
0 0.8056640625 0.1435546875 0.025390625 0.025390625
0 0.5263671875 0.1513671875 0.044921875 0.048828125
0 0.8603515625 0.1748046875 0.076171875 0.099609375
0 0.6708984375 0.142578125 0.044921875 0.03515625
0 0.9267578125 0.1337890625 0.041015625 0.033203125
0 0.271484375 0.14453125 0.03515625 0.0546875
0 0.40234375 0.138671875 0.04296875 0.05078125
0 0.33203125 0.1689453125 0.09765625 0.115234375
0 0.7470703125 0.125 0.041015625 0.03125
0 0.0087890625 0.12109375 0.017578125 0.02734375
0 0.7880859375 0.1162109375 0.021484375 0.021484375
0 0.6572265625 0.1220703125 0.044921875 0.037109375
0 0.9150390625 0.1162109375 0.041015625 0.033203125
0 0.443359375 0.1064453125 0.02734375 0.021484375
0 0.4990234375 0.1044921875 0.029296875 0.025390625
0 0.31640625 0.099609375 0.01953125 0.01953125
0 0.7333984375 0.1044921875 0.041015625 0.033203125
0 0.822265625 0.1025390625 0.0390625 0.033203125
0 0.9111328125 0.08984375 0.033203125 0.03515625
0 0.4375 0.083984375 0.03125 0.02734375
0 0.5947265625 0.1015625 0.068359375 0.07421875
0 0.55859375 0.0791015625 0.03515625 0.033203125
0 0.7158203125 0.080078125 0.037109375 0.0390625
0 0.978515625 0.0810546875 0.04296875 0.052734375
0 0.74609375 0.0654296875 0.0234375 0.021484375
0 0.3193359375 0.0712890625 0.037109375 0.033203125
0 0.427734375 0.064453125 0.03125 0.0234375
0 0.017578125 0.0673828125 0.03515625 0.029296875
0 0.6328125 0.0693359375 0.03515625 0.037109375
0 0.9638671875 0.05078125 0.037109375 0.0234375
0 0.4833984375 0.0634765625 0.037109375 0.048828125
0 0.8916015625 0.05859375 0.044921875 0.04296875
0 0.658203125 0.0517578125 0.03515625 0.037109375
0 0.6826171875 0.0400390625 0.025390625 0.029296875
0 0.7958984375 0.0390625 0.033203125 0.0390625
0 0.552734375 0.0458984375 0.05859375 0.056640625
0 0.029296875 0.029296875 0.03515625 0.0234375
0 0.4716796875 0.0224609375 0.029296875 0.025390625
0 0.34375 0.0341796875 0.0546875 0.052734375
0 0.9443359375 0.0234375 0.041015625 0.0390625
0 0.8642578125 0.0087890625 0.029296875 0.017578125
0 0.76953125 0.0029296875 0.0078125 0.005859375
0 0.7548828125 0.001953125 0.005859375 0.00390625
0 0.7353515625 0.0107421875 0.025390625 0.021484375
0 0.705078125 0.0185546875 0.03125 0.037109375
0 0.5986328125 0.017578125 0.044921875 0.03515625
0 0.5322265625 0.013671875 0.029296875 0.02734375
0 0.5166015625 0.0048828125 0.017578125 0.009765625
0 0.46875 0.0068359375 0.0234375 0.013671875
0 0.4326171875 0.0146484375 0.037109375 0.029296875
0 0.3740234375 0.005859375 0.021484375 0.01171875
0 0.001953125 0.00390625 0.00390625 0.0078125