0 0.001953125 0.998046875 0.00390625 0.00390625
0 0.28125 0.9970703125 0.01171875 0.005859375
0 0.3701171875 0.9951171875 0.017578125 0.009765625
0 0.9814453125 0.98046875 0.037109375 0.0390625
0 0.3310546875 0.978515625 0.076171875 0.04296875
0 0.060546875 0.978515625 0.04296875 0.04296875
0 0.44140625 0.9775390625 0.04296875 0.044921875
0 0.6455078125 0.9755859375 0.044921875 0.048828125
0 0.0283203125 0.966796875 0.041015625 0.04296875
0 0.015625 0.9501953125 0.03125 0.044921875
0 0.400390625 0.953125 0.0625 0.0625
0 0.80859375 0.9560546875 0.0859375 0.087890625
0 0.0068359375 0.92578125 0.013671875 0.02734375
0 0.998046875 0.9140625 0.00390625 0.0078125
0 0.9560546875 0.92578125 0.072265625 0.1015625
0 0.560546875 0.9248046875 0.15234375 0.150390625
0 0.0673828125 0.876953125 0.056640625 0.0546875
0 0.6416015625 0.8427734375 0.037109375 0.064453125
0 0.990234375 0.8251953125 0.01953125 0.033203125
0 0.421875 0.8125 0.03515625 0.02734375
0 0.8193359375 0.8564453125 0.173828125 0.138671875
0 0.72265625 0.814453125 0.09765625 0.12109375
0 0.3515625 0.802734375 0.11328125 0.1171875
0 0.8974609375 0.7802734375 0.087890625 0.087890625
0 0.259765625 0.6884765625 0.109375 0.083984375
0 0.98828125 0.642578125 0.0234375 0.02734375
0 0.15234375 0.78515625 0.3046875 0.32421875
0 0.5771484375 0.716796875 0.326171875 0.19921875
0 0.8115234375 0.6416015625 0.115234375 0.099609375
0 0.71484375 0.6015625 0.125 0.11328125
0 0.0048828125 0.544921875 0.009765625 0.015625
0 0.0439453125 0.5703125 0.083984375 0.07421875
0 0.603515625 0.6123046875 0.11328125 0.193359375
0 0.4599609375 0.58203125 0.244140625 0.28515625
0 0.7724609375 0.4140625 0.193359375 0.18359375
0 0.2158203125 0.484375 0.271484375 0.32421875
0 0.919921875 0.4423828125 0.16015625 0.322265625
0 0.5908203125 0.365234375 0.208984375 0.20703125
0 0.1123046875 0.3427734375 0.224609375 0.330078125
0 0.2978515625 0.21875 0.310546875 0.234375
0 0.978515625 0.0849609375 0.04296875 0.103515625
0 0.7314453125 0.173828125 0.326171875 0.2890625
0 0.765625 0.0224609375 0.078125 0.044921875
0 0.423828125 0.1044921875 0.2578125 0.208984375
0 0.2236328125 0.015625 0.044921875 0.03125
0 0.0732421875 0.0966796875 0.146484375 0.193359375