0 0.970703125 0.998046875 0.0078125 0.00390625
0 0.001953125 0.998046875 0.00390625 0.00390625
0 0.5849609375 0.99609375 0.017578125 0.0078125
0 0.419921875 0.9931640625 0.03125 0.013671875
0 0.11328125 0.9931640625 0.03125 0.013671875
0 0.337890625 0.9873046875 0.04296875 0.025390625
0 0.0087890625 0.986328125 0.017578125 0.0234375
0 0.529296875 0.9853515625 0.0390625 0.029296875
0 0.435546875 0.98046875 0.046875 0.02734375
0 0.0693359375 0.9833984375 0.056640625 0.033203125
0 0.30078125 0.9794921875 0.03125 0.029296875
0 0.6240234375 0.9814453125 0.029296875 0.037109375
0 0.951171875 0.96875 0.03125 0.03515625
0 0.6015625 0.9716796875 0.03125 0.041015625
0 0.5478515625 0.958984375 0.033203125 0.0234375
0 0.01171875 0.9599609375 0.0234375 0.025390625
0 0.2373046875 0.97265625 0.072265625 0.0546875
0 0.9794921875 0.9619140625 0.025390625 0.044921875
0 0.4521484375 0.9521484375 0.041015625 0.037109375
0 0.62890625 0.9443359375 0.04296875 0.033203125
0 0.55859375 0.935546875 0.03125 0.0234375
0 0.115234375 0.9365234375 0.02734375 0.029296875
0 0.076171875 0.93359375 0.03125 0.02734375
0 0.263671875 0.93359375 0.0546875 0.05078125
0 0.1572265625 0.9453125 0.064453125 0.07421875
0 0.638671875 0.919921875 0.04296875 0.03515625
0 0.470703125 0.919921875 0.0390625 0.03515625
0 0.5107421875 0.9150390625 0.029296875 0.029296875
0 0.5703125 0.9150390625 0.0390625 0.033203125
0 0.341796875 0.939453125 0.05859375 0.0859375
0 0.1923828125 0.9189453125 0.041015625 0.052734375
0 0.0244140625 0.900390625 0.037109375 0.02734375
0 0.388671875 0.89453125 0.04296875 0.03125
0 0.28125 0.8935546875 0.03515625 0.033203125
0 0.1640625 0.884765625 0.01953125 0.01953125
0 0.140625 0.8876953125 0.02734375 0.033203125
0 0.0400390625 0.8828125 0.037109375 0.0234375
0 0.216796875 0.8828125 0.03125 0.03125
0 0.00390625 0.8740234375 0.0078125 0.021484375
0 0.484375 0.8876953125 0.0546875 0.052734375
0 0.0498046875 0.8662109375 0.029296875 0.021484375
0 0.4130859375 0.865234375 0.029296875 0.0234375
0 0.0947265625 0.8818359375 0.044921875 0.060546875
0 0.15625 0.8505859375 0.03125 0.025390625
0 0.818359375 0.892578125 0.16015625 0.11328125
0 0.3779296875 0.845703125 0.029296875 0.03125
0 0.2978515625 0.8505859375 0.041015625 0.041015625
0 0.2158203125 0.8447265625 0.056640625 0.033203125
0 0.048828125 0.841796875 0.03515625 0.03125
0 0.740234375 0.8271484375 0.015625 0.009765625
0 0.42578125 0.8369140625 0.03515625 0.033203125
0 0.615234375 0.8310546875 0.0390625 0.029296875
0 0.67578125 0.8486328125 0.06640625 0.080078125
0 0.1181640625 0.8291015625 0.033203125 0.048828125
0 0.8271484375 0.8134765625 0.037109375 0.025390625
0 0.625 0.8076171875 0.03125 0.025390625
0 0.32421875 0.810546875 0.04296875 0.0390625
0 0.5517578125 0.8408203125 0.146484375 0.103515625
0 0.951171875 0.8203125 0.09765625 0.078125
0 0.044921875 0.8046875 0.0703125 0.05078125
0 0.638671875 0.78515625 0.03515625 0.0234375
0 0.537109375 0.787109375 0.04296875 0.02734375
0 0.23828125 0.7978515625 0.04296875 0.048828125
0 0.1357421875 0.783203125 0.017578125 0.03125
0 0.4453125 0.7763671875 0.02734375 0.025390625
0 0.7490234375 0.7802734375 0.064453125 0.037109375
0 0.1904296875 0.79296875 0.037109375 0.0625
0 0.1708984375 0.7744140625 0.025390625 0.029296875
0 0.00390625 0.7666015625 0.0078125 0.017578125
0 0.2509765625 0.767578125 0.052734375 0.03125
0 0.0771484375 0.7666015625 0.037109375 0.029296875
0 0.34765625 0.7685546875 0.04296875 0.041015625
0 0.4716796875 0.75390625 0.029296875 0.0234375
0 0.6005859375 0.7568359375 0.021484375 0.037109375
0 0.5537109375 0.755859375 0.052734375 0.04296875
0 0.0087890625 0.7421875 0.017578125 0.01953125
0 0.3876953125 0.7470703125 0.025390625 0.033203125
0 0.419921875 0.7412109375 0.02734375 0.033203125
0 0.453125 0.732421875 0.0234375 0.0234375
0 0.4853515625 0.7275390625 0.033203125 0.021484375
0 0.5751953125 0.728515625 0.033203125 0.02734375
0 0.068359375 0.7275390625 0.03515625 0.033203125
0 0.013671875 0.7177734375 0.02734375 0.021484375
0 0.169921875 0.71484375 0.0234375 0.03125
0 0.1123046875 0.712890625 0.029296875 0.03125
0 0.14453125 0.7158203125 0.0234375 0.041015625
0 0.654296875 0.7353515625 0.05078125 0.091796875
0 0.2431640625 0.7041015625 0.021484375 0.029296875
0 0.58984375 0.7021484375 0.05078125 0.037109375
0 0.0126953125 0.6923828125 0.025390625 0.021484375
0 0.28515625 0.6943359375 0.03515625 0.037109375
0 0.6494140625 0.677734375 0.029296875 0.01953125
0 0.396484375 0.6826171875 0.0234375 0.029296875
0 0.2001953125 0.6943359375 0.025390625 0.052734375
0 0.3291015625 0.68359375 0.025390625 0.046875
0 0.4248046875 0.6748046875 0.021484375 0.033203125
0 0.1533203125 0.6748046875 0.044921875 0.033203125
0 0.017578125 0.6689453125 0.03515625 0.025390625
0 0.365234375 0.677734375 0.03125 0.0546875
0 0.265625 0.66015625 0.015625 0.01953125
0 0.646484375 0.658203125 0.03515625 0.0234375
0 0.0166015625 0.6494140625 0.021484375 0.017578125
0 0.4755859375 0.66015625 0.033203125 0.04296875
0 0.517578125 0.6630859375 0.04296875 0.052734375
0 0.984375 0.68359375 0.03125 0.09765625
0 0.798828125 0.6923828125 0.21875 0.123046875
0 0.2841796875 0.63671875 0.025390625 0.015625
0 0.6005859375 0.6494140625 0.041015625 0.052734375
0 0.041015625 0.638671875 0.01953125 0.03515625
0 0.05859375 0.6337890625 0.015625 0.029296875
0 0.0185546875 0.62890625 0.021484375 0.01953125
0 0.0849609375 0.6298828125 0.021484375 0.029296875
0 0.111328125 0.6279296875 0.01953125 0.029296875
0 0.408203125 0.634765625 0.046875 0.046875
0 0.140625 0.6240234375 0.015625 0.033203125
0 0.1689453125 0.619140625 0.021484375 0.02734375
0 0.6298828125 0.6220703125 0.044921875 0.041015625
0 0.4970703125 0.609375 0.021484375 0.015625
0 0.193359375 0.6181640625 0.015625 0.033203125
0 0.216796875 0.6123046875 0.015625 0.029296875
0 0.2431640625 0.6103515625 0.021484375 0.029296875
0 0.2666015625 0.6083984375 0.017578125 0.033203125
0 0.2900390625 0.6044921875 0.017578125 0.033203125
0 0.3134765625 0.6015625 0.017578125 0.03125
0 0.3388671875 0.59765625 0.017578125 0.03515625
0 0.361328125 0.5927734375 0.015625 0.033203125
0 0.384765625 0.591796875 0.01953125 0.03515625
0 0.41015625 0.5888671875 0.0234375 0.037109375
0 0.435546875 0.5849609375 0.01953125 0.037109375
0 0.4580078125 0.5830078125 0.021484375 0.037109375
0 0.482421875 0.580078125 0.01953125 0.03515625
0 0.52734375 0.5771484375 0.04296875 0.048828125
0 0.5595703125 0.591796875 0.072265625 0.08984375
0 0.005859375 0.5576171875 0.01171875 0.033203125
0 0.033203125 0.5517578125 0.03515625 0.033203125
0 0.0634765625 0.54296875 0.021484375 0.03125
0 0.087890625 0.537109375 0.0234375 0.03125
0 0.3134765625 0.537109375 0.052734375 0.03515625
0 0.1142578125 0.53125 0.021484375 0.03125
0 0.1376953125 0.525390625 0.021484375 0.03125
0 0.4384765625 0.5205078125 0.025390625 0.025390625
0 0.3779296875 0.525390625 0.091796875 0.0390625
0 0.1650390625 0.517578125 0.025390625 0.03125
0 0.4677734375 0.51171875 0.025390625 0.03515625
0 0.4970703125 0.5078125 0.025390625 0.03515625
0 0.3701171875 0.501953125 0.021484375 0.02734375
0 0.5205078125 0.501953125 0.017578125 0.0390625
0 0.255859375 0.4912109375 0.02734375 0.041015625
0 0.1318359375 0.4833984375 0.025390625 0.025390625
0 0.2080078125 0.4892578125 0.052734375 0.060546875
0 0.0078125 0.4765625 0.015625 0.03515625
0 0.0283203125 0.474609375 0.021484375 0.03515625
0 0.2919921875 0.48046875 0.048828125 0.05078125
0 0.0517578125 0.470703125 0.021484375 0.03515625
0 0.921875 0.4833984375 0.0703125 0.068359375
0 0.078125 0.466796875 0.0234375 0.03515625
0 0.1015625 0.46484375 0.0234375 0.03515625
0 0.4150390625 0.4736328125 0.080078125 0.060546875
0 0.3193359375 0.4609375 0.033203125 0.03515625
0 0.75 0.513671875 0.1796875 0.14453125
0 0.244140625 0.443359375 0.01953125 0.015625
0 0.1513671875 0.4599609375 0.033203125 0.048828125
0 0.4736328125 0.4404296875 0.029296875 0.033203125
0 0.4921875 0.427734375 0.03125 0.0390625
0 0.9814453125 0.41796875 0.037109375 0.02734375
0 0.5869140625 0.4580078125 0.044921875 0.111328125
0 0.00390625 0.4130859375 0.0078125 0.029296875
0 0.05078125 0.408203125 0.015625 0.0234375
0 0.0341796875 0.4091796875 0.017578125 0.029296875
0 0.3935546875 0.4130859375 0.041015625 0.044921875
0 0.2333984375 0.4013671875 0.017578125 0.025390625
0 0.015625 0.4072265625 0.01953125 0.037109375
0 0.529296875 0.4150390625 0.0625 0.060546875
0 0.109375 0.3974609375 0.01953125 0.025390625
0 0.06640625 0.4013671875 0.01953125 0.033203125
0 0.0859375 0.3974609375 0.01953125 0.033203125
0 0.9326171875 0.38671875 0.021484375 0.015625
0 0.4189453125 0.3955078125 0.033203125 0.033203125
0 0.2744140625 0.4052734375 0.068359375 0.072265625
0 0.439453125 0.380859375 0.03125 0.03125
0 0.1484375 0.380859375 0.05078125 0.04296875
0 0.4580078125 0.369140625 0.025390625 0.02734375
0 0.001953125 0.3603515625 0.00390625 0.013671875
0 0.76953125 0.373046875 0.0625 0.05078125
0 0.365234375 0.375 0.03515625 0.05859375
0 0.1748046875 0.357421875 0.037109375 0.04296875
0 0.9921875 0.33984375 0.015625 0.015625
0 0.0166015625 0.3515625 0.017578125 0.0390625
0 0.041015625 0.349609375 0.01953125 0.0390625
0 0.1982421875 0.3447265625 0.033203125 0.037109375
0 0.0693359375 0.345703125 0.025390625 0.0390625
0 0.41015625 0.33984375 0.03515625 0.03125
0 0.095703125 0.337890625 0.02734375 0.03515625
0 0.810546875 0.328125 0.0390625 0.03125
0 0.3876953125 0.330078125 0.033203125 0.03515625
0 0.30859375 0.3505859375 0.08984375 0.076171875
0 0.5185546875 0.33203125 0.041015625 0.04296875
0 0.12109375 0.3291015625 0.03125 0.037109375
0 0.998046875 0.3115234375 0.00390625 0.013671875
0 0.2578125 0.3173828125 0.02734375 0.029296875
0 0.3154296875 0.306640625 0.017578125 0.015625
0 0.3720703125 0.310546875 0.025390625 0.02734375
0 0.9765625 0.3056640625 0.0234375 0.021484375
0 0.150390625 0.3134765625 0.03515625 0.037109375
0 0.494140625 0.3115234375 0.0390625 0.041015625
0 0.2333984375 0.2998046875 0.048828125 0.033203125
0 0.3466796875 0.2939453125 0.033203125 0.033203125
0 0.296875 0.287109375 0.01953125 0.0234375
0 0.458984375 0.29296875 0.0390625 0.04296875
0 0.328125 0.28125 0.03125 0.03125
0 0.8505859375 0.275390625 0.044921875 0.03125
0 0.1923828125 0.275390625 0.037109375 0.03125
0 0.4267578125 0.2724609375 0.025390625 0.029296875
0 0.6728515625 0.26953125 0.029296875 0.03125
0 0.990234375 0.259765625 0.01953125 0.015625
0 0.3095703125 0.2646484375 0.025390625 0.025390625
0 0.9150390625 0.296875 0.041015625 0.10546875
0 0.8017578125 0.2578125 0.029296875 0.02734375
0 0.2080078125 0.2568359375 0.033203125 0.033203125
0 0.404296875 0.255859375 0.03515625 0.03515625
0 0.2900390625 0.251953125 0.033203125 0.03515625
0 0.6201171875 0.23828125 0.037109375 0.03125
0 0.99609375 0.2197265625 0.0078125 0.013671875
0 0.373046875 0.2255859375 0.0390625 0.041015625
0 0.2109375 0.21875 0.03515625 0.03125
0 0.6640625 0.2109375 0.02734375 0.01953125
0 0.2607421875 0.220703125 0.037109375 0.04296875
0 0.9970703125 0.197265625 0.005859375 0.0078125
0 0.755859375 0.2080078125 0.05859375 0.052734375
0 0.83984375 0.189453125 0.03515625 0.01953125
0 0.3388671875 0.19921875 0.037109375 0.04296875
0 0.6484375 0.1796875 0.0390625 0.0234375
0 0.5029296875 0.193359375 0.083984375 0.05078125
0 0.2998046875 0.1806640625 0.041015625 0.041015625
0 0.712890625 0.16796875 0.0234375 0.02734375
0 0.998046875 0.154296875 0.00390625 0.00390625
0 0.8544921875 0.169921875 0.037109375 0.0390625
0 0.267578125 0.15625 0.03125 0.03125
0 0.646484375 0.1494140625 0.03515625 0.021484375
0 0.7431640625 0.1474609375 0.029296875 0.029296875
0 0.958984375 0.1396484375 0.0234375 0.025390625
0 0.5947265625 0.1533203125 0.048828125 0.064453125
0 0.70703125 0.134765625 0.03515625 0.03125
0 0.87109375 0.12890625 0.03125 0.02734375
0 0.642578125 0.123046875 0.02734375 0.0234375
0 0.986328125 0.1298828125 0.02734375 0.044921875
0 0.794921875 0.103515625 0.04296875 0.04296875
0 0.5849609375 0.087890625 0.037109375 0.02734375
0 0.47265625 0.115234375 0.109375 0.09765625
0 0.5751953125 0.0654296875 0.037109375 0.021484375
0 0.6591796875 0.0625 0.025390625 0.02734375
0 0.4072265625 0.072265625 0.037109375 0.05859375
0 0.3525390625 0.06640625 0.033203125 0.07421875
0 0.4326171875 0.0302734375 0.013671875 0.009765625
0 0.787109375 0.0537109375 0.046875 0.083984375
0 0.3994140625 0.021484375 0.029296875 0.01953125
0 0.96875 0.0322265625 0.0625 0.056640625
0 0.9326171875 0.00390625 0.013671875 0.0078125
0 0.728515625 0.05078125 0.0703125 0.1015625
0 0.63671875 0.0458984375 0.0625 0.091796875
0 0.5634765625 0.025390625 0.048828125 0.05078125
0 0.46875 0.0234375 0.0546875 0.046875
0 0.3408203125 0.0126953125 0.044921875 0.025390625
0 0.2451171875 0.0107421875 0.064453125 0.021484375
0 0.12109375 0.0771484375 0.2265625 0.154296875