0 0.3955078125 0.9892578125 0.083984375 0.021484375
0 0.2822265625 0.984375 0.087890625 0.03125
0 0.1220703125 0.96875 0.201171875 0.0625
0 0.0556640625 0.923828125 0.111328125 0.07421875
0 0.75390625 0.892578125 0.08984375 0.06640625
0 0.9091796875 0.857421875 0.181640625 0.15625
0 0.9931640625 0.7685546875 0.013671875 0.041015625
0 0.560546875 0.7578125 0.1953125 0.0703125
0 0.4033203125 0.8125 0.615234375 0.18359375
0 0.736328125 0.775390625 0.16015625 0.14453125
0 0.0390625 0.703125 0.078125 0.08203125
0 0.2802734375 0.671875 0.345703125 0.16796875
0 0.0458984375 0.6181640625 0.091796875 0.076171875
0 0.9423828125 0.578125 0.115234375 0.10546875
0 0.5234375 0.5244140625 0.04296875 0.052734375
0 0.611328125 0.529296875 0.09765625 0.078125
0 0.9501953125 0.5 0.099609375 0.07421875
0 0.7958984375 0.4677734375 0.126953125 0.056640625
0 0.998046875 0.408203125 0.00390625 0.00390625
0 0.5693359375 0.43359375 0.302734375 0.07421875
0 0.1689453125 0.443359375 0.337890625 0.12890625
0 0.958984375 0.380859375 0.08203125 0.046875
0 0.29296875 0.3818359375 0.1171875 0.087890625
0 0.662109375 0.3486328125 0.421875 0.095703125
0 0.0576171875 0.337890625 0.080078125 0.08984375
0 0.314453125 0.3056640625 0.1015625 0.048828125