0 0.3916015625 0.9951171875 0.021484375 0.009765625
0 0.3310546875 0.9912109375 0.044921875 0.017578125
0 0.484375 0.978515625 0.046875 0.04296875
0 0.005859375 0.96875 0.01171875 0.0234375
0 0.3984375 0.96875 0.0546875 0.03515625
0 0.4609375 0.9345703125 0.02734375 0.021484375
0 0.0537109375 0.9443359375 0.033203125 0.041015625
0 0.55078125 0.9306640625 0.0390625 0.048828125
0 0.509765625 0.916015625 0.02734375 0.02734375
0 0.662109375 0.921875 0.0546875 0.04296875
0 0.107421875 0.912109375 0.0546875 0.0546875
0 0.3916015625 0.908203125 0.064453125 0.078125
0 0.64453125 0.8828125 0.0546875 0.04296875
0 0.1904296875 0.8876953125 0.083984375 0.064453125
0 0.326171875 0.8896484375 0.06640625 0.080078125
0 0.1181640625 0.85546875 0.025390625 0.0234375
0 0.048828125 0.861328125 0.046875 0.03515625
0 0.5146484375 0.8583984375 0.052734375 0.041015625
0 0.71875 0.8427734375 0.05859375 0.072265625
0 0.458984375 0.830078125 0.0625 0.046875
0 0.1708984375 0.8134765625 0.044921875 0.033203125
0 0.8037109375 0.8017578125 0.037109375 0.029296875
0 0.41015625 0.8046875 0.03515625 0.03515625
0 0.6240234375 0.8095703125 0.076171875 0.060546875
0 0.83203125 0.78515625 0.015625 0.015625
0 0.095703125 0.7744140625 0.02734375 0.029296875
0 0.1435546875 0.7724609375 0.048828125 0.048828125
0 0.482421875 0.7822265625 0.078125 0.072265625
0 0.24609375 0.763671875 0.05078125 0.0546875
0 0.326171875 0.7353515625 0.04296875 0.037109375
0 0.5869140625 0.73828125 0.048828125 0.046875
0 0.693359375 0.759765625 0.06640625 0.1015625
0 0.0439453125 0.744140625 0.087890625 0.078125
0 0.779296875 0.734375 0.05078125 0.08203125
0 0.390625 0.7099609375 0.0390625 0.033203125
0 0.125 0.7109375 0.0859375 0.0703125
0 0.65625 0.6923828125 0.078125 0.048828125
0 0.767578125 0.65234375 0.08203125 0.0546875
0 0.97265625 0.658203125 0.0546875 0.08203125
0 0.4619140625 0.6689453125 0.080078125 0.103515625
0 0.5380859375 0.6435546875 0.060546875 0.087890625
0 0.892578125 0.67578125 0.1015625 0.16796875
0 0.6318359375 0.6123046875 0.041015625 0.041015625
0 0.3212890625 0.64453125 0.283203125 0.1640625
0 0.69921875 0.5810546875 0.0390625 0.048828125
0 0.9619140625 0.578125 0.076171875 0.0625
0 0.7734375 0.5712890625 0.07421875 0.052734375
0 0.81640625 0.5400390625 0.03125 0.041015625
0 0.1103515625 0.5419921875 0.220703125 0.134765625
0 0.240234375 0.4892578125 0.0625 0.064453125
0 0.8447265625 0.4658203125 0.033203125 0.025390625
0 0.6650390625 0.505859375 0.373046875 0.16796875
0 0.966796875 0.4677734375 0.06640625 0.111328125
0 0.2138671875 0.4228515625 0.037109375 0.037109375
0 0.3515625 0.4453125 0.11328125 0.0859375
0 0.2705078125 0.4072265625 0.044921875 0.041015625
0 0.3134765625 0.384765625 0.029296875 0.02734375
0 0.9130859375 0.4580078125 0.099609375 0.177734375
0 0.439453125 0.3720703125 0.04296875 0.033203125
0 0.357421875 0.369140625 0.02734375 0.02734375
0 0.9912109375 0.3701171875 0.017578125 0.033203125
0 0.451171875 0.3330078125 0.0390625 0.025390625
0 0.197265625 0.314453125 0.02734375 0.04296875
0 0.5009765625 0.3017578125 0.029296875 0.021484375
0 0.296875 0.302734375 0.04296875 0.03125
0 0.45703125 0.2763671875 0.0390625 0.025390625
0 0.3603515625 0.26953125 0.025390625 0.02734375
0 0.4765625 0.248046875 0.015625 0.015625
0 0.298828125 0.255859375 0.0234375 0.04296875
0 0.6103515625 0.3369140625 0.376953125 0.212890625
0 0.5908203125 0.24609375 0.154296875 0.0625
0 0.8974609375 0.248046875 0.162109375 0.09375
0 0.2080078125 0.21875 0.037109375 0.03515625
0 0.4619140625 0.2158203125 0.029296875 0.041015625
0 0.349609375 0.20703125 0.03515625 0.03125
0 0.9892578125 0.21484375 0.021484375 0.0546875
0 0.3017578125 0.205078125 0.025390625 0.0390625
0 0.595703125 0.197265625 0.04296875 0.02734375
0 0.65234375 0.1982421875 0.03515625 0.033203125
0 0.72265625 0.2060546875 0.08203125 0.072265625
0 0.521484375 0.18359375 0.046875 0.02734375
0 0.8310546875 0.18359375 0.099609375 0.0859375
0 0.4521484375 0.1552734375 0.033203125 0.041015625
0 0.888671875 0.1572265625 0.0390625 0.052734375
0 0.359375 0.146484375 0.0234375 0.04296875
0 0.3037109375 0.1357421875 0.021484375 0.041015625
0 0.14453125 0.1318359375 0.0390625 0.037109375
0 0.939453125 0.1396484375 0.0859375 0.072265625
0 0.2177734375 0.1298828125 0.025390625 0.060546875
0 0.9873046875 0.1171875 0.025390625 0.04296875
0 0.6767578125 0.1015625 0.025390625 0.0390625
0 0.62890625 0.091796875 0.03125 0.0390625
0 0.056640625 0.08984375 0.04296875 0.03515625
0 0.7216796875 0.1015625 0.064453125 0.07421875
0 0.5595703125 0.0810546875 0.033203125 0.041015625
0 0.51171875 0.07421875 0.04296875 0.0390625
0 0.6005859375 0.0595703125 0.013671875 0.013671875
0 0.455078125 0.0439453125 0.04296875 0.025390625
0 0.1572265625 0.0263671875 0.056640625 0.033203125
0 0.3603515625 0.03515625 0.056640625 0.0546875
0 0.09375 0.01953125 0.0546875 0.0234375
0 0.30859375 0.015625 0.02734375 0.0234375
0 0.8896484375 0.0595703125 0.212890625 0.119140625
0 0.666015625 0.03125 0.19921875 0.0625
0 0.255859375 0.025390625 0.0390625 0.05078125