0 0.7626953125 0.994140625 0.037109375 0.01171875
0 0.4560546875 0.986328125 0.048828125 0.02734375
0 0.2783203125 0.9658203125 0.212890625 0.068359375
0 0.1005859375 0.951171875 0.095703125 0.046875
0 0.59375 0.94921875 0.21875 0.1015625
0 0.439453125 0.9345703125 0.07421875 0.083984375
0 0.029296875 0.8779296875 0.05078125 0.068359375
0 0.56640625 0.88671875 0.1875 0.1328125
0 0.2646484375 0.87890625 0.173828125 0.125
0 0.7177734375 0.8759765625 0.119140625 0.166015625
0 0.45703125 0.8134765625 0.1875 0.111328125
0 0.2646484375 0.7861328125 0.111328125 0.087890625
0 0.1025390625 0.740234375 0.017578125 0.015625
0 0.0830078125 0.720703125 0.044921875 0.03515625
0 0.029296875 0.734375 0.05859375 0.06640625
0 0.4453125 0.71484375 0.0625 0.06640625
0 0.232421875 0.6865234375 0.0390625 0.037109375
0 0.1572265625 0.6875 0.091796875 0.0859375
0 0.2138671875 0.6591796875 0.048828125 0.033203125
0 0.6552734375 0.71875 0.220703125 0.16796875
0 0.0126953125 0.6611328125 0.025390625 0.072265625
0 0.6142578125 0.6572265625 0.154296875 0.099609375
0 0.708984375 0.607421875 0.05078125 0.03515625
0 0.0048828125 0.5458984375 0.009765625 0.017578125
0 0.486328125 0.55859375 0.0546875 0.0859375
0 0.31640625 0.583984375 0.1171875 0.171875
0 0.7724609375 0.49609375 0.021484375 0.02734375
0 0.0087890625 0.494140625 0.017578125 0.03515625
0 0.748046875 0.484375 0.01953125 0.01953125
0 0.5966796875 0.5234375 0.173828125 0.1171875
0 0.4521484375 0.5283203125 0.134765625 0.134765625
0 0.75 0.455078125 0.046875 0.03125
0 0.1005859375 0.4345703125 0.201171875 0.189453125
0 0.015625 0.296875 0.03125 0.05859375
0 0.0732421875 0.345703125 0.146484375 0.18359375
0 0.775390625 0.345703125 0.171875 0.1953125
0 0.8876953125 0.3017578125 0.224609375 0.314453125
0 0.6689453125 0.240234375 0.158203125 0.203125
0 0.3857421875 0.3056640625 0.490234375 0.333984375
0 0.908203125 0.1748046875 0.18359375 0.216796875
0 0.0947265625 0.1279296875 0.119140625 0.126953125
0 0.517578125 0.0771484375 0.375 0.060546875
0 0.2666015625 0.0732421875 0.099609375 0.072265625
0 0.8134765625 0.0712890625 0.177734375 0.072265625