0 0.62109375 0.9833984375 0.0390625 0.029296875
0 0.12109375 0.982421875 0.046875 0.03125
0 0.0478515625 0.9677734375 0.041015625 0.029296875
0 0.5654296875 0.884765625 0.056640625 0.0546875
0 0.4970703125 0.865234375 0.033203125 0.03125
0 0.12109375 0.87109375 0.05078125 0.04296875
0 0.21875 0.83203125 0.046875 0.04296875
0 0.7392578125 0.7783203125 0.025390625 0.037109375
0 0.423828125 0.7744140625 0.0625 0.052734375
0 0.7568359375 0.7021484375 0.037109375 0.033203125
0 0.1240234375 0.6953125 0.033203125 0.0390625
0 0.6875 0.7021484375 0.046875 0.056640625
0 0.6171875 0.6748046875 0.05078125 0.056640625
0 0.333984375 0.630859375 0.04296875 0.0546875
0 0.1044921875 0.5927734375 0.033203125 0.037109375
0 0.0595703125 0.5869140625 0.044921875 0.044921875
0 0.9794921875 0.5439453125 0.041015625 0.017578125
0 0.2138671875 0.5419921875 0.021484375 0.017578125
0 0.8212890625 0.541015625 0.048828125 0.03125
0 0.0078125 0.53515625 0.015625 0.03125
0 0.6650390625 0.46875 0.052734375 0.02734375
0 0.904296875 0.4599609375 0.046875 0.044921875
0 0.408203125 0.455078125 0.0390625 0.0546875
0 0.0595703125 0.4287109375 0.025390625 0.029296875
0 0.1591796875 0.4150390625 0.037109375 0.025390625
0 0.03515625 0.396484375 0.02734375 0.02734375
0 0.4375 0.36328125 0.02734375 0.03125
0 0.1123046875 0.3515625 0.037109375 0.01953125
0 0.0029296875 0.341796875 0.005859375 0.01171875
0 0.685546875 0.3564453125 0.0546875 0.048828125
0 0.6474609375 0.337890625 0.025390625 0.02734375
0 0.9404296875 0.3369140625 0.044921875 0.041015625
0 0.0234375 0.318359375 0.0234375 0.0234375
0 0.205078125 0.3125 0.03125 0.01953125
0 0.5732421875 0.3154296875 0.029296875 0.029296875
0 0.833984375 0.3095703125 0.03515625 0.052734375
0 0.162109375 0.2978515625 0.02734375 0.029296875
0 0.060546875 0.2958984375 0.0390625 0.025390625
0 0.23828125 0.2841796875 0.02734375 0.029296875
0 0.0810546875 0.2734375 0.025390625 0.0234375
0 0.6181640625 0.2822265625 0.044921875 0.044921875
0 0.142578125 0.2626953125 0.03515625 0.033203125
0 0.451171875 0.2451171875 0.02734375 0.025390625
0 0.3095703125 0.2412109375 0.025390625 0.029296875
0 0.2421875 0.240234375 0.0390625 0.03515625
0 0.0322265625 0.2373046875 0.033203125 0.033203125
0 0.1171875 0.2392578125 0.03515625 0.041015625
0 0.2021484375 0.2197265625 0.029296875 0.033203125
0 0.974609375 0.2158203125 0.02734375 0.041015625
0 0.88671875 0.21875 0.03125 0.05078125
0 0.384765625 0.2119140625 0.04296875 0.041015625
0 0.013671875 0.1923828125 0.0234375 0.025390625
0 0.7548828125 0.2021484375 0.037109375 0.060546875
0 0.48828125 0.1953125 0.0703125 0.05078125
0 0.33984375 0.1875 0.03515625 0.03515625
0 0.181640625 0.185546875 0.03515625 0.03125
0 0.087890625 0.1826171875 0.03125 0.029296875
0 0.001953125 0.1708984375 0.00390625 0.005859375
0 0.416015625 0.1826171875 0.03125 0.037109375
0 0.98828125 0.1787109375 0.0234375 0.037109375
0 0.1162109375 0.15625 0.029296875 0.0390625
0 0.3232421875 0.142578125 0.029296875 0.03125
0 0.14453125 0.134765625 0.02734375 0.02734375
0 0.4052734375 0.1328125 0.033203125 0.03515625
0 0.171875 0.1171875 0.03125 0.02734375
0 0.029296875 0.1083984375 0.0234375 0.025390625
0 0.2890625 0.10546875 0.0390625 0.03515625
0 0.3779296875 0.099609375 0.041015625 0.03515625
0 0.0126953125 0.08203125 0.025390625 0.02734375
0 0.064453125 0.07421875 0.03125 0.02734375
0 0.8955078125 0.0810546875 0.068359375 0.048828125
0 0.193359375 0.07421875 0.03515625 0.03515625
0 0.00390625 0.05859375 0.0078125 0.01171875
0 0.34765625 0.05859375 0.0390625 0.03125
0 0.4443359375 0.06640625 0.044921875 0.0546875
0 0.0888671875 0.0498046875 0.029296875 0.033203125
0 0.3818359375 0.044921875 0.029296875 0.03125
0 0.748046875 0.0322265625 0.02734375 0.056640625
0 0.8984375 0.013671875 0.046875 0.02734375
0 0.236328125 0.0146484375 0.0390625 0.029296875
0 0.1640625 0.0205078125 0.0390625 0.041015625
0 0.1142578125 0.015625 0.033203125 0.03125
0 0.0439453125 0.0029296875 0.005859375 0.005859375
0 0.0185546875 0.013671875 0.037109375 0.02734375