0 0.01953125 0.994140625 0.01953125 0.01171875
0 0.3037109375 0.9931640625 0.025390625 0.013671875
0 0.20703125 0.9931640625 0.0234375 0.013671875
0 0.1328125 0.9931640625 0.01953125 0.013671875
0 0.1826171875 0.986328125 0.037109375 0.02734375
0 0.09375 0.986328125 0.0390625 0.02734375
0 0.005859375 0.9833984375 0.01171875 0.021484375
0 0.162109375 0.9765625 0.03515625 0.03515625
0 0.064453125 0.9677734375 0.03515625 0.033203125
0 0.2646484375 0.9697265625 0.041015625 0.041015625
0 0.6708984375 0.97265625 0.060546875 0.0546875
0 0.142578125 0.958984375 0.03515625 0.03515625
0 0.2275390625 0.9453125 0.033203125 0.03125
0 0.125 0.9423828125 0.03515625 0.033203125
0 0.400390625 0.9345703125 0.05859375 0.052734375
0 0.2099609375 0.9267578125 0.033203125 0.037109375
0 0.107421875 0.9248046875 0.03515625 0.037109375
0 0.0302734375 0.927734375 0.048828125 0.05078125
0 0.1923828125 0.908203125 0.033203125 0.03515625
0 0.0029296875 0.8876953125 0.005859375 0.009765625
0 0.0810546875 0.904296875 0.052734375 0.05078125
0 0.0546875 0.87890625 0.03515625 0.03515625
0 0.2470703125 0.865234375 0.033203125 0.02734375
0 0.1328125 0.8671875 0.03125 0.03125
0 0.037109375 0.86328125 0.03515625 0.03515625
0 0.1162109375 0.8505859375 0.025390625 0.025390625
0 0.2275390625 0.8466796875 0.029296875 0.033203125
0 0.017578125 0.845703125 0.03515625 0.03515625
0 0.7587890625 0.8408203125 0.029296875 0.033203125
0 0.0986328125 0.8330078125 0.025390625 0.029296875
0 0.62109375 0.833984375 0.02734375 0.03515625
0 0.5732421875 0.869140625 0.107421875 0.109375
0 0.345703125 0.8271484375 0.02734375 0.025390625
0 0.0087890625 0.828125 0.017578125 0.03125
0 0.205078125 0.8251953125 0.02734375 0.033203125
0 0.0791015625 0.81640625 0.029296875 0.02734375
0 0.2900390625 0.814453125 0.025390625 0.02734375
0 0.265625 0.7998046875 0.02734375 0.021484375
0 0.1826171875 0.8037109375 0.025390625 0.029296875
0 0.5341796875 0.80078125 0.033203125 0.03125
0 0.35546875 0.7998046875 0.03125 0.029296875
0 0.7919921875 0.79296875 0.025390625 0.01953125
0 0.064453125 0.7978515625 0.03515625 0.037109375
0 0.603515625 0.7900390625 0.02734375 0.025390625
0 0.158203125 0.78515625 0.02734375 0.03125
0 0.04296875 0.78125 0.03515625 0.03515625
0 0.3642578125 0.7705078125 0.025390625 0.025390625
0 0.3017578125 0.7705078125 0.029296875 0.029296875
0 0.708984375 0.7607421875 0.03125 0.017578125
0 0.134765625 0.7666015625 0.02734375 0.029296875
0 0.2421875 0.767578125 0.03515625 0.04296875
0 0.8369140625 0.7548828125 0.037109375 0.033203125
0 0.759765625 0.748046875 0.0234375 0.02734375
0 0.1044921875 0.744140625 0.021484375 0.0234375
0 0.01171875 0.748046875 0.0234375 0.0390625
0 0.216796875 0.748046875 0.03125 0.04296875
0 0.24609375 0.73046875 0.01953125 0.01953125
0 0.0546875 0.708984375 0.0234375 0.0234375
0 0.66796875 0.7060546875 0.046875 0.021484375
0 0.2431640625 0.7060546875 0.037109375 0.029296875
0 0.15625 0.7001953125 0.02734375 0.025390625
0 0.7431640625 0.6826171875 0.029296875 0.021484375
0 0.251953125 0.677734375 0.03125 0.02734375
0 0.30859375 0.65625 0.03515625 0.03125
0 0.1005859375 0.658203125 0.037109375 0.03515625
0 0.0322265625 0.6513671875 0.033203125 0.025390625
0 0.0458984375 0.6259765625 0.021484375 0.025390625
0 0.927734375 0.6416015625 0.14453125 0.076171875
0 0.79296875 0.626953125 0.046875 0.0703125
0 0.0537109375 0.59375 0.021484375 0.02734375
0 0.1630859375 0.5859375 0.076171875 0.0546875
0 0.05859375 0.5625 0.0234375 0.02734375
0 0.58203125 0.544921875 0.125 0.02734375
0 0.27734375 0.5439453125 0.09375 0.072265625
0 0.1826171875 0.5244140625 0.068359375 0.044921875
0 0.6240234375 0.4765625 0.025390625 0.0703125
0 0.224609375 0.462890625 0.05859375 0.05078125
0 0.5712890625 0.47265625 0.029296875 0.08984375
0 0.529296875 0.474609375 0.02734375 0.09375
0 0.478515625 0.4853515625 0.03515625 0.142578125
0 0.677734375 0.466796875 0.109375 0.1328125
0 0.4091796875 0.453125 0.072265625 0.12109375
0 0.5400390625 0.390625 0.126953125 0.03125
0 0.298828125 0.421875 0.1484375 0.10546875
0 0.873046875 0.28125 0.03515625 0.03515625
0 0.8427734375 0.25 0.044921875 0.0390625
0 0.9072265625 0.240234375 0.029296875 0.02734375
0 0.9462890625 0.2685546875 0.107421875 0.087890625
0 0.8076171875 0.201171875 0.017578125 0.015625
0 0.87109375 0.1982421875 0.03125 0.021484375
0 0.5849609375 0.1904296875 0.228515625 0.072265625
0 0.9638671875 0.1201171875 0.072265625 0.076171875
0 0.0078125 0.0888671875 0.015625 0.033203125
0 0.984375 0.0625 0.03125 0.046875
0 0.8525390625 0.0234375 0.044921875 0.046875
0 0.7265625 0.025390625 0.0625 0.05078125
0 0.1015625 0.021484375 0.0546875 0.04296875