0 0.658203125 0.7822265625 0.08984375 0.044921875
0 0.8408203125 0.625 0.123046875 0.0390625
0 0.6865234375 0.6044921875 0.142578125 0.076171875
0 0.8857421875 0.537109375 0.021484375 0.015625
0 0.3798828125 0.537109375 0.267578125 0.23828125
0 0.7763671875 0.35546875 0.044921875 0.02734375
0 0.8798828125 0.4345703125 0.240234375 0.197265625
0 0.828125 0.34375 0.05078125 0.0546875
0 0.2255859375 0.3173828125 0.041015625 0.048828125
0 0.2001953125 0.3095703125 0.037109375 0.037109375
0 0.796875 0.3046875 0.046875 0.04296875
0 0.5517578125 0.296875 0.037109375 0.03515625
0 0.173828125 0.294921875 0.03515625 0.03515625
0 0.7392578125 0.306640625 0.068359375 0.09375
0 0.236328125 0.2705078125 0.03125 0.021484375
0 0.19140625 0.267578125 0.01953125 0.01953125
0 0.5205078125 0.2734375 0.029296875 0.0390625
0 0.109375 0.26171875 0.03125 0.03125
0 0.0107421875 0.263671875 0.021484375 0.04296875
0 0.4990234375 0.2587890625 0.033203125 0.037109375
0 0.58203125 0.2685546875 0.05078125 0.060546875
0 0.98046875 0.2685546875 0.0390625 0.064453125
0 0.375 0.3095703125 0.1875 0.154296875
0 0.6103515625 0.248046875 0.037109375 0.03515625
0 0.478515625 0.24609375 0.03515625 0.0390625
0 0.1455078125 0.2509765625 0.072265625 0.048828125
0 0.5166015625 0.2333984375 0.017578125 0.017578125
0 0.6953125 0.28515625 0.0859375 0.125
0 0.5546875 0.234375 0.0234375 0.0234375
0 0.2724609375 0.2373046875 0.037109375 0.037109375
0 0.0576171875 0.2265625 0.029296875 0.02734375
0 0.6298828125 0.2265625 0.033203125 0.03125
0 0.142578125 0.220703125 0.03515625 0.02734375
0 0.033203125 0.20703125 0.01953125 0.01953125
0 0.2041015625 0.208984375 0.029296875 0.03125
0 0.0703125 0.2060546875 0.0390625 0.033203125
0 0.6552734375 0.2041015625 0.033203125 0.037109375
0 0.302734375 0.203125 0.03515625 0.0390625
0 0.017578125 0.1962890625 0.0234375 0.025390625
0 0.16796875 0.19140625 0.0390625 0.02734375
0 0.00390625 0.1796875 0.0078125 0.01171875
0 0.46875 0.201171875 0.06640625 0.05859375
0 0.4150390625 0.1904296875 0.044921875 0.037109375
0 0.0888671875 0.1826171875 0.037109375 0.037109375
0 0.625 0.181640625 0.03515625 0.0390625
0 0.2783203125 0.18359375 0.037109375 0.04296875
0 0.7587890625 0.1943359375 0.068359375 0.076171875
0 0.181640625 0.166015625 0.0234375 0.0234375
0 0.107421875 0.1650390625 0.0234375 0.025390625
0 0.60546875 0.16796875 0.03515625 0.0390625
0 0.0146484375 0.1611328125 0.029296875 0.033203125
0 0.5048828125 0.1611328125 0.041015625 0.037109375
0 0.6982421875 0.1533203125 0.029296875 0.037109375
0 0.1982421875 0.1513671875 0.033203125 0.033203125
0 0.2431640625 0.1572265625 0.048828125 0.048828125
0 0.7841796875 0.142578125 0.037109375 0.03515625
0 0.564453125 0.1376953125 0.04296875 0.044921875
0 0.2158203125 0.1259765625 0.029296875 0.029296875
0 0.986328125 0.1220703125 0.02734375 0.029296875
0 0.720703125 0.1201171875 0.0234375 0.025390625
0 0.447265625 0.1376953125 0.05078125 0.060546875
0 0.1337890625 0.1337890625 0.048828125 0.052734375
0 0.6826171875 0.1298828125 0.041015625 0.048828125
0 0.6611328125 0.1220703125 0.033203125 0.041015625
0 0.0869140625 0.123046875 0.029296875 0.05078125
0 0.8876953125 0.2119140625 0.224609375 0.232421875
0 0.541015625 0.1142578125 0.0390625 0.041015625
0 0.0380859375 0.1220703125 0.060546875 0.064453125
0 0.47265625 0.1064453125 0.04296875 0.037109375
0 0.6435546875 0.1025390625 0.029296875 0.033203125
0 0.166015625 0.08984375 0.0390625 0.0390625
0 0.2822265625 0.0859375 0.037109375 0.0390625
0 0.08203125 0.080078125 0.0546875 0.03125
0 0.615234375 0.080078125 0.03125 0.0390625
0 0.9716796875 0.087890625 0.052734375 0.06640625
0 0.8359375 0.07421875 0.04296875 0.0390625
0 0.7392578125 0.083984375 0.048828125 0.05859375
0 0.4951171875 0.0830078125 0.056640625 0.060546875
0 0.14453125 0.0712890625 0.03125 0.037109375
0 0.0078125 0.0615234375 0.015625 0.025390625
0 0.2783203125 0.0537109375 0.021484375 0.021484375
0 0.2392578125 0.0595703125 0.048828125 0.041015625
0 0.1220703125 0.0537109375 0.033203125 0.033203125
0 0.5830078125 0.052734375 0.041015625 0.04296875
0 0.3125 0.044921875 0.03125 0.03515625
0 0.095703125 0.0390625 0.0390625 0.0390625
0 0.3359375 0.0224609375 0.0390625 0.033203125
0 0.0322265625 0.0205078125 0.037109375 0.029296875
0 0.6650390625 0.033203125 0.111328125 0.05859375
0 0.302734375 0.013671875 0.01953125 0.01953125
0 0.1953125 0.0302734375 0.06640625 0.056640625
0 0.9013671875 0.0400390625 0.119140625 0.080078125
0 0.8212890625 0.0029296875 0.009765625 0.005859375
0 0.7568359375 0.033203125 0.087890625 0.06640625
0 0.697265625 0.001953125 0.00390625 0.00390625
0 0.5830078125 0.009765625 0.021484375 0.01953125
0 0.537109375 0.0205078125 0.0546875 0.041015625
0 0.3564453125 0.0087890625 0.029296875 0.017578125
0 0.236328125 0.005859375 0.01953125 0.01171875
0 0.1484375 0.0029296875 0.0078125 0.005859375
0 0.1357421875 0.0029296875 0.009765625 0.005859375
0 0.0517578125 0.0087890625 0.033203125 0.017578125