0 0.8349609375 0.9853515625 0.037109375 0.029296875
0 0.44921875 0.9775390625 0.046875 0.044921875
0 0.044921875 0.96875 0.07421875 0.0546875
0 0.927734375 0.9560546875 0.0390625 0.037109375
0 0.78125 0.9423828125 0.04296875 0.041015625
0 0.275390625 0.9306640625 0.0546875 0.044921875
0 0.498046875 0.89453125 0.05078125 0.046875
0 0.853515625 0.8857421875 0.05078125 0.044921875
0 0.69921875 0.876953125 0.04296875 0.04296875
0 0.5498046875 0.8349609375 0.041015625 0.037109375
0 0.9970703125 0.80078125 0.005859375 0.0078125
0 0.3154296875 0.8203125 0.056640625 0.0625
0 0.7734375 0.806640625 0.03515625 0.0390625
0 0.990234375 0.7802734375 0.01953125 0.025390625
0 0.634765625 0.775390625 0.03125 0.04296875
0 0.978515625 0.75390625 0.02734375 0.02734375
0 0.40625 0.763671875 0.0625 0.0625
0 0.962890625 0.7353515625 0.02734375 0.025390625
0 0.9423828125 0.7109375 0.025390625 0.02734375
0 0.998046875 0.697265625 0.00390625 0.00390625
0 0.2265625 0.712890625 0.0625 0.04296875
0 0.6982421875 0.7109375 0.033203125 0.04296875
0 0.361328125 0.7001953125 0.03515625 0.033203125
0 0.9091796875 0.669921875 0.029296875 0.02734375
0 0.98828125 0.6708984375 0.0234375 0.033203125
0 0.025390625 0.6630859375 0.05078125 0.041015625
0 0.9765625 0.65234375 0.0234375 0.0234375
0 0.8955078125 0.6513671875 0.025390625 0.025390625
0 0.998046875 0.634765625 0.00390625 0.0078125
0 0.9609375 0.6279296875 0.02734375 0.025390625
0 0.87890625 0.6279296875 0.02734375 0.029296875
0 0.7529296875 0.6259765625 0.037109375 0.044921875
0 0.861328125 0.6083984375 0.02734375 0.029296875
0 0.927734375 0.5849609375 0.03125 0.029296875
0 0.841796875 0.580078125 0.02734375 0.02734375
0 0.9970703125 0.552734375 0.005859375 0.0078125
0 0.7890625 0.5625 0.02734375 0.03125
0 0.8115234375 0.5419921875 0.025390625 0.025390625
0 0.8935546875 0.5400390625 0.025390625 0.025390625
0 0.9873046875 0.529296875 0.025390625 0.03125
0 0.8642578125 0.505859375 0.025390625 0.02734375
0 0.96484375 0.501953125 0.02734375 0.02734375
0 0.8857421875 0.490234375 0.021484375 0.02734375
0 0.9130859375 0.4794921875 0.033203125 0.033203125
0 0.9326171875 0.4619140625 0.037109375 0.033203125
0 0.4345703125 0.4345703125 0.021484375 0.017578125
0 0.4638671875 0.43359375 0.021484375 0.01953125
0 0.978515625 0.4306640625 0.03125 0.033203125
0 0.40234375 0.419921875 0.0234375 0.0234375
0 0.494140625 0.41796875 0.0234375 0.0234375
0 0.9912109375 0.412109375 0.017578125 0.03125
0 0.521484375 0.40234375 0.01953125 0.01953125
0 0.3798828125 0.3955078125 0.021484375 0.021484375
0 0.546875 0.3876953125 0.0234375 0.021484375
0 0.5732421875 0.3720703125 0.025390625 0.021484375
0 0.3583984375 0.376953125 0.037109375 0.03515625
0 0.462890625 0.3642578125 0.0234375 0.021484375
0 0.5986328125 0.3603515625 0.025390625 0.021484375
0 0.4296875 0.3603515625 0.0234375 0.029296875
0 0.490234375 0.349609375 0.0234375 0.01953125
0 0.3408203125 0.3564453125 0.041015625 0.033203125
0 0.625 0.34375 0.0234375 0.0234375
0 0.517578125 0.3310546875 0.0234375 0.029296875
0 0.6494140625 0.328125 0.025390625 0.02734375
0 0.330078125 0.326171875 0.0234375 0.02734375
0 0.5400390625 0.3154296875 0.025390625 0.025390625
0 0.677734375 0.3115234375 0.02734375 0.025390625
0 0.3984375 0.30859375 0.03125 0.03515625
0 0.564453125 0.2998046875 0.0234375 0.025390625
0 0.3173828125 0.2998046875 0.029296875 0.025390625
0 0.7041015625 0.298828125 0.025390625 0.02734375
0 0.4228515625 0.2919921875 0.025390625 0.025390625
0 0.59375 0.287109375 0.02734375 0.02734375
0 0.73046875 0.28125 0.0234375 0.0234375
0 0.4501953125 0.27734375 0.025390625 0.0234375
0 0.3125 0.2734375 0.02734375 0.01953125
0 0.6201171875 0.2705078125 0.029296875 0.033203125
0 0.4765625 0.2626953125 0.0234375 0.021484375
0 0.7900390625 0.259765625 0.025390625 0.03125
0 0.646484375 0.255859375 0.03125 0.03515625
0 0.5029296875 0.24609375 0.025390625 0.0234375
0 0.3115234375 0.244140625 0.033203125 0.0234375
0 0.7744140625 0.232421875 0.025390625 0.0234375
0 0.6953125 0.2333984375 0.03515625 0.029296875
0 0.5322265625 0.2333984375 0.021484375 0.029296875
0 0.380859375 0.2255859375 0.01953125 0.021484375
0 0.7939453125 0.21875 0.017578125 0.01953125
0 0.5556640625 0.21875 0.025390625 0.02734375
0 0.310546875 0.2158203125 0.03125 0.021484375
0 0.7578125 0.2080078125 0.0234375 0.021484375
0 0.4111328125 0.208984375 0.025390625 0.0234375
0 0.681640625 0.2109375 0.0390625 0.03125
0 0.1201171875 0.2080078125 0.033203125 0.025390625
0 0.5830078125 0.203125 0.025390625 0.0234375
0 0.857421875 0.19921875 0.0234375 0.0234375
0 0.4365234375 0.193359375 0.025390625 0.0234375
0 0.6083984375 0.1884765625 0.025390625 0.025390625
0 0.30859375 0.185546875 0.02734375 0.01953125
0 0.666015625 0.1845703125 0.03515625 0.029296875
0 0.7421875 0.1806640625 0.0234375 0.025390625
0 0.4619140625 0.17578125 0.025390625 0.02734375
0 0.8408203125 0.171875 0.025390625 0.02734375
0 0.48828125 0.162109375 0.02734375 0.02734375
0 0.306640625 0.1572265625 0.02734375 0.021484375
0 0.9072265625 0.16015625 0.025390625 0.03125
0 0.654296875 0.1572265625 0.0390625 0.033203125
0 0.3720703125 0.1484375 0.017578125 0.0234375
0 0.515625 0.14453125 0.0234375 0.0234375
0 0.82421875 0.140625 0.02734375 0.02734375
0 0.5400390625 0.130859375 0.021484375 0.0234375
0 0.3046875 0.1259765625 0.02734375 0.017578125
0 0.888671875 0.1279296875 0.0234375 0.025390625
0 0.71484375 0.1259765625 0.02734375 0.029296875
0 0.396484375 0.1220703125 0.0234375 0.021484375
0 0.748046875 0.1171875 0.0234375 0.0234375
0 0.8056640625 0.11328125 0.021484375 0.0234375
0 0.564453125 0.1162109375 0.02734375 0.029296875
0 0.4248046875 0.1083984375 0.025390625 0.025390625
0 0.87109375 0.1005859375 0.0234375 0.025390625
0 0.69921875 0.099609375 0.0234375 0.0234375
0 0.958984375 0.0927734375 0.0234375 0.025390625
0 0.3046875 0.08984375 0.0234375 0.01953125
0 0.6162109375 0.09375 0.033203125 0.03125
0 0.4501953125 0.091796875 0.025390625 0.02734375
0 0.7861328125 0.0830078125 0.025390625 0.029296875
0 0.474609375 0.0771484375 0.0234375 0.029296875
0 0.681640625 0.076171875 0.0234375 0.03125
0 0.859375 0.0712890625 0.03125 0.029296875
0 0.6015625 0.0693359375 0.0390625 0.033203125
0 0.302734375 0.0595703125 0.0234375 0.017578125
0 0.501953125 0.060546875 0.02734375 0.02734375
0 0.0107421875 0.05859375 0.021484375 0.03125
0 0.5263671875 0.048828125 0.025390625 0.02734375
0 0.841796875 0.0439453125 0.03125 0.025390625
0 0.666015625 0.04296875 0.02734375 0.0234375
0 0.587890625 0.044921875 0.0390625 0.03125
0 0.3798828125 0.037109375 0.025390625 0.02734375
0 0.30078125 0.03125 0.0234375 0.01953125
0 0.9169921875 0.029296875 0.037109375 0.03125
0 0.7451171875 0.02734375 0.037109375 0.02734375
0 0.828125 0.0244140625 0.0390625 0.029296875
0 0.408203125 0.021484375 0.02734375 0.02734375
0 0.990234375 0.01953125 0.01953125 0.03125
0 0.572265625 0.0185546875 0.0390625 0.029296875
0 0.6484375 0.0146484375 0.02734375 0.025390625
0 0.9736328125 0.0029296875 0.013671875 0.005859375
0 0.9033203125 0.01171875 0.037109375 0.0234375
0 0.8681640625 0.0078125 0.025390625 0.015625
0 0.80078125 0.005859375 0.01953125 0.01171875
0 0.7373046875 0.0078125 0.021484375 0.015625
0 0.69921875 0.0078125 0.015625 0.015625
0 0.4560546875 0.0029296875 0.009765625 0.005859375
0 0.4326171875 0.009765625 0.025390625 0.01953125
0 0.2919921875 0.00390625 0.025390625 0.0078125
0 0.173828125 0.0947265625 0.10546875 0.189453125
0 0.05859375 0.013671875 0.0234375 0.02734375