0 0.6005859375 0.99609375 0.021484375 0.0078125
0 0.8916015625 0.9833984375 0.107421875 0.033203125
0 0.9638671875 0.974609375 0.044921875 0.05078125
0 0.8701171875 0.939453125 0.185546875 0.1171875
0 0.6591796875 0.8740234375 0.146484375 0.119140625
0 0.9658203125 0.7490234375 0.068359375 0.068359375
0 0.9482421875 0.673828125 0.103515625 0.10546875
0 0.1865234375 0.64453125 0.087890625 0.06640625
0 0.05078125 0.6376953125 0.1015625 0.103515625
0 0.146484375 0.552734375 0.0703125 0.0546875
0 0.0517578125 0.5478515625 0.103515625 0.068359375
0 0.00390625 0.5078125 0.0078125 0.01953125
0 0.1328125 0.513671875 0.0703125 0.0546875
0 0.892578125 0.5888671875 0.21484375 0.212890625
0 0.966796875 0.482421875 0.06640625 0.078125
0 0.55078125 0.64453125 0.4296875 0.41796875
0 0.98046875 0.4345703125 0.0390625 0.060546875
0 0.03125 0.447265625 0.0625 0.11328125
0 0.9951171875 0.390625 0.009765625 0.015625
0 0.244140625 0.4375 0.09375 0.12890625
0 0.1103515625 0.41796875 0.068359375 0.109375
0 0.84765625 0.419921875 0.11328125 0.12109375
0 0.48046875 0.369140625 0.01953125 0.01953125
0 0.3095703125 0.3974609375 0.080078125 0.134765625
0 0.431640625 0.35546875 0.05078125 0.0546875
0 0.701171875 0.458984375 0.32421875 0.265625
0 0.0517578125 0.3525390625 0.103515625 0.060546875
0 0.28125 0.3125 0.05859375 0.0625
0 0.369140625 0.2724609375 0.01953125 0.021484375
0 0.400390625 0.2587890625 0.04296875 0.029296875
0 0.4931640625 0.2900390625 0.076171875 0.111328125
0 0.2236328125 0.3017578125 0.119140625 0.142578125
0 0.8056640625 0.310546875 0.318359375 0.22265625
0 0.0107421875 0.2158203125 0.021484375 0.052734375
0 0.353515625 0.3037109375 0.12109375 0.240234375
0 0.919921875 0.2666015625 0.16015625 0.173828125
0 0.03125 0.1806640625 0.03515625 0.064453125
0 0.4853515625 0.177734375 0.126953125 0.10546875
0 0.013671875 0.126953125 0.02734375 0.05078125
0 0.2060546875 0.1025390625 0.017578125 0.017578125
0 0.1015625 0.087890625 0.046875 0.0625
0 0.2333984375 0.1123046875 0.271484375 0.142578125
0 0.482421875 0.0576171875 0.21484375 0.103515625
0 0.400390625 0.017578125 0.08203125 0.03515625
0 0.2265625 0.0556640625 0.23046875 0.111328125
0 0.0732421875 0.005859375 0.064453125 0.01171875