0 0.263671875 0.99609375 0.015625 0.0078125
0 0.97265625 0.9892578125 0.0390625 0.021484375
0 0.658203125 0.986328125 0.1796875 0.02734375
0 0.177734375 0.9833984375 0.03515625 0.033203125
0 0.46484375 0.9794921875 0.03125 0.041015625
0 0.1435546875 0.966796875 0.017578125 0.015625
0 0.509765625 0.97265625 0.04296875 0.03125
0 0.09375 0.9736328125 0.05078125 0.041015625
0 0.3837890625 0.9697265625 0.025390625 0.044921875
0 0.3271484375 0.9599609375 0.041015625 0.041015625
0 0.8291015625 0.9609375 0.048828125 0.05859375
0 0.26953125 0.95703125 0.046875 0.0625
0 0.7353515625 0.92578125 0.087890625 0.0703125
0 0.99609375 0.896484375 0.0078125 0.015625
0 0.6337890625 0.9169921875 0.119140625 0.064453125
0 0.9287109375 0.9296875 0.095703125 0.10546875
0 0.8486328125 0.8896484375 0.033203125 0.025390625
0 0.6494140625 0.8876953125 0.044921875 0.021484375
0 0.615234375 0.880859375 0.01953125 0.015625
0 0.5390625 0.89453125 0.046875 0.046875
0 0.1650390625 0.9033203125 0.048828125 0.068359375
0 0.4794921875 0.8818359375 0.033203125 0.037109375
0 0.0166015625 0.8818359375 0.033203125 0.044921875
0 0.7294921875 0.8720703125 0.107421875 0.033203125
0 0.390625 0.8701171875 0.0546875 0.052734375
0 0.3583984375 0.8466796875 0.033203125 0.021484375
0 0.3212890625 0.8388671875 0.021484375 0.021484375
0 0.0244140625 0.83984375 0.017578125 0.0234375
0 0.6376953125 0.83984375 0.037109375 0.03125
0 0.2890625 0.8525390625 0.03515625 0.056640625
0 0.7353515625 0.833984375 0.107421875 0.03515625
0 0.5068359375 0.8193359375 0.041015625 0.037109375
0 0.58203125 0.814453125 0.0390625 0.03125
0 0.3779296875 0.810546875 0.017578125 0.0234375
0 0.3544921875 0.8115234375 0.025390625 0.025390625
0 0.0205078125 0.8046875 0.037109375 0.0390625
0 0.146484375 0.7998046875 0.11328125 0.083984375
0 0.3095703125 0.7861328125 0.037109375 0.064453125
0 0.03125 0.72265625 0.04296875 0.0390625
0 0.9248046875 0.6845703125 0.150390625 0.087890625
0 0.216796875 0.6533203125 0.04296875 0.037109375
0 0.0439453125 0.6533203125 0.033203125 0.041015625
0 0.00390625 0.638671875 0.0078125 0.03125
0 0.1787109375 0.6171875 0.017578125 0.01953125
0 0.1630859375 0.591796875 0.037109375 0.02734375
0 0.9296875 0.603515625 0.140625 0.08203125
0 0.703125 0.595703125 0.2734375 0.1796875
0 0.564453125 0.521484375 0.0234375 0.03515625
0 0.0498046875 0.48046875 0.099609375 0.125
0 0.8173828125 0.3876953125 0.365234375 0.138671875
0 0.751953125 0.2841796875 0.15625 0.138671875
0 0.2880859375 0.2470703125 0.134765625 0.150390625