0 0.876953125 0.994140625 0.0234375 0.01171875
0 0.234375 0.994140625 0.01953125 0.01171875
0 0.734375 0.9931640625 0.01953125 0.013671875
0 0.5439453125 0.9921875 0.029296875 0.015625
0 0.3525390625 0.990234375 0.029296875 0.01953125
0 0.1396484375 0.9873046875 0.037109375 0.025390625
0 0.4755859375 0.984375 0.029296875 0.03125
0 0.3291015625 0.978515625 0.021484375 0.01953125
0 0.828125 0.9814453125 0.0390625 0.037109375
0 0.3720703125 0.978515625 0.037109375 0.03125
0 0.69921875 0.98046875 0.0390625 0.0390625
0 0.5654296875 0.98046875 0.041015625 0.0390625
0 0.2158203125 0.970703125 0.025390625 0.02734375
0 0.0771484375 0.9677734375 0.033203125 0.029296875
0 0.048828125 0.9765625 0.046875 0.046875
0 0.009765625 0.9765625 0.01953125 0.046875
0 0.810546875 0.9716796875 0.0390625 0.041015625
0 0.4521484375 0.96875 0.033203125 0.03515625
0 0.267578125 0.9677734375 0.03125 0.033203125
0 0.4931640625 0.96484375 0.037109375 0.03125
0 0.1611328125 0.9658203125 0.033203125 0.033203125
0 0.5849609375 0.958984375 0.037109375 0.02734375
0 0.2431640625 0.951171875 0.029296875 0.02734375
0 0.326171875 0.951171875 0.03125 0.03125
0 0.787109375 0.9521484375 0.0390625 0.041015625
0 0.4248046875 0.9462890625 0.033203125 0.033203125
0 0.08984375 0.9462890625 0.04296875 0.037109375
0 0.5078125 0.943359375 0.0390625 0.03515625
0 0.6591796875 0.943359375 0.041015625 0.0390625
0 0.759765625 0.931640625 0.0390625 0.04296875
0 0.296875 0.9296875 0.03515625 0.0390625
0 0.23828125 0.9189453125 0.03125 0.025390625
0 0.6357421875 0.9228515625 0.033203125 0.037109375
0 0.39453125 0.921875 0.03125 0.04296875
0 0.0439453125 0.9228515625 0.037109375 0.044921875
0 0.193359375 0.92578125 0.04296875 0.05859375
0 0.2744140625 0.9111328125 0.033203125 0.037109375
0 0.5283203125 0.908203125 0.041015625 0.0390625
0 0.79296875 0.9072265625 0.04296875 0.041015625
0 0.603515625 0.9228515625 0.0625 0.072265625
0 0.1298828125 0.90234375 0.033203125 0.03515625
0 0.94921875 0.9404296875 0.1015625 0.115234375
0 0.015625 0.9013671875 0.03125 0.044921875
0 0.99609375 0.876953125 0.0078125 0.01171875
0 0.701171875 0.8974609375 0.06640625 0.056640625
0 0.8076171875 0.8828125 0.033203125 0.03125
0 0.56640625 0.888671875 0.0390625 0.04296875
0 0.00390625 0.873046875 0.0078125 0.01171875
0 0.4453125 0.8837890625 0.046875 0.041015625
0 0.2314453125 0.8779296875 0.033203125 0.037109375
0 0.73046875 0.87109375 0.03515625 0.03125
0 0.9052734375 0.8759765625 0.044921875 0.048828125
0 0.1123046875 0.87109375 0.037109375 0.0390625
0 0.6953125 0.8623046875 0.02734375 0.025390625
0 0.3642578125 0.865234375 0.037109375 0.03515625
0 0.3212890625 0.8662109375 0.041015625 0.041015625
0 0.986328125 0.857421875 0.02734375 0.03125
0 0.548828125 0.8603515625 0.03125 0.037109375
0 0.4501953125 0.8515625 0.021484375 0.01953125
0 0.1552734375 0.8642578125 0.044921875 0.048828125
0 0.0849609375 0.859375 0.041015625 0.04296875
0 0.74609375 0.8515625 0.03515625 0.03125
0 0.876953125 0.8505859375 0.0390625 0.041015625
0 0.6591796875 0.8564453125 0.052734375 0.056640625
0 0.3837890625 0.8427734375 0.029296875 0.029296875
0 0.0615234375 0.8427734375 0.029296875 0.033203125
0 0.29296875 0.845703125 0.0390625 0.04296875
0 0.7587890625 0.8330078125 0.037109375 0.033203125
0 0.17578125 0.8349609375 0.0390625 0.037109375
0 0.515625 0.841796875 0.05859375 0.0546875
0 0.9482421875 0.8251953125 0.033203125 0.037109375
0 0.8466796875 0.8310546875 0.052734375 0.048828125
0 0.40234375 0.822265625 0.03125 0.03125
0 0.478515625 0.8271484375 0.0625 0.048828125
0 0.69921875 0.81640625 0.03515625 0.03125
0 0.5986328125 0.822265625 0.048828125 0.04296875
0 0.0341796875 0.8232421875 0.044921875 0.044921875
0 0.7744140625 0.814453125 0.033203125 0.03125
0 0.1337890625 0.8232421875 0.044921875 0.048828125
0 0.9296875 0.810546875 0.03515625 0.03515625
0 0.412109375 0.7998046875 0.03515625 0.029296875
0 0.3720703125 0.798828125 0.029296875 0.03125
0 0.2802734375 0.810546875 0.052734375 0.0546875
0 0.71484375 0.796875 0.03515625 0.03125
0 0.009765625 0.7978515625 0.01953125 0.041015625
0 0.806640625 0.7919921875 0.03125 0.033203125
0 0.1162109375 0.79296875 0.033203125 0.03515625
0 0.904296875 0.791015625 0.046875 0.046875
0 0.63671875 0.7861328125 0.03515625 0.041015625
0 0.337890625 0.7763671875 0.02734375 0.021484375
0 0.30859375 0.7783203125 0.0390625 0.025390625
0 0.7294921875 0.77734375 0.037109375 0.03125
0 0.21875 0.7802734375 0.03515625 0.041015625
0 0.09375 0.775390625 0.03515625 0.03125
0 0.7841796875 0.7763671875 0.033203125 0.037109375
0 0.8779296875 0.7685546875 0.029296875 0.029296875
0 0.4365234375 0.7734375 0.044921875 0.04296875
0 0.0703125 0.759765625 0.03515625 0.03515625
0 0.23828125 0.7578125 0.03515625 0.03515625
0 0.8623046875 0.7548828125 0.029296875 0.033203125
0 0.1767578125 0.755859375 0.033203125 0.03515625
0 0.75390625 0.75390625 0.05859375 0.0546875
0 0.841796875 0.7412109375 0.03125 0.033203125
0 0.5185546875 0.748046875 0.044921875 0.046875
0 0.154296875 0.7392578125 0.03125 0.029296875
0 0.396484375 0.7490234375 0.046875 0.052734375
0 0.0380859375 0.7412109375 0.033203125 0.037109375
0 0.966796875 0.7548828125 0.06640625 0.076171875
0 0.8251953125 0.7265625 0.029296875 0.03125
0 0.8017578125 0.7216796875 0.025390625 0.033203125
0 0.4775390625 0.7216796875 0.041015625 0.041015625
0 0.3486328125 0.73046875 0.064453125 0.0625
0 0.5576171875 0.708984375 0.025390625 0.0234375
0 0.1865234375 0.712890625 0.037109375 0.0390625
0 0.2646484375 0.7216796875 0.052734375 0.064453125
0 0.775390625 0.6982421875 0.0234375 0.021484375
0 0.00390625 0.6962890625 0.0078125 0.017578125
0 0.1083984375 0.7021484375 0.037109375 0.037109375
0 0.9326171875 0.7080078125 0.068359375 0.060546875
0 0.0869140625 0.681640625 0.037109375 0.0390625
0 0.5029296875 0.677734375 0.033203125 0.03515625
0 0.2080078125 0.6845703125 0.052734375 0.052734375
0 0.88671875 0.685546875 0.05078125 0.0625
0 0.2998046875 0.6826171875 0.052734375 0.056640625
0 0.400390625 0.6708984375 0.046875 0.037109375
0 0.484375 0.666015625 0.03515625 0.0390625
0 0.431640625 0.677734375 0.046875 0.0625
0 0.1396484375 0.6630859375 0.037109375 0.037109375
0 0.806640625 0.662109375 0.0390625 0.04296875
0 0.732421875 0.6552734375 0.03125 0.033203125
0 0.5400390625 0.6552734375 0.033203125 0.033203125
0 0.06640625 0.6630859375 0.046875 0.048828125
0 0.861328125 0.6669921875 0.05859375 0.064453125
0 0.154296875 0.642578125 0.0390625 0.03125
0 0.59765625 0.6455078125 0.0390625 0.044921875
0 0.748046875 0.6357421875 0.0390625 0.037109375
0 0.421875 0.6318359375 0.03515625 0.033203125
0 0.33984375 0.62890625 0.03125 0.02734375
0 0.033203125 0.638671875 0.05859375 0.05859375
0 0.2412109375 0.640625 0.060546875 0.0703125
0 0.169921875 0.62109375 0.0390625 0.03515625
0 0.5634765625 0.615234375 0.033203125 0.03515625
0 0.771484375 0.61328125 0.0390625 0.03515625
0 0.44140625 0.6123046875 0.0390625 0.033203125
0 0.6982421875 0.6142578125 0.041015625 0.048828125
0 0.3564453125 0.603515625 0.037109375 0.03515625
0 0.662109375 0.6005859375 0.03125 0.037109375
0 0.0849609375 0.607421875 0.080078125 0.0546875
0 0.861328125 0.5859375 0.02734375 0.02734375
0 0.529296875 0.59375 0.0390625 0.046875
0 0.29296875 0.5849609375 0.02734375 0.029296875
0 0.185546875 0.5869140625 0.03515625 0.037109375
0 0.46484375 0.5771484375 0.03125 0.029296875
0 0.7763671875 0.5810546875 0.048828125 0.044921875
0 0.375 0.5771484375 0.04296875 0.044921875
0 0.6796875 0.560546875 0.05078125 0.03125
0 0.08984375 0.55859375 0.03125 0.02734375
0 0.740234375 0.5576171875 0.02734375 0.029296875
0 0.2666015625 0.5654296875 0.041015625 0.044921875
0 0.0068359375 0.552734375 0.013671875 0.02734375
0 0.4873046875 0.552734375 0.033203125 0.03125
0 0.8798828125 0.5625 0.037109375 0.0546875
0 0.8251953125 0.5478515625 0.029296875 0.029296875
0 0.400390625 0.546875 0.03515625 0.03125
0 0.724609375 0.5439453125 0.02734375 0.029296875
0 0.953125 0.609375 0.09375 0.1640625
0 0.6201171875 0.564453125 0.068359375 0.07421875
0 0.2392578125 0.54296875 0.033203125 0.03125
0 0.3037109375 0.5419921875 0.048828125 0.044921875
0 0.7080078125 0.529296875 0.025390625 0.02734375
0 0.333984375 0.52734375 0.03125 0.02734375
0 0.1376953125 0.552734375 0.083984375 0.078125
0 0.2099609375 0.5234375 0.025390625 0.02734375
0 0.99609375 0.513671875 0.0078125 0.01171875
0 0.796875 0.521484375 0.03125 0.03515625
0 0.6904296875 0.517578125 0.029296875 0.03125
0 0.3671875 0.5224609375 0.03125 0.052734375
0 0.431640625 0.5078125 0.0390625 0.04296875
0 0.1923828125 0.505859375 0.033203125 0.0390625
0 0.021484375 0.513671875 0.04296875 0.05859375
0 0.302734375 0.4951171875 0.03125 0.033203125
0 0.525390625 0.494140625 0.03515625 0.0390625
0 0.251953125 0.4912109375 0.03515625 0.033203125
0 0.6611328125 0.490234375 0.041015625 0.0390625
0 0.611328125 0.49609375 0.0390625 0.05078125
0 0.3359375 0.4755859375 0.02734375 0.025390625
0 0.1591796875 0.4833984375 0.060546875 0.056640625
0 0.0419921875 0.48046875 0.052734375 0.05078125
0 0.4658203125 0.4677734375 0.033203125 0.029296875
0 0.7138671875 0.4619140625 0.021484375 0.021484375
0 0.5625 0.4970703125 0.0546875 0.091796875
0 0.623046875 0.458984375 0.0234375 0.02734375
0 0.369140625 0.4638671875 0.0390625 0.041015625
0 0.228515625 0.4609375 0.03515625 0.03515625
0 0.3095703125 0.455078125 0.029296875 0.02734375
0 0.275390625 0.45703125 0.03125 0.03515625
0 0.8544921875 0.4755859375 0.083984375 0.083984375
0 0.5634765625 0.4443359375 0.025390625 0.021484375
0 0.478515625 0.44921875 0.03515625 0.03125
0 0.69921875 0.4482421875 0.03125 0.033203125
0 0.0126953125 0.455078125 0.025390625 0.046875
0 0.974609375 0.4462890625 0.03515625 0.033203125
0 0.603515625 0.4462890625 0.03125 0.033203125
0 0.25390625 0.4365234375 0.02734375 0.029296875
0 0.439453125 0.4345703125 0.03125 0.033203125
0 0.494140625 0.4306640625 0.03515625 0.033203125
0 0.3271484375 0.42578125 0.025390625 0.03125
0 0.580078125 0.4267578125 0.0390625 0.037109375
0 0.09375 0.421875 0.0390625 0.0390625
0 0.6689453125 0.4208984375 0.048828125 0.044921875
0 0.419921875 0.4169921875 0.03515625 0.037109375
0 0.9873046875 0.4169921875 0.025390625 0.041015625
0 0.30078125 0.412109375 0.03125 0.03515625
0 0.5126953125 0.4091796875 0.037109375 0.037109375
0 0.6943359375 0.3955078125 0.021484375 0.021484375
0 0.220703125 0.4013671875 0.04296875 0.037109375
0 0.2861328125 0.396484375 0.029296875 0.03125
0 0.638671875 0.3955078125 0.03125 0.033203125
0 0.3974609375 0.396484375 0.041015625 0.04296875
0 0.78125 0.4375 0.09375 0.12890625
0 0.8984375 0.4091796875 0.09765625 0.080078125
0 0.671875 0.3818359375 0.02734375 0.025390625
0 0.53125 0.3857421875 0.03515625 0.033203125
0 0.12109375 0.38671875 0.03515625 0.03515625
0 0.0537109375 0.3818359375 0.033203125 0.033203125
0 0.3642578125 0.3779296875 0.025390625 0.033203125
0 0.2587890625 0.3798828125 0.037109375 0.037109375
0 0.61328125 0.37890625 0.0390625 0.0390625
0 0.0927734375 0.359375 0.025390625 0.0234375
0 0.2373046875 0.36328125 0.044921875 0.046875
0 0.6396484375 0.3525390625 0.037109375 0.029296875
0 0.3408203125 0.35546875 0.033203125 0.03515625
0 0.1455078125 0.3544921875 0.037109375 0.037109375
0 0.021484375 0.3642578125 0.04296875 0.056640625
0 0.7138671875 0.349609375 0.033203125 0.0390625
0 0.4755859375 0.34765625 0.033203125 0.03515625
0 0.4052734375 0.341796875 0.029296875 0.02734375
0 0.9375 0.361328125 0.078125 0.07421875
0 0.5693359375 0.3369140625 0.037109375 0.037109375
0 0.896484375 0.33203125 0.03515625 0.04296875
0 0.935546875 0.31640625 0.015625 0.015625
0 0.443359375 0.33984375 0.04296875 0.0625
0 0.9814453125 0.3291015625 0.037109375 0.044921875
0 0.3525390625 0.31640625 0.025390625 0.0234375
0 0.0517578125 0.32421875 0.041015625 0.0390625
0 0.875 0.314453125 0.03125 0.03515625
0 0.6689453125 0.3125 0.029296875 0.03125
0 0.17578125 0.3173828125 0.0390625 0.041015625
0 0.5869140625 0.3115234375 0.037109375 0.033203125
0 0.2919921875 0.326171875 0.072265625 0.06640625
0 0.53125 0.3134765625 0.03515625 0.044921875
0 0.0888671875 0.3095703125 0.037109375 0.037109375
0 0.4248046875 0.3046875 0.025390625 0.03125
0 0.599609375 0.2978515625 0.04296875 0.029296875
0 0.8564453125 0.298828125 0.033203125 0.03515625
0 0.1435546875 0.294921875 0.033203125 0.03125
0 0.0068359375 0.287109375 0.013671875 0.01953125
0 0.8125 0.3232421875 0.11328125 0.095703125
0 0.501953125 0.287109375 0.03515625 0.03125
0 0.40625 0.287109375 0.03125 0.03125
0 0.310546875 0.2880859375 0.03515625 0.033203125
0 0.056640625 0.287109375 0.03125 0.03125
0 0.96875 0.2900390625 0.046875 0.041015625
0 0.9287109375 0.28515625 0.033203125 0.03515625
0 0.837890625 0.283203125 0.03515625 0.03515625
0 0.2119140625 0.2802734375 0.033203125 0.033203125
0 0.6220703125 0.2744140625 0.025390625 0.029296875
0 0.91015625 0.271484375 0.03515625 0.03515625
0 0.818359375 0.26953125 0.03515625 0.03515625
0 0.3740234375 0.267578125 0.052734375 0.0546875
0 0.890625 0.2568359375 0.03125 0.037109375
0 0.4794921875 0.26171875 0.044921875 0.046875
0 0.015625 0.2587890625 0.03125 0.041015625
0 0.7998046875 0.25390625 0.033203125 0.03515625
0 0.595703125 0.2587890625 0.04296875 0.044921875
0 0.544921875 0.2744140625 0.0390625 0.076171875
0 0.7216796875 0.2666015625 0.060546875 0.064453125
0 0.091796875 0.2529296875 0.0390625 0.037109375
0 0.9580078125 0.2548828125 0.033203125 0.044921875
0 0.1884765625 0.25 0.029296875 0.03515625
0 0.873046875 0.2412109375 0.03125 0.037109375
0 0.78125 0.2392578125 0.03125 0.037109375
0 0.169921875 0.2373046875 0.03125 0.033203125
0 0.57421875 0.232421875 0.02734375 0.02734375
0 0.45703125 0.240234375 0.0390625 0.04296875
0 0.3330078125 0.248046875 0.052734375 0.05859375
0 0.9404296875 0.2353515625 0.033203125 0.037109375
0 0.1484375 0.2255859375 0.02734375 0.025390625
0 0.8544921875 0.2265625 0.033203125 0.03515625
0 0.7412109375 0.2236328125 0.029296875 0.029296875
0 0.9951171875 0.2158203125 0.009765625 0.017578125
0 0.25390625 0.2412109375 0.08203125 0.072265625
0 0.919921875 0.220703125 0.03515625 0.03515625
0 0.5546875 0.2197265625 0.03125 0.033203125
0 0.435546875 0.2236328125 0.04296875 0.041015625
0 0.0419921875 0.21875 0.033203125 0.03515625
0 0.1171875 0.2099609375 0.02734375 0.025390625
0 0.666015625 0.2197265625 0.04296875 0.048828125
0 0.8681640625 0.2021484375 0.017578125 0.017578125
0 0.7548828125 0.2080078125 0.033203125 0.029296875
0 0.486328125 0.20703125 0.0390625 0.02734375
0 0.833984375 0.208984375 0.03515625 0.03515625
0 0.6396484375 0.2041015625 0.033203125 0.037109375
0 0.8974609375 0.19921875 0.033203125 0.03515625
0 0.5244140625 0.2001953125 0.033203125 0.037109375
0 0.240234375 0.2080078125 0.0546875 0.052734375
0 0.8154296875 0.1962890625 0.033203125 0.033203125
0 0.0185546875 0.1953125 0.033203125 0.03515625
0 0.1376953125 0.189453125 0.029296875 0.02734375
0 0.982421875 0.1904296875 0.03125 0.033203125
0 0.3994140625 0.1982421875 0.056640625 0.048828125
0 0.1904296875 0.19140625 0.044921875 0.0390625
0 0.0771484375 0.1796875 0.033203125 0.03515625
0 0.0068359375 0.1748046875 0.013671875 0.025390625
0 0.7802734375 0.177734375 0.033203125 0.03515625
0 0.5009765625 0.1748046875 0.029296875 0.029296875
0 0.40625 0.1669921875 0.02734375 0.025390625
0 0.216796875 0.1748046875 0.0390625 0.041015625
0 0.849609375 0.1650390625 0.05078125 0.041015625
0 0.2939453125 0.1669921875 0.041015625 0.044921875
0 0.0478515625 0.16015625 0.029296875 0.03125
0 0.470703125 0.1650390625 0.0390625 0.044921875
0 0.80078125 0.1591796875 0.03515625 0.037109375
0 0.0927734375 0.15625 0.033203125 0.03125
0 0.5703125 0.1513671875 0.0390625 0.037109375
0 0.927734375 0.1435546875 0.03515625 0.033203125
0 0.015625 0.1376953125 0.03125 0.029296875
0 0.3232421875 0.1376953125 0.037109375 0.033203125
0 0.814453125 0.1337890625 0.0234375 0.029296875
0 0.435546875 0.12890625 0.03125 0.03515625
0 0.1552734375 0.1376953125 0.068359375 0.064453125
0 0.91015625 0.123046875 0.03515625 0.04296875
0 0.6572265625 0.1533203125 0.154296875 0.103515625
0 0.53515625 0.1220703125 0.04296875 0.041015625
0 0.35546875 0.1201171875 0.03515625 0.037109375
0 0.875 0.1103515625 0.03125 0.029296875
0 0.98828125 0.11328125 0.0234375 0.04296875
0 0.119140625 0.109375 0.03125 0.03515625
0 0.755859375 0.111328125 0.03515625 0.04296875
0 0.2412109375 0.1171875 0.072265625 0.0625
0 0.064453125 0.0966796875 0.02734375 0.029296875
0 0.3291015625 0.0927734375 0.033203125 0.033203125
0 0.1064453125 0.0869140625 0.029296875 0.025390625
0 0.892578125 0.0830078125 0.02734375 0.029296875
0 0.85546875 0.083984375 0.03125 0.03125
0 0.7666015625 0.0830078125 0.041015625 0.037109375
0 0.2001953125 0.0869140625 0.044921875 0.044921875
0 0.0869140625 0.0703125 0.025390625 0.0234375
0 0.3857421875 0.078125 0.033203125 0.04296875
0 0.0185546875 0.0810546875 0.037109375 0.056640625
0 0.7900390625 0.06640625 0.037109375 0.03125
0 0.4921875 0.0712890625 0.046875 0.044921875
0 0.8662109375 0.0615234375 0.033203125 0.033203125
0 0.720703125 0.0634765625 0.03515625 0.037109375
0 0.06640625 0.0615234375 0.0234375 0.033203125
0 0.611328125 0.0859375 0.10546875 0.0859375
0 0.2734375 0.060546875 0.04296875 0.04296875
0 0.158203125 0.0595703125 0.05859375 0.060546875
0 0.810546875 0.04296875 0.03125 0.03125
0 0.986328125 0.0439453125 0.02734375 0.037109375
0 0.8857421875 0.0380859375 0.025390625 0.025390625
0 0.408203125 0.046875 0.0546875 0.04296875
0 0.041015625 0.044921875 0.04296875 0.0390625
0 0.54296875 0.056640625 0.08984375 0.0703125
0 0.24609375 0.0400390625 0.04296875 0.041015625
0 0.1240234375 0.033203125 0.037109375 0.0390625
0 0.00390625 0.0205078125 0.0078125 0.013671875
0 0.7861328125 0.025390625 0.029296875 0.03125
0 0.9541015625 0.013671875 0.025390625 0.0234375
0 0.9267578125 0.0029296875 0.009765625 0.005859375
0 0.9169921875 0.0263671875 0.060546875 0.052734375
0 0.8447265625 0.009765625 0.037109375 0.01953125
0 0.763671875 0.013671875 0.03515625 0.02734375
0 0.5400390625 0.01953125 0.052734375 0.0390625
0 0.44921875 0.013671875 0.03125 0.02734375
0 0.3271484375 0.029296875 0.076171875 0.05859375
0 0.2216796875 0.017578125 0.033203125 0.03515625
0 0.203125 0.0048828125 0.015625 0.009765625
0 0.1064453125 0.005859375 0.021484375 0.01171875
0 0.0810546875 0.0126953125 0.033203125 0.025390625
0 0.0078125 0.0048828125 0.015625 0.009765625