0 0.0634765625 0.3623046875 0.029296875 0.017578125
0 0.115234375 0.3251953125 0.03125 0.037109375
0 0.01171875 0.302734375 0.0234375 0.015625
0 0.064453125 0.2685546875 0.0703125 0.052734375
0 0.0068359375 0.2158203125 0.013671875 0.029296875
0 0.1513671875 0.0927734375 0.033203125 0.044921875
0 0.29296875 0.07421875 0.01953125 0.02734375
0 0.0048828125 0.0517578125 0.009765625 0.021484375
0 0.412109375 0.0576171875 0.05859375 0.048828125
0 0.1455078125 0.0166015625 0.029296875 0.021484375
0 0.216796875 0.0224609375 0.0703125 0.044921875
0 0.162109375 0.00390625 0.01953125 0.0078125