0 0.2705078125 0.994140625 0.029296875 0.01171875
0 0.318359375 0.9873046875 0.0390625 0.025390625
0 0.1357421875 0.986328125 0.025390625 0.02734375
0 0.1796875 0.9140625 0.0390625 0.03125
0 0.052734375 0.9169921875 0.0390625 0.041015625
0 0.015625 0.8984375 0.03125 0.03125
0 0.3525390625 0.8720703125 0.029296875 0.041015625
0 0.3896484375 0.8486328125 0.025390625 0.021484375
0 0.984375 0.8583984375 0.03125 0.060546875
0 0.1376953125 0.84375 0.060546875 0.05078125
0 0.9267578125 0.8466796875 0.041015625 0.064453125
0 0.4912109375 0.8203125 0.029296875 0.0234375
0 0.0673828125 0.8251953125 0.037109375 0.033203125
0 0.2509765625 0.8173828125 0.041015625 0.048828125
0 0.8369140625 0.7822265625 0.033203125 0.052734375
0 0.2060546875 0.7705078125 0.025390625 0.029296875
0 0.51953125 0.7626953125 0.03125 0.041015625
0 0.9775390625 0.7255859375 0.044921875 0.033203125
0 0.0126953125 0.71875 0.025390625 0.04296875
0 0.013671875 0.666015625 0.0234375 0.0390625
0 0.634765625 0.6591796875 0.0390625 0.037109375
0 0.8203125 0.6552734375 0.0546875 0.048828125
0 0.37890625 0.654296875 0.0390625 0.05859375
0 0.0322265625 0.611328125 0.029296875 0.0390625
0 0.6708984375 0.6064453125 0.037109375 0.048828125
0 0.080078125 0.5810546875 0.0234375 0.021484375
0 0.064453125 0.552734375 0.02734375 0.02734375
0 0.2470703125 0.5556640625 0.052734375 0.048828125
0 0.1015625 0.529296875 0.0390625 0.03515625
0 0.16015625 0.5244140625 0.0390625 0.029296875
0 0.4521484375 0.5283203125 0.044921875 0.052734375
0 0.662109375 0.5087890625 0.03125 0.037109375
0 0.51953125 0.4951171875 0.046875 0.052734375
0 0.83203125 0.4677734375 0.05078125 0.044921875
0 0.6748046875 0.453125 0.041015625 0.03515625
0 0.3642578125 0.423828125 0.037109375 0.03515625
0 0.11328125 0.4208984375 0.0390625 0.041015625
0 0.16015625 0.40234375 0.03515625 0.0234375
0 0.076171875 0.3994140625 0.02734375 0.037109375
0 0.19921875 0.3759765625 0.03125 0.033203125
0 0.576171875 0.37109375 0.07421875 0.1015625
0 0.2275390625 0.314453125 0.017578125 0.02734375
0 0.0224609375 0.3203125 0.044921875 0.046875
0 0.328125 0.2958984375 0.03125 0.048828125
0 0.6513671875 0.2890625 0.037109375 0.0390625
0 0.30078125 0.26171875 0.015625 0.015625
0 0.2294921875 0.267578125 0.029296875 0.03125
0 0.41796875 0.267578125 0.04296875 0.046875
0 0.0625 0.2578125 0.0390625 0.03515625
0 0.8857421875 0.2158203125 0.068359375 0.052734375
0 0.3466796875 0.205078125 0.037109375 0.04296875
0 0.0068359375 0.1953125 0.013671875 0.0234375
0 0.666015625 0.20703125 0.046875 0.05078125
0 0.26953125 0.1953125 0.03515625 0.02734375
0 0.224609375 0.193359375 0.02734375 0.0234375
0 0.1865234375 0.1943359375 0.017578125 0.029296875
0 0.1533203125 0.19140625 0.021484375 0.0234375
0 0.4248046875 0.1767578125 0.064453125 0.029296875
0 0.1162109375 0.1787109375 0.033203125 0.033203125
0 0.71875 0.17578125 0.046875 0.0390625
0 0.015625 0.1650390625 0.03125 0.037109375
0 0.0888671875 0.1513671875 0.033203125 0.025390625
0 0.6142578125 0.1474609375 0.033203125 0.041015625
0 0.2890625 0.1279296875 0.0234375 0.017578125
0 0.0029296875 0.1220703125 0.005859375 0.009765625
0 0.068359375 0.1240234375 0.03515625 0.025390625
0 0.208984375 0.1220703125 0.01953125 0.025390625
0 0.1767578125 0.115234375 0.017578125 0.0234375
0 0.5625 0.11328125 0.03125 0.0234375
0 0.2451171875 0.11328125 0.025390625 0.03515625
0 0.7431640625 0.107421875 0.041015625 0.03125
0 0.51171875 0.1103515625 0.0390625 0.037109375
0 0.939453125 0.10546875 0.03515625 0.03125
0 0.37890625 0.1005859375 0.0390625 0.021484375
0 0.146484375 0.1025390625 0.02734375 0.029296875
0 0.291015625 0.0986328125 0.0234375 0.025390625
0 0.0078125 0.0966796875 0.015625 0.021484375
0 0.044921875 0.1015625 0.03515625 0.04296875
0 0.44921875 0.0888671875 0.04296875 0.029296875
0 0.12109375 0.0791015625 0.03125 0.033203125
0 0.68359375 0.0693359375 0.04296875 0.033203125
0 0.01953125 0.0634765625 0.0390625 0.033203125
0 0.2412109375 0.0595703125 0.025390625 0.029296875
0 0.287109375 0.05859375 0.03125 0.03125
0 0.16796875 0.0478515625 0.01953125 0.017578125
0 0.0986328125 0.05078125 0.033203125 0.03125
0 0.203125 0.0419921875 0.0234375 0.025390625
0 0.3896484375 0.029296875 0.033203125 0.01953125
0 0.0087890625 0.033203125 0.017578125 0.02734375
0 0.138671875 0.0263671875 0.01953125 0.017578125
0 0.4306640625 0.0234375 0.037109375 0.01953125
0 0.3466796875 0.0234375 0.037109375 0.02734375
0 0.1044921875 0.017578125 0.017578125 0.01953125
0 0.068359375 0.0224609375 0.04296875 0.033203125
0 0.8349609375 0.0087890625 0.025390625 0.017578125
0 0.8115234375 0.0029296875 0.009765625 0.005859375
0 0.63671875 0.0263671875 0.04296875 0.052734375
0 0.47265625 0.0078125 0.01953125 0.015625
0 0.3125 0.0078125 0.02734375 0.015625
0 0.1787109375 0.0146484375 0.029296875 0.029296875
0 0.138671875 0.005859375 0.01953125 0.01171875
0 0.04296875 0.0029296875 0.0078125 0.005859375