0 0.7294921875 0.9912109375 0.033203125 0.017578125
0 0.76953125 0.990234375 0.03125 0.01953125
0 0.8427734375 0.982421875 0.068359375 0.03515625
0 0.4912109375 0.962890625 0.056640625 0.0546875
0 0.384765625 0.9638671875 0.13671875 0.072265625
0 0.990234375 0.9482421875 0.01953125 0.052734375
0 0.439453125 0.9033203125 0.08203125 0.080078125
0 0.6298828125 0.9111328125 0.103515625 0.115234375
0 0.87109375 0.904296875 0.125 0.11328125
0 0.9482421875 0.8779296875 0.068359375 0.068359375
0 0.6923828125 0.8701171875 0.048828125 0.056640625
0 0.7587890625 0.857421875 0.056640625 0.05859375
0 0.978515625 0.826171875 0.04296875 0.08984375
0 0.677734375 0.7919921875 0.078125 0.072265625
0 0.767578125 0.78125 0.07421875 0.078125
0 0.3408203125 0.76171875 0.068359375 0.06640625
0 0.166015625 0.724609375 0.05078125 0.0546875
0 0.818359375 0.7275390625 0.09765625 0.103515625
0 0.5986328125 0.7529296875 0.169921875 0.177734375
0 0.201171875 0.6865234375 0.04296875 0.044921875
0 0.0693359375 0.7236328125 0.111328125 0.142578125
0 0.4599609375 0.70703125 0.111328125 0.1171875
0 0.236328125 0.673828125 0.0546875 0.0546875
0 0.357421875 0.6640625 0.078125 0.07421875
0 0.04296875 0.66796875 0.0859375 0.09765625
0 0.8583984375 0.6669921875 0.150390625 0.146484375
0 0.2861328125 0.6181640625 0.048828125 0.048828125
0 0.1630859375 0.6123046875 0.083984375 0.083984375
0 0.01171875 0.59375 0.0234375 0.06640625
0 0.2333984375 0.5634765625 0.048828125 0.048828125
0 0.119140625 0.576171875 0.078125 0.08203125
0 0.7392578125 0.59375 0.126953125 0.125
0 0.4638671875 0.5791015625 0.130859375 0.123046875
0 0.921875 0.609375 0.15625 0.19140625
0 0.3603515625 0.5283203125 0.076171875 0.076171875
0 0.5556640625 0.5546875 0.099609375 0.140625
0 0.0615234375 0.51953125 0.080078125 0.08203125
0 0.6201171875 0.513671875 0.095703125 0.078125
0 0.94921875 0.5322265625 0.1015625 0.130859375
0 0.42578125 0.46875 0.046875 0.04296875
0 0.2900390625 0.4912109375 0.091796875 0.087890625
0 0.0283203125 0.4814453125 0.056640625 0.076171875
0 0.8330078125 0.482421875 0.076171875 0.08203125
0 0.9755859375 0.4658203125 0.048828125 0.072265625
0 0.15234375 0.4912109375 0.1328125 0.126953125
0 0.48046875 0.4580078125 0.06640625 0.068359375
0 0.3720703125 0.4365234375 0.033203125 0.033203125
0 0.216796875 0.4521484375 0.08984375 0.087890625
0 0.8759765625 0.4287109375 0.044921875 0.048828125
0 0.9501953125 0.4208984375 0.037109375 0.037109375
0 0.98828125 0.4111328125 0.0234375 0.044921875
0 0.5498046875 0.4296875 0.076171875 0.08203125
0 0.25 0.41796875 0.09375 0.08984375
0 0.4189453125 0.388671875 0.048828125 0.05859375
0 0.0498046875 0.3974609375 0.087890625 0.087890625
0 0.08203125 0.365234375 0.0546875 0.0546875
0 0.7158203125 0.3583984375 0.052734375 0.044921875
0 0.6171875 0.4072265625 0.1640625 0.166015625
0 0.1591796875 0.349609375 0.072265625 0.0703125
0 0.0126953125 0.330078125 0.025390625 0.046875
0 0.9462890625 0.361328125 0.107421875 0.12109375
0 0.462890625 0.330078125 0.078125 0.078125
0 0.6845703125 0.28125 0.021484375 0.01953125
0 0.408203125 0.2861328125 0.0546875 0.056640625
0 0.09765625 0.294921875 0.06640625 0.07421875
0 0.322265625 0.3076171875 0.08203125 0.123046875
0 0.876953125 0.265625 0.08203125 0.078125
0 0.71875 0.32421875 0.21484375 0.2265625
0 0.0751953125 0.236328125 0.060546875 0.05859375
0 0.0263671875 0.2197265625 0.052734375 0.068359375
0 0.6220703125 0.2001953125 0.033203125 0.033203125
0 0.193359375 0.265625 0.2109375 0.1953125
0 0.9833984375 0.1748046875 0.033203125 0.048828125
0 0.63671875 0.1650390625 0.0625 0.056640625
0 0.0615234375 0.13671875 0.048828125 0.046875
0 0.7978515625 0.1904296875 0.162109375 0.162109375
0 0.669921875 0.1298828125 0.046875 0.048828125
0 0.220703125 0.1728515625 0.12890625 0.134765625
0 0.7236328125 0.1083984375 0.068359375 0.072265625
0 0.1123046875 0.08984375 0.087890625 0.0546875
0 0.9150390625 0.1396484375 0.169921875 0.185546875
0 0.75390625 0.0703125 0.05078125 0.05078125
0 0.1923828125 0.0556640625 0.029296875 0.037109375
0 0.9287109375 0.052734375 0.107421875 0.1015625
0 0.98828125 0.017578125 0.0234375 0.03515625
0 0.9677734375 0.0078125 0.025390625 0.015625
0 0.794921875 0.029296875 0.0625 0.05859375
0 0.6708984375 0.03515625 0.095703125 0.0703125
0 0.515625 0.12890625 0.1875 0.2578125
0 0.3828125 0.1591796875 0.3125 0.318359375
0 0.1591796875 0.0224609375 0.056640625 0.044921875
0 0.0458984375 0.03515625 0.091796875 0.0703125