0 0.873046875 0.9970703125 0.01171875 0.005859375
0 0.3603515625 0.9873046875 0.029296875 0.025390625
0 0.0029296875 0.96875 0.005859375 0.0078125
0 0.8486328125 0.9765625 0.033203125 0.03125
0 0.9814453125 0.9638671875 0.025390625 0.021484375
0 0.15625 0.9658203125 0.03125 0.029296875
0 0.9453125 0.9599609375 0.02734375 0.021484375
0 0.3740234375 0.9560546875 0.029296875 0.033203125
0 0.06640625 0.953125 0.03125 0.03515625
0 0.2958984375 0.9423828125 0.029296875 0.037109375
0 0.83203125 0.935546875 0.0234375 0.03125
0 0.1787109375 0.9306640625 0.029296875 0.033203125
0 0.90234375 0.9296875 0.0234375 0.03515625
0 0.0224609375 0.919921875 0.029296875 0.03515625
0 0.3154296875 0.9130859375 0.029296875 0.041015625
0 0.0078125 0.9052734375 0.015625 0.029296875
0 0.1162109375 0.8935546875 0.029296875 0.033203125
0 0.8330078125 0.88671875 0.025390625 0.03125
0 0.9130859375 0.8828125 0.029296875 0.02734375
0 0.3359375 0.8857421875 0.03125 0.033203125
0 0.2197265625 0.8857421875 0.037109375 0.033203125
0 0.0888671875 0.8759765625 0.033203125 0.033203125
0 0.435546875 0.8642578125 0.02734375 0.029296875
0 0.1416015625 0.8583984375 0.037109375 0.033203125
0 0.35546875 0.8564453125 0.03125 0.033203125
0 0.234375 0.85546875 0.04296875 0.03515625
0 0.8466796875 0.8505859375 0.029296875 0.029296875
0 0.9375 0.845703125 0.02734375 0.03125
0 0.0615234375 0.8515625 0.037109375 0.04296875
0 0.15625 0.8369140625 0.0390625 0.033203125
0 0.0341796875 0.8388671875 0.033203125 0.037109375
0 0.45703125 0.83203125 0.03125 0.03515625
0 0.3740234375 0.826171875 0.029296875 0.03515625
0 0.1767578125 0.81640625 0.029296875 0.02734375
0 0.869140625 0.8154296875 0.02734375 0.029296875
0 0.068359375 0.8134765625 0.03515625 0.029296875
0 0.9609375 0.8095703125 0.02734375 0.029296875
0 0.2578125 0.818359375 0.05078125 0.0546875
0 0.13671875 0.796875 0.0234375 0.0234375
0 0.4814453125 0.796875 0.029296875 0.03515625
0 0.19140625 0.7919921875 0.03125 0.029296875
0 0.0830078125 0.791015625 0.033203125 0.02734375
0 0.396484375 0.7900390625 0.03125 0.041015625
0 0.2822265625 0.787109375 0.041015625 0.03515625
0 0.8916015625 0.78125 0.029296875 0.03125
0 0.984375 0.771484375 0.02734375 0.03125
0 0.2060546875 0.7705078125 0.033203125 0.029296875
0 0.009765625 0.771484375 0.01953125 0.03125
0 0.2958984375 0.7646484375 0.041015625 0.037109375
0 0.095703125 0.7578125 0.03125 0.03125
0 0.5078125 0.759765625 0.03515625 0.0390625
0 0.4208984375 0.7548828125 0.033203125 0.037109375
0 0.1650390625 0.7490234375 0.025390625 0.025390625
0 0.998046875 0.7353515625 0.00390625 0.005859375
0 0.9150390625 0.7470703125 0.029296875 0.029296875
0 0.0205078125 0.7451171875 0.029296875 0.033203125
0 0.3095703125 0.7431640625 0.041015625 0.037109375
0 0.111328125 0.7333984375 0.02734375 0.029296875
0 0.529296875 0.7265625 0.02734375 0.03125
0 0.232421875 0.7265625 0.03125 0.03125
0 0.0361328125 0.7216796875 0.029296875 0.033203125
0 0.326171875 0.7197265625 0.0390625 0.033203125
0 0.443359375 0.7177734375 0.03125 0.033203125
0 0.935546875 0.7138671875 0.02734375 0.029296875
0 0.1298828125 0.7099609375 0.029296875 0.029296875
0 0.2021484375 0.7041015625 0.021484375 0.021484375
0 0.546875 0.701171875 0.03125 0.02734375
0 0.33984375 0.69921875 0.0390625 0.03515625
0 0.0517578125 0.6962890625 0.029296875 0.033203125
0 0.8583984375 0.6884765625 0.037109375 0.037109375
0 0.146484375 0.68359375 0.03125 0.02734375
0 0.5615234375 0.681640625 0.033203125 0.02734375
0 0.466796875 0.681640625 0.03515625 0.0390625
0 0.2626953125 0.677734375 0.037109375 0.03125
0 0.9580078125 0.677734375 0.029296875 0.03515625
0 0.357421875 0.67578125 0.03515625 0.03515625
0 0.0703125 0.6728515625 0.03125 0.033203125
0 0.87890625 0.6552734375 0.0234375 0.025390625
0 0.1630859375 0.65234375 0.029296875 0.0234375
0 0.3681640625 0.6484375 0.025390625 0.02734375
0 0.0849609375 0.6484375 0.033203125 0.02734375
0 0.8095703125 0.65234375 0.033203125 0.0390625
0 0.5810546875 0.6494140625 0.037109375 0.037109375
0 0.490234375 0.64453125 0.03515625 0.03515625
0 0.9765625 0.6416015625 0.03125 0.033203125
0 0.2880859375 0.64453125 0.037109375 0.0546875
0 0.005859375 0.6259765625 0.01171875 0.021484375
0 0.8984375 0.62890625 0.03125 0.03515625
0 0.1025390625 0.625 0.033203125 0.02734375
0 0.7548828125 0.6103515625 0.029296875 0.029296875
0 0.3056640625 0.611328125 0.033203125 0.03515625
0 0.9921875 0.6025390625 0.015625 0.029296875
0 0.5146484375 0.607421875 0.037109375 0.0390625
0 0.3984375 0.6064453125 0.04296875 0.037109375
0 0.0126953125 0.6025390625 0.025390625 0.029296875
0 0.9208984375 0.6015625 0.037109375 0.04296875
0 0.615234375 0.5947265625 0.03125 0.037109375
0 0.775390625 0.587890625 0.03125 0.02734375
0 0.84375 0.591796875 0.046875 0.0546875
0 0.02734375 0.5771484375 0.02734375 0.029296875
0 0.2880859375 0.5693359375 0.021484375 0.021484375
0 0.9365234375 0.5712890625 0.029296875 0.033203125
0 0.8642578125 0.5615234375 0.029296875 0.025390625
0 0.4287109375 0.5595703125 0.033203125 0.025390625
0 0.3310546875 0.5595703125 0.037109375 0.029296875
0 0.796875 0.5546875 0.03125 0.02734375
0 0.546875 0.5546875 0.03125 0.03125
0 0.63671875 0.5537109375 0.03515625 0.033203125
0 0.7265625 0.546875 0.05078125 0.03125
0 0.8779296875 0.5419921875 0.025390625 0.025390625
0 0.3525390625 0.5439453125 0.033203125 0.029296875
0 0.44140625 0.54296875 0.0390625 0.03125
0 0.9599609375 0.5390625 0.029296875 0.02734375
0 0.5693359375 0.53515625 0.021484375 0.0234375
0 0.8134765625 0.53125 0.025390625 0.0234375
0 0.6630859375 0.5341796875 0.041015625 0.033203125
0 0.7529296875 0.521484375 0.025390625 0.0234375
0 0.3623046875 0.521484375 0.037109375 0.03515625
0 0.9072265625 0.513671875 0.033203125 0.03515625
0 0.8310546875 0.5068359375 0.025390625 0.025390625
0 0.67578125 0.509765625 0.03515625 0.03125
0 0.5869140625 0.5048828125 0.025390625 0.029296875
0 0.7626953125 0.498046875 0.033203125 0.03125
0 0.3837890625 0.49609375 0.029296875 0.02734375
0 0.8798828125 0.4931640625 0.025390625 0.029296875
0 0.986328125 0.4873046875 0.02734375 0.033203125
0 0.779296875 0.478515625 0.0234375 0.0234375
0 0.724609375 0.4765625 0.01953125 0.01953125
0 0.6923828125 0.482421875 0.033203125 0.03125
0 0.6005859375 0.48046875 0.029296875 0.02734375
0 0.474609375 0.494140625 0.046875 0.0546875
0 0.85546875 0.478515625 0.02734375 0.02734375
0 0.4912109375 0.46484375 0.041015625 0.03125
0 0.4013671875 0.462890625 0.037109375 0.03125
0 0.7890625 0.4580078125 0.02734375 0.029296875
0 0.703125 0.45703125 0.03125 0.02734375
0 0.947265625 0.4541015625 0.02734375 0.033203125
0 0.416015625 0.4423828125 0.03515625 0.029296875
0 0.9267578125 0.439453125 0.033203125 0.03515625
0 0.7666015625 0.4306640625 0.017578125 0.017578125
0 0.5107421875 0.4384765625 0.037109375 0.033203125
0 0.80078125 0.435546875 0.03125 0.03125
0 0.7265625 0.4326171875 0.03125 0.029296875
0 0.9619140625 0.4228515625 0.025390625 0.021484375
0 0.6337890625 0.4296875 0.041015625 0.03515625
0 0.9091796875 0.423828125 0.029296875 0.03125
0 0.4296875 0.419921875 0.03515625 0.03125
0 0.888671875 0.4130859375 0.0234375 0.029296875
0 0.525390625 0.4169921875 0.04296875 0.037109375
0 0.978515625 0.400390625 0.01953125 0.01953125
0 0.7451171875 0.4072265625 0.044921875 0.037109375
0 0.6552734375 0.3994140625 0.033203125 0.029296875
0 0.6240234375 0.3916015625 0.017578125 0.017578125
0 0.8359375 0.392578125 0.02734375 0.0234375
0 0.4453125 0.3994140625 0.04296875 0.041015625
0 0.541015625 0.390625 0.03125 0.02734375
0 0.9140625 0.3876953125 0.02734375 0.025390625
0 0.5869140625 0.3759765625 0.017578125 0.013671875
0 0.673828125 0.3759765625 0.03515625 0.029296875
0 0.849609375 0.3720703125 0.02734375 0.025390625
0 0.4609375 0.373046875 0.02734375 0.02734375
0 0.5517578125 0.3671875 0.025390625 0.0234375
0 0.92578125 0.36328125 0.02734375 0.02734375
0 0.994140625 0.359375 0.01171875 0.02734375
0 0.0029296875 0.3505859375 0.005859375 0.009765625
0 0.685546875 0.35546875 0.03515625 0.03125
0 0.865234375 0.349609375 0.02734375 0.02734375
0 0.57421875 0.337890625 0.03125 0.02734375
0 0.6396484375 0.3330078125 0.017578125 0.021484375
0 0.494140625 0.333984375 0.03515625 0.03125
0 0.8349609375 0.3251953125 0.025390625 0.021484375
0 0.7900390625 0.33203125 0.037109375 0.03515625
0 0.9736328125 0.333984375 0.029296875 0.04296875
0 0.87890625 0.3251953125 0.02734375 0.029296875
0 0.1640625 0.4423828125 0.26171875 0.263671875
0 0.587890625 0.314453125 0.0234375 0.0234375
0 0.955078125 0.3134765625 0.0234375 0.025390625
0 0.8037109375 0.3125 0.029296875 0.0234375
0 0.46875 0.30859375 0.02734375 0.02734375
0 0.7158203125 0.30859375 0.037109375 0.03125
0 0.0068359375 0.302734375 0.013671875 0.0234375
0 0.6064453125 0.2939453125 0.029296875 0.021484375
0 0.818359375 0.294921875 0.03515625 0.02734375
0 0.912109375 0.2880859375 0.03515625 0.037109375
0 0.7294921875 0.2841796875 0.037109375 0.033203125
0 0.513671875 0.28125 0.04296875 0.03125
0 0.8310546875 0.271484375 0.033203125 0.02734375
0 0.6171875 0.2685546875 0.0234375 0.021484375
0 0.9931640625 0.2685546875 0.013671875 0.025390625
0 0.7470703125 0.259765625 0.041015625 0.03515625
0 0.5341796875 0.255859375 0.037109375 0.03515625
0 0.88671875 0.26171875 0.04296875 0.0546875
0 0.6357421875 0.251953125 0.037109375 0.03515625
0 0.5009765625 0.23828125 0.017578125 0.015625
0 0.029296875 0.2607421875 0.05859375 0.060546875
0 0.8486328125 0.2353515625 0.033203125 0.037109375
0 0.763671875 0.2333984375 0.0390625 0.037109375
0 0.65234375 0.2294921875 0.0390625 0.033203125
0 0.970703125 0.2265625 0.0390625 0.0390625
0 0.056640625 0.2158203125 0.02734375 0.029296875
0 0.56640625 0.212890625 0.0390625 0.03515625
0 0.6630859375 0.205078125 0.029296875 0.02734375
0 0.78125 0.2060546875 0.03125 0.033203125
0 0.9453125 0.205078125 0.03515625 0.03515625
0 0.9189453125 0.1953125 0.029296875 0.03515625
0 0.58203125 0.1923828125 0.0390625 0.033203125
0 0.0771484375 0.1884765625 0.033203125 0.029296875
0 0.6708984375 0.1826171875 0.029296875 0.025390625
0 0.0087890625 0.1806640625 0.017578125 0.033203125
0 0.8037109375 0.173828125 0.037109375 0.0390625
0 0.103515625 0.1689453125 0.0546875 0.029296875
0 0.59765625 0.1689453125 0.0390625 0.037109375
0 0.890625 0.169921875 0.03515625 0.04296875
0 0.6845703125 0.1611328125 0.025390625 0.025390625
0 0.6982421875 0.142578125 0.025390625 0.0234375
0 0.6142578125 0.14453125 0.037109375 0.03125
0 0.916015625 0.138671875 0.0390625 0.03125
0 0.0244140625 0.138671875 0.029296875 0.03515625
0 0.7158203125 0.12890625 0.033203125 0.03125
0 0.6298828125 0.12109375 0.037109375 0.03125
0 0.0107421875 0.1220703125 0.021484375 0.037109375
0 0.9580078125 0.1083984375 0.013671875 0.013671875
0 0.931640625 0.1162109375 0.03515625 0.029296875
0 0.7314453125 0.1123046875 0.033203125 0.029296875
0 0.1318359375 0.1142578125 0.033203125 0.033203125
0 0.8427734375 0.1162109375 0.048828125 0.056640625
0 0.64453125 0.0986328125 0.0390625 0.033203125
0 0.9892578125 0.099609375 0.021484375 0.0390625
0 0.74609375 0.091796875 0.03515625 0.03515625
0 0.974609375 0.0849609375 0.03515625 0.037109375
0 0.8642578125 0.0849609375 0.037109375 0.037109375
0 0.1533203125 0.0849609375 0.037109375 0.037109375
0 0.66015625 0.0751953125 0.0390625 0.033203125
0 0.7705078125 0.0732421875 0.037109375 0.041015625
0 0.9541015625 0.0673828125 0.033203125 0.041015625
0 0.8798828125 0.0625 0.037109375 0.03515625
0 0.1689453125 0.0595703125 0.037109375 0.029296875
0 0.7890625 0.0546875 0.03125 0.03515625
0 0.6767578125 0.0498046875 0.041015625 0.033203125
0 0.03515625 0.0556640625 0.05078125 0.048828125
0 0.8134765625 0.0380859375 0.037109375 0.037109375
0 0.1875 0.0380859375 0.0390625 0.037109375
0 0.009765625 0.0302734375 0.01953125 0.025390625
0 0.9140625 0.02734375 0.03515625 0.03515625
0 0.6962890625 0.025390625 0.041015625 0.03515625
0 0.833984375 0.0234375 0.0390625 0.03515625
0 0.0029296875 0.0107421875 0.005859375 0.009765625
0 0.888671875 0.0146484375 0.03515625 0.029296875
0 0.865234375 0.00390625 0.015625 0.0078125
0 0.7255859375 0.01171875 0.041015625 0.0234375
0 0.369140625 0.091796875 0.17578125 0.18359375
0 0.119140625 0.0234375 0.05859375 0.046875