0 0.8251953125 0.9873046875 0.037109375 0.025390625
0 0.20703125 0.7763671875 0.0234375 0.033203125
0 0.111328125 0.75 0.02734375 0.03515625
0 0.083984375 0.708984375 0.03515625 0.0234375
0 0.185546875 0.697265625 0.02734375 0.02734375
0 0.0380859375 0.6865234375 0.037109375 0.029296875
0 0.0078125 0.6533203125 0.015625 0.029296875
0 0.1796875 0.642578125 0.0234375 0.02734375
0 0.087890625 0.63671875 0.03515625 0.02734375
0 0.0341796875 0.5888671875 0.033203125 0.037109375
0 0.177734375 0.5810546875 0.02734375 0.033203125
0 0.103515625 0.5625 0.02734375 0.02734375
0 0.005859375 0.5458984375 0.01171875 0.021484375
0 0.984375 0.5419921875 0.03125 0.033203125
0 0.1640625 0.5205078125 0.02734375 0.033203125
0 0.5703125 0.51171875 0.03125 0.03125
0 0.072265625 0.509765625 0.046875 0.0390625
0 0.4794921875 0.4951171875 0.025390625 0.037109375
0 0.841796875 0.494140625 0.04296875 0.046875
0 0.6396484375 0.48046875 0.037109375 0.02734375
0 0.7568359375 0.48046875 0.025390625 0.03515625
0 0.6923828125 0.4775390625 0.037109375 0.029296875
0 0.1279296875 0.47265625 0.029296875 0.03125
0 0.5791015625 0.4677734375 0.037109375 0.025390625
0 0.0341796875 0.466796875 0.037109375 0.03515625
0 0.4755859375 0.4462890625 0.033203125 0.037109375
0 0.005859375 0.423828125 0.01171875 0.01953125
0 0.087890625 0.427734375 0.03515625 0.03515625
0 0.8857421875 0.4189453125 0.037109375 0.056640625
0 0.7939453125 0.396484375 0.041015625 0.03125
0 0.728515625 0.3955078125 0.03515625 0.029296875
0 0.6787109375 0.38671875 0.041015625 0.02734375
0 0.4833984375 0.388671875 0.037109375 0.0390625
0 0.0498046875 0.3818359375 0.033203125 0.033203125
0 0.626953125 0.3818359375 0.02734375 0.037109375
0 0.56640625 0.369140625 0.0234375 0.03515625
0 0.490234375 0.3388671875 0.03125 0.037109375
0 0.013671875 0.3369140625 0.02734375 0.037109375
0 0.9189453125 0.3193359375 0.041015625 0.025390625
0 0.849609375 0.310546875 0.03515625 0.0234375
0 0.7958984375 0.3095703125 0.037109375 0.029296875
0 0.744140625 0.306640625 0.03515625 0.03125
0 0.6884765625 0.30078125 0.033203125 0.03125
0 0.6396484375 0.298828125 0.037109375 0.03515625
0 0.4892578125 0.291015625 0.033203125 0.01953125
0 0.5791015625 0.296875 0.037109375 0.03515625
0 0.408203125 0.271484375 0.0390625 0.0390625
0 0.8701171875 0.24609375 0.033203125 0.02734375
0 0.818359375 0.2373046875 0.03515625 0.033203125
0 0.7607421875 0.2333984375 0.037109375 0.025390625
0 0.376953125 0.228515625 0.04296875 0.02734375
0 0.7099609375 0.224609375 0.037109375 0.03125
0 0.6650390625 0.2197265625 0.044921875 0.029296875
0 0.48046875 0.2177734375 0.03515625 0.025390625
0 0.5439453125 0.21484375 0.033203125 0.02734375
0 0.94140625 0.21875 0.02734375 0.0390625
0 0.59765625 0.2109375 0.03515625 0.03125
0 0.9365234375 0.173828125 0.021484375 0.02734375
0 0.24609375 0.234375 0.14453125 0.1484375
0 0.447265625 0.1689453125 0.03125 0.037109375
0 0.322265625 0.1611328125 0.0390625 0.041015625
0 0.484375 0.1474609375 0.0390625 0.029296875
0 0.927734375 0.130859375 0.02734375 0.0234375
0 0.5146484375 0.1279296875 0.025390625 0.029296875
0 0.5537109375 0.111328125 0.021484375 0.0234375
0 0.603515625 0.103515625 0.03515625 0.02734375
0 0.869140625 0.1005859375 0.03125 0.025390625
0 0.82421875 0.0947265625 0.0390625 0.017578125
0 0.91796875 0.095703125 0.03515625 0.02734375
0 0.64453125 0.0927734375 0.03515625 0.021484375
0 0.78515625 0.0888671875 0.0234375 0.021484375
0 0.7666015625 0.0869140625 0.009765625 0.017578125
0 0.3388671875 0.0986328125 0.041015625 0.041015625
0 0.72265625 0.091796875 0.02734375 0.03125
0 0.6806640625 0.0869140625 0.021484375 0.021484375
0 0.4248046875 0.0791015625 0.033203125 0.037109375
0 0.9931640625 0.05859375 0.013671875 0.01953125
0 0.46484375 0.0576171875 0.02734375 0.029296875
0 0.318359375 0.0380859375 0.02734375 0.037109375
0 0.9921875 0.0283203125 0.015625 0.029296875
0 0.5009765625 0.0322265625 0.025390625 0.037109375
0 0.89453125 0.01953125 0.01171875 0.015625
0 0.9130859375 0.017578125 0.021484375 0.015625
0 0.859375 0.017578125 0.02734375 0.0234375
0 0.591796875 0.0205078125 0.0390625 0.029296875
0 0.6474609375 0.01171875 0.033203125 0.01953125
0 0.990234375 0.0029296875 0.01953125 0.005859375
0 0.82421875 0.013671875 0.03125 0.02734375
0 0.7919921875 0.01171875 0.017578125 0.0234375
0 0.70703125 0.0087890625 0.03515625 0.017578125
0 0.3798828125 0.0166015625 0.029296875 0.033203125
0 0.3037109375 0.00390625 0.017578125 0.0078125