0 0.41796875 0.998046875 0.0078125 0.00390625
0 0.228515625 0.9951171875 0.01953125 0.009765625
0 0.205078125 0.990234375 0.02734375 0.01953125
0 0.9482421875 0.98828125 0.029296875 0.0234375
0 0.3369140625 0.98828125 0.033203125 0.0234375
0 0.0517578125 0.9873046875 0.029296875 0.025390625
0 0.009765625 0.9873046875 0.01953125 0.025390625
0 0.8212890625 0.986328125 0.037109375 0.02734375
0 0.4453125 0.984375 0.0390625 0.03125
0 0.55859375 0.9794921875 0.0546875 0.041015625
0 0.876953125 0.978515625 0.05078125 0.04296875
0 0.984375 0.9716796875 0.03125 0.041015625
0 0.3369140625 0.9609375 0.041015625 0.03125
0 0.9736328125 0.9521484375 0.037109375 0.041015625
0 0.435546875 0.947265625 0.03125 0.03125
0 0.2470703125 0.9501953125 0.025390625 0.041015625
0 0.5224609375 0.927734375 0.029296875 0.02734375
0 0.404296875 0.939453125 0.0390625 0.05078125
0 0.94140625 0.93359375 0.03515625 0.04296875
0 0.37109375 0.9248046875 0.03125 0.029296875
0 0.169921875 0.9228515625 0.04296875 0.041015625
0 0.896484375 0.9140625 0.03125 0.03515625
0 0.8623046875 0.9072265625 0.025390625 0.033203125
0 0.33203125 0.91015625 0.0390625 0.05078125
0 0.548828125 0.8984375 0.03125 0.03125
0 0.833984375 0.8984375 0.03125 0.04296875
0 0.9970703125 0.880859375 0.005859375 0.01171875
0 0.2900390625 0.8916015625 0.033203125 0.044921875
0 0.1142578125 0.876953125 0.033203125 0.02734375
0 0.1943359375 0.876953125 0.041015625 0.03125
0 0.57421875 0.873046875 0.03125 0.03125
0 0.7841796875 0.912109375 0.119140625 0.13671875
0 0.4775390625 0.873046875 0.048828125 0.0703125
0 0.419921875 0.857421875 0.03515625 0.0390625
0 0.5244140625 0.85546875 0.037109375 0.05078125
0 0.3935546875 0.8486328125 0.025390625 0.041015625
0 0.126953125 0.8408203125 0.03125 0.029296875
0 0.9404296875 0.84765625 0.033203125 0.046875
0 0.04296875 0.8515625 0.03515625 0.05859375
0 0.8974609375 0.83984375 0.025390625 0.0390625
0 0.5830078125 0.822265625 0.029296875 0.04296875
0 0.8310546875 0.8232421875 0.111328125 0.056640625
0 0.134765625 0.8115234375 0.04296875 0.033203125
0 0.755859375 0.8037109375 0.0390625 0.041015625
0 0.521484375 0.802734375 0.03125 0.046875
0 0.044921875 0.796875 0.05078125 0.03515625
0 0.986328125 0.798828125 0.02734375 0.05078125
0 0.484375 0.798828125 0.05859375 0.0546875
0 0.607421875 0.775390625 0.02734375 0.02734375
0 0.306640625 0.802734375 0.14453125 0.08984375
0 0.7900390625 0.7666015625 0.037109375 0.029296875
0 0.5849609375 0.7568359375 0.033203125 0.037109375
0 0.16796875 0.7646484375 0.0625 0.064453125
0 0.8720703125 0.7568359375 0.072265625 0.052734375
0 0.435546875 0.7431640625 0.046875 0.041015625
0 0.8193359375 0.73046875 0.033203125 0.02734375
0 0.544921875 0.7353515625 0.02734375 0.037109375
0 0.779296875 0.720703125 0.03515625 0.03125
0 0.5126953125 0.7197265625 0.029296875 0.037109375
0 0.958984375 0.7138671875 0.05078125 0.037109375
0 0.9931640625 0.70703125 0.013671875 0.02734375
0 0.060546875 0.7333984375 0.08203125 0.087890625
0 0.48046875 0.6943359375 0.02734375 0.041015625
0 0.8828125 0.6884765625 0.02734375 0.041015625
0 0.1826171875 0.693359375 0.037109375 0.0703125
0 0.2900390625 0.6787109375 0.056640625 0.048828125
0 0.4580078125 0.6767578125 0.033203125 0.052734375
0 0.8974609375 0.642578125 0.021484375 0.02734375
0 0.2138671875 0.65625 0.048828125 0.0546875
0 0.7919921875 0.65234375 0.029296875 0.0546875
0 0.35546875 0.6337890625 0.02734375 0.025390625
0 0.1484375 0.6708984375 0.05859375 0.107421875
0 0.11328125 0.6357421875 0.03515625 0.044921875
0 0.013671875 0.6337890625 0.02734375 0.076171875
0 0.796875 0.60546875 0.05078125 0.03125
0 0.30078125 0.5986328125 0.02734375 0.048828125
0 0.2744140625 0.58984375 0.029296875 0.05078125
0 0.6357421875 0.6396484375 0.091796875 0.154296875
0 0.2216796875 0.5810546875 0.029296875 0.048828125
0 0.7861328125 0.560546875 0.021484375 0.01953125
0 0.3662109375 0.5693359375 0.025390625 0.072265625
0 0.29296875 0.5439453125 0.01953125 0.021484375
0 0.9609375 0.5830078125 0.078125 0.107421875
0 0.154296875 0.548828125 0.046875 0.05078125
0 0.8173828125 0.54296875 0.064453125 0.05078125
0 0.142578125 0.5302734375 0.02734375 0.029296875
0 0.8642578125 0.52734375 0.025390625 0.02734375
0 0.0595703125 0.4560546875 0.033203125 0.041015625
0 0.98046875 0.4296875 0.0390625 0.03515625
0 0.8203125 0.4345703125 0.08203125 0.095703125
0 0.62109375 0.431640625 0.12109375 0.140625
0 0.95703125 0.369140625 0.01953125 0.0234375
0 0.994140625 0.3671875 0.01171875 0.03515625
0 0.072265625 0.3759765625 0.06640625 0.052734375
0 0.1845703125 0.4462890625 0.185546875 0.216796875
0 0.85546875 0.3525390625 0.0234375 0.033203125
0 0.6669921875 0.35546875 0.091796875 0.1171875
0 0.583984375 0.3173828125 0.06640625 0.087890625
0 0.9365234375 0.3046875 0.126953125 0.078125
0 0.833984375 0.291015625 0.04296875 0.05859375
0 0.4091796875 0.3291015625 0.146484375 0.146484375
0 0.7548828125 0.2880859375 0.052734375 0.083984375
0 0.046875 0.2607421875 0.0390625 0.044921875
0 0.380859375 0.23828125 0.08984375 0.06640625
0 0.96484375 0.2236328125 0.03515625 0.041015625
0 0.1376953125 0.2001953125 0.091796875 0.080078125
0 0.01953125 0.1806640625 0.0390625 0.044921875
0 0.0654296875 0.1650390625 0.021484375 0.021484375
0 0.7822265625 0.16796875 0.037109375 0.03125
0 0.7294921875 0.18359375 0.044921875 0.0625
0 0.10546875 0.1455078125 0.03125 0.033203125
0 0.052734375 0.1357421875 0.015625 0.021484375
0 0.0146484375 0.1337890625 0.029296875 0.037109375
0 0.7666015625 0.123046875 0.017578125 0.01953125
0 0.490234375 0.1396484375 0.06640625 0.072265625
0 0.9208984375 0.169921875 0.158203125 0.13671875
0 0.650390625 0.1416015625 0.08203125 0.123046875
0 0.2060546875 0.091796875 0.091796875 0.0625
0 0.953125 0.07421875 0.09375 0.03125
0 0.642578125 0.08203125 0.0234375 0.046875
0 0.578125 0.11328125 0.078125 0.125
0 0.5244140625 0.072265625 0.068359375 0.046875
0 0.0400390625 0.068359375 0.033203125 0.0390625
0 0.005859375 0.05859375 0.01171875 0.03515625
0 0.4375 0.078125 0.078125 0.09765625
0 0.98828125 0.037109375 0.0234375 0.02734375
0 0.55078125 0.0244140625 0.0546875 0.025390625
0 0.0673828125 0.025390625 0.017578125 0.03125
0 0.9951171875 0.0029296875 0.009765625 0.005859375
0 0.9033203125 0.0380859375 0.052734375 0.076171875
0 0.7578125 0.0322265625 0.0625 0.064453125
0 0.623046875 0.0126953125 0.11328125 0.025390625
0 0.4140625 0.0068359375 0.046875 0.013671875
0 0.3681640625 0.0078125 0.037109375 0.015625
0 0.0283203125 0.01953125 0.017578125 0.0390625