0 0.8310546875 0.9970703125 0.017578125 0.005859375
0 0.990234375 0.9921875 0.01953125 0.015625
0 0.7939453125 0.9921875 0.017578125 0.015625
0 0.375 0.9892578125 0.02734375 0.021484375
0 0.90625 0.9873046875 0.0234375 0.021484375
0 0.298828125 0.9833984375 0.03515625 0.033203125
0 0.7158203125 0.970703125 0.021484375 0.04296875
0 0.5888671875 0.962890625 0.025390625 0.0390625
0 0.5029296875 0.96484375 0.025390625 0.04296875
0 0.8984375 0.953125 0.02734375 0.0234375
0 0.7998046875 0.95703125 0.025390625 0.03515625
0 0.390625 0.9541015625 0.0390625 0.033203125
0 0.2724609375 0.9423828125 0.037109375 0.037109375
0 0.7158203125 0.92578125 0.021484375 0.0234375
0 0.8974609375 0.9140625 0.021484375 0.02734375
0 0.8076171875 0.912109375 0.029296875 0.02734375
0 0.984375 0.908203125 0.03125 0.0234375
0 0.4150390625 0.9140625 0.037109375 0.03515625
0 0.720703125 0.9013671875 0.01953125 0.021484375
0 0.59375 0.908203125 0.03125 0.0390625
0 0.5078125 0.90234375 0.0234375 0.04296875
0 0.3359375 0.8994140625 0.03125 0.037109375
0 0.2265625 0.892578125 0.03515625 0.03515625
0 0.8779296875 0.880859375 0.021484375 0.01953125
0 0.802734375 0.8759765625 0.015625 0.025390625
0 0.9716796875 0.873046875 0.021484375 0.0390625
0 0.72265625 0.8671875 0.02734375 0.03515625
0 0.4404296875 0.86328125 0.033203125 0.03515625
0 0.294921875 0.865234375 0.03515625 0.0390625
0 0.177734375 0.8603515625 0.0390625 0.029296875
0 0.6611328125 0.8515625 0.037109375 0.0234375
0 0.6064453125 0.8427734375 0.029296875 0.021484375
0 0.119140625 0.841796875 0.03125 0.02734375
0 0.009765625 0.837890625 0.01953125 0.03125
0 0.0625 0.8310546875 0.03515625 0.029296875
0 0.9453125 0.83203125 0.03515625 0.03515625
0 0.498046875 0.8251953125 0.03125 0.029296875
0 0.259765625 0.8310546875 0.03515625 0.041015625
0 0.3564453125 0.814453125 0.025390625 0.03515625
0 0.8583984375 0.798828125 0.029296875 0.01953125
0 0.9111328125 0.8017578125 0.041015625 0.029296875
0 0.814453125 0.794921875 0.02734375 0.01953125
0 0.779296875 0.791015625 0.02734375 0.01953125
0 0.7421875 0.783203125 0.03125 0.0234375
0 0.69921875 0.77734375 0.03515625 0.0234375
0 0.2705078125 0.77734375 0.025390625 0.03125
0 0.6357421875 0.7666015625 0.033203125 0.021484375
0 0.16015625 0.76953125 0.03515625 0.02734375
0 0.0986328125 0.7646484375 0.037109375 0.025390625
0 0.9775390625 0.7529296875 0.033203125 0.021484375
0 0.5830078125 0.7568359375 0.056640625 0.029296875
0 0.44921875 0.7666015625 0.046875 0.056640625
0 0.919921875 0.7451171875 0.03125 0.029296875
0 0.51953125 0.7431640625 0.04296875 0.025390625
0 0.201171875 0.7412109375 0.02734375 0.029296875
0 0.04296875 0.7431640625 0.03515625 0.033203125
0 0.37890625 0.7392578125 0.0390625 0.037109375
0 0.8857421875 0.7314453125 0.021484375 0.025390625
0 0.841796875 0.7255859375 0.046875 0.017578125
0 0.2861328125 0.7265625 0.021484375 0.03125
0 0.4052734375 0.716796875 0.017578125 0.015625
0 0.7177734375 0.7099609375 0.033203125 0.021484375
0 0.662109375 0.69921875 0.03125 0.01953125
0 0.2158203125 0.69921875 0.017578125 0.0234375
0 0.58203125 0.697265625 0.03515625 0.0234375
0 0.0576171875 0.6884765625 0.033203125 0.037109375
0 0.939453125 0.6728515625 0.0234375 0.029296875
0 0.283203125 0.6708984375 0.0234375 0.033203125
0 0.8759765625 0.6630859375 0.037109375 0.029296875
0 0.2080078125 0.646484375 0.025390625 0.0234375
0 0.767578125 0.64453125 0.0390625 0.03125
0 0.720703125 0.640625 0.03125 0.0234375
0 0.6650390625 0.6298828125 0.025390625 0.017578125
0 0.56640625 0.623046875 0.01171875 0.015625
0 0.9189453125 0.6318359375 0.021484375 0.037109375
0 0.0908203125 0.634765625 0.041015625 0.04296875
0 0.591796875 0.6201171875 0.01953125 0.021484375
0 0.458984375 0.62890625 0.0234375 0.0390625
0 0.6826171875 0.60546875 0.017578125 0.0234375
0 0.3525390625 0.60546875 0.025390625 0.03515625
0 0.2138671875 0.6015625 0.025390625 0.03125
0 0.896484375 0.58984375 0.03515625 0.03515625
0 0.0185546875 0.5859375 0.037109375 0.03125
0 0.59375 0.583984375 0.02734375 0.03125
0 0.208984375 0.572265625 0.015625 0.015625
0 0.1337890625 0.5859375 0.037109375 0.04296875
0 0.66015625 0.5712890625 0.01953125 0.029296875
0 0.2294921875 0.55859375 0.021484375 0.0234375
0 0.45703125 0.5615234375 0.0234375 0.037109375
0 0.7705078125 0.560546875 0.033203125 0.0390625
0 0.85546875 0.552734375 0.03515625 0.03515625
0 0.98828125 0.5380859375 0.0234375 0.025390625
0 0.595703125 0.5341796875 0.02734375 0.029296875
0 0.15234375 0.53515625 0.03515625 0.04296875
0 0.0595703125 0.5263671875 0.033203125 0.033203125
0 0.23828125 0.5234375 0.03515625 0.03125
0 0.9833984375 0.509765625 0.017578125 0.015625
0 0.33203125 0.5166015625 0.0234375 0.029296875
0 0.4482421875 0.5078125 0.017578125 0.0234375
0 0.955078125 0.517578125 0.03125 0.046875
0 0.53515625 0.517578125 0.02734375 0.0546875
0 0.7783203125 0.505859375 0.029296875 0.03515625
0 0.8984375 0.4951171875 0.04296875 0.029296875
0 0.224609375 0.4892578125 0.01953125 0.017578125
0 0.1708984375 0.494140625 0.025390625 0.02734375
0 0.7587890625 0.490234375 0.029296875 0.03125
0 0.0849609375 0.484375 0.033203125 0.03515625
0 0.251953125 0.484375 0.03515625 0.0390625
0 0.458984375 0.4697265625 0.0234375 0.025390625
0 0.61328125 0.47265625 0.03125 0.03515625
0 0.72265625 0.4765625 0.04296875 0.05078125
0 0.40625 0.4599609375 0.03125 0.025390625
0 0.2724609375 0.4501953125 0.021484375 0.025390625
0 0.7001953125 0.455078125 0.029296875 0.0390625
0 0.109375 0.451171875 0.0234375 0.03125
0 0.994140625 0.4384765625 0.01171875 0.021484375
0 0.8203125 0.4365234375 0.04296875 0.033203125
0 0.5361328125 0.4423828125 0.021484375 0.044921875
0 0.388671875 0.423828125 0.015625 0.01953125
0 0.2099609375 0.4384765625 0.029296875 0.048828125
0 0.125 0.41796875 0.03125 0.03125
0 0.6494140625 0.41796875 0.037109375 0.03515625
0 0.3671875 0.4140625 0.02734375 0.03125
0 0.283203125 0.4130859375 0.0234375 0.029296875
0 0.9033203125 0.3994140625 0.029296875 0.044921875
0 0.2294921875 0.390625 0.033203125 0.03125
0 0.5751953125 0.384765625 0.029296875 0.0234375
0 0.3798828125 0.380859375 0.021484375 0.0234375
0 0.2802734375 0.37890625 0.021484375 0.01953125
0 0.9970703125 0.3740234375 0.005859375 0.021484375
0 0.14453125 0.3818359375 0.03125 0.037109375
0 0.8017578125 0.369140625 0.017578125 0.015625
0 0.83984375 0.3623046875 0.0234375 0.033203125
0 0.3037109375 0.3603515625 0.033203125 0.029296875
0 0.7666015625 0.3623046875 0.025390625 0.041015625
0 0.5458984375 0.345703125 0.037109375 0.02734375
0 0.4208984375 0.33984375 0.017578125 0.015625
0 0.390625 0.3466796875 0.0234375 0.029296875
0 0.2666015625 0.345703125 0.021484375 0.0390625
0 0.90625 0.3359375 0.03125 0.03125
0 0.169921875 0.3349609375 0.02734375 0.041015625
0 0.701171875 0.3291015625 0.0390625 0.037109375
0 0.728515625 0.294921875 0.015625 0.015625
0 0.826171875 0.298828125 0.04296875 0.03125
0 0.4599609375 0.2939453125 0.025390625 0.021484375
0 0.408203125 0.291015625 0.02734375 0.03515625
0 0.2060546875 0.2919921875 0.037109375 0.041015625
0 0.6416015625 0.287109375 0.029296875 0.0390625
0 0.9140625 0.2763671875 0.01953125 0.033203125
0 0.3388671875 0.2705078125 0.029296875 0.037109375
0 0.837890625 0.2578125 0.02734375 0.0390625
0 0.265625 0.2529296875 0.05078125 0.033203125
0 0.5419921875 0.236328125 0.025390625 0.03125
0 0.9169921875 0.2275390625 0.025390625 0.033203125
0 0.35546875 0.224609375 0.046875 0.03515625
0 0.8427734375 0.2080078125 0.021484375 0.021484375
0 0.6787109375 0.2158203125 0.041015625 0.044921875
0 0.4677734375 0.1953125 0.025390625 0.02734375
0 0.5419921875 0.193359375 0.021484375 0.02734375
0 0.9169921875 0.1826171875 0.021484375 0.029296875
0 0.8466796875 0.169921875 0.021484375 0.03125
0 0.7216796875 0.162109375 0.029296875 0.04296875
0 0.60546875 0.162109375 0.046875 0.04296875
0 0.4296875 0.1552734375 0.03125 0.033203125
0 0.32421875 0.169921875 0.0625 0.06640625
0 0.548828125 0.1435546875 0.0234375 0.029296875
0 0.48046875 0.1435546875 0.02734375 0.029296875
0 0.9189453125 0.1357421875 0.025390625 0.033203125
0 0.99609375 0.126953125 0.0078125 0.01953125
0 0.646484375 0.1279296875 0.04296875 0.041015625
0 0.84765625 0.1162109375 0.01953125 0.021484375
0 0.2666015625 0.107421875 0.044921875 0.04296875
0 0.9228515625 0.0888671875 0.029296875 0.029296875
0 0.73828125 0.1005859375 0.03515625 0.056640625
0 0.55859375 0.0888671875 0.0234375 0.048828125
0 0.84765625 0.076171875 0.01953125 0.0390625
0 0.490234375 0.080078125 0.0234375 0.046875
0 0.654296875 0.0673828125 0.0390625 0.044921875
0 0.9228515625 0.04296875 0.021484375 0.0234375
0 0.841796875 0.0283203125 0.03125 0.033203125
0 0.7421875 0.02734375 0.03125 0.0390625
0 0.212890625 0.0263671875 0.0390625 0.041015625
0 0.9248046875 0.0087890625 0.021484375 0.017578125
0 0.6669921875 0.0107421875 0.025390625 0.021484375
0 0.57421875 0.005859375 0.015625 0.01171875
0 0.494140625 0.0068359375 0.0234375 0.013671875
0 0.1865234375 0.005859375 0.021484375 0.01171875
0 0.0673828125 0.01953125 0.037109375 0.0390625