0 0.3720703125 0.99609375 0.013671875 0.0078125
0 0.9716796875 0.96875 0.056640625 0.0625
0 0.9921875 0.91796875 0.015625 0.04296875
0 0.5341796875 0.896484375 0.033203125 0.03125
0 0.921875 0.84765625 0.09375 0.109375
0 0.806640625 0.7763671875 0.09375 0.119140625
0 0.953125 0.7626953125 0.09375 0.095703125
0 0.9697265625 0.6845703125 0.060546875 0.083984375
0 0.888671875 0.6484375 0.03515625 0.0390625
0 0.9130859375 0.6328125 0.021484375 0.01953125
0 0.9931640625 0.6171875 0.013671875 0.02734375
0 0.6728515625 0.6962890625 0.197265625 0.193359375
0 0.75 0.6494140625 0.109375 0.123046875
0 0.90234375 0.58203125 0.015625 0.01953125
0 0.625 0.5693359375 0.01953125 0.017578125
0 0.94140625 0.5859375 0.06640625 0.08984375
0 0.681640625 0.5791015625 0.07421875 0.083984375
0 0.58984375 0.5380859375 0.01953125 0.017578125
0 0.9052734375 0.544921875 0.037109375 0.0390625
0 0.6494140625 0.5390625 0.044921875 0.04296875
0 0.5673828125 0.5146484375 0.021484375 0.021484375
0 0.7607421875 0.51953125 0.041015625 0.05078125
0 0.62890625 0.515625 0.04296875 0.04296875
0 0.736328125 0.4990234375 0.046875 0.048828125
0 0.6064453125 0.4931640625 0.041015625 0.044921875
0 0.7119140625 0.4755859375 0.041015625 0.041015625
0 0.583984375 0.4697265625 0.04296875 0.041015625
0 0.9775390625 0.4921875 0.044921875 0.08984375
0 0.837890625 0.5302734375 0.11328125 0.181640625
0 0.9580078125 0.4638671875 0.048828125 0.056640625
0 0.6865234375 0.451171875 0.044921875 0.04296875
0 0.5615234375 0.447265625 0.041015625 0.0390625
0 0.7470703125 0.435546875 0.021484375 0.01953125
0 0.505859375 0.5234375 0.21484375 0.2109375
0 0.5390625 0.4248046875 0.04296875 0.044921875
0 0.66015625 0.423828125 0.04296875 0.05078125
0 0.4794921875 0.4052734375 0.017578125 0.017578125
0 0.90625 0.416015625 0.04296875 0.04296875
0 0.7802734375 0.416015625 0.044921875 0.04296875
0 0.708984375 0.40625 0.03515625 0.03125
0 0.515625 0.404296875 0.04296875 0.04296875
0 0.6357421875 0.3935546875 0.037109375 0.041015625
0 0.380859375 0.3955078125 0.04296875 0.044921875
0 0.7509765625 0.390625 0.048828125 0.046875
0 0.6787109375 0.3818359375 0.029296875 0.033203125
0 0.8740234375 0.384765625 0.044921875 0.04296875
0 0.4951171875 0.3798828125 0.044921875 0.041015625
0 0.6083984375 0.3701171875 0.037109375 0.037109375
0 0.7265625 0.36328125 0.04296875 0.04296875
0 0.6533203125 0.3515625 0.029296875 0.03125
0 0.845703125 0.3544921875 0.04296875 0.044921875
0 0.6318359375 0.341796875 0.017578125 0.01953125
0 0.9677734375 0.353515625 0.044921875 0.0546875
0 0.7021484375 0.33203125 0.037109375 0.0390625
0 0.4501953125 0.34765625 0.076171875 0.0703125
0 0.6279296875 0.3193359375 0.017578125 0.021484375
0 0.564453125 0.3330078125 0.0625 0.060546875
0 0.810546875 0.322265625 0.0390625 0.04296875
0 0.607421875 0.302734375 0.01953125 0.01953125
0 0.67578125 0.30859375 0.0390625 0.0390625
0 0.931640625 0.310546875 0.046875 0.0546875
0 0.3916015625 0.3173828125 0.083984375 0.083984375
0 0.7998046875 0.291015625 0.064453125 0.04296875
0 0.53515625 0.279296875 0.02734375 0.02734375
0 0.6513671875 0.283203125 0.037109375 0.0390625
0 0.4912109375 0.279296875 0.041015625 0.0390625
0 0.90625 0.2841796875 0.046875 0.052734375
0 0.99609375 0.263671875 0.0078125 0.015625
0 0.8095703125 0.2626953125 0.025390625 0.029296875
0 0.765625 0.26953125 0.0390625 0.04296875
0 0.6201171875 0.2626953125 0.044921875 0.044921875
0 0.4697265625 0.248046875 0.025390625 0.03125
0 0.7890625 0.2431640625 0.0234375 0.025390625
0 0.3154296875 0.248046875 0.041015625 0.03515625
0 0.265625 0.275390625 0.109375 0.09375
0 0.73046875 0.2470703125 0.03515625 0.041015625
0 0.50390625 0.2353515625 0.01953125 0.017578125
0 0.5908203125 0.248046875 0.041015625 0.046875
0 0.2021484375 0.2392578125 0.037109375 0.037109375
0 0.4384765625 0.2373046875 0.033203125 0.041015625
0 0.48046875 0.22265625 0.0234375 0.0234375
0 0.326171875 0.2265625 0.04296875 0.03515625
0 0.853515625 0.236328125 0.05078125 0.05859375
0 0.55859375 0.2294921875 0.04296875 0.048828125
0 0.9765625 0.220703125 0.03515625 0.0390625
0 0.7470703125 0.2138671875 0.037109375 0.029296875
0 0.53515625 0.2041015625 0.03125 0.033203125
0 0.341796875 0.205078125 0.04296875 0.03515625
0 0.234375 0.205078125 0.04296875 0.0390625
0 0.951171875 0.197265625 0.03515625 0.0390625
0 0.509765625 0.189453125 0.03125 0.03125
0 0.6630859375 0.193359375 0.048828125 0.05078125
0 0.353515625 0.1845703125 0.046875 0.041015625
0 0.2451171875 0.1787109375 0.033203125 0.033203125
0 0.4873046875 0.1728515625 0.029296875 0.033203125
0 0.70703125 0.1982421875 0.0625 0.087890625
0 0.95703125 0.162109375 0.015625 0.01953125
0 0.818359375 0.1943359375 0.07421875 0.083984375
0 0.3125 0.1611328125 0.01953125 0.021484375
0 0.3681640625 0.1640625 0.041015625 0.03515625
0 0.927734375 0.1669921875 0.0390625 0.044921875
0 0.5947265625 0.1650390625 0.044921875 0.044921875
0 0.4619140625 0.1591796875 0.033203125 0.037109375
0 0.265625 0.1572265625 0.0390625 0.037109375
0 0.986328125 0.158203125 0.02734375 0.0625
0 0.3798828125 0.14453125 0.041015625 0.03515625
0 0.7822265625 0.154296875 0.044921875 0.05859375
0 0.908203125 0.1474609375 0.04296875 0.048828125
0 0.27734375 0.1318359375 0.03125 0.029296875
0 0.8857421875 0.126953125 0.041015625 0.04296875
0 0.75390625 0.1328125 0.046875 0.0546875
0 0.56640625 0.11328125 0.03125 0.0234375
0 0.4013671875 0.12109375 0.052734375 0.046875
0 0.9951171875 0.1025390625 0.009765625 0.017578125
0 0.2958984375 0.109375 0.041015625 0.03515625
0 0.0380859375 0.0986328125 0.017578125 0.017578125
0 0.861328125 0.1044921875 0.04296875 0.048828125
0 0.5224609375 0.1201171875 0.099609375 0.080078125
0 0.2119140625 0.111328125 0.056640625 0.0625
0 0.3662109375 0.0986328125 0.037109375 0.041015625
0 0.1396484375 0.0927734375 0.037109375 0.041015625
0 0.5380859375 0.0849609375 0.037109375 0.037109375
0 0.2451171875 0.0771484375 0.021484375 0.021484375
0 0.8955078125 0.080078125 0.021484375 0.0390625
0 0.701171875 0.1005859375 0.1015625 0.091796875
0 0.431640625 0.0732421875 0.03515625 0.041015625
0 0.322265625 0.0771484375 0.06640625 0.056640625
0 0.12890625 0.0615234375 0.03125 0.029296875
0 0.8251953125 0.0732421875 0.064453125 0.060546875
0 0.9873046875 0.0556640625 0.025390625 0.037109375
0 0.6318359375 0.0537109375 0.037109375 0.044921875
0 0.4052734375 0.05078125 0.037109375 0.0390625
0 0.5537109375 0.0498046875 0.037109375 0.041015625
0 0.7890625 0.046875 0.03515625 0.04296875
0 0.005859375 0.033203125 0.01171875 0.01953125
0 0.123046875 0.03515625 0.03125 0.02734375
0 0.267578125 0.0380859375 0.0390625 0.037109375
0 0.962890625 0.03125 0.03125 0.03125
0 0.4453125 0.03515625 0.04296875 0.04296875
0 0.37109375 0.0234375 0.03515625 0.0390625
0 0.91796875 0.0234375 0.05078125 0.046875
0 0.880859375 0.01171875 0.03125 0.0234375
0 0.7431640625 0.0224609375 0.064453125 0.044921875
0 0.59375 0.021484375 0.0546875 0.04296875
0 0.4580078125 0.0087890625 0.037109375 0.017578125
0 0.396484375 0.005859375 0.0234375 0.01171875
0 0.3388671875 0.0126953125 0.037109375 0.025390625
0 0.3125 0.001953125 0.0078125 0.00390625
0 0.2412109375 0.0185546875 0.037109375 0.037109375
0 0.2060546875 0.0048828125 0.021484375 0.009765625
0 0.1162109375 0.009765625 0.029296875 0.01953125