0 0.439453125 0.998046875 0.015625 0.00390625
0 0.5947265625 0.99609375 0.013671875 0.0078125
0 0.548828125 0.99609375 0.015625 0.0078125
0 0.8671875 0.9912109375 0.02734375 0.017578125
0 0.970703125 0.990234375 0.0234375 0.01953125
0 0.7275390625 0.986328125 0.025390625 0.01953125
0 0.0751953125 0.98828125 0.037109375 0.0234375
0 0.80078125 0.9814453125 0.0234375 0.021484375
0 0.2978515625 0.970703125 0.009765625 0.015625
0 0.884765625 0.9716796875 0.02734375 0.025390625
0 0.3505859375 0.974609375 0.021484375 0.03125
0 0.140625 0.9775390625 0.04296875 0.041015625
0 0.798828125 0.951171875 0.0234375 0.01953125
0 0.419921875 0.9521484375 0.046875 0.025390625
0 0.71875 0.947265625 0.03125 0.01953125
0 0.8642578125 0.939453125 0.025390625 0.0234375
0 0.9130859375 0.9384765625 0.029296875 0.025390625
0 0.181640625 0.9384765625 0.03515625 0.033203125
0 0.6943359375 0.921875 0.013671875 0.015625
0 0.546875 0.9169921875 0.01171875 0.017578125
0 0.99609375 0.916015625 0.0078125 0.01953125
0 0.3330078125 0.91796875 0.041015625 0.02734375
0 0.7197265625 0.904296875 0.029296875 0.01953125
0 0.416015625 0.9091796875 0.03125 0.029296875
0 0.916015625 0.90625 0.0625 0.03515625
0 0.490234375 0.8984375 0.03515625 0.01953125
0 0.5576171875 0.8916015625 0.025390625 0.025390625
0 0.615234375 0.8916015625 0.0703125 0.041015625
0 0.6572265625 0.8857421875 0.021484375 0.033203125
0 0.0947265625 0.8896484375 0.044921875 0.041015625
0 0.791015625 0.8837890625 0.01953125 0.044921875
0 0.958984375 0.8701171875 0.0234375 0.025390625
0 0.716796875 0.8701171875 0.02734375 0.025390625
0 0.923828125 0.865234375 0.0234375 0.01953125
0 0.033203125 0.8740234375 0.0390625 0.041015625
0 0.2099609375 0.87109375 0.037109375 0.0390625
0 0.9150390625 0.845703125 0.021484375 0.01953125
0 0.3017578125 0.8466796875 0.052734375 0.029296875
0 0.126953125 0.8564453125 0.03515625 0.048828125
0 0.8193359375 0.8466796875 0.033203125 0.033203125
0 0.453125 0.83984375 0.0234375 0.01953125
0 0.9716796875 0.841796875 0.025390625 0.02734375
0 0.49609375 0.8291015625 0.02734375 0.025390625
0 0.5400390625 0.826171875 0.025390625 0.0234375
0 0.8681640625 0.8349609375 0.037109375 0.052734375
0 0.4052734375 0.83203125 0.029296875 0.046875
0 0.6298828125 0.8193359375 0.029296875 0.025390625
0 0.236328125 0.82421875 0.0234375 0.03515625
0 0.5849609375 0.8203125 0.048828125 0.03515625
0 0.712890625 0.806640625 0.03515625 0.0234375
0 0.990234375 0.8037109375 0.01953125 0.021484375
0 0.6591796875 0.8095703125 0.021484375 0.037109375
0 0.998046875 0.7890625 0.00390625 0.00390625
0 0.1572265625 0.8056640625 0.029296875 0.037109375
0 0.62109375 0.79296875 0.01171875 0.015625
0 0.900390625 0.8037109375 0.0390625 0.041015625
0 0.9970703125 0.779296875 0.005859375 0.0078125
0 0.7255859375 0.7744140625 0.021484375 0.021484375
0 0.794921875 0.7802734375 0.03515625 0.037109375
0 0.962890625 0.771484375 0.0234375 0.03125
0 0.39453125 0.7646484375 0.0234375 0.048828125
0 0.98828125 0.7529296875 0.0234375 0.029296875
0 0.8193359375 0.7578125 0.025390625 0.04296875
0 0.7177734375 0.74609375 0.033203125 0.02734375
0 0.169921875 0.7529296875 0.02734375 0.041015625
0 0.251953125 0.7509765625 0.03515625 0.041015625
0 0.873046875 0.7373046875 0.03125 0.037109375
0 0.82421875 0.7255859375 0.015625 0.017578125
0 0.904296875 0.72265625 0.02734375 0.0234375
0 0.9267578125 0.712890625 0.025390625 0.02734375
0 0.712890625 0.708984375 0.02734375 0.01953125
0 0.3125 0.72265625 0.03125 0.046875
0 0.685546875 0.705078125 0.015625 0.01953125
0 0.0576171875 0.734375 0.056640625 0.078125
0 0.783203125 0.701171875 0.03125 0.02734375
0 0.3857421875 0.703125 0.025390625 0.0390625
0 0.453125 0.6875 0.03125 0.02734375
0 0.9658203125 0.6884765625 0.041015625 0.037109375
0 0.7158203125 0.677734375 0.021484375 0.01953125
0 0.6435546875 0.6748046875 0.013671875 0.021484375
0 0.4912109375 0.6787109375 0.021484375 0.033203125
0 0.9951171875 0.6708984375 0.009765625 0.021484375
0 0.67578125 0.666015625 0.015625 0.015625
0 0.5361328125 0.6708984375 0.021484375 0.025390625
0 0.208984375 0.65625 0.03125 0.0234375
0 0.6201171875 0.6552734375 0.025390625 0.025390625
0 0.783203125 0.6572265625 0.03125 0.037109375
0 0.7001953125 0.642578125 0.044921875 0.01953125
0 0.2568359375 0.6455078125 0.044921875 0.033203125
0 0.158203125 0.6484375 0.03515625 0.0390625
0 0.0224609375 0.6455078125 0.025390625 0.033203125
0 0.3671875 0.61328125 0.01953125 0.02734375
0 0.7724609375 0.6064453125 0.025390625 0.033203125
0 0.4453125 0.6015625 0.03125 0.0234375
0 0.1044921875 0.6123046875 0.048828125 0.044921875
0 0.4873046875 0.5986328125 0.033203125 0.025390625
0 0.6689453125 0.5927734375 0.013671875 0.021484375
0 0.623046875 0.5908203125 0.03125 0.025390625
0 0.0078125 0.5966796875 0.015625 0.037109375
0 0.294921875 0.6044921875 0.03125 0.060546875
0 0.69140625 0.5849609375 0.02734375 0.029296875
0 0.5595703125 0.5810546875 0.025390625 0.037109375
0 0.416015625 0.5703125 0.01953125 0.01953125
0 0.7666015625 0.5615234375 0.037109375 0.025390625
0 0.06640625 0.5615234375 0.0390625 0.037109375
0 0.5595703125 0.546875 0.025390625 0.0234375
0 0.26953125 0.548828125 0.01953125 0.03515625
0 0.6787109375 0.5419921875 0.029296875 0.025390625
0 0.1328125 0.541015625 0.04296875 0.03125
0 0.3583984375 0.5380859375 0.029296875 0.033203125
0 0.2001953125 0.541015625 0.041015625 0.04296875
0 0.7607421875 0.5224609375 0.033203125 0.021484375
0 0.4423828125 0.515625 0.029296875 0.0234375
0 0.666015625 0.5 0.02734375 0.02734375
0 0.4853515625 0.501953125 0.037109375 0.03125
0 0.5283203125 0.49609375 0.021484375 0.03515625
0 0.759765625 0.482421875 0.02734375 0.02734375
0 0.56640625 0.48046875 0.0234375 0.02734375
0 0.341796875 0.484375 0.01953125 0.03515625
0 0.6318359375 0.4638671875 0.013671875 0.013671875
0 0.6123046875 0.47265625 0.025390625 0.03125
0 0.0068359375 0.46484375 0.013671875 0.0234375
0 0.2705078125 0.4619140625 0.025390625 0.037109375
0 0.0458984375 0.4599609375 0.044921875 0.037109375
0 0.1689453125 0.4453125 0.060546875 0.03515625
0 0.3349609375 0.439453125 0.021484375 0.03515625
0 0.771484375 0.431640625 0.0234375 0.02734375
0 0.46875 0.4267578125 0.015625 0.025390625
0 0.431640625 0.431640625 0.0234375 0.03515625
0 0.10546875 0.4267578125 0.03125 0.033203125
0 0.5458984375 0.4130859375 0.017578125 0.025390625
0 0.5029296875 0.416015625 0.021484375 0.03125
0 0.6640625 0.40625 0.02734375 0.03125
0 0.623046875 0.396484375 0.01953125 0.0234375
0 0.5302734375 0.3916015625 0.009765625 0.013671875
0 0.25390625 0.4033203125 0.02734375 0.037109375
0 0.79296875 0.3916015625 0.03515625 0.025390625
0 0.5849609375 0.3984375 0.033203125 0.0390625
0 0.6552734375 0.3828125 0.009765625 0.015625
0 0.7197265625 0.3818359375 0.025390625 0.021484375
0 0.8349609375 0.376953125 0.017578125 0.015625
0 0.7998046875 0.359375 0.037109375 0.0234375
0 0.603515625 0.3515625 0.0078125 0.015625
0 0.037109375 0.3505859375 0.0234375 0.017578125
0 0.724609375 0.3515625 0.0234375 0.0234375
0 0.0830078125 0.3447265625 0.025390625 0.017578125
0 0.130859375 0.3388671875 0.03125 0.021484375
0 0.5654296875 0.33203125 0.009765625 0.015625
0 0.171875 0.3388671875 0.02734375 0.029296875
0 0.2255859375 0.3291015625 0.033203125 0.025390625
0 0.3642578125 0.333984375 0.083984375 0.04296875
0 0.7998046875 0.3232421875 0.021484375 0.025390625
0 0.724609375 0.3076171875 0.03515625 0.021484375
0 0.69921875 0.2978515625 0.015625 0.017578125
0 0.6533203125 0.28515625 0.009765625 0.015625
0 0.810546875 0.2900390625 0.0234375 0.029296875
0 0.525390625 0.28515625 0.01953125 0.01953125
0 0.4365234375 0.2880859375 0.025390625 0.025390625
0 0.716796875 0.28125 0.015625 0.015625
0 0.4755859375 0.2822265625 0.017578125 0.021484375
0 0.5546875 0.2763671875 0.02734375 0.017578125
0 0.5927734375 0.2724609375 0.029296875 0.017578125
0 0.62890625 0.2685546875 0.0234375 0.017578125
0 0.02734375 0.2763671875 0.03515625 0.033203125
0 0.6669921875 0.265625 0.025390625 0.01953125
0 0.07421875 0.26953125 0.03125 0.02734375
0 0.734375 0.259765625 0.01953125 0.02734375
0 0.1708984375 0.2607421875 0.025390625 0.029296875
0 0.1201171875 0.259765625 0.033203125 0.02734375
0 0.830078125 0.2587890625 0.02734375 0.033203125
0 0.21875 0.25 0.0234375 0.0234375
0 0.287109375 0.2490234375 0.01953125 0.037109375
0 0.861328125 0.236328125 0.02734375 0.03125
0 0.3818359375 0.236328125 0.029296875 0.03125
0 0.4267578125 0.23046875 0.017578125 0.0234375
0 0.3359375 0.23828125 0.02734375 0.0390625
0 0.896484375 0.21875 0.02734375 0.03125
0 0.4697265625 0.2197265625 0.017578125 0.037109375
0 0.0751953125 0.2080078125 0.025390625 0.021484375
0 0.515625 0.2109375 0.01953125 0.03125
0 0.9365234375 0.2099609375 0.025390625 0.033203125
0 0.55859375 0.208984375 0.01953125 0.0390625
0 0.6572265625 0.2001953125 0.025390625 0.033203125
0 0.6220703125 0.2001953125 0.021484375 0.041015625
0 0.27734375 0.1845703125 0.015625 0.017578125
0 0.7470703125 0.1787109375 0.025390625 0.017578125
0 0.69921875 0.1884765625 0.03515625 0.037109375
0 0.1328125 0.185546875 0.02734375 0.03125
0 0.98828125 0.17578125 0.0234375 0.02734375
0 0.560546875 0.166015625 0.01953125 0.01953125
0 0.8359375 0.166015625 0.0234375 0.0234375
0 0.791015625 0.1708984375 0.0234375 0.037109375
0 0.083984375 0.16796875 0.0390625 0.0390625
0 0.998046875 0.1513671875 0.00390625 0.009765625
0 0.2685546875 0.158203125 0.033203125 0.02734375
0 0.8671875 0.1552734375 0.01953125 0.025390625
0 0.3486328125 0.1494140625 0.021484375 0.029296875
0 0.31640625 0.15625 0.0234375 0.04296875
0 0.3935546875 0.15234375 0.048828125 0.05078125
0 0.92578125 0.134765625 0.03125 0.01953125
0 0.89453125 0.142578125 0.02734375 0.03515625
0 0.771484375 0.1328125 0.01171875 0.015625
0 0.4384765625 0.1357421875 0.025390625 0.021484375
0 0.138671875 0.138671875 0.046875 0.03125
0 0.517578125 0.1240234375 0.02734375 0.017578125
0 0.4736328125 0.1337890625 0.021484375 0.037109375
0 0.9609375 0.10546875 0.01953125 0.02734375
0 0.8623046875 0.0869140625 0.017578125 0.017578125
0 0.6953125 0.09375 0.0234375 0.03515625
0 0.89453125 0.0830078125 0.015625 0.021484375
0 0.9296875 0.0791015625 0.01953125 0.017578125
0 0.763671875 0.076171875 0.0234375 0.03515625
0 0.2392578125 0.076171875 0.037109375 0.0390625
0 0.9609375 0.0654296875 0.03125 0.021484375
0 0.7998046875 0.0712890625 0.021484375 0.033203125
0 0.30859375 0.0732421875 0.0546875 0.041015625
0 0.8671875 0.05859375 0.0234375 0.0234375
0 0.833984375 0.072265625 0.02734375 0.0546875
0 0.8994140625 0.05078125 0.021484375 0.0234375
0 0.39453125 0.056640625 0.02734375 0.03515625
0 0.923828125 0.0419921875 0.01953125 0.017578125
0 0.5478515625 0.0478515625 0.021484375 0.029296875
0 0.46875 0.044921875 0.0234375 0.02734375
0 0.01171875 0.044921875 0.0234375 0.03125
0 0.6865234375 0.041015625 0.025390625 0.02734375
0 0.953125 0.03515625 0.03125 0.01953125
0 0.009765625 0.0185546875 0.015625 0.013671875
0 0.0634765625 0.02734375 0.033203125 0.0390625
0 0.2900390625 0.021484375 0.033203125 0.03125
0 0.640625 0.013671875 0.01953125 0.02734375
0 0.54296875 0.01171875 0.01953125 0.0234375
0 0.4326171875 0.0341796875 0.029296875 0.068359375
0 0.388671875 0.009765625 0.02734375 0.01953125
0 0.1328125 0.0078125 0.015625 0.015625
0 0.1142578125 0.017578125 0.029296875 0.03515625
0 0.0087890625 0.0048828125 0.017578125 0.009765625