0 0.2734375 0.9814453125 0.03515625 0.037109375
0 0.1689453125 0.9765625 0.064453125 0.046875
0 0.5546875 0.97265625 0.07421875 0.05078125
0 0.0927734375 0.966796875 0.064453125 0.06640625
0 0.849609375 0.958984375 0.0859375 0.07421875
0 0.4833984375 0.9609375 0.060546875 0.078125
0 0.009765625 0.943359375 0.01953125 0.04296875
0 0.208984375 0.919921875 0.05859375 0.046875
0 0.05078125 0.8935546875 0.05859375 0.041015625
0 0.171875 0.87109375 0.046875 0.05078125
0 0.259765625 0.869140625 0.0546875 0.07421875
0 0.923828125 0.8388671875 0.0546875 0.068359375
0 0.84375 0.8466796875 0.078125 0.123046875
0 0.6416015625 0.7958984375 0.064453125 0.068359375
0 0.732421875 0.7939453125 0.06640625 0.083984375
0 0.927734375 0.7666015625 0.1015625 0.099609375
0 0.6728515625 0.7333984375 0.048828125 0.041015625
0 0.4091796875 0.736328125 0.041015625 0.046875
0 0.7822265625 0.7373046875 0.056640625 0.064453125
0 0.642578125 0.7119140625 0.0234375 0.025390625
0 0.984375 0.701171875 0.03125 0.03515625
0 0.615234375 0.708984375 0.04296875 0.05078125
0 0.8515625 0.71484375 0.05859375 0.125
0 0.5400390625 0.701171875 0.134765625 0.15234375
0 0.6767578125 0.66015625 0.177734375 0.11328125
0 0.7158203125 0.5966796875 0.025390625 0.021484375
0 0.640625 0.6044921875 0.06640625 0.056640625
0 0.974609375 0.6044921875 0.05078125 0.072265625
0 0.4560546875 0.630859375 0.138671875 0.12890625
0 0.857421875 0.6162109375 0.10546875 0.103515625
0 0.6923828125 0.5751953125 0.044921875 0.041015625
0 0.9453125 0.5517578125 0.08203125 0.056640625
0 0.611328125 0.5419921875 0.03515625 0.041015625
0 0.1279296875 0.556640625 0.091796875 0.1015625
0 0.775390625 0.5615234375 0.0625 0.119140625
0 0.568359375 0.5146484375 0.046875 0.048828125
0 0.34765625 0.5654296875 0.203125 0.162109375
0 0.0830078125 0.4921875 0.044921875 0.04296875
0 0.9892578125 0.49609375 0.021484375 0.05859375
0 0.9052734375 0.4970703125 0.037109375 0.060546875
0 0.6708984375 0.5166015625 0.060546875 0.115234375
0 0.7900390625 0.474609375 0.111328125 0.08984375
0 0.2958984375 0.466796875 0.103515625 0.0859375
0 0.5517578125 0.43359375 0.044921875 0.0546875
0 0.5009765625 0.4189453125 0.029296875 0.029296875
0 0.169921875 0.4814453125 0.1640625 0.181640625
0 0.9580078125 0.4267578125 0.076171875 0.083984375
0 0.603515625 0.4384765625 0.08203125 0.111328125
0 0.3857421875 0.408203125 0.091796875 0.07421875
0 0.9072265625 0.40234375 0.099609375 0.109375
0 0.7294921875 0.412109375 0.107421875 0.140625
0 0.310546875 0.341796875 0.04296875 0.0390625
0 0.2216796875 0.3896484375 0.103515625 0.150390625
0 0.47265625 0.345703125 0.08984375 0.078125
0 0.982421875 0.3193359375 0.03515625 0.048828125
0 0.8544921875 0.333984375 0.076171875 0.08203125
0 0.6572265625 0.3173828125 0.052734375 0.056640625
0 0.2861328125 0.3037109375 0.068359375 0.064453125
0 0.814453125 0.2958984375 0.0703125 0.064453125
0 0.9150390625 0.27734375 0.087890625 0.078125
0 0.5546875 0.27734375 0.08984375 0.08203125
0 0.9892578125 0.236328125 0.021484375 0.03515625
0 0.9423828125 0.23828125 0.064453125 0.0625
0 0.3994140625 0.2431640625 0.126953125 0.126953125
0 0.85546875 0.17578125 0.06640625 0.06640625
0 0.9560546875 0.1630859375 0.064453125 0.076171875
0 0.4921875 0.193359375 0.13671875 0.15625
0 0.9169921875 0.1298828125 0.083984375 0.068359375
0 0.65234375 0.166015625 0.12109375 0.171875
0 0.9931640625 0.0576171875 0.013671875 0.029296875
0 0.5498046875 0.09765625 0.095703125 0.12109375
0 0.0166015625 0.056640625 0.033203125 0.06640625
0 0.7578125 0.0693359375 0.23828125 0.099609375
0 0.9033203125 0.01171875 0.056640625 0.0234375
0 0.630859375 0.01953125 0.0625 0.0390625
0 0.1904296875 0.1181640625 0.177734375 0.236328125