0 0.953125 0.998046875 0.09375 0.00390625
0 0.7109375 0.96875 0.27734375 0.0625
0 0.1005859375 0.962890625 0.201171875 0.07421875
0 0.005859375 0.9169921875 0.01171875 0.029296875
0 0.10546875 0.89453125 0.125 0.0859375
0 0.33203125 0.923828125 0.19140625 0.15234375
0 0.93359375 0.9072265625 0.1328125 0.142578125
0 0.4580078125 0.8349609375 0.095703125 0.126953125
0 0.9052734375 0.7841796875 0.146484375 0.083984375
0 0.658203125 0.826171875 0.22265625 0.1953125
0 0.5283203125 0.76171875 0.115234375 0.07421875
0 0.0576171875 0.7421875 0.115234375 0.1015625
0 0.25 0.7373046875 0.21875 0.228515625
0 0.869140625 0.6884765625 0.1796875 0.177734375
0 0.9716796875 0.646484375 0.056640625 0.1640625
0 0.5205078125 0.6318359375 0.322265625 0.232421875
0 0.1455078125 0.59375 0.291015625 0.1640625
0 0.1328125 0.5146484375 0.265625 0.126953125
0 0.0546875 0.439453125 0.109375 0.0703125
0 0.9560546875 0.4677734375 0.087890625 0.142578125
0 0.46875 0.46875 0.3125 0.15625
0 0.1650390625 0.392578125 0.107421875 0.07421875
0 0.4453125 0.40234375 0.31640625 0.15625
0 0.3681640625 0.3232421875 0.232421875 0.111328125
0 0.099609375 0.3212890625 0.19921875 0.107421875
0 0.8330078125 0.3330078125 0.330078125 0.169921875
0 0.80859375 0.26953125 0.33203125 0.171875
0 0.6279296875 0.21484375 0.048828125 0.0625
0 0.37890625 0.2314453125 0.3203125 0.173828125
0 0.765625 0.171875 0.2421875 0.1171875
0 0.06640625 0.138671875 0.1328125 0.08984375
0 0.9072265625 0.111328125 0.052734375 0.0625
0 0.9755859375 0.0849609375 0.048828125 0.080078125
0 0.0537109375 0.046875 0.107421875 0.0703125
0 0.740234375 0.0966796875 0.33984375 0.177734375
0 0.9638671875 0.02734375 0.072265625 0.0546875
0 0.435546875 0.0146484375 0.0625 0.029296875
0 0.2724609375 0.05859375 0.240234375 0.1171875
0 0.171875 0.0244140625 0.09765625 0.048828125