0 0.3203125 0.998046875 0.00390625 0.00390625
0 0.0517578125 0.998046875 0.005859375 0.00390625
0 0.6826171875 0.9970703125 0.009765625 0.005859375
0 0.541015625 0.9970703125 0.0078125 0.005859375
0 0.5263671875 0.99609375 0.013671875 0.0078125
0 0.763671875 0.9951171875 0.015625 0.009765625
0 0.8369140625 0.9921875 0.029296875 0.015625
0 0.9169921875 0.990234375 0.029296875 0.01953125
0 0.62890625 0.990234375 0.03515625 0.01953125
0 0.4755859375 0.990234375 0.037109375 0.01953125
0 0.9853515625 0.9892578125 0.029296875 0.021484375
0 0.2900390625 0.9892578125 0.025390625 0.021484375
0 0.703125 0.9873046875 0.03515625 0.025390625
0 0.7783203125 0.986328125 0.029296875 0.02734375
0 0.03515625 0.986328125 0.03125 0.02734375
0 0.5546875 0.9853515625 0.03515625 0.029296875
0 0.2626953125 0.984375 0.029296875 0.03125
0 0.0966796875 0.9833984375 0.033203125 0.029296875
0 0.8564453125 0.98046875 0.033203125 0.03125
0 0.4951171875 0.978515625 0.033203125 0.02734375
0 0.203125 0.9814453125 0.04296875 0.037109375
0 0.6416015625 0.9755859375 0.033203125 0.029296875
0 0.974609375 0.96875 0.03515625 0.02734375
0 0.0673828125 0.966796875 0.021484375 0.0234375
0 0.7958984375 0.966796875 0.029296875 0.02734375
0 0.71875 0.9697265625 0.03515625 0.033203125
0 0.1376953125 0.9755859375 0.048828125 0.048828125
0 0.0029296875 0.9560546875 0.005859375 0.009765625
0 0.8740234375 0.962890625 0.029296875 0.02734375
0 0.5732421875 0.962890625 0.037109375 0.03125
0 0.658203125 0.955078125 0.03515625 0.03125
0 0.5126953125 0.9541015625 0.033203125 0.029296875
0 0.7333984375 0.953125 0.037109375 0.03125
0 0.05078125 0.94921875 0.0234375 0.0234375
0 0.8115234375 0.94921875 0.029296875 0.02734375
0 0.23046875 0.95703125 0.0546875 0.046875
0 0.95703125 0.947265625 0.03125 0.03125
0 0.587890625 0.943359375 0.03515625 0.03125
0 0.4365234375 0.939453125 0.033203125 0.03125
0 0.828125 0.931640625 0.03125 0.02734375
0 0.7470703125 0.93359375 0.037109375 0.03125
0 0.6748046875 0.93359375 0.037109375 0.03125
0 0.93359375 0.9306640625 0.02734375 0.033203125
0 0.5302734375 0.9296875 0.033203125 0.03125
0 0.3623046875 0.9287109375 0.029296875 0.033203125
0 0.0107421875 0.92578125 0.021484375 0.02734375
0 0.6044921875 0.921875 0.037109375 0.03515625
0 0.451171875 0.9189453125 0.03125 0.029296875
0 0.9931640625 0.9140625 0.013671875 0.02734375
0 0.6884765625 0.9169921875 0.033203125 0.033203125
0 0.400390625 0.9384765625 0.06640625 0.076171875
0 0.7607421875 0.9130859375 0.037109375 0.033203125
0 0.162109375 0.9169921875 0.046875 0.041015625
0 0.5439453125 0.91015625 0.033203125 0.03125
0 0.0234375 0.900390625 0.02734375 0.01953125
0 0.12890625 0.90625 0.02734375 0.03515625
0 0.4658203125 0.8994140625 0.029296875 0.025390625
0 0.892578125 0.9013671875 0.03125 0.033203125
0 0.619140625 0.90234375 0.03515625 0.03515625
0 0.9658203125 0.8974609375 0.033203125 0.029296875
0 0.7021484375 0.8974609375 0.033203125 0.029296875
0 0.77734375 0.892578125 0.03515625 0.03125
0 0.107421875 0.89453125 0.02734375 0.03515625
0 0.8759765625 0.8896484375 0.025390625 0.029296875
0 0.5625 0.888671875 0.03125 0.02734375
0 0.404296875 0.8837890625 0.03515625 0.029296875
0 0.486328125 0.880859375 0.03515625 0.02734375
0 0.0380859375 0.876953125 0.029296875 0.01953125
0 0.6357421875 0.880859375 0.033203125 0.03125
0 0.978515625 0.8798828125 0.03125 0.033203125
0 0.716796875 0.87890625 0.03515625 0.03125
0 0.0029296875 0.861328125 0.005859375 0.0078125
0 0.857421875 0.8720703125 0.03125 0.033203125
0 0.5771484375 0.8681640625 0.037109375 0.033203125
0 0.419921875 0.86328125 0.03515625 0.02734375
0 0.6513671875 0.861328125 0.037109375 0.03125
0 0.4990234375 0.8583984375 0.029296875 0.025390625
0 0.916015625 0.859375 0.03515625 0.03125
0 0.73046875 0.8583984375 0.03125 0.029296875
0 0.83984375 0.859375 0.03125 0.03515625
0 0.2802734375 0.8603515625 0.044921875 0.044921875
0 0.06640625 0.8681640625 0.0703125 0.072265625
0 0.5908203125 0.84375 0.033203125 0.03125
0 0.43359375 0.8427734375 0.03125 0.029296875
0 0.3291015625 0.869140625 0.083984375 0.0859375
0 0.9306640625 0.83984375 0.033203125 0.03125
0 0.6669921875 0.8408203125 0.037109375 0.033203125
0 0.5107421875 0.8369140625 0.033203125 0.029296875
0 0.7998046875 0.83203125 0.029296875 0.03125
0 0.2197265625 0.8369140625 0.033203125 0.041015625
0 0.013671875 0.8310546875 0.02734375 0.033203125
0 0.873046875 0.8271484375 0.03125 0.029296875
0 0.607421875 0.8251953125 0.03515625 0.033203125
0 0.4501953125 0.82421875 0.033203125 0.03125
0 0.3671875 0.82421875 0.03125 0.03125
0 0.0029296875 0.814453125 0.005859375 0.01171875
0 0.529296875 0.818359375 0.0234375 0.0234375
0 0.947265625 0.8203125 0.03125 0.03125
0 0.681640625 0.8212890625 0.03515625 0.033203125
0 0.78125 0.81640625 0.02734375 0.03125
0 0.88671875 0.80859375 0.03125 0.02734375
0 0.6201171875 0.8046875 0.033203125 0.03125
0 0.46484375 0.8037109375 0.03125 0.029296875
0 0.3818359375 0.8037109375 0.033203125 0.029296875
0 0.7646484375 0.8037109375 0.033203125 0.033203125
0 0.3173828125 0.8056640625 0.044921875 0.037109375
0 0.5439453125 0.796875 0.029296875 0.03125
0 0.1513671875 0.8017578125 0.060546875 0.048828125
0 0.8251953125 0.787109375 0.029296875 0.0234375
0 0.9033203125 0.7880859375 0.033203125 0.029296875
0 0.7470703125 0.7890625 0.029296875 0.03125
0 0.3994140625 0.787109375 0.037109375 0.03125
0 0.634765625 0.78515625 0.03515625 0.03125
0 0.478515625 0.7841796875 0.03125 0.029296875
0 0.5576171875 0.77734375 0.029296875 0.02734375
0 0.33984375 0.7744140625 0.04296875 0.037109375
0 0.8369140625 0.765625 0.029296875 0.0234375
0 0.4150390625 0.7626953125 0.033203125 0.029296875
0 0.4951171875 0.76171875 0.033203125 0.03125
0 0.1640625 0.7578125 0.02734375 0.0234375
0 0.78515625 0.755859375 0.03125 0.02734375
0 0.251953125 0.77734375 0.0625 0.0703125
0 0.708984375 0.7587890625 0.03125 0.037109375
0 0.572265625 0.7568359375 0.0390625 0.033203125
0 0.69140625 0.7470703125 0.03125 0.037109375
0 0.5107421875 0.7412109375 0.033203125 0.029296875
0 0.427734375 0.7431640625 0.0390625 0.033203125
0 0.5869140625 0.73828125 0.037109375 0.03125
0 0.3623046875 0.7421875 0.041015625 0.0390625
0 0.1005859375 0.7470703125 0.037109375 0.048828125
0 0.796875 0.7333984375 0.03125 0.025390625
0 0.39453125 0.7275390625 0.01953125 0.017578125
0 0.6728515625 0.7333984375 0.033203125 0.037109375
0 0.1845703125 0.728515625 0.029296875 0.02734375
0 0.0751953125 0.734375 0.033203125 0.0390625
0 0.4443359375 0.7216796875 0.033203125 0.029296875
0 0.728515625 0.720703125 0.03515625 0.03125
0 0.52734375 0.720703125 0.03515625 0.03125
0 0.6552734375 0.71875 0.033203125 0.03515625
0 0.0556640625 0.7197265625 0.033203125 0.037109375
0 0.27734375 0.7236328125 0.05859375 0.056640625
0 0.201171875 0.7060546875 0.02734375 0.025390625
0 0.7421875 0.7001953125 0.03125 0.025390625
0 0.5400390625 0.703125 0.033203125 0.03125
0 0.458984375 0.701171875 0.03515625 0.03125
0 0.0244140625 0.7060546875 0.044921875 0.044921875
0 0.6845703125 0.69140625 0.029296875 0.02734375
0 0.3974609375 0.69140625 0.033203125 0.03125
0 0.755859375 0.6806640625 0.03125 0.025390625
0 0.6181640625 0.6875 0.033203125 0.0390625
0 0.4716796875 0.68359375 0.037109375 0.03125
0 0.046875 0.677734375 0.02734375 0.02734375
0 0.69921875 0.669921875 0.03125 0.02734375
0 0.4921875 0.66796875 0.02734375 0.0234375
0 0.599609375 0.673828125 0.03515625 0.0390625
0 0.4140625 0.6669921875 0.03515625 0.029296875
0 0.0634765625 0.6591796875 0.025390625 0.025390625
0 0.5830078125 0.662109375 0.033203125 0.0390625
0 0.63671875 0.654296875 0.02734375 0.02734375
0 0.7138671875 0.6484375 0.029296875 0.02734375
0 0.564453125 0.6494140625 0.03515625 0.041015625
0 0.4521484375 0.646484375 0.029296875 0.03515625
0 0.65234375 0.6328125 0.03125 0.0234375
0 0.01171875 0.638671875 0.0234375 0.03515625
0 0.087890625 0.638671875 0.04296875 0.0390625
0 0.4345703125 0.6328125 0.029296875 0.03515625
0 0.5947265625 0.619140625 0.037109375 0.03125
0 0.0185546875 0.615234375 0.029296875 0.02734375
0 0.6669921875 0.6123046875 0.029296875 0.025390625
0 0.5244140625 0.6171875 0.029296875 0.03515625
0 0.5087890625 0.60546875 0.033203125 0.03515625
0 0.609375 0.5986328125 0.03515625 0.033203125
0 0.30859375 0.63671875 0.125 0.11328125
0 0.041015625 0.595703125 0.02734375 0.03125
0 0.388671875 0.599609375 0.04296875 0.046875
0 0.1708984375 0.63671875 0.103515625 0.12109375
0 0.4892578125 0.5927734375 0.033203125 0.037109375
0 0.5458984375 0.58203125 0.033203125 0.03125
0 0.625 0.5791015625 0.03515625 0.033203125
0 0.47265625 0.5810546875 0.03125 0.037109375
0 0.1337890625 0.5908203125 0.056640625 0.056640625
0 0.0556640625 0.572265625 0.029296875 0.03125
0 0.5615234375 0.5595703125 0.033203125 0.029296875
0 0.0087890625 0.5654296875 0.017578125 0.041015625
0 0.1533203125 0.5576171875 0.037109375 0.033203125
0 0.0791015625 0.5458984375 0.033203125 0.029296875
0 0.578125 0.5400390625 0.03515625 0.029296875
0 0.341796875 0.564453125 0.0859375 0.078125
0 0.5927734375 0.5205078125 0.033203125 0.029296875
0 0.0888671875 0.5205078125 0.041015625 0.033203125
0 0.1767578125 0.5185546875 0.052734375 0.052734375
0 0.0908203125 0.470703125 0.037109375 0.0390625
0 0.0478515625 0.4716796875 0.037109375 0.044921875
0 0.8583984375 0.3291015625 0.224609375 0.345703125
0 0.259765625 0.259765625 0.23828125 0.26953125
0 0.6298828125 0.087890625 0.052734375 0.0703125