0 0.0537109375 0.9833984375 0.107421875 0.033203125
0 0.5205078125 0.9208984375 0.154296875 0.158203125
0 0.8046875 0.849609375 0.18359375 0.046875
0 0.9150390625 0.8330078125 0.021484375 0.029296875
0 0.6494140625 0.9052734375 0.048828125 0.189453125
0 0.271484375 0.6767578125 0.0078125 0.005859375
0 0.095703125 0.8212890625 0.19140625 0.294921875
0 0.62109375 0.5263671875 0.0234375 0.044921875
0 0.3154296875 0.5263671875 0.044921875 0.080078125
0 0.1552734375 0.5419921875 0.154296875 0.177734375
0 0.037109375 0.5224609375 0.07421875 0.205078125
0 0.591796875 0.2802734375 0.0546875 0.037109375
0 0.146484375 0.2568359375 0.046875 0.064453125
0 0.0087890625 0.236328125 0.017578125 0.0234375
0 0.4736328125 0.2763671875 0.107421875 0.107421875
0 0.2763671875 0.24609375 0.193359375 0.09765625
0 0.6103515625 0.16015625 0.037109375 0.0703125
0 0.05859375 0.16796875 0.09375 0.1015625
0 0.3017578125 0.107421875 0.119140625 0.0703125
0 0.9296875 0.1513671875 0.140625 0.169921875
0 0.0478515625 0.0712890625 0.017578125 0.017578125
0 0.0185546875 0.064453125 0.037109375 0.02734375
0 0.5166015625 0.1181640625 0.072265625 0.150390625
0 0.021484375 0.03515625 0.02734375 0.0234375
0 0.3935546875 0.0361328125 0.064453125 0.072265625
0 0.2568359375 0.01953125 0.056640625 0.0390625
0 0.130859375 0.0439453125 0.06640625 0.087890625
0 0.05859375 0.009765625 0.01953125 0.01953125
0 0.03125 0.0087890625 0.02734375 0.017578125