0 0.4404296875 0.9921875 0.033203125 0.015625
0 0.587890625 0.9912109375 0.03125 0.017578125
0 0.2255859375 0.9892578125 0.029296875 0.021484375
0 0.2548828125 0.9833984375 0.021484375 0.017578125
0 0.6298828125 0.986328125 0.029296875 0.02734375
0 0.373046875 0.9853515625 0.04296875 0.029296875
0 0.52734375 0.984375 0.0390625 0.03125
0 0.19140625 0.982421875 0.03125 0.03515625
0 0.451171875 0.97265625 0.03125 0.03125
0 0.216796875 0.96484375 0.0234375 0.01953125
0 0.388671875 0.9677734375 0.03515625 0.033203125
0 0.056640625 0.962890625 0.0390625 0.03125
0 0.4033203125 0.9501953125 0.029296875 0.025390625
0 0.5419921875 0.947265625 0.041015625 0.02734375
0 0.15234375 0.95703125 0.05859375 0.05859375
0 0.2958984375 0.962890625 0.099609375 0.07421875
0 0.0205078125 0.9482421875 0.041015625 0.048828125
0 0.5068359375 0.9365234375 0.029296875 0.033203125
0 0.4111328125 0.927734375 0.033203125 0.03125
0 0.48046875 0.927734375 0.03125 0.0390625
0 0.1787109375 0.9208984375 0.052734375 0.037109375
0 0.091796875 0.921875 0.03125 0.0390625
0 0.0673828125 0.9072265625 0.037109375 0.044921875
0 0.6298828125 0.8974609375 0.033203125 0.033203125
0 0.41796875 0.900390625 0.05078125 0.046875
0 0.18359375 0.890625 0.04296875 0.03125
0 0.04296875 0.8935546875 0.03515625 0.041015625
0 0.0185546875 0.8798828125 0.029296875 0.033203125
0 0.6474609375 0.8671875 0.033203125 0.0234375
0 0.2041015625 0.859375 0.037109375 0.03125
0 0.119140625 0.8583984375 0.04296875 0.037109375
0 0.298828125 0.8564453125 0.03515625 0.048828125
0 0.6494140625 0.8408203125 0.021484375 0.029296875
0 0.087890625 0.841796875 0.0390625 0.046875
0 0.2646484375 0.837890625 0.048828125 0.0546875
0 0.1337890625 0.826171875 0.041015625 0.03515625
0 0.05859375 0.8271484375 0.03515625 0.037109375
0 0.42578125 0.828125 0.0546875 0.046875
0 0.2216796875 0.8203125 0.029296875 0.04296875
0 0.0263671875 0.8125 0.033203125 0.0390625
0 0.38671875 0.810546875 0.0390625 0.0390625
0 0.0078125 0.80078125 0.015625 0.0390625
0 0.08203125 0.7890625 0.03515625 0.02734375
0 0.1552734375 0.78515625 0.041015625 0.03515625
0 0.330078125 0.78515625 0.04296875 0.04296875
0 0.40625 0.7783203125 0.0390625 0.033203125
0 0.021484375 0.77734375 0.04296875 0.03125
0 0.0595703125 0.76953125 0.025390625 0.02734375
0 0.123046875 0.7705078125 0.0390625 0.044921875
0 0.2685546875 0.7666015625 0.076171875 0.048828125
0 0.3193359375 0.736328125 0.021484375 0.0234375
0 0.4931640625 0.7353515625 0.041015625 0.033203125
0 0.4248046875 0.7431640625 0.048828125 0.060546875
0 0.2744140625 0.7294921875 0.041015625 0.033203125
0 0.0517578125 0.7353515625 0.072265625 0.052734375
0 0.1748046875 0.716796875 0.044921875 0.05078125
0 0.287109375 0.705078125 0.0390625 0.03125
0 0.4501953125 0.697265625 0.033203125 0.02734375
0 0.1435546875 0.703125 0.029296875 0.0390625
0 0.5166015625 0.6953125 0.037109375 0.03125
0 0.30078125 0.68359375 0.04296875 0.03125
0 0.212890625 0.6884765625 0.046875 0.041015625
0 0.1162109375 0.6875 0.041015625 0.05078125
0 0.5537109375 0.7861328125 0.169921875 0.275390625
0 0.5341796875 0.65625 0.037109375 0.03125
0 0.3818359375 0.7021484375 0.087890625 0.130859375
0 0.314453125 0.6533203125 0.04296875 0.037109375
0 0.4736328125 0.6513671875 0.037109375 0.037109375
0 0.0439453125 0.6552734375 0.037109375 0.056640625
0 0.0166015625 0.6435546875 0.033203125 0.056640625
0 0.4248046875 0.6279296875 0.033203125 0.033203125
0 0.3427734375 0.6279296875 0.068359375 0.033203125
0 0.09765625 0.62890625 0.04296875 0.03515625
0 0.25390625 0.6240234375 0.03515625 0.029296875
0 0.0048828125 0.6064453125 0.009765625 0.025390625
0 0.2041015625 0.630859375 0.083984375 0.08203125
0 0.0439453125 0.60546875 0.064453125 0.03125
0 0.953125 0.60546875 0.05859375 0.05078125
0 0.5048828125 0.591796875 0.029296875 0.02734375
0 0.171875 0.599609375 0.0390625 0.046875
0 0.373046875 0.59375 0.09375 0.0390625
0 0.1376953125 0.5869140625 0.025390625 0.041015625
0 0.1142578125 0.5732421875 0.029296875 0.033203125
0 0.0205078125 0.5712890625 0.041015625 0.037109375
0 0.5224609375 0.564453125 0.041015625 0.03125
0 0.365234375 0.5625 0.0390625 0.03125
0 0.072265625 0.556640625 0.05078125 0.0390625
0 0.2763671875 0.5703125 0.072265625 0.078125
0 0.3837890625 0.5400390625 0.048828125 0.033203125
0 0.0244140625 0.5380859375 0.044921875 0.037109375
0 0.2080078125 0.5478515625 0.052734375 0.064453125
0 0.1513671875 0.529296875 0.044921875 0.0390625
0 0.5458984375 0.533203125 0.064453125 0.05078125
0 0.3056640625 0.5205078125 0.052734375 0.037109375
0 0.16015625 0.501953125 0.04296875 0.03125
0 0.224609375 0.5 0.0390625 0.03125
0 0.08984375 0.4990234375 0.02734375 0.037109375
0 0.0498046875 0.490234375 0.056640625 0.0390625
0 0.8427734375 0.4931640625 0.044921875 0.056640625
0 0.17578125 0.4765625 0.03125 0.03125
0 0.44140625 0.4990234375 0.140625 0.083984375
0 0.125 0.4912109375 0.0546875 0.087890625
0 0.087890625 0.455078125 0.0234375 0.02734375
0 0.251953125 0.4599609375 0.0703125 0.048828125
0 0.001953125 0.439453125 0.00390625 0.0078125
0 0.328125 0.474609375 0.08203125 0.0859375
0 0.052734375 0.4501953125 0.046875 0.044921875
0 0.0068359375 0.416015625 0.013671875 0.0234375
0 0.244140625 0.423828125 0.03515625 0.046875
0 0.0712890625 0.4140625 0.052734375 0.04296875
0 0.1708984375 0.4130859375 0.111328125 0.095703125
0 0.1064453125 0.3671875 0.033203125 0.03125
0 0.015625 0.3740234375 0.03125 0.052734375
0 0.078125 0.3720703125 0.04296875 0.056640625
0 0.8056640625 0.37109375 0.103515625 0.09765625
0 0.0205078125 0.333984375 0.041015625 0.03125
0 0.8447265625 0.328125 0.041015625 0.04296875
0 0.9365234375 0.435546875 0.126953125 0.28125
0 0.9013671875 0.3447265625 0.076171875 0.111328125
0 0.2080078125 0.3076171875 0.052734375 0.041015625
0 0.28125 0.3134765625 0.078125 0.064453125
0 0.1572265625 0.287109375 0.025390625 0.03125
0 0.1357421875 0.2763671875 0.021484375 0.033203125
0 0.20703125 0.271484375 0.0390625 0.02734375
0 0.0771484375 0.265625 0.044921875 0.02734375
0 0.1650390625 0.255859375 0.033203125 0.0234375
0 0.9892578125 0.24609375 0.021484375 0.0234375
0 0.076171875 0.236328125 0.05078125 0.0234375
0 0.03125 0.23828125 0.02734375 0.0390625
0 0.15234375 0.224609375 0.046875 0.0234375
0 0.2451171875 0.2373046875 0.052734375 0.056640625
0 0.0888671875 0.2158203125 0.033203125 0.017578125
0 0.9619140625 0.224609375 0.052734375 0.0546875
0 0.20703125 0.212890625 0.02734375 0.03125
0 0.1591796875 0.197265625 0.056640625 0.03125
0 0.0830078125 0.1923828125 0.056640625 0.025390625
0 0.03125 0.1953125 0.015625 0.03125
0 0.0107421875 0.16796875 0.021484375 0.01953125
0 0.7900390625 0.2119140625 0.072265625 0.130859375
0 0.15625 0.146484375 0.0390625 0.01953125
0 0.1982421875 0.150390625 0.021484375 0.03515625
0 0.0087890625 0.1416015625 0.017578125 0.017578125
0 0.0830078125 0.15234375 0.052734375 0.05078125
0 0.779296875 0.13671875 0.03125 0.03125
0 0.0087890625 0.1181640625 0.017578125 0.017578125
0 0.5439453125 0.16015625 0.126953125 0.109375
0 0.0859375 0.115234375 0.04296875 0.0234375
0 0.1640625 0.115234375 0.046875 0.03515625
0 0.0087890625 0.0947265625 0.017578125 0.017578125
0 0.888671875 0.1787109375 0.14453125 0.193359375
0 0.087890625 0.083984375 0.046875 0.03515625
0 0.162109375 0.0791015625 0.03515625 0.033203125
0 0.4453125 0.0810546875 0.0390625 0.041015625
0 0.0078125 0.0693359375 0.015625 0.017578125
0 0.53515625 0.0615234375 0.03515625 0.029296875
0 0.09375 0.048828125 0.0390625 0.0234375
0 0.0078125 0.044921875 0.015625 0.01953125
0 0.5849609375 0.048828125 0.033203125 0.06640625
0 0.0068359375 0.017578125 0.013671875 0.01953125
0 0.0869140625 0.017578125 0.060546875 0.0234375
0 0.935546875 0.0517578125 0.12890625 0.103515625
0 0.55078125 0.0244140625 0.0546875 0.048828125
0 0.4091796875 0.029296875 0.087890625 0.05859375
0 0.1064453125 0.00390625 0.025390625 0.0078125