0 0.48046875 0.998046875 0.0078125 0.00390625
0 0.841796875 0.9970703125 0.0078125 0.005859375
0 0.8955078125 0.994140625 0.021484375 0.01171875
0 0.38671875 0.9921875 0.0234375 0.015625
0 0.1982421875 0.9912109375 0.025390625 0.017578125
0 0.630859375 0.98828125 0.03125 0.0234375
0 0.275390625 0.9853515625 0.0234375 0.025390625
0 0.4619140625 0.982421875 0.025390625 0.02734375
0 0.5791015625 0.9765625 0.021484375 0.01953125
0 0.8203125 0.9814453125 0.0390625 0.033203125
0 0.181640625 0.9697265625 0.02734375 0.033203125
0 0.986328125 0.96484375 0.02734375 0.02734375
0 0.61328125 0.96484375 0.0234375 0.03125
0 0.2529296875 0.95703125 0.025390625 0.0234375
0 0.794921875 0.9521484375 0.02734375 0.029296875
0 0.4462890625 0.9482421875 0.033203125 0.033203125
0 0.1552734375 0.9453125 0.037109375 0.03125
0 0.9658203125 0.9443359375 0.033203125 0.033203125
0 0.3388671875 0.939453125 0.033203125 0.02734375
0 0.5869140625 0.9384765625 0.033203125 0.033203125
0 0.55078125 0.9326171875 0.02734375 0.021484375
0 0.236328125 0.9267578125 0.0234375 0.025390625
0 0.8994140625 0.92578125 0.025390625 0.02734375
0 0.77734375 0.9208984375 0.03515625 0.037109375
0 0.3173828125 0.9150390625 0.037109375 0.037109375
0 0.1337890625 0.9130859375 0.033203125 0.033203125
0 0.9375 0.908203125 0.03125 0.03125
0 0.56640625 0.90625 0.0234375 0.02734375
0 0.513671875 0.89453125 0.01953125 0.01953125
0 0.2158203125 0.896484375 0.029296875 0.0234375
0 0.751953125 0.8916015625 0.02734375 0.033203125
0 0.404296875 0.890625 0.03515625 0.03125
0 0.2958984375 0.880859375 0.029296875 0.02734375
0 0.1123046875 0.880859375 0.029296875 0.02734375
0 0.908203125 0.87890625 0.02734375 0.02734375
0 0.5419921875 0.8759765625 0.021484375 0.021484375
0 0.9931640625 0.873046875 0.013671875 0.0234375
0 0.1943359375 0.8681640625 0.025390625 0.025390625
0 0.376953125 0.8662109375 0.0234375 0.025390625
0 0.0908203125 0.853515625 0.033203125 0.02734375
0 0.2744140625 0.8544921875 0.037109375 0.033203125
0 0.7197265625 0.8466796875 0.029296875 0.033203125
0 0.1689453125 0.83984375 0.029296875 0.02734375
0 0.3583984375 0.8359375 0.029296875 0.02734375
0 0.974609375 0.8291015625 0.03125 0.033203125
0 0.861328125 0.82421875 0.03125 0.03125
0 0.2529296875 0.82421875 0.037109375 0.03125
0 0.0673828125 0.82421875 0.029296875 0.03125
0 0.7978515625 0.8173828125 0.021484375 0.021484375
0 0.5029296875 0.8212890625 0.025390625 0.029296875
0 0.3359375 0.80859375 0.02734375 0.0234375
0 0.1455078125 0.8095703125 0.029296875 0.025390625
0 0.6923828125 0.8046875 0.033203125 0.02734375
0 0.8447265625 0.7939453125 0.029296875 0.029296875
0 0.2294921875 0.7939453125 0.033203125 0.029296875
0 0.044921875 0.794921875 0.03515625 0.03125
0 0.474609375 0.7900390625 0.02734375 0.025390625
0 0.9384765625 0.787109375 0.037109375 0.03125
0 0.66796875 0.779296875 0.03125 0.02734375
0 0.1240234375 0.7783203125 0.029296875 0.025390625
0 0.3173828125 0.7734375 0.029296875 0.03515625
0 0.451171875 0.767578125 0.0390625 0.03125
0 0.0244140625 0.767578125 0.033203125 0.03125
0 0.2099609375 0.7646484375 0.033203125 0.033203125
0 0.8232421875 0.755859375 0.029296875 0.03125
0 0.1025390625 0.75 0.033203125 0.03125
0 0.642578125 0.7470703125 0.02734375 0.029296875
0 0.9111328125 0.748046875 0.052734375 0.0390625
0 0.294921875 0.744140625 0.03125 0.03515625
0 0.0078125 0.7353515625 0.015625 0.025390625
0 0.1875 0.734375 0.03125 0.02734375
0 0.96875 0.724609375 0.01171875 0.01171875
0 0.7998046875 0.7314453125 0.025390625 0.025390625
0 0.9833984375 0.728515625 0.025390625 0.03125
0 0.4345703125 0.73046875 0.025390625 0.03515625
0 0.1396484375 0.7158203125 0.017578125 0.017578125
0 0.375 0.71484375 0.01953125 0.01953125
0 0.0771484375 0.720703125 0.033203125 0.03125
0 0.6279296875 0.716796875 0.037109375 0.0390625
0 0.26953125 0.7138671875 0.0234375 0.033203125
0 0.1689453125 0.705078125 0.025390625 0.0234375
0 0.8671875 0.7001953125 0.0234375 0.025390625
0 0.4091796875 0.7041015625 0.033203125 0.033203125
0 0.998046875 0.685546875 0.00390625 0.00390625
0 0.97265625 0.69140625 0.015625 0.015625
0 0.7744140625 0.6943359375 0.021484375 0.021484375
0 0.912109375 0.6943359375 0.02734375 0.029296875
0 0.05078125 0.69140625 0.02734375 0.0234375
0 0.1171875 0.6865234375 0.01953125 0.017578125
0 0.603515625 0.6875 0.03125 0.03125
0 0.2470703125 0.6884765625 0.029296875 0.033203125
0 0.388671875 0.677734375 0.03125 0.03125
0 0.14453125 0.6748046875 0.0234375 0.025390625
0 0.9833984375 0.666015625 0.025390625 0.02734375
0 0.7431640625 0.6640625 0.029296875 0.03125
0 0.8310546875 0.66015625 0.025390625 0.02734375
0 0.2255859375 0.66015625 0.025390625 0.02734375
0 0.576171875 0.66015625 0.03125 0.03515625
0 0.025390625 0.654296875 0.0390625 0.0390625
0 0.359375 0.6455078125 0.0390625 0.033203125
0 0.1181640625 0.6435546875 0.029296875 0.029296875
0 0.9638671875 0.640625 0.025390625 0.02734375
0 0.8642578125 0.63671875 0.033203125 0.03125
0 0.556640625 0.6328125 0.02734375 0.02734375
0 0.201171875 0.6279296875 0.0234375 0.033203125
0 0.7177734375 0.62109375 0.025390625 0.0234375
0 0.095703125 0.6123046875 0.03515625 0.033203125
0 0.1787109375 0.603515625 0.021484375 0.02734375
0 0.7958984375 0.60546875 0.037109375 0.03515625
0 0.53125 0.6005859375 0.02734375 0.025390625
0 0.9228515625 0.5908203125 0.029296875 0.033203125
0 0.6884765625 0.587890625 0.025390625 0.02734375
0 0.6328125 0.578125 0.01171875 0.015625
0 0.1591796875 0.5771484375 0.029296875 0.025390625
0 0.7734375 0.576171875 0.03125 0.03125
0 0.5107421875 0.57421875 0.029296875 0.03125
0 0.810546875 0.5693359375 0.02734375 0.044921875
0 0.8896484375 0.564453125 0.037109375 0.05078125
0 0.6572265625 0.5556640625 0.037109375 0.033203125
0 0.6162109375 0.5478515625 0.017578125 0.021484375
0 0.7392578125 0.544921875 0.025390625 0.0234375
0 0.4892578125 0.544921875 0.029296875 0.02734375
0 0.2763671875 0.5439453125 0.037109375 0.029296875
0 0.13671875 0.541015625 0.03125 0.03515625
0 0.640625 0.5322265625 0.03515625 0.033203125
0 0.744140625 0.517578125 0.01953125 0.015625
0 0.8603515625 0.5205078125 0.041015625 0.029296875
0 0.9970703125 0.4931640625 0.005859375 0.009765625
0 0.181640625 0.4921875 0.0234375 0.02734375
0 0.845703125 0.48828125 0.03515625 0.03515625
0 0.818359375 0.4755859375 0.015625 0.013671875
0 0.9794921875 0.48046875 0.033203125 0.02734375
0 0.7021484375 0.4794921875 0.033203125 0.029296875
0 0.2236328125 0.47265625 0.025390625 0.02734375
0 0.748046875 0.466796875 0.01953125 0.01953125
0 0.5888671875 0.4892578125 0.072265625 0.072265625
0 0.6845703125 0.458984375 0.033203125 0.02734375
0 0.8251953125 0.4541015625 0.029296875 0.021484375
0 0.52734375 0.4560546875 0.04296875 0.041015625
0 0.90625 0.447265625 0.03515625 0.02734375
0 0.00390625 0.439453125 0.0078125 0.015625
0 0.666015625 0.4404296875 0.02734375 0.029296875
0 0.7939453125 0.4365234375 0.037109375 0.029296875
0 0.9248046875 0.4169921875 0.021484375 0.021484375
0 0.8876953125 0.41015625 0.033203125 0.03515625
0 0.96484375 0.3955078125 0.015625 0.013671875
0 0.7783203125 0.3994140625 0.029296875 0.029296875
0 0.9892578125 0.3916015625 0.021484375 0.021484375
0 0.65234375 0.3994140625 0.03515625 0.037109375
0 0.537109375 0.3935546875 0.02734375 0.033203125
0 0.8642578125 0.388671875 0.025390625 0.02734375
0 0.927734375 0.375 0.01953125 0.01953125
0 0.0517578125 0.3798828125 0.029296875 0.033203125
0 0.755859375 0.3720703125 0.02734375 0.025390625
0 0.9580078125 0.3701171875 0.025390625 0.025390625
0 0.849609375 0.365234375 0.0234375 0.01953125
0 0.6162109375 0.3623046875 0.037109375 0.025390625
0 0.6904296875 0.3544921875 0.017578125 0.017578125
0 0.73046875 0.35546875 0.03515625 0.02734375
0 0.048828125 0.3466796875 0.0390625 0.029296875
0 0.830078125 0.3369140625 0.02734375 0.021484375
0 0.9326171875 0.3310546875 0.025390625 0.029296875
0 0.41796875 0.3271484375 0.0234375 0.025390625
0 0.478515625 0.3203125 0.0234375 0.0234375
0 0.7041015625 0.318359375 0.033203125 0.02734375
0 0.314453125 0.3203125 0.01953125 0.03515625
0 0.80859375 0.3095703125 0.02734375 0.025390625
0 0.029296875 0.298828125 0.0234375 0.0234375
0 0.8310546875 0.29296875 0.021484375 0.01953125
0 0.9033203125 0.2978515625 0.029296875 0.037109375
0 0.0576171875 0.2861328125 0.029296875 0.021484375
0 0.349609375 0.2822265625 0.02734375 0.025390625
0 0.095703125 0.27734375 0.02734375 0.03125
0 0.97265625 0.275390625 0.02734375 0.0390625
0 0.5107421875 0.2666015625 0.025390625 0.021484375
0 0.884765625 0.2646484375 0.0234375 0.025390625
0 0.55859375 0.2646484375 0.03125 0.033203125
0 0.994140625 0.2587890625 0.01171875 0.029296875
0 0.6484375 0.259765625 0.0234375 0.03125
0 0.2578125 0.2607421875 0.0390625 0.041015625
0 0.4140625 0.251953125 0.02734375 0.02734375
0 0.697265625 0.25 0.0234375 0.03125
0 0.1240234375 0.2470703125 0.025390625 0.029296875
0 0.4990234375 0.2421875 0.025390625 0.02734375
0 0.7783203125 0.2470703125 0.044921875 0.044921875
0 0.943359375 0.2333984375 0.03125 0.025390625
0 0.75 0.2294921875 0.01953125 0.017578125
0 0.58203125 0.23828125 0.0390625 0.03515625
0 0.0078125 0.228515625 0.015625 0.01953125
0 0.3955078125 0.2294921875 0.029296875 0.025390625
0 0.8125 0.228515625 0.02734375 0.02734375
0 0.7763671875 0.2099609375 0.017578125 0.017578125
0 0.9716796875 0.208984375 0.037109375 0.02734375
0 0.8408203125 0.2099609375 0.029296875 0.029296875
0 0.486328125 0.2138671875 0.0390625 0.037109375
0 0.0654296875 0.2060546875 0.033203125 0.029296875
0 0.00390625 0.19921875 0.0078125 0.015625
0 0.865234375 0.1982421875 0.0234375 0.025390625
0 0.458984375 0.1953125 0.02734375 0.0234375
0 0.9921875 0.1923828125 0.015625 0.025390625
0 0.71875 0.1943359375 0.02734375 0.029296875
0 0.1455078125 0.1923828125 0.025390625 0.025390625
0 0.802734375 0.17578125 0.015625 0.015625
0 0.3515625 0.1787109375 0.0234375 0.029296875
0 0.8857421875 0.177734375 0.025390625 0.03125
0 0.853515625 0.1728515625 0.01953125 0.021484375
0 0.626953125 0.1806640625 0.02734375 0.037109375
0 0.04296875 0.1728515625 0.015625 0.021484375
0 0.744140625 0.1748046875 0.03125 0.029296875
0 0.298828125 0.1708984375 0.0234375 0.025390625
0 0.0732421875 0.1669921875 0.025390625 0.025390625
0 0.91015625 0.1640625 0.02734375 0.02734375
0 0.8427734375 0.1533203125 0.013671875 0.013671875
0 0.771484375 0.1630859375 0.02734375 0.033203125
0 0.53515625 0.162109375 0.03515625 0.03515625
0 0.3310546875 0.1591796875 0.037109375 0.037109375
0 0.1396484375 0.15234375 0.029296875 0.0234375
0 0.4130859375 0.154296875 0.033203125 0.03515625
0 0.9375 0.1455078125 0.02734375 0.025390625
0 0.8671875 0.138671875 0.015625 0.015625
0 0.0625 0.1416015625 0.03125 0.021484375
0 0.7939453125 0.142578125 0.025390625 0.02734375
0 0.470703125 0.1298828125 0.015625 0.017578125
0 0.9599609375 0.130859375 0.025390625 0.0234375
0 0.5234375 0.1279296875 0.01953125 0.021484375
0 0.8154296875 0.126953125 0.025390625 0.0234375
0 0.30859375 0.130859375 0.03125 0.03125
0 0.6025390625 0.130859375 0.029296875 0.0390625
0 0.4404296875 0.1220703125 0.025390625 0.025390625
0 0.12109375 0.12109375 0.01953125 0.0234375
0 0.9287109375 0.1162109375 0.017578125 0.017578125
0 0.060546875 0.1162109375 0.0234375 0.021484375
0 0.986328125 0.115234375 0.02734375 0.0234375
0 0.83984375 0.1103515625 0.02734375 0.021484375
0 0.291015625 0.1103515625 0.03125 0.029296875
0 0.46484375 0.1044921875 0.01953125 0.021484375
0 0.5810546875 0.1005859375 0.029296875 0.025390625
0 0.3671875 0.1005859375 0.0234375 0.025390625
0 0.8662109375 0.0927734375 0.021484375 0.025390625
0 0.490234375 0.091796875 0.0234375 0.0234375
0 0.1171875 0.0908203125 0.0234375 0.021484375
0 0.052734375 0.091796875 0.02734375 0.0234375
0 0.384765625 0.08203125 0.02734375 0.02734375
0 0.3525390625 0.0771484375 0.017578125 0.017578125
0 0.890625 0.0830078125 0.03125 0.033203125
0 0.56640625 0.0732421875 0.02734375 0.029296875
0 0.1611328125 0.0673828125 0.021484375 0.021484375
0 0.19921875 0.064453125 0.01953125 0.01953125
0 0.0439453125 0.0654296875 0.021484375 0.021484375
0 0.5205078125 0.0625 0.021484375 0.0234375
0 0.333984375 0.0595703125 0.0234375 0.021484375
0 0.9140625 0.0634765625 0.03125 0.033203125
0 0.1103515625 0.05859375 0.025390625 0.0234375
0 0.404296875 0.0615234375 0.03125 0.033203125
0 0.54296875 0.0478515625 0.03515625 0.033203125
0 0.42578125 0.0458984375 0.03125 0.029296875
0 0.939453125 0.044921875 0.03125 0.03515625
0 0.0380859375 0.0390625 0.021484375 0.0234375
0 0.16796875 0.033203125 0.015625 0.015625
0 0.2158203125 0.033203125 0.029296875 0.03125
0 0.1044921875 0.0283203125 0.021484375 0.021484375
0 0.4443359375 0.03125 0.029296875 0.03125
0 0.96484375 0.02734375 0.03515625 0.03515625
0 0.9853515625 0.015625 0.029296875 0.03125
0 0.8095703125 0.0185546875 0.076171875 0.037109375
0 0.7548828125 0.0029296875 0.025390625 0.005859375
0 0.50390625 0.0029296875 0.01171875 0.005859375
0 0.4853515625 0.0087890625 0.025390625 0.017578125
0 0.4638671875 0.0166015625 0.029296875 0.033203125
0 0.4248046875 0.001953125 0.005859375 0.00390625
0 0.2900390625 0.0087890625 0.029296875 0.017578125
0 0.1875 0.0087890625 0.03125 0.017578125
0 0.08984375 0.00390625 0.01953125 0.0078125
0 0.0263671875 0.0078125 0.025390625 0.015625