0 0.95703125 0.99609375 0.01953125 0.0078125
0 0.9970703125 0.994140625 0.005859375 0.0078125
0 0.7666015625 0.9921875 0.025390625 0.015625
0 0.447265625 0.990234375 0.0234375 0.01953125
0 0.6591796875 0.9892578125 0.037109375 0.021484375
0 0.5966796875 0.98046875 0.021484375 0.01953125
0 0.9287109375 0.984375 0.041015625 0.03125
0 0.7431640625 0.982421875 0.041015625 0.03515625
0 0.8349609375 0.98046875 0.052734375 0.0390625
0 0.986328125 0.9716796875 0.02734375 0.037109375
0 0.91015625 0.9697265625 0.0390625 0.037109375
0 0.6259765625 0.96484375 0.041015625 0.0390625
0 0.798828125 0.95703125 0.03515625 0.03515625
0 0.7138671875 0.95703125 0.033203125 0.03515625
0 0.5673828125 0.9638671875 0.029296875 0.060546875
0 0.9677734375 0.951171875 0.037109375 0.0390625
0 0.88671875 0.9462890625 0.0390625 0.037109375
0 0.607421875 0.9453125 0.0390625 0.0390625
0 0.0302734375 0.9619140625 0.060546875 0.076171875
0 0.134765625 0.931640625 0.0234375 0.0234375
0 0.7783203125 0.9365234375 0.037109375 0.037109375
0 0.6953125 0.9375 0.0390625 0.0390625
0 0.947265625 0.9306640625 0.03515625 0.037109375
0 0.8662109375 0.923828125 0.041015625 0.04296875
0 0.708984375 0.904296875 0.015625 0.015625
0 0.7587890625 0.9111328125 0.033203125 0.033203125
0 0.9228515625 0.908203125 0.037109375 0.0390625
0 0.841796875 0.9052734375 0.03515625 0.033203125
0 0.669921875 0.91015625 0.05859375 0.0546875
0 0.740234375 0.890625 0.02734375 0.0234375
0 0.8193359375 0.8837890625 0.033203125 0.033203125
0 0.8955078125 0.8837890625 0.033203125 0.037109375
0 0.4873046875 0.927734375 0.080078125 0.125
0 0.98828125 0.8828125 0.0234375 0.0390625
0 0.6337890625 0.8759765625 0.037109375 0.037109375
0 0.6806640625 0.8740234375 0.041015625 0.037109375
0 0.97265625 0.8642578125 0.0390625 0.041015625
0 0.9501953125 0.84375 0.037109375 0.0390625
0 0.92578125 0.82421875 0.0390625 0.0390625
0 0.818359375 0.8310546875 0.109375 0.072265625
0 0.9873046875 0.8076171875 0.025390625 0.041015625
0 0.904296875 0.8037109375 0.0390625 0.041015625
0 0.97265625 0.7841796875 0.03515625 0.037109375
0 0.5693359375 0.771484375 0.025390625 0.0390625
0 0.54296875 0.771484375 0.0234375 0.0390625
0 0.9521484375 0.763671875 0.029296875 0.03125
0 0.59765625 0.7685546875 0.0234375 0.041015625
0 0.5068359375 0.765625 0.044921875 0.05859375
0 0.673828125 0.7568359375 0.0546875 0.044921875
0 0.9189453125 0.736328125 0.044921875 0.0390625
0 0.736328125 0.7353515625 0.03515625 0.041015625
0 0.521484375 0.724609375 0.03515625 0.02734375
0 0.98828125 0.7109375 0.0234375 0.03125
0 0.7587890625 0.716796875 0.033203125 0.04296875
0 0.69921875 0.732421875 0.0625 0.07421875
0 0.390625 0.70703125 0.015625 0.02734375
0 0.7841796875 0.7001953125 0.029296875 0.025390625
0 0.6123046875 0.70703125 0.052734375 0.078125
0 0.6943359375 0.6787109375 0.033203125 0.029296875
0 0.5283203125 0.6884765625 0.037109375 0.052734375
0 0.955078125 0.6767578125 0.0390625 0.044921875
0 0.9833984375 0.65625 0.033203125 0.03515625
0 0.701171875 0.650390625 0.03125 0.0234375
0 0.6279296875 0.654296875 0.037109375 0.03125
0 0.2607421875 0.63671875 0.033203125 0.01953125
0 0.8154296875 0.6572265625 0.080078125 0.080078125
0 0.6357421875 0.62890625 0.037109375 0.03125
0 0.708984375 0.623046875 0.03125 0.02734375
0 0.642578125 0.6015625 0.04296875 0.02734375
0 0.7705078125 0.6103515625 0.056640625 0.056640625
0 0.8701171875 0.6005859375 0.041015625 0.041015625
0 0.5478515625 0.6201171875 0.060546875 0.087890625
0 0.1396484375 0.607421875 0.060546875 0.0625
0 0.654296875 0.5751953125 0.0390625 0.033203125
0 0.83984375 0.568359375 0.03515625 0.03515625
0 0.8935546875 0.5703125 0.041015625 0.046875
0 0.7314453125 0.5751953125 0.052734375 0.060546875
0 0.392578125 0.5576171875 0.0234375 0.029296875
0 0.04296875 0.5556640625 0.0390625 0.041015625
0 0.9228515625 0.5498046875 0.041015625 0.041015625
0 0.2119140625 0.546875 0.033203125 0.03515625
0 0.56640625 0.5390625 0.0546875 0.0390625
0 0.8056640625 0.5361328125 0.060546875 0.052734375
0 0.6708984375 0.5361328125 0.044921875 0.052734375
0 0.1279296875 0.5185546875 0.021484375 0.017578125
0 0.88671875 0.5205078125 0.0390625 0.037109375
0 0.5625 0.5107421875 0.03125 0.029296875
0 0.005859375 0.5029296875 0.01171875 0.021484375
0 0.974609375 0.501953125 0.0390625 0.04296875
0 0.6259765625 0.51171875 0.064453125 0.06640625
0 0.7607421875 0.5009765625 0.052734375 0.052734375
0 0.8642578125 0.494140625 0.037109375 0.04296875
0 0.134765625 0.4814453125 0.03515625 0.033203125
0 0.76953125 0.4716796875 0.015625 0.017578125
0 0.572265625 0.470703125 0.05078125 0.03515625
0 0.9453125 0.462890625 0.03515625 0.03515625
0 0.9921875 0.4560546875 0.015625 0.025390625
0 0.9228515625 0.4404296875 0.037109375 0.033203125
0 0.0517578125 0.4384765625 0.044921875 0.041015625
0 0.9052734375 0.4208984375 0.041015625 0.037109375
0 0.8115234375 0.447265625 0.103515625 0.09765625
0 0.3173828125 0.4052734375 0.025390625 0.029296875
0 0.986328125 0.404296875 0.02734375 0.03515625
0 0.8828125 0.40234375 0.03515625 0.03515625
0 0.73046875 0.3974609375 0.04296875 0.044921875
0 0.58984375 0.3876953125 0.02734375 0.037109375
0 0.8583984375 0.384765625 0.033203125 0.03515625
0 0.6982421875 0.37890625 0.041015625 0.04296875
0 0.9619140625 0.3740234375 0.041015625 0.037109375
0 0.833984375 0.3671875 0.03515625 0.03515625
0 0.6650390625 0.361328125 0.044921875 0.04296875
0 0.8125 0.3544921875 0.03515625 0.033203125
0 0.9384765625 0.3515625 0.041015625 0.04296875
0 0.244140625 0.34375 0.02734375 0.02734375
0 0.6337890625 0.34375 0.041015625 0.046875
0 0.9140625 0.330078125 0.0390625 0.04296875
0 0.8876953125 0.3154296875 0.033203125 0.041015625
0 0.98828125 0.3076171875 0.0234375 0.037109375
0 0.1806640625 0.2998046875 0.037109375 0.021484375
0 0.8642578125 0.3017578125 0.033203125 0.037109375
0 0.4482421875 0.3173828125 0.087890625 0.072265625
0 0.1064453125 0.291015625 0.021484375 0.01953125
0 0.837890625 0.2880859375 0.0390625 0.041015625
0 0.71484375 0.291015625 0.046875 0.05078125
0 0.9677734375 0.283203125 0.041015625 0.0390625
0 0.6796875 0.2783203125 0.0390625 0.044921875
0 0.7666015625 0.294921875 0.095703125 0.109375
0 0.65234375 0.26171875 0.04296875 0.04296875
0 0.9365234375 0.2548828125 0.037109375 0.041015625
0 0.4775390625 0.255859375 0.033203125 0.046875
0 0.9912109375 0.2451171875 0.017578125 0.029296875
0 0.767578125 0.2470703125 0.04296875 0.041015625
0 0.361328125 0.2744140625 0.125 0.103515625
0 0.9033203125 0.2373046875 0.037109375 0.041015625
0 0.4482421875 0.23828125 0.037109375 0.04296875
0 0.7421875 0.2294921875 0.0390625 0.044921875
0 0.8740234375 0.2197265625 0.037109375 0.041015625
0 0.7138671875 0.216796875 0.037109375 0.0390625
0 0.4052734375 0.2109375 0.068359375 0.05859375
0 0.689453125 0.197265625 0.0390625 0.04296875
0 0.3564453125 0.18359375 0.033203125 0.03125
0 0.9013671875 0.1787109375 0.041015625 0.037109375
0 0.6630859375 0.18359375 0.037109375 0.046875
0 0.7734375 0.162109375 0.0390625 0.0390625
0 0.609375 0.1982421875 0.07421875 0.138671875
0 0.744140625 0.1474609375 0.0390625 0.041015625
0 0.427734375 0.1435546875 0.0390625 0.037109375
0 0.8203125 0.16796875 0.07421875 0.08984375
0 0.2802734375 0.138671875 0.033203125 0.0390625
0 0.7861328125 0.1259765625 0.017578125 0.017578125
0 0.244140625 0.173828125 0.14453125 0.11328125
0 0.7158203125 0.130859375 0.037109375 0.0390625
0 0.3994140625 0.125 0.037109375 0.0390625
0 0.2451171875 0.119140625 0.037109375 0.03125
0 0.9443359375 0.1630859375 0.111328125 0.138671875
0 0.6845703125 0.11328125 0.041015625 0.0390625
0 0.373046875 0.107421875 0.046875 0.0546875
0 0.6318359375 0.0947265625 0.041015625 0.041015625
0 0.17578125 0.09765625 0.078125 0.0546875
0 0.798828125 0.09375 0.046875 0.05078125
0 0.1298828125 0.08203125 0.029296875 0.03515625
0 0.341796875 0.0888671875 0.046875 0.052734375
0 0.486328125 0.1328125 0.08984375 0.15625
0 0.1669921875 0.0634765625 0.025390625 0.021484375
0 0.7666015625 0.076171875 0.048828125 0.05078125
0 0.4404296875 0.0654296875 0.033203125 0.033203125
0 0.3076171875 0.0703125 0.041015625 0.05078125
0 0.650390625 0.0673828125 0.0546875 0.048828125
0 0.1484375 0.0498046875 0.0234375 0.021484375
0 0.4072265625 0.0517578125 0.037109375 0.041015625
0 0.9873046875 0.0517578125 0.025390625 0.048828125
0 0.2802734375 0.0478515625 0.033203125 0.044921875
0 0.3759765625 0.0361328125 0.033203125 0.037109375
0 0.7197265625 0.048828125 0.080078125 0.06640625
0 0.251953125 0.037109375 0.0390625 0.04296875
0 0.97265625 0.0068359375 0.0234375 0.013671875
0 0.939453125 0.025390625 0.0546875 0.05078125
0 0.8193359375 0.0439453125 0.162109375 0.087890625
0 0.66015625 0.025390625 0.05859375 0.05078125
0 0.5390625 0.005859375 0.0234375 0.01171875
0 0.34375 0.017578125 0.03515625 0.03515625
0 0.306640625 0.0087890625 0.02734375 0.017578125
0 0.208984375 0.0205078125 0.0703125 0.041015625
0 0.15625 0.005859375 0.02734375 0.01171875
0 0.1015625 0.001953125 0.00390625 0.00390625
0 0.048828125 0.0283203125 0.09765625 0.056640625