0 0.6474609375 0.7490234375 0.029296875 0.033203125
0 0.0146484375 0.69921875 0.029296875 0.05859375
0 0.74609375 0.8046875 0.5078125 0.390625
0 0.4765625 0.6845703125 0.19921875 0.177734375
0 0.845703125 0.5029296875 0.0546875 0.052734375
0 0.2470703125 0.548828125 0.208984375 0.27734375
0 0.4765625 0.4912109375 0.1875 0.173828125
0 0.021484375 0.49609375 0.04296875 0.234375
0 0.5107421875 0.3193359375 0.201171875 0.111328125
0 0.314453125 0.3017578125 0.1328125 0.119140625
0 0.154296875 0.271484375 0.12890625 0.1171875
0 0.013671875 0.2197265625 0.02734375 0.111328125
0 0.978515625 0.1513671875 0.04296875 0.103515625
0 0.0068359375 0.046875 0.013671875 0.08203125
0 0.943359375 0.05859375 0.11328125 0.11328125
0 0.333984375 0.0322265625 0.375 0.064453125