0 0.6064453125 0.978515625 0.123046875 0.04296875
0 0.396484375 0.9775390625 0.08203125 0.044921875
0 0.1826171875 0.9775390625 0.076171875 0.044921875
0 0.955078125 0.96875 0.0625 0.0625
0 0.708984375 0.9658203125 0.0546875 0.068359375
0 0.7646484375 0.95703125 0.080078125 0.0859375
0 0.9853515625 0.939453125 0.029296875 0.0703125
0 0.0263671875 0.9345703125 0.052734375 0.087890625
0 0.8447265625 0.9423828125 0.083984375 0.115234375
0 0.505859375 0.9111328125 0.1015625 0.103515625
0 0.912109375 0.900390625 0.05859375 0.0859375
0 0.0546875 0.8671875 0.109375 0.109375
0 0.005859375 0.8046875 0.01171875 0.01953125
0 0.8125 0.8251953125 0.171875 0.087890625
0 0.5869140625 0.8046875 0.083984375 0.0703125
0 0.7001953125 0.8193359375 0.095703125 0.103515625
0 0.3564453125 0.8349609375 0.154296875 0.134765625
0 0.103515625 0.8115234375 0.1015625 0.095703125
0 0.958984375 0.76953125 0.08203125 0.05859375
0 0.4296875 0.7734375 0.125 0.1171875
0 0.162109375 0.7509765625 0.109375 0.103515625
0 0.80859375 0.73046875 0.140625 0.09765625
0 0.064453125 0.720703125 0.10546875 0.11328125
0 0.9033203125 0.703125 0.068359375 0.1015625
0 0.4765625 0.712890625 0.17578125 0.1640625
0 0.9599609375 0.66015625 0.076171875 0.0703125
0 0.728515625 0.666015625 0.1015625 0.109375
0 0.1923828125 0.6767578125 0.138671875 0.130859375
0 0.0322265625 0.658203125 0.064453125 0.109375
0 0.546875 0.65234375 0.16015625 0.1484375
0 0.26953125 0.625 0.10546875 0.1015625
0 0.0810546875 0.580078125 0.068359375 0.06640625
0 0.1923828125 0.5849609375 0.080078125 0.083984375
0 0.939453125 0.580078125 0.12109375 0.08203125
0 0.3193359375 0.576171875 0.091796875 0.0859375
0 0.5947265625 0.60546875 0.162109375 0.1484375
0 0.96875 0.5244140625 0.05078125 0.052734375
0 0.84765625 0.5361328125 0.1015625 0.111328125
0 0.9892578125 0.4892578125 0.021484375 0.041015625
0 0.650390625 0.5283203125 0.1796875 0.158203125
0 0.2890625 0.47265625 0.109375 0.1171875
0 0.87890625 0.4169921875 0.046875 0.048828125
0 0.69921875 0.47265625 0.18359375 0.1796875
0 0.5166015625 0.4091796875 0.052734375 0.052734375
0 0.0869140625 0.4521484375 0.173828125 0.189453125
0 0.1943359375 0.458984375 0.181640625 0.20703125
0 0.90625 0.3720703125 0.0546875 0.056640625
0 0.4150390625 0.453125 0.205078125 0.2421875
0 0.384765625 0.3759765625 0.09765625 0.103515625
0 0.76171875 0.4013671875 0.17578125 0.162109375
0 0.8037109375 0.3505859375 0.080078125 0.076171875
0 0.189453125 0.34765625 0.0859375 0.0859375
0 0.4306640625 0.3232421875 0.060546875 0.060546875
0 0.8330078125 0.3212890625 0.087890625 0.083984375
0 0.3271484375 0.3134765625 0.130859375 0.115234375
0 0.279296875 0.251953125 0.1328125 0.13671875
0 0.861328125 0.310546875 0.26953125 0.3359375
0 0.953125 0.1328125 0.09375 0.265625
0 0.5966796875 0.189453125 0.533203125 0.37890625
0 0.3115234375 0.0361328125 0.103515625 0.072265625
0 0.115234375 0.1962890625 0.23046875 0.392578125