0 0.138671875 0.99609375 0.01171875 0.0078125
0 0.9794921875 0.994140625 0.021484375 0.01171875
0 0.716796875 0.9931640625 0.0234375 0.013671875
0 0.3671875 0.9912109375 0.03125 0.017578125
0 0.0390625 0.9912109375 0.03125 0.017578125
0 0.2685546875 0.990234375 0.029296875 0.01953125
0 0.8056640625 0.9892578125 0.033203125 0.021484375
0 0.2294921875 0.986328125 0.033203125 0.02734375
0 0.1708984375 0.986328125 0.033203125 0.02734375
0 0.7470703125 0.9853515625 0.033203125 0.029296875
0 0.5 0.9833984375 0.03125 0.025390625
0 0.5908203125 0.9814453125 0.037109375 0.037109375
0 0.783203125 0.974609375 0.03515625 0.02734375
0 0.9521484375 0.9794921875 0.041015625 0.041015625
0 0.625 0.9736328125 0.03515625 0.033203125
0 0.3427734375 0.970703125 0.037109375 0.03125
0 0.0830078125 0.9677734375 0.033203125 0.029296875
0 0.48046875 0.958984375 0.02734375 0.0234375
0 0.0068359375 0.947265625 0.013671875 0.0234375
0 0.931640625 0.94921875 0.04296875 0.03125
0 0.5537109375 0.9560546875 0.033203125 0.044921875
0 0.44921875 0.9462890625 0.02734375 0.025390625
0 0.2099609375 0.947265625 0.029296875 0.02734375
0 0.298828125 0.939453125 0.01953125 0.01953125
0 0.9111328125 0.9365234375 0.033203125 0.029296875
0 0.845703125 0.94140625 0.046875 0.0390625
0 0.708984375 0.935546875 0.02734375 0.02734375
0 0.1181640625 0.9384765625 0.033203125 0.033203125
0 0.677734375 0.939453125 0.03515625 0.0390625
0 0.59375 0.9384765625 0.03125 0.037109375
0 0.9912109375 0.9248046875 0.017578125 0.029296875
0 0.875 0.919921875 0.03125 0.03515625
0 0.431640625 0.9140625 0.0234375 0.03125
0 0.744140625 0.912109375 0.03515625 0.03515625
0 0.28125 0.9111328125 0.03125 0.033203125
0 0.0107421875 0.9033203125 0.021484375 0.021484375
0 0.654296875 0.9052734375 0.02734375 0.029296875
0 0.9033203125 0.90625 0.033203125 0.03515625
0 0.154296875 0.8974609375 0.0390625 0.033203125
0 0.4677734375 0.8857421875 0.025390625 0.021484375
0 0.7958984375 0.8857421875 0.033203125 0.025390625
0 0.5087890625 0.884765625 0.025390625 0.02734375
0 0.630859375 0.8798828125 0.02734375 0.025390625
0 0.537109375 0.8798828125 0.0234375 0.025390625
0 0.087890625 0.8798828125 0.03515625 0.033203125
0 0.716796875 0.873046875 0.02734375 0.02734375
0 0.2509765625 0.8759765625 0.033203125 0.033203125
0 0.6025390625 0.8671875 0.025390625 0.0234375
0 0.5634765625 0.8681640625 0.025390625 0.025390625
0 0.8349609375 0.8623046875 0.025390625 0.021484375
0 0.998046875 0.849609375 0.00390625 0.0078125
0 0.0302734375 0.859375 0.044921875 0.03515625
0 0.7724609375 0.853515625 0.033203125 0.03515625
0 0.8671875 0.8447265625 0.02734375 0.025390625
0 0.681640625 0.83984375 0.0390625 0.03515625
0 0.9091796875 0.8193359375 0.025390625 0.021484375
0 0.7431640625 0.8154296875 0.033203125 0.033203125
0 0.662109375 0.8115234375 0.03125 0.029296875
0 0.9345703125 0.802734375 0.029296875 0.02734375
0 0.720703125 0.791015625 0.02734375 0.02734375
0 0.9619140625 0.7900390625 0.029296875 0.029296875
0 0.82421875 0.7890625 0.03125 0.02734375
0 0.98828125 0.775390625 0.0234375 0.02734375
0 0.8916015625 0.7626953125 0.025390625 0.029296875
0 0.8017578125 0.767578125 0.048828125 0.046875
0 0.984375 0.73828125 0.03125 0.02734375
0 0.1279296875 0.7412109375 0.033203125 0.037109375
0 0.876953125 0.736328125 0.02734375 0.03125
0 0.162109375 0.7216796875 0.01953125 0.017578125
0 0.0068359375 0.7080078125 0.013671875 0.025390625
0 0.0859375 0.7080078125 0.03125 0.029296875
0 0.1787109375 0.703125 0.029296875 0.02734375
0 0.119140625 0.6904296875 0.0234375 0.021484375
0 0.0703125 0.67578125 0.03515625 0.03515625
0 0.0419921875 0.6455078125 0.029296875 0.029296875
0 0.0205078125 0.6162109375 0.025390625 0.033203125
0 0.0498046875 0.6025390625 0.017578125 0.021484375
0 0.005859375 0.5927734375 0.01171875 0.021484375
0 0.017578125 0.560546875 0.01953125 0.01953125
0 0.75390625 0.361328125 0.03515625 0.0234375
0 0.8037109375 0.353515625 0.033203125 0.02734375
0 0.8466796875 0.3408203125 0.033203125 0.029296875
0 0.8896484375 0.3291015625 0.029296875 0.033203125
0 0.923828125 0.3095703125 0.0390625 0.029296875
0 0.748046875 0.2958984375 0.03125 0.029296875
0 0.96875 0.294921875 0.02734375 0.03125
0 0.8173828125 0.2802734375 0.037109375 0.029296875
0 0.9951171875 0.2724609375 0.009765625 0.017578125
0 0.8759765625 0.2568359375 0.037109375 0.029296875
0 0.8310546875 0.2421875 0.029296875 0.0234375
0 0.798828125 0.2373046875 0.02734375 0.029296875
0 0.9091796875 0.23828125 0.029296875 0.03515625
0 0.6826171875 0.2265625 0.029296875 0.01953125
0 0.734375 0.2314453125 0.02734375 0.041015625
0 0.6337890625 0.224609375 0.029296875 0.02734375
0 0.5927734375 0.2138671875 0.029296875 0.029296875
0 0.947265625 0.2060546875 0.02734375 0.033203125
0 0.787109375 0.1923828125 0.03125 0.033203125
0 0.544921875 0.19140625 0.03125 0.03125
0 0.0166015625 0.1787109375 0.025390625 0.021484375
0 0.7158203125 0.1650390625 0.029296875 0.029296875
0 0.5029296875 0.16796875 0.033203125 0.03515625
0 0.994140625 0.162109375 0.01171875 0.02734375
0 0.66015625 0.1611328125 0.03125 0.025390625
0 0.3212890625 0.169921875 0.029296875 0.04296875
0 0.931640625 0.158203125 0.03515625 0.0234375
0 0.77734375 0.1533203125 0.02734375 0.033203125
0 0.6259765625 0.14453125 0.025390625 0.0390625
0 0.5849609375 0.1376953125 0.029296875 0.025390625
0 0.134765625 0.13671875 0.03515625 0.02734375
0 0.0537109375 0.1318359375 0.021484375 0.025390625
0 0.990234375 0.125 0.01953125 0.015625
0 0.69921875 0.1328125 0.03515625 0.046875
0 0.47265625 0.1240234375 0.02734375 0.029296875
0 0.9287109375 0.119140625 0.029296875 0.0234375
0 0.1796875 0.1171875 0.03125 0.0234375
0 0.55078125 0.1171875 0.03125 0.03125
0 0.767578125 0.10546875 0.02734375 0.02734375
0 0.220703125 0.099609375 0.02734375 0.0234375
0 0.9892578125 0.0869140625 0.021484375 0.025390625
0 0.9306640625 0.083984375 0.021484375 0.02734375
0 0.44921875 0.0859375 0.02734375 0.03125
0 0.130859375 0.083984375 0.01953125 0.02734375
0 0.2548828125 0.08203125 0.029296875 0.02734375
0 0.6943359375 0.08203125 0.021484375 0.03125
0 0.755859375 0.0712890625 0.02734375 0.029296875
0 0.5126953125 0.0703125 0.029296875 0.03125
0 0.2861328125 0.064453125 0.029296875 0.02734375
0 0.9873046875 0.05078125 0.021484375 0.0234375
0 0.0712890625 0.0517578125 0.017578125 0.025390625
0 0.5595703125 0.0517578125 0.037109375 0.029296875
0 0.3212890625 0.05078125 0.033203125 0.02734375
0 0.1572265625 0.0517578125 0.033203125 0.029296875
0 0.9248046875 0.044921875 0.033203125 0.01953125
0 0.6015625 0.0478515625 0.0234375 0.033203125
0 0.35546875 0.0390625 0.02734375 0.0234375
0 0.642578125 0.0322265625 0.02734375 0.021484375
0 0.193359375 0.033203125 0.02734375 0.0234375
0 0.388671875 0.0244140625 0.02734375 0.029296875
0 0.681640625 0.0234375 0.02734375 0.03125
0 0.2255859375 0.017578125 0.025390625 0.0234375
0 0.984375 0.0107421875 0.01953125 0.021484375
0 0.9248046875 0.009765625 0.021484375 0.01953125
0 0.8779296875 0.001953125 0.025390625 0.00390625
0 0.8388671875 0.0029296875 0.029296875 0.005859375
0 0.79296875 0.0068359375 0.03515625 0.013671875
0 0.7421875 0.015625 0.02734375 0.03125
0 0.4619140625 0.0068359375 0.033203125 0.013671875
0 0.2607421875 0.0078125 0.029296875 0.015625
0 0.0712890625 0.0107421875 0.029296875 0.021484375
0 0.0244140625 0.0048828125 0.029296875 0.009765625