0 0.1025390625 0.998046875 0.009765625 0.00390625
0 0.1494140625 0.98828125 0.052734375 0.0234375
0 0.2578125 0.982421875 0.04296875 0.03515625
0 0.3720703125 0.9619140625 0.029296875 0.033203125
0 0.0107421875 0.9482421875 0.021484375 0.029296875
0 0.0556640625 0.9111328125 0.029296875 0.048828125
0 0.3583984375 0.9013671875 0.025390625 0.048828125
0 0.16015625 0.8935546875 0.05078125 0.033203125
0 0.0107421875 0.8896484375 0.021484375 0.025390625
0 0.2412109375 0.8916015625 0.048828125 0.033203125
0 0.33984375 0.8544921875 0.04296875 0.033203125
0 0.1357421875 0.828125 0.037109375 0.05078125
0 0.23046875 0.8203125 0.03125 0.04296875
0 0.001953125 0.794921875 0.00390625 0.00390625
0 0.0458984375 0.798828125 0.052734375 0.03515625
0 0.322265625 0.7958984375 0.03125 0.037109375
0 0.1298828125 0.767578125 0.037109375 0.04296875
0 0.2109375 0.7470703125 0.03125 0.041015625
0 0.3017578125 0.740234375 0.033203125 0.03515625
0 0.8251953125 0.779296875 0.115234375 0.15234375
0 0.12109375 0.7099609375 0.03125 0.037109375
0 0.0263671875 0.7197265625 0.029296875 0.056640625
0 0.3076171875 0.69140625 0.041015625 0.02734375
0 0.798828125 0.6611328125 0.0390625 0.044921875
0 0.8701171875 0.66015625 0.037109375 0.05078125
0 0.189453125 0.6591796875 0.03125 0.052734375
0 0.1142578125 0.6513671875 0.033203125 0.037109375
0 0.0224609375 0.650390625 0.037109375 0.0390625
0 0.291015625 0.6357421875 0.0234375 0.029296875
0 0.9248046875 0.6220703125 0.056640625 0.025390625
0 0.0166015625 0.5966796875 0.033203125 0.044921875
0 0.275390625 0.5869140625 0.02734375 0.033203125
0 0.98828125 0.591796875 0.0234375 0.05078125
0 0.103515625 0.583984375 0.02734375 0.0390625
0 0.1796875 0.5634765625 0.03125 0.056640625
0 0.0087890625 0.5361328125 0.017578125 0.037109375
0 0.353515625 0.529296875 0.04296875 0.02734375
0 0.08984375 0.5283203125 0.02734375 0.037109375
0 0.2744140625 0.5234375 0.029296875 0.03515625
0 0.421875 0.5029296875 0.046875 0.029296875
0 0.83984375 0.5048828125 0.0390625 0.044921875
0 0.9560546875 0.50390625 0.033203125 0.05078125
0 0.501953125 0.4794921875 0.0703125 0.037109375
0 0.1630859375 0.48046875 0.029296875 0.0546875
0 0.9853515625 0.46875 0.029296875 0.0390625
0 0.0771484375 0.4697265625 0.041015625 0.041015625
0 0.5869140625 0.458984375 0.056640625 0.046875
0 0.6650390625 0.427734375 0.052734375 0.03125
0 0.8828125 0.4091796875 0.02734375 0.021484375
0 0.05078125 0.4150390625 0.03125 0.041015625
0 0.32421875 0.4169921875 0.04296875 0.052734375
0 0.740234375 0.3984375 0.02734375 0.0234375
0 0.1533203125 0.4052734375 0.037109375 0.056640625
0 0.81640625 0.3916015625 0.04296875 0.044921875
0 0.4462890625 0.384765625 0.041015625 0.03515625
0 0.2431640625 0.37890625 0.033203125 0.03125
0 0.9169921875 0.37109375 0.041015625 0.0234375
0 0.9775390625 0.365234375 0.037109375 0.03515625
0 0.5537109375 0.357421875 0.044921875 0.03515625
0 0.033203125 0.3623046875 0.0390625 0.048828125
0 0.2783203125 0.341796875 0.013671875 0.01953125
0 0.6171875 0.345703125 0.03125 0.03125
0 0.3193359375 0.3486328125 0.021484375 0.041015625
0 0.150390625 0.3447265625 0.03515625 0.044921875
0 0.671875 0.3349609375 0.03515625 0.029296875
0 0.712890625 0.3193359375 0.0390625 0.033203125
0 0.7666015625 0.3134765625 0.052734375 0.025390625
0 0.25 0.2958984375 0.03125 0.025390625
0 0.017578125 0.3095703125 0.03515625 0.052734375
0 0.8974609375 0.2890625 0.021484375 0.0234375
0 0.44140625 0.2890625 0.01953125 0.0234375
0 0.8466796875 0.2890625 0.033203125 0.03515625
0 0.9833984375 0.2822265625 0.029296875 0.025390625
0 0.9384765625 0.28515625 0.041015625 0.03125
0 0.3056640625 0.287109375 0.033203125 0.04296875
0 0.126953125 0.287109375 0.03515625 0.046875
0 0.7529296875 0.26953125 0.017578125 0.015625
0 0.658203125 0.2724609375 0.01953125 0.021484375
0 0.400390625 0.27734375 0.02734375 0.03125
0 0.5126953125 0.26171875 0.041015625 0.02734375
0 0.009765625 0.2607421875 0.01953125 0.025390625
0 0.5947265625 0.2451171875 0.037109375 0.025390625
0 0.6630859375 0.240234375 0.029296875 0.03515625
0 0.7099609375 0.2333984375 0.029296875 0.041015625
0 0.75 0.2236328125 0.0234375 0.033203125
0 0.1064453125 0.220703125 0.025390625 0.03515625
0 0.810546875 0.21484375 0.0390625 0.02734375
0 0.19140625 0.21875 0.0390625 0.03515625
0 0.8896484375 0.21484375 0.037109375 0.03515625
0 0.98046875 0.2060546875 0.03515625 0.048828125
0 0.3525390625 0.185546875 0.033203125 0.04296875
0 0.0849609375 0.181640625 0.029296875 0.03515625
0 0.4287109375 0.1650390625 0.041015625 0.033203125
0 0.2578125 0.166015625 0.03125 0.05078125
0 0.533203125 0.1376953125 0.04296875 0.029296875
0 0.1591796875 0.1171875 0.029296875 0.02734375
0 0.240234375 0.12109375 0.03515625 0.04296875
0 0.62890625 0.109375 0.0390625 0.03515625
0 0.9052734375 0.0888671875 0.041015625 0.029296875
0 0.587890625 0.09765625 0.03515625 0.046875
0 0.1220703125 0.087890625 0.021484375 0.02734375
0 0.7744140625 0.0859375 0.025390625 0.02734375
0 0.0478515625 0.0966796875 0.033203125 0.048828125
0 0.3359375 0.087890625 0.046875 0.04296875
0 0.84765625 0.0732421875 0.03125 0.033203125
0 0.734375 0.076171875 0.03515625 0.0390625
0 0.408203125 0.0712890625 0.02734375 0.029296875
0 0.45703125 0.06640625 0.03515625 0.0234375
0 0.7880859375 0.056640625 0.017578125 0.015625
0 0.5107421875 0.0625 0.029296875 0.03125
0 0.140625 0.05078125 0.015625 0.015625
0 0.994140625 0.0498046875 0.01171875 0.025390625
0 0.1103515625 0.0498046875 0.025390625 0.029296875
0 0.548828125 0.0498046875 0.03515625 0.033203125
0 0.7080078125 0.044921875 0.029296875 0.02734375
0 0.5927734375 0.0517578125 0.029296875 0.041015625
0 0.2001953125 0.05078125 0.044921875 0.04296875
0 0.908203125 0.0419921875 0.02734375 0.033203125
0 0.025390625 0.0390625 0.02734375 0.0390625
0 0.771484375 0.015625 0.01171875 0.015625
0 0.978515625 0.0048828125 0.01953125 0.009765625
0 0.890625 0.0078125 0.0234375 0.015625
0 0.7373046875 0.0029296875 0.033203125 0.005859375
0 0.6669921875 0.0126953125 0.033203125 0.025390625
0 0.1005859375 0.0087890625 0.044921875 0.017578125
0 0.001953125 0.001953125 0.00390625 0.00390625