0 0.814453125 0.998046875 0.0078125 0.00390625
0 0.5546875 0.998046875 0.00390625 0.00390625
0 0.318359375 0.99609375 0.01171875 0.0078125
0 0.9013671875 0.9892578125 0.025390625 0.021484375
0 0.1806640625 0.9873046875 0.033203125 0.025390625
0 0.01953125 0.984375 0.0390625 0.03125
0 0.6279296875 0.982421875 0.041015625 0.03515625
0 0.6943359375 0.96875 0.041015625 0.03515625
0 0.9814453125 0.96484375 0.029296875 0.03125
0 0.5361328125 0.9599609375 0.029296875 0.041015625
0 0.13671875 0.958984375 0.05078125 0.04296875
0 0.7412109375 0.9521484375 0.037109375 0.033203125
0 0.423828125 0.94921875 0.03125 0.0390625
0 0.6171875 0.9296875 0.0390625 0.0390625
0 0.326171875 0.919921875 0.0234375 0.0390625
0 0.0888671875 0.91796875 0.048828125 0.0390625
0 0.5263671875 0.9013671875 0.029296875 0.041015625
0 0.416015625 0.8935546875 0.0234375 0.029296875
0 0.7763671875 0.896484375 0.029296875 0.05078125
0 0.873046875 0.884765625 0.03515625 0.03515625
0 0.041015625 0.8837890625 0.0390625 0.041015625
0 0.5947265625 0.873046875 0.029296875 0.0390625
0 0.306640625 0.8671875 0.02734375 0.03515625
0 0.2685546875 0.8583984375 0.025390625 0.017578125
0 0.005859375 0.861328125 0.01171875 0.0234375
0 0.958984375 0.859375 0.02734375 0.0234375
0 0.408203125 0.83984375 0.02734375 0.02734375
0 0.501953125 0.833984375 0.046875 0.0390625
0 0.5908203125 0.8251953125 0.029296875 0.029296875
0 0.7548828125 0.822265625 0.033203125 0.04296875
0 0.294921875 0.8115234375 0.02734375 0.025390625
0 0.064453125 0.7998046875 0.0234375 0.017578125
0 0.84375 0.802734375 0.03515625 0.04296875
0 0.48828125 0.7744140625 0.02734375 0.033203125
0 0.740234375 0.7724609375 0.03125 0.033203125
0 0.419921875 0.7626953125 0.015625 0.013671875
0 0.9228515625 0.76953125 0.029296875 0.03125
0 0.3916015625 0.7724609375 0.021484375 0.037109375
0 0.0751953125 0.763671875 0.037109375 0.0234375
0 0.0146484375 0.7607421875 0.029296875 0.025390625
0 0.9599609375 0.7587890625 0.025390625 0.029296875
0 0.9892578125 0.751953125 0.021484375 0.02734375
0 0.56640625 0.74609375 0.0390625 0.03515625
0 0.2890625 0.7490234375 0.02734375 0.041015625
0 0.1279296875 0.748046875 0.033203125 0.0390625
0 0.7255859375 0.7177734375 0.029296875 0.037109375
0 0.8115234375 0.7138671875 0.037109375 0.033203125
0 0.1708984375 0.7109375 0.044921875 0.03125
0 0.3896484375 0.7041015625 0.033203125 0.041015625
0 0.87890625 0.697265625 0.03125 0.03125
0 0.28515625 0.6982421875 0.02734375 0.037109375
0 0.96875 0.669921875 0.03515625 0.02734375
0 0.0810546875 0.666015625 0.048828125 0.03515625
0 0.6015625 0.6552734375 0.01171875 0.017578125
0 0.384765625 0.662109375 0.02734375 0.03125
0 0.7958984375 0.6591796875 0.025390625 0.037109375
0 0.701171875 0.6640625 0.03515625 0.046875
0 0.017578125 0.6552734375 0.03515625 0.048828125
0 0.5869140625 0.630859375 0.029296875 0.01953125
0 0.6416015625 0.6318359375 0.029296875 0.025390625
0 0.5205078125 0.634765625 0.044921875 0.03125
0 0.20703125 0.6337890625 0.01953125 0.029296875
0 0.810546875 0.625 0.0234375 0.01953125
0 0.4580078125 0.623046875 0.025390625 0.01953125
0 0.287109375 0.625 0.02734375 0.03515625
0 0.3916015625 0.615234375 0.037109375 0.02734375
0 0.1064453125 0.60546875 0.025390625 0.03125
0 0.99609375 0.591796875 0.0078125 0.01953125
0 0.021484375 0.599609375 0.02734375 0.0390625
0 0.1142578125 0.556640625 0.021484375 0.03125
0 0.9072265625 0.5517578125 0.033203125 0.041015625
0 0.0234375 0.546875 0.02734375 0.03125
0 0.646484375 0.541015625 0.03125 0.0234375
0 0.5869140625 0.5390625 0.037109375 0.01953125
0 0.7587890625 0.5439453125 0.029296875 0.033203125
0 0.4375 0.5361328125 0.0390625 0.021484375
0 0.5283203125 0.5341796875 0.029296875 0.021484375
0 0.35546875 0.5263671875 0.046875 0.025390625
0 0.9599609375 0.513671875 0.033203125 0.046875
0 0.2138671875 0.501953125 0.033203125 0.0390625
0 0.1171875 0.50390625 0.02734375 0.04296875
0 0.0244140625 0.494140625 0.021484375 0.03515625
0 0.2822265625 0.4677734375 0.041015625 0.029296875
0 0.880859375 0.466796875 0.0234375 0.03125
0 0.9501953125 0.462890625 0.017578125 0.02734375
0 0.447265625 0.4580078125 0.04296875 0.029296875
0 0.7138671875 0.451171875 0.037109375 0.0390625
0 0.0361328125 0.4453125 0.029296875 0.02734375
0 0.2197265625 0.443359375 0.037109375 0.02734375
0 0.099609375 0.4462890625 0.03515625 0.037109375
0 0.9814453125 0.4326171875 0.037109375 0.037109375
0 0.8671875 0.4208984375 0.0234375 0.033203125
0 0.66796875 0.412109375 0.05078125 0.0234375
0 0.419921875 0.419921875 0.046875 0.0390625
0 0.181640625 0.400390625 0.03515625 0.0390625
0 0.9091796875 0.373046875 0.037109375 0.0234375
0 0.6982421875 0.3642578125 0.041015625 0.033203125
0 0.6328125 0.3603515625 0.046875 0.029296875
0 0.9501953125 0.3564453125 0.037109375 0.025390625
0 0.5087890625 0.36328125 0.048828125 0.0390625
0 0.0087890625 0.357421875 0.017578125 0.02734375
0 0.1435546875 0.3583984375 0.033203125 0.037109375
0 0.763671875 0.353515625 0.05859375 0.04296875
0 0.0498046875 0.34375 0.033203125 0.0234375
0 0.0927734375 0.3408203125 0.033203125 0.025390625
0 0.986328125 0.3388671875 0.02734375 0.029296875
0 0.3076171875 0.3349609375 0.029296875 0.029296875
0 0.224609375 0.310546875 0.02734375 0.02734375
0 0.4765625 0.31640625 0.04296875 0.046875
0 0.6357421875 0.279296875 0.048828125 0.02734375
0 0.57421875 0.279296875 0.05859375 0.03125
0 0.3203125 0.275390625 0.01953125 0.02734375
0 0.4296875 0.2705078125 0.04296875 0.037109375
0 0.2001953125 0.2626953125 0.029296875 0.033203125
0 0.9677734375 0.24609375 0.029296875 0.01953125
0 0.708984375 0.2587890625 0.046875 0.048828125
0 0.01171875 0.2314453125 0.0234375 0.017578125
0 0.40625 0.236328125 0.0390625 0.0390625
0 0.3134765625 0.2216796875 0.013671875 0.013671875
0 0.79296875 0.2216796875 0.01953125 0.021484375
0 0.828125 0.208984375 0.0390625 0.0234375
0 0.767578125 0.2001953125 0.02734375 0.021484375
0 0.58984375 0.2021484375 0.0234375 0.025390625
0 0.9765625 0.203125 0.02734375 0.03515625
0 0.662109375 0.1982421875 0.02734375 0.029296875
0 0.0546875 0.1943359375 0.02734375 0.021484375
0 0.5419921875 0.1923828125 0.044921875 0.029296875
0 0.1962890625 0.1953125 0.029296875 0.03515625
0 0.0966796875 0.1875 0.021484375 0.01953125
0 0.8720703125 0.1875 0.029296875 0.02734375
0 0.4736328125 0.1865234375 0.033203125 0.025390625
0 0.1435546875 0.1875 0.029296875 0.03125
0 0.9150390625 0.185546875 0.033203125 0.03125
0 0.3623046875 0.185546875 0.029296875 0.03125
0 0.998046875 0.169921875 0.00390625 0.00390625
0 0.3271484375 0.181640625 0.017578125 0.02734375
0 0.001953125 0.1396484375 0.00390625 0.021484375
0 0.037109375 0.1279296875 0.02734375 0.021484375
0 0.0751953125 0.125 0.021484375 0.03125
0 0.5947265625 0.1123046875 0.033203125 0.021484375
0 0.548828125 0.111328125 0.02734375 0.0234375
0 0.2490234375 0.10546875 0.033203125 0.015625
0 0.2021484375 0.109375 0.041015625 0.0234375
0 0.14453125 0.1162109375 0.01953125 0.037109375
0 0.7919921875 0.107421875 0.033203125 0.0234375
0 0.6630859375 0.1083984375 0.037109375 0.029296875
0 0.8544921875 0.1025390625 0.025390625 0.029296875
0 0.931640625 0.09375 0.02734375 0.02734375
0 0.740234375 0.08984375 0.03515625 0.0390625
0 0.4404296875 0.0908203125 0.044921875 0.044921875
0 0.3984375 0.0859375 0.0390625 0.03515625
0 0.9755859375 0.083984375 0.029296875 0.0390625
0 0.3505859375 0.0625 0.041015625 0.03515625
0 0.2119140625 0.0517578125 0.044921875 0.041015625
0 0.6416015625 0.0400390625 0.033203125 0.037109375
0 0.8369140625 0.0380859375 0.033203125 0.037109375
0 0.9150390625 0.0341796875 0.025390625 0.037109375
0 0.9970703125 0.0185546875 0.005859375 0.009765625
0 0.9638671875 0.0224609375 0.033203125 0.021484375
0 0.298828125 0.03125 0.04296875 0.0390625
0 0.7265625 0.0283203125 0.03515625 0.037109375
0 0.16015625 0.0234375 0.04296875 0.03125
0 0.82421875 0.00390625 0.015625 0.0078125
0 0.6259765625 0.0029296875 0.017578125 0.005859375
0 0.509765625 0.0283203125 0.05078125 0.056640625
0 0.26171875 0.0068359375 0.02734375 0.013671875