0 0.7783203125 0.9970703125 0.013671875 0.005859375
0 0.0849609375 0.9951171875 0.017578125 0.009765625
0 0.859375 0.9697265625 0.02734375 0.033203125
0 0.0390625 0.9755859375 0.04296875 0.048828125
0 0.7783203125 0.9677734375 0.033203125 0.037109375
0 0.5556640625 0.9306640625 0.013671875 0.013671875
0 0.171875 0.927734375 0.02734375 0.03125
0 0.001953125 0.916015625 0.00390625 0.0078125
0 0.8662109375 0.923828125 0.033203125 0.0390625
0 0.07421875 0.9296875 0.0546875 0.05078125
0 0.7822265625 0.9091796875 0.025390625 0.041015625
0 0.71875 0.8994140625 0.03515625 0.025390625
0 0.6708984375 0.884765625 0.044921875 0.03125
0 0.1533203125 0.8818359375 0.037109375 0.033203125
0 0.8857421875 0.8779296875 0.037109375 0.029296875
0 0.0126953125 0.8828125 0.025390625 0.0390625
0 0.53515625 0.8740234375 0.03125 0.037109375
0 0.59375 0.87109375 0.05078125 0.046875
0 0.9443359375 0.8583984375 0.037109375 0.033203125
0 0.5478515625 0.8369140625 0.029296875 0.025390625
0 0.9833984375 0.8388671875 0.033203125 0.033203125
0 0.126953125 0.8388671875 0.0390625 0.044921875
0 0.810546875 0.826171875 0.03515625 0.02734375
0 0.7607421875 0.8251953125 0.033203125 0.025390625
0 0.037109375 0.8359375 0.04296875 0.046875
0 0.7021484375 0.8134765625 0.033203125 0.025390625
0 0.8583984375 0.8115234375 0.037109375 0.029296875
0 0.90234375 0.794921875 0.03515625 0.02734375
0 0.15625 0.791015625 0.03125 0.0390625
0 0.0703125 0.7880859375 0.04296875 0.048828125
0 0.947265625 0.7744140625 0.03515625 0.037109375
0 0.611328125 0.767578125 0.02734375 0.0390625
0 0.689453125 0.76171875 0.02734375 0.0390625
0 0.9609375 0.7255859375 0.02734375 0.033203125
0 0.708984375 0.71484375 0.02734375 0.0390625
0 0.61328125 0.7158203125 0.03515625 0.041015625
0 0.9765625 0.6787109375 0.03125 0.037109375
0 0.7412109375 0.6767578125 0.033203125 0.037109375
0 0.142578125 0.646484375 0.0390625 0.01953125
0 0.650390625 0.6552734375 0.0390625 0.044921875
0 0.7763671875 0.6455078125 0.037109375 0.033203125
0 0.9501953125 0.6318359375 0.033203125 0.029296875
0 0.81640625 0.62109375 0.0390625 0.03125
0 0.90625 0.6142578125 0.03515625 0.025390625
0 0.8603515625 0.6123046875 0.033203125 0.025390625
0 0.6953125 0.611328125 0.03515625 0.0390625
0 0.7392578125 0.5869140625 0.044921875 0.037109375
0 0.1474609375 0.5712890625 0.029296875 0.044921875
0 0.96875 0.560546875 0.04296875 0.03125
0 0.7900390625 0.5556640625 0.037109375 0.029296875
0 0.921875 0.54296875 0.04296875 0.02734375
0 0.294921875 0.5234375 0.125 0.0390625
0 0.521484375 0.5068359375 0.01953125 0.021484375
0 0.8740234375 0.515625 0.037109375 0.04296875
0 0.837890625 0.4765625 0.0390625 0.03515625
0 0.6494140625 0.3330078125 0.314453125 0.248046875
0 0.2314453125 0.189453125 0.009765625 0.0234375
0 0.3017578125 0.1357421875 0.025390625 0.009765625
0 0.3359375 0.1357421875 0.0234375 0.017578125
0 0.1376953125 0.068359375 0.041015625 0.03515625
0 0.0595703125 0.0595703125 0.041015625 0.033203125
0 0.177734375 0.01953125 0.02734375 0.0390625
0 0.0146484375 0.015625 0.029296875 0.03125