0 0.7021484375 0.9970703125 0.009765625 0.005859375
0 0.86328125 0.9951171875 0.03125 0.009765625
0 0.654296875 0.9873046875 0.0390625 0.025390625
0 0.498046875 0.9833984375 0.03125 0.029296875
0 0.9306640625 0.9775390625 0.025390625 0.025390625
0 0.5380859375 0.970703125 0.025390625 0.01953125
0 0.8349609375 0.9658203125 0.029296875 0.029296875
0 0.6171875 0.958984375 0.04296875 0.02734375
0 0.9375 0.9443359375 0.01953125 0.025390625
0 0.72265625 0.9443359375 0.03125 0.025390625
0 0.73828125 0.9248046875 0.015625 0.013671875
0 0.6923828125 0.9228515625 0.025390625 0.025390625
0 0.7470703125 0.8984375 0.009765625 0.0078125
0 0.986328125 0.8994140625 0.02734375 0.025390625
0 0.8779296875 0.90234375 0.033203125 0.04296875
0 0.5390625 0.8984375 0.046875 0.04296875
0 0.9150390625 0.8896484375 0.033203125 0.029296875
0 0.6875 0.8876953125 0.0390625 0.041015625
0 0.623046875 0.8779296875 0.03125 0.033203125
0 0.955078125 0.8642578125 0.0234375 0.025390625
0 0.8662109375 0.8583984375 0.017578125 0.017578125
0 0.7197265625 0.8583984375 0.033203125 0.033203125
0 0.759765625 0.849609375 0.03125 0.02734375
0 0.982421875 0.837890625 0.02734375 0.02734375
0 0.896484375 0.833984375 0.0234375 0.0234375
0 0.9189453125 0.810546875 0.025390625 0.0234375
0 0.7763671875 0.796875 0.048828125 0.0390625
0 0.9462890625 0.79296875 0.025390625 0.0390625
0 0.80078125 0.7646484375 0.0078125 0.005859375
0 0.9697265625 0.7734375 0.025390625 0.02734375
0 0.8681640625 0.779296875 0.048828125 0.0390625
0 0.6796875 0.7734375 0.03515625 0.03125
0 0.7333984375 0.7666015625 0.025390625 0.021484375
0 0.7373046875 0.73828125 0.009765625 0.01171875
0 0.9130859375 0.73828125 0.029296875 0.02734375
0 0.9404296875 0.720703125 0.025390625 0.0234375
0 0.9619140625 0.708984375 0.025390625 0.0234375
0 0.9892578125 0.69140625 0.021484375 0.0234375