0 0.59375 0.8916015625 0.0859375 0.091796875
0 0.5107421875 0.7646484375 0.091796875 0.083984375
0 0.044921875 0.794921875 0.08984375 0.15625
0 0.40625 0.6396484375 0.109375 0.083984375
0 0.162109375 0.587890625 0.0390625 0.04296875
0 0.169921875 0.5595703125 0.0390625 0.037109375
0 0.134765625 0.5556640625 0.03515625 0.029296875
0 0.47265625 0.5322265625 0.0234375 0.033203125
0 0.5478515625 0.5703125 0.044921875 0.11328125
0 0.1787109375 0.529296875 0.037109375 0.03515625
0 0.1103515625 0.5263671875 0.033203125 0.033203125
0 0.087890625 0.5078125 0.03515625 0.03515625
0 0.189453125 0.5009765625 0.0390625 0.037109375
0 0.5302734375 0.4892578125 0.033203125 0.025390625
0 0.0693359375 0.48828125 0.033203125 0.03515625
0 0.1591796875 0.478515625 0.037109375 0.03515625
0 0.05078125 0.46875 0.03515625 0.03125
0 0.140625 0.4609375 0.03515625 0.03515625
0 0.0322265625 0.44921875 0.033203125 0.03125
0 0.1220703125 0.44140625 0.033203125 0.03515625
0 0.013671875 0.4296875 0.02734375 0.03515625
0 0.19921875 0.431640625 0.04296875 0.05078125
0 0.1025390625 0.4228515625 0.033203125 0.037109375
0 0.0048828125 0.4033203125 0.009765625 0.017578125
0 0.2119140625 0.40625 0.033203125 0.03515625
0 0.08203125 0.4033203125 0.03515625 0.037109375
0 0.1640625 0.39453125 0.03515625 0.03125
0 0.0625 0.384765625 0.03515625 0.03515625
0 0.21875 0.376953125 0.03515625 0.03515625
0 0.1435546875 0.3759765625 0.033203125 0.033203125
0 0.00390625 0.361328125 0.0078125 0.01171875
0 0.04296875 0.3671875 0.03515625 0.03515625
0 0.125 0.3564453125 0.03125 0.033203125
0 0.4609375 0.3681640625 0.11328125 0.080078125
0 0.2275390625 0.3466796875 0.037109375 0.037109375
0 0.025390625 0.3466796875 0.03515625 0.037109375
0 0.107421875 0.3359375 0.03125 0.03515625
0 0.1953125 0.3251953125 0.03125 0.033203125
0 0.01171875 0.3251953125 0.0234375 0.037109375
0 0.0869140625 0.3154296875 0.033203125 0.033203125
0 0.001953125 0.2998046875 0.00390625 0.005859375
0 0.1728515625 0.3056640625 0.033203125 0.033203125
0 0.068359375 0.2958984375 0.03515625 0.033203125
0 0.154296875 0.2880859375 0.03125 0.029296875
0 0.2412109375 0.2861328125 0.037109375 0.037109375
0 0.048828125 0.2763671875 0.03125 0.033203125
0 0.1337890625 0.2685546875 0.033203125 0.033203125
0 0.0283203125 0.2587890625 0.033203125 0.033203125
0 0.251953125 0.255859375 0.0390625 0.0390625
0 0.115234375 0.248046875 0.03515625 0.03515625
0 0.205078125 0.244140625 0.03515625 0.0390625
0 0.013671875 0.2392578125 0.02734375 0.033203125
0 0.09375 0.23046875 0.03125 0.02734375
0 0.1865234375 0.2236328125 0.037109375 0.037109375
0 0.0048828125 0.2138671875 0.009765625 0.017578125
0 0.2666015625 0.216796875 0.025390625 0.03515625
0 0.0751953125 0.2119140625 0.029296875 0.029296875
0 0.1650390625 0.203125 0.037109375 0.03515625
0 0.0576171875 0.1943359375 0.029296875 0.029296875
0 0.7255859375 0.544921875 0.333984375 0.74609375
0 0.1435546875 0.1826171875 0.037109375 0.037109375
0 0.0390625 0.1767578125 0.02734375 0.029296875
0 0.2294921875 0.1728515625 0.037109375 0.037109375
0 0.1240234375 0.162109375 0.037109375 0.0390625
0 0.0224609375 0.158203125 0.029296875 0.03125
0 0.1044921875 0.142578125 0.037109375 0.03515625
0 0.193359375 0.1376953125 0.03515625 0.033203125
0 0.009765625 0.1318359375 0.01953125 0.029296875
0 0.2763671875 0.1337890625 0.041015625 0.037109375
0 0.0849609375 0.123046875 0.037109375 0.03515625
0 0.1708984375 0.1162109375 0.037109375 0.037109375
0 0.06640625 0.1044921875 0.0390625 0.037109375
0 0.283203125 0.0986328125 0.03125 0.033203125
0 0.1513671875 0.0966796875 0.037109375 0.037109375
0 0.236328125 0.08984375 0.03125 0.03125
0 0.0458984375 0.083984375 0.041015625 0.0390625
0 0.130859375 0.0791015625 0.03515625 0.041015625
0 0.990234375 0.068359375 0.01953125 0.02734375
0 0.2158203125 0.0703125 0.033203125 0.03515625
0 0.0263671875 0.0673828125 0.033203125 0.037109375
0 0.11328125 0.056640625 0.03515625 0.03515625
0 0.1962890625 0.05078125 0.029296875 0.03125
0 0.2900390625 0.0498046875 0.025390625 0.033203125
0 0.095703125 0.0419921875 0.0390625 0.037109375
0 0.177734375 0.029296875 0.03515625 0.03125
0 0.267578125 0.01953125 0.03125 0.03125
0 0.07421875 0.0205078125 0.0390625 0.037109375
0 0.009765625 0.015625 0.01953125 0.02734375
0 0.25 0.0107421875 0.03125 0.021484375
0 0.22265625 0.00390625 0.01171875 0.0078125
0 0.1630859375 0.015625 0.037109375 0.03125
0 0.13671875 0.005859375 0.01953125 0.01171875
0 0.0322265625 0.001953125 0.005859375 0.00390625