0 0.5927734375 0.998046875 0.005859375 0.00390625
0 0.4423828125 0.998046875 0.005859375 0.00390625
0 0.2861328125 0.9970703125 0.009765625 0.005859375
0 0.115234375 0.99609375 0.015625 0.0078125
0 0.8193359375 0.9912109375 0.021484375 0.017578125
0 0.421875 0.9912109375 0.03125 0.017578125
0 0.267578125 0.9912109375 0.0234375 0.017578125
0 0.763671875 0.9892578125 0.015625 0.021484375
0 0.5634765625 0.9892578125 0.037109375 0.021484375
0 0.880859375 0.984375 0.01953125 0.02734375
0 0.7890625 0.9853515625 0.01953125 0.029296875
0 0.9453125 0.984375 0.015625 0.03125
0 0.9677734375 0.982421875 0.017578125 0.03125
0 0.8564453125 0.9833984375 0.021484375 0.033203125
0 0.9130859375 0.98046875 0.021484375 0.03125
0 0.2275390625 0.982421875 0.033203125 0.03515625
0 0.9892578125 0.9794921875 0.017578125 0.033203125
0 0.5341796875 0.978515625 0.029296875 0.03125
0 0.9794921875 0.9453125 0.041015625 0.0234375
0 0.4755859375 0.9521484375 0.044921875 0.044921875
0 0.921875 0.9375 0.02734375 0.01953125
0 0.7119140625 0.958984375 0.044921875 0.06640625
0 0.345703125 0.9609375 0.078125 0.0703125
0 0.28125 0.931640625 0.0390625 0.0390625
0 0.9794921875 0.923828125 0.041015625 0.02734375
0 0.4453125 0.9287109375 0.0390625 0.044921875
0 0.1025390625 0.9404296875 0.111328125 0.119140625
0 0.986328125 0.89453125 0.02734375 0.03125
0 0.552734375 0.9111328125 0.0859375 0.076171875
0 0.01953125 0.9140625 0.0390625 0.08203125
0 0.95703125 0.8876953125 0.0234375 0.041015625
0 0.8876953125 0.875 0.025390625 0.04296875
0 0.62890625 0.9130859375 0.06640625 0.119140625
0 0.7919921875 0.8701171875 0.021484375 0.037109375
0 0.814453125 0.8671875 0.01953125 0.03515625
0 0.6025390625 0.8623046875 0.044921875 0.044921875
0 0.375 0.8916015625 0.125 0.103515625
0 0.568359375 0.84375 0.0390625 0.03515625
0 0.447265625 0.8388671875 0.03125 0.044921875
0 0.720703125 0.8271484375 0.02734375 0.033203125
0 0.04296875 0.853515625 0.0859375 0.08984375
0 0.9697265625 0.8203125 0.021484375 0.03125
0 0.533203125 0.822265625 0.03515625 0.03515625
0 0.9892578125 0.8203125 0.021484375 0.0390625
0 0.953125 0.8154296875 0.01953125 0.029296875
0 0.3896484375 0.8095703125 0.029296875 0.029296875
0 0.2021484375 0.857421875 0.134765625 0.12890625
0 0.93359375 0.80859375 0.0234375 0.03515625
0 0.5009765625 0.8017578125 0.033203125 0.029296875
0 0.736328125 0.783203125 0.03125 0.01953125
0 0.4150390625 0.7900390625 0.037109375 0.037109375
0 0.30078125 0.79296875 0.04296875 0.046875
0 0.951171875 0.7744140625 0.0390625 0.029296875
0 0.9970703125 0.76171875 0.005859375 0.0078125
0 0.6630859375 0.7734375 0.041015625 0.03125
0 0.8740234375 0.7744140625 0.044921875 0.041015625
0 0.439453125 0.76171875 0.04296875 0.04296875
0 0.7509765625 0.7509765625 0.041015625 0.029296875
0 0.3349609375 0.7587890625 0.044921875 0.044921875
0 0.271484375 0.75390625 0.03125 0.03515625
0 0.955078125 0.7431640625 0.02734375 0.033203125
0 0.462890625 0.7421875 0.03515625 0.0390625
0 0.6083984375 0.7421875 0.044921875 0.04296875
0 0.17578125 0.74609375 0.06640625 0.0546875
0 0.001953125 0.7197265625 0.00390625 0.005859375
0 0.486328125 0.7275390625 0.03125 0.029296875
0 0.05078125 0.76171875 0.1015625 0.11328125
0 0.8779296875 0.728515625 0.060546875 0.05859375
0 0.22265625 0.7080078125 0.03125 0.033203125
0 0.3359375 0.7041015625 0.03515625 0.033203125
0 0.98828125 0.6953125 0.0234375 0.02734375
0 0.6865234375 0.6923828125 0.037109375 0.025390625
0 0.7978515625 0.7001953125 0.037109375 0.044921875
0 0.201171875 0.69140625 0.0390625 0.0390625
0 0.63671875 0.6875 0.0234375 0.03515625
0 0.537109375 0.6875 0.04296875 0.03515625
0 0.9169921875 0.6865234375 0.029296875 0.037109375
0 0.89453125 0.6787109375 0.0234375 0.033203125
0 0.6064453125 0.6796875 0.041015625 0.03515625
0 0.76171875 0.6982421875 0.046875 0.076171875
0 0.328125 0.673828125 0.0390625 0.0390625
0 0.6904296875 0.666015625 0.037109375 0.03125
0 0.1748046875 0.6669921875 0.033203125 0.033203125
0 0.0322265625 0.677734375 0.064453125 0.07421875
0 0.9541015625 0.65625 0.033203125 0.03515625
0 0.859375 0.65625 0.03515625 0.03515625
0 0.822265625 0.6455078125 0.01953125 0.029296875
0 0.0810546875 0.6435546875 0.033203125 0.033203125
0 0.548828125 0.6396484375 0.03125 0.033203125
0 0.22265625 0.646484375 0.05078125 0.05078125
0 0.9794921875 0.625 0.029296875 0.03125
0 0.6318359375 0.630859375 0.033203125 0.046875
0 0.244140625 0.6259765625 0.0390625 0.037109375
0 0.7919921875 0.6220703125 0.033203125 0.041015625
0 0.40625 0.654296875 0.10546875 0.109375
0 0.1171875 0.615234375 0.0390625 0.0390625
0 0.70703125 0.623046875 0.0625 0.05859375
0 0.923828125 0.603515625 0.03125 0.03125
0 0.8818359375 0.5927734375 0.021484375 0.025390625
0 0.263671875 0.6064453125 0.05078125 0.052734375
0 0.6103515625 0.5908203125 0.033203125 0.037109375
0 0.48046875 0.591796875 0.04296875 0.04296875
0 0.3974609375 0.5771484375 0.029296875 0.037109375
0 0.501953125 0.57421875 0.0390625 0.0390625
0 0.978515625 0.5537109375 0.03515625 0.029296875
0 0.818359375 0.5634765625 0.0390625 0.056640625
0 0.01171875 0.5615234375 0.0234375 0.052734375
0 0.37109375 0.5478515625 0.02734375 0.029296875
0 0.5234375 0.5517578125 0.0390625 0.041015625
0 0.7685546875 0.5390625 0.021484375 0.01953125
0 0.4228515625 0.5419921875 0.025390625 0.025390625
0 0.0615234375 0.5478515625 0.021484375 0.037109375
0 0.0390625 0.5390625 0.015625 0.01953125
0 0.7392578125 0.5419921875 0.033203125 0.037109375
0 0.634765625 0.5478515625 0.0546875 0.056640625
0 0.9189453125 0.5185546875 0.029296875 0.025390625
0 0.3173828125 0.54296875 0.080078125 0.09765625
0 0.5322265625 0.5087890625 0.076171875 0.052734375
0 0.45703125 0.501953125 0.0390625 0.0390625
0 0.2333984375 0.52734375 0.091796875 0.08984375
0 0.728515625 0.501953125 0.03515625 0.04296875
0 0.00390625 0.4892578125 0.0078125 0.025390625
0 0.966796875 0.4892578125 0.03125 0.029296875
0 0.27734375 0.4873046875 0.03515625 0.037109375
0 0.85546875 0.490234375 0.0390625 0.0546875
0 0.91796875 0.466796875 0.03125 0.02734375
0 0.673828125 0.4921875 0.0625 0.08203125
0 0.794921875 0.4638671875 0.0390625 0.029296875
0 0.1025390625 0.4658203125 0.025390625 0.037109375
0 0.57421875 0.4765625 0.0390625 0.06640625
0 0.4033203125 0.4560546875 0.037109375 0.033203125
0 0.9931640625 0.4482421875 0.013671875 0.025390625
0 0.76953125 0.44140625 0.03515625 0.03125
0 0.3017578125 0.4541015625 0.056640625 0.060546875
0 0.6220703125 0.4443359375 0.041015625 0.044921875
0 0.2060546875 0.4599609375 0.076171875 0.076171875
0 0.5185546875 0.4296875 0.033203125 0.03125
0 0.96875 0.421875 0.02734375 0.03125
0 0.8828125 0.439453125 0.05078125 0.0703125
0 0.248046875 0.4248046875 0.04296875 0.044921875
0 0.1337890625 0.4169921875 0.029296875 0.029296875
0 0.818359375 0.4140625 0.04296875 0.03515625
0 0.4482421875 0.4228515625 0.044921875 0.060546875
0 0.5732421875 0.4150390625 0.048828125 0.048828125
0 0.73828125 0.4140625 0.0390625 0.05078125
0 0.021484375 0.4052734375 0.02734375 0.033203125
0 0.2626953125 0.4072265625 0.041015625 0.041015625
0 0.1787109375 0.4013671875 0.052734375 0.052734375
0 0.6982421875 0.3935546875 0.033203125 0.041015625
0 0.53125 0.3876953125 0.03515625 0.041015625
0 0.0927734375 0.3779296875 0.029296875 0.029296875
0 0.916015625 0.3837890625 0.05078125 0.048828125
0 0.349609375 0.396484375 0.078125 0.078125
0 0.97265625 0.365234375 0.03515625 0.03125
0 0.3056640625 0.37109375 0.048828125 0.04296875
0 0.642578125 0.3662109375 0.03125 0.037109375
0 0.2236328125 0.3642578125 0.041015625 0.037109375
0 0.1318359375 0.36328125 0.048828125 0.0390625
0 0.4775390625 0.357421875 0.041015625 0.04296875
0 0.845703125 0.353515625 0.05078125 0.04296875
0 0.6181640625 0.349609375 0.029296875 0.03515625
0 0.2802734375 0.3408203125 0.029296875 0.029296875
0 0.9970703125 0.3271484375 0.005859375 0.009765625
0 0.6787109375 0.333984375 0.021484375 0.0234375
0 0.171875 0.3408203125 0.046875 0.044921875
0 0.8037109375 0.3330078125 0.033203125 0.037109375
0 0.5888671875 0.3330078125 0.029296875 0.037109375
0 0.40625 0.3251953125 0.03125 0.033203125
0 0.2109375 0.3232421875 0.03125 0.037109375
0 0.556640625 0.310546875 0.03515625 0.0390625
0 0.76171875 0.30859375 0.03515625 0.0390625
0 0.0234375 0.310546875 0.046875 0.04296875
0 0.6142578125 0.296875 0.021484375 0.01953125
0 0.9853515625 0.2998046875 0.029296875 0.033203125
0 0.5263671875 0.2958984375 0.029296875 0.037109375
0 0.2607421875 0.30078125 0.044921875 0.046875
0 0.3623046875 0.2900390625 0.029296875 0.029296875
0 0.5966796875 0.283203125 0.017578125 0.01953125
0 0.12890625 0.287109375 0.03515625 0.03125
0 0.0771484375 0.2900390625 0.044921875 0.037109375
0 0.72265625 0.2841796875 0.0390625 0.033203125
0 0.9462890625 0.3037109375 0.052734375 0.080078125
0 0.8515625 0.2783203125 0.03125 0.033203125
0 0.162109375 0.2724609375 0.03125 0.033203125
0 0.693359375 0.263671875 0.03125 0.03515625
0 0.1865234375 0.2607421875 0.025390625 0.033203125
0 0.3115234375 0.271484375 0.068359375 0.05859375
0 0.0068359375 0.2587890625 0.013671875 0.033203125
0 0.896484375 0.2744140625 0.05859375 0.080078125
0 0.0400390625 0.2529296875 0.033203125 0.048828125
0 0.8193359375 0.248046875 0.033203125 0.04296875
0 0.6416015625 0.2431640625 0.033203125 0.041015625
0 0.2265625 0.240234375 0.03515625 0.03515625
0 0.0703125 0.2421875 0.03515625 0.05078125
0 0.0986328125 0.2236328125 0.033203125 0.029296875
0 0.6005859375 0.2216796875 0.037109375 0.037109375
0 0.8759765625 0.2265625 0.048828125 0.07421875
0 0.8564453125 0.197265625 0.041015625 0.0390625
0 0.98828125 0.2177734375 0.0234375 0.087890625
0 0.1875 0.1943359375 0.05859375 0.052734375
0 0.009765625 0.1845703125 0.01953125 0.033203125
0 0.3359375 0.1787109375 0.03515625 0.037109375
0 0.3125 0.1591796875 0.03515625 0.037109375
0 0.7353515625 0.197265625 0.150390625 0.1171875
0 0.65234375 0.154296875 0.05078125 0.05078125
0 0.361328125 0.1455078125 0.03515625 0.033203125
0 0.083984375 0.1572265625 0.11328125 0.072265625
0 0.2861328125 0.126953125 0.033203125 0.0390625
0 0.3828125 0.12109375 0.03125 0.03125
0 0.060546875 0.1044921875 0.03125 0.029296875
0 0.0224609375 0.103515625 0.029296875 0.02734375
0 0.4033203125 0.09765625 0.037109375 0.03515625
0 0.1474609375 0.10546875 0.048828125 0.05078125
0 0.328125 0.0947265625 0.0390625 0.037109375
0 0.587890625 0.1123046875 0.09765625 0.095703125
0 0.7431640625 0.0859375 0.064453125 0.0546875
0 0.2451171875 0.0830078125 0.072265625 0.060546875
0 0.888671875 0.072265625 0.07421875 0.05859375
0 0.9912109375 0.05859375 0.017578125 0.0390625
0 0.4208984375 0.06640625 0.060546875 0.0625
0 0.3681640625 0.05078125 0.037109375 0.03515625
0 0.2060546875 0.0537109375 0.037109375 0.041015625
0 0.70703125 0.0537109375 0.046875 0.048828125
0 0.6728515625 0.04296875 0.037109375 0.0390625
0 0.18359375 0.037109375 0.03125 0.03125
0 0.541015625 0.052734375 0.0625 0.06640625
0 0.087890625 0.0517578125 0.0859375 0.083984375
0 0.390625 0.0263671875 0.0390625 0.037109375
0 0.990234375 0.0205078125 0.01953125 0.029296875
0 0.1630859375 0.0185546875 0.037109375 0.033203125
0 0.8671875 0.0078125 0.0234375 0.015625
0 0.806640625 0.021484375 0.08984375 0.04296875
0 0.6748046875 0.00390625 0.013671875 0.0078125
0 0.640625 0.0166015625 0.046875 0.033203125
0 0.61328125 0.00390625 0.015625 0.0078125
0 0.5712890625 0.01953125 0.044921875 0.0390625
0 0.4892578125 0.015625 0.041015625 0.03125
0 0.33984375 0.0048828125 0.01953125 0.009765625
0 0.13671875 0.0087890625 0.03125 0.017578125
0 0.0283203125 0.0166015625 0.041015625 0.033203125