0 0.07421875 0.994140625 0.0234375 0.01171875
0 0.7900390625 0.9921875 0.025390625 0.015625
0 0.6435546875 0.9775390625 0.072265625 0.044921875
0 0.9697265625 0.97265625 0.056640625 0.0546875
0 0.1298828125 0.9697265625 0.060546875 0.060546875
0 0.86328125 0.9638671875 0.0625 0.060546875
0 0.9951171875 0.939453125 0.009765625 0.015625
0 0.01171875 0.9267578125 0.0234375 0.044921875
0 0.197265625 0.951171875 0.125 0.09765625
0 0.580078125 0.9423828125 0.109375 0.099609375
0 0.935546875 0.921875 0.0703125 0.06640625
0 0.0615234375 0.8759765625 0.056640625 0.060546875
0 0.9697265625 0.869140625 0.060546875 0.07421875
0 0.458984375 0.875 0.1015625 0.08984375
0 0.4091796875 0.8330078125 0.029296875 0.029296875
0 0.1123046875 0.849609375 0.068359375 0.0859375
0 0.34765625 0.900390625 0.2265625 0.19921875
0 0.0302734375 0.8369140625 0.060546875 0.072265625
0 0.880859375 0.80859375 0.03125 0.03125
0 0.923828125 0.80859375 0.0390625 0.0390625
0 0.0029296875 0.767578125 0.005859375 0.0078125
0 0.98046875 0.7802734375 0.0390625 0.041015625
0 0.5107421875 0.8076171875 0.095703125 0.099609375
0 0.66015625 0.8623046875 0.2578125 0.271484375
0 0.4091796875 0.763671875 0.115234375 0.09375
0 0.841796875 0.73828125 0.05859375 0.05078125
0 0.9501953125 0.736328125 0.044921875 0.05078125
0 0.716796875 0.80859375 0.25 0.26953125
0 0.0517578125 0.7412109375 0.103515625 0.166015625
0 0.8076171875 0.6826171875 0.060546875 0.064453125
0 0.5498046875 0.6845703125 0.095703125 0.087890625
0 0.775390625 0.7685546875 0.2421875 0.263671875
0 0.349609375 0.6748046875 0.09765625 0.083984375
0 0.76953125 0.640625 0.03515625 0.03515625
0 0.1689453125 0.7099609375 0.232421875 0.216796875
0 0.734375 0.6015625 0.0390625 0.0390625
0 0.47265625 0.5927734375 0.12890625 0.107421875
0 0.8583984375 0.626953125 0.177734375 0.1875
0 0.6591796875 0.5908203125 0.119140625 0.115234375
0 0.1259765625 0.615234375 0.232421875 0.234375
0 0.9501953125 0.5078125 0.029296875 0.02734375
0 0.91796875 0.5791015625 0.1640625 0.205078125
0 0.2158203125 0.583984375 0.166015625 0.21484375
0 0.5927734375 0.5029296875 0.119140625 0.095703125
0 0.93359375 0.4794921875 0.05859375 0.056640625
0 0.0087890625 0.4609375 0.017578125 0.03125
0 0.7822265625 0.4892578125 0.115234375 0.095703125
0 0.974609375 0.451171875 0.05078125 0.0546875
0 0.685546875 0.427734375 0.04296875 0.03515625
0 0.236328125 0.462890625 0.09375 0.1171875
0 0.296875 0.4326171875 0.06640625 0.076171875
0 0.9072265625 0.4111328125 0.107421875 0.076171875
0 0.1533203125 0.4326171875 0.115234375 0.123046875
0 0.74609375 0.3916015625 0.07421875 0.068359375
0 0.017578125 0.3623046875 0.03515625 0.048828125
0 0.9775390625 0.34375 0.044921875 0.05859375
0 0.076171875 0.3681640625 0.11328125 0.115234375
0 0.390625 0.4228515625 0.20703125 0.255859375
0 0.837890625 0.3310546875 0.09765625 0.083984375
0 0.2509765625 0.328125 0.111328125 0.14453125
0 0.4501953125 0.37109375 0.208984375 0.2734375
0 0.0458984375 0.271484375 0.091796875 0.10546875
0 0.185546875 0.255859375 0.10546875 0.109375
0 0.5185546875 0.330078125 0.201171875 0.26171875
0 0.0712890625 0.2060546875 0.142578125 0.134765625
0 0.3759765625 0.1904296875 0.134765625 0.123046875
0 0.5673828125 0.267578125 0.236328125 0.30078125
0 0.646484375 0.2333984375 0.19921875 0.255859375
0 0.01171875 0.1103515625 0.0234375 0.037109375
0 0.2900390625 0.134765625 0.111328125 0.109375
0 0.1103515625 0.1279296875 0.177734375 0.162109375
0 0.6875 0.1796875 0.234375 0.3046875
0 0.4873046875 0.0771484375 0.130859375 0.107421875
0 0.001953125 0.0048828125 0.00390625 0.005859375
0 0.98046875 0.0263671875 0.0390625 0.052734375
0 0.923828125 0.1064453125 0.15234375 0.212890625
0 0.875 0.1474609375 0.21484375 0.294921875
0 0.8017578125 0.130859375 0.201171875 0.26171875
0 0.7421875 0.1484375 0.21875 0.296875
0 0.578125 0.01953125 0.0859375 0.0390625
0 0.3779296875 0.03125 0.095703125 0.0625
0 0.2294921875 0.04296875 0.134765625 0.0859375
0 0.1572265625 0.072265625 0.173828125 0.14453125