0 0.08984375 0.9970703125 0.0078125 0.005859375
0 0.037109375 0.9609375 0.07421875 0.078125
0 0.609375 0.9423828125 0.1328125 0.115234375
0 0.7548828125 0.94140625 0.111328125 0.1171875
0 0.4189453125 0.939453125 0.126953125 0.12109375
0 0.93359375 0.8857421875 0.1328125 0.080078125
0 0.2197265625 0.84375 0.037109375 0.0390625
0 0.1435546875 0.833984375 0.126953125 0.12109375
0 0.13671875 0.75 0.07421875 0.04296875
0 0.896484375 0.7275390625 0.04296875 0.041015625
0 0.966796875 0.712890625 0.0390625 0.0390625
0 0.6201171875 0.697265625 0.111328125 0.046875
0 0.056640625 0.646484375 0.06640625 0.0625
0 0.43359375 0.6533203125 0.078125 0.107421875
0 0.2626953125 0.625 0.083984375 0.140625
0 0.0048828125 0.5517578125 0.009765625 0.021484375
0 0.0625 0.525390625 0.0234375 0.0234375
0 0.49609375 0.5234375 0.109375 0.04296875
0 0.025390625 0.5234375 0.05078125 0.05078125
0 0.6875 0.5498046875 0.0703125 0.115234375
0 0.0908203125 0.509765625 0.025390625 0.03515625
0 0.1142578125 0.4990234375 0.025390625 0.037109375
0 0.01953125 0.490234375 0.03515625 0.02734375
0 0.029296875 0.46875 0.03515625 0.02734375
0 0.8681640625 0.5244140625 0.162109375 0.150390625
0 0.232421875 0.466796875 0.02734375 0.03515625
0 0.1328125 0.466796875 0.03125 0.046875
0 0.16015625 0.453125 0.03515625 0.02734375
0 0.0390625 0.4443359375 0.03515625 0.025390625
0 0.359375 0.443359375 0.03125 0.03125
0 0.275390625 0.451171875 0.03125 0.0546875
0 0.4052734375 0.427734375 0.029296875 0.02734375
0 0.23046875 0.4248046875 0.03125 0.021484375
0 0.1669921875 0.427734375 0.037109375 0.02734375
0 0.474609375 0.4248046875 0.0234375 0.029296875
0 0.0458984375 0.4208984375 0.029296875 0.025390625
0 0.1328125 0.416015625 0.0234375 0.02734375
0 0.103515625 0.4130859375 0.03515625 0.041015625
0 0.5224609375 0.404296875 0.025390625 0.03125
0 0.5869140625 0.400390625 0.029296875 0.02734375
0 0.05859375 0.3994140625 0.03515625 0.025390625
0 0.46875 0.3955078125 0.0234375 0.021484375
0 0.4072265625 0.396484375 0.021484375 0.0234375
0 0.6376953125 0.3984375 0.025390625 0.03125
0 0.435546875 0.4111328125 0.02734375 0.060546875
0 0.6669921875 0.39453125 0.033203125 0.03125
0 0.25 0.384765625 0.03125 0.01953125
0 0.1474609375 0.3876953125 0.021484375 0.029296875
0 0.185546875 0.3876953125 0.046875 0.048828125
0 0.0693359375 0.376953125 0.037109375 0.02734375
0 0.359375 0.37890625 0.03515625 0.03515625
0 0.5224609375 0.3671875 0.025390625 0.02734375
0 0.0087890625 0.3671875 0.017578125 0.02734375
0 0.7470703125 0.37109375 0.087890625 0.04296875
0 0.4013671875 0.3544921875 0.021484375 0.013671875
0 0.5849609375 0.359375 0.029296875 0.02734375
0 0.0771484375 0.357421875 0.037109375 0.02734375
0 0.662109375 0.353515625 0.03515625 0.046875
0 0.017578125 0.341796875 0.03515625 0.03125
0 0.8466796875 0.3466796875 0.048828125 0.044921875
0 0.923828125 0.3369140625 0.02734375 0.029296875
0 0.3623046875 0.3291015625 0.029296875 0.017578125
0 0.0869140625 0.3349609375 0.037109375 0.029296875
0 0.5205078125 0.33203125 0.025390625 0.03125
0 0.2939453125 0.392578125 0.103515625 0.15625
0 0.470703125 0.3271484375 0.01953125 0.033203125
0 0.9775390625 0.31640625 0.017578125 0.0234375
0 0.583984375 0.3173828125 0.02734375 0.029296875
0 0.7744140625 0.3056640625 0.037109375 0.013671875
0 0.0224609375 0.314453125 0.044921875 0.03125
0 0.724609375 0.3125 0.046875 0.03515625
0 0.6591796875 0.3115234375 0.033203125 0.033203125
0 0.36328125 0.3037109375 0.02734375 0.017578125
0 0.8779296875 0.310546875 0.037109375 0.03515625
0 0.4013671875 0.306640625 0.021484375 0.03515625
0 0.9931640625 0.3046875 0.013671875 0.0390625
0 0.8388671875 0.2919921875 0.037109375 0.013671875
0 0.28125 0.3056640625 0.03515625 0.041015625
0 0.7744140625 0.287109375 0.037109375 0.015625
0 0.9599609375 0.283203125 0.029296875 0.03125
0 0.4052734375 0.275390625 0.029296875 0.015625
0 0.896484375 0.2783203125 0.03125 0.025390625
0 0.4716796875 0.2822265625 0.025390625 0.033203125
0 0.5830078125 0.2763671875 0.025390625 0.025390625
0 0.0048828125 0.2705078125 0.009765625 0.017578125
0 0.6572265625 0.275390625 0.033203125 0.03515625
0 0.3603515625 0.2724609375 0.033203125 0.033203125
0 0.775390625 0.263671875 0.03515625 0.01953125
0 0.404296875 0.2578125 0.02734375 0.01171875
0 0.517578125 0.259765625 0.02734375 0.03125
0 0.982421875 0.2578125 0.03125 0.03125
0 0.83984375 0.259765625 0.0390625 0.03515625
0 0.2197265625 0.2578125 0.021484375 0.03125
0 0.9072265625 0.255859375 0.041015625 0.03515625
0 0.775390625 0.23828125 0.03125 0.015625
0 0.4130859375 0.23828125 0.044921875 0.015625
0 0.8369140625 0.2275390625 0.037109375 0.013671875
0 0.6171875 0.228515625 0.02734375 0.01953125
0 0.65234375 0.234375 0.0234375 0.0390625
0 0.36328125 0.2216796875 0.03125 0.013671875
0 0.58203125 0.232421875 0.0234375 0.0390625
0 0.5166015625 0.224609375 0.025390625 0.02734375
0 0.7763671875 0.2138671875 0.029296875 0.013671875
0 0.923828125 0.2255859375 0.046875 0.044921875
0 0.36328125 0.2060546875 0.03125 0.013671875
0 0.330078125 0.2138671875 0.03125 0.029296875
0 0.83984375 0.20703125 0.04296875 0.01953125
0 0.4111328125 0.2109375 0.044921875 0.03125
0 0.9921875 0.205078125 0.015625 0.02734375
0 0.8935546875 0.208984375 0.029296875 0.03515625
0 0.646484375 0.1982421875 0.01953125 0.021484375
0 0.7744140625 0.1923828125 0.033203125 0.013671875
0 0.71484375 0.19140625 0.02734375 0.02734375
0 0.8388671875 0.1826171875 0.041015625 0.013671875
0 0.515625 0.1904296875 0.02734375 0.029296875
0 0.94140625 0.1904296875 0.0390625 0.033203125
0 0.837890625 0.1630859375 0.03515625 0.017578125
0 0.716796875 0.1630859375 0.02734375 0.017578125
0 0.5234375 0.162109375 0.0234375 0.015625
0 0.615234375 0.1640625 0.0234375 0.0234375
0 0.1123046875 0.2470703125 0.224609375 0.193359375
0 0.650390625 0.16015625 0.01953125 0.03515625
0 0.5791015625 0.158203125 0.025390625 0.03515625
0 0.3642578125 0.146484375 0.025390625 0.01953125
0 0.9638671875 0.1552734375 0.041015625 0.041015625
0 0.8427734375 0.1435546875 0.037109375 0.021484375
0 0.716796875 0.140625 0.03515625 0.015625
0 0.2783203125 0.1435546875 0.041015625 0.029296875
0 0.3154296875 0.1318359375 0.025390625 0.021484375
0 0.916015625 0.1494140625 0.046875 0.060546875
0 0.6494140625 0.1240234375 0.029296875 0.017578125
0 0.71875 0.12109375 0.0390625 0.015625
0 0.9755859375 0.1279296875 0.041015625 0.033203125
0 0.88671875 0.130859375 0.0390625 0.04296875
0 0.78125 0.1298828125 0.05078125 0.048828125
0 0.388671875 0.1162109375 0.03515625 0.021484375
0 0.2841796875 0.1171875 0.025390625 0.03125
0 0.716796875 0.1025390625 0.03125 0.017578125
0 0.2646484375 0.1083984375 0.021484375 0.029296875
0 0.849609375 0.1142578125 0.046875 0.044921875
0 0.5771484375 0.1103515625 0.044921875 0.041015625
0 0.6484375 0.0986328125 0.0390625 0.021484375
0 0.2490234375 0.099609375 0.021484375 0.02734375
0 0.1982421875 0.1103515625 0.041015625 0.056640625
0 0.91796875 0.0947265625 0.02734375 0.033203125
0 0.7841796875 0.08984375 0.044921875 0.02734375
0 0.1357421875 0.0947265625 0.033203125 0.037109375
0 0.49609375 0.1064453125 0.0703125 0.068359375
0 0.1044921875 0.091796875 0.029296875 0.0390625
0 0.8994140625 0.0869140625 0.025390625 0.033203125
0 0.4091796875 0.09375 0.041015625 0.046875
0 0.72265625 0.0791015625 0.0390625 0.021484375
0 0.654296875 0.0771484375 0.03515625 0.021484375
0 0.3388671875 0.080078125 0.029296875 0.03125
0 0.982421875 0.07421875 0.03515625 0.02734375
0 0.8701171875 0.0732421875 0.037109375 0.033203125
0 0.0048828125 0.06640625 0.009765625 0.01953125
0 0.310546875 0.06640625 0.01953125 0.02734375
0 0.5859375 0.0498046875 0.046875 0.017578125
0 0.41796875 0.0546875 0.03125 0.02734375
0 0.9345703125 0.0537109375 0.029296875 0.037109375
0 0.2900390625 0.0478515625 0.017578125 0.025390625
0 0.3544921875 0.048828125 0.025390625 0.03125
0 0.802734375 0.0478515625 0.0390625 0.033203125
0 0.9951171875 0.0380859375 0.009765625 0.025390625
0 0.890625 0.04296875 0.04296875 0.0390625
0 0.66015625 0.04296875 0.03515625 0.04296875
0 0.4345703125 0.03515625 0.044921875 0.03515625
0 0.26171875 0.033203125 0.02734375 0.03125
0 0.7646484375 0.0244140625 0.021484375 0.021484375
0 0.015625 0.0302734375 0.03125 0.037109375
0 0.234375 0.0244140625 0.02734375 0.029296875
0 0.8291015625 0.0224609375 0.033203125 0.029296875
0 0.2060546875 0.017578125 0.025390625 0.01953125
0 0.9814453125 0.025390625 0.029296875 0.0390625
0 0.5927734375 0.0205078125 0.041015625 0.029296875
0 0.3662109375 0.017578125 0.029296875 0.03125
0 0.9599609375 0.0146484375 0.029296875 0.029296875
0 0.931640625 0.009765625 0.0234375 0.01953125
0 0.908203125 0.0029296875 0.01171875 0.005859375
0 0.7265625 0.0322265625 0.04296875 0.064453125
0 0.671875 0.0107421875 0.03125 0.021484375
0 0.611328125 0.005859375 0.02734375 0.01171875
0 0.5205078125 0.01171875 0.033203125 0.0234375
0 0.455078125 0.009765625 0.046875 0.01953125
0 0.33984375 0.009765625 0.0234375 0.01953125
0 0.3056640625 0.0087890625 0.029296875 0.017578125
0 0.27734375 0.0048828125 0.01953125 0.009765625
0 0.1826171875 0.015625 0.025390625 0.03125
0 0.1044921875 0.0048828125 0.021484375 0.009765625