0 0.4990234375 0.99609375 0.021484375 0.0078125
0 0.6005859375 0.9951171875 0.017578125 0.009765625
0 0.9921875 0.994140625 0.015625 0.01171875
0 0.92578125 0.9931640625 0.0234375 0.013671875
0 0.271484375 0.9921875 0.02734375 0.015625
0 0.7783203125 0.9892578125 0.041015625 0.021484375
0 0.00390625 0.9814453125 0.0078125 0.013671875
0 0.474609375 0.986328125 0.03515625 0.02734375
0 0.5693359375 0.982421875 0.041015625 0.03515625
0 0.9580078125 0.9716796875 0.048828125 0.048828125
0 0.5478515625 0.962890625 0.033203125 0.03515625
0 0.4501953125 0.9599609375 0.037109375 0.033203125
0 0.015625 0.9560546875 0.03125 0.037109375
0 0.525390625 0.943359375 0.03515625 0.03515625
0 0.6923828125 0.947265625 0.048828125 0.0546875
0 0.0400390625 0.935546875 0.033203125 0.03515625
0 0.9873046875 0.9287109375 0.025390625 0.044921875
0 0.1494140625 0.953125 0.166015625 0.09375
0 0.494140625 0.9228515625 0.0390625 0.037109375
0 0.66796875 0.9248046875 0.04296875 0.048828125
0 0.7744140625 0.9189453125 0.033203125 0.041015625
0 0.8486328125 0.9404296875 0.115234375 0.103515625
0 0.0537109375 0.9013671875 0.029296875 0.025390625
0 0.755859375 0.904296875 0.03515625 0.0390625
0 0.6318359375 0.9033203125 0.037109375 0.041015625
0 0.8642578125 0.8984375 0.033203125 0.0390625
0 0.73828125 0.8896484375 0.03515625 0.037109375
0 0.607421875 0.8798828125 0.03515625 0.037109375
0 0.7197265625 0.876953125 0.033203125 0.03515625
0 0.033203125 0.87109375 0.03125 0.03125
0 0.8271484375 0.8681640625 0.037109375 0.037109375
0 0.7041015625 0.8642578125 0.033203125 0.037109375
0 0.5810546875 0.857421875 0.037109375 0.03515625
0 0.8056640625 0.8515625 0.033203125 0.0390625
0 0.1181640625 0.845703125 0.029296875 0.03125
0 0.9326171875 0.8544921875 0.048828125 0.052734375
0 0.9111328125 0.83984375 0.033203125 0.03515625
0 0.556640625 0.837890625 0.03515625 0.0390625
0 0.673828125 0.833984375 0.03515625 0.0390625
0 0.892578125 0.82421875 0.03125 0.03515625
0 0.95703125 0.8154296875 0.03515625 0.033203125
0 0.7724609375 0.8173828125 0.033203125 0.037109375
0 0.6474609375 0.8134765625 0.033203125 0.029296875
0 0.451171875 0.810546875 0.02734375 0.02734375
0 0.013671875 0.83203125 0.02734375 0.0703125
0 0.8740234375 0.80859375 0.033203125 0.03125
0 0.2548828125 0.83984375 0.138671875 0.109375
0 0.7509765625 0.80078125 0.033203125 0.03515625
0 0.9697265625 0.794921875 0.041015625 0.0390625
0 0.619140625 0.7900390625 0.03125 0.029296875
0 0.72265625 0.7890625 0.03125 0.03515625
0 0.9365234375 0.7783203125 0.033203125 0.037109375
0 0.59375 0.76953125 0.03515625 0.03515625
0 0.7060546875 0.7646484375 0.033203125 0.037109375
0 0.9189453125 0.763671875 0.037109375 0.0390625
0 0.8193359375 0.76171875 0.033203125 0.03515625
0 0.990234375 0.7509765625 0.01953125 0.037109375
0 0.8994140625 0.74609375 0.037109375 0.0390625
0 0.5517578125 0.736328125 0.037109375 0.04296875
0 0.8056640625 0.7392578125 0.048828125 0.052734375
0 0.87890625 0.7294921875 0.03515625 0.037109375
0 0.4306640625 0.728515625 0.033203125 0.03515625
0 0.5322265625 0.7177734375 0.037109375 0.041015625
0 0.412109375 0.7138671875 0.03515625 0.033203125
0 0.974609375 0.7158203125 0.05078125 0.044921875
0 0.859375 0.7119140625 0.03515625 0.037109375
0 0.654296875 0.7216796875 0.09375 0.083984375
0 0.3916015625 0.697265625 0.033203125 0.03515625
0 0.505859375 0.697265625 0.0390625 0.0390625
0 0.1416015625 0.720703125 0.095703125 0.10546875
0 0.9296875 0.6767578125 0.0390625 0.037109375
0 0.4755859375 0.677734375 0.037109375 0.04296875
0 0.5986328125 0.6708984375 0.037109375 0.041015625
0 0.3525390625 0.6689453125 0.033203125 0.037109375
0 0.9072265625 0.658203125 0.037109375 0.0390625
0 0.4541015625 0.6552734375 0.041015625 0.044921875
0 0.572265625 0.650390625 0.0390625 0.04296875
0 0.326171875 0.6396484375 0.03515625 0.029296875
0 0.7236328125 0.67578125 0.119140625 0.10546875
0 0.015625 0.646484375 0.03125 0.0546875
0 0.4296875 0.634765625 0.04296875 0.04296875
0 0.541015625 0.623046875 0.03515625 0.0390625
0 0.40625 0.615234375 0.04296875 0.04296875
0 0.28515625 0.6162109375 0.046875 0.048828125
0 0.5234375 0.609375 0.03515625 0.0390625
0 0.6474609375 0.607421875 0.041015625 0.04296875
0 0.62890625 0.5927734375 0.0390625 0.044921875
0 0.255859375 0.591796875 0.05078125 0.05078125
0 0.3583984375 0.58203125 0.041015625 0.04296875
0 0.609375 0.5751953125 0.0390625 0.044921875
0 0.4873046875 0.57421875 0.037109375 0.04296875
0 0.33203125 0.5615234375 0.04296875 0.041015625
0 0.4697265625 0.55859375 0.037109375 0.0390625
0 0.5908203125 0.55859375 0.041015625 0.04296875
0 0.5712890625 0.5439453125 0.041015625 0.041015625
0 0.451171875 0.54296875 0.03515625 0.0390625
0 0.3056640625 0.54296875 0.041015625 0.0390625
0 0.5517578125 0.52734375 0.041015625 0.04296875
0 0.2783203125 0.51953125 0.041015625 0.04296875
0 0.53515625 0.5107421875 0.03515625 0.041015625
0 0.416015625 0.509765625 0.03515625 0.0390625
0 0.3076171875 0.5 0.037109375 0.0390625
0 0.232421875 0.4873046875 0.01953125 0.021484375
0 0.5146484375 0.4951171875 0.037109375 0.041015625
0 0.400390625 0.48828125 0.02734375 0.03125
0 0.1171875 0.5546875 0.17578125 0.16796875
0 0.3212890625 0.484375 0.041015625 0.0390625
0 0.4970703125 0.478515625 0.037109375 0.0390625
0 0.3818359375 0.4716796875 0.029296875 0.029296875
0 0.2021484375 0.4677734375 0.021484375 0.021484375
0 0.9970703125 0.44921875 0.005859375 0.0078125
0 0.4775390625 0.462890625 0.037109375 0.0390625
0 0.3642578125 0.45703125 0.029296875 0.02734375
0 0.1748046875 0.4462890625 0.021484375 0.021484375
0 0.458984375 0.447265625 0.03515625 0.0390625
0 0.3408203125 0.4384765625 0.029296875 0.029296875
0 0.2646484375 0.439453125 0.041015625 0.03515625
0 0.912109375 0.498046875 0.17578125 0.16015625
0 0.4404296875 0.431640625 0.037109375 0.0390625
0 0.978515625 0.4228515625 0.04296875 0.041015625
0 0.2998046875 0.4091796875 0.029296875 0.033203125
0 0.208984375 0.40234375 0.03125 0.03125
0 0.4052734375 0.4013671875 0.037109375 0.041015625
0 0.94140625 0.404296875 0.0546875 0.05078125
0 0.1123046875 0.3857421875 0.033203125 0.033203125
0 0.388671875 0.380859375 0.03515625 0.0390625
0 0.8974609375 0.380859375 0.052734375 0.046875
0 0.0830078125 0.3623046875 0.033203125 0.033203125
0 0.986328125 0.3583984375 0.02734375 0.037109375
0 0.8291015625 0.349609375 0.037109375 0.0390625
0 0.25 0.3662109375 0.09765625 0.080078125
0 0.3466796875 0.345703125 0.041015625 0.04296875
0 0.0537109375 0.337890625 0.033203125 0.03515625
0 0.197265625 0.3369140625 0.03125 0.041015625
0 0.3232421875 0.322265625 0.033203125 0.03515625
0 0.013671875 0.32421875 0.02734375 0.04296875
0 0.17578125 0.322265625 0.03515625 0.04296875
0 0.9892578125 0.3115234375 0.021484375 0.025390625
0 0.3046875 0.306640625 0.03125 0.03515625
0 0.154296875 0.306640625 0.03125 0.03515625
0 0.1298828125 0.2939453125 0.029296875 0.037109375
0 0.755859375 0.30859375 0.08984375 0.07421875
0 0.2822265625 0.2900390625 0.029296875 0.037109375
0 0.1083984375 0.2822265625 0.029296875 0.037109375
0 0.2587890625 0.2783203125 0.033203125 0.037109375
0 0.0859375 0.26953125 0.03125 0.03515625
0 0.2353515625 0.265625 0.033203125 0.0390625
0 0.658203125 0.2626953125 0.046875 0.048828125
0 0.3701171875 0.2783203125 0.095703125 0.091796875
0 0.212890625 0.2509765625 0.03125 0.041015625
0 0.3056640625 0.2392578125 0.033203125 0.033203125
0 0.1904296875 0.23828125 0.029296875 0.03515625
0 0.7587890625 0.2490234375 0.080078125 0.060546875
0 0.16796875 0.224609375 0.03125 0.03515625
0 0.025390625 0.25390625 0.05078125 0.09375
0 0.6953125 0.2197265625 0.046875 0.033203125
0 0.2763671875 0.220703125 0.033203125 0.0390625
0 0.98046875 0.21484375 0.0390625 0.0390625
0 0.1435546875 0.2109375 0.029296875 0.03515625
0 0.255859375 0.2041015625 0.03125 0.029296875
0 0.564453125 0.205078125 0.05078125 0.03515625
0 0.705078125 0.201171875 0.046875 0.03515625
0 0.12109375 0.1982421875 0.03125 0.037109375
0 0.51953125 0.1953125 0.04296875 0.046875
0 0.2265625 0.1904296875 0.03515625 0.037109375
0 0.7109375 0.1787109375 0.0390625 0.033203125
0 0.408203125 0.201171875 0.1171875 0.08203125
0 0.478515625 0.1708984375 0.03125 0.037109375
0 0.998046875 0.1533203125 0.00390625 0.005859375
0 0.19140625 0.16796875 0.05859375 0.046875
0 0.45703125 0.158203125 0.03125 0.03515625
0 0.7255859375 0.1552734375 0.044921875 0.044921875
0 0.15625 0.146484375 0.03125 0.03125
0 0.5947265625 0.1533203125 0.044921875 0.048828125
0 0.3125 0.1484375 0.03515625 0.0390625
0 0.412109375 0.1337890625 0.03125 0.033203125
0 0.5673828125 0.1298828125 0.037109375 0.033203125
0 0.28125 0.1318359375 0.03515625 0.037109375
0 0.0166015625 0.138671875 0.033203125 0.05078125
0 0.7431640625 0.125 0.048828125 0.04296875
0 0.3857421875 0.119140625 0.029296875 0.03515625
0 0.25390625 0.1162109375 0.03515625 0.037109375
0 0.9794921875 0.12109375 0.041015625 0.0546875
0 0.35546875 0.1083984375 0.03125 0.029296875
0 0.22265625 0.0986328125 0.03515625 0.041015625
0 0.32421875 0.0927734375 0.03125 0.037109375
0 0.6796875 0.0888671875 0.04296875 0.033203125
0 0.61328125 0.0810546875 0.0390625 0.033203125
0 0.998046875 0.064453125 0.00390625 0.00390625
0 0.1943359375 0.08203125 0.033203125 0.0390625
0 0.44921875 0.07421875 0.03125 0.0390625
0 0.2998046875 0.0732421875 0.033203125 0.041015625
0 0.6220703125 0.0625 0.041015625 0.03125
0 0.8564453125 0.13671875 0.166015625 0.18359375
0 0.4306640625 0.0634765625 0.033203125 0.037109375
0 0.2724609375 0.05859375 0.033203125 0.03515625
0 0.1357421875 0.0615234375 0.044921875 0.041015625
0 0.0283203125 0.0703125 0.056640625 0.06640625
0 0.248046875 0.044921875 0.03515625 0.03515625
0 0.63671875 0.0390625 0.0390625 0.03125
0 0.7783203125 0.060546875 0.068359375 0.078125
0 0.380859375 0.03515625 0.03125 0.03515625
0 0.2216796875 0.0302734375 0.033203125 0.037109375
0 0.70703125 0.033203125 0.05078125 0.046875
0 0.3603515625 0.0205078125 0.029296875 0.033203125
0 0.650390625 0.0185546875 0.0390625 0.033203125
0 0.9736328125 0.0185546875 0.037109375 0.037109375
0 0.837890625 0.01953125 0.046875 0.0390625
0 0.7373046875 0.0146484375 0.041015625 0.029296875
0 0.5634765625 0.0263671875 0.052734375 0.052734375
0 0.3369140625 0.015625 0.033203125 0.03125
0 0.0869140625 0.0107421875 0.041015625 0.021484375