0 0.3701171875 0.9951171875 0.021484375 0.009765625
0 0.962890625 0.984375 0.07421875 0.03125
0 0.4345703125 0.9765625 0.056640625 0.046875
0 0.2529296875 0.955078125 0.248046875 0.08984375
0 0.033203125 0.939453125 0.06640625 0.078125
0 0.412109375 0.9228515625 0.05859375 0.068359375
0 0.6396484375 0.9189453125 0.267578125 0.142578125
0 0.0224609375 0.87109375 0.044921875 0.05859375
0 0.2119140625 0.87890625 0.267578125 0.12890625
0 0.3701171875 0.8115234375 0.064453125 0.068359375
0 0.0029296875 0.7763671875 0.005859375 0.009765625
0 0.9267578125 0.8154296875 0.146484375 0.091796875
0 0.64453125 0.82421875 0.3359375 0.15625
0 0.8525390625 0.7568359375 0.048828125 0.064453125
0 0.216796875 0.7978515625 0.32421875 0.169921875
0 0.935546875 0.7197265625 0.12890625 0.091796875
0 0.6044921875 0.7314453125 0.337890625 0.158203125
0 0.8173828125 0.6484375 0.056640625 0.0703125
0 0.1845703125 0.68359375 0.361328125 0.17578125
0 0.580078125 0.66015625 0.3359375 0.171875
0 0.921875 0.61328125 0.15625 0.09765625
0 0.3935546875 0.5556640625 0.064453125 0.033203125
0 0.5146484375 0.515625 0.025390625 0.01953125
0 0.216796875 0.501953125 0.02734375 0.0390625
0 0.880859375 0.54296875 0.23828125 0.12890625
0 0.578125 0.490234375 0.06640625 0.0390625
0 0.54296875 0.55078125 0.34375 0.16796875
0 0.6376953125 0.4697265625 0.021484375 0.025390625
0 0.6669921875 0.458984375 0.025390625 0.0234375
0 0.8525390625 0.4189453125 0.294921875 0.166015625