0 0.5341796875 0.998046875 0.005859375 0.00390625
0 0.02734375 0.998046875 0.00390625 0.00390625
0 0.19921875 0.9951171875 0.01953125 0.009765625
0 0.5595703125 0.994140625 0.021484375 0.01171875
0 0.234375 0.9921875 0.0234375 0.015625
0 0.26953125 0.9912109375 0.0234375 0.017578125
0 0.05078125 0.9912109375 0.015625 0.017578125
0 0.21875 0.9765625 0.015625 0.015625
0 0.5927734375 0.9833984375 0.041015625 0.033203125
0 0.12109375 0.9775390625 0.0234375 0.025390625
0 0.0107421875 0.9765625 0.021484375 0.0234375
0 0.0361328125 0.9560546875 0.017578125 0.013671875
0 0.341796875 0.96875 0.109375 0.05859375
0 0.2236328125 0.9462890625 0.017578125 0.017578125
0 0.1875 0.947265625 0.02734375 0.02734375
0 0.111328125 0.939453125 0.0234375 0.0234375
0 0.0068359375 0.9384765625 0.013671875 0.021484375
0 0.4921875 0.94140625 0.02734375 0.03515625
0 0.0302734375 0.921875 0.017578125 0.015625
0 0.53515625 0.921875 0.02734375 0.03125
0 0.064453125 0.9150390625 0.01953125 0.017578125
0 0.5732421875 0.919921875 0.025390625 0.03515625
0 0.1845703125 0.9150390625 0.033203125 0.025390625
0 0.634765625 0.9111328125 0.0234375 0.033203125
0 0.2646484375 0.904296875 0.021484375 0.01953125
0 0.6025390625 0.9091796875 0.025390625 0.033203125
0 0.0087890625 0.9033203125 0.017578125 0.021484375
0 0.10546875 0.8974609375 0.02734375 0.029296875
0 0.5390625 0.8857421875 0.01171875 0.017578125
0 0.40234375 0.9013671875 0.05078125 0.060546875
0 0.0927734375 0.87109375 0.041015625 0.02734375
0 0.6220703125 0.86328125 0.025390625 0.0234375
0 0.001953125 0.8525390625 0.00390625 0.005859375
0 0.1943359375 0.857421875 0.021484375 0.0234375
0 0.1640625 0.8623046875 0.02734375 0.033203125
0 0.2197265625 0.853515625 0.021484375 0.0234375
0 0.474609375 0.869140625 0.03515625 0.05859375
0 0.2490234375 0.85546875 0.025390625 0.0390625
0 0.2763671875 0.84375 0.021484375 0.02734375
0 0.3046875 0.8427734375 0.0234375 0.033203125
0 0.087890625 0.8359375 0.0234375 0.02734375
0 0.333984375 0.8349609375 0.0234375 0.033203125
0 0.6103515625 0.828125 0.025390625 0.0234375
0 0.3642578125 0.830078125 0.021484375 0.02734375
0 0.02734375 0.8369140625 0.0234375 0.044921875
0 0.3935546875 0.8232421875 0.021484375 0.025390625
0 0.462890625 0.8173828125 0.02734375 0.021484375
0 0.1494140625 0.806640625 0.021484375 0.02734375
0 0.080078125 0.7998046875 0.03125 0.021484375
0 0.1923828125 0.80078125 0.025390625 0.02734375
0 0.595703125 0.794921875 0.03515625 0.01953125
0 0.4599609375 0.7958984375 0.037109375 0.025390625
0 0.3125 0.7802734375 0.0234375 0.025390625
0 0.23046875 0.7861328125 0.0234375 0.037109375
0 0.3515625 0.7744140625 0.015625 0.017578125
0 0.2724609375 0.7822265625 0.025390625 0.033203125
0 0.07421875 0.7763671875 0.03515625 0.021484375
0 0.37890625 0.7685546875 0.03125 0.025390625
0 0.0322265625 0.7646484375 0.017578125 0.017578125
0 0.59375 0.7626953125 0.0234375 0.017578125
0 0.453125 0.76171875 0.0390625 0.046875
0 0.0703125 0.75 0.03515625 0.0234375
0 0.138671875 0.7451171875 0.02734375 0.025390625
0 0.0048828125 0.7373046875 0.009765625 0.033203125
0 0.0302734375 0.7265625 0.025390625 0.02734375
0 0.533203125 0.71875 0.01953125 0.01953125
0 0.361328125 0.716796875 0.03515625 0.01953125
0 0.228515625 0.716796875 0.0234375 0.01953125
0 0.0634765625 0.7177734375 0.025390625 0.033203125
0 0.291015625 0.7099609375 0.0234375 0.021484375
0 0.5771484375 0.708984375 0.037109375 0.0234375
0 0.4404296875 0.701171875 0.037109375 0.03125
0 0.328125 0.69140625 0.015625 0.015625
0 0.126953125 0.6953125 0.01953125 0.0234375
0 0.166015625 0.6943359375 0.03125 0.041015625
0 0.3544921875 0.67578125 0.037109375 0.0234375
0 0.5673828125 0.67578125 0.037109375 0.03125
0 0.5361328125 0.6689453125 0.021484375 0.017578125
0 0.2119140625 0.6767578125 0.025390625 0.033203125
0 0.001953125 0.66015625 0.00390625 0.0078125
0 0.419921875 0.6640625 0.03125 0.03125
0 0.2470703125 0.6669921875 0.033203125 0.037109375
0 0.287109375 0.6552734375 0.03515625 0.033203125
0 0.4423828125 0.6455078125 0.017578125 0.021484375
0 0.3232421875 0.6494140625 0.025390625 0.037109375
0 0.0478515625 0.64453125 0.029296875 0.02734375
0 0.3525390625 0.640625 0.025390625 0.03125
0 0.564453125 0.634765625 0.03125 0.02734375
0 0.544921875 0.6201171875 0.015625 0.013671875
0 0.419921875 0.6220703125 0.03125 0.033203125
0 0.125 0.623046875 0.0546875 0.03515625
0 0.4677734375 0.61328125 0.029296875 0.0390625
0 0.1884765625 0.6015625 0.029296875 0.046875
0 0.0419921875 0.58984375 0.025390625 0.0234375
0 0.50390625 0.5986328125 0.03125 0.044921875
0 0.552734375 0.5888671875 0.0234375 0.037109375
0 0.2353515625 0.591796875 0.025390625 0.04296875
0 0.1025390625 0.58203125 0.041015625 0.03125
0 0.2841796875 0.578125 0.029296875 0.03515625
0 0.1552734375 0.5634765625 0.029296875 0.017578125
0 0.0322265625 0.55859375 0.025390625 0.01953125
0 0.328125 0.5654296875 0.03515625 0.048828125
0 0.28125 0.537109375 0.015625 0.015625
0 0.396484375 0.54296875 0.03125 0.03125
0 0.099609375 0.54296875 0.02734375 0.03515625
0 0.4404296875 0.533203125 0.025390625 0.02734375
0 0.251953125 0.5361328125 0.03515625 0.037109375
0 0.3232421875 0.5244140625 0.033203125 0.021484375
0 0.0322265625 0.5234375 0.025390625 0.01953125
0 0.1455078125 0.521484375 0.025390625 0.0234375
0 0.1806640625 0.515625 0.025390625 0.03515625
0 0.474609375 0.5166015625 0.03125 0.041015625
0 0.2177734375 0.5126953125 0.033203125 0.041015625
0 0.5380859375 0.5078125 0.025390625 0.04296875
0 0.3857421875 0.4970703125 0.029296875 0.029296875
0 0.0302734375 0.4921875 0.025390625 0.0234375
0 0.314453125 0.4873046875 0.03125 0.021484375
0 0.5625 0.4931640625 0.03515625 0.052734375
0 0.595703125 0.4833984375 0.03125 0.044921875
0 0.466796875 0.46875 0.02734375 0.0234375
0 0.103515625 0.466796875 0.0234375 0.01953125
0 0.52734375 0.4560546875 0.01953125 0.017578125
0 0.2568359375 0.4560546875 0.021484375 0.017578125
0 0.19921875 0.45703125 0.0234375 0.02734375
0 0.3798828125 0.453125 0.041015625 0.02734375
0 0.306640625 0.453125 0.02734375 0.02734375
0 0.1552734375 0.4560546875 0.025390625 0.037109375
0 0.2646484375 0.431640625 0.017578125 0.015625
0 0.1025390625 0.4306640625 0.025390625 0.021484375
0 0.44921875 0.42578125 0.046875 0.02734375
0 0.01171875 0.4228515625 0.0234375 0.025390625
0 0.3896484375 0.421875 0.017578125 0.02734375
0 0.41796875 0.41015625 0.015625 0.015625
0 0.2880859375 0.4169921875 0.033203125 0.029296875
0 0.3603515625 0.416015625 0.029296875 0.03125
0 0.107421875 0.3984375 0.02734375 0.0234375
0 0.44921875 0.3916015625 0.0390625 0.025390625
0 0.2880859375 0.384765625 0.029296875 0.0234375
0 0.5478515625 0.3779296875 0.017578125 0.013671875
0 0.2587890625 0.375 0.021484375 0.01171875
0 0.4130859375 0.3720703125 0.017578125 0.013671875
0 0.5166015625 0.3935546875 0.041015625 0.068359375
0 0.3583984375 0.375 0.033203125 0.03125
0 0.119140625 0.3603515625 0.03125 0.021484375
0 0.28125 0.3564453125 0.03125 0.025390625
0 0.1513671875 0.3525390625 0.021484375 0.025390625
0 0.4453125 0.349609375 0.03515625 0.0234375
0 0.1845703125 0.3447265625 0.025390625 0.025390625
0 0.2138671875 0.3388671875 0.021484375 0.025390625
0 0.353515625 0.3369140625 0.04296875 0.029296875
0 0.50390625 0.33203125 0.03125 0.0234375
0 0.2412109375 0.3330078125 0.025390625 0.025390625
0 0.052734375 0.3310546875 0.02734375 0.029296875
0 0.28125 0.3203125 0.02734375 0.0234375
0 0.0107421875 0.31640625 0.021484375 0.0234375
0 0.43359375 0.310546875 0.01953125 0.0234375
0 0.3408203125 0.30859375 0.033203125 0.02734375
0 0.4912109375 0.2998046875 0.025390625 0.025390625
0 0.373046875 0.30078125 0.0234375 0.02734375
0 0.05859375 0.294921875 0.0234375 0.0234375
0 0.40234375 0.29296875 0.01953125 0.02734375
0 0.13671875 0.2861328125 0.03125 0.029296875
0 0.197265625 0.2724609375 0.0234375 0.025390625
0 0.0595703125 0.265625 0.033203125 0.0234375
0 0.2470703125 0.2548828125 0.041015625 0.025390625
0 0.142578125 0.24609375 0.02734375 0.0234375
0 0.181640625 0.236328125 0.015625 0.015625
0 0.3193359375 0.236328125 0.033203125 0.0234375
0 0.4287109375 0.23046875 0.029296875 0.0234375
0 0.3828125 0.2265625 0.0234375 0.03125
0 0.24609375 0.2236328125 0.03515625 0.025390625
0 0.0712890625 0.224609375 0.033203125 0.03125
0 0.1455078125 0.2138671875 0.021484375 0.021484375
0 0.3134765625 0.1982421875 0.037109375 0.025390625
0 0.2412109375 0.1953125 0.029296875 0.02734375
0 0.3828125 0.1865234375 0.01953125 0.021484375
0 0.142578125 0.185546875 0.0234375 0.01953125
0 0.064453125 0.1708984375 0.0234375 0.021484375
0 0.345703125 0.1640625 0.015625 0.01953125
0 0.3037109375 0.1630859375 0.033203125 0.025390625
0 0.2314453125 0.1611328125 0.025390625 0.025390625
0 0.142578125 0.1533203125 0.02734375 0.021484375
0 0.5654296875 0.16796875 0.044921875 0.0703125
0 0.2255859375 0.1298828125 0.025390625 0.021484375
0 0.30078125 0.123046875 0.03515625 0.0234375
0 0.1396484375 0.1181640625 0.029296875 0.021484375
0 0.52734375 0.1181640625 0.0390625 0.029296875
0 0.060546875 0.111328125 0.03125 0.0234375
0 0.525390625 0.09375 0.01953125 0.015625
0 0.216796875 0.0986328125 0.02734375 0.025390625
0 0.2802734375 0.076171875 0.025390625 0.02734375
0 0.14453125 0.0751953125 0.046875 0.037109375
0 0.2099609375 0.064453125 0.029296875 0.0234375
0 0.0556640625 0.0576171875 0.025390625 0.021484375
0 0.30859375 0.046875 0.01953125 0.015625
0 0.2734375 0.048828125 0.0234375 0.0234375
0 0.130859375 0.0458984375 0.02734375 0.021484375
0 0.1533203125 0.0283203125 0.017578125 0.017578125
0 0.1923828125 0.0302734375 0.041015625 0.033203125
0 0.5859375 0.0205078125 0.03515625 0.029296875
0 0.2724609375 0.0185546875 0.033203125 0.025390625
0 0.0595703125 0.0166015625 0.025390625 0.029296875
0 0.4775390625 0.02734375 0.095703125 0.0546875
0 0.1875 0.00390625 0.0234375 0.0078125