0 0.7197265625 0.99609375 0.009765625 0.0078125
0 0.4169921875 0.9912109375 0.013671875 0.017578125
0 0.701171875 0.990234375 0.0234375 0.01953125
0 0.576171875 0.982421875 0.03515625 0.03515625
0 0.44921875 0.98046875 0.04296875 0.0390625
0 0.865234375 0.9765625 0.046875 0.046875
0 0.544921875 0.9697265625 0.0390625 0.033203125
0 0.4033203125 0.96484375 0.056640625 0.04296875
0 0.6572265625 0.9638671875 0.044921875 0.044921875
0 0.6201171875 0.94140625 0.025390625 0.03125
0 0.3603515625 0.935546875 0.021484375 0.02734375
0 0.509765625 0.9384765625 0.03515625 0.041015625
0 0.591796875 0.921875 0.0390625 0.0390625
0 0.45703125 0.904296875 0.03515625 0.04296875
0 0.8837890625 0.9052734375 0.044921875 0.056640625
0 0.54296875 0.890625 0.04296875 0.03515625
0 0.7373046875 0.8935546875 0.060546875 0.060546875
0 0.4052734375 0.8662109375 0.025390625 0.025390625
0 0.6201171875 0.865234375 0.044921875 0.03515625
0 0.482421875 0.8623046875 0.0390625 0.041015625
0 0.6826171875 0.8359375 0.041015625 0.0390625
0 0.4296875 0.8310546875 0.0234375 0.033203125
0 0.5732421875 0.8349609375 0.044921875 0.044921875
0 0.52734375 0.8037109375 0.04296875 0.041015625
0 0.814453125 0.7802734375 0.078125 0.083984375
0 0.4697265625 0.7529296875 0.029296875 0.029296875
0 0.625 0.7705078125 0.109375 0.080078125
0 0.2548828125 0.7666015625 0.107421875 0.150390625
0 0.703125 0.724609375 0.16015625 0.109375
0 0.8681640625 0.6943359375 0.076171875 0.083984375
0 0.4912109375 0.68359375 0.142578125 0.1015625
0 0.9228515625 0.6298828125 0.115234375 0.103515625
0 0.572265625 0.6298828125 0.0859375 0.111328125
0 0.765625 0.6240234375 0.1328125 0.142578125
0 0.33984375 0.5927734375 0.13671875 0.083984375
0 0.98046875 0.560546875 0.02734375 0.06640625
0 0.8818359375 0.5322265625 0.037109375 0.029296875
0 0.955078125 0.513671875 0.02734375 0.03125
0 0.634765625 0.529296875 0.11328125 0.08203125
0 0.9873046875 0.498046875 0.025390625 0.046875
0 0.841796875 0.470703125 0.046875 0.03515625
0 0.4287109375 0.529296875 0.201171875 0.1640625
0 0.994140625 0.4453125 0.01171875 0.01953125
0 0.728515625 0.48828125 0.16015625 0.109375
0 0.9228515625 0.4443359375 0.037109375 0.029296875
0 0.990234375 0.419921875 0.01953125 0.01953125
0 0.818359375 0.4248046875 0.0390625 0.033203125
0 0.9111328125 0.421875 0.037109375 0.03125
0 0.892578125 0.4052734375 0.03515625 0.033203125
0 0.8076171875 0.404296875 0.044921875 0.03515625
0 0.6220703125 0.3837890625 0.021484375 0.017578125
0 0.931640625 0.3798828125 0.01953125 0.017578125
0 0.798828125 0.3857421875 0.0390625 0.033203125
0 0.9951171875 0.3740234375 0.009765625 0.017578125
0 0.580078125 0.373046875 0.0234375 0.01953125
0 0.48046875 0.4453125 0.19921875 0.1640625
0 0.609375 0.361328125 0.02734375 0.01953125
0 0.935546875 0.34765625 0.01953125 0.01953125
0 0.9794921875 0.3466796875 0.041015625 0.044921875
0 0.779296875 0.33984375 0.03125 0.03125
0 0.9697265625 0.310546875 0.025390625 0.0234375
0 0.76171875 0.3134765625 0.03515625 0.029296875
0 0.453125 0.3154296875 0.046875 0.048828125
0 0.84375 0.3056640625 0.046875 0.044921875
0 0.82421875 0.2880859375 0.0390625 0.029296875
0 0.9521484375 0.283203125 0.025390625 0.0234375
0 0.7373046875 0.283203125 0.041015625 0.03125
0 0.4970703125 0.2880859375 0.044921875 0.044921875
0 0.8046875 0.26171875 0.03125 0.03125
0 0.7236328125 0.2626953125 0.041015625 0.037109375
0 0.994140625 0.25390625 0.01171875 0.0234375
0 0.931640625 0.2587890625 0.03515625 0.033203125
0 0.552734375 0.2705078125 0.0703125 0.072265625
0 0.7861328125 0.2373046875 0.025390625 0.029296875
0 0.62890625 0.2685546875 0.09765625 0.099609375
0 0.9150390625 0.23046875 0.037109375 0.02734375
0 0.9892578125 0.2275390625 0.021484375 0.025390625
0 0.66796875 0.2197265625 0.03125 0.029296875
0 0.697265625 0.2060546875 0.02734375 0.025390625
0 0.9814453125 0.2060546875 0.033203125 0.029296875
0 0.8984375 0.2060546875 0.0390625 0.033203125
0 0.9697265625 0.1875 0.041015625 0.03515625
0 0.8857421875 0.17578125 0.021484375 0.0234375
0 0.755859375 0.1826171875 0.03515625 0.041015625
0 0.95703125 0.16796875 0.03515625 0.03125
0 0.798828125 0.1708984375 0.03125 0.041015625
0 0.8330078125 0.1591796875 0.033203125 0.037109375
0 0.943359375 0.15234375 0.03125 0.03125
0 0.8623046875 0.1474609375 0.025390625 0.029296875
0 0.9248046875 0.115234375 0.029296875 0.01953125
0 0.9638671875 0.1162109375 0.029296875 0.037109375
0 0.9814453125 0.107421875 0.021484375 0.03515625
0 0.9951171875 0.0859375 0.009765625 0.0234375