0 0.533203125 0.9970703125 0.015625 0.005859375
0 0.8251953125 0.98828125 0.041015625 0.0234375
0 0.734375 0.9794921875 0.14453125 0.041015625
0 0.0693359375 0.9482421875 0.033203125 0.021484375
0 0.5068359375 0.9541015625 0.134765625 0.091796875
0 0.8388671875 0.9404296875 0.322265625 0.119140625
0 0.6376953125 0.9287109375 0.064453125 0.130859375
0 0.35546875 0.7890625 0.0234375 0.03515625
0 0.8486328125 0.8251953125 0.302734375 0.115234375
0 0.3935546875 0.7890625 0.060546875 0.07421875
0 0.85546875 0.7744140625 0.07421875 0.052734375
0 0.771484375 0.7568359375 0.08203125 0.052734375
0 0.6728515625 0.767578125 0.076171875 0.11328125
0 0.962890625 0.7119140625 0.07421875 0.052734375
0 0.5908203125 0.6962890625 0.072265625 0.087890625
0 0.8154296875 0.685546875 0.185546875 0.07421875
0 0.8671875 0.6103515625 0.11328125 0.099609375
0 0.7255859375 0.6083984375 0.138671875 0.166015625
0 0.8837890625 0.513671875 0.111328125 0.0625
0 0.7822265625 0.494140625 0.052734375 0.05078125
0 0.919921875 0.4599609375 0.0625 0.076171875
0 0.6298828125 0.52734375 0.103515625 0.26171875
0 0.826171875 0.41796875 0.12109375 0.1015625
0 0.8935546875 0.37890625 0.037109375 0.046875
0 0.9609375 0.4287109375 0.078125 0.158203125
0 0.736328125 0.4189453125 0.07421875 0.181640625
0 0.8369140625 0.345703125 0.107421875 0.08203125
0 0.673828125 0.3408203125 0.0546875 0.091796875
0 0.9677734375 0.3427734375 0.064453125 0.166015625
0 0.7802734375 0.2822265625 0.087890625 0.048828125
0 0.8564453125 0.2626953125 0.068359375 0.056640625
0 0.611328125 0.4453125 0.203125 0.4453125
0 0.953125 0.2216796875 0.0703125 0.072265625
0 0.8515625 0.2001953125 0.21484375 0.126953125
0 0.5419921875 0.1767578125 0.166015625 0.091796875
0 0.0341796875 0.1806640625 0.068359375 0.123046875
0 0.9970703125 0.109375 0.005859375 0.0078125
0 0.5849609375 0.1162109375 0.037109375 0.025390625
0 0.724609375 0.1083984375 0.05859375 0.080078125
0 0.005859375 0.0927734375 0.01171875 0.052734375
0 0.5205078125 0.080078125 0.166015625 0.03125
0 0.07421875 0.103515625 0.0625 0.078125
0 0.6337890625 0.1171875 0.052734375 0.1171875
0 0.4248046875 0.115234375 0.119140625 0.11328125