0 0.1396484375 0.9912109375 0.029296875 0.017578125
0 0.46484375 0.9873046875 0.0234375 0.025390625
0 0.435546875 0.984375 0.0234375 0.03125
0 0.4013671875 0.9755859375 0.017578125 0.017578125
0 0.3720703125 0.9794921875 0.025390625 0.033203125
0 0.1220703125 0.9755859375 0.029296875 0.025390625
0 0.3427734375 0.974609375 0.021484375 0.03125
0 0.306640625 0.97265625 0.04296875 0.02734375
0 0.2421875 0.9736328125 0.02734375 0.037109375
0 0.046875 0.9619140625 0.03515625 0.029296875
0 0.1064453125 0.9521484375 0.029296875 0.029296875
0 0.7724609375 0.962890625 0.076171875 0.07421875
0 0.021484375 0.9345703125 0.03125 0.025390625
0 0.173828125 0.9345703125 0.03515625 0.029296875
0 0.2470703125 0.9267578125 0.033203125 0.037109375
0 0.0859375 0.9267578125 0.03515625 0.037109375
0 0.486328125 0.9091796875 0.05078125 0.029296875
0 0.42578125 0.90625 0.0234375 0.0234375
0 0.0087890625 0.9052734375 0.017578125 0.029296875
0 0.3984375 0.896484375 0.01953125 0.01953125
0 0.142578125 0.8974609375 0.03125 0.029296875
0 0.0546875 0.8896484375 0.03515625 0.033203125
0 0.3056640625 0.880859375 0.025390625 0.0234375
0 0.4892578125 0.8759765625 0.037109375 0.025390625
0 0.1279296875 0.865234375 0.029296875 0.03125
0 0.333984375 0.8759765625 0.03125 0.056640625
0 0.1982421875 0.849609375 0.021484375 0.0234375
0 0.0361328125 0.85546875 0.044921875 0.0390625
0 0.25390625 0.8447265625 0.02734375 0.029296875
0 0.5830078125 0.8359375 0.029296875 0.03515625
0 0.48828125 0.8310546875 0.03515625 0.037109375
0 0.4169921875 0.8291015625 0.029296875 0.037109375
0 0.0126953125 0.826171875 0.025390625 0.03125
0 0.107421875 0.828125 0.04296875 0.04296875
0 0.1982421875 0.814453125 0.021484375 0.01953125
0 0.2548828125 0.8076171875 0.029296875 0.021484375
0 0.982421875 0.818359375 0.03515625 0.07421875
0 0.4736328125 0.7783203125 0.033203125 0.037109375
0 0.583984375 0.7783203125 0.06640625 0.044921875
0 0.201171875 0.7724609375 0.0234375 0.033203125
0 0.3388671875 0.771484375 0.033203125 0.046875
0 0.2646484375 0.76171875 0.033203125 0.03515625
0 0.009765625 0.7578125 0.01953125 0.03515625
0 0.9931640625 0.728515625 0.013671875 0.015625
0 0.423828125 0.736328125 0.02734375 0.0390625
0 0.134765625 0.7275390625 0.03125 0.029296875
0 0.193359375 0.7216796875 0.03125 0.021484375
0 0.3427734375 0.72265625 0.029296875 0.03515625
0 0.0869140625 0.7158203125 0.037109375 0.029296875
0 0.2666015625 0.71875 0.025390625 0.0390625
0 0.7138671875 0.77734375 0.134765625 0.1640625
0 0.044921875 0.6982421875 0.0390625 0.029296875
0 0.0107421875 0.6875 0.021484375 0.0390625
0 0.34375 0.6728515625 0.0234375 0.037109375
0 0.4931640625 0.6787109375 0.048828125 0.052734375
0 0.25390625 0.6708984375 0.03515625 0.041015625
0 0.201171875 0.658203125 0.03515625 0.0234375
0 0.1572265625 0.650390625 0.041015625 0.02734375
0 0.9833984375 0.6484375 0.029296875 0.02734375
0 0.9052734375 0.6455078125 0.025390625 0.021484375
0 0.732421875 0.65234375 0.046875 0.03515625
0 0.853515625 0.6396484375 0.01953125 0.017578125
0 0.595703125 0.6494140625 0.04296875 0.044921875
0 0.4560546875 0.642578125 0.037109375 0.03125
0 0.083984375 0.6318359375 0.03125 0.037109375
0 0.568359375 0.6181640625 0.0234375 0.029296875
0 0.6396484375 0.619140625 0.037109375 0.03515625
0 0.9228515625 0.6103515625 0.025390625 0.029296875
0 0.98046875 0.6044921875 0.0234375 0.025390625
0 0.4130859375 0.6064453125 0.052734375 0.041015625
0 0.0185546875 0.6005859375 0.037109375 0.037109375
0 0.0673828125 0.5859375 0.009765625 0.01171875
0 0.28515625 0.599609375 0.0390625 0.04296875
0 0.365234375 0.580078125 0.03125 0.03125
0 0.7177734375 0.572265625 0.025390625 0.01953125
0 0.5244140625 0.5810546875 0.056640625 0.041015625
0 0.6572265625 0.5712890625 0.029296875 0.029296875
0 0.9208984375 0.5673828125 0.021484375 0.025390625
0 0.1044921875 0.5693359375 0.029296875 0.041015625
0 0.990234375 0.5595703125 0.01953125 0.025390625
0 0.7998046875 0.560546875 0.044921875 0.02734375
0 0.1953125 0.5625 0.02734375 0.03515625
0 0.0400390625 0.5517578125 0.029296875 0.037109375
0 0.4892578125 0.5439453125 0.037109375 0.037109375
0 0.7275390625 0.53515625 0.029296875 0.03515625
0 0.666015625 0.5283203125 0.02734375 0.033203125
0 0.23046875 0.52734375 0.02734375 0.03125
0 0.5830078125 0.5244140625 0.037109375 0.029296875
0 0.912109375 0.5087890625 0.03125 0.029296875
0 0.982421875 0.509765625 0.03515625 0.03515625
0 0.7978515625 0.501953125 0.037109375 0.01953125
0 0.458984375 0.4990234375 0.0390625 0.044921875
0 0.966796875 0.4833984375 0.01953125 0.017578125
0 0.220703125 0.4892578125 0.01953125 0.029296875
0 0.673828125 0.486328125 0.03515625 0.04296875
0 0.5380859375 0.4775390625 0.029296875 0.037109375
0 0.6103515625 0.46875 0.029296875 0.0390625
0 0.00390625 0.45703125 0.0078125 0.015625
0 0.978515625 0.4541015625 0.03125 0.025390625
0 0.224609375 0.4541015625 0.0234375 0.025390625
0 0.3271484375 0.4453125 0.033203125 0.0234375
0 0.6875 0.4453125 0.03125 0.0390625
0 0.00390625 0.431640625 0.0078125 0.01171875
0 0.4599609375 0.4404296875 0.029296875 0.037109375
0 0.896484375 0.427734375 0.02734375 0.03515625
0 0.541015625 0.4296875 0.03125 0.04296875
0 0.982421875 0.419921875 0.01953125 0.02734375
0 0.6201171875 0.4228515625 0.025390625 0.044921875
0 0.3125 0.404296875 0.0234375 0.03125
0 0.7001953125 0.4033203125 0.033203125 0.037109375
0 0.0146484375 0.40234375 0.029296875 0.046875
0 0.46875 0.388671875 0.0234375 0.03125
0 0.55078125 0.3798828125 0.02734375 0.033203125
0 0.7734375 0.375 0.0390625 0.03125
0 0.240234375 0.3740234375 0.03125 0.029296875
0 0.328125 0.375 0.03125 0.03515625
0 0.9794921875 0.3681640625 0.021484375 0.025390625
0 0.9140625 0.369140625 0.02734375 0.03125
0 0.630859375 0.369140625 0.03125 0.03515625
0 0.8251953125 0.3681640625 0.044921875 0.037109375
0 0.70703125 0.3583984375 0.03125 0.033203125
0 0.7529296875 0.330078125 0.017578125 0.01953125
0 0.228515625 0.3349609375 0.0234375 0.029296875
0 0.4736328125 0.337890625 0.029296875 0.04296875
0 0.998046875 0.31640625 0.00390625 0.00390625
0 0.1201171875 0.33203125 0.037109375 0.03515625
0 0.55859375 0.333984375 0.0234375 0.04296875
0 0.3359375 0.3291015625 0.02734375 0.037109375
0 0.8486328125 0.326171875 0.033203125 0.04296875
0 0.7216796875 0.3203125 0.033203125 0.0390625
0 0.6474609375 0.314453125 0.021484375 0.03125
0 0.9228515625 0.3056640625 0.021484375 0.017578125
0 0.36328125 0.3017578125 0.0078125 0.009765625
0 0.048828125 0.3076171875 0.02734375 0.033203125
0 0.0185546875 0.296875 0.009765625 0.01171875
0 0.212890625 0.294921875 0.01171875 0.01171875
0 0.005859375 0.298828125 0.01171875 0.01953125
0 0.24609375 0.2978515625 0.03515625 0.033203125
0 0.478515625 0.2939453125 0.03125 0.033203125
0 0.3076171875 0.2919921875 0.041015625 0.033203125
0 0.9794921875 0.2783203125 0.029296875 0.025390625
0 0.5556640625 0.283203125 0.025390625 0.03515625
0 0.921875 0.2734375 0.0234375 0.01953125
0 0.134765625 0.279296875 0.02734375 0.03125
0 0.64453125 0.271484375 0.0234375 0.03125
0 0.7685546875 0.25390625 0.041015625 0.05078125
0 0.8427734375 0.2490234375 0.044921875 0.044921875
0 0.0771484375 0.2451171875 0.029296875 0.037109375
0 0.486328125 0.244140625 0.03515625 0.0390625
0 0.8662109375 0.23046875 0.021484375 0.01953125
0 0.734375 0.234375 0.04296875 0.03515625
0 0.9423828125 0.224609375 0.021484375 0.01953125
0 0.15625 0.23046875 0.03125 0.03125
0 0.564453125 0.2294921875 0.02734375 0.037109375
0 0.619140625 0.2197265625 0.03515625 0.041015625
0 0.7099609375 0.19921875 0.025390625 0.02734375
0 0.4912109375 0.1953125 0.033203125 0.0390625
0 0.98046875 0.1845703125 0.03515625 0.029296875
0 0.2197265625 0.166015625 0.005859375 0.01171875
0 0.576171875 0.1796875 0.03125 0.04296875
0 0.1494140625 0.1787109375 0.037109375 0.044921875
0 0.201171875 0.1640625 0.0234375 0.0234375
0 0.958984375 0.1591796875 0.02734375 0.029296875
0 0.0546875 0.1640625 0.03515625 0.0390625
0 0.8916015625 0.1572265625 0.025390625 0.029296875
0 0.6845703125 0.16015625 0.044921875 0.046875
0 0.224609375 0.138671875 0.01171875 0.01171875
0 0.203125 0.134765625 0.01171875 0.01171875
0 0.9501953125 0.1357421875 0.033203125 0.029296875
0 0.1220703125 0.1357421875 0.029296875 0.033203125
0 0.880859375 0.1298828125 0.02734375 0.025390625
0 0.03515625 0.1279296875 0.02734375 0.029296875
0 0.658203125 0.125 0.04296875 0.03515625
0 0.50390625 0.123046875 0.03515625 0.0390625
0 0.984375 0.111328125 0.03125 0.03515625
0 0.8681640625 0.1044921875 0.029296875 0.029296875
0 0.3720703125 0.1044921875 0.041015625 0.029296875
0 0.5947265625 0.1005859375 0.037109375 0.037109375
0 0.0986328125 0.09375 0.037109375 0.03515625
0 0.453125 0.0888671875 0.0234375 0.033203125
0 0.16796875 0.0771484375 0.03515625 0.021484375
0 0.0126953125 0.0830078125 0.025390625 0.041015625
0 0.8544921875 0.0751953125 0.025390625 0.029296875
0 0.515625 0.076171875 0.0234375 0.03515625
0 0.9189453125 0.0771484375 0.029296875 0.041015625
0 0.2333984375 0.07421875 0.037109375 0.0390625
0 0.3701171875 0.06640625 0.029296875 0.03125
0 0.6611328125 0.048828125 0.017578125 0.015625
0 0.8388671875 0.0478515625 0.033203125 0.033203125
0 0.611328125 0.052734375 0.03125 0.04296875
0 0.9716796875 0.0419921875 0.037109375 0.037109375
0 0.1220703125 0.03515625 0.033203125 0.02734375
0 0.90625 0.0361328125 0.0390625 0.041015625
0 0.5224609375 0.033203125 0.029296875 0.0390625
0 0.2490234375 0.0302734375 0.029296875 0.033203125
0 0.0625 0.0283203125 0.03515625 0.033203125
0 0.45703125 0.021484375 0.0234375 0.0390625
0 0.96484375 0.0078125 0.03515625 0.015625
0 0.8125 0.0126953125 0.0234375 0.025390625
0 0.6044921875 0.0126953125 0.025390625 0.025390625
0 0.369140625 0.00390625 0.01953125 0.0078125