0 0.802734375 0.998046875 0.015625 0.00390625
0 0.974609375 0.9951171875 0.015625 0.009765625
0 0.009765625 0.9921875 0.01953125 0.015625
0 0.2998046875 0.9912109375 0.029296875 0.017578125
0 0.91015625 0.98828125 0.02734375 0.0234375
0 0.7177734375 0.9853515625 0.033203125 0.017578125
0 0.3701171875 0.9833984375 0.025390625 0.017578125
0 0.1435546875 0.9873046875 0.029296875 0.025390625
0 0.1875 0.9775390625 0.015625 0.013671875
0 0.876953125 0.982421875 0.02734375 0.02734375
0 0.2109375 0.9794921875 0.02734375 0.021484375
0 0.0556640625 0.9755859375 0.029296875 0.021484375
0 0.7998046875 0.9658203125 0.021484375 0.017578125
0 0.927734375 0.9619140625 0.03515625 0.025390625
0 0.8369140625 0.95703125 0.025390625 0.015625
0 0.3017578125 0.9580078125 0.025390625 0.021484375
0 0.390625 0.9599609375 0.01953125 0.029296875
0 0.1318359375 0.9541015625 0.029296875 0.025390625
0 0.4345703125 0.953125 0.021484375 0.02734375
0 0.3515625 0.9521484375 0.03125 0.025390625
0 0.880859375 0.94921875 0.03125 0.02734375
0 0.701171875 0.947265625 0.01953125 0.0234375
0 0.203125 0.9482421875 0.02734375 0.025390625
0 0.466796875 0.9384765625 0.02734375 0.029296875
0 0.5107421875 0.9267578125 0.029296875 0.029296875
0 0.98046875 0.919921875 0.01953125 0.01953125
0 0.9404296875 0.9169921875 0.025390625 0.025390625
0 0.5712890625 0.9267578125 0.056640625 0.048828125
0 0.802734375 0.9130859375 0.03515625 0.025390625
0 0.8896484375 0.9111328125 0.021484375 0.025390625
0 0.9970703125 0.8974609375 0.005859375 0.013671875
0 0.63671875 0.9013671875 0.01953125 0.021484375
0 0.9501953125 0.8955078125 0.017578125 0.013671875
0 0.71484375 0.896484375 0.02734375 0.02734375
0 0.033203125 0.8935546875 0.02734375 0.025390625
0 0.1396484375 0.8896484375 0.021484375 0.029296875
0 0.3125 0.880859375 0.02734375 0.0234375
0 0.1640625 0.8818359375 0.0234375 0.025390625
0 0.1103515625 0.8857421875 0.025390625 0.037109375
0 0.3564453125 0.875 0.021484375 0.0234375
0 0.1953125 0.8779296875 0.0234375 0.029296875
0 0.84765625 0.8759765625 0.0234375 0.029296875
0 0.9814453125 0.87109375 0.029296875 0.03515625
0 0.4189453125 0.865234375 0.021484375 0.02734375
0 0.2392578125 0.8671875 0.029296875 0.03515625
0 0.3896484375 0.8623046875 0.021484375 0.029296875
0 0.955078125 0.861328125 0.02734375 0.03125
0 0.458984375 0.8564453125 0.0234375 0.029296875
0 0.0234375 0.8447265625 0.0234375 0.017578125
0 0.1005859375 0.8466796875 0.037109375 0.029296875
0 0.498046875 0.8388671875 0.0234375 0.025390625
0 0.6337890625 0.833984375 0.025390625 0.01953125
0 0.875 0.84375 0.02734375 0.04296875
0 0.8271484375 0.8388671875 0.025390625 0.033203125
0 0.7119140625 0.8310546875 0.041015625 0.025390625
0 0.1337890625 0.8271484375 0.017578125 0.017578125
0 0.404296875 0.8212890625 0.01953125 0.017578125
0 0.3212890625 0.8251953125 0.029296875 0.025390625
0 0.4423828125 0.8193359375 0.017578125 0.017578125
0 0.78515625 0.830078125 0.01953125 0.04296875
0 0.1142578125 0.8154296875 0.017578125 0.013671875
0 0.24609375 0.8203125 0.04296875 0.03125
0 0.078125 0.8095703125 0.03515625 0.029296875
0 0.70703125 0.80078125 0.03125 0.01953125
0 0.658203125 0.7958984375 0.03125 0.029296875
0 0.9951171875 0.78515625 0.009765625 0.03125
0 0.6025390625 0.78125 0.029296875 0.0234375
0 0.2607421875 0.7783203125 0.029296875 0.021484375
0 0.54296875 0.77734375 0.02734375 0.03515625
0 0.341796875 0.7685546875 0.01953125 0.017578125
0 0.9150390625 0.7666015625 0.025390625 0.021484375
0 0.947265625 0.7705078125 0.02734375 0.033203125
0 0.5 0.76171875 0.03125 0.02734375
0 0.9912109375 0.751953125 0.017578125 0.01953125
0 0.4609375 0.755859375 0.0234375 0.0390625
0 0.05859375 0.7490234375 0.03515625 0.029296875
0 0.271484375 0.74609375 0.02734375 0.02734375
0 0.904296875 0.7353515625 0.015625 0.017578125
0 0.4208984375 0.7548828125 0.048828125 0.056640625
0 0.865234375 0.744140625 0.03515625 0.04296875
0 0.9755859375 0.7294921875 0.025390625 0.021484375
0 0.0478515625 0.728515625 0.021484375 0.01953125
0 0.8076171875 0.736328125 0.025390625 0.0390625
0 0.3740234375 0.7333984375 0.025390625 0.044921875
0 0.1259765625 0.716796875 0.017578125 0.015625
0 0.7001953125 0.71875 0.021484375 0.0234375
0 0.2080078125 0.716796875 0.013671875 0.01953125
0 0.341796875 0.724609375 0.03515625 0.0390625
0 0.8359375 0.70703125 0.02734375 0.03125
0 0.28125 0.7021484375 0.02734375 0.025390625
0 0.64453125 0.697265625 0.02734375 0.0234375
0 0.0322265625 0.69921875 0.033203125 0.02734375
0 0.5908203125 0.6904296875 0.029296875 0.021484375
0 0.2373046875 0.6953125 0.033203125 0.03515625
0 0.2041015625 0.68359375 0.029296875 0.02734375
0 0.6650390625 0.6728515625 0.017578125 0.017578125
0 0.8115234375 0.66796875 0.033203125 0.02734375
0 0.5654296875 0.6708984375 0.025390625 0.033203125
0 0.13671875 0.6669921875 0.03125 0.033203125
0 0.7373046875 0.6572265625 0.017578125 0.021484375
0 0.390625 0.6611328125 0.0234375 0.029296875
0 0.4296875 0.6591796875 0.0234375 0.029296875
0 0.4794921875 0.662109375 0.044921875 0.0390625
0 0.8740234375 0.6513671875 0.017578125 0.021484375
0 0.0126953125 0.66015625 0.025390625 0.0390625
0 0.9140625 0.6484375 0.01953125 0.02734375
0 0.9814453125 0.6513671875 0.025390625 0.041015625
0 0.57421875 0.6376953125 0.015625 0.013671875
0 0.3359375 0.640625 0.0234375 0.01953125
0 0.068359375 0.6474609375 0.02734375 0.033203125
0 0.9482421875 0.6435546875 0.017578125 0.029296875
0 0.4443359375 0.6328125 0.013671875 0.015625
0 0.6201171875 0.6279296875 0.029296875 0.029296875
0 0.3037109375 0.626953125 0.021484375 0.02734375
0 0.0224609375 0.6259765625 0.037109375 0.025390625
0 0.26953125 0.6181640625 0.01953125 0.017578125
0 0.7099609375 0.609375 0.025390625 0.0234375
0 0.3408203125 0.59765625 0.021484375 0.01953125
0 0.30078125 0.595703125 0.015625 0.015625
0 0.6103515625 0.5927734375 0.017578125 0.021484375
0 0.23828125 0.5927734375 0.03125 0.025390625
0 0.4150390625 0.587890625 0.029296875 0.02734375
0 0.775390625 0.5869140625 0.01953125 0.033203125
0 0.11328125 0.58203125 0.0234375 0.0234375
0 0.9150390625 0.576171875 0.029296875 0.01953125
0 0.8115234375 0.5791015625 0.021484375 0.033203125
0 0.7099609375 0.5712890625 0.029296875 0.017578125
0 0.990234375 0.5712890625 0.01953125 0.021484375
0 0.55078125 0.5703125 0.03125 0.0234375
0 0.189453125 0.576171875 0.02734375 0.03515625
0 0.0703125 0.568359375 0.03125 0.01953125
0 0.880859375 0.5712890625 0.01953125 0.033203125
0 0.443359375 0.5654296875 0.0234375 0.025390625
0 0.9521484375 0.5595703125 0.017578125 0.021484375
0 0.025390625 0.556640625 0.02734375 0.01953125
0 0.4814453125 0.5556640625 0.025390625 0.029296875
0 0.3603515625 0.552734375 0.029296875 0.03125
0 0.87109375 0.541015625 0.015625 0.01171875
0 0.2041015625 0.541015625 0.013671875 0.015625
0 0.71484375 0.5400390625 0.02734375 0.017578125
0 0.001953125 0.5322265625 0.00390625 0.005859375
0 0.5244140625 0.5361328125 0.025390625 0.025390625
0 0.7734375 0.5283203125 0.01171875 0.017578125
0 0.5595703125 0.5205078125 0.025390625 0.021484375
0 0.802734375 0.513671875 0.02734375 0.01953125
0 0.71875 0.5087890625 0.02734375 0.021484375
0 0.1884765625 0.5107421875 0.021484375 0.029296875
0 0.8935546875 0.498046875 0.017578125 0.015625
0 0.40625 0.5029296875 0.03515625 0.029296875
0 0.1201171875 0.5009765625 0.025390625 0.025390625
0 0.4638671875 0.4931640625 0.029296875 0.025390625
0 0.720703125 0.4794921875 0.02734375 0.017578125
0 0.0302734375 0.478515625 0.013671875 0.015625
0 0.521484375 0.478515625 0.01953125 0.01953125
0 0.6240234375 0.474609375 0.029296875 0.03125
0 0.1220703125 0.46484375 0.029296875 0.01953125
0 0.8095703125 0.466796875 0.025390625 0.02734375
0 0.8974609375 0.458984375 0.017578125 0.0234375
0 0.9375 0.4619140625 0.01953125 0.033203125
0 0.095703125 0.451171875 0.015625 0.015625
0 0.052734375 0.453125 0.01953125 0.0234375
0 0.0078125 0.4375 0.015625 0.015625
0 0.55078125 0.431640625 0.02734375 0.01953125
0 0.2060546875 0.4208984375 0.029296875 0.021484375
0 0.80859375 0.4189453125 0.02734375 0.021484375
0 0.70703125 0.41796875 0.0234375 0.01953125
0 0.7841796875 0.404296875 0.013671875 0.01171875
0 0.646484375 0.4091796875 0.03125 0.029296875
0 0.22265625 0.400390625 0.015625 0.01171875
0 0.1337890625 0.3955078125 0.017578125 0.025390625
0 0.70703125 0.390625 0.0234375 0.01953125
0 0.560546875 0.3876953125 0.0234375 0.029296875
0 0.8896484375 0.380859375 0.017578125 0.0234375
0 0.8134765625 0.376953125 0.021484375 0.02734375
0 0.53515625 0.37109375 0.015625 0.01953125
0 0.06640625 0.375 0.0234375 0.02734375
0 0.0078125 0.373046875 0.015625 0.02734375
0 0.037109375 0.369140625 0.01953125 0.02734375
0 0.6572265625 0.3623046875 0.029296875 0.025390625
0 0.7919921875 0.3544921875 0.013671875 0.013671875
0 0.7041015625 0.3583984375 0.017578125 0.025390625
0 0.0703125 0.3515625 0.01953125 0.015625
0 0.130859375 0.35546875 0.0234375 0.02734375
0 0.0234375 0.3447265625 0.01171875 0.013671875
0 0.7685546875 0.34765625 0.021484375 0.0234375
0 0.5712890625 0.34375 0.033203125 0.02734375
0 0.205078125 0.3388671875 0.01953125 0.025390625
0 0.81640625 0.330078125 0.0234375 0.02734375
0 0.892578125 0.3291015625 0.01953125 0.033203125
0 0.705078125 0.3115234375 0.02734375 0.021484375
0 0.66796875 0.3095703125 0.02734375 0.021484375
0 0.5908203125 0.310546875 0.025390625 0.02734375
0 0.0703125 0.306640625 0.015625 0.01953125
0 0.1357421875 0.3037109375 0.025390625 0.017578125
0 0.20703125 0.298828125 0.01953125 0.0234375
0 0.767578125 0.291015625 0.015625 0.015625
0 0.0986328125 0.2890625 0.013671875 0.015625
0 0.814453125 0.28125 0.03125 0.03125
0 0.6015625 0.27734375 0.0234375 0.0234375
0 0.2138671875 0.2666015625 0.021484375 0.021484375
0 0.7109375 0.251953125 0.02734375 0.03125
0 0.14453125 0.2490234375 0.01953125 0.025390625
0 0.81640625 0.234375 0.02734375 0.01953125
0 0.1142578125 0.232421875 0.013671875 0.015625
0 0.216796875 0.234375 0.0234375 0.0234375
0 0.8994140625 0.2177734375 0.017578125 0.017578125
0 0.71875 0.21484375 0.02734375 0.01953125
0 0.625 0.208984375 0.01953125 0.0234375
0 0.68359375 0.208984375 0.0234375 0.0390625
0 0.138671875 0.2021484375 0.02734375 0.025390625
0 0.8173828125 0.1923828125 0.025390625 0.021484375
0 0.71875 0.1904296875 0.0234375 0.021484375
0 0.2373046875 0.1904296875 0.017578125 0.025390625
0 0.908203125 0.171875 0.0234375 0.02734375
0 0.591796875 0.171875 0.03125 0.02734375
0 0.1376953125 0.1591796875 0.025390625 0.025390625
0 0.115234375 0.146484375 0.015625 0.015625
0 0.8232421875 0.1455078125 0.025390625 0.017578125
0 0.0712890625 0.1435546875 0.037109375 0.025390625
0 0.013671875 0.12890625 0.02734375 0.0234375
0 0.259765625 0.12890625 0.0234375 0.02734375
0 0.703125 0.115234375 0.0234375 0.01953125
0 0.775390625 0.11328125 0.0234375 0.01953125
0 0.9130859375 0.1025390625 0.021484375 0.021484375
0 0.6513671875 0.1103515625 0.033203125 0.037109375
0 0.1591796875 0.0947265625 0.017578125 0.025390625
0 0.8291015625 0.0927734375 0.021484375 0.025390625
0 0.123046875 0.091796875 0.015625 0.02734375
0 0.0810546875 0.083984375 0.017578125 0.02734375
0 0.2333984375 0.0673828125 0.025390625 0.017578125
0 0.0302734375 0.0654296875 0.033203125 0.021484375
0 0.3681640625 0.0703125 0.041015625 0.0390625
0 0.2353515625 0.0439453125 0.025390625 0.017578125
0 0.3271484375 0.0439453125 0.021484375 0.037109375
0 0.2841796875 0.03125 0.017578125 0.0234375
0 0.158203125 0.0078125 0.0234375 0.015625