0 0.208984375 0.998046875 0.00390625 0.00390625
0 0.48828125 0.9970703125 0.015625 0.005859375
0 0.9072265625 0.9951171875 0.021484375 0.009765625
0 0.7041015625 0.994140625 0.021484375 0.01171875
0 0.1494140625 0.9931640625 0.037109375 0.013671875
0 0.6640625 0.9892578125 0.02734375 0.021484375
0 0.1171875 0.98828125 0.0234375 0.0234375
0 0.0908203125 0.9873046875 0.025390625 0.025390625
0 0.0380859375 0.986328125 0.076171875 0.02734375
0 0.7568359375 0.984375 0.033203125 0.02734375
0 0.3115234375 0.9853515625 0.041015625 0.029296875
0 0.947265625 0.9833984375 0.0390625 0.033203125
0 0.8544921875 0.966796875 0.033203125 0.03515625
0 0.37890625 0.97265625 0.078125 0.0546875
0 0.984375 0.9580078125 0.03125 0.037109375
0 0.765625 0.953125 0.03515625 0.02734375
0 0.71875 0.9423828125 0.02734375 0.029296875
0 0.8974609375 0.939453125 0.033203125 0.03125
0 0.8349609375 0.9345703125 0.033203125 0.025390625
0 0.6806640625 0.93359375 0.025390625 0.03125
0 0.9228515625 0.916015625 0.029296875 0.03515625
0 0.0693359375 0.92578125 0.080078125 0.05859375
0 0.5888671875 0.94140625 0.107421875 0.109375
0 0.9482421875 0.9033203125 0.033203125 0.037109375
0 0.78125 0.8974609375 0.03125 0.029296875
0 0.2490234375 0.90625 0.091796875 0.05078125
0 0.841796875 0.892578125 0.0390625 0.02734375
0 0.513671875 0.923828125 0.046875 0.09765625
0 0.97265625 0.88671875 0.03125 0.03125
0 0.1103515625 0.8857421875 0.021484375 0.029296875
0 0.0244140625 0.8974609375 0.048828125 0.052734375
0 0.91015625 0.8720703125 0.01953125 0.017578125
0 0.7373046875 0.8779296875 0.033203125 0.037109375
0 0.990234375 0.87109375 0.01953125 0.03125
0 0.705078125 0.8720703125 0.03125 0.037109375
0 0.7890625 0.8642578125 0.03125 0.029296875
0 0.8603515625 0.8515625 0.021484375 0.03125
0 0.1171875 0.84765625 0.03125 0.0234375
0 0.8935546875 0.83984375 0.025390625 0.03125
0 0.7919921875 0.833984375 0.033203125 0.03125
0 0.927734375 0.8359375 0.03125 0.0390625
0 0.9580078125 0.822265625 0.025390625 0.03125
0 0.107421875 0.8193359375 0.03515625 0.025390625
0 0.3427734375 0.8564453125 0.216796875 0.103515625
0 0.388671875 0.8212890625 0.0234375 0.033203125
0 0.1923828125 0.814453125 0.037109375 0.0234375
0 0.986328125 0.8134765625 0.02734375 0.029296875
0 0.3642578125 0.8134765625 0.021484375 0.029296875
0 0.025390625 0.818359375 0.03515625 0.0390625
0 0.3427734375 0.80859375 0.025390625 0.03125
0 0.318359375 0.8037109375 0.0234375 0.033203125
0 0.2958984375 0.8017578125 0.021484375 0.037109375
0 0.0068359375 0.794921875 0.013671875 0.0234375
0 0.185546875 0.7880859375 0.04296875 0.025390625
0 0.23046875 0.78515625 0.0234375 0.0390625
0 0.5986328125 0.822265625 0.158203125 0.1171875
0 0.87109375 0.765625 0.03515625 0.0234375
0 0.1875 0.76171875 0.05078125 0.02734375
0 0.0849609375 0.763671875 0.052734375 0.046875
0 0.3681640625 0.75 0.025390625 0.03125
0 0.4560546875 0.7587890625 0.033203125 0.052734375
0 0.9765625 0.7490234375 0.02734375 0.037109375
0 0.8076171875 0.7646484375 0.044921875 0.068359375
0 0.9951171875 0.7421875 0.009765625 0.02734375
0 0.876953125 0.7392578125 0.03515625 0.029296875
0 0.076171875 0.7314453125 0.04296875 0.025390625
0 0.3056640625 0.734375 0.044921875 0.0390625
0 0.271484375 0.7255859375 0.0234375 0.033203125
0 0.0029296875 0.71484375 0.005859375 0.015625
0 0.244140625 0.71875 0.02734375 0.03515625
0 0.0693359375 0.708984375 0.044921875 0.0234375
0 0.2177734375 0.7119140625 0.025390625 0.033203125
0 0.16015625 0.705078125 0.03125 0.02734375
0 0.931640625 0.705078125 0.0234375 0.03125
0 0.1923828125 0.7060546875 0.025390625 0.033203125
0 0.6767578125 0.70703125 0.033203125 0.0390625
0 0.6435546875 0.705078125 0.033203125 0.05078125
0 0.3935546875 0.697265625 0.017578125 0.03515625
0 0.2421875 0.68359375 0.01953125 0.01171875
0 0.0625 0.6884765625 0.0390625 0.025390625
0 0.98046875 0.6884765625 0.0234375 0.029296875
0 0.3701171875 0.6875 0.021484375 0.03125
0 0.16015625 0.6826171875 0.04296875 0.021484375
0 0.3251953125 0.677734375 0.025390625 0.03515625
0 0.298828125 0.671875 0.0234375 0.03515625
0 0.056640625 0.6640625 0.03515625 0.02734375
0 0.2783203125 0.666015625 0.021484375 0.03515625
0 0.771484375 0.669921875 0.0390625 0.05078125
0 0.2529296875 0.66015625 0.025390625 0.03515625
0 0.0068359375 0.66015625 0.013671875 0.03515625
0 0.228515625 0.654296875 0.0234375 0.03125
0 0.5859375 0.66015625 0.046875 0.046875
0 0.140625 0.6474609375 0.03125 0.029296875
0 0.203125 0.6474609375 0.02734375 0.033203125
0 0.17578125 0.6416015625 0.02734375 0.033203125
0 0.048828125 0.6376953125 0.03515625 0.025390625
0 0.4287109375 0.6357421875 0.029296875 0.029296875
0 0.900390625 0.638671875 0.0234375 0.0390625
0 0.474609375 0.6435546875 0.05859375 0.056640625
0 0.1416015625 0.6240234375 0.041015625 0.021484375
0 0.3681640625 0.623046875 0.025390625 0.03125
0 0.9638671875 0.62109375 0.025390625 0.03515625
0 0.62109375 0.6826171875 0.16015625 0.158203125
0 0.9140625 0.6123046875 0.04296875 0.025390625
0 0.337890625 0.6162109375 0.0234375 0.033203125
0 0.994140625 0.6015625 0.01171875 0.02734375
0 0.3115234375 0.60546875 0.021484375 0.0390625
0 0.033203125 0.5927734375 0.04296875 0.025390625
0 0.2705078125 0.595703125 0.021484375 0.0390625
0 0.4814453125 0.595703125 0.048828125 0.046875
0 0.2490234375 0.5888671875 0.025390625 0.041015625
0 0.916015625 0.5830078125 0.03515625 0.033203125
0 0.22265625 0.5849609375 0.0234375 0.037109375
0 0.4404296875 0.5810546875 0.033203125 0.037109375
0 0.123046875 0.572265625 0.03515625 0.02734375
0 0.201171875 0.5771484375 0.0234375 0.041015625
0 0.025390625 0.5693359375 0.04296875 0.025390625
0 0.9931640625 0.56640625 0.013671875 0.0234375
0 0.181640625 0.572265625 0.0234375 0.0390625
0 0.158203125 0.5693359375 0.0234375 0.037109375
0 0.3818359375 0.564453125 0.025390625 0.03125
0 0.96484375 0.5625 0.03125 0.03125
0 0.3525390625 0.556640625 0.021484375 0.02734375
0 0.322265625 0.5478515625 0.01953125 0.021484375
0 0.927734375 0.5478515625 0.0390625 0.025390625
0 0.11328125 0.544921875 0.0390625 0.0234375
0 0.2919921875 0.5400390625 0.017578125 0.021484375
0 0.0224609375 0.5419921875 0.037109375 0.025390625
0 0.2685546875 0.5380859375 0.021484375 0.029296875
0 0.23046875 0.52734375 0.0234375 0.0234375
0 0.49609375 0.5244140625 0.046875 0.041015625
0 0.1796875 0.51953125 0.01953125 0.03125
0 0.1044921875 0.5166015625 0.037109375 0.025390625
0 0.0166015625 0.517578125 0.033203125 0.02734375
0 0.7265625 0.5166015625 0.0234375 0.037109375
0 0.45703125 0.515625 0.03125 0.03515625
0 0.4267578125 0.5078125 0.033203125 0.03515625
0 0.6318359375 0.5419921875 0.091796875 0.107421875
0 0.703125 0.50390625 0.03125 0.03515625
0 0.3974609375 0.501953125 0.029296875 0.03515625
0 0.6708984375 0.49609375 0.033203125 0.03515625
0 0.501953125 0.484375 0.0390625 0.02734375
0 0.869140625 0.4794921875 0.03515625 0.025390625
0 0.2763671875 0.4736328125 0.025390625 0.029296875
0 0.248046875 0.4697265625 0.02734375 0.033203125
0 0.830078125 0.46484375 0.03125 0.03125
0 0.0048828125 0.462890625 0.009765625 0.02734375
0 0.216796875 0.4599609375 0.02734375 0.029296875
0 0.794921875 0.4541015625 0.03125 0.029296875
0 0.4619140625 0.4541015625 0.033203125 0.033203125
0 0.1884765625 0.4521484375 0.025390625 0.029296875
0 0.955078125 0.447265625 0.04296875 0.02734375
0 0.16015625 0.4462890625 0.0234375 0.033203125
0 0.8857421875 0.4443359375 0.029296875 0.033203125
0 0.0029296875 0.431640625 0.005859375 0.01171875
0 0.4169921875 0.443359375 0.060546875 0.0390625
0 0.130859375 0.44140625 0.02734375 0.03515625
0 0.3720703125 0.431640625 0.029296875 0.03515625
0 0.099609375 0.43359375 0.02734375 0.0390625
0 0.6865234375 0.427734375 0.025390625 0.03125
0 0.07421875 0.4267578125 0.03125 0.037109375
0 0.9921875 0.4150390625 0.015625 0.017578125
0 0.732421875 0.4296875 0.02734375 0.046875
0 0.3408203125 0.4228515625 0.029296875 0.033203125
0 0.8046875 0.419921875 0.02734375 0.03125
0 0.892578125 0.4150390625 0.0390625 0.029296875
0 0.3076171875 0.4169921875 0.025390625 0.033203125
0 0.28125 0.41015625 0.0234375 0.03515625
0 0.96484375 0.4033203125 0.0390625 0.029296875
0 0.255859375 0.40625 0.02734375 0.0390625
0 0.5263671875 0.3974609375 0.033203125 0.025390625
0 0.2333984375 0.40234375 0.025390625 0.04296875
0 0.892578125 0.3896484375 0.03515625 0.025390625
0 0.212890625 0.3974609375 0.0234375 0.041015625
0 0.8134765625 0.3837890625 0.029296875 0.029296875
0 0.8447265625 0.3828125 0.029296875 0.03125
0 0.056640625 0.376953125 0.02734375 0.02734375
0 0.478515625 0.375 0.03125 0.03125
0 0.1318359375 0.3759765625 0.025390625 0.037109375
0 0.74609375 0.376953125 0.03515625 0.04296875
0 0.98046875 0.3642578125 0.03515625 0.025390625
0 0.111328125 0.3701171875 0.0234375 0.037109375
0 0.451171875 0.3671875 0.03125 0.03515625
0 0.08984375 0.365234375 0.02734375 0.0390625
0 0.6884765625 0.3525390625 0.033203125 0.029296875
0 0.4052734375 0.357421875 0.056640625 0.0390625
0 0.0625 0.3486328125 0.03125 0.025390625
0 0.3603515625 0.345703125 0.029296875 0.03515625
0 0.9033203125 0.33984375 0.041015625 0.03125
0 0.330078125 0.337890625 0.03125 0.03515625
0 0.650390625 0.37890625 0.0625 0.12890625
0 0.9833984375 0.322265625 0.029296875 0.02734375
0 0.2880859375 0.328125 0.056640625 0.04296875
0 0.5576171875 0.31640625 0.025390625 0.03125
0 0.2431640625 0.314453125 0.029296875 0.03125
0 0.9189453125 0.3076171875 0.033203125 0.029296875
0 0.52734375 0.3095703125 0.02734375 0.033203125
0 0.18359375 0.3056640625 0.02734375 0.037109375
0 0.826171875 0.30859375 0.03125 0.046875
0 0.5 0.3046875 0.02734375 0.0390625
0 0.9853515625 0.294921875 0.029296875 0.0234375
0 0.7529296875 0.2958984375 0.033203125 0.029296875
0 0.150390625 0.2998046875 0.02734375 0.037109375
0 0.4736328125 0.298828125 0.025390625 0.0390625
0 0.7802734375 0.2958984375 0.025390625 0.037109375
0 0.720703125 0.2880859375 0.03125 0.029296875
0 0.44140625 0.29296875 0.046875 0.046875
0 0.4052734375 0.2822265625 0.025390625 0.037109375
0 0.92578125 0.275390625 0.03125 0.03515625
0 0.697265625 0.2802734375 0.02734375 0.044921875
0 0.8515625 0.263671875 0.046875 0.03125
0 0.3583984375 0.2685546875 0.021484375 0.041015625
0 0.3359375 0.2646484375 0.02734375 0.041015625
0 0.2060546875 0.2578125 0.033203125 0.03125
0 0.564453125 0.248046875 0.03515625 0.0234375
0 0.306640625 0.2646484375 0.03515625 0.056640625
0 0.9326171875 0.2451171875 0.044921875 0.029296875
0 0.287109375 0.25 0.0234375 0.0390625
0 0.9931640625 0.2451171875 0.013671875 0.033203125
0 0.5791015625 0.2236328125 0.029296875 0.021484375
0 0.5166015625 0.2294921875 0.021484375 0.037109375
0 0.494140625 0.22265625 0.02734375 0.0390625
0 0.71875 0.224609375 0.05078125 0.0546875
0 0.4677734375 0.216796875 0.025390625 0.0390625
0 0.4443359375 0.2109375 0.025390625 0.0390625
0 0.9423828125 0.2060546875 0.029296875 0.037109375
0 0.421875 0.205078125 0.02734375 0.0390625
0 0.794921875 0.1923828125 0.03125 0.029296875
0 0.9111328125 0.1875 0.033203125 0.0390625
0 0.5859375 0.1787109375 0.05078125 0.052734375
0 0.2783203125 0.1689453125 0.029296875 0.037109375
0 0.796875 0.1611328125 0.04296875 0.033203125
0 0.5361328125 0.158203125 0.021484375 0.02734375
0 0.5126953125 0.150390625 0.021484375 0.0234375
0 0.876953125 0.15234375 0.03125 0.03125
0 0.6962890625 0.154296875 0.029296875 0.03515625
0 0.490234375 0.1455078125 0.0234375 0.025390625
0 0.46484375 0.138671875 0.01953125 0.0234375
0 0.44140625 0.1328125 0.01953125 0.0234375
0 0.41796875 0.1279296875 0.0234375 0.025390625
0 0.3935546875 0.1201171875 0.021484375 0.021484375
0 0.962890625 0.1220703125 0.03125 0.037109375
0 0.3701171875 0.1142578125 0.021484375 0.021484375
0 0.8115234375 0.107421875 0.033203125 0.03125
0 0.3447265625 0.107421875 0.029296875 0.03125
0 0.939453125 0.10546875 0.03515625 0.0390625
0 0.314453125 0.0986328125 0.02734375 0.033203125
0 0.9140625 0.0908203125 0.03515625 0.037109375
0 0.5537109375 0.083984375 0.021484375 0.02734375
0 0.53125 0.078125 0.0234375 0.02734375
0 0.5068359375 0.072265625 0.025390625 0.02734375
0 0.482421875 0.06640625 0.0234375 0.02734375
0 0.89453125 0.0693359375 0.03515625 0.041015625
0 0.783203125 0.0693359375 0.03125 0.041015625
0 0.458984375 0.060546875 0.0234375 0.02734375
0 0.9912109375 0.0615234375 0.017578125 0.037109375
0 0.435546875 0.0546875 0.0234375 0.02734375
0 0.4111328125 0.048828125 0.025390625 0.02734375
0 0.8720703125 0.048828125 0.037109375 0.03515625
0 0.38671875 0.04296875 0.0234375 0.02734375
0 0.36328125 0.037109375 0.0234375 0.02734375
0 0.7568359375 0.0390625 0.037109375 0.03515625
0 0.3369140625 0.03125 0.025390625 0.02734375
0 0.8984375 0.017578125 0.015625 0.015625
0 0.849609375 0.0283203125 0.04296875 0.037109375
0 0.52734375 0.01953125 0.0234375 0.0234375
0 0.9638671875 0.0322265625 0.060546875 0.056640625
0 0.9287109375 0.0107421875 0.037109375 0.021484375
0 0.87890625 0.0029296875 0.01171875 0.005859375
0 0.8271484375 0.01171875 0.037109375 0.0234375
0 0.8037109375 0.001953125 0.005859375 0.00390625
0 0.7255859375 0.02734375 0.037109375 0.0546875
0 0.6376953125 0.0078125 0.017578125 0.015625
0 0.5693359375 0.01171875 0.037109375 0.0234375
0 0.5439453125 0.00390625 0.013671875 0.0078125