0 0.603515625 0.9970703125 0.015625 0.005859375
0 0.580078125 0.9951171875 0.0234375 0.009765625
0 0.45703125 0.9951171875 0.01953125 0.009765625
0 0.5576171875 0.9931640625 0.017578125 0.013671875
0 0.5341796875 0.9921875 0.025390625 0.015625
0 0.7705078125 0.9775390625 0.029296875 0.021484375
0 0.708984375 0.96875 0.02734375 0.02734375
0 0.4560546875 0.9638671875 0.052734375 0.048828125
0 0.7646484375 0.9375 0.033203125 0.01953125
0 0.6171875 0.9453125 0.1015625 0.05078125
0 0.53125 0.9267578125 0.02734375 0.041015625
0 0.7626953125 0.9140625 0.033203125 0.0234375
0 0.5068359375 0.9150390625 0.041015625 0.041015625
0 0.3544921875 0.9462890625 0.103515625 0.107421875
0 0.1650390625 0.9443359375 0.185546875 0.111328125
0 0.7607421875 0.8916015625 0.033203125 0.021484375
0 0.6748046875 0.8837890625 0.025390625 0.017578125
0 0.99609375 0.8818359375 0.0078125 0.025390625
0 0.7626953125 0.8671875 0.029296875 0.01953125
0 0.560546875 0.8671875 0.03515625 0.02734375
0 0.8271484375 0.876953125 0.029296875 0.0546875
0 0.4287109375 0.8681640625 0.041015625 0.048828125
0 0.23046875 0.8642578125 0.0625 0.052734375
0 0.765625 0.8466796875 0.02734375 0.021484375
0 0.3876953125 0.8525390625 0.041015625 0.033203125
0 0.875 0.89453125 0.1015625 0.140625
0 0.2041015625 0.8447265625 0.033203125 0.041015625
0 0.9921875 0.837890625 0.015625 0.05078125
0 0.517578125 0.83203125 0.03125 0.0390625
0 0.5703125 0.8232421875 0.046875 0.025390625
0 0.767578125 0.8193359375 0.02734375 0.021484375
0 0.169921875 0.8251953125 0.03515625 0.041015625
0 0.7177734375 0.8740234375 0.056640625 0.142578125
0 0.6376953125 0.8134765625 0.033203125 0.021484375
0 0.6865234375 0.8330078125 0.037109375 0.080078125
0 0.2734375 0.7939453125 0.03125 0.037109375
0 0.634765625 0.7880859375 0.02734375 0.029296875
0 0.541015625 0.7822265625 0.0234375 0.025390625
0 0.2529296875 0.783203125 0.033203125 0.0390625
0 0.32421875 0.783203125 0.05078125 0.05078125
0 0.9921875 0.767578125 0.015625 0.0234375
0 0.8876953125 0.783203125 0.033203125 0.05859375
0 0.2373046875 0.7724609375 0.033203125 0.041015625
0 0.759765625 0.7744140625 0.05859375 0.052734375
0 0.44921875 0.7880859375 0.11328125 0.080078125
0 0.697265625 0.765625 0.0390625 0.0390625
0 0.2109375 0.7626953125 0.02734375 0.033203125
0 0.5078125 0.7578125 0.046875 0.04296875
0 0.6533203125 0.7392578125 0.033203125 0.033203125
0 0.3466796875 0.7412109375 0.048828125 0.044921875
0 0.208984375 0.7392578125 0.05859375 0.060546875
0 0.6083984375 0.720703125 0.033203125 0.03125
0 0.3154296875 0.7216796875 0.029296875 0.033203125
0 0.142578125 0.7265625 0.04296875 0.05078125
0 0.2919921875 0.7099609375 0.025390625 0.033203125
0 0.275390625 0.69921875 0.02734375 0.03125
0 0.8583984375 0.701171875 0.025390625 0.0390625
0 0.775390625 0.6923828125 0.05859375 0.029296875
0 0.302734375 0.671875 0.01953125 0.0234375
0 0.3642578125 0.681640625 0.044921875 0.046875
0 0.6875 0.6572265625 0.12109375 0.037109375
0 0.4736328125 0.68359375 0.095703125 0.12109375
0 0.01171875 0.6474609375 0.0234375 0.048828125
0 0.2412109375 0.6611328125 0.068359375 0.080078125
0 0.0771484375 0.6357421875 0.037109375 0.033203125
0 0.580078125 0.6298828125 0.08984375 0.060546875
0 0.39453125 0.61328125 0.0625 0.05078125
0 0.0234375 0.6044921875 0.0390625 0.033203125
0 0.748046875 0.6103515625 0.02734375 0.048828125
0 0.6552734375 0.6025390625 0.037109375 0.052734375
0 0.2822265625 0.5927734375 0.037109375 0.033203125
0 0.84375 0.6201171875 0.046875 0.111328125
0 0.5302734375 0.58203125 0.029296875 0.03515625
0 0.1943359375 0.6064453125 0.072265625 0.083984375
0 0.9619140625 0.642578125 0.076171875 0.19921875
0 0.7001953125 0.5576171875 0.080078125 0.029296875
0 0.9873046875 0.5517578125 0.025390625 0.033203125
0 0.447265625 0.5556640625 0.04296875 0.041015625
0 0.126953125 0.578125 0.1015625 0.08984375
0 0.6123046875 0.5458984375 0.072265625 0.044921875
0 0.81640625 0.541015625 0.02734375 0.0390625
0 0.013671875 0.53515625 0.02734375 0.03125
0 0.5556640625 0.53515625 0.033203125 0.03515625
0 0.7080078125 0.5185546875 0.052734375 0.021484375
0 0.3564453125 0.5244140625 0.056640625 0.037109375
0 0.7607421875 0.5126953125 0.048828125 0.029296875
0 0.46875 0.513671875 0.0390625 0.03515625
0 0.255859375 0.5087890625 0.03515625 0.025390625
0 0.0576171875 0.5361328125 0.060546875 0.080078125
0 0.4228515625 0.4990234375 0.041015625 0.037109375
0 0.6591796875 0.4990234375 0.052734375 0.041015625
0 0.1611328125 0.4951171875 0.052734375 0.033203125
0 0.39453125 0.486328125 0.0234375 0.03125
0 0.0166015625 0.4853515625 0.033203125 0.037109375
0 0.4853515625 0.482421875 0.041015625 0.046875
0 0.95703125 0.4892578125 0.0859375 0.064453125
0 0.615234375 0.4814453125 0.05078125 0.072265625
0 0.4521484375 0.4619140625 0.025390625 0.033203125
0 0.0869140625 0.4521484375 0.037109375 0.041015625
0 0.806640625 0.4736328125 0.0390625 0.091796875
0 0.23046875 0.4462890625 0.01953125 0.037109375
0 0.2021484375 0.4462890625 0.021484375 0.037109375
0 0.2529296875 0.4384765625 0.021484375 0.037109375
0 0.1728515625 0.435546875 0.041015625 0.03515625
0 0.42578125 0.4404296875 0.03125 0.052734375
0 0.287109375 0.4326171875 0.03125 0.044921875
0 0.1455078125 0.4208984375 0.029296875 0.037109375
0 0.9853515625 0.4150390625 0.021484375 0.029296875
0 0.04296875 0.412109375 0.0390625 0.0390625
0 0.361328125 0.3984375 0.0234375 0.03125
0 0.5185546875 0.416015625 0.052734375 0.078125
0 0.3857421875 0.3828125 0.025390625 0.02734375
0 0.0947265625 0.3740234375 0.037109375 0.037109375
0 0.423828125 0.365234375 0.05078125 0.03515625
0 0.130859375 0.36328125 0.02734375 0.03515625
0 0.515625 0.353515625 0.078125 0.04296875
0 0.8994140625 0.3525390625 0.037109375 0.048828125
0 0.0146484375 0.353515625 0.029296875 0.05078125
0 0.943359375 0.3388671875 0.03515625 0.044921875
0 0.2666015625 0.3349609375 0.126953125 0.041015625
0 0.9814453125 0.326171875 0.033203125 0.0390625
0 0.0546875 0.318359375 0.0390625 0.046875
0 0.4033203125 0.302734375 0.087890625 0.04296875
0 0.8642578125 0.2998046875 0.041015625 0.064453125
0 0.9013671875 0.2724609375 0.033203125 0.029296875
0 0.2041015625 0.2890625 0.060546875 0.0625
0 0.9326171875 0.2666015625 0.021484375 0.037109375
0 0.9873046875 0.2607421875 0.025390625 0.033203125
0 0.958984375 0.2724609375 0.02734375 0.060546875
0 0.55859375 0.2578125 0.09765625 0.04296875
0 0.255859375 0.251953125 0.046875 0.04296875
0 0.916015625 0.2109375 0.03515625 0.03515625
0 0.0732421875 0.240234375 0.076171875 0.11328125
0 0.9443359375 0.203125 0.029296875 0.04296875
0 0.9697265625 0.1953125 0.029296875 0.03515625
0 0.84765625 0.19140625 0.0390625 0.03125
0 0.009765625 0.19140625 0.01953125 0.03125
0 0.9931640625 0.1865234375 0.013671875 0.033203125
0 0.5400390625 0.177734375 0.072265625 0.03515625
0 0.8828125 0.1650390625 0.03125 0.029296875
0 0.916015625 0.1552734375 0.03515625 0.029296875
0 0.84765625 0.146484375 0.03125 0.03125
0 0.6533203125 0.1943359375 0.080078125 0.126953125
0 0.955078125 0.14453125 0.04296875 0.03125
0 0.54296875 0.1298828125 0.08984375 0.044921875
0 0.8984375 0.107421875 0.03125 0.0234375
0 0.26171875 0.1318359375 0.0703125 0.076171875
0 0.0068359375 0.0986328125 0.013671875 0.041015625
0 0.9560546875 0.087890625 0.033203125 0.03125
0 0.9267578125 0.091796875 0.029296875 0.0390625
0 0.4091796875 0.0869140625 0.044921875 0.044921875
0 0.98828125 0.0751953125 0.0234375 0.037109375
0 0.3173828125 0.064453125 0.037109375 0.03515625
0 0.4423828125 0.0693359375 0.033203125 0.048828125
0 0.5126953125 0.048828125 0.052734375 0.04296875
0 0.80078125 0.0390625 0.0390625 0.02734375
0 0.9609375 0.033203125 0.0234375 0.0234375
0 0.005859375 0.0224609375 0.01171875 0.017578125
0 0.9111328125 0.041015625 0.060546875 0.05859375
0 0.2529296875 0.01953125 0.025390625 0.02734375
0 0.6962890625 0.048828125 0.044921875 0.09375
0 0.5 0.021484375 0.046875 0.0390625
0 0.9560546875 0.005859375 0.017578125 0.01171875
0 0.875 0.0068359375 0.0234375 0.013671875
0 0.8212890625 0.0107421875 0.021484375 0.021484375
0 0.6044921875 0.033203125 0.091796875 0.06640625
0 0.42578125 0.01171875 0.0390625 0.0234375
0 0.3291015625 0.009765625 0.029296875 0.01953125
0 0.224609375 0.0126953125 0.03515625 0.025390625
0 0.1982421875 0.01171875 0.029296875 0.0234375
0 0.052734375 0.052734375 0.04296875 0.10546875
0 0.0087890625 0.0029296875 0.009765625 0.005859375