0 0.236328125 0.9951171875 0.01953125 0.009765625
0 0.0146484375 0.9873046875 0.029296875 0.025390625
0 0.07421875 0.9658203125 0.02734375 0.025390625
0 0.056640625 0.94140625 0.01953125 0.01953125
0 0.095703125 0.9365234375 0.0390625 0.037109375
0 0.298828125 0.9296875 0.05859375 0.06640625
0 0.23046875 0.9462890625 0.08203125 0.099609375
0 0.146484375 0.9052734375 0.03515625 0.029296875
0 0.033203125 0.9072265625 0.03515625 0.041015625
0 0.955078125 0.8857421875 0.03125 0.029296875
0 0.0087890625 0.8701171875 0.017578125 0.025390625
0 0.4521484375 0.8642578125 0.017578125 0.017578125
0 0.9931640625 0.8623046875 0.013671875 0.021484375
0 0.09765625 0.8486328125 0.03515625 0.041015625
0 0.0166015625 0.83984375 0.021484375 0.0234375
0 0.0517578125 0.833984375 0.021484375 0.0234375
0 0.9072265625 0.8193359375 0.033203125 0.041015625
0 0.0732421875 0.810546875 0.025390625 0.0234375
0 0.7646484375 0.8291015625 0.072265625 0.080078125
0 0.037109375 0.7978515625 0.0234375 0.021484375
0 0.9482421875 0.7841796875 0.029296875 0.033203125
0 0.875 0.77734375 0.03515625 0.03515625
0 0.3837890625 0.7841796875 0.083984375 0.072265625
0 0.0498046875 0.765625 0.037109375 0.03515625
0 0.98828125 0.7578125 0.0234375 0.0234375
0 0.5146484375 0.7548828125 0.080078125 0.068359375
0 0.611328125 0.7177734375 0.0390625 0.041015625
0 0.8603515625 0.708984375 0.033203125 0.03125
0 0.3095703125 0.7119140625 0.068359375 0.060546875
0 0.0146484375 0.7021484375 0.029296875 0.044921875
0 0.3759765625 0.673828125 0.025390625 0.03125
0 0.87109375 0.6494140625 0.03125 0.029296875
0 0.94921875 0.6328125 0.01953125 0.01953125
0 0.3515625 0.6376953125 0.03125 0.037109375
0 0.1083984375 0.66015625 0.091796875 0.08203125
0 0.9912109375 0.6279296875 0.017578125 0.029296875
0 0.2001953125 0.625 0.029296875 0.03125
0 0.90625 0.6201171875 0.03515625 0.029296875
0 0.6142578125 0.6240234375 0.037109375 0.041015625
0 0.97265625 0.60546875 0.01953125 0.01953125
0 0.94140625 0.5947265625 0.0234375 0.025390625
0 0.8134765625 0.595703125 0.033203125 0.0390625
0 0.3759765625 0.5791015625 0.017578125 0.017578125
0 0.966796875 0.5791015625 0.03125 0.029296875
0 0.2138671875 0.58203125 0.033203125 0.03515625
0 0.42578125 0.5751953125 0.05078125 0.041015625
0 0.8447265625 0.56640625 0.029296875 0.02734375
0 0.572265625 0.568359375 0.0390625 0.04296875
0 0.2861328125 0.5576171875 0.029296875 0.029296875
0 0.8828125 0.5419921875 0.03515625 0.033203125
0 0.1650390625 0.5458984375 0.068359375 0.060546875
0 0.2919921875 0.515625 0.017578125 0.015625
0 0.9248046875 0.5205078125 0.033203125 0.029296875
0 0.7060546875 0.5244140625 0.044921875 0.041015625
0 0.4951171875 0.51953125 0.033203125 0.03125
0 0.9150390625 0.4951171875 0.021484375 0.021484375
0 0.005859375 0.4912109375 0.01171875 0.013671875
0 0.9658203125 0.4951171875 0.033203125 0.029296875
0 0.849609375 0.4990234375 0.03515625 0.041015625
0 0.3330078125 0.4912109375 0.033203125 0.033203125
0 0.1044921875 0.48828125 0.025390625 0.03125
0 0.6767578125 0.4833984375 0.029296875 0.029296875
0 0.751953125 0.482421875 0.0390625 0.03125
0 0.138671875 0.48046875 0.0234375 0.02734375
0 0.9921875 0.4755859375 0.015625 0.021484375
0 0.2294921875 0.4765625 0.037109375 0.03515625
0 0.4130859375 0.4638671875 0.029296875 0.029296875
0 0.1171875 0.4541015625 0.02734375 0.025390625
0 0.8623046875 0.4560546875 0.021484375 0.033203125
0 0.642578125 0.44921875 0.0234375 0.0234375
0 0.3115234375 0.4501953125 0.025390625 0.025390625
0 0.25 0.4501953125 0.03125 0.029296875
0 0.0712890625 0.44140625 0.017578125 0.015625
0 0.392578125 0.439453125 0.01953125 0.01953125
0 0.771484375 0.4453125 0.03125 0.0390625
0 0.103515625 0.431640625 0.0234375 0.0234375
0 0.408203125 0.421875 0.01953125 0.01953125
0 0.443359375 0.4345703125 0.0390625 0.048828125
0 0.17578125 0.4150390625 0.0234375 0.025390625
0 0.283203125 0.416015625 0.03515625 0.03515625
0 0.0751953125 0.4140625 0.041015625 0.03125
0 0.478515625 0.412109375 0.03125 0.03125
0 0.376953125 0.4140625 0.03125 0.03515625
0 0.009765625 0.404296875 0.015625 0.015625
0 0.166015625 0.400390625 0.01953125 0.015625
0 0.875 0.4091796875 0.0234375 0.037109375
0 0.001953125 0.3935546875 0.00390625 0.005859375
0 0.197265625 0.400390625 0.0234375 0.0234375
0 0.0390625 0.3994140625 0.01953125 0.021484375
0 0.7841796875 0.4033203125 0.029296875 0.037109375
0 0.423828125 0.3916015625 0.0234375 0.021484375
0 0.359375 0.388671875 0.03125 0.03515625
0 0.4560546875 0.3828125 0.033203125 0.03125
0 0.2236328125 0.3779296875 0.021484375 0.021484375
0 0.1904296875 0.369140625 0.013671875 0.015625
0 0.14453125 0.3701171875 0.01953125 0.021484375
0 0.3427734375 0.3671875 0.029296875 0.03125
0 0.400390625 0.359375 0.01953125 0.01953125
0 0.3740234375 0.357421875 0.017578125 0.015625
0 0.88671875 0.365234375 0.0234375 0.0390625
0 0.626953125 0.375 0.07421875 0.05859375
0 0.2470703125 0.3525390625 0.033203125 0.029296875
0 0.431640625 0.349609375 0.0390625 0.02734375
0 0.96875 0.35546875 0.03515625 0.046875
0 0.12109375 0.3408203125 0.0234375 0.025390625
0 0.3251953125 0.3427734375 0.029296875 0.033203125
0 0.80078125 0.3486328125 0.03515625 0.048828125
0 0.5634765625 0.341796875 0.048828125 0.0390625
0 0.021484375 0.3251953125 0.03125 0.025390625
0 0.4140625 0.322265625 0.03125 0.03125
0 0.2080078125 0.3203125 0.033203125 0.03125
0 0.296875 0.3046875 0.02734375 0.02734375
0 0.146484375 0.310546875 0.04296875 0.0390625
0 0.189453125 0.294921875 0.02734375 0.02734375
0 0.5234375 0.2978515625 0.03125 0.037109375
0 0.072265625 0.2998046875 0.04296875 0.041015625
0 0.93359375 0.294921875 0.0390625 0.03515625
0 0.3896484375 0.2900390625 0.029296875 0.029296875
0 0.8154296875 0.291015625 0.033203125 0.0390625
0 0.2822265625 0.2763671875 0.048828125 0.025390625
0 0.771484375 0.271484375 0.02734375 0.0234375
0 0.169921875 0.2705078125 0.03125 0.029296875
0 0.1044921875 0.2685546875 0.025390625 0.025390625
0 0.1337890625 0.26171875 0.017578125 0.01953125
0 0.4990234375 0.265625 0.029296875 0.03515625
0 0.73828125 0.259765625 0.03515625 0.02734375
0 0.0078125 0.2587890625 0.015625 0.025390625
0 0.361328125 0.2587890625 0.03515625 0.037109375
0 0.7021484375 0.248046875 0.029296875 0.02734375
0 0.255859375 0.2509765625 0.03515625 0.033203125
0 0.15234375 0.240234375 0.03125 0.02734375
0 0.0322265625 0.2412109375 0.025390625 0.029296875
0 0.666015625 0.234375 0.03515625 0.02734375
0 0.533203125 0.232421875 0.03515625 0.03125
0 0.6298828125 0.2353515625 0.025390625 0.044921875
0 0.341796875 0.2275390625 0.0390625 0.029296875
0 0.267578125 0.220703125 0.01953125 0.01953125
0 0.2294921875 0.2197265625 0.025390625 0.029296875
0 0.0654296875 0.216796875 0.029296875 0.03125
0 0.8388671875 0.2109375 0.037109375 0.03515625
0 0.583984375 0.20703125 0.0390625 0.03125
0 0.80078125 0.203125 0.02734375 0.02734375
0 0.2724609375 0.197265625 0.013671875 0.015625
0 0.453125 0.203125 0.03515625 0.03125
0 0.322265625 0.2001953125 0.02734375 0.025390625
0 0.1123046875 0.19140625 0.029296875 0.02734375
0 0.0087890625 0.189453125 0.017578125 0.0234375
0 0.21484375 0.1943359375 0.03515625 0.037109375
0 0.978515625 0.1962890625 0.04296875 0.044921875
0 0.2470703125 0.1884765625 0.025390625 0.029296875
0 0.759765625 0.1845703125 0.02734375 0.041015625
0 0.490234375 0.1787109375 0.03515625 0.033203125
0 0.7255859375 0.1728515625 0.037109375 0.037109375
0 0.302734375 0.171875 0.02734375 0.03515625
0 0.6875 0.1669921875 0.03125 0.029296875
0 0.0322265625 0.166015625 0.029296875 0.03125
0 0.0947265625 0.1611328125 0.029296875 0.029296875
0 0.84765625 0.16015625 0.0234375 0.03515625
0 0.6474609375 0.15234375 0.025390625 0.03125
0 0.4736328125 0.1513671875 0.033203125 0.033203125
0 0.4130859375 0.1552734375 0.037109375 0.041015625
0 0.283203125 0.1484375 0.02734375 0.02734375
0 0.7236328125 0.1376953125 0.017578125 0.017578125
0 0.6171875 0.142578125 0.03515625 0.02734375
0 0.7080078125 0.1337890625 0.013671875 0.013671875
0 0.7802734375 0.1396484375 0.037109375 0.029296875
0 0.072265625 0.1376953125 0.02734375 0.025390625
0 0.2109375 0.1533203125 0.0625 0.072265625
0 0.7490234375 0.126953125 0.021484375 0.0234375
0 0.5810546875 0.1298828125 0.029296875 0.029296875
0 0.263671875 0.125 0.03125 0.02734375
0 0.4482421875 0.1220703125 0.037109375 0.025390625
0 0.544921875 0.12109375 0.02734375 0.02734375
0 0.390625 0.12109375 0.03125 0.03125
0 0.171875 0.1298828125 0.05859375 0.064453125
0 0.6953125 0.1083984375 0.0234375 0.025390625
0 0.552734375 0.0947265625 0.015625 0.017578125
0 0.2470703125 0.099609375 0.029296875 0.02734375
0 0.9794921875 0.0947265625 0.017578125 0.025390625
0 0.87890625 0.095703125 0.0234375 0.02734375
0 0.6572265625 0.09375 0.037109375 0.0234375
0 0.3662109375 0.091796875 0.025390625 0.02734375
0 0.5771484375 0.0859375 0.021484375 0.01953125
0 0.521484375 0.091796875 0.0234375 0.03125
0 0.4296875 0.0927734375 0.0234375 0.037109375
0 0.857421875 0.0810546875 0.01953125 0.021484375
0 0.6220703125 0.0849609375 0.025390625 0.029296875
0 0.185546875 0.078125 0.015625 0.01953125
0 0.8291015625 0.080078125 0.029296875 0.02734375
0 0.037109375 0.0830078125 0.02734375 0.033203125
0 0.146484375 0.0888671875 0.046875 0.052734375
0 0.2294921875 0.072265625 0.029296875 0.03125
0 0.798828125 0.0673828125 0.03125 0.025390625
0 0.5302734375 0.0634765625 0.017578125 0.017578125
0 0.99609375 0.0595703125 0.0078125 0.017578125
0 0.8896484375 0.064453125 0.029296875 0.02734375
0 0.501953125 0.0634765625 0.02734375 0.025390625
0 0.123046875 0.068359375 0.03515625 0.03515625
0 0.345703125 0.060546875 0.03125 0.03125
0 0.7705078125 0.0576171875 0.025390625 0.029296875
0 0.5810546875 0.0576171875 0.029296875 0.029296875
0 0.41015625 0.0576171875 0.03125 0.033203125
0 0.10546875 0.0517578125 0.03125 0.025390625
0 0.2109375 0.048828125 0.02734375 0.02734375
0 0.869140625 0.0439453125 0.01953125 0.021484375
0 0.48828125 0.0439453125 0.02734375 0.025390625
0 0.7353515625 0.04296875 0.025390625 0.03125
0 0.7060546875 0.037109375 0.033203125 0.02734375
0 0.3232421875 0.0361328125 0.033203125 0.033203125
0 0.5576171875 0.03125 0.025390625 0.02734375
0 0.0029296875 0.0224609375 0.005859375 0.009765625
0 0.6708984375 0.02734375 0.029296875 0.0234375
0 0.90625 0.025390625 0.02734375 0.02734375
0 0.1904296875 0.0244140625 0.033203125 0.029296875
0 0.083984375 0.0244140625 0.03125 0.033203125
0 0.7578125 0.0146484375 0.01953125 0.017578125
0 0.4658203125 0.015625 0.025390625 0.0234375
0 0.8818359375 0.0107421875 0.017578125 0.017578125
0 0.9130859375 0.0029296875 0.013671875 0.005859375
0 0.6376953125 0.0107421875 0.033203125 0.021484375
0 0.544921875 0.0078125 0.0234375 0.015625
0 0.4521484375 0.00390625 0.013671875 0.0078125
0 0.3740234375 0.01953125 0.052734375 0.0390625
0 0.30078125 0.0107421875 0.02734375 0.021484375
0 0.1328125 0.005859375 0.015625 0.01171875
0 0.0634765625 0.0068359375 0.021484375 0.013671875