0 0.0576171875 0.994140625 0.021484375 0.01171875
0 0.0234375 0.9921875 0.02734375 0.015625
0 0.83984375 0.9892578125 0.07421875 0.021484375
0 0.125 0.9892578125 0.03125 0.021484375
0 0.1962890625 0.9873046875 0.021484375 0.025390625
0 0.1669921875 0.9873046875 0.025390625 0.025390625
0 0.5927734375 0.9833984375 0.029296875 0.021484375
0 0.935546875 0.9833984375 0.01953125 0.029296875
0 0.283203125 0.984375 0.0234375 0.03125
0 0.2529296875 0.984375 0.025390625 0.03125
0 0.3173828125 0.9814453125 0.025390625 0.029296875
0 0.349609375 0.9765625 0.0234375 0.03125
0 0.7138671875 0.9775390625 0.037109375 0.044921875
0 0.3994140625 0.96484375 0.025390625 0.0390625
0 0.9833984375 0.9716796875 0.033203125 0.056640625
0 0.4384765625 0.955078125 0.025390625 0.03125
0 0.9326171875 0.947265625 0.017578125 0.02734375
0 0.732421875 0.947265625 0.01953125 0.0390625
0 0.53125 0.94140625 0.03515625 0.0390625
0 0.6416015625 0.9248046875 0.025390625 0.033203125
0 0.5771484375 0.923828125 0.029296875 0.03515625
0 0.8759765625 0.87890625 0.025390625 0.03125
0 0.9091796875 0.8720703125 0.029296875 0.029296875
0 0.8173828125 0.875 0.021484375 0.03515625
0 0.8486328125 0.8759765625 0.021484375 0.041015625
0 0.75390625 0.865234375 0.0234375 0.02734375
0 0.7080078125 0.8525390625 0.017578125 0.029296875
0 0.9794921875 0.86328125 0.041015625 0.0625
0 0.7275390625 0.849609375 0.017578125 0.03515625
0 0.6884765625 0.8486328125 0.017578125 0.037109375
0 0.6328125 0.8408203125 0.0234375 0.021484375
0 0.6630859375 0.83984375 0.021484375 0.03125
0 0.8251953125 0.8232421875 0.037109375 0.017578125
0 0.90234375 0.822265625 0.01953125 0.01953125
0 0.9775390625 0.8125 0.037109375 0.0234375
0 0.744140625 0.8095703125 0.03125 0.021484375
0 0.8232421875 0.8017578125 0.033203125 0.017578125
0 0.9072265625 0.79296875 0.021484375 0.0234375
0 0.599609375 0.8134765625 0.01953125 0.076171875
0 0.3115234375 0.822265625 0.048828125 0.09375
0 0.9736328125 0.783203125 0.037109375 0.0234375
0 0.7509765625 0.7802734375 0.037109375 0.025390625
0 0.505859375 0.80078125 0.06640625 0.0703125
0 0.5380859375 0.7734375 0.029296875 0.01953125
0 0.3681640625 0.77734375 0.048828125 0.046875
0 0.6943359375 0.759765625 0.029296875 0.0234375
0 0.8271484375 0.767578125 0.033203125 0.046875
0 0.90234375 0.7548828125 0.0390625 0.025390625
0 0.9716796875 0.75 0.021484375 0.01953125
0 0.7548828125 0.7490234375 0.025390625 0.029296875
0 0.5341796875 0.748046875 0.029296875 0.02734375
0 0.91015625 0.72265625 0.0234375 0.015625
0 0.97265625 0.720703125 0.01953125 0.01953125
0 0.5322265625 0.7216796875 0.025390625 0.029296875
0 0.7197265625 0.7041015625 0.017578125 0.017578125
0 0.4541015625 0.7216796875 0.068359375 0.068359375
0 0.904296875 0.6953125 0.03515625 0.01953125
0 0.755859375 0.6962890625 0.03125 0.021484375
0 0.599609375 0.6904296875 0.03515625 0.029296875
0 0.8310546875 0.681640625 0.033203125 0.0234375
0 0.9716796875 0.6865234375 0.029296875 0.044921875
0 0.5166015625 0.66796875 0.029296875 0.02734375
0 0.8974609375 0.662109375 0.033203125 0.0234375
0 0.646484375 0.6591796875 0.0234375 0.029296875
0 0.7353515625 0.6533203125 0.044921875 0.029296875
0 0.970703125 0.650390625 0.03515625 0.02734375
0 0.583984375 0.6552734375 0.02734375 0.041015625
0 0.5087890625 0.6435546875 0.025390625 0.025390625
0 0.3095703125 0.6787109375 0.099609375 0.103515625
0 0.892578125 0.634765625 0.03515625 0.01953125
0 0.8095703125 0.634765625 0.029296875 0.03125
0 0.6123046875 0.6318359375 0.025390625 0.025390625
0 0.412109375 0.6484375 0.0546875 0.06640625
0 0.4931640625 0.6201171875 0.029296875 0.017578125
0 0.6728515625 0.623046875 0.025390625 0.02734375
0 0.6953125 0.6171875 0.01953125 0.0234375
0 0.9599609375 0.61328125 0.021484375 0.0234375
0 0.888671875 0.6103515625 0.0234375 0.025390625
0 0.7255859375 0.6015625 0.029296875 0.03125
0 0.4853515625 0.6005859375 0.025390625 0.029296875
0 0.8759765625 0.5888671875 0.033203125 0.021484375
0 0.796875 0.5869140625 0.03125 0.029296875
0 0.5546875 0.5849609375 0.02734375 0.025390625
0 0.94921875 0.5810546875 0.0234375 0.029296875
0 0.4677734375 0.5771484375 0.021484375 0.021484375
0 0.599609375 0.5654296875 0.0234375 0.029296875
0 0.7900390625 0.5595703125 0.025390625 0.021484375
0 0.544921875 0.5546875 0.03125 0.0234375
0 0.623046875 0.55859375 0.02734375 0.03515625
0 0.083984375 0.576171875 0.16796875 0.07421875
0 0.865234375 0.5556640625 0.04296875 0.044921875
0 0.7041015625 0.5458984375 0.025390625 0.025390625
0 0.65625 0.548828125 0.02734375 0.03125
0 0.4013671875 0.5615234375 0.052734375 0.064453125
0 0.935546875 0.5380859375 0.02734375 0.025390625
0 0.4609375 0.5390625 0.02734375 0.02734375
0 0.998046875 0.517578125 0.00390625 0.00390625
0 0.8642578125 0.521484375 0.025390625 0.0234375
0 0.69921875 0.517578125 0.02734375 0.02734375
0 0.9306640625 0.5078125 0.033203125 0.0234375
0 0.5419921875 0.515625 0.048828125 0.05078125
0 0.7890625 0.51171875 0.046875 0.05078125
0 0.580078125 0.4951171875 0.0234375 0.025390625
0 0.8525390625 0.490234375 0.029296875 0.02734375
0 0.7744140625 0.490234375 0.037109375 0.03515625
0 0.341796875 0.498046875 0.06640625 0.05078125
0 0.6083984375 0.484375 0.025390625 0.02734375
0 0.9208984375 0.4794921875 0.033203125 0.029296875
0 0.6357421875 0.478515625 0.025390625 0.03125
0 0.03515625 0.482421875 0.0703125 0.05078125
0 0.6640625 0.4697265625 0.03125 0.033203125
0 0.759765625 0.4638671875 0.0234375 0.025390625
0 0.84765625 0.4599609375 0.03515625 0.025390625
0 0.4384765625 0.4638671875 0.025390625 0.033203125
0 0.6923828125 0.4619140625 0.025390625 0.033203125
0 0.990234375 0.4560546875 0.01953125 0.037109375
0 0.9091796875 0.44921875 0.029296875 0.0234375
0 0.75 0.435546875 0.0234375 0.0234375
0 0.83984375 0.4326171875 0.02734375 0.025390625
0 0.517578125 0.4375 0.0390625 0.0390625
0 0.90625 0.419921875 0.03125 0.02734375
0 0.828125 0.4111328125 0.03125 0.021484375
0 0.990234375 0.4130859375 0.01953125 0.033203125
0 0.298828125 0.4130859375 0.03515625 0.037109375
0 0.5771484375 0.41015625 0.029296875 0.03515625
0 0.1044921875 0.4091796875 0.111328125 0.041015625
0 0.6083984375 0.3994140625 0.021484375 0.025390625
0 0.25390625 0.3974609375 0.03125 0.021484375
0 0.8994140625 0.396484375 0.037109375 0.0234375
0 0.52734375 0.396484375 0.02734375 0.0234375
0 0.6376953125 0.3857421875 0.029296875 0.033203125
0 0.9775390625 0.3779296875 0.037109375 0.021484375
0 0.7314453125 0.3759765625 0.021484375 0.017578125
0 0.7841796875 0.3623046875 0.021484375 0.017578125
0 0.7568359375 0.365234375 0.025390625 0.0234375
0 0.5361328125 0.3671875 0.033203125 0.02734375
0 0.6640625 0.3642578125 0.0234375 0.025390625
0 0.4677734375 0.3642578125 0.029296875 0.033203125
0 0.2119140625 0.36328125 0.029296875 0.03125
0 0.80859375 0.35546875 0.0234375 0.01953125
0 0.833984375 0.349609375 0.0234375 0.01953125
0 0.3994140625 0.388671875 0.072265625 0.09765625
0 0.8623046875 0.33984375 0.029296875 0.0234375
0 0.54296875 0.3330078125 0.02734375 0.021484375
0 0.35546875 0.3369140625 0.02734375 0.029296875
0 0.8955078125 0.33203125 0.029296875 0.02734375
0 0.9248046875 0.3251953125 0.025390625 0.021484375
0 0.4765625 0.3232421875 0.015625 0.017578125
0 0.6513671875 0.32421875 0.021484375 0.02734375
0 0.443359375 0.328125 0.03515625 0.03515625
0 0.1865234375 0.3291015625 0.033203125 0.037109375
0 0.9609375 0.314453125 0.02734375 0.0234375
0 0.3369140625 0.3193359375 0.033203125 0.037109375
0 0.98828125 0.306640625 0.0234375 0.0234375
0 0.6396484375 0.294921875 0.025390625 0.02734375
0 0.5400390625 0.2978515625 0.021484375 0.033203125
0 0.4150390625 0.2958984375 0.025390625 0.029296875
0 0.1591796875 0.294921875 0.033203125 0.03125
0 0.017578125 0.3271484375 0.03515625 0.099609375
0 0.708984375 0.2861328125 0.03125 0.021484375
0 0.296875 0.291015625 0.03125 0.03515625
0 0.744140625 0.2802734375 0.03125 0.025390625
0 0.46875 0.2783203125 0.02734375 0.029296875
0 0.7783203125 0.26953125 0.029296875 0.0234375
0 0.5380859375 0.2666015625 0.021484375 0.017578125
0 0.388671875 0.2744140625 0.02734375 0.033203125
0 0.6318359375 0.2666015625 0.025390625 0.025390625
0 0.2666015625 0.2626953125 0.025390625 0.029296875
0 0.8115234375 0.2578125 0.029296875 0.0234375
0 0.134765625 0.26171875 0.02734375 0.03125
0 0.8564453125 0.25 0.029296875 0.02734375
0 0.8876953125 0.2421875 0.029296875 0.02734375
0 0.4619140625 0.2431640625 0.029296875 0.033203125
0 0.357421875 0.2412109375 0.03125 0.033203125
0 0.6181640625 0.2314453125 0.033203125 0.025390625
0 0.5302734375 0.2333984375 0.033203125 0.029296875
0 0.935546875 0.23046875 0.05078125 0.02734375
0 0.6923828125 0.2236328125 0.029296875 0.025390625
0 0.337890625 0.224609375 0.03125 0.03125
0 0.111328125 0.224609375 0.02734375 0.03515625
0 0.9873046875 0.216796875 0.025390625 0.02734375
0 0.728515625 0.2109375 0.0234375 0.01953125
0 0.451171875 0.212890625 0.03125 0.03125
0 0.216796875 0.2099609375 0.02734375 0.029296875
0 0.765625 0.201171875 0.0234375 0.0234375
0 0.521484375 0.203125 0.02734375 0.03125
0 0.6083984375 0.1962890625 0.029296875 0.029296875
0 0.796875 0.1923828125 0.03125 0.025390625
0 0.83203125 0.18359375 0.03125 0.0234375
0 0.2919921875 0.1875 0.029296875 0.03125
0 0.439453125 0.18359375 0.02734375 0.03125
0 0.103515625 0.1796875 0.01953125 0.03125
0 0.19921875 0.1767578125 0.02734375 0.029296875
0 0.509765625 0.16796875 0.0234375 0.0234375
0 0.599609375 0.1611328125 0.02734375 0.025390625
0 0.908203125 0.16015625 0.03515625 0.03125
0 0.0400390625 0.158203125 0.021484375 0.03515625
0 0.990234375 0.1396484375 0.01953125 0.021484375
0 0.9638671875 0.140625 0.025390625 0.03515625
0 0.501953125 0.1357421875 0.02734375 0.025390625
0 0.26171875 0.1337890625 0.01953125 0.021484375
0 0.9033203125 0.1328125 0.029296875 0.02734375
0 0.3984375 0.13671875 0.03125 0.03515625
0 0.1943359375 0.134765625 0.021484375 0.03125
0 0.1064453125 0.134765625 0.021484375 0.03125
0 0.5908203125 0.1298828125 0.029296875 0.025390625
0 0.6650390625 0.1298828125 0.037109375 0.029296875
0 0.7041015625 0.1181640625 0.029296875 0.025390625
0 0.5263671875 0.1142578125 0.025390625 0.021484375
0 0.0458984375 0.11328125 0.021484375 0.03125
0 0.267578125 0.1015625 0.01953125 0.02734375
0 0.58203125 0.099609375 0.02734375 0.02734375
0 0.4951171875 0.1015625 0.033203125 0.0390625
0 0.19921875 0.095703125 0.01953125 0.02734375
0 0.9560546875 0.0947265625 0.021484375 0.029296875
0 0.7333984375 0.08984375 0.025390625 0.0234375
0 0.111328125 0.0927734375 0.01953125 0.029296875
0 0.80078125 0.0927734375 0.03515625 0.033203125
0 0.833984375 0.078125 0.03125 0.02734375
0 0.763671875 0.08203125 0.0234375 0.03515625
0 0.57421875 0.0703125 0.02734375 0.03125
0 0.6455078125 0.0673828125 0.037109375 0.037109375
0 0.380859375 0.0634765625 0.0234375 0.029296875
0 0.05078125 0.0625 0.01953125 0.03125
0 0.8662109375 0.060546875 0.041015625 0.03125
0 0.1806640625 0.0546875 0.025390625 0.01953125
0 0.275390625 0.0556640625 0.0234375 0.029296875
0 0.1435546875 0.0517578125 0.025390625 0.021484375
0 0.46484375 0.0537109375 0.0390625 0.029296875
0 0.955078125 0.0556640625 0.01953125 0.041015625
0 0.6923828125 0.046875 0.037109375 0.0390625
0 0.0048828125 0.0361328125 0.009765625 0.021484375
0 0.455078125 0.0322265625 0.03515625 0.029296875
0 0.3134765625 0.02734375 0.029296875 0.02734375
0 0.6328125 0.0224609375 0.03515625 0.029296875
0 0.873046875 0.021484375 0.0390625 0.03515625
0 0.548828125 0.013671875 0.02734375 0.0234375
0 0.435546875 0.0146484375 0.02734375 0.025390625
0 0.796875 0.0068359375 0.03125 0.013671875
0 0.7412109375 0.0087890625 0.037109375 0.017578125
0 0.3369140625 0.0068359375 0.025390625 0.013671875