0 0.2998046875 0.998046875 0.005859375 0.00390625
0 0.986328125 0.9970703125 0.015625 0.005859375
0 0.2861328125 0.9970703125 0.009765625 0.005859375
0 0.02734375 0.9970703125 0.01953125 0.005859375
0 0.42578125 0.994140625 0.015625 0.01171875
0 0.1845703125 0.9931640625 0.033203125 0.013671875
0 0.4921875 0.990234375 0.05078125 0.01953125
0 0.087890625 0.990234375 0.01953125 0.01953125
0 0.0244140625 0.98046875 0.013671875 0.01171875
0 0.2734375 0.982421875 0.02734375 0.03125
0 0.4599609375 0.9677734375 0.017578125 0.017578125
0 0.51953125 0.96484375 0.03515625 0.03515625
0 0.076171875 0.9580078125 0.0234375 0.025390625
0 0.2529296875 0.958984375 0.029296875 0.03125
0 0.154296875 0.9580078125 0.02734375 0.029296875
0 0.017578125 0.951171875 0.01953125 0.0234375
0 0.107421875 0.9462890625 0.015625 0.017578125
0 0.2666015625 0.92578125 0.009765625 0.0078125
0 0.130859375 0.935546875 0.03125 0.03125
0 0.2431640625 0.9287109375 0.033203125 0.029296875
0 0.3505859375 0.9140625 0.017578125 0.01953125
0 0.1083984375 0.912109375 0.021484375 0.0234375
0 0.0703125 0.908203125 0.015625 0.01953125
0 0.28515625 0.91015625 0.02734375 0.02734375
0 0.1962890625 0.900390625 0.041015625 0.0390625
0 0.3115234375 0.890625 0.029296875 0.03515625
0 0.0966796875 0.8876953125 0.029296875 0.029296875
0 0.3359375 0.8759765625 0.03125 0.033203125
0 0.005859375 0.8681640625 0.01171875 0.017578125
0 0.025390625 0.8642578125 0.015625 0.017578125
0 0.1708984375 0.87109375 0.041015625 0.0390625
0 0.248046875 0.8603515625 0.02734375 0.025390625
0 0.439453125 0.8525390625 0.015625 0.013671875
0 0.3642578125 0.8603515625 0.029296875 0.033203125
0 0.015625 0.8515625 0.015625 0.015625
0 0.146484375 0.8466796875 0.03125 0.029296875
0 0.462890625 0.8349609375 0.015625 0.017578125
0 0.2060546875 0.8408203125 0.025390625 0.029296875
0 0.3837890625 0.837890625 0.025390625 0.02734375
0 0.275390625 0.837890625 0.0234375 0.02734375
0 0.0537109375 0.8408203125 0.033203125 0.033203125
0 0.1640625 0.8232421875 0.01953125 0.017578125
0 0.41015625 0.833984375 0.03515625 0.046875
0 0.296875 0.82421875 0.0234375 0.02734375
0 0.033203125 0.8212890625 0.03515625 0.033203125
0 0.4326171875 0.8115234375 0.029296875 0.037109375
0 0.322265625 0.8037109375 0.02734375 0.025390625
0 0.0224609375 0.7978515625 0.025390625 0.025390625
0 0.2080078125 0.796875 0.025390625 0.02734375
0 0.1171875 0.7939453125 0.03125 0.029296875
0 0.4560546875 0.7919921875 0.033203125 0.037109375
0 0.3505859375 0.7822265625 0.029296875 0.029296875
0 0.2255859375 0.779296875 0.029296875 0.03125
0 0.0908203125 0.775390625 0.029296875 0.0234375
0 0.005859375 0.7685546875 0.01171875 0.021484375
0 0.486328125 0.76953125 0.03125 0.02734375
0 0.369140625 0.76953125 0.01953125 0.02734375
0 0.8251953125 0.8759765625 0.294921875 0.248046875
0 0.25 0.76171875 0.02734375 0.03125
0 0.146484375 0.763671875 0.03515625 0.03515625
0 0.4033203125 0.7529296875 0.021484375 0.025390625
0 0.0751953125 0.7529296875 0.033203125 0.033203125
0 0.97265625 0.748046875 0.03515625 0.02734375
0 0.3779296875 0.73828125 0.017578125 0.01953125
0 0.1728515625 0.7392578125 0.025390625 0.025390625
0 0.4287109375 0.734375 0.021484375 0.0234375
0 0.0546875 0.7353515625 0.02734375 0.025390625
0 0.939453125 0.736328125 0.03125 0.03125
0 0.1474609375 0.724609375 0.017578125 0.01953125
0 0.896484375 0.7197265625 0.02734375 0.025390625
0 0.197265625 0.7197265625 0.02734375 0.029296875
0 0.8662109375 0.7099609375 0.021484375 0.021484375
0 0.037109375 0.712890625 0.02734375 0.02734375
0 0.818359375 0.6982421875 0.03515625 0.025390625
0 0.220703125 0.69921875 0.02734375 0.02734375
0 0.091796875 0.69140625 0.02734375 0.02734375
0 0.11328125 0.6708984375 0.0234375 0.025390625
0 0.2041015625 0.6650390625 0.017578125 0.021484375
0 0.1748046875 0.662109375 0.013671875 0.015625
0 0.1318359375 0.6513671875 0.025390625 0.025390625
0 0.0380859375 0.6416015625 0.029296875 0.033203125
0 0.1572265625 0.634765625 0.029296875 0.02734375
0 0.6689453125 0.625 0.037109375 0.0234375
0 0.0673828125 0.6220703125 0.025390625 0.025390625
0 0.0107421875 0.619140625 0.021484375 0.03125
0 0.0400390625 0.607421875 0.017578125 0.015625
0 0.6279296875 0.6064453125 0.025390625 0.025390625
0 0.0830078125 0.599609375 0.025390625 0.0234375
0 0.97265625 0.595703125 0.02734375 0.02734375
0 0.0029296875 0.587890625 0.005859375 0.01171875
0 0.9345703125 0.5947265625 0.029296875 0.033203125
0 0.1103515625 0.5888671875 0.021484375 0.025390625
0 0.8955078125 0.591796875 0.025390625 0.03515625
0 0.861328125 0.5849609375 0.02734375 0.025390625
0 0.5947265625 0.5830078125 0.025390625 0.025390625
0 0.8251953125 0.5810546875 0.029296875 0.025390625
0 0.7861328125 0.5849609375 0.029296875 0.037109375
0 0.75390625 0.5791015625 0.02734375 0.033203125
0 0.7138671875 0.5703125 0.025390625 0.03515625
0 0.017578125 0.5673828125 0.03515625 0.037109375
0 0.5703125 0.5546875 0.03515625 0.02734375
0 0.6611328125 0.544921875 0.037109375 0.0234375
0 0.9443359375 0.525390625 0.017578125 0.01953125
0 0.9853515625 0.5244140625 0.029296875 0.021484375
0 0.609375 0.529296875 0.0390625 0.03125
0 0.9287109375 0.5185546875 0.009765625 0.013671875
0 0.8955078125 0.5146484375 0.033203125 0.021484375
0 0.8525390625 0.5126953125 0.033203125 0.029296875
0 0.8017578125 0.5087890625 0.037109375 0.025390625
0 0.744140625 0.505859375 0.02734375 0.0234375
0 0.5302734375 0.505859375 0.037109375 0.0390625
0 0.724609375 0.494140625 0.015625 0.0234375
0 0.0048828125 0.4931640625 0.009765625 0.021484375
0 0.50390625 0.482421875 0.03125 0.03125
0 0.99609375 0.4677734375 0.0078125 0.013671875
0 0.689453125 0.470703125 0.03515625 0.0234375
0 0.015625 0.47265625 0.0234375 0.02734375
0 0.5634765625 0.474609375 0.029296875 0.0390625
0 0.7431640625 0.4609375 0.048828125 0.0234375
0 0.798828125 0.45703125 0.04296875 0.02734375
0 0.48828125 0.4541015625 0.0390625 0.029296875
0 0.9677734375 0.4462890625 0.048828125 0.037109375
0 0.84765625 0.439453125 0.03515625 0.0234375
0 0.5966796875 0.447265625 0.029296875 0.0390625
0 0.8916015625 0.4228515625 0.033203125 0.025390625
0 0.51953125 0.423828125 0.02734375 0.03125
0 0.630859375 0.4208984375 0.03125 0.033203125
0 0.666015625 0.400390625 0.03515625 0.0234375
0 0.92578125 0.400390625 0.02734375 0.02734375
0 0.5546875 0.3984375 0.03125 0.03125
0 0.7099609375 0.3935546875 0.033203125 0.029296875
0 0.75 0.3876953125 0.03515625 0.033203125
0 0.421875 0.38671875 0.0390625 0.03515625
0 0.7890625 0.3798828125 0.02734375 0.037109375
0 0.5869140625 0.373046875 0.037109375 0.02734375
0 0.4560546875 0.37109375 0.029296875 0.02734375
0 0.828125 0.3701171875 0.0390625 0.033203125
0 0.98828125 0.3603515625 0.0234375 0.029296875
0 0.8671875 0.35546875 0.0390625 0.03125
0 0.619140625 0.3505859375 0.0234375 0.021484375
0 0.4892578125 0.3466796875 0.029296875 0.029296875
0 0.6572265625 0.3369140625 0.029296875 0.025390625
0 0.439453125 0.3349609375 0.01953125 0.021484375
0 0.701171875 0.3291015625 0.02734375 0.017578125
0 0.9013671875 0.3349609375 0.037109375 0.037109375
0 0.3828125 0.341796875 0.03125 0.05078125
0 0.7392578125 0.322265625 0.029296875 0.01953125
0 0.7861328125 0.322265625 0.037109375 0.02734375
0 0.5185546875 0.3232421875 0.029296875 0.029296875
0 0.4267578125 0.3095703125 0.017578125 0.017578125
0 0.46875 0.306640625 0.01953125 0.01953125
0 0.9384765625 0.30859375 0.037109375 0.03515625
0 0.5400390625 0.30078125 0.017578125 0.01953125
0 0.3642578125 0.306640625 0.033203125 0.03125
0 0.8310546875 0.3017578125 0.033203125 0.029296875
0 0.4541015625 0.2880859375 0.017578125 0.017578125
0 0.498046875 0.2841796875 0.01953125 0.017578125
0 0.5732421875 0.2880859375 0.037109375 0.029296875
0 0.396484375 0.2822265625 0.03125 0.029296875
0 0.8671875 0.2783203125 0.02734375 0.025390625
0 0.9794921875 0.279296875 0.041015625 0.03125
0 0.904296875 0.2578125 0.0390625 0.02734375
0 0.5458984375 0.2587890625 0.025390625 0.029296875
0 0.423828125 0.2578125 0.03125 0.03125
0 0.6923828125 0.2490234375 0.021484375 0.021484375
0 0.3154296875 0.24609375 0.029296875 0.02734375
0 0.64453125 0.24609375 0.03125 0.03125
0 0.7392578125 0.2412109375 0.017578125 0.029296875
0 0.458984375 0.236328125 0.03125 0.03125
0 0.529296875 0.228515625 0.0234375 0.0234375
0 0.4814453125 0.224609375 0.017578125 0.015625
0 0.951171875 0.23046875 0.03515625 0.03515625
0 0.005859375 0.2177734375 0.01171875 0.021484375
0 0.279296875 0.2197265625 0.02734375 0.029296875
0 0.341796875 0.21484375 0.03125 0.02734375
0 0.6220703125 0.21484375 0.033203125 0.03515625
0 0.5 0.2021484375 0.03515625 0.029296875
0 0.3740234375 0.1953125 0.025390625 0.02734375
0 0.7314453125 0.1953125 0.025390625 0.03125
0 0.833984375 0.1923828125 0.02734375 0.037109375
0 0.5966796875 0.1826171875 0.029296875 0.025390625
0 0.3271484375 0.177734375 0.017578125 0.015625
0 0.8671875 0.177734375 0.02734375 0.02734375
0 0.4052734375 0.169921875 0.029296875 0.03125
0 0.6376953125 0.1630859375 0.017578125 0.021484375
0 0.8974609375 0.1572265625 0.029296875 0.029296875
0 0.4326171875 0.1474609375 0.029296875 0.025390625
0 0.810546875 0.150390625 0.03125 0.03515625
0 0.6943359375 0.14453125 0.037109375 0.03125
0 0.3779296875 0.134765625 0.021484375 0.0234375
0 0.580078125 0.138671875 0.02734375 0.03515625
0 0.9365234375 0.1298828125 0.025390625 0.029296875
0 0.466796875 0.123046875 0.0234375 0.0234375
0 0.4130859375 0.111328125 0.021484375 0.01953125
0 0.6708984375 0.1103515625 0.029296875 0.025390625
0 0.4384765625 0.10546875 0.017578125 0.015625
0 0.7890625 0.11328125 0.03125 0.03515625
0 0.2080078125 0.1318359375 0.068359375 0.072265625
0 0.501953125 0.0966796875 0.03515625 0.029296875
0 0.9140625 0.087890625 0.02734375 0.03125
0 0.9921875 0.0849609375 0.015625 0.029296875
0 0.62890625 0.0771484375 0.03515625 0.025390625
0 0.763671875 0.0751953125 0.03125 0.037109375
0 0.8046875 0.0595703125 0.015625 0.017578125
0 0.53125 0.0654296875 0.03125 0.033203125
0 0.1376953125 0.08203125 0.087890625 0.0859375
0 0.8798828125 0.0537109375 0.041015625 0.037109375
0 0.724609375 0.046875 0.03125 0.03125
0 0.9794921875 0.0400390625 0.033203125 0.037109375
0 0.5576171875 0.025390625 0.025390625 0.02734375
0 0.5263671875 0.013671875 0.017578125 0.01953125
0 0.9619140625 0.0048828125 0.017578125 0.009765625
0 0.8447265625 0.013671875 0.033203125 0.02734375
0 0.6884765625 0.0146484375 0.033203125 0.029296875
0 0.5791015625 0.00390625 0.013671875 0.0078125
0 0.4423828125 0.0107421875 0.037109375 0.021484375