0 0.078125 0.357421875 0.0703125 0.0546875
0 0.0869140625 0.2841796875 0.169921875 0.111328125
0 0.2802734375 0.2412109375 0.263671875 0.146484375
0 0.03515625 0.1689453125 0.0703125 0.107421875
0 0.22265625 0.1123046875 0.0625 0.048828125
0 0.626953125 0.1005859375 0.1484375 0.099609375
0 0.474609375 0.1376953125 0.140625 0.177734375
0 0.015625 0.072265625 0.03125 0.08203125
0 0.86328125 0.01953125 0.09765625 0.0390625
0 0.7490234375 0.013671875 0.076171875 0.02734375
0 0.6474609375 0.025390625 0.103515625 0.05078125
0 0.423828125 0.03125 0.13671875 0.0625
0 0.134765625 0.0673828125 0.0546875 0.134765625