0 0.5009765625 0.998046875 0.009765625 0.00390625
0 0.255859375 0.9931640625 0.03125 0.013671875
0 0.4111328125 0.9912109375 0.033203125 0.017578125
0 0.935546875 0.9833984375 0.01953125 0.021484375
0 0.71484375 0.984375 0.02734375 0.0234375
0 0.81640625 0.9853515625 0.01953125 0.029296875
0 0.654296875 0.9833984375 0.03515625 0.025390625
0 0.556640625 0.9833984375 0.0390625 0.029296875
0 0.7685546875 0.9794921875 0.025390625 0.029296875
0 0.05078125 0.9736328125 0.015625 0.017578125
0 0.482421875 0.97265625 0.02734375 0.03515625
0 0.9775390625 0.9580078125 0.013671875 0.017578125
0 0.1162109375 0.9580078125 0.017578125 0.017578125
0 0.876953125 0.9619140625 0.0234375 0.041015625
0 0.021484375 0.9541015625 0.03125 0.033203125
0 0.9111328125 0.9423828125 0.029296875 0.025390625
0 0.9501953125 0.9384765625 0.025390625 0.025390625
0 0.0712890625 0.935546875 0.041015625 0.03125
0 0.330078125 0.9326171875 0.03515625 0.029296875
0 0.982421875 0.9306640625 0.0234375 0.033203125
0 0.193359375 0.91796875 0.01953125 0.01953125
0 0.1171875 0.9248046875 0.03125 0.041015625
0 0.3798828125 0.8994140625 0.033203125 0.037109375
0 0.166015625 0.890625 0.03125 0.03125
0 0.4287109375 0.888671875 0.037109375 0.03125
0 0.3115234375 0.8662109375 0.017578125 0.017578125
0 0.21875 0.859375 0.02734375 0.02734375
0 0.2451171875 0.84375 0.029296875 0.03125
0 0.876953125 0.8359375 0.02734375 0.02734375
0 0.3095703125 0.830078125 0.017578125 0.01953125
0 0.0224609375 0.8359375 0.037109375 0.03125
0 0.39453125 0.8310546875 0.03125 0.029296875
0 0.81640625 0.833984375 0.0390625 0.04296875
0 0.53125 0.84375 0.03515625 0.0625
0 0.283203125 0.8232421875 0.03125 0.029296875
0 0.0712890625 0.822265625 0.029296875 0.02734375
0 0.64453125 0.8251953125 0.03125 0.037109375
0 0.3681640625 0.8095703125 0.025390625 0.017578125
0 0.115234375 0.8076171875 0.03125 0.029296875
0 0.9091796875 0.80859375 0.037109375 0.03515625
0 0.0400390625 0.794921875 0.025390625 0.01953125
0 0.5615234375 0.7958984375 0.048828125 0.044921875
0 0.486328125 0.7919921875 0.0390625 0.037109375
0 0.3828125 0.787109375 0.02734375 0.02734375
0 0.880859375 0.7763671875 0.0390625 0.037109375
0 0.3642578125 0.765625 0.029296875 0.0234375
0 0.458984375 0.7646484375 0.03125 0.033203125
0 0.1953125 0.7626953125 0.03515625 0.033203125
0 0.9970703125 0.7490234375 0.005859375 0.017578125
0 0.0048828125 0.7490234375 0.009765625 0.025390625
0 0.7548828125 0.75390625 0.041015625 0.046875
0 0.060546875 0.736328125 0.0234375 0.0234375
0 0.669921875 0.7451171875 0.04296875 0.044921875
0 0.4873046875 0.732421875 0.021484375 0.0234375
0 0.1357421875 0.7373046875 0.037109375 0.033203125
0 0.02734375 0.7333984375 0.03125 0.025390625
0 0.8427734375 0.7373046875 0.041015625 0.041015625
0 0.4365234375 0.7314453125 0.029296875 0.029296875
0 0.2255859375 0.720703125 0.052734375 0.03515625
0 0.9560546875 0.7119140625 0.048828125 0.033203125
0 0.5361328125 0.7021484375 0.017578125 0.017578125
0 0.63671875 0.7109375 0.03125 0.0390625
0 0.8095703125 0.7080078125 0.037109375 0.037109375
0 0.4794921875 0.7021484375 0.033203125 0.033203125
0 0.7275390625 0.6845703125 0.025390625 0.025390625
0 0.234375 0.67578125 0.02734375 0.03125
0 0.7646484375 0.673828125 0.041015625 0.0390625
0 0.537109375 0.669921875 0.03125 0.03125
0 0.9130859375 0.66796875 0.048828125 0.0390625
0 0.9814453125 0.6728515625 0.037109375 0.056640625
0 0.27734375 0.650390625 0.0390625 0.0390625
0 0.572265625 0.6435546875 0.03125 0.029296875
0 0.6669921875 0.640625 0.033203125 0.03515625
0 0.8720703125 0.6298828125 0.029296875 0.029296875
0 0.4462890625 0.6123046875 0.029296875 0.033203125
0 0.841796875 0.6015625 0.02734375 0.02734375
0 0.71875 0.609375 0.0390625 0.04296875
0 0.6337890625 0.59765625 0.041015625 0.0390625
0 0.931640625 0.595703125 0.04296875 0.0390625
0 0.478515625 0.591796875 0.02734375 0.03515625
0 0.33203125 0.5859375 0.0390625 0.0390625
0 0.896484375 0.568359375 0.03125 0.03515625
0 0.517578125 0.568359375 0.02734375 0.03515625
0 0.818359375 0.5673828125 0.0390625 0.037109375
0 0.6826171875 0.5693359375 0.037109375 0.041015625
0 0.0849609375 0.59765625 0.169921875 0.09765625
0 0.5498046875 0.548828125 0.029296875 0.02734375
0 0.455078125 0.54296875 0.02734375 0.02734375
0 0.9736328125 0.5341796875 0.025390625 0.025390625
0 0.3115234375 0.533203125 0.021484375 0.0234375
0 0.7900390625 0.5400390625 0.037109375 0.041015625
0 0.8671875 0.52734375 0.02734375 0.02734375
0 0.349609375 0.517578125 0.0234375 0.01953125
0 0.98046875 0.5078125 0.01953125 0.01953125
0 0.9462890625 0.5029296875 0.029296875 0.033203125
0 0.8447265625 0.5009765625 0.029296875 0.029296875
0 0.60546875 0.5 0.0546875 0.03515625
0 0.7490234375 0.49609375 0.037109375 0.03515625
0 0.060546875 0.4814453125 0.015625 0.017578125
0 0.0263671875 0.490234375 0.033203125 0.03515625
0 0.826171875 0.4716796875 0.03125 0.025390625
0 0.3154296875 0.474609375 0.025390625 0.03125
0 0.0751953125 0.46875 0.033203125 0.03125
0 0.93359375 0.4638671875 0.0390625 0.033203125
0 0.576171875 0.462890625 0.0390625 0.03125
0 0.896484375 0.4541015625 0.02734375 0.025390625
0 0.716796875 0.4560546875 0.04296875 0.041015625
0 0.998046875 0.4296875 0.00390625 0.00390625
0 0.0029296875 0.4296875 0.005859375 0.0078125
0 0.482421875 0.439453125 0.03125 0.03125
0 0.1318359375 0.4423828125 0.041015625 0.037109375
0 0.8701171875 0.435546875 0.029296875 0.02734375
0 0.3466796875 0.427734375 0.033203125 0.03515625
0 0.5400390625 0.41796875 0.037109375 0.03515625
0 0.849609375 0.41015625 0.02734375 0.03125
0 0.6767578125 0.4111328125 0.037109375 0.033203125
0 0.0302734375 0.408203125 0.033203125 0.03125
0 0.3828125 0.404296875 0.03125 0.03515625
0 0.2080078125 0.4013671875 0.033203125 0.037109375
0 0.0849609375 0.38671875 0.044921875 0.02734375
0 0.4150390625 0.38671875 0.029296875 0.03125
0 0.83203125 0.384765625 0.0390625 0.0390625
0 0.505859375 0.3798828125 0.0390625 0.033203125
0 0.2626953125 0.3779296875 0.029296875 0.033203125
0 0.7470703125 0.3701171875 0.029296875 0.029296875
0 0.638671875 0.3701171875 0.03515625 0.029296875
0 0.439453125 0.380859375 0.03125 0.05078125
0 0.140625 0.3671875 0.04296875 0.03125
0 0.802734375 0.359375 0.02734375 0.02734375
0 0.2958984375 0.359375 0.037109375 0.02734375
0 0.4560546875 0.3505859375 0.017578125 0.017578125
0 0.67578125 0.3466796875 0.03125 0.029296875
0 0.4794921875 0.349609375 0.025390625 0.03515625
0 0.9921875 0.3447265625 0.015625 0.029296875
0 0.3310546875 0.33984375 0.037109375 0.03515625
0 0.005859375 0.3330078125 0.01171875 0.021484375
0 0.5966796875 0.328125 0.029296875 0.02734375
0 0.365234375 0.326171875 0.03125 0.02734375
0 0.7099609375 0.3212890625 0.025390625 0.029296875
0 0.7841796875 0.3203125 0.037109375 0.03125
0 0.0283203125 0.3173828125 0.029296875 0.025390625
0 0.935546875 0.318359375 0.03125 0.03515625
0 0.2109375 0.3134765625 0.03125 0.029296875
0 0.6376953125 0.3046875 0.029296875 0.02734375
0 0.6044921875 0.2998046875 0.017578125 0.017578125
0 0.5673828125 0.296875 0.037109375 0.03125
0 0.27734375 0.2919921875 0.03125 0.029296875
0 0.078125 0.291015625 0.04296875 0.03125
0 0.4189453125 0.28125 0.033203125 0.02734375
0 0.943359375 0.2763671875 0.0234375 0.021484375
0 0.8740234375 0.2666015625 0.017578125 0.017578125
0 0.3125 0.2734375 0.03125 0.03125
0 0.1240234375 0.2705078125 0.041015625 0.029296875
0 0.751953125 0.2763671875 0.0546875 0.048828125
0 0.6826171875 0.2666015625 0.041015625 0.041015625
0 0.5498046875 0.2587890625 0.037109375 0.037109375
0 0.3564453125 0.251953125 0.037109375 0.0234375
0 0.921875 0.2529296875 0.03515625 0.033203125
0 0.16796875 0.25 0.0390625 0.03125
0 0.58984375 0.2314453125 0.0234375 0.021484375
0 0.21484375 0.232421875 0.0390625 0.0234375
0 0.392578125 0.23828125 0.03515625 0.0390625
0 0.513671875 0.224609375 0.03515625 0.03125
0 0.181640625 0.208984375 0.01953125 0.01171875
0 0.900390625 0.2158203125 0.03515625 0.033203125
0 0.2705078125 0.2099609375 0.029296875 0.025390625
0 0.876953125 0.193359375 0.0390625 0.03515625
0 0.3037109375 0.1826171875 0.041015625 0.037109375
0 0.06640625 0.1787109375 0.0234375 0.033203125
0 0.1103515625 0.1728515625 0.033203125 0.025390625
0 0.015625 0.1748046875 0.03125 0.033203125
0 0.4814453125 0.1748046875 0.048828125 0.041015625
0 0.1630859375 0.1650390625 0.041015625 0.025390625
0 0.8623046875 0.166015625 0.029296875 0.03125
0 0.2333984375 0.1640625 0.021484375 0.03515625
0 0.43359375 0.1455078125 0.03125 0.037109375
0 0.8447265625 0.138671875 0.029296875 0.02734375
0 0.3876953125 0.109375 0.025390625 0.02734375
0 0.810546875 0.1103515625 0.04296875 0.037109375
0 0.01953125 0.0849609375 0.02734375 0.025390625
0 0.27734375 0.078125 0.015625 0.01953125
0 0.193359375 0.076171875 0.0234375 0.01953125
0 0.435546875 0.078125 0.0234375 0.02734375
0 0.0673828125 0.078125 0.029296875 0.03125
0 0.123046875 0.078125 0.0234375 0.03515625
0 0.3095703125 0.076171875 0.041015625 0.03515625
0 0.701171875 0.0771484375 0.046875 0.041015625
0 0.236328125 0.068359375 0.03125 0.03515625
0 0.7978515625 0.0625 0.029296875 0.02734375
0 0.4140625 0.041015625 0.03515625 0.0390625
0 0.755859375 0.0263671875 0.0390625 0.033203125
0 0.6708984375 0.0205078125 0.029296875 0.025390625
0 0.3076171875 0.015625 0.029296875 0.01953125
0 0.01171875 0.0146484375 0.0234375 0.017578125
0 0.0556640625 0.0205078125 0.033203125 0.033203125
0 0.8544921875 0.0107421875 0.029296875 0.021484375
0 0.68359375 0.001953125 0.00390625 0.00390625
0 0.341796875 0.005859375 0.01953125 0.01171875
0 0.1728515625 0.0107421875 0.029296875 0.021484375