0 0.76953125 0.9931640625 0.02734375 0.013671875
0 0.8681640625 0.958984375 0.037109375 0.03125
0 0.9892578125 0.94921875 0.021484375 0.0234375
0 0.7646484375 0.9521484375 0.017578125 0.037109375
0 0.7236328125 0.9404296875 0.013671875 0.013671875
0 0.9384765625 0.9296875 0.033203125 0.0234375
0 0.87109375 0.9111328125 0.02734375 0.025390625
0 0.8671875 0.8896484375 0.015625 0.013671875
0 0.76953125 0.896484375 0.01953125 0.03125
0 0.8857421875 0.8505859375 0.029296875 0.037109375
0 0.9296875 0.83984375 0.01171875 0.02734375
0 0.7734375 0.8408203125 0.01953125 0.029296875
0 0.7431640625 0.8203125 0.017578125 0.015625
0 0.48828125 0.84375 0.078125 0.0625
0 0.873046875 0.7861328125 0.0234375 0.041015625
0 0.138671875 0.7861328125 0.0390625 0.041015625
0 0.462890625 0.7763671875 0.046875 0.025390625
0 0.7900390625 0.7822265625 0.021484375 0.041015625
0 0.3017578125 0.8037109375 0.095703125 0.083984375
0 0.1962890625 0.748046875 0.083984375 0.08203125
0 0.994140625 0.708984375 0.01171875 0.0234375
0 0.982421875 0.6875 0.02734375 0.02734375
0 0.935546875 0.6806640625 0.0234375 0.021484375
0 0.7939453125 0.6767578125 0.029296875 0.033203125
0 0.962890625 0.666015625 0.02734375 0.03125
0 0.9091796875 0.6630859375 0.025390625 0.025390625
0 0.8720703125 0.646484375 0.017578125 0.015625
0 0.837890625 0.654296875 0.03515625 0.03515625
0 0.939453125 0.6435546875 0.02734375 0.029296875
0 0.7587890625 0.6357421875 0.025390625 0.033203125
0 0.8564453125 0.6279296875 0.021484375 0.021484375
0 0.916015625 0.6201171875 0.03125 0.029296875
0 0.9892578125 0.59375 0.021484375 0.03125
0 0.9013671875 0.591796875 0.033203125 0.03125
0 0.0107421875 0.6845703125 0.021484375 0.216796875
0 0.9765625 0.5673828125 0.03515625 0.037109375
0 0.4453125 0.5810546875 0.07421875 0.076171875
0 0.947265625 0.544921875 0.03515625 0.03125
0 0.8427734375 0.5390625 0.044921875 0.03125
0 0.46484375 0.5205078125 0.03125 0.033203125
0 0.818359375 0.5068359375 0.0234375 0.025390625
0 0.3125 0.5068359375 0.03125 0.029296875
0 0.9140625 0.49609375 0.04296875 0.03125
0 0.4296875 0.4912109375 0.05078125 0.048828125
0 0.1455078125 0.599609375 0.115234375 0.2890625
0 0.8759765625 0.4716796875 0.037109375 0.041015625
0 0.4990234375 0.46875 0.068359375 0.0703125
0 0.3623046875 0.4384765625 0.048828125 0.060546875
0 0.5341796875 0.4228515625 0.033203125 0.033203125
0 0.126953125 0.4150390625 0.0546875 0.064453125
0 0.42578125 0.3896484375 0.0546875 0.060546875
0 0.478515625 0.373046875 0.02734375 0.03125
0 0.013671875 0.44140625 0.02734375 0.203125
0 0.44921875 0.34375 0.03125 0.03125
0 0.3203125 0.3515625 0.0546875 0.0625
0 0.185546875 0.3544921875 0.15625 0.115234375
0 0.513671875 0.3193359375 0.078125 0.068359375
0 0.1435546875 0.3046875 0.056640625 0.05078125
0 0.3779296875 0.291015625 0.056640625 0.046875
0 0.0126953125 0.2744140625 0.025390625 0.033203125
0 0.578125 0.275390625 0.0703125 0.078125
0 0.1796875 0.2412109375 0.05078125 0.044921875
0 0.6669921875 0.23046875 0.037109375 0.03125
0 0.3857421875 0.224609375 0.041015625 0.0390625
0 0.4208984375 0.20703125 0.033203125 0.03125
0 0.23828125 0.2236328125 0.078125 0.064453125
0 0.626953125 0.205078125 0.03125 0.03125
0 0.9736328125 0.1962890625 0.033203125 0.021484375
0 0.89453125 0.1982421875 0.015625 0.025390625
0 0.935546875 0.1962890625 0.015625 0.025390625
0 0.7353515625 0.1943359375 0.025390625 0.025390625
0 0.8583984375 0.1923828125 0.029296875 0.025390625
0 0.7802734375 0.1884765625 0.033203125 0.021484375
0 0.1201171875 0.177734375 0.033203125 0.015625
0 0.005859375 0.1806640625 0.01171875 0.033203125
0 0.59765625 0.1806640625 0.03125 0.037109375
0 0.2568359375 0.17578125 0.037109375 0.03515625
0 0.4609375 0.1689453125 0.02734375 0.029296875
0 0.556640625 0.1640625 0.02734375 0.02734375
0 0.6640625 0.1591796875 0.0234375 0.037109375
0 0.1416015625 0.154296875 0.033203125 0.02734375
0 0.4384765625 0.150390625 0.025390625 0.02734375
0 0.8037109375 0.1484375 0.029296875 0.03125
0 0.890625 0.140625 0.0234375 0.02734375
0 0.5234375 0.1416015625 0.03125 0.037109375
0 0.7421875 0.12890625 0.03125 0.03125
0 0.013671875 0.1240234375 0.02734375 0.025390625
0 0.6767578125 0.12109375 0.025390625 0.02734375
0 0.828125 0.1181640625 0.03125 0.037109375
0 0.390625 0.1259765625 0.06640625 0.060546875
0 0.0146484375 0.0966796875 0.029296875 0.021484375
0 0.4814453125 0.1044921875 0.033203125 0.052734375
0 0.765625 0.091796875 0.02734375 0.03125
0 0.19140625 0.1015625 0.0390625 0.05078125
0 0.9140625 0.087890625 0.01953125 0.03125
0 0.697265625 0.0751953125 0.02734375 0.033203125
0 0.318359375 0.09765625 0.09375 0.08203125
0 0.556640625 0.07421875 0.04296875 0.0390625
0 0.421875 0.0712890625 0.0390625 0.037109375
0 0.796875 0.05859375 0.03125 0.02734375
0 0.84375 0.064453125 0.03515625 0.046875
0 0.130859375 0.0517578125 0.03515625 0.029296875
0 0.7177734375 0.046875 0.025390625 0.02734375
0 0.5830078125 0.0478515625 0.033203125 0.029296875
0 0.4580078125 0.03515625 0.033203125 0.03125
0 0.017578125 0.0478515625 0.03515625 0.064453125
0 0.39453125 0.029296875 0.046875 0.03125
0 0.1396484375 0.0205078125 0.037109375 0.029296875
0 0.58984375 0.017578125 0.02734375 0.02734375
0 0.9755859375 0.0029296875 0.025390625 0.005859375
0 0.9404296875 0.005859375 0.025390625 0.01171875
0 0.7509765625 0.0126953125 0.029296875 0.025390625
0 0.564453125 0.0087890625 0.0234375 0.017578125
0 0.328125 0.0078125 0.03125 0.015625
0 0.2353515625 0.0068359375 0.033203125 0.013671875
0 0.1708984375 0.00390625 0.021484375 0.0078125