0 0.884765625 0.9970703125 0.0078125 0.005859375
0 0.7587890625 0.9970703125 0.013671875 0.005859375
0 0.970703125 0.994140625 0.01953125 0.01171875
0 0.1884765625 0.9931640625 0.025390625 0.013671875
0 0.3583984375 0.990234375 0.021484375 0.01953125
0 0.8642578125 0.98828125 0.029296875 0.0234375
0 0.4423828125 0.9873046875 0.033203125 0.025390625
0 0.140625 0.9873046875 0.02734375 0.025390625
0 0.3349609375 0.9833984375 0.017578125 0.021484375
0 0.9931640625 0.9833984375 0.013671875 0.025390625
0 0.6552734375 0.9853515625 0.033203125 0.029296875
0 0.1123046875 0.978515625 0.025390625 0.01953125
0 0.5087890625 0.9833984375 0.029296875 0.033203125
0 0.7333984375 0.982421875 0.029296875 0.03515625
0 0.0830078125 0.9716796875 0.029296875 0.021484375
0 0.8447265625 0.9736328125 0.033203125 0.029296875
0 0.9150390625 0.9765625 0.048828125 0.04296875
0 0.0517578125 0.962890625 0.029296875 0.0234375
0 0.44921875 0.9599609375 0.0234375 0.025390625
0 0.015625 0.9580078125 0.02734375 0.029296875
0 0.583984375 0.9599609375 0.03125 0.037109375
0 0.8720703125 0.9482421875 0.025390625 0.025390625
0 0.33203125 0.9482421875 0.04296875 0.029296875
0 0.5263671875 0.9482421875 0.025390625 0.037109375
0 0.2041015625 0.94140625 0.021484375 0.0234375
0 0.80859375 0.9384765625 0.02734375 0.025390625
0 0.9521484375 0.9453125 0.044921875 0.04296875
0 0.2978515625 0.94921875 0.025390625 0.05078125
0 0.458984375 0.927734375 0.02734375 0.02734375
0 0.2705078125 0.9326171875 0.025390625 0.037109375
0 0.1337890625 0.9267578125 0.037109375 0.025390625
0 0.6796875 0.9306640625 0.03125 0.037109375
0 0.248046875 0.9169921875 0.0234375 0.021484375
0 0.7900390625 0.9169921875 0.029296875 0.029296875
0 0.59765625 0.916015625 0.0234375 0.02734375
0 0.4658203125 0.9013671875 0.025390625 0.025390625
0 0.3779296875 0.8984375 0.025390625 0.01953125
0 0.537109375 0.8994140625 0.02734375 0.029296875
0 0.2001953125 0.896484375 0.041015625 0.03515625
0 0.029296875 0.89453125 0.03125 0.03125
0 0.005859375 0.888671875 0.01171875 0.01953125
0 0.8935546875 0.89453125 0.037109375 0.03515625
0 0.6474609375 0.8935546875 0.033203125 0.033203125
0 0.333984375 0.880859375 0.0234375 0.01953125
0 0.134765625 0.8818359375 0.0234375 0.025390625
0 0.4765625 0.869140625 0.02734375 0.02734375
0 0.3955078125 0.8701171875 0.029296875 0.033203125
0 0.818359375 0.8623046875 0.03515625 0.033203125
0 0.6162109375 0.859375 0.025390625 0.02734375
0 0.294921875 0.859375 0.03515625 0.03515625
0 0.0458984375 0.857421875 0.029296875 0.03125
0 0.1162109375 0.849609375 0.021484375 0.01953125
0 0.169921875 0.8466796875 0.01953125 0.017578125
0 0.5517578125 0.85546875 0.033203125 0.046875
0 0.76171875 0.8662109375 0.046875 0.072265625
0 0.4892578125 0.84375 0.037109375 0.03515625
0 0.873046875 0.8427734375 0.03515625 0.037109375
0 0.060546875 0.8369140625 0.0234375 0.025390625
0 0.369140625 0.8359375 0.03515625 0.03125
0 0.9814453125 0.8232421875 0.021484375 0.029296875
0 0.08203125 0.8203125 0.03125 0.03125
0 0.4970703125 0.8134765625 0.021484375 0.021484375
0 0.1337890625 0.8203125 0.029296875 0.03515625
0 0.2275390625 0.8154296875 0.033203125 0.029296875
0 0.0078125 0.8115234375 0.015625 0.025390625
0 0.56640625 0.8115234375 0.02734375 0.029296875
0 0.3505859375 0.806640625 0.025390625 0.0234375
0 0.9248046875 0.8115234375 0.021484375 0.037109375
0 0.70703125 0.8212890625 0.0546875 0.056640625
0 0.8671875 0.80078125 0.03125 0.01953125
0 0.4267578125 0.791015625 0.029296875 0.03125
0 0.11328125 0.7890625 0.02734375 0.02734375
0 0.3134765625 0.7861328125 0.025390625 0.025390625
0 0.185546875 0.7822265625 0.03515625 0.033203125
0 0.4091796875 0.7744140625 0.021484375 0.021484375
0 0.984375 0.779296875 0.0234375 0.03515625
0 0.53125 0.771484375 0.03515625 0.02734375
0 0.1640625 0.763671875 0.03125 0.03125
0 0.2978515625 0.7607421875 0.029296875 0.033203125
0 0.4501953125 0.7568359375 0.029296875 0.033203125
0 0.0498046875 0.7578125 0.033203125 0.03515625
0 0.6474609375 0.755859375 0.033203125 0.03515625
0 0.9248046875 0.7529296875 0.025390625 0.037109375
0 0.1484375 0.7470703125 0.03125 0.033203125
0 0.3935546875 0.7431640625 0.033203125 0.033203125
0 0.9853515625 0.73828125 0.021484375 0.03125
0 0.0048828125 0.732421875 0.009765625 0.01953125
0 0.83984375 0.73046875 0.0390625 0.03125
0 0.62109375 0.7265625 0.0234375 0.0234375
0 0.2666015625 0.7294921875 0.037109375 0.037109375
0 0.4853515625 0.7158203125 0.021484375 0.021484375
0 0.3720703125 0.72265625 0.029296875 0.03515625
0 0.248046875 0.7060546875 0.02734375 0.029296875
0 0.033203125 0.701171875 0.02734375 0.02734375
0 0.3505859375 0.69921875 0.029296875 0.02734375
0 0.666015625 0.6982421875 0.04296875 0.041015625
0 0.58203125 0.6865234375 0.0234375 0.021484375
0 0.455078125 0.6875 0.02734375 0.02734375
0 0.2294921875 0.6875 0.029296875 0.02734375
0 0.1416015625 0.6923828125 0.033203125 0.037109375
0 0.9287109375 0.6923828125 0.029296875 0.041015625
0 0.9912109375 0.685546875 0.017578125 0.03515625
0 0.0888671875 0.6748046875 0.029296875 0.029296875
0 0.32421875 0.669921875 0.02734375 0.03125
0 0.564453125 0.6650390625 0.0234375 0.025390625
0 0.2109375 0.6640625 0.02734375 0.02734375
0 0.076171875 0.65234375 0.03125 0.03125
0 0.419921875 0.6494140625 0.0390625 0.041015625
0 0.9951171875 0.6435546875 0.009765625 0.033203125
0 0.93359375 0.6435546875 0.02734375 0.033203125
0 0.5458984375 0.6416015625 0.033203125 0.029296875
0 0.185546875 0.642578125 0.03125 0.03515625
0 0.0048828125 0.62890625 0.009765625 0.015625
0 0.29296875 0.63671875 0.04296875 0.0390625
0 0.6796875 0.6318359375 0.04296875 0.037109375
0 0.1572265625 0.6181640625 0.041015625 0.037109375
0 0.2666015625 0.6123046875 0.037109375 0.029296875
0 0.3857421875 0.6123046875 0.041015625 0.037109375
0 0.8974609375 0.6083984375 0.025390625 0.037109375
0 0.625 0.61328125 0.0390625 0.046875
0 0.0390625 0.603515625 0.02734375 0.02734375
0 0.5087890625 0.603515625 0.041015625 0.04296875
0 0.138671875 0.5966796875 0.03125 0.033203125
0 0.9931640625 0.5966796875 0.013671875 0.037109375
0 0.931640625 0.59765625 0.03515625 0.0390625
0 0.365234375 0.5869140625 0.0234375 0.025390625
0 0.5869140625 0.587890625 0.041015625 0.03515625
0 0.060546875 0.583984375 0.02734375 0.03125
0 0.078125 0.5693359375 0.02734375 0.025390625
0 0.4833984375 0.5634765625 0.029296875 0.029296875
0 0.23828125 0.5712890625 0.03125 0.044921875
0 0.01171875 0.5849609375 0.0234375 0.072265625
0 0.646484375 0.5625 0.03125 0.03515625
0 0.0966796875 0.5556640625 0.021484375 0.021484375
0 0.341796875 0.55859375 0.0390625 0.03515625
0 0.91796875 0.5576171875 0.03515625 0.037109375
0 0.6875 0.55078125 0.03125 0.02734375
0 0.8427734375 0.546875 0.037109375 0.02734375
0 0.025390625 0.544921875 0.03515625 0.02734375
0 0.9833984375 0.546875 0.033203125 0.03515625
0 0.6171875 0.5439453125 0.02734375 0.033203125
0 0.123046875 0.5390625 0.0234375 0.0234375
0 0.4462890625 0.537109375 0.025390625 0.02734375
0 0.5869140625 0.53125 0.029296875 0.0234375
0 0.21484375 0.5341796875 0.03125 0.033203125
0 0.7197265625 0.5302734375 0.029296875 0.033203125
0 0.552734375 0.525390625 0.03125 0.02734375
0 0.1162109375 0.5146484375 0.021484375 0.021484375
0 0.88671875 0.5205078125 0.03515625 0.037109375
0 0.0537109375 0.5126953125 0.029296875 0.029296875
0 0.5185546875 0.5107421875 0.033203125 0.029296875
0 0.7900390625 0.5166015625 0.025390625 0.044921875
0 0.298828125 0.51171875 0.03125 0.03515625
0 0.197265625 0.5078125 0.02734375 0.03515625
0 0.9609375 0.5107421875 0.03515625 0.044921875
0 0.41015625 0.5 0.046875 0.0390625
0 0.0048828125 0.4833984375 0.009765625 0.013671875
0 0.7314453125 0.494140625 0.029296875 0.0390625
0 0.1806640625 0.4794921875 0.021484375 0.021484375
0 0.087890625 0.4775390625 0.02734375 0.021484375
0 0.248046875 0.4765625 0.02734375 0.0234375
0 0.9326171875 0.4736328125 0.037109375 0.037109375
0 0.0126953125 0.4638671875 0.025390625 0.029296875
0 0.5947265625 0.4599609375 0.029296875 0.025390625
0 0.5634765625 0.4501953125 0.025390625 0.021484375
0 0.4228515625 0.4609375 0.044921875 0.04296875
0 0.701171875 0.44921875 0.0390625 0.03125
0 0.1298828125 0.44921875 0.033203125 0.03125
0 0.6630859375 0.4423828125 0.025390625 0.021484375
0 0.62890625 0.4521484375 0.02734375 0.044921875
0 0.52734375 0.439453125 0.0234375 0.0234375
0 0.3623046875 0.4482421875 0.041015625 0.041015625
0 0.2421875 0.4375 0.02734375 0.0234375
0 0.021484375 0.4423828125 0.02734375 0.033203125
0 0.9091796875 0.44140625 0.033203125 0.03515625
0 0.048828125 0.43359375 0.0234375 0.0234375
0 0.984375 0.44140625 0.03125 0.04296875
0 0.814453125 0.44140625 0.04296875 0.04296875
0 0.14453125 0.4306640625 0.02734375 0.033203125
0 0.486328125 0.4248046875 0.0234375 0.025390625
0 0.2216796875 0.416015625 0.017578125 0.01953125
0 0.16015625 0.41015625 0.03125 0.03125
0 0.337890625 0.40625 0.0546875 0.0390625
0 0.9560546875 0.3984375 0.033203125 0.03125
0 0.845703125 0.400390625 0.0390625 0.03515625
0 0.0849609375 0.3935546875 0.025390625 0.025390625
0 0.587890625 0.390625 0.03125 0.0234375
0 0.4658203125 0.3740234375 0.033203125 0.013671875
0 0.1884765625 0.3837890625 0.037109375 0.033203125
0 0.005859375 0.3759765625 0.01171875 0.017578125
0 0.5302734375 0.380859375 0.041015625 0.03125
0 0.111328125 0.369140625 0.02734375 0.03125
0 0.142578125 0.345703125 0.02734375 0.03125
0 0.591796875 0.345703125 0.046875 0.03515625
0 0.02734375 0.3408203125 0.03125 0.033203125
0 0.046875 0.3251953125 0.03125 0.033203125
0 0.130859375 0.31640625 0.0234375 0.0234375
0 0.640625 0.314453125 0.04296875 0.04296875
0 0.0615234375 0.3037109375 0.025390625 0.025390625
0 0.8603515625 0.298828125 0.029296875 0.02734375
0 0.109375 0.2958984375 0.03125 0.025390625
0 0.8212890625 0.2841796875 0.044921875 0.029296875
0 0.6884765625 0.291015625 0.037109375 0.04296875
0 0.0068359375 0.279296875 0.013671875 0.0234375
0 0.08984375 0.279296875 0.03125 0.03125
0 0.74609375 0.2802734375 0.0390625 0.037109375
0 0.021484375 0.265625 0.0234375 0.0234375
0 0.0517578125 0.234375 0.025390625 0.0234375
0 0.0322265625 0.2177734375 0.029296875 0.029296875
0 0.01171875 0.1962890625 0.0234375 0.029296875
0 0.0048828125 0.17578125 0.009765625 0.015625