0 0.2041015625 0.9951171875 0.025390625 0.009765625
0 0.3515625 0.994140625 0.03125 0.01171875
0 0.4267578125 0.9931640625 0.033203125 0.013671875
0 0.2392578125 0.9912109375 0.013671875 0.017578125
0 0.2724609375 0.9853515625 0.029296875 0.029296875
0 0.091796875 0.97265625 0.03125 0.03125
0 0.0498046875 0.9765625 0.033203125 0.0390625
0 0.01171875 0.9775390625 0.0234375 0.044921875
0 0.3408203125 0.974609375 0.091796875 0.05078125
0 0.12890625 0.9619140625 0.046875 0.033203125
0 0.8056640625 0.9580078125 0.021484375 0.029296875
0 0.0869140625 0.9501953125 0.021484375 0.017578125
0 0.6767578125 0.9560546875 0.072265625 0.044921875
0 0.7490234375 0.9541015625 0.029296875 0.044921875
0 0.1064453125 0.9306640625 0.025390625 0.017578125
0 0.189453125 0.9365234375 0.02734375 0.037109375
0 0.2822265625 0.923828125 0.072265625 0.03515625
0 0.9482421875 0.8779296875 0.021484375 0.056640625
0 0.078125 0.859375 0.03515625 0.03125
0 0.220703125 0.861328125 0.046875 0.0390625
0 0.2158203125 0.830078125 0.025390625 0.01953125
0 0.0419921875 0.8486328125 0.076171875 0.056640625
0 0.798828125 0.796875 0.02734375 0.015625
0 0.4951171875 0.8056640625 0.037109375 0.048828125
0 0.150390625 0.830078125 0.05859375 0.1015625
0 0.736328125 0.7978515625 0.0546875 0.056640625
0 0.4326171875 0.8095703125 0.150390625 0.142578125
0 0.9599609375 0.587890625 0.080078125 0.1015625
0 0.8095703125 0.4931640625 0.197265625 0.201171875
0 0.1328125 0.5009765625 0.25390625 0.248046875
0 0.6328125 0.578125 0.734375 0.41015625
0 0.833984375 0.3525390625 0.04296875 0.056640625
0 0.0048828125 0.234375 0.009765625 0.015625
0 0.814453125 0.1962890625 0.08203125 0.076171875
0 0.9619140625 0.15625 0.076171875 0.125
0 0.841796875 0.076171875 0.08984375 0.11328125
0 0.0322265625 0.0546875 0.064453125 0.1015625
0 0.95703125 0.0263671875 0.0859375 0.052734375
0 0.83984375 0.0078125 0.0234375 0.015625
0 0.4462890625 0.0615234375 0.201171875 0.123046875
0 0.0927734375 0.0048828125 0.021484375 0.009765625
0 0.0517578125 0.025390625 0.072265625 0.05078125