0 0.91796875 0.9931640625 0.02734375 0.013671875
0 0.9951171875 0.9912109375 0.009765625 0.017578125
0 0.4208984375 0.984375 0.056640625 0.03125
0 0.6240234375 0.982421875 0.115234375 0.03515625
0 0.349609375 0.9755859375 0.078125 0.048828125
0 0.767578125 0.9599609375 0.06640625 0.080078125
0 0.6748046875 0.9296875 0.076171875 0.046875
0 0.4609375 0.9453125 0.07421875 0.078125
0 0.9462890625 0.94140625 0.064453125 0.0859375
0 0.5859375 0.92578125 0.07421875 0.0625
0 0.8798828125 0.8916015625 0.041015625 0.056640625
0 0.990234375 0.861328125 0.01953125 0.0390625
0 0.4296875 0.8583984375 0.04296875 0.041015625
0 0.4951171875 0.8837890625 0.111328125 0.107421875
0 0.685546875 0.8427734375 0.05859375 0.044921875
0 0.779296875 0.826171875 0.04296875 0.046875
0 0.25390625 0.8740234375 0.16796875 0.154296875
0 0.8837890625 0.8115234375 0.158203125 0.091796875
0 0.2763671875 0.76171875 0.177734375 0.1171875
0 0.361328125 0.728515625 0.07421875 0.05859375
0 0.017578125 0.734375 0.03515625 0.078125
0 0.5380859375 0.689453125 0.021484375 0.01953125
0 0.498046875 0.724609375 0.07421875 0.08984375
0 0.27734375 0.6767578125 0.046875 0.041015625
0 0.421875 0.6826171875 0.04296875 0.056640625
0 0.5224609375 0.6591796875 0.029296875 0.025390625
0 0.6669921875 0.728515625 0.232421875 0.21484375
0 0.9130859375 0.6396484375 0.072265625 0.072265625
0 0.7578125 0.599609375 0.03515625 0.03515625
0 0.30859375 0.60546875 0.03515625 0.046875
0 0.4697265625 0.5966796875 0.037109375 0.044921875
0 0.8095703125 0.61328125 0.103515625 0.1171875
0 0.9638671875 0.576171875 0.048828125 0.046875
0 0.7314453125 0.5732421875 0.044921875 0.044921875
0 0.4150390625 0.5615234375 0.056640625 0.041015625
0 0.0859375 0.6083984375 0.171875 0.138671875
0 0.98046875 0.5478515625 0.03515625 0.033203125
0 0.5 0.5458984375 0.0390625 0.044921875
0 0.5712890625 0.5771484375 0.099609375 0.134765625
0 0.3671875 0.5205078125 0.046875 0.060546875
0 0.4462890625 0.5068359375 0.056640625 0.044921875
0 0.720703125 0.5107421875 0.08203125 0.064453125
0 0.8408203125 0.478515625 0.044921875 0.0390625
0 0.3974609375 0.4775390625 0.056640625 0.041015625
0 0.90234375 0.4775390625 0.109375 0.099609375
0 0.650390625 0.4697265625 0.0703125 0.087890625
0 0.51171875 0.451171875 0.08984375 0.08203125
0 0.435546875 0.419921875 0.05078125 0.04296875
0 0.9599609375 0.4267578125 0.080078125 0.095703125
0 0.7841796875 0.373046875 0.111328125 0.09375
0 0.7216796875 0.318359375 0.033203125 0.04296875
0 0.48046875 0.314453125 0.04296875 0.046875
0 0.83203125 0.31640625 0.0859375 0.08984375
0 0.6162109375 0.3330078125 0.123046875 0.208984375
0 0.4189453125 0.2421875 0.048828125 0.0625
0 0.7705078125 0.2509765625 0.080078125 0.087890625
0 0.7021484375 0.220703125 0.033203125 0.046875
0 0.3662109375 0.208984375 0.072265625 0.05078125
0 0.44140625 0.1767578125 0.046875 0.064453125
0 0.736328125 0.1689453125 0.05078125 0.072265625
0 0.3798828125 0.1435546875 0.048828125 0.064453125
0 0.009765625 0.1181640625 0.01953125 0.017578125
0 0.302734375 0.13671875 0.05859375 0.0859375
0 0.2294921875 0.12109375 0.083984375 0.05859375
0 0.4443359375 0.11328125 0.087890625 0.0625
0 0.5966796875 0.107421875 0.052734375 0.07421875
0 0.5009765625 0.0693359375 0.076171875 0.052734375
0 0.673828125 0.083984375 0.12109375 0.09375
0 0.0029296875 0.041015625 0.005859375 0.0078125
0 0.3349609375 0.046875 0.060546875 0.0859375
0 0.13671875 0.0341796875 0.046875 0.060546875
0 0.4521484375 0.025390625 0.048828125 0.05078125
0 0.2548828125 0.0244140625 0.048828125 0.048828125
0 0.07421875 0.0087890625 0.03125 0.017578125