0 0.939453125 0.9892578125 0.0546875 0.021484375
0 0.724609375 0.9892578125 0.06640625 0.021484375
0 0.9111328125 0.978515625 0.044921875 0.03125
0 0.8994140625 0.943359375 0.048828125 0.046875
0 0.96484375 0.9453125 0.0390625 0.0546875
0 0.72265625 0.9375 0.03515625 0.0390625
0 0.9677734375 0.9052734375 0.037109375 0.025390625
0 0.8857421875 0.9052734375 0.041015625 0.025390625
0 0.9453125 0.892578125 0.01953125 0.015625
0 0.916015625 0.8779296875 0.01953125 0.017578125
0 0.9755859375 0.8798828125 0.037109375 0.025390625
0 0.8828125 0.875 0.0390625 0.02734375
0 0.951171875 0.8671875 0.015625 0.015625
0 0.9736328125 0.8525390625 0.052734375 0.033203125
0 0.8857421875 0.849609375 0.029296875 0.02734375
0 0.9853515625 0.830078125 0.029296875 0.02734375
0 0.90625 0.8291015625 0.0546875 0.037109375
0 0.966796875 0.8037109375 0.015625 0.017578125
0 0.9892578125 0.8056640625 0.021484375 0.025390625
0 0.833984375 0.8037109375 0.03515625 0.029296875
0 0.904296875 0.7998046875 0.0390625 0.025390625
0 0.99609375 0.7802734375 0.0078125 0.021484375
0 0.9765625 0.7734375 0.015625 0.015625
0 0.9111328125 0.775390625 0.041015625 0.02734375
0 0.828125 0.775390625 0.04296875 0.03515625
0 0.9453125 0.7724609375 0.0234375 0.033203125
0 0.9931640625 0.75390625 0.013671875 0.0234375
0 0.8173828125 0.7529296875 0.041015625 0.033203125
0 0.9541015625 0.740234375 0.017578125 0.015625
0 0.921875 0.73828125 0.046875 0.05078125
0 0.80078125 0.7265625 0.0390625 0.03125
0 0.8525390625 0.7216796875 0.033203125 0.033203125
0 0.9287109375 0.7021484375 0.029296875 0.025390625
0 0.7890625 0.701171875 0.0390625 0.03125
0 0.857421875 0.693359375 0.0390625 0.02734375
0 0.9951171875 0.6796875 0.009765625 0.015625
0 0.9365234375 0.67578125 0.025390625 0.02734375
0 0.7705078125 0.6708984375 0.033203125 0.021484375
0 0.9736328125 0.6640625 0.017578125 0.01953125
0 0.8583984375 0.662109375 0.052734375 0.03125
0 0.9462890625 0.650390625 0.033203125 0.0234375
0 0.80859375 0.646484375 0.0390625 0.02734375
0 0.873046875 0.6318359375 0.04296875 0.025390625
0 0.955078125 0.6279296875 0.03515625 0.025390625
0 0.8115234375 0.619140625 0.052734375 0.02734375
0 0.8740234375 0.60546875 0.052734375 0.02734375
0 0.9697265625 0.603515625 0.060546875 0.02734375
0 0.966796875 0.576171875 0.0390625 0.02734375
0 0.888671875 0.5791015625 0.0390625 0.033203125
0 0.703125 0.583984375 0.0390625 0.04296875
0 0.9736328125 0.5498046875 0.041015625 0.029296875
0 0.896484375 0.548828125 0.04296875 0.02734375
0 0.7353515625 0.544921875 0.044921875 0.03515625
0 0.8359375 0.5615234375 0.06640625 0.083984375
0 0.98046875 0.5234375 0.0390625 0.02734375
0 0.904296875 0.5224609375 0.04296875 0.029296875
0 0.84765625 0.5087890625 0.0546875 0.041015625
0 0.8740234375 0.4931640625 0.017578125 0.017578125
0 0.984375 0.4970703125 0.03125 0.029296875
0 0.912109375 0.4931640625 0.0390625 0.029296875
0 0.7744140625 0.48046875 0.033203125 0.03515625
0 0.845703125 0.474609375 0.0390625 0.02734375
0 0.6806640625 0.482421875 0.037109375 0.04296875
0 0.6259765625 0.4736328125 0.029296875 0.029296875
0 0.9873046875 0.4697265625 0.025390625 0.025390625
0 0.7265625 0.4697265625 0.01953125 0.029296875
0 0.919921875 0.4638671875 0.0390625 0.029296875
0 0.69140625 0.4443359375 0.02734375 0.021484375
0 0.990234375 0.443359375 0.01953125 0.0234375
0 0.3173828125 0.6875 0.615234375 0.5234375
0 0.7685546875 0.4365234375 0.033203125 0.025390625
0 0.9248046875 0.435546875 0.041015625 0.02734375
0 0.6318359375 0.4306640625 0.029296875 0.021484375
0 0.8837890625 0.419921875 0.017578125 0.01953125
0 0.8447265625 0.4326171875 0.041015625 0.052734375
0 0.0341796875 0.4228515625 0.041015625 0.041015625
0 0.7080078125 0.4169921875 0.044921875 0.033203125
0 0.9921875 0.4052734375 0.015625 0.029296875
0 0.767578125 0.404296875 0.0390625 0.02734375
0 0.6416015625 0.400390625 0.029296875 0.03515625
0 0.94140625 0.40234375 0.02734375 0.04296875
0 0.59375 0.400390625 0.03515625 0.04296875
0 0.9140625 0.396484375 0.03125 0.04296875
0 0.62890625 0.384765625 0.01953125 0.01953125
0 0.7138671875 0.384765625 0.029296875 0.03125
0 0.880859375 0.3857421875 0.02734375 0.037109375
0 0.841796875 0.376953125 0.02734375 0.03515625
0 0.5771484375 0.3720703125 0.033203125 0.041015625
0 0.779296875 0.3623046875 0.02734375 0.037109375
0 0.75 0.3505859375 0.02734375 0.041015625
0 0.6513671875 0.3427734375 0.041015625 0.029296875
0 0.5625 0.3447265625 0.03125 0.033203125
0 0.7216796875 0.3427734375 0.025390625 0.041015625
0 0.98828125 0.3310546875 0.0234375 0.033203125
0 0.59765625 0.3203125 0.0234375 0.01953125
0 0.6513671875 0.3173828125 0.017578125 0.017578125
0 0.9541015625 0.3212890625 0.033203125 0.033203125
0 0.896484375 0.3095703125 0.03125 0.025390625
0 0.623046875 0.318359375 0.02734375 0.04296875
0 0.990234375 0.2978515625 0.01953125 0.017578125
0 0.580078125 0.294921875 0.0234375 0.01953125
0 0.8544921875 0.2919921875 0.029296875 0.041015625
0 0.541015625 0.2880859375 0.0390625 0.033203125
0 0.787109375 0.27734375 0.0234375 0.02734375
0 0.7607421875 0.2744140625 0.025390625 0.025390625
0 0.7314453125 0.271484375 0.029296875 0.02734375
0 0.6865234375 0.2666015625 0.029296875 0.025390625
0 0.9921875 0.2412109375 0.015625 0.041015625
0 0.9462890625 0.2294921875 0.025390625 0.021484375
0 0.87109375 0.2294921875 0.03515625 0.025390625
0 0.2802734375 0.2431640625 0.041015625 0.056640625
0 0.9736328125 0.2333984375 0.025390625 0.041015625
0 0.912109375 0.224609375 0.03125 0.03515625
0 0.7783203125 0.2158203125 0.029296875 0.025390625
0 0.59765625 0.228515625 0.06640625 0.0546875
0 0.708984375 0.216796875 0.03125 0.04296875
0 0.8779296875 0.203125 0.041015625 0.03125
0 0.689453125 0.2080078125 0.03125 0.041015625
0 0.546875 0.2060546875 0.03125 0.037109375
0 0.8095703125 0.1962890625 0.025390625 0.037109375
0 0.728515625 0.1865234375 0.01953125 0.017578125
0 0.5107421875 0.19921875 0.037109375 0.04296875
0 0.70703125 0.1728515625 0.01953125 0.021484375
0 0.6533203125 0.1875 0.056640625 0.05078125
0 0.52734375 0.171875 0.01953125 0.01953125
0 0.19140625 0.18359375 0.04296875 0.0546875
0 0.6201171875 0.171875 0.029296875 0.03515625
0 0.7841796875 0.17578125 0.033203125 0.046875
0 0.5966796875 0.1630859375 0.033203125 0.037109375
0 0.4833984375 0.158203125 0.029296875 0.02734375
0 0.359375 0.1572265625 0.01953125 0.025390625
0 0.98828125 0.1552734375 0.0234375 0.037109375
0 0.962890625 0.15234375 0.0234375 0.03125
0 0.93359375 0.1474609375 0.0234375 0.025390625
0 0.7509765625 0.15625 0.052734375 0.05078125
0 0.578125 0.1484375 0.03515625 0.0390625
0 0.9052734375 0.1396484375 0.025390625 0.025390625
0 0.8369140625 0.1357421875 0.021484375 0.021484375
0 0.3359375 0.1396484375 0.02734375 0.029296875
0 0.71875 0.140625 0.03125 0.0390625
0 0.5546875 0.138671875 0.03125 0.03515625
0 0.97265625 0.1220703125 0.015625 0.017578125
0 0.697265625 0.1298828125 0.03125 0.037109375
0 0.53515625 0.125 0.03125 0.03515625
0 0.66796875 0.12109375 0.04296875 0.0390625
0 0.3359375 0.111328125 0.02734375 0.0234375
0 0.5126953125 0.11328125 0.033203125 0.03515625
0 0.986328125 0.1025390625 0.015625 0.017578125
0 0.8232421875 0.1123046875 0.033203125 0.037109375
0 0.9072265625 0.1005859375 0.037109375 0.025390625
0 0.0869140625 0.13671875 0.099609375 0.1015625
0 0.9638671875 0.091796875 0.017578125 0.01953125
0 0.634765625 0.1025390625 0.0390625 0.041015625
0 0.943359375 0.0791015625 0.015625 0.017578125
0 0.48828125 0.0908203125 0.04296875 0.041015625
0 0.7939453125 0.083984375 0.033203125 0.03515625
0 0.6015625 0.0869140625 0.04296875 0.041015625
0 0.9130859375 0.078125 0.041015625 0.02734375
0 0.326171875 0.0654296875 0.02734375 0.025390625
0 0.759765625 0.0693359375 0.03515625 0.037109375
0 0.4521484375 0.0703125 0.033203125 0.0390625
0 0.296875 0.06640625 0.02734375 0.03125
0 0.5693359375 0.0693359375 0.041015625 0.041015625
0 0.228515625 0.056640625 0.01171875 0.015625
0 0.84765625 0.0615234375 0.04296875 0.029296875
0 0.91796875 0.0546875 0.0390625 0.0234375
0 0.01171875 0.0859375 0.0234375 0.08984375
0 0.9892578125 0.05859375 0.021484375 0.0390625
0 0.7275390625 0.0537109375 0.033203125 0.033203125
0 0.1923828125 0.0556640625 0.029296875 0.037109375
0 0.966796875 0.0537109375 0.02734375 0.041015625
0 0.53515625 0.0517578125 0.0390625 0.041015625
0 0.2822265625 0.08984375 0.091796875 0.125
0 0.923828125 0.03125 0.03515625 0.0234375
0 0.6962890625 0.037109375 0.033203125 0.03515625
0 0.66015625 0.0341796875 0.02734375 0.029296875
0 0.166015625 0.0380859375 0.03515625 0.037109375
0 0.2333984375 0.0322265625 0.025390625 0.029296875
0 0.5009765625 0.03515625 0.041015625 0.0390625
0 0.6376953125 0.021484375 0.021484375 0.03125
0 0.8623046875 0.0244140625 0.029296875 0.041015625
0 0.6162109375 0.0146484375 0.021484375 0.021484375
0 0.8408203125 0.0185546875 0.025390625 0.037109375
0 0.80859375 0.015625 0.0390625 0.03125
0 0.759765625 0.009765625 0.0390625 0.01953125
0 0.720703125 0.00390625 0.01953125 0.0078125
0 0.59375 0.0078125 0.0234375 0.015625
0 0.5751953125 0.001953125 0.005859375 0.00390625
0 0.466796875 0.0185546875 0.0390625 0.037109375
0 0.4365234375 0.0087890625 0.025390625 0.017578125
0 0.1298828125 0.0126953125 0.052734375 0.025390625