0 0.4521484375 0.9150390625 0.158203125 0.169921875
0 0.4072265625 0.7890625 0.025390625 0.02734375
0 0.923828125 0.6552734375 0.02734375 0.025390625
0 0.666015625 0.681640625 0.1171875 0.2734375
0 0.509765625 0.669921875 0.17578125 0.27734375
0 0.2421875 0.751953125 0.36328125 0.49609375
0 0.884765625 0.55078125 0.140625 0.11328125
0 0.6787109375 0.439453125 0.087890625 0.109375
0 0.412109375 0.392578125 0.01953125 0.01953125
0 0.8896484375 0.416015625 0.142578125 0.1015625
0 0.416015625 0.3603515625 0.01953125 0.017578125
0 0.0107421875 0.365234375 0.021484375 0.03515625
0 0.455078125 0.3955078125 0.09375 0.115234375
0 0.3544921875 0.3359375 0.025390625 0.02734375
0 0.099609375 0.3212890625 0.05078125 0.037109375
0 0.4658203125 0.3056640625 0.064453125 0.037109375
0 0.5087890625 0.283203125 0.021484375 0.01953125
0 0.7021484375 0.2841796875 0.083984375 0.037109375
0 0.5849609375 0.384765625 0.115234375 0.23828125
0 0.1005859375 0.26171875 0.037109375 0.02734375
0 0.4208984375 0.2529296875 0.029296875 0.029296875
0 0.259765625 0.2705078125 0.046875 0.076171875
0 0.0419921875 0.2626953125 0.068359375 0.076171875
0 0.19140625 0.2392578125 0.0546875 0.048828125
0 0.01171875 0.216796875 0.01953125 0.015625
0 0.3857421875 0.212890625 0.056640625 0.03125
0 0.296875 0.2021484375 0.0390625 0.029296875
0 0.10546875 0.2138671875 0.0546875 0.052734375
0 0.00390625 0.17578125 0.0078125 0.015625
0 0.4892578125 0.1787109375 0.072265625 0.033203125
0 0.4375 0.1669921875 0.0234375 0.029296875
0 0.38671875 0.1630859375 0.03125 0.029296875
0 0.3037109375 0.1640625 0.044921875 0.03125
0 0.5888671875 0.1982421875 0.072265625 0.115234375
0 0.8994140625 0.2392578125 0.134765625 0.201171875
0 0.0380859375 0.154296875 0.021484375 0.03125
0 0.009765625 0.1435546875 0.01953125 0.021484375
0 0.7080078125 0.1923828125 0.103515625 0.130859375
0 0.0986328125 0.1396484375 0.072265625 0.033203125
0 0.515625 0.1279296875 0.0390625 0.021484375
0 0.20703125 0.119140625 0.05859375 0.02734375
0 0.015625 0.1162109375 0.0234375 0.021484375
0 0.318359375 0.1171875 0.04296875 0.03125
0 0.4443359375 0.1083984375 0.017578125 0.029296875
0 0.4189453125 0.1005859375 0.025390625 0.029296875
0 0.3837890625 0.095703125 0.029296875 0.02734375
0 0.5048828125 0.091796875 0.052734375 0.03125
0 0.119140625 0.0908203125 0.0546875 0.041015625
0 0.03515625 0.0830078125 0.02734375 0.025390625
0 0.3291015625 0.0654296875 0.033203125 0.017578125
0 0.228515625 0.0703125 0.05859375 0.046875
0 0.044921875 0.05859375 0.03515625 0.02734375
0 0.7314453125 0.0703125 0.068359375 0.0625
0 0.400390625 0.048828125 0.0390625 0.0234375
0 0.3974609375 0.021484375 0.025390625 0.01953125
0 0.044921875 0.0244140625 0.0390625 0.029296875
0 0.5263671875 0.0263671875 0.033203125 0.037109375
0 0.13671875 0.021484375 0.04296875 0.0390625
0 0.9189453125 0.064453125 0.162109375 0.12890625
0 0.7802734375 0.0166015625 0.025390625 0.033203125
0 0.685546875 0.0107421875 0.04296875 0.021484375
0 0.62109375 0.0517578125 0.0703125 0.103515625
0 0.400390625 0.00390625 0.015625 0.0078125
0 0.3291015625 0.015625 0.060546875 0.03125
0 0.24609375 0.0224609375 0.046875 0.044921875
0 0.0576171875 0.0068359375 0.033203125 0.013671875