0 0.8291015625 0.9931640625 0.025390625 0.013671875
0 0.0302734375 0.9931640625 0.025390625 0.013671875
0 0.7900390625 0.9892578125 0.041015625 0.021484375
0 0.5 0.9892578125 0.03515625 0.021484375
0 0.34375 0.9853515625 0.0390625 0.029296875
0 0.8564453125 0.984375 0.041015625 0.03125
0 0.666015625 0.9833984375 0.0546875 0.033203125
0 0.005859375 0.9677734375 0.01171875 0.021484375
0 0.44921875 0.9755859375 0.05078125 0.048828125
0 0.18359375 0.9609375 0.02734375 0.02734375
0 0.802734375 0.95703125 0.02734375 0.02734375
0 0.544921875 0.96484375 0.0390625 0.04296875
0 0.126953125 0.9697265625 0.08203125 0.060546875
0 0.6240234375 0.96875 0.060546875 0.0625
0 0.73828125 0.9521484375 0.03515625 0.041015625
0 0.2080078125 0.935546875 0.025390625 0.02734375
0 0.7119140625 0.9306640625 0.029296875 0.033203125
0 0.1435546875 0.9267578125 0.029296875 0.029296875
0 0.7939453125 0.923828125 0.052734375 0.03125
0 0.994140625 0.919921875 0.01171875 0.03125
0 0.251953125 0.9423828125 0.0859375 0.087890625
0 0.060546875 0.9072265625 0.04296875 0.037109375
0 0.7509765625 0.9033203125 0.033203125 0.033203125
0 0.583984375 0.9189453125 0.0625 0.064453125
0 0.96875 0.900390625 0.03125 0.0390625
0 0.84375 0.8916015625 0.0390625 0.033203125
0 0.240234375 0.89453125 0.0390625 0.0390625
0 0.544921875 0.896484375 0.0546875 0.05078125
0 0.1796875 0.8935546875 0.05078125 0.048828125
0 0.9296875 0.8662109375 0.03125 0.029296875
0 0.017578125 0.873046875 0.03515625 0.046875
0 0.818359375 0.8642578125 0.0390625 0.033203125
0 0.216796875 0.8662109375 0.03125 0.041015625
0 0.52734375 0.861328125 0.04296875 0.0390625
0 0.794921875 0.84765625 0.03515625 0.0390625
0 0.90234375 0.8408203125 0.03515625 0.041015625
0 0.650390625 0.87109375 0.140625 0.10546875
0 0.1376953125 0.841796875 0.044921875 0.0546875
0 0.8759765625 0.818359375 0.041015625 0.04296875
0 0.083984375 0.8154296875 0.05078125 0.044921875
0 0.2626953125 0.8017578125 0.037109375 0.037109375
0 0.64453125 0.8037109375 0.046875 0.044921875
0 0.00390625 0.7900390625 0.0078125 0.021484375
0 0.560546875 0.79296875 0.0390625 0.0390625
0 0.9052734375 0.787109375 0.033203125 0.03125
0 0.7421875 0.7958984375 0.0546875 0.052734375
0 0.2490234375 0.7666015625 0.041015625 0.029296875
0 0.8583984375 0.7734375 0.076171875 0.0703125
0 0.814453125 0.7587890625 0.03515625 0.041015625
0 0.435546875 0.78125 0.13671875 0.09765625
0 0.5029296875 0.740234375 0.037109375 0.0390625
0 0.96484375 0.77734375 0.0703125 0.1171875
0 0.619140625 0.7294921875 0.05078125 0.052734375
0 0.7763671875 0.7158203125 0.037109375 0.037109375
0 0.486328125 0.7158203125 0.03125 0.037109375
0 0.013671875 0.7021484375 0.02734375 0.041015625
0 0.6513671875 0.6962890625 0.048828125 0.048828125
0 0.455078125 0.69140625 0.0390625 0.0390625
0 0.62109375 0.6728515625 0.02734375 0.029296875
0 0.76171875 0.6669921875 0.0390625 0.037109375
0 0.2216796875 0.662109375 0.029296875 0.03125
0 0.1357421875 0.7197265625 0.111328125 0.150390625
0 0.86328125 0.65234375 0.0234375 0.0234375
0 0.30078125 0.68359375 0.09375 0.09375
0 0.5859375 0.6513671875 0.03515625 0.033203125
0 0.408203125 0.650390625 0.03515625 0.03515625
0 0.390625 0.6337890625 0.03515625 0.033203125
0 0.283203125 0.640625 0.0625 0.046875
0 0.572265625 0.630859375 0.03515625 0.03125
0 0.2314453125 0.625 0.044921875 0.0234375
0 0.138671875 0.6220703125 0.04296875 0.025390625
0 0.01953125 0.6259765625 0.0390625 0.044921875
0 0.8056640625 0.63671875 0.072265625 0.07421875
0 0.4453125 0.6123046875 0.02734375 0.025390625
0 0.697265625 0.623046875 0.05078125 0.05078125
0 0.5537109375 0.6123046875 0.033203125 0.033203125
0 0.654296875 0.5986328125 0.0625 0.041015625
0 0.509765625 0.595703125 0.03515625 0.03515625
0 0.990234375 0.5908203125 0.01953125 0.029296875
0 0.1318359375 0.5888671875 0.044921875 0.041015625
0 0.0078125 0.5732421875 0.015625 0.033203125
0 0.611328125 0.568359375 0.03125 0.03515625
0 0.2255859375 0.58203125 0.064453125 0.0625
0 0.650390625 0.560546875 0.0234375 0.0234375
0 0.984375 0.5615234375 0.03125 0.029296875
0 0.9150390625 0.5888671875 0.083984375 0.083984375
0 0.302734375 0.578125 0.05859375 0.0703125
0 0.4912109375 0.556640625 0.033203125 0.03125
0 0.12890625 0.533203125 0.02734375 0.02734375
0 0.443359375 0.5166015625 0.0390625 0.041015625
0 0.2041015625 0.505859375 0.041015625 0.0234375
0 0.533203125 0.5048828125 0.02734375 0.033203125
0 0.65625 0.501953125 0.03125 0.03125
0 0.1220703125 0.49609375 0.033203125 0.02734375
0 0.3857421875 0.50390625 0.041015625 0.05078125
0 0.314453125 0.505859375 0.03515625 0.0546875
0 0.8369140625 0.5107421875 0.072265625 0.076171875
0 0.79296875 0.4716796875 0.04296875 0.029296875
0 0.6923828125 0.484375 0.060546875 0.0546875
0 0.4013671875 0.46875 0.025390625 0.02734375
0 0.1162109375 0.4677734375 0.037109375 0.029296875
0 0.4951171875 0.462890625 0.033203125 0.03125
0 0.1943359375 0.45703125 0.029296875 0.02734375
0 0.7646484375 0.447265625 0.037109375 0.03515625
0 0.4697265625 0.4423828125 0.029296875 0.037109375
0 0.1064453125 0.4345703125 0.037109375 0.025390625
0 0.6298828125 0.4443359375 0.052734375 0.052734375
0 0.0048828125 0.43359375 0.009765625 0.03125
0 0.8291015625 0.439453125 0.052734375 0.0546875
0 0.0576171875 0.421875 0.025390625 0.03515625
0 0.568359375 0.421875 0.04296875 0.04296875
0 0.1884765625 0.4052734375 0.048828125 0.033203125
0 0.0498046875 0.388671875 0.021484375 0.02734375
0 0.306640625 0.40234375 0.0859375 0.05859375
0 0.544921875 0.3837890625 0.03515625 0.033203125
0 0.0869140625 0.375 0.048828125 0.02734375
0 0.40234375 0.388671875 0.05859375 0.0703125
0 0.244140625 0.3681640625 0.0234375 0.033203125
0 0.00390625 0.3671875 0.0078125 0.03515625
0 0.98828125 0.38671875 0.0234375 0.08203125
0 0.287109375 0.3447265625 0.0234375 0.017578125
0 0.171875 0.3642578125 0.04296875 0.056640625
0 0.33203125 0.341796875 0.046875 0.0234375
0 0.8662109375 0.349609375 0.060546875 0.0625
0 0.0029296875 0.3173828125 0.005859375 0.052734375
0 0.7373046875 0.3017578125 0.029296875 0.025390625
0 0.4599609375 0.326171875 0.134765625 0.08203125
0 0.6298828125 0.3408203125 0.166015625 0.115234375
0 0.16015625 0.2939453125 0.03515625 0.041015625
0 0.2939453125 0.2861328125 0.037109375 0.033203125
0 0.3369140625 0.2998046875 0.048828125 0.064453125
0 0.7060546875 0.2783203125 0.025390625 0.025390625
0 0.9287109375 0.2890625 0.064453125 0.0546875
0 0.67578125 0.2607421875 0.03125 0.029296875
0 0.974609375 0.2568359375 0.05078125 0.041015625
0 0.8505859375 0.2734375 0.087890625 0.0859375
0 0.4912109375 0.2587890625 0.087890625 0.060546875
0 0.6376953125 0.2392578125 0.044921875 0.037109375
0 0.0869140625 0.2314453125 0.029296875 0.029296875
0 0.044921875 0.2294921875 0.0234375 0.025390625
0 0.1787109375 0.2216796875 0.138671875 0.029296875
0 0.421875 0.2265625 0.04296875 0.04296875
0 0.26171875 0.2197265625 0.01953125 0.033203125
0 0.59375 0.2158203125 0.0390625 0.037109375
0 0.3466796875 0.2138671875 0.044921875 0.041015625
0 0.8017578125 0.2275390625 0.083984375 0.087890625
0 0.54296875 0.2001953125 0.0390625 0.044921875
0 0.052734375 0.1845703125 0.0234375 0.025390625
0 0.7080078125 0.2021484375 0.103515625 0.068359375
0 0.525390625 0.1767578125 0.03125 0.033203125
0 0.3134765625 0.1767578125 0.033203125 0.033203125
0 0.2783203125 0.171875 0.025390625 0.0234375
0 0.2392578125 0.1650390625 0.025390625 0.025390625
0 0.4970703125 0.1630859375 0.033203125 0.033203125
0 0.201171875 0.1591796875 0.02734375 0.025390625
0 0.1630859375 0.154296875 0.029296875 0.02734375
0 0.125 0.1494140625 0.0234375 0.021484375
0 0.0986328125 0.146484375 0.017578125 0.03125
0 0.0595703125 0.1396484375 0.025390625 0.025390625
0 0.94921875 0.1689453125 0.09765625 0.103515625
0 0.451171875 0.154296875 0.07421875 0.08203125
0 0.005859375 0.14453125 0.01171875 0.0625
0 0.7392578125 0.150390625 0.091796875 0.08984375
0 0.556640625 0.1259765625 0.1640625 0.091796875
0 0.3798828125 0.115234375 0.037109375 0.0703125
0 0.0693359375 0.0927734375 0.087890625 0.033203125
0 0.1220703125 0.0576171875 0.025390625 0.025390625
0 0.3203125 0.083984375 0.07421875 0.109375
0 0.001953125 0.0302734375 0.00390625 0.005859375
0 0.251953125 0.0732421875 0.07421875 0.107421875
0 0.0595703125 0.025390625 0.025390625 0.02734375
0 0.18359375 0.0654296875 0.07421875 0.111328125
0 0.1435546875 0.0205078125 0.029296875 0.029296875
0 0.9609375 0.0322265625 0.06640625 0.064453125
0 0.63671875 0.0263671875 0.07421875 0.052734375
0 0.0068359375 0.0048828125 0.013671875 0.009765625