0 0.998046875 0.951171875 0.00390625 0.00390625
0 0.9404296875 0.9599609375 0.060546875 0.044921875
0 0.78125 0.939453125 0.0234375 0.02734375
0 0.87109375 0.833984375 0.02734375 0.02734375
0 0.9658203125 0.830078125 0.029296875 0.0234375
0 0.9150390625 0.8271484375 0.044921875 0.041015625
0 0.833984375 0.8212890625 0.04296875 0.041015625
0 0.7978515625 0.810546875 0.029296875 0.02734375
0 0.73828125 0.7890625 0.03515625 0.0390625
0 0.9072265625 0.779296875 0.041015625 0.05078125
0 0.857421875 0.7294921875 0.05078125 0.052734375
0 0.8310546875 0.6376953125 0.021484375 0.017578125
0 0.728515625 0.5654296875 0.1015625 0.076171875
0 0.99609375 0.5029296875 0.0078125 0.021484375
0 0.5576171875 0.5068359375 0.044921875 0.037109375
0 0.6162109375 0.5009765625 0.041015625 0.029296875
0 0.3994140625 0.4375 0.052734375 0.0390625
0 0.4638671875 0.41796875 0.033203125 0.0390625
0 0.3955078125 0.3369140625 0.025390625 0.021484375
0 0.8603515625 0.310546875 0.044921875 0.0390625
0 0.7666015625 0.2958984375 0.029296875 0.029296875
0 0.8349609375 0.2470703125 0.041015625 0.041015625
0 0.5361328125 0.212890625 0.025390625 0.01953125
0 0.498046875 0.1865234375 0.03125 0.017578125
0 0.0029296875 0.1669921875 0.005859375 0.009765625
0 0.0302734375 0.1630859375 0.060546875 0.068359375
0 0.3232421875 0.1650390625 0.091796875 0.083984375
0 0.1181640625 0.140625 0.107421875 0.09375
0 0.2314453125 0.0986328125 0.068359375 0.119140625
0 0.6181640625 0.0888671875 0.154296875 0.150390625
0 0.9873046875 0.0078125 0.025390625 0.015625
0 0.36328125 0.0087890625 0.02734375 0.017578125