0 0.07421875 0.998046875 0.00390625 0.00390625
0 0.341796875 0.9970703125 0.0078125 0.005859375
0 0.93359375 0.994140625 0.0234375 0.01171875
0 0.6640625 0.9931640625 0.03125 0.013671875
0 0.9677734375 0.98828125 0.033203125 0.0234375
0 0.310546875 0.98828125 0.02734375 0.0234375
0 0.2021484375 0.9873046875 0.041015625 0.025390625
0 0.8447265625 0.986328125 0.044921875 0.02734375
0 0.7705078125 0.982421875 0.064453125 0.03515625
0 0.2607421875 0.9814453125 0.033203125 0.037109375
0 0.986328125 0.9765625 0.02734375 0.03515625
0 0.435546875 0.9755859375 0.03125 0.037109375
0 0.0341796875 0.9775390625 0.068359375 0.044921875
0 0.998046875 0.9501953125 0.00390625 0.005859375
0 0.4091796875 0.962890625 0.033203125 0.0390625
0 0.8291015625 0.9580078125 0.048828125 0.037109375
0 0.5263671875 0.96484375 0.083984375 0.0703125
0 0.2392578125 0.94921875 0.029296875 0.0390625
0 0.3388671875 0.9287109375 0.029296875 0.029296875
0 0.375 0.931640625 0.03125 0.046875
0 0.9208984375 0.927734375 0.068359375 0.046875
0 0.5078125 0.912109375 0.01953125 0.01953125
0 0.1865234375 0.951171875 0.087890625 0.09765625
0 0.8134765625 0.921875 0.048828125 0.04296875
0 0.3115234375 0.91015625 0.029296875 0.03515625
0 0.455078125 0.900390625 0.01953125 0.01953125
0 0.560546875 0.912109375 0.08203125 0.0703125
0 0.2841796875 0.892578125 0.041015625 0.04296875
0 0.5009765625 0.875 0.033203125 0.0390625
0 0.2470703125 0.8740234375 0.052734375 0.041015625
0 0.61328125 0.857421875 0.0390625 0.03125
0 0.466796875 0.8544921875 0.03515625 0.044921875
0 0.166015625 0.8486328125 0.046875 0.041015625
0 0.083984375 0.91015625 0.16796875 0.1796875
0 0.185546875 0.8203125 0.046875 0.0390625
0 0.744140625 0.8935546875 0.15234375 0.205078125
0 0.9287109375 0.853515625 0.142578125 0.14453125
0 0.3876953125 0.796875 0.033203125 0.0390625
0 0.0107421875 0.7919921875 0.021484375 0.041015625
0 0.4990234375 0.787109375 0.048828125 0.05078125
0 0.466796875 0.7626953125 0.03125 0.037109375
0 0.1123046875 0.791015625 0.091796875 0.09765625
0 0.837890625 0.75 0.04296875 0.04296875
0 0.482421875 0.732421875 0.0234375 0.01953125
0 0.2197265625 0.7568359375 0.072265625 0.072265625
0 0.93359375 0.7353515625 0.0234375 0.033203125
0 0.4306640625 0.7373046875 0.033203125 0.044921875
0 0.513671875 0.7255859375 0.03515625 0.025390625
0 0.3173828125 0.7744140625 0.115234375 0.123046875
0 0.4111328125 0.7236328125 0.033203125 0.033203125
0 0.6630859375 0.7734375 0.111328125 0.15234375
0 0.0634765625 0.7353515625 0.076171875 0.076171875
0 0.5283203125 0.70703125 0.041015625 0.03125
0 0.8515625 0.70703125 0.06640625 0.03515625
0 0.0029296875 0.689453125 0.005859375 0.0078125
0 0.3916015625 0.7041015625 0.033203125 0.041015625
0 0.26171875 0.7021484375 0.0390625 0.044921875
0 0.1484375 0.7158203125 0.09765625 0.083984375
0 0.5458984375 0.6845703125 0.048828125 0.044921875
0 0.0087890625 0.66796875 0.017578125 0.0234375
0 0.228515625 0.673828125 0.0390625 0.046875
0 0.59765625 0.7314453125 0.1484375 0.166015625
0 0.46484375 0.67578125 0.0390625 0.05859375
0 0.0791015625 0.666015625 0.076171875 0.06640625
0 0.203125 0.64453125 0.04296875 0.0390625
0 0.7099609375 0.65625 0.083984375 0.06640625
0 0.125 0.6220703125 0.01953125 0.017578125
0 0.9697265625 0.6357421875 0.060546875 0.064453125
0 0.1708984375 0.619140625 0.048828125 0.04296875
0 0.4970703125 0.6220703125 0.052734375 0.056640625
0 0.732421875 0.6064453125 0.08203125 0.060546875
0 0.2880859375 0.6123046875 0.080078125 0.072265625
0 0.58203125 0.587890625 0.03515625 0.0390625
0 0.4638671875 0.5966796875 0.048828125 0.056640625
0 0.1337890625 0.587890625 0.048828125 0.046875
0 0.8515625 0.6064453125 0.06640625 0.111328125
0 0.248046875 0.572265625 0.0390625 0.04296875
0 0.310546875 0.5693359375 0.06640625 0.041015625
0 0.533203125 0.5595703125 0.0390625 0.037109375
0 0.4140625 0.568359375 0.06640625 0.078125
0 0.2216796875 0.5458984375 0.037109375 0.037109375
0 0.6142578125 0.55078125 0.048828125 0.05078125
0 0.5419921875 0.5322265625 0.033203125 0.029296875
0 0.5029296875 0.5283203125 0.037109375 0.037109375
0 0.0615234375 0.57421875 0.123046875 0.1328125
0 0.19140625 0.5244140625 0.0390625 0.037109375
0 0.76171875 0.533203125 0.0703125 0.0625
0 0.638671875 0.5146484375 0.04296875 0.044921875
0 0.5556640625 0.505859375 0.033203125 0.03125
0 0.943359375 0.5009765625 0.02734375 0.041015625
0 0.1630859375 0.5009765625 0.056640625 0.060546875
0 0.5693359375 0.482421875 0.037109375 0.03125
0 0.3349609375 0.509765625 0.099609375 0.08984375
0 0.4619140625 0.4951171875 0.072265625 0.068359375
0 0.662109375 0.4794921875 0.046875 0.048828125
0 0.01171875 0.48046875 0.0234375 0.0546875
0 0.583984375 0.4638671875 0.03515625 0.029296875
0 0.107421875 0.45703125 0.05078125 0.0390625
0 0.4736328125 0.453125 0.044921875 0.03515625
0 0.6005859375 0.4306640625 0.037109375 0.033203125
0 0.4892578125 0.4345703125 0.044921875 0.041015625
0 0.2529296875 0.4462890625 0.072265625 0.064453125
0 0.1728515625 0.4306640625 0.041015625 0.037109375
0 0.388671875 0.4404296875 0.07421875 0.068359375
0 0.037109375 0.41015625 0.02734375 0.03125
0 0.2119140625 0.412109375 0.041015625 0.046875
0 0.7568359375 0.4423828125 0.103515625 0.119140625
0 0.4150390625 0.396484375 0.037109375 0.03125
0 0.345703125 0.4052734375 0.046875 0.048828125
0 0.919921875 0.4443359375 0.1015625 0.138671875
0 0.50390625 0.3916015625 0.046875 0.041015625
0 0.166015625 0.3876953125 0.046875 0.044921875
0 0.4384765625 0.3720703125 0.037109375 0.029296875
0 0.634765625 0.375 0.03125 0.0390625
0 0.2939453125 0.3779296875 0.072265625 0.052734375
0 0.9619140625 0.3603515625 0.033203125 0.033203125
0 0.580078125 0.3447265625 0.03125 0.033203125
0 0.4521484375 0.3447265625 0.037109375 0.037109375
0 0.8310546875 0.373046875 0.072265625 0.12109375
0 0.419921875 0.3310546875 0.03515625 0.037109375
0 0.30078125 0.333984375 0.05078125 0.046875
0 0.5498046875 0.32421875 0.029296875 0.03125
0 0.380859375 0.3232421875 0.03125 0.033203125
0 0.23046875 0.3271484375 0.03125 0.041015625
0 0.515625 0.3046875 0.03515625 0.03125
0 0.8623046875 0.302734375 0.041015625 0.03515625
0 0.076171875 0.318359375 0.0625 0.0703125
0 0.34375 0.296875 0.0390625 0.03515625
0 0.802734375 0.2919921875 0.03125 0.029296875
0 0.48046875 0.2880859375 0.02734375 0.033203125
0 0.1904296875 0.3056640625 0.060546875 0.072265625
0 0.9853515625 0.30078125 0.029296875 0.0703125
0 0.037109375 0.28515625 0.0390625 0.0390625
0 0.5859375 0.2841796875 0.04296875 0.044921875
0 0.2333984375 0.263671875 0.041015625 0.0390625
0 0.4443359375 0.263671875 0.064453125 0.05859375
0 0.0166015625 0.2568359375 0.033203125 0.044921875
0 0.072265625 0.248046875 0.02734375 0.03125
0 0.0478515625 0.234375 0.021484375 0.01953125
0 0.93359375 0.248046875 0.0625 0.0546875
0 0.3935546875 0.2392578125 0.033203125 0.041015625
0 0.52734375 0.2373046875 0.04296875 0.041015625
0 0.8935546875 0.236328125 0.033203125 0.046875
0 0.115234375 0.2509765625 0.0703125 0.083984375
0 0.87109375 0.22265625 0.03515625 0.0390625
0 0.4931640625 0.220703125 0.044921875 0.046875
0 0.3583984375 0.21484375 0.029296875 0.03515625
0 0.0517578125 0.2099609375 0.044921875 0.037109375
0 0.84375 0.208984375 0.03125 0.0390625
0 0.3173828125 0.2119140625 0.056640625 0.044921875
0 0.791015625 0.2001953125 0.04296875 0.025390625
0 0.10546875 0.1884765625 0.01171875 0.013671875
0 0.6728515625 0.19921875 0.068359375 0.05078125
0 0.46875 0.19140625 0.0390625 0.0390625
0 0.97265625 0.1884765625 0.05078125 0.048828125
0 0.068359375 0.1826171875 0.046875 0.041015625
0 0.9326171875 0.177734375 0.037109375 0.04296875
0 0.7998046875 0.166015625 0.041015625 0.03125
0 0.1513671875 0.1845703125 0.056640625 0.072265625
0 0.69921875 0.154296875 0.02734375 0.02734375
0 0.43359375 0.16015625 0.0390625 0.0390625
0 0.599609375 0.16015625 0.04296875 0.046875
0 0.564453125 0.1435546875 0.02734375 0.025390625
0 0.9931640625 0.1435546875 0.013671875 0.029296875
0 0.8896484375 0.1474609375 0.033203125 0.041015625
0 0.8046875 0.142578125 0.04296875 0.03125
0 0.0185546875 0.15625 0.037109375 0.0703125
0 0.2744140625 0.1650390625 0.080078125 0.095703125
0 0.8583984375 0.1298828125 0.029296875 0.033203125
0 0.392578125 0.1328125 0.0390625 0.0390625
0 0.099609375 0.14453125 0.0703125 0.0625
0 0.712890625 0.1220703125 0.04296875 0.033203125
0 0.8125 0.1103515625 0.046875 0.029296875
0 0.005859375 0.1044921875 0.01171875 0.017578125
0 0.67578125 0.1083984375 0.02734375 0.029296875
0 0.3076171875 0.1015625 0.044921875 0.046875
0 0.3759765625 0.1005859375 0.044921875 0.048828125
0 0.0498046875 0.103515625 0.041015625 0.0546875
0 0.65234375 0.0908203125 0.03515625 0.033203125
0 0.9345703125 0.0927734375 0.044921875 0.048828125
0 0.6220703125 0.07421875 0.033203125 0.03515625
0 0.021484375 0.080078125 0.0390625 0.046875
0 0.9091796875 0.076171875 0.037109375 0.04296875
0 0.1953125 0.0947265625 0.08984375 0.080078125
0 0.5 0.07421875 0.04296875 0.046875
0 0.826171875 0.05859375 0.03515625 0.03125
0 0.2275390625 0.060546875 0.033203125 0.03515625
0 0.0078125 0.05859375 0.015625 0.03125
0 0.462890625 0.0556640625 0.03125 0.037109375
0 0.14453125 0.052734375 0.03515625 0.0390625
0 0.333984375 0.0625 0.06640625 0.0625
0 0.7470703125 0.052734375 0.037109375 0.046875
0 0.9833984375 0.0537109375 0.033203125 0.052734375
0 0.5634765625 0.03515625 0.033203125 0.03515625
0 0.8369140625 0.0283203125 0.041015625 0.025390625
0 0.7080078125 0.037109375 0.041015625 0.05078125
0 0.673828125 0.02734375 0.03515625 0.03125
0 0.9619140625 0.029296875 0.033203125 0.0390625
0 0.109375 0.0263671875 0.0390625 0.044921875
0 0.9365234375 0.013671875 0.029296875 0.02734375
0 0.8916015625 0.001953125 0.009765625 0.00390625
0 0.875 0.0078125 0.01953125 0.015625
0 0.84765625 0.001953125 0.00390625 0.00390625
0 0.7568359375 0.005859375 0.033203125 0.01171875
0 0.626953125 0.0107421875 0.03125 0.021484375
0 0.5400390625 0.013671875 0.029296875 0.02734375
0 0.5078125 0.0078125 0.0234375 0.015625
0 0.431640625 0.0244140625 0.0546875 0.048828125
0 0.373046875 0.0078125 0.02734375 0.015625
0 0.251953125 0.0185546875 0.03515625 0.037109375
0 0.0576171875 0.01171875 0.037109375 0.0234375