0 0.5771484375 0.9921875 0.029296875 0.015625
0 0.7294921875 0.9912109375 0.017578125 0.017578125
0 0.875 0.9873046875 0.02734375 0.025390625
0 0.63671875 0.986328125 0.03125 0.02734375
0 0.9951171875 0.9755859375 0.009765625 0.017578125
0 0.8154296875 0.9833984375 0.056640625 0.033203125
0 0.5517578125 0.982421875 0.041015625 0.03515625
0 0.91796875 0.98046875 0.0625 0.0390625
0 0.7890625 0.9658203125 0.03125 0.033203125
0 0.8310546875 0.951171875 0.021484375 0.01953125
0 0.8828125 0.958984375 0.0390625 0.0390625
0 0.6376953125 0.9345703125 0.037109375 0.021484375
0 0.505859375 0.927734375 0.0390625 0.04296875
0 0.361328125 0.943359375 0.0390625 0.078125
0 0.8515625 0.9248046875 0.05859375 0.064453125
0 0.998046875 0.8935546875 0.00390625 0.005859375
0 0.9677734375 0.931640625 0.064453125 0.08203125
0 0.48828125 0.9111328125 0.0390625 0.041015625
0 0.580078125 0.9033203125 0.03515625 0.033203125
0 0.9384765625 0.904296875 0.029296875 0.0390625
0 0.958984375 0.8818359375 0.01171875 0.013671875
0 0.455078125 0.876953125 0.03515625 0.03515625
0 0.9091796875 0.880859375 0.052734375 0.046875
0 0.9853515625 0.8681640625 0.029296875 0.037109375
0 0.552734375 0.8662109375 0.03515625 0.037109375
0 0.4453125 0.84765625 0.03515625 0.03515625
0 0.619140625 0.828125 0.03125 0.03125
0 0.3564453125 0.81640625 0.048828125 0.02734375
0 0.8642578125 0.8232421875 0.052734375 0.052734375
0 0.94921875 0.83203125 0.09375 0.07421875
0 0.7900390625 0.869140625 0.095703125 0.15234375
0 0.6025390625 0.80859375 0.033203125 0.03515625
0 0.58203125 0.787109375 0.0390625 0.0390625
0 0.462890625 0.77734375 0.03125 0.03125
0 0.8271484375 0.7783203125 0.041015625 0.037109375
0 0.541015625 0.7421875 0.03515625 0.0390625
0 0.615234375 0.7275390625 0.03125 0.029296875
0 0.392578125 0.7138671875 0.03515625 0.029296875
0 0.6005859375 0.7109375 0.029296875 0.02734375
0 0.8759765625 0.712890625 0.041015625 0.03515625
0 0.5224609375 0.7060546875 0.025390625 0.025390625
0 0.4482421875 0.6943359375 0.017578125 0.017578125
0 0.9638671875 0.7314453125 0.072265625 0.095703125
0 0.5830078125 0.6923828125 0.029296875 0.029296875
0 0.41015625 0.6845703125 0.03125 0.025390625
0 0.6669921875 0.7509765625 0.087890625 0.162109375
0 0.4775390625 0.673828125 0.033203125 0.03515625
0 0.568359375 0.6728515625 0.0390625 0.037109375
0 0.4326171875 0.66015625 0.025390625 0.02734375
0 0.5537109375 0.6533203125 0.037109375 0.033203125
0 0.62890625 0.654296875 0.03515625 0.0390625
0 0.4501953125 0.6416015625 0.029296875 0.029296875
0 0.537109375 0.63671875 0.03515625 0.03125
0 0.837890625 0.6728515625 0.0859375 0.111328125
0 0.609375 0.630859375 0.0390625 0.03515625
0 0.947265625 0.6376953125 0.10546875 0.052734375
0 0.521484375 0.619140625 0.0390625 0.03515625
0 0.8251953125 0.6005859375 0.013671875 0.013671875
0 0.7021484375 0.6201171875 0.052734375 0.056640625
0 0.587890625 0.60546875 0.04296875 0.03515625
0 0.5078125 0.6044921875 0.0390625 0.033203125
0 0.6611328125 0.5849609375 0.044921875 0.037109375
0 0.5703125 0.58203125 0.04296875 0.03515625
0 0.6494140625 0.5625 0.041015625 0.03515625
0 0.630859375 0.541015625 0.03515625 0.03125
0 0.7314453125 0.5390625 0.044921875 0.03515625
0 0.5517578125 0.5400390625 0.033203125 0.037109375
0 0.61328125 0.521484375 0.03125 0.02734375
0 0.7373046875 0.5068359375 0.037109375 0.025390625
0 0.583984375 0.4970703125 0.0390625 0.041015625
0 0.59765625 0.470703125 0.03515625 0.03515625
0 0.740234375 0.4658203125 0.0625 0.060546875
0 0.6142578125 0.4453125 0.033203125 0.03515625
0 0.7587890625 0.421875 0.044921875 0.03125
0 0.6328125 0.4228515625 0.03125 0.037109375
0 0.7626953125 0.390625 0.041015625 0.0234375
0 0.767578125 0.3623046875 0.046875 0.029296875
0 0.7119140625 0.3525390625 0.025390625 0.029296875
0 0.958984375 0.4091796875 0.08203125 0.169921875
0 0.68359375 0.337890625 0.0234375 0.0390625
0 0.6611328125 0.3310546875 0.025390625 0.033203125
0 0.7998046875 0.29296875 0.052734375 0.0625
0 0.7080078125 0.2470703125 0.041015625 0.029296875
0 0.74609375 0.236328125 0.0234375 0.01953125
0 0.7158203125 0.2197265625 0.041015625 0.029296875
0 0.80859375 0.21484375 0.0546875 0.03515625
0 0.7236328125 0.189453125 0.037109375 0.0234375
0 0.822265625 0.1826171875 0.0390625 0.021484375
0 0.6669921875 0.1337890625 0.056640625 0.068359375
0 0.638671875 0.1103515625 0.03515625 0.041015625
0 0.44140625 0.1162109375 0.078125 0.052734375
0 0.8349609375 0.1220703125 0.060546875 0.091796875
0 0.5791015625 0.0693359375 0.037109375 0.044921875
0 0.55078125 0.0498046875 0.03515625 0.033203125
0 0.689453125 0.0615234375 0.0625 0.060546875
0 0.646484375 0.0322265625 0.046875 0.041015625
0 0.34375 0.1181640625 0.22265625 0.212890625
0 0.6142578125 0.015625 0.025390625 0.02734375
0 0.8525390625 0.0380859375 0.056640625 0.076171875
0 0.7080078125 0.0087890625 0.029296875 0.017578125
0 0.5693359375 0.0029296875 0.005859375 0.005859375
0 0.50390625 0.017578125 0.0390625 0.03515625
0 0.4541015625 0.0029296875 0.009765625 0.005859375