0 0.0087890625 0.990234375 0.017578125 0.01953125
0 0.9287109375 0.984375 0.041015625 0.03125
0 0.080078125 0.984375 0.03125 0.03125
0 0.625 0.9736328125 0.09375 0.052734375
0 0.1796875 0.9609375 0.03125 0.03125
0 0.2607421875 0.966796875 0.056640625 0.046875
0 0.0283203125 0.955078125 0.029296875 0.03125
0 0.525390625 0.9560546875 0.1015625 0.064453125
0 0.1201171875 0.9296875 0.029296875 0.03125
0 0.205078125 0.9287109375 0.03125 0.033203125
0 0.06640625 0.8984375 0.02734375 0.02734375
0 0.1484375 0.89453125 0.02734375 0.02734375
0 0.861328125 0.9130859375 0.09765625 0.111328125
0 0.0986328125 0.861328125 0.025390625 0.02734375
0 0.212890625 0.8720703125 0.0625 0.072265625
0 0.1279296875 0.83203125 0.025390625 0.02734375
0 0.025390625 0.83984375 0.05078125 0.0859375
0 0.978515625 0.8466796875 0.04296875 0.154296875
0 0.1435546875 0.7861328125 0.056640625 0.064453125
0 0.083984375 0.7646484375 0.078125 0.076171875
0 0.59765625 0.748046875 0.04296875 0.046875
0 0.517578125 0.7626953125 0.125 0.115234375
0 0.0361328125 0.71875 0.056640625 0.0546875
0 0.7255859375 0.794921875 0.337890625 0.21875
0 0.2802734375 0.7783203125 0.263671875 0.298828125
0 0.916015625 0.56640625 0.16796875 0.12890625
0 0.1357421875 0.5625 0.150390625 0.2109375
0 0.8896484375 0.470703125 0.130859375 0.09375
0 0.001953125 0.4169921875 0.00390625 0.009765625
0 0.83203125 0.4140625 0.04296875 0.03515625
0 0.814453125 0.400390625 0.03125 0.02734375
0 0.076171875 0.40625 0.03515625 0.04296875
0 0.9970703125 0.34375 0.005859375 0.0078125
0 0.6328125 0.4013671875 0.37109375 0.259765625
0 0.4755859375 0.251953125 0.029296875 0.03125
0 0.9716796875 0.279296875 0.056640625 0.08984375
0 0.45703125 0.23046875 0.03515625 0.03515625
0 0.78515625 0.24609375 0.19140625 0.19140625
0 0.322265625 0.1865234375 0.25 0.208984375
0 0.9892578125 0.099609375 0.021484375 0.046875
0 0.287109375 0.0693359375 0.0625 0.052734375
0 0.90625 0.1435546875 0.1875 0.251953125
0 0.78515625 0.029296875 0.1484375 0.05859375
0 0.4228515625 0.009765625 0.037109375 0.01953125
0 0.34765625 0.0205078125 0.09375 0.041015625