0 0.4423828125 0.998046875 0.037109375 0.00390625
0 0.8486328125 0.9970703125 0.009765625 0.005859375
0 0.6787109375 0.9951171875 0.017578125 0.009765625
0 0.9609375 0.9873046875 0.0234375 0.025390625
0 0.580078125 0.9853515625 0.03515625 0.029296875
0 0.8232421875 0.9736328125 0.044921875 0.037109375
0 0.5048828125 0.962890625 0.048828125 0.04296875
0 0.703125 0.951171875 0.04296875 0.03125
0 0.32421875 0.947265625 0.05078125 0.046875
0 0.7548828125 0.93359375 0.037109375 0.02734375
0 0.8017578125 0.931640625 0.033203125 0.04296875
0 0.6171875 0.9326171875 0.03125 0.044921875
0 0.998046875 0.908203125 0.00390625 0.0078125
0 0.4150390625 0.912109375 0.041015625 0.0234375
0 0.9296875 0.9150390625 0.03515625 0.033203125
0 0.552734375 0.916015625 0.046875 0.046875
0 0.2568359375 0.892578125 0.044921875 0.03125
0 0.9755859375 0.8798828125 0.033203125 0.021484375
0 0.47265625 0.875 0.0390625 0.04296875
0 0.3623046875 0.8671875 0.052734375 0.03125
0 0.2197265625 0.859375 0.041015625 0.03515625
0 0.3154296875 0.8408203125 0.033203125 0.037109375
0 0.7265625 0.8369140625 0.0625 0.033203125
0 0.822265625 0.822265625 0.03125 0.02734375
0 0.5146484375 0.830078125 0.044921875 0.04296875
0 0.181640625 0.8212890625 0.0390625 0.037109375
0 0.0146484375 0.8193359375 0.029296875 0.033203125
0 0.8955078125 0.8037109375 0.044921875 0.021484375
0 0.62890625 0.81640625 0.04296875 0.05078125
0 0.9892578125 0.7978515625 0.021484375 0.037109375
0 0.1376953125 0.79296875 0.033203125 0.03515625
0 0.0380859375 0.787109375 0.025390625 0.0234375
0 0.431640625 0.7890625 0.046875 0.0390625
0 0.7607421875 0.775390625 0.029296875 0.01953125
0 0.3076171875 0.7744140625 0.072265625 0.041015625
0 0.232421875 0.7724609375 0.0390625 0.041015625
0 0.591796875 0.76171875 0.03515625 0.04296875
0 0.06640625 0.7548828125 0.02734375 0.029296875
0 0.3994140625 0.7470703125 0.041015625 0.037109375
0 0.9267578125 0.73046875 0.025390625 0.03515625
0 0.2080078125 0.7294921875 0.037109375 0.037109375
0 0.09765625 0.7255859375 0.03515625 0.029296875
0 0.541015625 0.728515625 0.04296875 0.046875
0 0.99609375 0.71875 0.0078125 0.04296875
0 0.048828125 0.7119140625 0.0390625 0.029296875
0 0.0107421875 0.7109375 0.021484375 0.03125
0 0.2412109375 0.7041015625 0.041015625 0.033203125
0 0.125 0.6943359375 0.02734375 0.029296875
0 0.5029296875 0.6875 0.048828125 0.046875
0 0.0205078125 0.67578125 0.029296875 0.03125
0 0.076171875 0.6748046875 0.0390625 0.033203125
0 0.275390625 0.673828125 0.03515625 0.03515625
0 0.9306640625 0.6767578125 0.033203125 0.052734375
0 0.166015625 0.6630859375 0.03125 0.037109375
0 0.1240234375 0.65625 0.021484375 0.0234375
0 0.4521484375 0.6611328125 0.052734375 0.041015625
0 0.3203125 0.658203125 0.0390625 0.04296875
0 0.0458984375 0.640625 0.029296875 0.03125
0 0.12109375 0.6240234375 0.01953125 0.021484375
0 0.9404296875 0.6181640625 0.021484375 0.029296875
0 0.216796875 0.611328125 0.01953125 0.01953125
0 0.3955078125 0.6064453125 0.021484375 0.041015625
0 0.2451171875 0.5966796875 0.033203125 0.029296875
0 0.1845703125 0.5947265625 0.033203125 0.033203125
0 0.1337890625 0.591796875 0.033203125 0.03515625
0 0.0810546875 0.5869140625 0.029296875 0.029296875
0 0.0078125 0.578125 0.015625 0.03515625
0 0.9677734375 0.568359375 0.033203125 0.03515625
0 0.4306640625 0.5478515625 0.044921875 0.044921875
0 0.3095703125 0.5244140625 0.025390625 0.033203125
0 0.4677734375 0.5087890625 0.041015625 0.041015625
0 0.8359375 0.5029296875 0.04296875 0.037109375
0 0.00390625 0.484375 0.0078125 0.015625
0 0.9248046875 0.490234375 0.041015625 0.03125
0 0.09375 0.4921875 0.0390625 0.03515625
0 0.2265625 0.4873046875 0.03515625 0.029296875
0 0.15625 0.482421875 0.046875 0.02734375
0 0.044921875 0.4892578125 0.0390625 0.041015625
0 0.771484375 0.4794921875 0.046875 0.029296875
0 0.5126953125 0.474609375 0.041015625 0.03125
0 0.369140625 0.47265625 0.03515625 0.03125
0 0.720703125 0.4609375 0.0390625 0.03515625
0 0.5556640625 0.4580078125 0.037109375 0.029296875
0 0.6708984375 0.4521484375 0.037109375 0.041015625
0 0.6142578125 0.44921875 0.037109375 0.03515625
0 0.00390625 0.42578125 0.0078125 0.015625
0 0.8525390625 0.4052734375 0.041015625 0.025390625
0 0.048828125 0.4033203125 0.02734375 0.029296875
0 0.7978515625 0.3955078125 0.041015625 0.021484375
0 0.283203125 0.4013671875 0.046875 0.041015625
0 0.923828125 0.3876953125 0.0390625 0.033203125
0 0.4208984375 0.3798828125 0.048828125 0.033203125
0 0.5810546875 0.3681640625 0.029296875 0.025390625
0 0.5107421875 0.3720703125 0.037109375 0.033203125
0 0.6845703125 0.359375 0.048828125 0.02734375
0 0.6259765625 0.361328125 0.041015625 0.03515625
0 0.1181640625 0.3623046875 0.037109375 0.041015625
0 0.375 0.35546875 0.0390625 0.03125
0 0.23828125 0.353515625 0.03515625 0.03125
0 0.162109375 0.3486328125 0.0390625 0.033203125
0 0.3359375 0.3291015625 0.03515625 0.033203125
0 0.990234375 0.326171875 0.01953125 0.03515625
0 0.205078125 0.310546875 0.03515625 0.0390625
0 0.009765625 0.3017578125 0.01953125 0.025390625
0 0.3017578125 0.3017578125 0.029296875 0.033203125
0 0.0517578125 0.2734375 0.041015625 0.0390625
0 0.2724609375 0.2666015625 0.033203125 0.037109375
0 0.1064453125 0.2529296875 0.037109375 0.033203125
0 0.005859375 0.23828125 0.01171875 0.01953125
0 0.310546875 0.240234375 0.03515625 0.02734375
0 0.84375 0.2314453125 0.02734375 0.025390625
0 0.01953125 0.2294921875 0.01953125 0.021484375
0 0.1494140625 0.224609375 0.029296875 0.03125
0 0.34765625 0.22265625 0.03515625 0.03125
0 0.80859375 0.224609375 0.02734375 0.0390625
0 0.0947265625 0.2099609375 0.025390625 0.021484375
0 0.0693359375 0.1962890625 0.017578125 0.017578125
0 0.9892578125 0.2001953125 0.021484375 0.029296875
0 0.1337890625 0.1962890625 0.021484375 0.021484375
0 0.880859375 0.19921875 0.02734375 0.03515625
0 0.2255859375 0.193359375 0.029296875 0.02734375
0 0.7900390625 0.19140625 0.033203125 0.03515625
0 0.0126953125 0.1904296875 0.025390625 0.033203125
0 0.1064453125 0.173828125 0.021484375 0.01953125
0 0.2666015625 0.1708984375 0.029296875 0.029296875
0 0.998046875 0.1572265625 0.00390625 0.005859375
0 0.9375 0.1689453125 0.02734375 0.029296875
0 0.767578125 0.1669921875 0.02734375 0.029296875
0 0.04296875 0.1669921875 0.03125 0.029296875
0 0.201171875 0.1640625 0.0234375 0.03125
0 0.2998046875 0.1513671875 0.025390625 0.025390625
0 0.21875 0.1416015625 0.015625 0.017578125
0 0.75 0.142578125 0.02734375 0.03125
0 0.0947265625 0.142578125 0.033203125 0.03125
0 0.26171875 0.1337890625 0.015625 0.017578125
0 0.8662109375 0.1494140625 0.037109375 0.052734375
0 0.8369140625 0.1376953125 0.029296875 0.029296875
0 0.986328125 0.1220703125 0.02734375 0.029296875
0 0.8994140625 0.1201171875 0.044921875 0.029296875
0 0.728515625 0.119140625 0.02734375 0.02734375
0 0.3701171875 0.12109375 0.037109375 0.03125
0 0.181640625 0.1220703125 0.04296875 0.033203125
0 0.8154296875 0.115234375 0.029296875 0.02734375
0 0.99609375 0.09765625 0.0078125 0.01171875
0 0.7119140625 0.0947265625 0.025390625 0.029296875
0 0.796875 0.0927734375 0.03125 0.029296875
0 0.955078125 0.0927734375 0.03125 0.033203125
0 0.880859375 0.091796875 0.03515625 0.03515625
0 0.02734375 0.0888671875 0.03125 0.029296875
0 0.423828125 0.0869140625 0.03125 0.029296875
0 0.140625 0.08984375 0.03125 0.03515625
0 0.353515625 0.083984375 0.02734375 0.03125
0 0.6923828125 0.0712890625 0.029296875 0.033203125
0 0.9296875 0.064453125 0.0234375 0.0234375
0 0.47265625 0.06640625 0.0390625 0.02734375
0 0.775390625 0.0673828125 0.03125 0.037109375
0 0.333984375 0.0615234375 0.03515625 0.029296875
0 0.25390625 0.05078125 0.0234375 0.01953125
0 0.8544921875 0.0517578125 0.029296875 0.029296875
0 0.6328125 0.052734375 0.03125 0.03125
0 0.1064453125 0.0517578125 0.029296875 0.029296875
0 0.50390625 0.0458984375 0.02734375 0.025390625
0 0.755859375 0.046875 0.03125 0.03125
0 0.3974609375 0.0458984375 0.029296875 0.029296875
0 0.306640625 0.04296875 0.03125 0.03125
0 0.6669921875 0.0400390625 0.029296875 0.029296875
0 0.990234375 0.037109375 0.01953125 0.03125
0 0.9052734375 0.03125 0.029296875 0.02734375
0 0.744140625 0.0205078125 0.0234375 0.021484375
0 0.533203125 0.021484375 0.03515625 0.03125
0 0.376953125 0.021484375 0.03125 0.03125
0 0.8251953125 0.0185546875 0.037109375 0.029296875
0 0.2919921875 0.017578125 0.025390625 0.02734375
0 0.9736328125 0.01171875 0.037109375 0.0234375
0 0.806640625 0.0048828125 0.0234375 0.009765625
0 0.7421875 0.001953125 0.00390625 0.00390625
0 0.720703125 0.0107421875 0.03125 0.021484375
0 0.5947265625 0.0048828125 0.013671875 0.009765625
0 0.365234375 0.0068359375 0.0234375 0.013671875
0 0.265625 0.013671875 0.01953125 0.02734375
0 0.2294921875 0.00390625 0.013671875 0.0078125
0 0.1689453125 0.005859375 0.021484375 0.01171875
0 0.1337890625 0.01171875 0.029296875 0.0234375
0 0.041015625 0.0068359375 0.02734375 0.013671875