0 0.7783203125 0.998046875 0.013671875 0.00390625
0 0.400390625 0.99609375 0.015625 0.0078125
0 0.248046875 0.994140625 0.04296875 0.01171875
0 0.0556640625 0.990234375 0.041015625 0.01953125
0 0.8896484375 0.982421875 0.080078125 0.03515625
0 0.2421875 0.96875 0.01953125 0.01953125
0 0.5302734375 0.978515625 0.037109375 0.04296875
0 0.6162109375 0.9775390625 0.068359375 0.044921875
0 0.400390625 0.9697265625 0.01953125 0.029296875
0 0.6845703125 0.9765625 0.044921875 0.046875
0 0.728515625 0.974609375 0.03125 0.046875
0 0.3330078125 0.974609375 0.064453125 0.05078125
0 0.1513671875 0.9677734375 0.025390625 0.037109375
0 0.1044921875 0.95703125 0.021484375 0.02734375
0 0.9921875 0.943359375 0.015625 0.015625
0 0.072265625 0.9462890625 0.02734375 0.025390625
0 0.0126953125 0.927734375 0.025390625 0.0390625
0 0.1201171875 0.8857421875 0.025390625 0.037109375
0 0.09375 0.87890625 0.02734375 0.03515625
0 0.0673828125 0.87109375 0.025390625 0.03515625
0 0.044921875 0.857421875 0.02734375 0.04296875
0 0.0166015625 0.8466796875 0.029296875 0.041015625
0 0.1240234375 0.8125 0.021484375 0.01953125
0 0.4833984375 0.8291015625 0.068359375 0.115234375
0 0.1259765625 0.771484375 0.021484375 0.01953125
0 0.0888671875 0.7685546875 0.025390625 0.033203125
0 0.0634765625 0.7607421875 0.025390625 0.033203125
0 0.0400390625 0.751953125 0.021484375 0.02734375
0 0.697265625 0.8095703125 0.0546875 0.158203125
0 0.0146484375 0.7470703125 0.025390625 0.033203125
0 0.291015625 0.794921875 0.19140625 0.19921875
0 0.1650390625 0.7080078125 0.025390625 0.029296875
0 0.13671875 0.7001953125 0.0234375 0.033203125
0 0.111328125 0.6943359375 0.0234375 0.029296875
0 0.056640625 0.6826171875 0.0234375 0.025390625
0 0.083984375 0.68359375 0.02734375 0.0390625
0 0.029296875 0.671875 0.0234375 0.03515625
0 0.0087890625 0.66796875 0.017578125 0.02734375
0 0.1650390625 0.6025390625 0.021484375 0.021484375
0 0.134765625 0.5966796875 0.01953125 0.021484375
0 0.1015625 0.5869140625 0.0234375 0.025390625
0 0.0693359375 0.580078125 0.021484375 0.0234375
0 0.0419921875 0.5693359375 0.021484375 0.017578125
0 0.0126953125 0.560546875 0.021484375 0.0234375
0 0.318359375 0.6005859375 0.1015625 0.138671875
0 0.5390625 0.6298828125 0.1796875 0.216796875
0 0.171875 0.537109375 0.0234375 0.03125
0 0.123046875 0.5234375 0.03515625 0.0234375
0 0.9609375 0.5068359375 0.0078125 0.009765625
0 0.0546875 0.5087890625 0.0234375 0.029296875
0 0.091796875 0.5078125 0.02734375 0.03125
0 0.171875 0.5009765625 0.03125 0.025390625
0 0.00390625 0.498046875 0.0078125 0.01953125
0 0.029296875 0.4970703125 0.0234375 0.029296875
0 0.19921875 0.48828125 0.01953125 0.01953125
0 0.181640625 0.466796875 0.0234375 0.01953125
0 0.0400390625 0.4658203125 0.037109375 0.021484375
0 0.1416015625 0.45703125 0.021484375 0.01953125
0 0.1005859375 0.4482421875 0.029296875 0.021484375
0 0.060546875 0.4375 0.02734375 0.01953125
0 0.3203125 0.4521484375 0.09375 0.060546875
0 0.02734375 0.4326171875 0.01953125 0.037109375
0 0.1865234375 0.4091796875 0.021484375 0.021484375
0 0.1455078125 0.396484375 0.033203125 0.01953125
0 0.5390625 0.431640625 0.171875 0.10546875
0 0.0927734375 0.3916015625 0.025390625 0.033203125
0 0.1728515625 0.37109375 0.017578125 0.015625
0 0.05078125 0.3701171875 0.01953125 0.025390625
0 0.009765625 0.36328125 0.01953125 0.01953125
0 0.7783203125 0.5244140625 0.232421875 0.361328125
0 0.1982421875 0.3349609375 0.017578125 0.021484375
0 0.1640625 0.3330078125 0.0234375 0.029296875
0 0.12890625 0.326171875 0.0234375 0.02734375
0 0.1044921875 0.3134765625 0.021484375 0.021484375
0 0.078125 0.3076171875 0.0234375 0.021484375
0 0.0498046875 0.302734375 0.021484375 0.0234375
0 0.5634765625 0.3017578125 0.029296875 0.025390625
0 0.0205078125 0.296875 0.021484375 0.0234375
0 0.4921875 0.283203125 0.03125 0.0234375
0 0.6630859375 0.2802734375 0.025390625 0.021484375
0 0.455078125 0.2763671875 0.02734375 0.017578125
0 0.2060546875 0.271484375 0.017578125 0.01953125
0 0.4169921875 0.2685546875 0.029296875 0.017578125
0 0.3427734375 0.271484375 0.029296875 0.0234375
0 0.3046875 0.26953125 0.02734375 0.01953125
0 0.57421875 0.26953125 0.03125 0.0234375
0 0.380859375 0.2646484375 0.02734375 0.017578125
0 0.1806640625 0.2626953125 0.021484375 0.033203125
0 0.15625 0.2568359375 0.0234375 0.033203125
0 0.666015625 0.25 0.03125 0.02734375
0 0.1298828125 0.2529296875 0.021484375 0.033203125
0 0.5234375 0.25 0.02734375 0.03515625
0 0.8271484375 0.26953125 0.111328125 0.078125
0 0.26953125 0.24609375 0.03125 0.03515625
0 0.1044921875 0.2470703125 0.021484375 0.037109375
0 0.078125 0.2421875 0.0234375 0.03125
0 0.591796875 0.2392578125 0.0390625 0.029296875
0 0.029296875 0.2373046875 0.0234375 0.033203125
0 0.68359375 0.22265625 0.03125 0.02734375
0 0.1083984375 0.2119140625 0.017578125 0.017578125
0 0.078125 0.2080078125 0.01953125 0.013671875
0 0.4326171875 0.2080078125 0.029296875 0.021484375
0 0.05859375 0.203125 0.015625 0.015625
0 0.00390625 0.2021484375 0.0078125 0.017578125
0 0.5283203125 0.20703125 0.025390625 0.03125
0 0.3916015625 0.2021484375 0.029296875 0.021484375
0 0.3544921875 0.201171875 0.029296875 0.01953125
0 0.587890625 0.2021484375 0.03515625 0.025390625
0 0.2685546875 0.1962890625 0.021484375 0.029296875
0 0.966796875 0.2392578125 0.06640625 0.123046875
0 0.736328125 0.1796875 0.0234375 0.01953125
0 0.1953125 0.173828125 0.01953125 0.01953125
0 0.7060546875 0.17578125 0.021484375 0.02734375
0 0.1650390625 0.173828125 0.021484375 0.03125
0 0.0107421875 0.169921875 0.021484375 0.0234375
0 0.1337890625 0.1689453125 0.021484375 0.025390625
0 0.677734375 0.169921875 0.02734375 0.03125
0 0.5458984375 0.16796875 0.029296875 0.03125
0 0.6171875 0.162109375 0.02734375 0.02734375
0 0.439453125 0.1650390625 0.02734375 0.033203125
0 0.3310546875 0.1640625 0.025390625 0.03125
0 0.1064453125 0.1669921875 0.021484375 0.037109375
0 0.0771484375 0.16015625 0.025390625 0.02734375
0 0.5869140625 0.1552734375 0.025390625 0.025390625
0 0.0458984375 0.15625 0.021484375 0.03125
0 0.2734375 0.150390625 0.01953125 0.02734375
0 0.0078125 0.14453125 0.015625 0.01953125
0 0.509765625 0.13671875 0.03125 0.02734375
0 0.46875 0.1357421875 0.03125 0.025390625
0 0.828125 0.1318359375 0.0234375 0.021484375
0 0.333984375 0.1279296875 0.0234375 0.029296875
0 0.1943359375 0.115234375 0.025390625 0.01953125
0 0.275390625 0.1142578125 0.01953125 0.025390625
0 0.7412109375 0.1083984375 0.025390625 0.021484375
0 0.408203125 0.1044921875 0.03125 0.021484375
0 0.8154296875 0.103515625 0.029296875 0.02734375
0 0.7099609375 0.1015625 0.025390625 0.0234375
0 0.1630859375 0.1064453125 0.025390625 0.033203125
0 0.130859375 0.1025390625 0.0234375 0.033203125
0 0.681640625 0.0947265625 0.0234375 0.025390625
0 0.7724609375 0.0908203125 0.025390625 0.021484375
0 0.1005859375 0.095703125 0.021484375 0.03125
0 0.34765625 0.0908203125 0.03515625 0.025390625
0 0.015625 0.087890625 0.03125 0.02734375
0 0.064453125 0.0888671875 0.0234375 0.033203125
0 0.6220703125 0.08203125 0.025390625 0.02734375
0 0.6533203125 0.0859375 0.029296875 0.046875
0 0.591796875 0.076171875 0.02734375 0.02734375
0 0.2607421875 0.0693359375 0.033203125 0.021484375
0 0.94140625 0.0771484375 0.078125 0.041015625
0 0.5625 0.06640625 0.0234375 0.0234375
0 0.0439453125 0.0634765625 0.013671875 0.017578125
0 0.7294921875 0.0546875 0.009765625 0.0078125
0 0.1337890625 0.0595703125 0.013671875 0.017578125
0 0.2041015625 0.0625 0.029296875 0.02734375
0 0.50390625 0.0546875 0.02734375 0.0234375
0 0.15625 0.0546875 0.03125 0.02734375
0 0.85546875 0.0595703125 0.0859375 0.041015625
0 0.7705078125 0.0498046875 0.037109375 0.021484375
0 0.533203125 0.0546875 0.02734375 0.03125
0 0.47265625 0.0478515625 0.0234375 0.025390625
0 0.3798828125 0.0380859375 0.029296875 0.021484375
0 0.091796875 0.0390625 0.02734375 0.0234375
0 0.4130859375 0.0361328125 0.025390625 0.021484375
0 0.0283203125 0.0361328125 0.029296875 0.021484375
0 0.443359375 0.0380859375 0.02734375 0.033203125
0 0.341796875 0.029296875 0.03125 0.01953125
0 0.3076171875 0.0205078125 0.029296875 0.021484375
0 0.271484375 0.0126953125 0.02734375 0.021484375
0 0.873046875 0.01171875 0.0546875 0.0234375
0 0.7470703125 0.0185546875 0.072265625 0.037109375
0 0.6806640625 0.0078125 0.021484375 0.015625
0 0.638671875 0.0068359375 0.02734375 0.013671875
0 0.580078125 0.0087890625 0.015625 0.017578125
0 0.556640625 0.0068359375 0.015625 0.013671875
0 0.2197265625 0.0087890625 0.017578125 0.017578125
0 0.1904296875 0.005859375 0.017578125 0.01171875
0 0.15625 0.0029296875 0.01171875 0.005859375