0 0.0625 0.998046875 0.00390625 0.00390625
0 0.66796875 0.9931640625 0.0234375 0.013671875
0 0.927734375 0.9921875 0.02734375 0.015625
0 0.849609375 0.9873046875 0.01953125 0.025390625
0 0.1806640625 0.984375 0.041015625 0.03125
0 0.49609375 0.9833984375 0.0234375 0.033203125
0 0.5732421875 0.98046875 0.029296875 0.0390625
0 0.7451171875 0.966796875 0.021484375 0.03125
0 0.931640625 0.95703125 0.01953125 0.03515625
0 0.673828125 0.943359375 0.03125 0.0390625
0 0.8515625 0.939453125 0.03125 0.0390625
0 0.138671875 0.935546875 0.03125 0.03125
0 0.9375 0.9130859375 0.01953125 0.029296875
0 0.7705078125 0.90625 0.025390625 0.03515625
0 0.2705078125 0.8935546875 0.009765625 0.021484375
0 0.8603515625 0.888671875 0.025390625 0.02734375
0 0.6845703125 0.880859375 0.025390625 0.03515625
0 0.2099609375 0.880859375 0.033203125 0.0390625
0 0.9453125 0.8671875 0.02734375 0.02734375
0 0.240234375 0.8623046875 0.02734375 0.041015625
0 0.0927734375 0.85546875 0.029296875 0.03125
0 0.8701171875 0.8427734375 0.017578125 0.021484375
0 0.775390625 0.8447265625 0.02734375 0.037109375
0 0.677734375 0.8251953125 0.03125 0.033203125
0 0.2236328125 0.8115234375 0.107421875 0.048828125
0 0.8662109375 0.7958984375 0.029296875 0.037109375
0 0.55078125 0.7939453125 0.05078125 0.044921875
0 0.97265625 0.7841796875 0.0390625 0.037109375
0 0.779296875 0.7705078125 0.01953125 0.033203125
0 0.998046875 0.7353515625 0.00390625 0.005859375
0 0.6826171875 0.7470703125 0.017578125 0.037109375
0 0.873046875 0.744140625 0.0234375 0.03515625
0 0.779296875 0.71484375 0.0234375 0.03515625
0 0.6953125 0.6904296875 0.0234375 0.037109375
0 0.8779296875 0.6845703125 0.029296875 0.033203125
0 0.025390625 0.6572265625 0.04296875 0.033203125
0 0.7822265625 0.6591796875 0.021484375 0.041015625
0 0.9482421875 0.640625 0.025390625 0.03125
0 0.6943359375 0.630859375 0.021484375 0.03515625
0 0.767578125 0.6083984375 0.02734375 0.037109375
0 0.9638671875 0.5947265625 0.021484375 0.033203125
0 0.6708984375 0.564453125 0.025390625 0.05078125
0 0.966796875 0.544921875 0.0234375 0.02734375
0 0.75 0.55078125 0.03125 0.0390625
0 0.9697265625 0.4921875 0.017578125 0.02734375
0 0.748046875 0.4931640625 0.02734375 0.037109375
0 0.6708984375 0.4951171875 0.025390625 0.041015625
0 0.8173828125 0.4443359375 0.037109375 0.033203125
0 0.9677734375 0.4345703125 0.017578125 0.029296875
0 0.748046875 0.4375 0.0234375 0.03515625
0 0.6708984375 0.4375 0.025390625 0.03515625
0 0.8779296875 0.4228515625 0.041015625 0.033203125
0 0.9580078125 0.3857421875 0.048828125 0.025390625
0 0.6728515625 0.3818359375 0.025390625 0.033203125
0 0.7529296875 0.37109375 0.021484375 0.0390625
0 0.87890625 0.3330078125 0.03515625 0.029296875
0 0.8203125 0.3291015625 0.0390625 0.029296875
0 0.9267578125 0.3173828125 0.037109375 0.025390625
0 0.673828125 0.322265625 0.02734375 0.0390625
0 0.7568359375 0.3115234375 0.025390625 0.033203125
0 0.9775390625 0.2978515625 0.033203125 0.025390625
0 0.6796875 0.2568359375 0.0234375 0.033203125
0 0.767578125 0.2529296875 0.04296875 0.041015625
0 0.8359375 0.220703125 0.0390625 0.02734375
0 0.9287109375 0.21484375 0.033203125 0.03125
0 0.98828125 0.1806640625 0.0234375 0.041015625
0 0.5009765625 0.1650390625 0.033203125 0.037109375
0 0.9443359375 0.1513671875 0.033203125 0.037109375
0 0.7763671875 0.1279296875 0.037109375 0.021484375
0 0.833984375 0.1220703125 0.04296875 0.029296875
0 0.623046875 0.1181640625 0.03515625 0.033203125
0 0.6962890625 0.123046875 0.056640625 0.046875
0 0.8935546875 0.103515625 0.041015625 0.01953125
0 0.529296875 0.1162109375 0.01953125 0.052734375
0 0.4384765625 0.0927734375 0.021484375 0.029296875
0 0.9580078125 0.0712890625 0.029296875 0.029296875
0 0.7490234375 0.0712890625 0.044921875 0.041015625
0 0.580078125 0.0673828125 0.0234375 0.037109375
0 0.44140625 0.05078125 0.0234375 0.03125
0 0.521484375 0.037109375 0.0234375 0.03125
0 0.6494140625 0.021484375 0.025390625 0.03125
0 0.904296875 0.0068359375 0.03125 0.013671875
0 0.779296875 0.0185546875 0.0234375 0.037109375
0 0.6904296875 0.005859375 0.021484375 0.01171875
0 0.4423828125 0.005859375 0.025390625 0.01171875
0 0.1318359375 0.005859375 0.037109375 0.01171875