0 0.96484375 0.9365234375 0.0703125 0.087890625
0 0.01171875 0.89453125 0.0234375 0.02734375
0 0.5 0.880859375 0.125 0.0625
0 0.947265625 0.84375 0.10546875 0.08984375
0 0.0556640625 0.8515625 0.111328125 0.125
0 0.6015625 0.841796875 0.5078125 0.14453125
0 0.9326171875 0.7607421875 0.134765625 0.107421875
0 0.0498046875 0.609375 0.099609375 0.078125
0 0.5537109375 0.6015625 0.427734375 0.07421875
0 0.060546875 0.5693359375 0.0859375 0.052734375
0 0.6083984375 0.5556640625 0.087890625 0.044921875
0 0.671875 0.5361328125 0.03515625 0.037109375
0 0.7138671875 0.5361328125 0.052734375 0.064453125
0 0.90234375 0.546875 0.1953125 0.13671875
0 0.0478515625 0.455078125 0.095703125 0.04296875
0 0.88671875 0.4833984375 0.2265625 0.138671875
0 0.5712890625 0.4658203125 0.275390625 0.119140625
0 0.5087890625 0.4384765625 0.341796875 0.197265625
0 0.865234375 0.380859375 0.26953125 0.125
0 0.267578125 0.2841796875 0.0390625 0.033203125
0 0.853515625 0.296875 0.29296875 0.15234375
0 0.486328125 0.3017578125 0.3125 0.189453125
0 0.830078125 0.17578125 0.33984375 0.171875