0 0.7578125 0.9951171875 0.02734375 0.009765625
0 0.7255859375 0.9892578125 0.033203125 0.021484375
0 0.5048828125 0.986328125 0.029296875 0.02734375
0 0.6708984375 0.9765625 0.029296875 0.03125
0 0.6416015625 0.970703125 0.033203125 0.0390625
0 0.41796875 0.966796875 0.046875 0.046875
0 0.8271484375 0.9619140625 0.033203125 0.041015625
0 0.3701171875 0.9560546875 0.037109375 0.029296875
0 0.9931640625 0.9541015625 0.013671875 0.033203125
0 0.234375 0.962890625 0.05078125 0.0546875
0 0.798828125 0.9521484375 0.03125 0.041015625
0 0.1435546875 0.9658203125 0.068359375 0.068359375
0 0.0458984375 0.9501953125 0.044921875 0.037109375
0 0.9775390625 0.9443359375 0.025390625 0.037109375
0 0.771484375 0.9404296875 0.03125 0.041015625
0 0.955078125 0.93359375 0.02734375 0.0390625
0 0.7431640625 0.9296875 0.033203125 0.04296875
0 0.373046875 0.9248046875 0.0390625 0.033203125
0 0.0048828125 0.9189453125 0.009765625 0.021484375
0 0.931640625 0.92578125 0.02734375 0.0390625
0 0.9072265625 0.916015625 0.029296875 0.0390625
0 0.8828125 0.908203125 0.02734375 0.0390625
0 0.6943359375 0.9140625 0.068359375 0.05859375
0 0.861328125 0.8994140625 0.02734375 0.037109375
0 0.8388671875 0.890625 0.029296875 0.0390625
0 0.814453125 0.8828125 0.02734375 0.0390625
0 0.791015625 0.873046875 0.02734375 0.0390625
0 0.076171875 0.87109375 0.0390625 0.03515625
0 0.57421875 0.8740234375 0.046875 0.044921875
0 0.3818359375 0.8759765625 0.060546875 0.056640625
0 0.76953125 0.865234375 0.02734375 0.0390625
0 0.9912109375 0.8662109375 0.017578125 0.044921875
0 0.744140625 0.85546875 0.03125 0.0390625
0 0.5400390625 0.8564453125 0.029296875 0.048828125
0 0.96875 0.85546875 0.04296875 0.05078125
0 0.1005859375 0.8486328125 0.037109375 0.037109375
0 0.720703125 0.8466796875 0.02734375 0.041015625
0 0.0166015625 0.8486328125 0.033203125 0.044921875
0 0.001953125 0.8251953125 0.00390625 0.005859375
0 0.9345703125 0.84375 0.044921875 0.05078125
0 0.7001953125 0.8388671875 0.029296875 0.041015625
0 0.12890625 0.8330078125 0.03515625 0.033203125
0 0.064453125 0.8291015625 0.02734375 0.029296875
0 0.587890625 0.8349609375 0.046875 0.048828125
0 0.4619140625 0.8310546875 0.029296875 0.041015625
0 0.67578125 0.8310546875 0.03125 0.044921875
0 0.90234375 0.8310546875 0.04296875 0.048828125
0 0.158203125 0.818359375 0.03515625 0.03515625
0 0.6552734375 0.8232421875 0.029296875 0.048828125
0 0.001953125 0.8017578125 0.00390625 0.005859375
0 0.8671875 0.81640625 0.04296875 0.0546875
0 0.2001953125 0.806640625 0.029296875 0.03515625
0 0.0947265625 0.8017578125 0.029296875 0.025390625
0 0.833984375 0.8037109375 0.04296875 0.052734375
0 0.2421875 0.7978515625 0.04296875 0.044921875
0 0.005859375 0.78515625 0.01171875 0.01953125
0 0.6005859375 0.794921875 0.048828125 0.046875
0 0.314453125 0.7861328125 0.03515625 0.033203125
0 0.80078125 0.791015625 0.04296875 0.05078125
0 0.5654296875 0.787109375 0.029296875 0.04296875
0 0.4091796875 0.7841796875 0.048828125 0.037109375
0 0.53515625 0.78125 0.02734375 0.03515625
0 0.9873046875 0.7724609375 0.025390625 0.037109375
0 0.0107421875 0.765625 0.021484375 0.0234375
0 0.494140625 0.765625 0.03515625 0.0390625
0 0.4365234375 0.751953125 0.037109375 0.0390625
0 0.9580078125 0.7568359375 0.048828125 0.052734375
0 0.1279296875 0.751953125 0.037109375 0.04296875
0 0.0146484375 0.7421875 0.029296875 0.03125
0 0.921875 0.73828125 0.0390625 0.046875
0 0.20703125 0.7333984375 0.03515625 0.037109375
0 0.7236328125 0.7587890625 0.130859375 0.091796875
0 0.1005859375 0.7333984375 0.041015625 0.041015625
0 0.8876953125 0.72265625 0.037109375 0.03515625
0 0.0771484375 0.712890625 0.037109375 0.0390625
0 0.228515625 0.7099609375 0.03515625 0.037109375
0 0.9921875 0.689453125 0.015625 0.0234375
0 0.4990234375 0.693359375 0.029296875 0.03515625
0 0.0546875 0.69140625 0.03515625 0.03515625
0 0.599609375 0.7060546875 0.0703125 0.076171875
0 0.474609375 0.685546875 0.02734375 0.03515625
0 0.529296875 0.6884765625 0.03125 0.048828125
0 0.44921875 0.6767578125 0.02734375 0.037109375
0 0.169921875 0.6708984375 0.0390625 0.041015625
0 0.765625 0.6796875 0.12109375 0.0703125
0 0.0390625 0.658203125 0.03515625 0.03515625
0 0.2900390625 0.6806640625 0.083984375 0.083984375
0 0.12109375 0.6572265625 0.03515625 0.037109375
0 0.1904296875 0.6455078125 0.037109375 0.037109375
0 0.9169921875 0.6552734375 0.123046875 0.064453125
0 0.9609375 0.6376953125 0.03125 0.033203125
0 0.2109375 0.630859375 0.02734375 0.02734375
0 0.0205078125 0.6318359375 0.041015625 0.033203125
0 0.48828125 0.6298828125 0.05859375 0.041015625
0 0.927734375 0.623046875 0.0390625 0.03515625
0 0.3935546875 0.61328125 0.041015625 0.03515625
0 0.1015625 0.62109375 0.0546875 0.05078125
0 0.8935546875 0.6103515625 0.029296875 0.033203125
0 0.62109375 0.6318359375 0.125 0.083984375
0 0.2314453125 0.6044921875 0.029296875 0.029296875
0 0.548828125 0.6064453125 0.0390625 0.056640625
0 0.0205078125 0.587890625 0.041015625 0.03125
0 0.5009765625 0.587890625 0.056640625 0.04296875
0 0.8212890625 0.58984375 0.037109375 0.0546875
0 0.0966796875 0.5693359375 0.037109375 0.033203125
0 0.296875 0.5654296875 0.02734375 0.029296875
0 0.408203125 0.57421875 0.05078125 0.0546875
0 0.9658203125 0.56640625 0.068359375 0.046875
0 0.37890625 0.5517578125 0.03515625 0.037109375
0 0.0087890625 0.5341796875 0.017578125 0.025390625
0 0.3544921875 0.529296875 0.033203125 0.03515625
0 0.8740234375 0.5341796875 0.115234375 0.056640625
0 0.9853515625 0.5009765625 0.029296875 0.044921875
0 0.94140625 0.4853515625 0.0234375 0.041015625
0 0.9130859375 0.4755859375 0.025390625 0.037109375
0 0.8857421875 0.4677734375 0.021484375 0.037109375
0 0.85546875 0.4580078125 0.02734375 0.037109375
0 0.4140625 0.462890625 0.046875 0.046875
0 0.78125 0.5078125 0.109375 0.19140625
0 0.994140625 0.4267578125 0.01171875 0.033203125
0 0.9619140625 0.419921875 0.029296875 0.03125
0 0.3798828125 0.4130859375 0.041015625 0.044921875
0 0.453125 0.400390625 0.03515625 0.046875
0 0.880859375 0.3935546875 0.05078125 0.048828125
0 0.2314453125 0.4541015625 0.177734375 0.177734375
0 0.478515625 0.3798828125 0.03125 0.037109375
0 0.8466796875 0.3798828125 0.033203125 0.041015625
0 0.361328125 0.3759765625 0.04296875 0.037109375
0 0.142578125 0.3916015625 0.06640625 0.072265625
0 0.8134765625 0.369140625 0.052734375 0.046875
0 0.5 0.359375 0.03515625 0.03515625
0 0.7529296875 0.3525390625 0.033203125 0.041015625
0 0.9833984375 0.3515625 0.029296875 0.046875
0 0.3486328125 0.3408203125 0.033203125 0.029296875
0 0.9619140625 0.3427734375 0.025390625 0.041015625
0 0.5185546875 0.337890625 0.029296875 0.03515625
0 0.939453125 0.3359375 0.02734375 0.04296875
0 0.7177734375 0.337890625 0.052734375 0.05078125
0 0.9169921875 0.326171875 0.029296875 0.0390625
0 0.6708984375 0.322265625 0.037109375 0.0390625
0 0.8916015625 0.322265625 0.029296875 0.04296875
0 0.5400390625 0.3193359375 0.033203125 0.037109375
0 0.8447265625 0.3212890625 0.072265625 0.044921875
0 0.228515625 0.3291015625 0.05859375 0.060546875
0 0.7734375 0.3095703125 0.04296875 0.033203125
0 0.322265625 0.3037109375 0.046875 0.044921875
0 0.1865234375 0.287109375 0.033203125 0.03515625
0 0.1630859375 0.2763671875 0.033203125 0.033203125
0 0.576171875 0.2744140625 0.0390625 0.041015625
0 0.4951171875 0.271484375 0.041015625 0.03515625
0 0.1357421875 0.267578125 0.025390625 0.03125
0 0.71484375 0.2666015625 0.03515625 0.037109375
0 0.8369140625 0.2646484375 0.068359375 0.041015625
0 0.28125 0.2666015625 0.04296875 0.044921875
0 0.111328125 0.2587890625 0.02734375 0.033203125
0 0.251953125 0.2490234375 0.03125 0.029296875
0 0.4716796875 0.251953125 0.041015625 0.0390625
0 0.3935546875 0.2451171875 0.025390625 0.025390625
0 0.0869140625 0.25 0.029296875 0.03515625
0 0.9130859375 0.25390625 0.037109375 0.046875
0 0.064453125 0.2412109375 0.0234375 0.025390625
0 0.759765625 0.248046875 0.0546875 0.06640625
0 0.556640625 0.2333984375 0.0390625 0.037109375
0 0.453125 0.2255859375 0.04296875 0.037109375
0 0.7978515625 0.2236328125 0.029296875 0.041015625
0 0.6396484375 0.220703125 0.044921875 0.04296875
0 0.8251953125 0.21484375 0.033203125 0.04296875
0 0.439453125 0.2001953125 0.03515625 0.029296875
0 0.681640625 0.2021484375 0.0390625 0.037109375
0 0.5283203125 0.19921875 0.037109375 0.03515625
0 0.609375 0.1904296875 0.03125 0.033203125
0 0.1298828125 0.1943359375 0.041015625 0.041015625
0 0.4091796875 0.1923828125 0.044921875 0.041015625
0 0.7109375 0.1845703125 0.0546875 0.056640625
0 0.5498046875 0.173828125 0.041015625 0.0390625
0 0.3876953125 0.16015625 0.044921875 0.03515625
0 0.1513671875 0.1630859375 0.041015625 0.041015625
0 0.7431640625 0.1630859375 0.056640625 0.060546875
0 0.08203125 0.150390625 0.0390625 0.0390625
0 0.5693359375 0.1484375 0.041015625 0.0390625
0 0.177734375 0.1318359375 0.0390625 0.037109375
0 0.68359375 0.1318359375 0.046875 0.041015625
0 0.384765625 0.1279296875 0.03515625 0.033203125
0 0.1083984375 0.1220703125 0.037109375 0.037109375
0 0.5869140625 0.12109375 0.041015625 0.0390625
0 0.4873046875 0.1181640625 0.033203125 0.033203125
0 0.2041015625 0.115234375 0.041015625 0.0390625
0 0.6171875 0.0966796875 0.0390625 0.041015625
0 0.361328125 0.099609375 0.05078125 0.046875
0 0.134765625 0.0927734375 0.03515625 0.037109375
0 0.662109375 0.0888671875 0.03515625 0.033203125
0 0.4697265625 0.087890625 0.029296875 0.03125
0 0.51953125 0.083984375 0.03515625 0.03515625
0 0.244140625 0.0830078125 0.03515625 0.033203125
0 0.072265625 0.072265625 0.04296875 0.04296875
0 0.5380859375 0.0625 0.033203125 0.03125
0 0.2265625 0.06640625 0.03515625 0.0390625
0 0.4345703125 0.0654296875 0.044921875 0.044921875
0 0.4619140625 0.0458984375 0.037109375 0.037109375
0 0.556640625 0.041015625 0.03515625 0.03515625
0 0.4765625 0.029296875 0.03515625 0.03515625
0 0.513671875 0.009765625 0.03125 0.01953125
0 0.494140625 0.0166015625 0.0390625 0.033203125
0 0.431640625 0.0048828125 0.015625 0.009765625
0 0.40234375 0.021484375 0.05078125 0.04296875