0 0.615234375 0.9931640625 0.015625 0.013671875
0 0.3720703125 0.9892578125 0.029296875 0.021484375
0 0.4169921875 0.984375 0.021484375 0.01953125
0 0.8291015625 0.9794921875 0.029296875 0.025390625
0 0.486328125 0.9814453125 0.05859375 0.037109375
0 0.740234375 0.966796875 0.0390625 0.03125
0 0.69140625 0.9677734375 0.0390625 0.037109375
0 0.978515625 0.9599609375 0.03515625 0.029296875
0 0.5830078125 0.9716796875 0.056640625 0.056640625
0 0.4599609375 0.962890625 0.037109375 0.0390625
0 0.904296875 0.9521484375 0.0390625 0.029296875
0 0.8203125 0.9501953125 0.0390625 0.025390625
0 0.408203125 0.9443359375 0.0234375 0.021484375
0 0.345703125 0.9609375 0.0625 0.05859375
0 0.734375 0.939453125 0.04296875 0.03125
0 0.4384765625 0.9384765625 0.033203125 0.033203125
0 0.212890625 0.9560546875 0.0390625 0.068359375
0 0.552734375 0.9404296875 0.0390625 0.041015625
0 0.6220703125 0.9345703125 0.037109375 0.033203125
0 0.8955078125 0.9208984375 0.033203125 0.025390625
0 0.2998046875 0.927734375 0.037109375 0.0390625
0 0.5302734375 0.919921875 0.037109375 0.0390625
0 0.408203125 0.9140625 0.0390625 0.03515625
0 0.6025390625 0.912109375 0.033203125 0.0390625
0 0.9658203125 0.90625 0.041015625 0.03125
0 0.8115234375 0.9140625 0.052734375 0.046875
0 0.505859375 0.8984375 0.04296875 0.046875
0 0.38671875 0.890625 0.03125 0.03125
0 0.5830078125 0.888671875 0.041015625 0.0390625
0 0.94921875 0.8798828125 0.03125 0.033203125
0 0.6728515625 0.876953125 0.033203125 0.03125
0 0.4833984375 0.876953125 0.041015625 0.0390625
0 0.564453125 0.8671875 0.03515625 0.03125
0 0.71875 0.865234375 0.03125 0.046875
0 0.357421875 0.8681640625 0.0546875 0.052734375
0 0.259765625 0.857421875 0.02734375 0.03125
0 0.4580078125 0.8544921875 0.041015625 0.044921875
0 0.826171875 0.8486328125 0.04296875 0.041015625
0 0.7548828125 0.8505859375 0.048828125 0.048828125
0 0.54296875 0.8408203125 0.03125 0.033203125
0 0.6513671875 0.8369140625 0.033203125 0.033203125
0 0.4873046875 0.826171875 0.017578125 0.01953125
0 0.33203125 0.841796875 0.0546875 0.0546875
0 0.4306640625 0.8291015625 0.041015625 0.041015625
0 0.890625 0.8232421875 0.02734375 0.033203125
0 0.8193359375 0.8193359375 0.041015625 0.033203125
0 0.6318359375 0.8154296875 0.033203125 0.033203125
0 0.5185546875 0.8173828125 0.033203125 0.037109375
0 0.8583984375 0.822265625 0.041015625 0.05078125
0 0.732421875 0.8115234375 0.0390625 0.029296875
0 0.9208984375 0.8125 0.025390625 0.0390625
0 0.677734375 0.8037109375 0.02734375 0.021484375
0 0.466796875 0.802734375 0.01953125 0.01953125
0 0.4072265625 0.8056640625 0.033203125 0.033203125
0 0.9912109375 0.7958984375 0.017578125 0.021484375
0 0.9501953125 0.8046875 0.029296875 0.0390625
0 0.712890625 0.7939453125 0.0390625 0.037109375
0 0.611328125 0.791015625 0.03515625 0.03515625
0 0.79296875 0.7841796875 0.04296875 0.044921875
0 0.380859375 0.779296875 0.0390625 0.0390625
0 0.9892578125 0.771484375 0.021484375 0.02734375
0 0.69921875 0.7763671875 0.0390625 0.037109375
0 0.4873046875 0.7861328125 0.056640625 0.056640625
0 0.63671875 0.763671875 0.01953125 0.01953125
0 0.6171875 0.76171875 0.015625 0.015625
0 0.58984375 0.763671875 0.03515625 0.03515625
0 0.6748046875 0.765625 0.052734375 0.05859375
0 0.353515625 0.7548828125 0.03515625 0.037109375
0 0.2880859375 0.7919921875 0.087890625 0.111328125
0 0.814453125 0.7509765625 0.03515625 0.037109375
0 0.45703125 0.7490234375 0.03515625 0.041015625
0 0.5712890625 0.7451171875 0.037109375 0.037109375
0 0.9853515625 0.740234375 0.029296875 0.03125
0 0.6669921875 0.740234375 0.041015625 0.0390625
0 0.8330078125 0.7373046875 0.033203125 0.041015625
0 0.544921875 0.7265625 0.03515625 0.03515625
0 0.6513671875 0.7216796875 0.041015625 0.037109375
0 0.4306640625 0.720703125 0.037109375 0.03515625
0 0.9814453125 0.7080078125 0.037109375 0.025390625
0 0.94140625 0.697265625 0.01953125 0.0234375
0 0.6357421875 0.7041015625 0.041015625 0.037109375
0 0.5244140625 0.69921875 0.037109375 0.0390625
0 0.40625 0.6943359375 0.04296875 0.033203125
0 0.76171875 0.7099609375 0.078125 0.068359375
0 0.7216796875 0.6904296875 0.037109375 0.037109375
0 0.62109375 0.6865234375 0.0390625 0.037109375
0 0.90625 0.6728515625 0.0390625 0.041015625
0 0.5 0.6708984375 0.0390625 0.037109375
0 0.806640625 0.6708984375 0.05078125 0.048828125
0 0.6025390625 0.666015625 0.041015625 0.0390625
0 0.373046875 0.6708984375 0.05078125 0.052734375
0 0.96484375 0.66796875 0.05078125 0.0546875
0 0.6904296875 0.66015625 0.056640625 0.05859375
0 0.5888671875 0.650390625 0.041015625 0.0390625
0 0.4736328125 0.6474609375 0.037109375 0.041015625
0 0.9462890625 0.6337890625 0.025390625 0.025390625
0 0.8544921875 0.6318359375 0.033203125 0.033203125
0 0.572265625 0.6298828125 0.04296875 0.037109375
0 0.736328125 0.6240234375 0.05078125 0.048828125
0 0.8720703125 0.6142578125 0.033203125 0.033203125
0 0.6552734375 0.61328125 0.041015625 0.03515625
0 0.556640625 0.6123046875 0.0390625 0.037109375
0 0.447265625 0.6064453125 0.046875 0.048828125
0 0.8955078125 0.59765625 0.037109375 0.0390625
0 0.642578125 0.59765625 0.0390625 0.0390625
0 0.541015625 0.59375 0.0390625 0.0390625
0 0.865234375 0.578125 0.03515625 0.03515625
0 0.6826171875 0.5791015625 0.041015625 0.041015625
0 0.525390625 0.576171875 0.0390625 0.0390625
0 0.845703125 0.5654296875 0.03515625 0.033203125
0 0.416015625 0.5732421875 0.0546875 0.052734375
0 0.314453125 0.6513671875 0.1015625 0.208984375
0 0.5078125 0.5556640625 0.04296875 0.037109375
0 0.71484375 0.5498046875 0.03125 0.033203125
0 0.9609375 0.5498046875 0.03125 0.041015625
0 0.828125 0.5478515625 0.0390625 0.037109375
0 0.3896484375 0.5498046875 0.037109375 0.041015625
0 0.60546875 0.55859375 0.05859375 0.06640625
0 0.986328125 0.541015625 0.02734375 0.0390625
0 0.9140625 0.5400390625 0.06640625 0.044921875
0 0.4921875 0.537109375 0.04296875 0.0390625
0 0.5810546875 0.5283203125 0.041015625 0.037109375
0 0.474609375 0.517578125 0.0390625 0.0390625
0 0.880859375 0.5048828125 0.02734375 0.029296875
0 0.556640625 0.5 0.0390625 0.0390625
0 0.458984375 0.5 0.0390625 0.0390625
0 0.7568359375 0.5146484375 0.087890625 0.080078125
0 0.919921875 0.490234375 0.0546875 0.04296875
0 0.736328125 0.486328125 0.03125 0.03515625
0 0.591796875 0.484375 0.03515625 0.0390625
0 0.4453125 0.4833984375 0.0390625 0.037109375
0 0.95703125 0.474609375 0.0234375 0.03125
0 0.98046875 0.4677734375 0.0234375 0.029296875
0 0.994140625 0.4619140625 0.01171875 0.033203125
0 0.4267578125 0.4619140625 0.041015625 0.037109375
0 0.333984375 0.4892578125 0.04296875 0.107421875
0 0.8466796875 0.453125 0.052734375 0.046875
0 0.5390625 0.4443359375 0.03125 0.033203125
0 0.8896484375 0.439453125 0.029296875 0.03125
0 0.8046875 0.4375 0.03125 0.03515625
0 0.3671875 0.439453125 0.0390625 0.04296875
0 0.662109375 0.4404296875 0.078125 0.064453125
0 0.9208984375 0.4248046875 0.044921875 0.037109375
0 0.556640625 0.4248046875 0.03515625 0.041015625
0 0.783203125 0.4208984375 0.03125 0.037109375
0 0.9560546875 0.4111328125 0.029296875 0.033203125
0 0.5888671875 0.412109375 0.064453125 0.04296875
0 0.3720703125 0.41015625 0.037109375 0.04296875
0 0.9833984375 0.40234375 0.025390625 0.03125
0 0.9951171875 0.3896484375 0.009765625 0.025390625
0 0.6259765625 0.38671875 0.025390625 0.02734375
0 0.8974609375 0.3857421875 0.025390625 0.037109375
0 0.9208984375 0.3798828125 0.029296875 0.029296875
0 0.8701171875 0.3857421875 0.025390625 0.041015625
0 0.9384765625 0.3720703125 0.025390625 0.029296875
0 0.380859375 0.380859375 0.0390625 0.046875
0 0.5986328125 0.375 0.037109375 0.0390625
0 0.4716796875 0.3896484375 0.076171875 0.076171875
0 0.9619140625 0.3583984375 0.041015625 0.037109375
0 0.5654296875 0.3544921875 0.033203125 0.037109375
0 0.654296875 0.333984375 0.03125 0.03515625
0 0.537109375 0.330078125 0.03125 0.0390625
0 0.896484375 0.318359375 0.02734375 0.0390625
0 0.5068359375 0.306640625 0.029296875 0.03125
0 0.6259765625 0.302734375 0.037109375 0.04296875
0 0.943359375 0.291015625 0.0234375 0.0234375
0 0.86328125 0.287109375 0.03515625 0.03125
0 0.6005859375 0.2861328125 0.029296875 0.033203125
0 0.40625 0.3076171875 0.078125 0.080078125
0 0.986328125 0.2578125 0.02734375 0.046875
0 0.7119140625 0.2529296875 0.033203125 0.037109375
0 0.560546875 0.2529296875 0.03515625 0.041015625
0 0.8203125 0.2470703125 0.0625 0.052734375
0 0.6884765625 0.2236328125 0.033203125 0.037109375
0 0.5244140625 0.212890625 0.029296875 0.03125
0 0.9443359375 0.2216796875 0.072265625 0.052734375
0 0.666015625 0.212890625 0.0390625 0.0390625
0 0.755859375 0.203125 0.03125 0.03125
0 0.5556640625 0.197265625 0.021484375 0.01953125
0 0.49609375 0.2109375 0.0390625 0.0546875
0 0.998046875 0.1787109375 0.00390625 0.005859375
0 0.537109375 0.18359375 0.01953125 0.015625
0 0.845703125 0.1875 0.0390625 0.03515625
0 0.728515625 0.171875 0.03515625 0.0390625
0 0.634765625 0.1767578125 0.046875 0.048828125
0 0.8232421875 0.158203125 0.037109375 0.03125
0 0.4775390625 0.1708984375 0.056640625 0.068359375
0 0.7998046875 0.1435546875 0.033203125 0.033203125
0 0.70703125 0.14453125 0.03515625 0.03515625
0 0.896484375 0.14453125 0.046875 0.046875
0 0.9755859375 0.13671875 0.048828125 0.05078125
0 0.6787109375 0.12109375 0.041015625 0.0390625
0 0.4921875 0.1181640625 0.03515625 0.033203125
0 0.8681640625 0.115234375 0.041015625 0.03515625
0 0.9482421875 0.111328125 0.037109375 0.03515625
0 0.7685546875 0.1162109375 0.052734375 0.056640625
0 0.5556640625 0.1171875 0.064453125 0.0625
0 0.9970703125 0.0810546875 0.005859375 0.009765625
0 0.6455078125 0.0947265625 0.037109375 0.041015625
0 0.927734375 0.0849609375 0.0390625 0.037109375
0 0.5126953125 0.0732421875 0.037109375 0.037109375
0 0.9072265625 0.072265625 0.041015625 0.0390625
0 0.61328125 0.0712890625 0.03515625 0.041015625
0 0.826171875 0.068359375 0.04296875 0.04296875
0 0.890625 0.0556640625 0.0390625 0.037109375
0 0.7236328125 0.068359375 0.056640625 0.0625
0 0.587890625 0.05078125 0.03125 0.03515625
0 0.6220703125 0.037109375 0.021484375 0.0234375
0 0.9765625 0.044921875 0.046875 0.05078125
0 0.876953125 0.0380859375 0.0390625 0.037109375
0 0.794921875 0.037109375 0.03515625 0.03515625
0 0.6943359375 0.0380859375 0.044921875 0.041015625
0 0.8603515625 0.021484375 0.037109375 0.0390625
0 0.9521484375 0.0146484375 0.037109375 0.029296875
0 0.921875 0.00390625 0.015625 0.0078125
0 0.8388671875 0.0107421875 0.037109375 0.021484375
0 0.759765625 0.01171875 0.03125 0.0234375
0 0.6513671875 0.009765625 0.033203125 0.01953125
0 0.4501953125 0.04296875 0.064453125 0.0859375
0 0.0244140625 0.00390625 0.013671875 0.0078125