0 0.755859375 0.994140625 0.0234375 0.01171875
0 0.6240234375 0.9794921875 0.021484375 0.021484375
0 0.814453125 0.8984375 0.06640625 0.10546875
0 0.7158203125 0.8837890625 0.048828125 0.076171875
0 0.6474609375 0.8291015625 0.048828125 0.052734375
0 0.8994140625 0.7822265625 0.103515625 0.068359375
0 0.98828125 0.728515625 0.0234375 0.03515625
0 0.740234375 0.7431640625 0.0546875 0.087890625
0 0.8330078125 0.705078125 0.091796875 0.0546875
0 0.6259765625 0.6240234375 0.017578125 0.025390625
0 0.6591796875 0.619140625 0.037109375 0.03125
0 0.9697265625 0.609375 0.021484375 0.03515625
0 0.759765625 0.6142578125 0.06640625 0.119140625
0 0.982421875 0.564453125 0.0234375 0.0234375
0 0.9599609375 0.544921875 0.013671875 0.015625
0 0.9794921875 0.51953125 0.029296875 0.01953125
0 0.91015625 0.5244140625 0.01953125 0.029296875
0 0.8154296875 0.5673828125 0.064453125 0.115234375
0 0.908203125 0.4453125 0.0234375 0.02734375
0 0.9541015625 0.44140625 0.029296875 0.0234375
0 0.9892578125 0.4384765625 0.021484375 0.021484375
0 0.71875 0.486328125 0.08984375 0.1171875
0 0.9599609375 0.390625 0.048828125 0.0234375
0 0.837890625 0.388671875 0.03515625 0.03125
0 0.875 0.345703125 0.0390625 0.0546875
0 0.98828125 0.27734375 0.0234375 0.0234375