0 0.599609375 0.994140625 0.01953125 0.01171875
0 0.8681640625 0.9921875 0.025390625 0.015625
0 0.6806640625 0.9912109375 0.025390625 0.017578125
0 0.984375 0.98828125 0.01953125 0.0234375
0 0.9501953125 0.9873046875 0.033203125 0.025390625
0 0.5751953125 0.986328125 0.037109375 0.02734375
0 0.8447265625 0.982421875 0.037109375 0.03515625
0 0.009765625 0.982421875 0.01953125 0.03515625
0 0.65625 0.9794921875 0.03515625 0.033203125
0 0.9296875 0.97265625 0.03515625 0.03515625
0 0.95703125 0.9580078125 0.01953125 0.017578125
0 0.5546875 0.9658203125 0.03125 0.033203125
0 0.6376953125 0.9619140625 0.033203125 0.033203125
0 0.91015625 0.953125 0.03515625 0.03515625
0 0.5390625 0.951171875 0.03125 0.03125
0 0.9912109375 0.9482421875 0.017578125 0.029296875
0 0.939453125 0.939453125 0.01953125 0.01953125
0 0.7314453125 0.9423828125 0.048828125 0.025390625
0 0.2236328125 0.9638671875 0.095703125 0.072265625
0 0.6171875 0.94140625 0.0390625 0.03515625
0 0.51953125 0.927734375 0.03125 0.03125
0 0.98046875 0.923828125 0.0390625 0.0390625
0 0.599609375 0.9208984375 0.03515625 0.041015625
0 0.5009765625 0.9111328125 0.033203125 0.033203125
0 0.8837890625 0.921875 0.052734375 0.05859375
0 0.9599609375 0.9052734375 0.037109375 0.041015625
0 0.763671875 0.9033203125 0.0390625 0.037109375
0 0.5830078125 0.8984375 0.029296875 0.03125
0 0.109375 0.9365234375 0.1171875 0.119140625
0 0.48046875 0.8896484375 0.03125 0.033203125
0 0.8564453125 0.890625 0.041015625 0.0390625
0 0.9404296875 0.884765625 0.041015625 0.0390625
0 0.5595703125 0.880859375 0.041015625 0.04296875
0 0.51953125 0.87109375 0.0234375 0.0234375
0 0.8359375 0.8740234375 0.0390625 0.037109375
0 0.65625 0.880859375 0.046875 0.05078125
0 0.99609375 0.8603515625 0.0078125 0.013671875
0 0.921875 0.8662109375 0.0390625 0.037109375
0 0.5439453125 0.857421875 0.025390625 0.0234375
0 0.7041015625 0.857421875 0.068359375 0.03515625
0 0.8203125 0.8525390625 0.03515625 0.033203125
0 0.90234375 0.845703125 0.0390625 0.0390625
0 0.9873046875 0.8388671875 0.025390625 0.033203125
0 0.8017578125 0.833984375 0.033203125 0.03515625
0 0.6064453125 0.8251953125 0.025390625 0.025390625
0 0.8818359375 0.826171875 0.037109375 0.0390625
0 0.9736328125 0.8203125 0.033203125 0.03515625
0 0.78515625 0.8173828125 0.03515625 0.037109375
0 0.634765625 0.806640625 0.0234375 0.0234375
0 0.8623046875 0.80859375 0.037109375 0.03515625
0 0.6728515625 0.8046875 0.037109375 0.03515625
0 0.767578125 0.7998046875 0.0390625 0.037109375
0 0.9970703125 0.783203125 0.005859375 0.0078125
0 0.953125 0.7958984375 0.03515625 0.033203125
0 0.84375 0.7890625 0.0390625 0.03515625
0 0.748046875 0.7802734375 0.03515625 0.037109375
0 0.9326171875 0.775390625 0.037109375 0.03515625
0 0.8251953125 0.7685546875 0.041015625 0.033203125
0 0.7138671875 0.7626953125 0.033203125 0.037109375
0 0.9169921875 0.7587890625 0.037109375 0.037109375
0 0.4638671875 0.7548828125 0.048828125 0.029296875
0 0.9921875 0.75 0.015625 0.02734375
0 0.048828125 0.794921875 0.09765625 0.12109375
0 0.80859375 0.75 0.03515625 0.03515625
0 0.7392578125 0.744140625 0.033203125 0.03515625
0 0.8994140625 0.7412109375 0.037109375 0.037109375
0 0.7958984375 0.732421875 0.029296875 0.02734375
0 0.7548828125 0.728515625 0.029296875 0.02734375
0 0.98046875 0.7265625 0.02734375 0.02734375
0 0.880859375 0.7216796875 0.03515625 0.033203125
0 0.7734375 0.71484375 0.02734375 0.02734375
0 0.9609375 0.708984375 0.02734375 0.02734375
0 0.86328125 0.703125 0.03515625 0.03515625
0 0.9423828125 0.6953125 0.033203125 0.03515625
0 0.8232421875 0.677734375 0.029296875 0.03125
0 0.9267578125 0.67578125 0.033203125 0.03515625
0 0.84765625 0.6650390625 0.03125 0.033203125
0 0.8740234375 0.6494140625 0.029296875 0.029296875
0 0.98828125 0.650390625 0.0234375 0.03515625
0 0.89453125 0.63671875 0.02734375 0.02734375
0 0.974609375 0.6259765625 0.03515625 0.037109375
0 0.95703125 0.611328125 0.03515625 0.03125
0 0.9951171875 0.5966796875 0.009765625 0.017578125