0 0.314453125 0.998046875 0.00390625 0.00390625
0 0.56640625 0.99609375 0.01171875 0.0078125
0 0.6611328125 0.9951171875 0.017578125 0.009765625
0 0.40625 0.9921875 0.0234375 0.015625
0 0.966796875 0.9853515625 0.01953125 0.021484375
0 0.7705078125 0.9873046875 0.025390625 0.025390625
0 0.595703125 0.986328125 0.02734375 0.02734375
0 0.8564453125 0.982421875 0.025390625 0.0234375
0 0.3466796875 0.982421875 0.033203125 0.0234375
0 0.74609375 0.9794921875 0.02734375 0.025390625
0 0.9384765625 0.9736328125 0.017578125 0.017578125
0 0.41796875 0.97265625 0.03125 0.02734375
0 0.720703125 0.9638671875 0.02734375 0.025390625
0 0.9814453125 0.95703125 0.025390625 0.0234375
0 0.9072265625 0.955078125 0.021484375 0.01953125
0 0.8798828125 0.9677734375 0.041015625 0.044921875
0 0.6083984375 0.958984375 0.033203125 0.03125
0 0.7421875 0.9462890625 0.01953125 0.017578125
0 0.701171875 0.94921875 0.02734375 0.02734375
0 0.3603515625 0.9462890625 0.033203125 0.037109375
0 0.8857421875 0.93359375 0.033203125 0.02734375
0 0.8017578125 0.9404296875 0.037109375 0.044921875
0 0.564453125 0.9296875 0.0234375 0.0234375
0 0.9912109375 0.9296875 0.017578125 0.03125
0 0.9541015625 0.9228515625 0.021484375 0.025390625
0 0.5419921875 0.9169921875 0.025390625 0.033203125
0 0.8994140625 0.9111328125 0.029296875 0.029296875
0 0.73046875 0.9091796875 0.03125 0.029296875
0 0.6552734375 0.9091796875 0.033203125 0.037109375
0 0.830078125 0.896484375 0.02734375 0.0234375
0 0.74609375 0.87890625 0.0234375 0.01953125
0 0.6279296875 0.88671875 0.033203125 0.0390625
0 0.8427734375 0.8740234375 0.025390625 0.025390625
0 0.990234375 0.8671875 0.01953125 0.0234375
0 0.67578125 0.8662109375 0.02734375 0.025390625
0 0.4833984375 0.8671875 0.029296875 0.02734375
0 0.6044921875 0.8701171875 0.033203125 0.037109375
0 0.7568359375 0.8515625 0.025390625 0.01953125
0 0.55859375 0.8505859375 0.02734375 0.025390625
0 0.947265625 0.8505859375 0.0234375 0.029296875
0 0.9072265625 0.8427734375 0.025390625 0.025390625
0 0.69140625 0.837890625 0.0234375 0.0234375
0 0.8837890625 0.8310546875 0.029296875 0.029296875
0 0.7734375 0.826171875 0.02734375 0.03515625
0 0.5341796875 0.8251953125 0.029296875 0.033203125
0 0.70703125 0.81640625 0.0234375 0.0234375
0 0.8564453125 0.810546875 0.021484375 0.0234375
0 0.505859375 0.806640625 0.01953125 0.0234375
0 0.8369140625 0.7958984375 0.029296875 0.025390625
0 0.7177734375 0.7880859375 0.037109375 0.029296875
0 0.810546875 0.779296875 0.02734375 0.02734375
0 0.6689453125 0.7626953125 0.041015625 0.044921875
0 0.490234375 0.75 0.02734375 0.02734375
0 0.7568359375 0.7373046875 0.029296875 0.029296875
0 0.041015625 0.74609375 0.08203125 0.05859375
0 0.6298828125 0.7197265625 0.025390625 0.025390625
0 0.408203125 0.720703125 0.0234375 0.02734375
0 0.4697265625 0.7080078125 0.025390625 0.021484375
0 0.7109375 0.7060546875 0.02734375 0.029296875
0 0.5888671875 0.6962890625 0.033203125 0.029296875
0 0.39453125 0.6904296875 0.0234375 0.025390625
0 0.685546875 0.689453125 0.02734375 0.02734375
0 0.4560546875 0.67578125 0.021484375 0.02734375
0 0.9921875 0.6669921875 0.015625 0.017578125
0 0.8349609375 0.6640625 0.041015625 0.03515625
0 0.3828125 0.66015625 0.0234375 0.02734375
0 0.634765625 0.66015625 0.02734375 0.03125
0 0.541015625 0.6552734375 0.0234375 0.025390625
0 0.9150390625 0.6962890625 0.119140625 0.111328125
0 0.4443359375 0.642578125 0.021484375 0.0234375
0 0.67578125 0.638671875 0.015625 0.01953125
0 0.5673828125 0.6357421875 0.025390625 0.025390625
0 0.37109375 0.630859375 0.02734375 0.02734375
0 0.7001953125 0.626953125 0.033203125 0.03125
0 0.798828125 0.625 0.02734375 0.03515625
0 0.595703125 0.62109375 0.03125 0.03125
0 0.435546875 0.60546875 0.03515625 0.0234375
0 0.2880859375 0.6103515625 0.033203125 0.033203125
0 0.2314453125 0.6015625 0.033203125 0.02734375
0 0.19921875 0.5986328125 0.01953125 0.021484375
0 0.62109375 0.59765625 0.03125 0.03125
0 0.716796875 0.5927734375 0.02734375 0.029296875
0 0.947265625 0.576171875 0.03515625 0.0390625
0 0.837890625 0.5654296875 0.04296875 0.025390625
0 0.744140625 0.5634765625 0.03125 0.029296875
0 0.6630859375 0.564453125 0.033203125 0.03125
0 0.3427734375 0.5615234375 0.029296875 0.029296875
0 0.7890625 0.5498046875 0.01953125 0.017578125
0 0.1611328125 0.5556640625 0.025390625 0.033203125
0 0.76171875 0.5419921875 0.02734375 0.025390625
0 0.4111328125 0.5390625 0.033203125 0.0234375
0 0.056640625 0.544921875 0.03515625 0.046875
0 0.970703125 0.5400390625 0.02734375 0.041015625
0 0.7021484375 0.5322265625 0.029296875 0.029296875
0 0.45703125 0.5263671875 0.0234375 0.025390625
0 0.123046875 0.5234375 0.03125 0.0234375
0 0.7783203125 0.5224609375 0.025390625 0.025390625
0 0.8427734375 0.51171875 0.033203125 0.03125
0 0.8076171875 0.5078125 0.021484375 0.0234375
0 0.8974609375 0.5126953125 0.029296875 0.037109375
0 0.529296875 0.509765625 0.046875 0.0390625
0 0.71484375 0.4892578125 0.01953125 0.029296875
0 0.3349609375 0.486328125 0.033203125 0.0234375
0 0.580078125 0.486328125 0.0390625 0.03125
0 0.654296875 0.470703125 0.03125 0.0234375
0 0.3896484375 0.462890625 0.037109375 0.03125
0 0.2646484375 0.4599609375 0.033203125 0.025390625
0 0.453125 0.4482421875 0.0234375 0.021484375
0 0.982421875 0.4521484375 0.03515625 0.033203125
0 0.822265625 0.4482421875 0.01953125 0.025390625
0 0.7041015625 0.447265625 0.033203125 0.0234375
0 0.8623046875 0.4443359375 0.025390625 0.021484375
0 0.123046875 0.4423828125 0.03125 0.021484375
0 0.0048828125 0.4384765625 0.009765625 0.021484375
0 0.17578125 0.44140625 0.02734375 0.03515625
0 0.037109375 0.435546875 0.02734375 0.0234375
0 0.9404296875 0.4365234375 0.041015625 0.037109375
0 0.07421875 0.431640625 0.03125 0.02734375
0 0.501953125 0.4287109375 0.03515625 0.029296875
0 0.2333984375 0.4228515625 0.025390625 0.025390625
0 0.560546875 0.4228515625 0.0234375 0.029296875
0 0.3828125 0.4130859375 0.015625 0.017578125
0 0.7861328125 0.412109375 0.025390625 0.02734375
0 0.599609375 0.4111328125 0.0234375 0.025390625
0 0.908203125 0.4072265625 0.01953125 0.021484375
0 0.640625 0.3955078125 0.0234375 0.025390625
0 0.3505859375 0.3935546875 0.041015625 0.025390625
0 0.1796875 0.3828125 0.015625 0.01171875
0 0.2861328125 0.3837890625 0.017578125 0.017578125
0 0.6767578125 0.3837890625 0.029296875 0.025390625
0 0.875 0.3798828125 0.0234375 0.021484375
0 0.439453125 0.380859375 0.02734375 0.0234375
0 0.8056640625 0.376953125 0.029296875 0.02734375
0 0.4755859375 0.3642578125 0.029296875 0.025390625
0 0.1845703125 0.3623046875 0.021484375 0.025390625
0 0.7333984375 0.34375 0.037109375 0.03125
0 0.6845703125 0.33203125 0.025390625 0.02734375
0 0.76171875 0.3154296875 0.02734375 0.025390625
0 0.521484375 0.3212890625 0.0390625 0.041015625
0 0.345703125 0.3115234375 0.02734375 0.021484375
0 0.30078125 0.3076171875 0.0234375 0.021484375
0 0.80078125 0.298828125 0.0234375 0.0234375
0 0.1953125 0.298828125 0.01953125 0.02734375
0 0.4150390625 0.2890625 0.037109375 0.03125
0 0.9169921875 0.2890625 0.041015625 0.03515625
0 0.005859375 0.2802734375 0.01171875 0.021484375
0 0.8251953125 0.275390625 0.029296875 0.02734375
0 0.2744140625 0.2626953125 0.013671875 0.021484375
0 0.203125 0.26171875 0.015625 0.02734375
0 0.658203125 0.2470703125 0.01953125 0.021484375
0 0.5791015625 0.2470703125 0.033203125 0.033203125
0 0.4677734375 0.244140625 0.021484375 0.02734375
0 0.724609375 0.2451171875 0.01953125 0.033203125
0 0.4111328125 0.2353515625 0.033203125 0.017578125
0 0.04296875 0.2490234375 0.046875 0.044921875
0 0.970703125 0.2431640625 0.03515625 0.037109375
0 0.345703125 0.2353515625 0.03515625 0.025390625
0 0.3037109375 0.2333984375 0.029296875 0.025390625
0 0.275390625 0.2294921875 0.01953125 0.017578125
0 0.8603515625 0.232421875 0.041015625 0.02734375
0 0.689453125 0.2353515625 0.02734375 0.033203125
0 0.8037109375 0.228515625 0.021484375 0.0234375
0 0.6162109375 0.2314453125 0.029296875 0.041015625
0 0.7607421875 0.220703125 0.025390625 0.02734375
0 0.9921875 0.2119140625 0.015625 0.025390625
0 0.2001953125 0.203125 0.041015625 0.0234375
0 0.9208984375 0.1904296875 0.033203125 0.025390625
0 0.07421875 0.1845703125 0.03125 0.041015625
0 0.8671875 0.1748046875 0.03515625 0.025390625
0 0.7900390625 0.166015625 0.025390625 0.02734375
0 0.5283203125 0.15625 0.029296875 0.02734375
0 0.818359375 0.1611328125 0.0234375 0.044921875
0 0.4775390625 0.1455078125 0.025390625 0.017578125
0 0.7666015625 0.1533203125 0.021484375 0.037109375
0 0.3671875 0.14453125 0.02734375 0.01953125
0 0.93359375 0.1416015625 0.01953125 0.017578125
0 0.3037109375 0.1416015625 0.033203125 0.029296875
0 0.2353515625 0.142578125 0.048828125 0.03125
0 0.7060546875 0.1416015625 0.021484375 0.033203125
0 0.654296875 0.1376953125 0.03515625 0.029296875
0 0.580078125 0.134765625 0.02734375 0.0234375
0 0.3349609375 0.13671875 0.017578125 0.02734375
0 0.9599609375 0.1328125 0.037109375 0.0390625
0 0.421875 0.1328125 0.03125 0.0390625
0 0.6904296875 0.1171875 0.013671875 0.01953125
0 0.9111328125 0.12109375 0.029296875 0.03515625
0 0.8603515625 0.1103515625 0.033203125 0.025390625
0 0.162109375 0.11328125 0.02734375 0.03125
0 0.49609375 0.1005859375 0.015625 0.013671875
0 0.1142578125 0.103515625 0.021484375 0.02734375
0 0.2880859375 0.09765625 0.017578125 0.01953125
0 0.6181640625 0.095703125 0.029296875 0.03125
0 0.818359375 0.0830078125 0.0234375 0.025390625
0 0.77734375 0.0849609375 0.0234375 0.044921875
0 0.37109375 0.0673828125 0.02734375 0.029296875
0 0.751953125 0.060546875 0.02734375 0.0234375
0 0.44140625 0.0615234375 0.02734375 0.025390625
0 0.970703125 0.0595703125 0.03515625 0.025390625
0 0.708984375 0.064453125 0.015625 0.03515625
0 0.3095703125 0.0634765625 0.029296875 0.033203125
0 0.15625 0.0498046875 0.03125 0.029296875
0 0.6455078125 0.0439453125 0.021484375 0.025390625
0 0.251953125 0.041015625 0.03125 0.01953125
0 0.91796875 0.0419921875 0.01953125 0.025390625
0 0.5654296875 0.037109375 0.017578125 0.01953125
0 0.5 0.0380859375 0.02734375 0.021484375
0 0.603515625 0.0380859375 0.0234375 0.025390625
0 0.533203125 0.0380859375 0.0234375 0.025390625
0 0.3564453125 0.0400390625 0.021484375 0.029296875
0 0.3916015625 0.0322265625 0.025390625 0.021484375
0 0.8818359375 0.033203125 0.017578125 0.02734375
0 0.8427734375 0.01953125 0.021484375 0.03515625
0 0.7744140625 0.01171875 0.033203125 0.0234375
0 0.73046875 0.00390625 0.015625 0.0078125