0 0.8818359375 0.990234375 0.052734375 0.01953125
0 0.5791015625 0.9873046875 0.056640625 0.025390625
0 0.7783203125 0.9853515625 0.091796875 0.029296875
0 0.6865234375 0.9794921875 0.056640625 0.041015625
0 0.9609375 0.978515625 0.078125 0.04296875
0 0.626953125 0.9765625 0.03125 0.046875
0 0.8056640625 0.953125 0.005859375 0.0078125
0 0.5908203125 0.9580078125 0.017578125 0.021484375
0 0.5654296875 0.955078125 0.025390625 0.0234375
0 0.486328125 0.94921875 0.08984375 0.046875
0 0.7919921875 0.9345703125 0.021484375 0.021484375
0 0.6357421875 0.9248046875 0.021484375 0.021484375
0 0.5908203125 0.9130859375 0.021484375 0.033203125
0 0.2919921875 0.9150390625 0.072265625 0.076171875
0 0.0419921875 0.9375 0.076171875 0.125
0 0.7705078125 0.900390625 0.052734375 0.078125
0 0.703125 0.87109375 0.05078125 0.0390625
0 0.6435546875 0.859375 0.029296875 0.01953125
0 0.763671875 0.8427734375 0.0234375 0.021484375
0 0.6484375 0.837890625 0.0234375 0.01953125
0 0.1572265625 0.8486328125 0.060546875 0.060546875
0 0.923828125 0.873046875 0.15234375 0.11328125
0 0.701171875 0.8251953125 0.0390625 0.052734375
0 0.6552734375 0.80859375 0.025390625 0.03125
0 0.0478515625 0.826171875 0.095703125 0.07421875
0 0.7001953125 0.7900390625 0.021484375 0.017578125
0 0.5625 0.8525390625 0.1875 0.158203125
0 0.6591796875 0.78125 0.025390625 0.01953125
0 0.5380859375 0.7861328125 0.095703125 0.044921875
0 0.421875 0.7724609375 0.015625 0.021484375
0 0.287109375 0.75390625 0.03515625 0.07421875
0 0.24609375 0.7451171875 0.03515625 0.080078125
0 0.0478515625 0.6982421875 0.095703125 0.087890625
0 0.228515625 0.59765625 0.1484375 0.10546875
0 0.7626953125 0.5517578125 0.060546875 0.025390625
0 0.4892578125 0.6201171875 0.388671875 0.201171875
0 0.181640625 0.517578125 0.07421875 0.03125
0 0.037109375 0.5048828125 0.0234375 0.033203125
0 0.046875 0.4638671875 0.0234375 0.017578125
0 0.111328125 0.466796875 0.02734375 0.02734375
0 0.1669921875 0.451171875 0.029296875 0.01953125
0 0.98828125 0.4619140625 0.0234375 0.048828125
0 0.1669921875 0.42578125 0.029296875 0.015625
0 0.009765625 0.419921875 0.01953125 0.0234375
0 0.271484375 0.4326171875 0.03515625 0.068359375
0 0.10546875 0.40234375 0.03125 0.015625
0 0.1650390625 0.3994140625 0.029296875 0.021484375
0 0.08203125 0.4111328125 0.08203125 0.076171875
0 0.1044921875 0.3798828125 0.033203125 0.017578125
0 0.1708984375 0.3720703125 0.041015625 0.021484375
0 0.2255859375 0.3642578125 0.021484375 0.017578125
0 0.10546875 0.3583984375 0.03125 0.017578125
0 0.6279296875 0.353515625 0.033203125 0.03125
0 0.009765625 0.3408203125 0.01953125 0.017578125
0 0.103515625 0.333984375 0.03125 0.01953125
0 0.3349609375 0.3876953125 0.087890625 0.134765625
0 0.1650390625 0.3349609375 0.025390625 0.029296875
0 0.306640625 0.3125 0.015625 0.015625
0 0.009765625 0.3115234375 0.01953125 0.013671875
0 0.4013671875 0.3251953125 0.060546875 0.048828125
0 0.1025390625 0.3095703125 0.033203125 0.021484375
0 0.0556640625 0.3037109375 0.029296875 0.021484375
0 0.62890625 0.30078125 0.02734375 0.0234375
0 0.013671875 0.2919921875 0.0234375 0.013671875
0 0.103515625 0.287109375 0.03125 0.015625
0 0.1611328125 0.2978515625 0.033203125 0.041015625
0 0.849609375 0.341796875 0.15625 0.1328125
0 0.099609375 0.26953125 0.03515625 0.015625
0 0.6025390625 0.2802734375 0.048828125 0.056640625
0 0.3271484375 0.28125 0.103515625 0.06640625
0 0.103515625 0.2451171875 0.02734375 0.017578125
0 0.05859375 0.2451171875 0.03125 0.021484375
0 0.1611328125 0.25 0.029296875 0.0390625
0 0.4169921875 0.2392578125 0.041015625 0.037109375
0 0.4736328125 0.259765625 0.083984375 0.0859375
0 0.015625 0.2412109375 0.03125 0.060546875
0 0.22265625 0.2861328125 0.09375 0.154296875
0 0.0576171875 0.2197265625 0.017578125 0.021484375
0 0.4775390625 0.2080078125 0.033203125 0.021484375
0 0.34375 0.2119140625 0.04296875 0.033203125
0 0.1552734375 0.2060546875 0.033203125 0.037109375
0 0.4130859375 0.193359375 0.033203125 0.0234375
0 0.017578125 0.19140625 0.03515625 0.03515625
0 0.29296875 0.19140625 0.0703125 0.04296875
0 0.41015625 0.171875 0.03515625 0.0234375
0 0.1005859375 0.1923828125 0.048828125 0.072265625
0 0.6025390625 0.1630859375 0.033203125 0.025390625
0 0.3349609375 0.154296875 0.033203125 0.01953125
0 0.068359375 0.162109375 0.0234375 0.03515625
0 0.5390625 0.1669921875 0.046875 0.056640625
0 0.27734375 0.1455078125 0.03125 0.017578125
0 0.466796875 0.1611328125 0.04296875 0.072265625
0 0.3330078125 0.1328125 0.029296875 0.01953125
0 0.58984375 0.13671875 0.0546875 0.0390625
0 0.2705078125 0.1240234375 0.025390625 0.017578125
0 0.0185546875 0.1376953125 0.037109375 0.048828125
0 0.3935546875 0.126953125 0.025390625 0.03125
0 0.330078125 0.1123046875 0.03125 0.017578125
0 0.26953125 0.103515625 0.02734375 0.015625
0 0.5263671875 0.1044921875 0.037109375 0.021484375
0 0.3955078125 0.1015625 0.033203125 0.01953125
0 0.5888671875 0.1005859375 0.033203125 0.021484375
0 0.3271484375 0.0927734375 0.033203125 0.021484375
0 0.267578125 0.0810546875 0.03125 0.021484375
0 0.5234375 0.076171875 0.0390625 0.02734375
0 0.4482421875 0.0810546875 0.044921875 0.044921875
0 0.388671875 0.07421875 0.03125 0.03125
0 0.3232421875 0.0654296875 0.033203125 0.021484375
0 0.5810546875 0.0654296875 0.037109375 0.025390625
0 0.263671875 0.052734375 0.03515625 0.015625
0 0.947265625 0.1416015625 0.10546875 0.197265625
0 0.31640625 0.044921875 0.0390625 0.01953125
0 0.5771484375 0.0419921875 0.033203125 0.017578125
0 0.0185546875 0.0498046875 0.025390625 0.037109375
0 0.3828125 0.0400390625 0.03125 0.033203125
0 0.26171875 0.0322265625 0.03515625 0.017578125
0 0.005859375 0.03515625 0.01171875 0.03125
0 0.5107421875 0.0263671875 0.037109375 0.021484375
0 0.3125 0.021484375 0.0390625 0.0234375
0 0.4423828125 0.029296875 0.041015625 0.046875
0 0.9375 0.00390625 0.01171875 0.0078125
0 0.810546875 0.0078125 0.03125 0.015625
0 0.7998046875 0.1328125 0.212890625 0.265625
0 0.5634765625 0.01953125 0.052734375 0.0390625
0 0.5068359375 0.0078125 0.037109375 0.015625
0 0.43359375 0.0048828125 0.0390625 0.009765625
0 0.3779296875 0.0078125 0.033203125 0.015625
0 0.3115234375 0.00390625 0.021484375 0.0078125
0 0.29296875 0.001953125 0.01171875 0.00390625
0 0.255859375 0.009765625 0.03125 0.01953125
0 0.16796875 0.06640625 0.125 0.1328125