0 0.486328125 0.9970703125 0.0078125 0.005859375
0 0.404296875 0.99609375 0.01171875 0.0078125
0 0.5048828125 0.990234375 0.029296875 0.01953125
0 0.423828125 0.986328125 0.0390625 0.02734375
0 0.05859375 0.9736328125 0.0390625 0.037109375
0 0.44140625 0.9560546875 0.03515625 0.033203125
0 0.001953125 0.9306640625 0.00390625 0.005859375
0 0.0703125 0.87890625 0.03125 0.02734375
0 0.0380859375 0.8857421875 0.052734375 0.068359375
0 0.1611328125 0.8720703125 0.072265625 0.068359375
0 0.048828125 0.8515625 0.03515625 0.0390625
0 0.103515625 0.845703125 0.02734375 0.03125
0 0.0693359375 0.8330078125 0.037109375 0.037109375
0 0.1953125 0.826171875 0.03515625 0.04296875
0 0.1318359375 0.80859375 0.029296875 0.03125
0 0.212890625 0.806640625 0.03515625 0.03515625
0 0.5166015625 0.8291015625 0.072265625 0.083984375
0 0.2314453125 0.7900390625 0.033203125 0.033203125
0 0.2578125 0.783203125 0.04296875 0.03515625
0 0.16796875 0.775390625 0.03125 0.02734375
0 0.1533203125 0.759765625 0.033203125 0.03125
0 0.1376953125 0.7451171875 0.029296875 0.029296875
0 0.2041015625 0.732421875 0.037109375 0.0390625
0 0.1845703125 0.7119140625 0.041015625 0.044921875
0 0.4658203125 0.74609375 0.158203125 0.15625
0 0.990234375 0.6474609375 0.01953125 0.044921875
0 0.29296875 0.609375 0.03125 0.03515625
0 0.9443359375 0.6123046875 0.060546875 0.060546875
0 0.966796875 0.576171875 0.046875 0.04296875
0 0.587890625 0.6181640625 0.12890625 0.134765625
0 0.3408203125 0.5634765625 0.033203125 0.033203125
0 0.25390625 0.55859375 0.05078125 0.0546875
0 0.4853515625 0.544921875 0.037109375 0.03515625
0 0.3876953125 0.52734375 0.048828125 0.03515625
0 0.9873046875 0.5224609375 0.025390625 0.037109375
0 0.5029296875 0.521484375 0.037109375 0.0390625
0 0.2900390625 0.521484375 0.044921875 0.046875
0 0.8935546875 0.5498046875 0.103515625 0.115234375
0 0.9970703125 0.4873046875 0.005859375 0.009765625
0 0.84765625 0.5078125 0.0546875 0.05078125
0 0.328125 0.4990234375 0.04296875 0.041015625
0 0.005859375 0.482421875 0.01171875 0.03125
0 0.3115234375 0.4833984375 0.041015625 0.041015625
0 0.0224609375 0.4765625 0.025390625 0.03125
0 0.427734375 0.4814453125 0.05078125 0.052734375
0 0.806640625 0.478515625 0.046875 0.0546875
0 0.28125 0.4716796875 0.0390625 0.048828125
0 0.05078125 0.46484375 0.046875 0.046875
0 0.451171875 0.455078125 0.03125 0.03125
0 0.875 0.4638671875 0.05078125 0.052734375
0 0.3701171875 0.443359375 0.044921875 0.04296875
0 0.4716796875 0.435546875 0.044921875 0.04296875
0 0.2216796875 0.4248046875 0.037109375 0.033203125
0 0.0791015625 0.4228515625 0.041015625 0.033203125
0 0.60546875 0.419921875 0.03125 0.03125
0 0.0888671875 0.40234375 0.037109375 0.03125
0 0.0029296875 0.388671875 0.005859375 0.0078125
0 0.021484375 0.4111328125 0.04296875 0.056640625
0 0.30859375 0.39453125 0.04296875 0.046875
0 0.8310546875 0.4052734375 0.064453125 0.072265625
0 0.5 0.3837890625 0.0390625 0.029296875
0 0.0419921875 0.3740234375 0.025390625 0.025390625
0 0.5791015625 0.3798828125 0.052734375 0.041015625
0 0.98828125 0.361328125 0.0234375 0.05078125
0 0.8671875 0.3583984375 0.0625 0.056640625
0 0.2802734375 0.34765625 0.033203125 0.03515625
0 0.5205078125 0.341796875 0.044921875 0.046875
0 0.04296875 0.330078125 0.04296875 0.03515625
0 0.787109375 0.361328125 0.0859375 0.1171875
0 0.962890625 0.3310546875 0.0625 0.060546875
0 0.64453125 0.306640625 0.02734375 0.03515625
0 0.044921875 0.2978515625 0.04296875 0.025390625
0 0.724609375 0.287109375 0.02734375 0.02734375
0 0.3740234375 0.287109375 0.025390625 0.02734375
0 0.90625 0.3046875 0.0546875 0.0703125
0 0.8798828125 0.28515625 0.033203125 0.03515625
0 0.8369140625 0.28515625 0.041015625 0.04296875
0 0.5712890625 0.2734375 0.041015625 0.02734375
0 0.642578125 0.2705078125 0.0234375 0.025390625
0 0.482421875 0.2724609375 0.0390625 0.037109375
0 0.4443359375 0.2607421875 0.033203125 0.037109375
0 0.125 0.2548828125 0.046875 0.033203125
0 0.50390625 0.2451171875 0.0234375 0.021484375
0 0.2919921875 0.265625 0.060546875 0.0703125
0 0.33203125 0.2392578125 0.046875 0.044921875
0 0.47265625 0.2255859375 0.02734375 0.021484375
0 0.9560546875 0.232421875 0.052734375 0.04296875
0 0.7646484375 0.2333984375 0.056640625 0.052734375
0 0.5986328125 0.2412109375 0.068359375 0.068359375
0 0.515625 0.21484375 0.03515625 0.03125
0 0.478515625 0.2060546875 0.01953125 0.021484375
0 0.9033203125 0.2294921875 0.056640625 0.072265625
0 0.2490234375 0.212890625 0.048828125 0.046875
0 0.203125 0.2099609375 0.04296875 0.052734375
0 0.658203125 0.1904296875 0.03515625 0.033203125
0 0.3935546875 0.1806640625 0.029296875 0.037109375
0 0.5361328125 0.1767578125 0.037109375 0.033203125
0 0.283203125 0.1796875 0.0390625 0.0390625
0 0.21875 0.1806640625 0.03515625 0.041015625
0 0.0302734375 0.1796875 0.041015625 0.0390625
0 0.7978515625 0.1728515625 0.029296875 0.037109375
0 0.9658203125 0.1796875 0.068359375 0.0546875
0 0.630859375 0.1640625 0.03515625 0.0390625
0 0.421875 0.162109375 0.0390625 0.04296875
0 0.83984375 0.1337890625 0.03125 0.025390625
0 0.4501953125 0.142578125 0.037109375 0.04296875
0 0.771484375 0.1240234375 0.0390625 0.033203125
0 0.8125 0.1171875 0.02734375 0.0234375
0 0.29296875 0.1357421875 0.05859375 0.072265625
0 0.3291015625 0.1123046875 0.048828125 0.052734375
0 0.9853515625 0.1142578125 0.029296875 0.076171875
0 0.5185546875 0.1103515625 0.138671875 0.076171875
0 0.5947265625 0.060546875 0.037109375 0.0390625
0 0.41796875 0.0634765625 0.046875 0.056640625
0 0.3759765625 0.0390625 0.029296875 0.02734375
0 0.763671875 0.0322265625 0.015625 0.017578125
0 0.548828125 0.0400390625 0.02734375 0.033203125
0 0.9755859375 0.0517578125 0.048828125 0.083984375
0 0.0341796875 0.0498046875 0.068359375 0.083984375
0 0.966796875 0.001953125 0.0078125 0.00390625
0 0.8447265625 0.041015625 0.087890625 0.08203125
0 0.6962890625 0.0068359375 0.033203125 0.013671875
0 0.6240234375 0.0185546875 0.033203125 0.037109375
0 0.28125 0.0185546875 0.02734375 0.037109375