0 0.5791015625 0.974609375 0.025390625 0.03515625
0 0.572265625 0.921875 0.02734375 0.0390625
0 0.0048828125 0.8818359375 0.009765625 0.072265625
0 0.30078125 0.921875 0.4609375 0.15625
0 0.4482421875 0.7861328125 0.072265625 0.044921875
0 0.9443359375 0.814453125 0.111328125 0.11328125
0 0.5166015625 0.76171875 0.041015625 0.03515625
0 0.2275390625 0.7470703125 0.041015625 0.033203125
0 0.318359375 0.7431640625 0.046875 0.041015625
0 0.2900390625 0.6591796875 0.064453125 0.048828125
0 0.94921875 0.6640625 0.05859375 0.0703125
0 0.083984375 0.630859375 0.0625 0.0625
0 0.4423828125 0.568359375 0.041015625 0.10546875
0 0.978515625 0.5498046875 0.04296875 0.134765625
0 0.2099609375 0.58203125 0.208984375 0.26171875
0 0.359375 0.541015625 0.12890625 0.203125
0 0.494140625 0.494140625 0.1171875 0.1640625
0 0.107421875 0.439453125 0.03125 0.0546875
0 0.2841796875 0.40625 0.041015625 0.046875
0 0.126953125 0.3994140625 0.10546875 0.115234375
0 0.29296875 0.33984375 0.05859375 0.046875
0 0.005859375 0.3037109375 0.01171875 0.037109375
0 0.0693359375 0.2939453125 0.033203125 0.033203125
0 0.4345703125 0.33984375 0.185546875 0.1328125
0 0.0244140625 0.2861328125 0.029296875 0.052734375
0 0.90234375 0.345703125 0.125 0.17578125
0 0.125 0.2626953125 0.05859375 0.037109375
0 0.0498046875 0.251953125 0.029296875 0.03515625
0 0.3330078125 0.251953125 0.076171875 0.0390625
0 0.197265625 0.2646484375 0.0390625 0.064453125
0 0.578125 0.283203125 0.15234375 0.12109375
0 0.072265625 0.2353515625 0.03515625 0.041015625
0 0.09765625 0.2197265625 0.03125 0.033203125
0 0.1220703125 0.208984375 0.029296875 0.03125
0 0.0107421875 0.208984375 0.021484375 0.03125
0 0.52734375 0.1884765625 0.0234375 0.025390625
0 0.48046875 0.201171875 0.046875 0.0625
0 0.158203125 0.1904296875 0.05078125 0.041015625
0 0.0224609375 0.1796875 0.041015625 0.0390625
0 0.068359375 0.1728515625 0.02734375 0.033203125
0 0.55078125 0.1708984375 0.0234375 0.033203125
0 0.34765625 0.1845703125 0.05078125 0.060546875
0 0.2900390625 0.1767578125 0.041015625 0.044921875
0 0.5732421875 0.16015625 0.029296875 0.03515625
0 0.5078125 0.1572265625 0.03515625 0.029296875
0 0.2685546875 0.1484375 0.025390625 0.0234375
0 0.1943359375 0.16015625 0.048828125 0.05078125
0 0.0380859375 0.15234375 0.037109375 0.03515625
0 0.5185546875 0.1396484375 0.033203125 0.025390625
0 0.3623046875 0.1416015625 0.029296875 0.033203125
0 0.0693359375 0.12890625 0.048828125 0.02734375
0 0.4453125 0.1318359375 0.04296875 0.037109375
0 0.52734375 0.1220703125 0.03515625 0.029296875
0 0.40625 0.140625 0.0859375 0.08203125
0 0.2177734375 0.1201171875 0.068359375 0.044921875
0 0.4599609375 0.107421875 0.044921875 0.03125
0 0.5380859375 0.1025390625 0.029296875 0.025390625
0 0.0751953125 0.103515625 0.033203125 0.03125
0 0.3974609375 0.08984375 0.044921875 0.0390625
0 0.0078125 0.0791015625 0.015625 0.021484375
0 0.4716796875 0.08203125 0.048828125 0.03515625
0 0.2451171875 0.0830078125 0.033203125 0.037109375
0 0.306640625 0.1083984375 0.0625 0.091796875
0 0.0947265625 0.0751953125 0.041015625 0.033203125
0 0.216796875 0.07421875 0.02734375 0.03515625
0 0.5966796875 0.0625 0.021484375 0.015625
0 0.4873046875 0.0634765625 0.041015625 0.033203125
0 0.4140625 0.060546875 0.04296875 0.03125
0 0.185546875 0.0595703125 0.03125 0.033203125
0 0.1396484375 0.0546875 0.021484375 0.02734375
0 0.33984375 0.0556640625 0.04296875 0.033203125
0 0.6015625 0.04296875 0.02734375 0.01953125
0 0.9931640625 0.04296875 0.013671875 0.02734375
0 0.498046875 0.044921875 0.0390625 0.03125
0 0.095703125 0.04296875 0.03515625 0.03125
0 0.0341796875 0.041015625 0.029296875 0.0390625
0 0.6103515625 0.0263671875 0.025390625 0.021484375
0 0.01171875 0.0341796875 0.0234375 0.041015625
0 0.3466796875 0.03125 0.052734375 0.0390625
0 0.3701171875 0.0146484375 0.029296875 0.025390625
0 0.1171875 0.01953125 0.03515625 0.03515625
0 0.5673828125 0.0478515625 0.064453125 0.095703125
0 0.5205078125 0.009765625 0.029296875 0.01953125
0 0.4326171875 0.0263671875 0.056640625 0.052734375
0 0.3837890625 0.00390625 0.013671875 0.0078125
0 0.2861328125 0.0263671875 0.056640625 0.052734375
0 0.2216796875 0.0087890625 0.029296875 0.017578125
0 0.193359375 0.001953125 0.0078125 0.00390625