0 0.4775390625 0.998046875 0.005859375 0.00390625
0 0.498046875 0.9873046875 0.03125 0.025390625
0 0.2294921875 0.9853515625 0.044921875 0.029296875
0 0.89453125 0.984375 0.0390625 0.03125
0 0.529296875 0.982421875 0.03125 0.03515625
0 0.9404296875 0.98046875 0.041015625 0.0390625
0 0.296875 0.9765625 0.03515625 0.03125
0 0.9912109375 0.9716796875 0.017578125 0.037109375
0 0.4482421875 0.974609375 0.044921875 0.05078125
0 0.876953125 0.962890625 0.0390625 0.03125
0 0.548828125 0.9658203125 0.03515625 0.037109375
0 0.8662109375 0.9453125 0.037109375 0.03125
0 0.984375 0.939453125 0.03125 0.0234375
0 0.927734375 0.9326171875 0.02734375 0.021484375
0 0.8017578125 0.9580078125 0.099609375 0.072265625
0 0.251953125 0.94140625 0.03515625 0.046875
0 0.0673828125 0.95703125 0.083984375 0.0859375
0 0.8505859375 0.919921875 0.041015625 0.03125
0 0.9150390625 0.908203125 0.025390625 0.0234375
0 0.603515625 0.9248046875 0.10546875 0.091796875
0 0.90234375 0.8857421875 0.0234375 0.021484375
0 0.83984375 0.880859375 0.0390625 0.04296875
0 0.9638671875 0.8701171875 0.033203125 0.037109375
0 0.244140625 0.8837890625 0.1015625 0.076171875
0 0.0791015625 0.9208984375 0.158203125 0.158203125
0 0.9970703125 0.8369140625 0.005859375 0.009765625
0 0.5947265625 0.85546875 0.068359375 0.06640625
0 0.9931640625 0.806640625 0.013671875 0.01953125
0 0.0068359375 0.8037109375 0.013671875 0.021484375
0 0.240234375 0.8173828125 0.09375 0.064453125
0 0.669921875 0.8369140625 0.078125 0.115234375
0 0.986328125 0.78515625 0.02734375 0.02734375
0 0.4775390625 0.8330078125 0.189453125 0.126953125
0 0.9189453125 0.81640625 0.103515625 0.09765625
0 0.96875 0.7587890625 0.03125 0.029296875
0 0.7109375 0.8056640625 0.08203125 0.130859375
0 0.833984375 0.724609375 0.03515625 0.0234375
0 0.8974609375 0.7158203125 0.033203125 0.044921875
0 0.4169921875 0.7119140625 0.076171875 0.041015625
0 0.8291015625 0.697265625 0.041015625 0.03515625
0 0.2744140625 0.701171875 0.029296875 0.04296875
0 0.216796875 0.701171875 0.03515625 0.05859375
0 0.9326171875 0.693359375 0.076171875 0.078125
0 0.08984375 0.66796875 0.1171875 0.09765625
0 0.00390625 0.6416015625 0.0078125 0.138671875
0 0.271484375 0.6044921875 0.09765625 0.099609375
0 0.388671875 0.59375 0.19921875 0.140625
0 0.306640625 0.5341796875 0.08203125 0.048828125
0 0.5458984375 0.5751953125 0.130859375 0.154296875
0 0.119140625 0.52734375 0.16015625 0.15234375
0 0.3818359375 0.4638671875 0.037109375 0.041015625
0 0.029296875 0.4697265625 0.05859375 0.095703125
0 0.3369140625 0.4384765625 0.091796875 0.099609375
0 0.92578125 0.419921875 0.1484375 0.1015625
0 0.8505859375 0.345703125 0.041015625 0.01953125
0 0.9228515625 0.33984375 0.021484375 0.03515625
0 0.8505859375 0.3251953125 0.044921875 0.021484375
0 0.0439453125 0.3623046875 0.087890625 0.095703125
0 0.193359375 0.38671875 0.18359375 0.15234375
0 0.9541015625 0.3193359375 0.025390625 0.021484375
0 0.8505859375 0.302734375 0.044921875 0.01953125
0 0.900390625 0.2841796875 0.0234375 0.017578125
0 0.9970703125 0.279296875 0.005859375 0.015625
0 0.94140625 0.2861328125 0.03515625 0.033203125
0 0.84375 0.26953125 0.03515625 0.01953125
0 0.994140625 0.2509765625 0.01171875 0.017578125
0 0.8388671875 0.244140625 0.025390625 0.01953125
0 0.931640625 0.2451171875 0.046875 0.029296875
0 0.619140625 0.4150390625 0.34375 0.369140625
0 0.9912109375 0.22265625 0.017578125 0.01953125
0 0.8447265625 0.2197265625 0.037109375 0.021484375
0 0.919921875 0.2158203125 0.046875 0.025390625
0 0.03515625 0.267578125 0.0703125 0.12890625
0 0.9892578125 0.205078125 0.021484375 0.01953125
0 0.3564453125 0.2353515625 0.080078125 0.115234375
0 0.9853515625 0.1611328125 0.029296875 0.021484375
0 0.9111328125 0.1650390625 0.044921875 0.029296875
0 0.123046875 0.1630859375 0.0546875 0.033203125
0 0.8369140625 0.1708984375 0.044921875 0.068359375
0 0.330078125 0.1494140625 0.05859375 0.041015625
0 0.982421875 0.1357421875 0.03515625 0.021484375
0 0.919921875 0.134765625 0.01953125 0.01953125
0 0.59375 0.14453125 0.1015625 0.07421875
0 0.974609375 0.1171875 0.02734375 0.0234375
0 0.5224609375 0.1123046875 0.033203125 0.013671875
0 0.384765625 0.1142578125 0.0234375 0.021484375
0 0.0078125 0.1162109375 0.015625 0.037109375
0 0.44921875 0.169921875 0.0859375 0.17578125
0 0.3837890625 0.091796875 0.025390625 0.0234375
0 0.9111328125 0.0986328125 0.037109375 0.041015625
0 0.9697265625 0.087890625 0.029296875 0.03125
0 0.5244140625 0.08203125 0.037109375 0.02734375
0 0.7255859375 0.103515625 0.064453125 0.0859375
0 0.7939453125 0.076171875 0.037109375 0.0390625
0 0.62109375 0.064453125 0.015625 0.015625
0 0.3818359375 0.06640625 0.025390625 0.01953125
0 0.640625 0.064453125 0.01953125 0.01953125
0 0.447265625 0.05859375 0.04296875 0.02734375
0 0.9677734375 0.0537109375 0.037109375 0.033203125
0 0.5244140625 0.0537109375 0.044921875 0.033203125
0 0.5615234375 0.04296875 0.013671875 0.015625
0 0.3857421875 0.041015625 0.025390625 0.01953125
0 0.1123046875 0.08203125 0.041015625 0.1015625
0 0.8330078125 0.0478515625 0.041015625 0.041015625
0 0.71484375 0.0341796875 0.046875 0.021484375
0 0.9912109375 0.0322265625 0.017578125 0.033203125
0 0.44921875 0.0234375 0.0390625 0.0234375
0 0.630859375 0.0205078125 0.0390625 0.025390625
0 0.8837890625 0.021484375 0.029296875 0.03515625
0 0.9287109375 0.001953125 0.005859375 0.00390625
0 0.9033203125 0.0126953125 0.029296875 0.025390625
0 0.81640625 0.0078125 0.03125 0.015625
0 0.5322265625 0.0166015625 0.068359375 0.033203125
0 0.4521484375 0.00390625 0.033203125 0.0078125
0 0.404296875 0.013671875 0.0546875 0.02734375
0 0.34765625 0.0078125 0.01953125 0.015625
0 0.318359375 0.056640625 0.078125 0.11328125