0 0.0380859375 0.9482421875 0.041015625 0.103515625
0 0.029296875 0.796875 0.05859375 0.125
0 0.478515625 0.7421875 0.0546875 0.03515625
0 0.3876953125 0.720703125 0.029296875 0.01953125
0 0.025390625 0.5205078125 0.05078125 0.029296875
0 0.015625 0.421875 0.03125 0.0703125
0 0.03515625 0.26953125 0.02734375 0.02734375
0 0.1630859375 0.2685546875 0.025390625 0.029296875
0 0.2412109375 0.248046875 0.029296875 0.03125
0 0.138671875 0.251953125 0.01953125 0.04296875
0 0.275390625 0.2421875 0.02734375 0.02734375
0 0.3046875 0.236328125 0.02734375 0.03515625
0 0.0439453125 0.2275390625 0.033203125 0.021484375
0 0.0078125 0.2275390625 0.015625 0.029296875
0 0.361328125 0.224609375 0.0234375 0.03515625
0 0.1376953125 0.2060546875 0.033203125 0.021484375
0 0.4033203125 0.2060546875 0.029296875 0.029296875
0 0.52734375 0.19921875 0.09375 0.03125
0 0.3525390625 0.193359375 0.017578125 0.01953125
0 0.2783203125 0.171875 0.021484375 0.0234375
0 0.1337890625 0.16796875 0.029296875 0.0234375
0 0.419921875 0.1630859375 0.01953125 0.017578125
0 0.162109375 0.1572265625 0.015625 0.009765625
0 0.052734375 0.1630859375 0.02734375 0.025390625
0 0.0283203125 0.1552734375 0.013671875 0.013671875
0 0.0087890625 0.16015625 0.017578125 0.0234375
0 0.3583984375 0.1630859375 0.029296875 0.033203125
0 0.2685546875 0.15234375 0.017578125 0.015625
0 0.6435546875 0.1689453125 0.056640625 0.052734375
0 0.3876953125 0.15234375 0.025390625 0.0234375
0 0.1533203125 0.13671875 0.033203125 0.01953125
0 0.3427734375 0.1337890625 0.025390625 0.025390625
0 0.0537109375 0.1318359375 0.021484375 0.021484375
0 0.0078125 0.1083984375 0.015625 0.013671875
0 0.04296875 0.1015625 0.046875 0.02734375
0 0.712890625 0.1083984375 0.05078125 0.052734375
0 0.322265625 0.09375 0.03125 0.03515625
0 0.0234375 0.072265625 0.01171875 0.015625
0 0.0546875 0.0703125 0.0234375 0.01953125
0 0.0048828125 0.0693359375 0.009765625 0.017578125
0 0.1552734375 0.0732421875 0.041015625 0.048828125
0 0.2998046875 0.046875 0.029296875 0.03515625
0 0.1357421875 0.03515625 0.017578125 0.01953125
0 0.2080078125 0.0263671875 0.017578125 0.021484375
0 0.322265625 0.0234375 0.01953125 0.0234375
0 0.798828125 0.0341796875 0.07421875 0.052734375
0 0.884765625 0.0048828125 0.01953125 0.009765625
0 0.287109375 0.013671875 0.03515625 0.02734375
0 0.0517578125 0.0107421875 0.025390625 0.021484375
0 0.0244140625 0.0078125 0.009765625 0.015625
0 0.0068359375 0.0078125 0.013671875 0.015625