0 0.7412109375 0.982421875 0.072265625 0.03515625
0 0.3173828125 0.98046875 0.072265625 0.0390625
0 0.923828125 0.9736328125 0.0546875 0.044921875
0 0.4033203125 0.9599609375 0.119140625 0.080078125
0 0.8720703125 0.9169921875 0.048828125 0.056640625
0 0.609375 0.9384765625 0.1875 0.123046875
0 0.7763671875 0.8916015625 0.044921875 0.044921875
0 0.2529296875 0.818359375 0.181640625 0.09765625
0 0.0556640625 0.7734375 0.111328125 0.09765625
0 0.0048828125 0.6044921875 0.009765625 0.033203125
0 0.6845703125 0.24609375 0.017578125 0.01953125
0 0.7421875 0.208984375 0.0859375 0.0703125
0 0.9970703125 0.1083984375 0.005859375 0.017578125
0 0.287109375 0.0283203125 0.05078125 0.048828125
0 0.94140625 0.0380859375 0.1171875 0.076171875
0 0.0849609375 0.064453125 0.169921875 0.12890625