0 0.9072265625 0.9091796875 0.056640625 0.060546875
0 0.8037109375 0.8212890625 0.064453125 0.056640625
0 0.970703125 0.8017578125 0.046875 0.048828125
0 0.0556640625 0.7890625 0.111328125 0.16796875
0 0.041015625 0.513671875 0.08203125 0.1796875
0 0.029296875 0.353515625 0.05859375 0.12109375
0 0.5009765625 0.2001953125 0.064453125 0.072265625
0 0.984375 0.0771484375 0.03125 0.056640625
0 0.755859375 0.0517578125 0.14453125 0.103515625
0 0.6650390625 0.0029296875 0.009765625 0.005859375
0 0.5498046875 0.0625 0.130859375 0.125
0 0.4404296875 0.0078125 0.029296875 0.015625
0 0.3447265625 0.052734375 0.154296875 0.10546875