0 0.7802734375 0.97265625 0.052734375 0.0546875
0 0.0146484375 0.9296875 0.029296875 0.0703125
0 0.0185546875 0.7822265625 0.037109375 0.068359375
0 0.4658203125 0.6240234375 0.060546875 0.091796875
0 0.201171875 0.6083984375 0.0859375 0.095703125
0 0.23828125 0.513671875 0.03515625 0.03515625
0 0.2529296875 0.4794921875 0.033203125 0.025390625
0 0.103515625 0.4921875 0.20703125 0.30078125
0 0.3095703125 0.138671875 0.037109375 0.03515625
0 0.013671875 0.0703125 0.02734375 0.046875
0 0.2119140625 0.0263671875 0.099609375 0.052734375
0 0.1171875 0.0234375 0.04296875 0.046875
0 0.03125 0.029296875 0.0625 0.05859375