0 0.5107421875 0.98046875 0.064453125 0.0390625
0 0.138671875 0.9794921875 0.07421875 0.041015625
0 0.8427734375 0.9716796875 0.119140625 0.056640625
0 0.6005859375 0.9541015625 0.158203125 0.091796875
0 0.197265625 0.935546875 0.05859375 0.0546875
0 0.755859375 0.9150390625 0.0546875 0.041015625
0 0.05859375 0.9443359375 0.1171875 0.111328125
0 0.244140625 0.908203125 0.0390625 0.04296875
0 0.669921875 0.88671875 0.046875 0.03515625
0 0.015625 0.88671875 0.03125 0.0546875
0 0.6005859375 0.8759765625 0.087890625 0.068359375
0 0.1845703125 0.857421875 0.119140625 0.12109375
0 0.125 0.830078125 0.06640625 0.08984375
0 0.048828125 0.822265625 0.09765625 0.08984375
0 0.455078125 0.8154296875 0.1328125 0.103515625
0 0.2802734375 0.7890625 0.072265625 0.0546875
0 0.9326171875 0.8544921875 0.134765625 0.216796875
0 0.7099609375 0.806640625 0.232421875 0.15625
0 0.06640625 0.7578125 0.1328125 0.09765625
0 0.515625 0.7275390625 0.0390625 0.041015625
0 0.126953125 0.7216796875 0.25390625 0.154296875
0 0.58203125 0.658203125 0.0546875 0.05078125
0 0.2890625 0.6591796875 0.11328125 0.068359375
0 0.4912109375 0.623046875 0.091796875 0.0625
0 0.1357421875 0.5888671875 0.091796875 0.052734375
0 0.376953125 0.6083984375 0.06640625 0.134765625
0 0.15234375 0.54296875 0.08984375 0.05078125
0 0.31640625 0.5205078125 0.0703125 0.044921875
0 0.16796875 0.50390625 0.08984375 0.05078125
0 0.8017578125 0.5419921875 0.181640625 0.142578125
0 0.330078125 0.4833984375 0.07421875 0.044921875
0 0.5595703125 0.541015625 0.193359375 0.171875
0 0.99609375 0.4580078125 0.0078125 0.021484375
0 0.2431640625 0.5185546875 0.080078125 0.154296875
0 0.4326171875 0.458984375 0.064453125 0.125
0 0.1630859375 0.4169921875 0.056640625 0.099609375
0 0.576171875 0.392578125 0.09375 0.0859375
0 0.8271484375 0.3935546875 0.134765625 0.099609375
0 0.3955078125 0.359375 0.111328125 0.0625
0 0.2275390625 0.3515625 0.091796875 0.05078125
0 0.30078125 0.376953125 0.05859375 0.109375
0 0.6005859375 0.310546875 0.103515625 0.09375
0 0.4873046875 0.30078125 0.048828125 0.08984375
0 0.8740234375 0.3056640625 0.173828125 0.119140625
0 0.4375 0.283203125 0.046875 0.09375
0 0.39453125 0.271484375 0.046875 0.09375
0 0.7109375 0.28515625 0.08203125 0.12890625
0 0.34375 0.2568359375 0.046875 0.091796875
0 0.2978515625 0.248046875 0.044921875 0.08984375
0 0.248046875 0.2333984375 0.0546875 0.091796875
0 0.6123046875 0.2255859375 0.087890625 0.080078125
0 0.01953125 0.1845703125 0.0390625 0.060546875
0 0.1123046875 0.3134765625 0.224609375 0.365234375
0 0.00390625 0.107421875 0.0078125 0.015625
0 0.39453125 0.1689453125 0.30078125 0.146484375
0 0.1865234375 0.1064453125 0.111328125 0.091796875
0 0.9873046875 0.06640625 0.025390625 0.046875
0 0.9873046875 0.01171875 0.025390625 0.0234375
0 0.8955078125 0.017578125 0.099609375 0.03515625
0 0.740234375 0.0185546875 0.109375 0.037109375