0 0.0712890625 0.99609375 0.013671875 0.0078125
0 0.2041015625 0.9951171875 0.017578125 0.009765625
0 0.095703125 0.9833984375 0.02734375 0.025390625
0 0.0146484375 0.982421875 0.029296875 0.03125
0 0.12109375 0.9658203125 0.0234375 0.025390625
0 0.0390625 0.9619140625 0.03125 0.029296875
0 0.24609375 0.95703125 0.0234375 0.03125
0 0.1435546875 0.94140625 0.021484375 0.0234375
0 0.060546875 0.931640625 0.03125 0.03515625
0 0.27734375 0.9287109375 0.02734375 0.033203125
0 0.166015625 0.923828125 0.03125 0.02734375
0 0.08203125 0.9189453125 0.02734375 0.029296875
0 0.1943359375 0.8994140625 0.029296875 0.029296875
0 0.103515625 0.9013671875 0.02734375 0.033203125
0 0.330078125 0.888671875 0.03125 0.03125
0 0.220703125 0.875 0.02734375 0.02734375
0 0.12109375 0.8759765625 0.02734375 0.029296875
0 0.30859375 0.8681640625 0.03125 0.029296875
0 0.1455078125 0.853515625 0.029296875 0.03125
0 0.2705078125 0.833984375 0.021484375 0.0234375
0 0.181640625 0.8251953125 0.02734375 0.029296875
0 0.2880859375 0.8095703125 0.025390625 0.025390625
0 0.3173828125 0.7822265625 0.025390625 0.025390625
0 0.3642578125 0.740234375 0.025390625 0.02734375
0 0.2294921875 0.7529296875 0.076171875 0.076171875
0 0.294921875 0.72265625 0.0234375 0.0234375
0 0.01953125 0.7041015625 0.02734375 0.025390625
0 0.041015625 0.6796875 0.01953125 0.01953125
0 0.009765625 0.638671875 0.01953125 0.01953125
0 0.001953125 0.6083984375 0.00390625 0.005859375
0 0.01171875 0.564453125 0.01953125 0.01953125
0 0.0048828125 0.53515625 0.009765625 0.015625
0 0.0244140625 0.5087890625 0.025390625 0.029296875
0 0.060546875 0.474609375 0.02734375 0.02734375
0 0.0908203125 0.439453125 0.025390625 0.0234375
0 0.11328125 0.421875 0.02734375 0.02734375
0 0.0126953125 0.4091796875 0.025390625 0.033203125
0 0.140625 0.3837890625 0.0234375 0.021484375
0 0.025390625 0.3779296875 0.03125 0.033203125
0 0.2470703125 0.37109375 0.025390625 0.0234375
0 0.162109375 0.3671875 0.03125 0.02734375
0 0.0703125 0.34765625 0.03125 0.03125
0 0.1796875 0.345703125 0.03125 0.03125
0 0.0927734375 0.3134765625 0.029296875 0.025390625
0 0.2119140625 0.2998046875 0.025390625 0.025390625
0 0.2392578125 0.271484375 0.033203125 0.02734375
0 0.130859375 0.255859375 0.02734375 0.03125
0 0.2578125 0.25 0.0390625 0.03515625
0 0.0244140625 0.2373046875 0.033203125 0.033203125
0 0.26953125 0.216796875 0.0234375 0.0234375
0 0.33984375 0.2060546875 0.01953125 0.017578125
0 0.1748046875 0.2109375 0.037109375 0.02734375
0 0.291015625 0.19921875 0.03125 0.02734375
0 0.005859375 0.1943359375 0.01171875 0.025390625
0 0.2021484375 0.1748046875 0.021484375 0.021484375
0 0.0341796875 0.181640625 0.025390625 0.0390625
0 0.373046875 0.171875 0.0234375 0.0234375
0 0.296875 0.1708984375 0.0234375 0.021484375
0 0.0673828125 0.1650390625 0.025390625 0.033203125
0 0.103515625 0.1455078125 0.0234375 0.029296875
0 0.22265625 0.1396484375 0.0234375 0.025390625
0 0.142578125 0.1328125 0.02734375 0.0234375
0 0.337890625 0.1357421875 0.04296875 0.037109375
0 0.1826171875 0.1162109375 0.021484375 0.029296875
0 0.203125 0.103515625 0.015625 0.015625
0 0.0048828125 0.1064453125 0.009765625 0.029296875
0 0.2509765625 0.1015625 0.025390625 0.0234375
0 0.365234375 0.1005859375 0.046875 0.044921875
0 0.0380859375 0.0888671875 0.021484375 0.037109375
0 0.083984375 0.078125 0.02734375 0.02734375
0 0.1103515625 0.068359375 0.025390625 0.0234375
0 0.37890625 0.060546875 0.02734375 0.02734375
0 0.1416015625 0.0556640625 0.025390625 0.021484375
0 0.0419921875 0.05078125 0.025390625 0.0234375
0 0.171875 0.0439453125 0.02734375 0.037109375
0 0.396484375 0.03515625 0.02734375 0.02734375
0 0.1982421875 0.0361328125 0.021484375 0.033203125
0 0.2275390625 0.0322265625 0.025390625 0.033203125
0 0.2978515625 0.0166015625 0.029296875 0.029296875
0 0.337890625 0.0048828125 0.01953125 0.009765625