0 0.232421875 0.9970703125 0.01171875 0.005859375
0 0.548828125 0.99609375 0.01171875 0.0078125
0 0.4248046875 0.9951171875 0.021484375 0.009765625
0 0.138671875 0.990234375 0.0390625 0.01953125
0 0.0283203125 0.9892578125 0.044921875 0.021484375
0 0.1875 0.984375 0.0234375 0.03125
0 0.3662109375 0.9775390625 0.025390625 0.021484375
0 0.40625 0.9677734375 0.02734375 0.025390625
0 0.1513671875 0.962890625 0.033203125 0.03125
0 0.068359375 0.947265625 0.03515625 0.02734375
0 0.4755859375 0.9482421875 0.021484375 0.033203125
0 0.025390625 0.9482421875 0.02734375 0.037109375
0 0.896484375 0.9423828125 0.05859375 0.037109375
0 0.7783203125 0.93359375 0.068359375 0.02734375
0 0.224609375 0.9169921875 0.03125 0.029296875
0 0.8779296875 0.904296875 0.025390625 0.015625
0 0.326171875 0.896484375 0.0234375 0.0234375
0 0.2919921875 0.90625 0.037109375 0.04296875
0 0.583984375 0.89453125 0.01953125 0.02734375
0 0.0146484375 0.89453125 0.029296875 0.03515625
0 0.880859375 0.8818359375 0.03125 0.017578125
0 0.5390625 0.8720703125 0.015625 0.021484375
0 0.4619140625 0.87109375 0.029296875 0.04296875
0 0.1787109375 0.865234375 0.033203125 0.03125
0 0.66015625 0.8505859375 0.02734375 0.025390625
0 0.234375 0.8466796875 0.02734375 0.021484375
0 0.90625 0.833984375 0.015625 0.015625
0 0.8232421875 0.837890625 0.013671875 0.02734375
0 0.189453125 0.83203125 0.01953125 0.02734375
0 0.09375 0.8349609375 0.03125 0.033203125
0 0.8818359375 0.82421875 0.029296875 0.0234375
0 0.0791015625 0.8115234375 0.017578125 0.013671875
0 0.5986328125 0.8115234375 0.021484375 0.021484375
0 0.5537109375 0.8095703125 0.025390625 0.017578125
0 0.5166015625 0.80859375 0.029296875 0.015625
0 0.046875 0.8095703125 0.0234375 0.025390625
0 0.8251953125 0.798828125 0.013671875 0.01171875
0 0.677734375 0.8037109375 0.0390625 0.021484375
0 0.8818359375 0.796875 0.029296875 0.01953125
0 0.21484375 0.8046875 0.03515625 0.03515625
0 0.12890625 0.796875 0.02734375 0.0234375
0 0.421875 0.7939453125 0.02734375 0.033203125
0 0.0087890625 0.7841796875 0.017578125 0.037109375
0 0.240234375 0.7802734375 0.03125 0.033203125
0 0.884765625 0.7646484375 0.03125 0.021484375
0 0.310546875 0.759765625 0.03125 0.03125
0 0.001953125 0.75 0.00390625 0.01171875
0 0.443359375 0.75390625 0.02734375 0.02734375
0 0.3466796875 0.748046875 0.029296875 0.03125
0 0.6787109375 0.7421875 0.033203125 0.02734375
0 0.8857421875 0.728515625 0.033203125 0.0234375
0 0.6025390625 0.7275390625 0.029296875 0.021484375
0 0.390625 0.7353515625 0.046875 0.044921875
0 0.9638671875 0.7705078125 0.072265625 0.119140625
0 0.115234375 0.71484375 0.03125 0.02734375
0 0.546875 0.71484375 0.0234375 0.04296875
0 0.056640625 0.708984375 0.03125 0.03125
0 0.8837890625 0.69921875 0.029296875 0.01953125
0 0.6796875 0.701171875 0.03125 0.0234375
0 0.5732421875 0.6923828125 0.017578125 0.013671875
0 0.447265625 0.697265625 0.02734375 0.03125
0 0.80859375 0.68359375 0.01953125 0.01953125
0 0.4072265625 0.68359375 0.025390625 0.0234375
0 0.0849609375 0.6826171875 0.025390625 0.025390625
0 0.6015625 0.6796875 0.02734375 0.0234375
0 0.98828125 0.6640625 0.015625 0.0234375
0 0.9345703125 0.66015625 0.017578125 0.0234375
0 0.0439453125 0.66015625 0.021484375 0.0234375
0 0.8876953125 0.658203125 0.033203125 0.02734375
0 0.681640625 0.6572265625 0.03515625 0.025390625
0 0.5732421875 0.650390625 0.013671875 0.01171875
0 0.2880859375 0.6572265625 0.033203125 0.025390625
0 0.01171875 0.6484375 0.0234375 0.0234375
0 0.5029296875 0.6484375 0.025390625 0.02734375
0 0.2275390625 0.6494140625 0.033203125 0.041015625
0 0.59765625 0.6337890625 0.04296875 0.029296875
0 0.3212890625 0.6279296875 0.029296875 0.025390625
0 0.5498046875 0.6259765625 0.025390625 0.025390625
0 0.884765625 0.619140625 0.01953125 0.01953125
0 0.3525390625 0.615234375 0.025390625 0.02734375
0 0.7197265625 0.6103515625 0.025390625 0.037109375
0 0.099609375 0.59375 0.0234375 0.0234375
0 0.255859375 0.59375 0.03515625 0.02734375
0 0.8857421875 0.5859375 0.021484375 0.02734375
0 0.3935546875 0.591796875 0.029296875 0.0390625
0 0.05859375 0.5849609375 0.01953125 0.025390625
0 0.14453125 0.5810546875 0.02734375 0.033203125
0 0.0361328125 0.578125 0.021484375 0.02734375
0 0.0078125 0.5732421875 0.015625 0.025390625
0 0.708984375 0.568359375 0.0234375 0.01953125
0 0.4462890625 0.5693359375 0.025390625 0.025390625
0 0.595703125 0.5732421875 0.03125 0.041015625
0 0.1630859375 0.564453125 0.025390625 0.0234375
0 0.2919921875 0.564453125 0.025390625 0.02734375
0 0.67578125 0.5625 0.03515625 0.03515625
0 0.326171875 0.552734375 0.0234375 0.01953125
0 0.884765625 0.5478515625 0.03125 0.021484375
0 0.4892578125 0.544921875 0.029296875 0.02734375
0 0.2099609375 0.5419921875 0.029296875 0.033203125
0 0.650390625 0.5263671875 0.0234375 0.021484375
0 0.353515625 0.5224609375 0.03515625 0.029296875
0 0.8759765625 0.513671875 0.017578125 0.0234375
0 0.7861328125 0.498046875 0.025390625 0.01953125
0 0.2568359375 0.5048828125 0.029296875 0.033203125
0 0.693359375 0.490234375 0.01953125 0.02734375
0 0.2880859375 0.48046875 0.033203125 0.03125
0 0.8662109375 0.4658203125 0.017578125 0.021484375
0 0.7861328125 0.4609375 0.025390625 0.01953125
0 0.9375 0.4609375 0.02734375 0.0234375
0 0.62109375 0.455078125 0.03515625 0.0234375
0 0.326171875 0.455078125 0.03515625 0.03515625
0 0.724609375 0.4501953125 0.02734375 0.033203125
0 0.7861328125 0.4345703125 0.021484375 0.017578125
0 0.8603515625 0.4248046875 0.017578125 0.025390625
0 0.85546875 0.3837890625 0.01953125 0.021484375
0 0.6728515625 0.3740234375 0.025390625 0.021484375
0 0.466796875 0.37890625 0.0390625 0.03125
0 0.7109375 0.3701171875 0.01953125 0.021484375
0 0.755859375 0.3662109375 0.01953125 0.017578125
0 0.779296875 0.365234375 0.0234375 0.01953125
0 0.685546875 0.3486328125 0.015625 0.017578125
0 0.8505859375 0.3369140625 0.017578125 0.021484375
0 0.7373046875 0.328125 0.013671875 0.01953125
0 0.7734375 0.3291015625 0.02734375 0.033203125
0 0.8466796875 0.3017578125 0.017578125 0.021484375
0 0.73828125 0.291015625 0.03125 0.01953125
0 0.7333984375 0.263671875 0.021484375 0.015625
0 0.7626953125 0.244140625 0.021484375 0.02734375
0 0.837890625 0.23828125 0.0234375 0.02734375
0 0.837890625 0.201171875 0.01953125 0.0234375
0 0.765625 0.1953125 0.01953125 0.0234375
0 0.7666015625 0.16015625 0.017578125 0.0234375
0 0.8369140625 0.1416015625 0.021484375 0.017578125
0 0.765625 0.115234375 0.01953125 0.02734375
0 0.8359375 0.0732421875 0.0234375 0.017578125
0 0.7548828125 0.05859375 0.029296875 0.01953125
0 0.974609375 0.048828125 0.02734375 0.015625
0 0.8876953125 0.0498046875 0.021484375 0.017578125
0 0.8369140625 0.048828125 0.025390625 0.015625
0 0.921875 0.052734375 0.0234375 0.03125
0 0.751953125 0.005859375 0.0234375 0.01171875