0 0.013671875 0.9736328125 0.015625 0.041015625
0 0.21875 0.8994140625 0.02734375 0.017578125
0 0.1787109375 0.904296875 0.017578125 0.03125
0 0.138671875 0.8984375 0.0234375 0.01953125
0 0.041015625 0.9072265625 0.01953125 0.037109375
0 0.01171875 0.9052734375 0.0234375 0.037109375
0 0.0732421875 0.8984375 0.017578125 0.02734375
0 0.1962890625 0.8359375 0.009765625 0.015625
0 0.1396484375 0.8388671875 0.021484375 0.021484375
0 0.21875 0.8388671875 0.02734375 0.025390625
0 0.16796875 0.8369140625 0.01953125 0.025390625
0 0.1005859375 0.8369140625 0.025390625 0.029296875
0 0.0712890625 0.833984375 0.017578125 0.03125
0 0.015625 0.833984375 0.01953125 0.03515625
0 0.04296875 0.8330078125 0.01953125 0.037109375
0 0.2138671875 0.814453125 0.033203125 0.01953125
0 0.162109375 0.8115234375 0.015625 0.013671875
0 0.1298828125 0.810546875 0.009765625 0.01171875
0 0.11328125 0.8125 0.015625 0.015625
0 0.0810546875 0.80859375 0.013671875 0.01171875
0 0.0244140625 0.80859375 0.009765625 0.01171875
0 0.0576171875 0.78125 0.029296875 0.02734375
0 0.0166015625 0.7783203125 0.025390625 0.033203125
0 0.123046875 0.77734375 0.06640625 0.03515625
0 0.2138671875 0.76953125 0.033203125 0.05078125
0 0.1953125 0.6884765625 0.06640625 0.037109375
0 0.037109375 0.6826171875 0.03515625 0.025390625
0 0.0029296875 0.6826171875 0.005859375 0.025390625
0 0.1025390625 0.6923828125 0.029296875 0.048828125
0 0.03125 0.61328125 0.0625 0.0625
0 0.283203125 0.5439453125 0.03125 0.029296875
0 0.154296875 0.5263671875 0.03515625 0.044921875
0 0.279296875 0.474609375 0.01953125 0.03515625
0 0.05078125 0.4990234375 0.1015625 0.130859375
0 0.2841796875 0.4267578125 0.013671875 0.017578125
0 0.3203125 0.4228515625 0.01171875 0.021484375
0 0.119140625 0.4208984375 0.05078125 0.048828125
0 0.28125 0.39453125 0.01171875 0.015625
0 0.04296875 0.390625 0.0234375 0.0234375
0 0.0068359375 0.3837890625 0.013671875 0.037109375
0 0.3896484375 0.357421875 0.029296875 0.02734375
0 0.3671875 0.330078125 0.015625 0.015625
0 0.0654296875 0.306640625 0.130859375 0.1328125
0 0.5029296875 0.1943359375 0.021484375 0.025390625
0 0.0302734375 0.1162109375 0.060546875 0.119140625
0 0.0400390625 0.0166015625 0.041015625 0.033203125