0 0.0048828125 0.998046875 0.009765625 0.00390625
0 0.84765625 0.9970703125 0.01171875 0.005859375
0 0.44140625 0.9970703125 0.0234375 0.005859375
0 0.373046875 0.9931640625 0.02734375 0.013671875
0 0.6845703125 0.990234375 0.021484375 0.01953125
0 0.2685546875 0.990234375 0.025390625 0.01953125
0 0.3212890625 0.984375 0.017578125 0.01953125
0 0.2265625 0.986328125 0.0390625 0.02734375
0 0.9150390625 0.9765625 0.013671875 0.015625
0 0.8251953125 0.9833984375 0.025390625 0.029296875
0 0.859375 0.978515625 0.01953125 0.02734375
0 0.892578125 0.9736328125 0.0234375 0.029296875
0 0.365234375 0.9677734375 0.03515625 0.021484375
0 0.9453125 0.9697265625 0.03125 0.029296875
0 0.611328125 0.9677734375 0.02734375 0.025390625
0 0.1416015625 0.9775390625 0.056640625 0.044921875
0 0.49609375 0.962890625 0.03125 0.01953125
0 0.5322265625 0.9619140625 0.025390625 0.021484375
0 0.4375 0.958984375 0.02734375 0.01953125
0 0.56640625 0.958984375 0.0234375 0.0234375
0 0.2392578125 0.9462890625 0.029296875 0.021484375
0 0.2880859375 0.943359375 0.021484375 0.02734375
0 0.6767578125 0.9404296875 0.037109375 0.033203125
0 0.3642578125 0.9345703125 0.033203125 0.021484375
0 0.640625 0.9345703125 0.0234375 0.025390625
0 0.9384765625 0.9326171875 0.021484375 0.029296875
0 0.1171875 0.9248046875 0.03515625 0.025390625
0 0.8466796875 0.9130859375 0.037109375 0.025390625
0 0.1826171875 0.908203125 0.025390625 0.02734375
0 0.7548828125 0.9130859375 0.037109375 0.041015625
0 0.3623046875 0.900390625 0.033203125 0.0234375
0 0.96484375 0.8994140625 0.01953125 0.025390625
0 0.4375 0.8916015625 0.0390625 0.029296875
0 0.255859375 0.8896484375 0.02734375 0.029296875
0 0.1298828125 0.89453125 0.041015625 0.0390625
0 0.861328125 0.8818359375 0.0390625 0.025390625
0 0.494140625 0.8759765625 0.02734375 0.021484375
0 0.7802734375 0.87890625 0.025390625 0.03515625
0 0.962890625 0.87109375 0.01953125 0.0234375
0 0.7275390625 0.87109375 0.029296875 0.03125
0 0.36328125 0.8662109375 0.02734375 0.021484375
0 0.1923828125 0.8671875 0.025390625 0.0234375
0 0.1484375 0.865234375 0.02734375 0.0234375
0 0.4365234375 0.859375 0.033203125 0.01953125
0 0.5888671875 0.8671875 0.033203125 0.04296875
0 0.4638671875 0.845703125 0.017578125 0.01171875
0 0.8564453125 0.849609375 0.025390625 0.0234375
0 0.6416015625 0.84765625 0.025390625 0.03515625
0 0.9619140625 0.8408203125 0.021484375 0.025390625
0 0.265625 0.8388671875 0.0234375 0.033203125
0 0.1943359375 0.8388671875 0.025390625 0.033203125
0 0.6650390625 0.828125 0.017578125 0.015625
0 0.5166015625 0.828125 0.013671875 0.015625
0 0.7763671875 0.8291015625 0.033203125 0.029296875
0 0.361328125 0.8251953125 0.02734375 0.021484375
0 0.150390625 0.8271484375 0.03515625 0.037109375
0 0.435546875 0.810546875 0.03515625 0.0234375
0 0.958984375 0.80859375 0.0234375 0.0234375
0 0.5078125 0.806640625 0.02734375 0.0234375
0 0.595703125 0.8046875 0.03125 0.0234375
0 0.20703125 0.7939453125 0.03125 0.025390625
0 0.7607421875 0.7939453125 0.037109375 0.029296875
0 0.3642578125 0.7861328125 0.017578125 0.021484375
0 0.275390625 0.7919921875 0.0234375 0.033203125
0 0.951171875 0.7783203125 0.03125 0.017578125
0 0.6494140625 0.775390625 0.021484375 0.01953125
0 0.703125 0.771484375 0.01171875 0.015625
0 0.68359375 0.7763671875 0.01953125 0.025390625
0 0.8310546875 0.775390625 0.033203125 0.03125
0 0.5107421875 0.7685546875 0.025390625 0.021484375
0 0.330078125 0.771484375 0.015625 0.02734375
0 0.59765625 0.765625 0.0234375 0.01953125
0 0.1435546875 0.767578125 0.033203125 0.0234375
0 0.1767578125 0.7578125 0.017578125 0.01953125
0 0.744140625 0.76171875 0.03125 0.03125
0 0.21484375 0.7578125 0.0234375 0.02734375
0 0.3505859375 0.7470703125 0.037109375 0.021484375
0 0.953125 0.748046875 0.02734375 0.02734375
0 0.28515625 0.7470703125 0.01953125 0.025390625
0 0.81640625 0.7431640625 0.02734375 0.029296875
0 0.6171875 0.734375 0.01953125 0.015625
0 0.68359375 0.7236328125 0.015625 0.021484375
0 0.0087890625 0.7265625 0.017578125 0.03125
0 0.955078125 0.7177734375 0.0234375 0.017578125
0 0.796875 0.7119140625 0.02734375 0.025390625
0 0.5048828125 0.712890625 0.029296875 0.03515625
0 0.4306640625 0.7333984375 0.037109375 0.076171875
0 0.6552734375 0.703125 0.025390625 0.03125
0 0.7080078125 0.69921875 0.029296875 0.02734375
0 0.9541015625 0.685546875 0.021484375 0.015625
0 0.3212890625 0.6787109375 0.033203125 0.021484375
0 0.35546875 0.673828125 0.0234375 0.0234375
0 0.2724609375 0.6796875 0.052734375 0.0390625
0 0.423828125 0.669921875 0.0234375 0.0234375
0 0.79296875 0.673828125 0.02734375 0.03515625
0 0.4990234375 0.6689453125 0.025390625 0.025390625
0 0.009765625 0.6640625 0.015625 0.0234375
0 0.6875 0.6630859375 0.02734375 0.025390625
0 0.578125 0.6650390625 0.03125 0.029296875
0 0.1865234375 0.6669921875 0.033203125 0.037109375
0 0.9521484375 0.654296875 0.021484375 0.015625
0 0.4267578125 0.6376953125 0.029296875 0.025390625
0 0.279296875 0.6376953125 0.03515625 0.029296875
0 0.951171875 0.6279296875 0.01953125 0.017578125
0 0.349609375 0.6298828125 0.01953125 0.025390625
0 0.759765625 0.6298828125 0.0234375 0.029296875
0 0.56640625 0.6318359375 0.03125 0.033203125
0 0.48046875 0.630859375 0.03125 0.03125
0 0.044921875 0.6240234375 0.0234375 0.021484375
0 0.673828125 0.626953125 0.0390625 0.03125
0 0.201171875 0.623046875 0.015625 0.0234375
0 0.3212890625 0.6064453125 0.017578125 0.017578125
0 0.291015625 0.6025390625 0.02734375 0.025390625
0 0.9501953125 0.5966796875 0.021484375 0.017578125
0 0.4609375 0.5927734375 0.03515625 0.033203125
0 0.671875 0.591796875 0.0234375 0.03515625
0 0.2021484375 0.5830078125 0.017578125 0.029296875
0 0.748046875 0.5810546875 0.0234375 0.029296875
0 0.5634765625 0.5712890625 0.025390625 0.017578125
0 0.78515625 0.56640625 0.015625 0.015625
0 0.42578125 0.572265625 0.03515625 0.03125
0 0.9375 0.5654296875 0.0390625 0.021484375
0 0.3544921875 0.5693359375 0.029296875 0.033203125
0 0.6640625 0.5546875 0.03515625 0.03125
0 0.2060546875 0.55078125 0.021484375 0.0234375
0 0.7490234375 0.5439453125 0.029296875 0.021484375
0 0.7861328125 0.5390625 0.017578125 0.015625
0 0.5849609375 0.54296875 0.025390625 0.0234375
0 0.9013671875 0.515625 0.025390625 0.015625
0 0.2080078125 0.5146484375 0.025390625 0.025390625
0 0.99609375 0.501953125 0.0078125 0.015625
0 0.970703125 0.50390625 0.0234375 0.01953125
0 0.4814453125 0.5166015625 0.033203125 0.044921875
0 0.67578125 0.5068359375 0.03125 0.029296875
0 0.2802734375 0.5078125 0.021484375 0.03515625
0 0.748046875 0.50390625 0.02734375 0.03125
0 0.57421875 0.5029296875 0.03125 0.033203125
0 0.4423828125 0.498046875 0.033203125 0.03125
0 0.8955078125 0.48046875 0.021484375 0.01953125
0 0.626953125 0.478515625 0.015625 0.015625
0 0.3212890625 0.48828125 0.029296875 0.03515625
0 0.4599609375 0.4765625 0.017578125 0.015625
0 0.2197265625 0.478515625 0.021484375 0.0234375
0 0.3603515625 0.4814453125 0.033203125 0.033203125
0 0.587890625 0.474609375 0.03125 0.02734375
0 0.2890625 0.470703125 0.01953125 0.01953125
0 0.9677734375 0.462890625 0.021484375 0.015625
0 0.765625 0.46875 0.02734375 0.02734375
0 0.68359375 0.4677734375 0.03125 0.029296875
0 0.224609375 0.4599609375 0.015625 0.013671875
0 0.5107421875 0.462890625 0.029296875 0.03515625
0 0.8896484375 0.447265625 0.029296875 0.01953125
0 0.609375 0.451171875 0.03125 0.03125
0 0.455078125 0.44140625 0.02734375 0.0234375
0 0.78125 0.4384765625 0.02734375 0.025390625
0 0.3779296875 0.4384765625 0.029296875 0.033203125
0 0.96484375 0.4296875 0.01953125 0.01953125
0 0.517578125 0.4306640625 0.0234375 0.021484375
0 0.2998046875 0.431640625 0.021484375 0.0234375
0 0.6328125 0.4326171875 0.03125 0.029296875
0 0.228515625 0.4306640625 0.03515625 0.033203125
0 0.9970703125 0.4169921875 0.005859375 0.017578125
0 0.896484375 0.4189453125 0.0234375 0.021484375
0 0.466796875 0.4072265625 0.03125 0.025390625
0 0.65625 0.408203125 0.03515625 0.03125
0 0.5283203125 0.4072265625 0.029296875 0.037109375
0 0.3251953125 0.3916015625 0.037109375 0.029296875
0 0.71484375 0.3896484375 0.03125 0.029296875
0 0.3896484375 0.38671875 0.025390625 0.02734375
0 0.234375 0.3857421875 0.02734375 0.025390625
0 0.7939453125 0.3828125 0.021484375 0.03125
0 0.4658203125 0.3701171875 0.021484375 0.021484375
0 0.86328125 0.369140625 0.03125 0.0234375
0 0.896484375 0.3681640625 0.01953125 0.025390625
0 0.8271484375 0.3701171875 0.021484375 0.029296875
0 0.9677734375 0.36328125 0.029296875 0.03515625
0 0.3955078125 0.353515625 0.025390625 0.01953125
0 0.2431640625 0.3564453125 0.033203125 0.025390625
0 0.4892578125 0.3505859375 0.017578125 0.021484375
0 0.5859375 0.3583984375 0.04296875 0.041015625
0 0.6416015625 0.3369140625 0.033203125 0.025390625
0 0.3310546875 0.3408203125 0.033203125 0.037109375
0 0.251953125 0.3193359375 0.03125 0.025390625
0 0.68359375 0.3203125 0.02734375 0.03515625
0 0.4638671875 0.310546875 0.021484375 0.0234375
0 0.7177734375 0.3095703125 0.025390625 0.025390625
0 0.3974609375 0.3037109375 0.021484375 0.025390625
0 0.548828125 0.2978515625 0.015625 0.017578125
0 0.79296875 0.2978515625 0.01953125 0.021484375
0 0.947265625 0.294921875 0.01953125 0.01953125
0 0.8232421875 0.294921875 0.017578125 0.0234375
0 0.8955078125 0.2939453125 0.025390625 0.025390625
0 0.861328125 0.294921875 0.01953125 0.02734375
0 0.61328125 0.2822265625 0.01953125 0.017578125
0 0.9814453125 0.2841796875 0.017578125 0.025390625
0 0.265625 0.2841796875 0.02734375 0.033203125
0 0.4931640625 0.2724609375 0.021484375 0.025390625
0 0.701171875 0.259765625 0.02734375 0.0234375
0 0.3544921875 0.2626953125 0.025390625 0.037109375
0 0.5322265625 0.2646484375 0.025390625 0.044921875
0 0.78515625 0.2509765625 0.03125 0.033203125
0 0.5634765625 0.25 0.033203125 0.03125
0 0.6005859375 0.24609375 0.029296875 0.03515625
0 0.640625 0.234375 0.03125 0.02734375
0 0.8095703125 0.2265625 0.013671875 0.015625
0 0.2783203125 0.2294921875 0.029296875 0.033203125
0 0.68359375 0.2255859375 0.02734375 0.029296875
0 0.7705078125 0.2119140625 0.021484375 0.025390625
0 0.79296875 0.205078125 0.015625 0.015625
0 0.443359375 0.203125 0.0234375 0.02734375
0 0.830078125 0.201171875 0.02734375 0.03125
0 0.86328125 0.1953125 0.0234375 0.0234375
0 0.4970703125 0.1923828125 0.033203125 0.029296875
0 0.2841796875 0.1826171875 0.029296875 0.037109375
0 0.5537109375 0.1767578125 0.029296875 0.033203125
0 0.380859375 0.1845703125 0.04296875 0.048828125
0 0.626953125 0.15625 0.03515625 0.02734375
0 0.6669921875 0.150390625 0.029296875 0.02734375
0 0.5380859375 0.1455078125 0.017578125 0.017578125
0 0.6953125 0.142578125 0.015625 0.01953125
0 0.2939453125 0.14453125 0.033203125 0.03515625
0 0.6005859375 0.1337890625 0.017578125 0.017578125
0 0.7451171875 0.1240234375 0.033203125 0.017578125
0 0.82421875 0.1240234375 0.02734375 0.037109375
0 0.3896484375 0.1083984375 0.037109375 0.037109375
0 0.708984375 0.0947265625 0.01171875 0.013671875
0 0.3076171875 0.1005859375 0.025390625 0.025390625
0 0.7255859375 0.09375 0.017578125 0.015625
0 0.484375 0.09765625 0.046875 0.0234375
0 0.1669921875 0.09765625 0.033203125 0.0234375
0 0.533203125 0.095703125 0.03515625 0.02734375
0 0.5810546875 0.1025390625 0.033203125 0.056640625
0 0.6162109375 0.08203125 0.025390625 0.03125
0 0.6494140625 0.07421875 0.029296875 0.02734375
0 0.31640625 0.0712890625 0.03125 0.029296875
0 0.8056640625 0.072265625 0.029296875 0.04296875
0 0.693359375 0.0625 0.02734375 0.0234375
0 0.7265625 0.0595703125 0.02734375 0.021484375
0 0.2861328125 0.0537109375 0.017578125 0.017578125
0 0.1015625 0.0546875 0.01953125 0.02734375
0 0.9765625 0.044921875 0.04296875 0.03515625
0 0.203125 0.04296875 0.01953125 0.0390625
0 0.3271484375 0.033203125 0.029296875 0.02734375
0 0.7939453125 0.0322265625 0.025390625 0.029296875
0 0.517578125 0.0244140625 0.03125 0.025390625
0 0.6640625 0.00390625 0.02734375 0.0078125
0 0.6298828125 0.005859375 0.025390625 0.01171875
0 0.560546875 0.0107421875 0.03125 0.021484375
0 0.419921875 0.0087890625 0.0390625 0.017578125
0 0.177734375 0.00390625 0.01171875 0.0078125