0 0.177734375 0.998046875 0.03515625 0.00390625
0 0.9365234375 0.373046875 0.126953125 0.1640625
0 0.078125 0.322265625 0.15625 0.30078125
0 0.552734375 0.09375 0.015625 0.02734375
0 0.939453125 0.111328125 0.0546875 0.07421875
0 0.7900390625 0.1435546875 0.146484375 0.173828125
0 0.6728515625 0.078125 0.048828125 0.04296875
0 0.8837890625 0.0615234375 0.017578125 0.017578125
0 0.9912109375 0.0615234375 0.017578125 0.033203125
0 0.0498046875 0.044921875 0.099609375 0.0859375
0 0.9697265625 0.0029296875 0.017578125 0.005859375
0 0.923828125 0.0048828125 0.0234375 0.009765625
0 0.826171875 0.0078125 0.03125 0.015625
0 0.794921875 0.0087890625 0.02734375 0.017578125
0 0.6845703125 0.0185546875 0.099609375 0.037109375