0 0.177734375 0.998046875 0.03125 0.00390625
0 0.23828125 0.9970703125 0.015625 0.005859375
0 0.8828125 0.99609375 0.015625 0.0078125
0 0.0185546875 0.99609375 0.017578125 0.0078125
0 0.9169921875 0.9951171875 0.021484375 0.009765625
0 0.0400390625 0.9951171875 0.017578125 0.009765625
0 0.6201171875 0.9921875 0.017578125 0.015625
0 0.28515625 0.990234375 0.0234375 0.01953125
0 0.1025390625 0.9892578125 0.044921875 0.021484375
0 0.8603515625 0.986328125 0.017578125 0.01953125
0 0.791015625 0.9833984375 0.03125 0.021484375
0 0.3505859375 0.9833984375 0.025390625 0.021484375
0 0.7333984375 0.982421875 0.021484375 0.0234375
0 0.203125 0.9736328125 0.015625 0.013671875
0 0.8603515625 0.96484375 0.013671875 0.01171875
0 0.23828125 0.9638671875 0.015625 0.021484375
0 0.9306640625 0.9599609375 0.025390625 0.017578125
0 0.1767578125 0.9599609375 0.029296875 0.017578125
0 0.283203125 0.9541015625 0.02734375 0.021484375
0 0.7314453125 0.9521484375 0.021484375 0.025390625
0 0.3466796875 0.9482421875 0.029296875 0.017578125
0 0.0126953125 0.943359375 0.017578125 0.0234375
0 0.6220703125 0.939453125 0.021484375 0.0234375
0 0.7880859375 0.94140625 0.021484375 0.03125
0 0.9296875 0.9296875 0.01953125 0.015625
0 0.978515625 0.9326171875 0.02734375 0.025390625
0 0.859375 0.935546875 0.03125 0.03125
0 0.041015625 0.9365234375 0.02734375 0.033203125
0 0.283203125 0.92578125 0.02734375 0.02734375
0 0.998046875 0.904296875 0.00390625 0.0078125
0 0.7255859375 0.9091796875 0.021484375 0.021484375
0 0.927734375 0.9013671875 0.01953125 0.021484375
0 0.28125 0.896484375 0.0234375 0.02734375
0 0.78515625 0.8828125 0.0234375 0.0234375
0 0.71875 0.876953125 0.03125 0.015625
0 0.9248046875 0.8740234375 0.021484375 0.017578125
0 0.630859375 0.876953125 0.015625 0.0234375
0 0.87109375 0.873046875 0.015625 0.01953125
0 0.68359375 0.8662109375 0.01953125 0.009765625
0 0.0771484375 0.90234375 0.056640625 0.0859375
0 0.01953125 0.8671875 0.01953125 0.01953125
0 0.279296875 0.8671875 0.0234375 0.0234375
0 0.8447265625 0.86328125 0.017578125 0.02734375
0 0.8125 0.857421875 0.015625 0.015625
0 0.1787109375 0.8916015625 0.044921875 0.095703125
0 0.7861328125 0.841796875 0.021484375 0.01953125
0 0.9970703125 0.8349609375 0.005859375 0.013671875
0 0.27734375 0.83984375 0.0234375 0.0234375
0 0.9296875 0.8359375 0.03125 0.01953125
0 0.7158203125 0.8330078125 0.021484375 0.021484375
0 0.0048828125 0.810546875 0.009765625 0.0234375
0 0.025390625 0.8095703125 0.01953125 0.025390625
0 0.9326171875 0.8056640625 0.025390625 0.021484375
0 0.7197265625 0.8056640625 0.017578125 0.021484375
0 0.1884765625 0.8076171875 0.033203125 0.025390625
0 0.8662109375 0.802734375 0.029296875 0.01953125
0 0.0712890625 0.8076171875 0.017578125 0.029296875
0 0.28125 0.8056640625 0.01953125 0.029296875
0 0.048828125 0.8056640625 0.015625 0.033203125
0 0.6484375 0.8017578125 0.02734375 0.029296875
0 0.9951171875 0.7890625 0.009765625 0.02734375
0 0.064453125 0.7783203125 0.03125 0.013671875
0 0.296875 0.7763671875 0.01171875 0.013671875
0 0.865234375 0.7744140625 0.02734375 0.017578125
0 0.19140625 0.7763671875 0.03125 0.021484375
0 0.9404296875 0.7744140625 0.029296875 0.021484375
0 0.00390625 0.767578125 0.0078125 0.015625
0 0.7744140625 0.7744140625 0.021484375 0.033203125
0 0.109375 0.7880859375 0.0390625 0.068359375
0 0.2373046875 0.7578125 0.017578125 0.02734375
0 0.998046875 0.74609375 0.00390625 0.0234375
0 0.8583984375 0.74609375 0.021484375 0.0234375
0 0.19140625 0.740234375 0.02734375 0.0234375
0 0.7080078125 0.7373046875 0.021484375 0.021484375
0 0.107421875 0.736328125 0.0390625 0.01953125
0 0.775390625 0.7333984375 0.03125 0.017578125
0 0.0078125 0.728515625 0.015625 0.03515625
0 0.931640625 0.71875 0.0234375 0.01953125
0 0.03125 0.7255859375 0.0234375 0.033203125
0 0.0556640625 0.71875 0.017578125 0.02734375
0 0.865234375 0.7138671875 0.02734375 0.021484375
0 0.1103515625 0.712890625 0.033203125 0.01953125
0 0.7060546875 0.7099609375 0.021484375 0.021484375
0 0.9794921875 0.708984375 0.021484375 0.02734375
0 0.2001953125 0.7021484375 0.033203125 0.021484375
0 0.76953125 0.7001953125 0.0234375 0.025390625
0 0.2412109375 0.7041015625 0.021484375 0.044921875
0 0.9365234375 0.6865234375 0.025390625 0.021484375
0 0.86328125 0.6826171875 0.01953125 0.017578125
0 0.650390625 0.6826171875 0.01953125 0.025390625
0 0.7001953125 0.67578125 0.025390625 0.02734375
0 0.19921875 0.6728515625 0.0390625 0.025390625
0 0.765625 0.6650390625 0.0234375 0.025390625
0 0.310546875 0.6572265625 0.0234375 0.021484375
0 0.0068359375 0.6611328125 0.013671875 0.029296875
0 0.9345703125 0.65234375 0.033203125 0.01953125
0 0.0712890625 0.6572265625 0.017578125 0.029296875
0 0.1220703125 0.65625 0.033203125 0.03515625
0 0.203125 0.646484375 0.02734375 0.0234375
0 0.0458984375 0.65234375 0.021484375 0.03515625
0 0.8671875 0.63671875 0.01953125 0.0234375
0 0.7646484375 0.6337890625 0.021484375 0.017578125
0 0.69921875 0.6337890625 0.02734375 0.021484375
0 0.240234375 0.6064453125 0.015625 0.013671875
0 0.00390625 0.609375 0.0078125 0.01953125
0 0.046875 0.6044921875 0.02734375 0.021484375
0 0.1142578125 0.6015625 0.021484375 0.01953125
0 0.8671875 0.6005859375 0.01953125 0.021484375
0 0.765625 0.599609375 0.01953125 0.01953125
0 0.9296875 0.5966796875 0.03515625 0.017578125
0 0.2900390625 0.5849609375 0.017578125 0.025390625
0 0.001953125 0.5810546875 0.00390625 0.017578125
0 0.2646484375 0.5869140625 0.017578125 0.033203125
0 0.314453125 0.580078125 0.015625 0.0234375
0 0.23828125 0.58203125 0.01953125 0.02734375
0 0.0419921875 0.5771484375 0.021484375 0.021484375
0 0.681640625 0.572265625 0.01953125 0.02734375
0 0.8671875 0.5615234375 0.01953125 0.021484375
0 0.619140625 0.5634765625 0.0234375 0.029296875
0 0.1123046875 0.564453125 0.060546875 0.03515625
0 0.0400390625 0.5546875 0.021484375 0.015625
0 0.7666015625 0.5546875 0.021484375 0.01953125
0 0.4140625 0.5556640625 0.02734375 0.025390625
0 0.9296875 0.5556640625 0.0234375 0.029296875
0 0.4453125 0.5380859375 0.03515625 0.029296875
0 0.2958984375 0.5341796875 0.052734375 0.029296875
0 0.8642578125 0.5302734375 0.029296875 0.025390625
0 0.484375 0.5302734375 0.03515625 0.029296875
0 0.517578125 0.5224609375 0.02734375 0.021484375
0 0.767578125 0.5224609375 0.0234375 0.025390625
0 0.220703125 0.52734375 0.08203125 0.04296875
0 0.55078125 0.509765625 0.0234375 0.0234375
0 0.6953125 0.5048828125 0.0234375 0.025390625
0 0.2744140625 0.5078125 0.025390625 0.03125
0 0.21875 0.4951171875 0.01953125 0.021484375
0 0.8427734375 0.4921875 0.029296875 0.0234375
0 0.5830078125 0.4951171875 0.029296875 0.033203125
0 0.0341796875 0.4951171875 0.017578125 0.033203125
0 0.0087890625 0.494140625 0.017578125 0.03125
0 0.64453125 0.486328125 0.0234375 0.01953125
0 0.0703125 0.490234375 0.03125 0.046875
0 0.6181640625 0.482421875 0.021484375 0.0390625
0 0.240234375 0.4716796875 0.0234375 0.025390625
0 0.7763671875 0.4716796875 0.029296875 0.029296875
0 0.2802734375 0.46875 0.025390625 0.0390625
0 0.326171875 0.4580078125 0.03515625 0.044921875
0 0.7919921875 0.4443359375 0.025390625 0.025390625
0 0.7109375 0.439453125 0.03125 0.03125
0 0.3828125 0.439453125 0.05078125 0.03515625
0 0.1181640625 0.435546875 0.041015625 0.03515625
0 0.994140625 0.4287109375 0.01171875 0.029296875
0 0.416015625 0.431640625 0.0234375 0.03515625
0 0.0771484375 0.43359375 0.021484375 0.0390625
0 0.0439453125 0.4326171875 0.021484375 0.037109375
0 0.9736328125 0.42578125 0.021484375 0.02734375
0 0.017578125 0.4306640625 0.01953125 0.037109375
0 0.4375 0.4130859375 0.0234375 0.033203125
0 0.736328125 0.4091796875 0.03125 0.033203125
0 0.236328125 0.396484375 0.015625 0.0234375
0 0.2060546875 0.396484375 0.029296875 0.0234375
0 0.9287109375 0.396484375 0.033203125 0.02734375
0 0.4658203125 0.400390625 0.025390625 0.03515625
0 0.4921875 0.388671875 0.02734375 0.03125
0 0.2666015625 0.3876953125 0.017578125 0.029296875
0 0.2900390625 0.3837890625 0.017578125 0.025390625
0 0.8291015625 0.38671875 0.037109375 0.03515625
0 0.5205078125 0.37890625 0.025390625 0.03125
0 0.34765625 0.3740234375 0.01953125 0.021484375
0 0.1259765625 0.37109375 0.025390625 0.015625
0 0.9033203125 0.375 0.029296875 0.02734375
0 0.0966796875 0.3671875 0.009765625 0.015625
0 0.2060546875 0.3642578125 0.025390625 0.017578125
0 0.3212890625 0.365234375 0.021484375 0.02734375
0 0.5419921875 0.3623046875 0.025390625 0.029296875
0 0.078125 0.3642578125 0.0234375 0.037109375
0 0.044921875 0.3623046875 0.01953125 0.037109375
0 0.01953125 0.361328125 0.01953125 0.03515625
0 0.001953125 0.357421875 0.00390625 0.03125
0 0.5654296875 0.353515625 0.025390625 0.02734375
0 0.4052734375 0.3486328125 0.017578125 0.025390625
0 0.58984375 0.34375 0.0234375 0.02734375
0 0.3759765625 0.349609375 0.025390625 0.0390625
0 0.1259765625 0.3427734375 0.029296875 0.025390625
0 0.2060546875 0.337890625 0.025390625 0.01953125
0 0.12890625 0.3212890625 0.01171875 0.009765625
0 0.056640625 0.322265625 0.01171875 0.015625
0 0.2958984375 0.3173828125 0.009765625 0.009765625
0 0.11328125 0.3193359375 0.015625 0.013671875
0 0.0283203125 0.3193359375 0.013671875 0.013671875
0 0.767578125 0.3203125 0.02734375 0.0234375
0 0.6806640625 0.31640625 0.025390625 0.01953125
0 0.73046875 0.314453125 0.01953125 0.01953125
0 0.1328125 0.2998046875 0.01953125 0.021484375
0 0.1044921875 0.2978515625 0.025390625 0.025390625
0 0.0751953125 0.2939453125 0.021484375 0.025390625
0 0.046875 0.2939453125 0.01953125 0.029296875
0 0.0205078125 0.291015625 0.021484375 0.02734375
0 0.001953125 0.2890625 0.00390625 0.0234375
0 0.2275390625 0.2939453125 0.056640625 0.041015625
0 0.212890625 0.271484375 0.0234375 0.0234375
0 0.2490234375 0.255859375 0.017578125 0.01953125
0 0.2158203125 0.2392578125 0.025390625 0.017578125
0 0.119140625 0.234375 0.046875 0.0234375
0 0.224609375 0.21875 0.03125 0.0234375
0 0.0791015625 0.224609375 0.021484375 0.0390625
0 0.05078125 0.224609375 0.01953125 0.0390625
0 0.0244140625 0.2236328125 0.021484375 0.037109375
0 0.00390625 0.22265625 0.0078125 0.03515625
0 0.2275390625 0.1953125 0.025390625 0.0234375
0 0.1435546875 0.1962890625 0.021484375 0.025390625
0 0.119140625 0.1611328125 0.0234375 0.021484375
0 0.072265625 0.173828125 0.05078125 0.05078125
0 0.1572265625 0.162109375 0.021484375 0.03125
0 0.02734375 0.166015625 0.01953125 0.0390625
0 0.00390625 0.166015625 0.0078125 0.0390625
0 0.24609375 0.16015625 0.046875 0.05078125
0 0.2626953125 0.1298828125 0.033203125 0.021484375
0 0.3046875 0.1103515625 0.015625 0.013671875
0 0.2744140625 0.109375 0.029296875 0.0234375
0 0.19140625 0.107421875 0.03125 0.02734375
0 0.130859375 0.0966796875 0.0234375 0.029296875
0 0.0166015625 0.095703125 0.021484375 0.03515625
0 0.0576171875 0.0654296875 0.017578125 0.025390625
0 0.0546875 0.037109375 0.015625 0.015625
0 0.01171875 0.03125 0.015625 0.01171875
0 0.21484375 0.0419921875 0.02734375 0.037109375
0 0.0029296875 0.0107421875 0.005859375 0.017578125