0 0.7197265625 0.984375 0.056640625 0.03125
0 0.8427734375 0.98046875 0.048828125 0.0390625
0 0.76171875 0.98046875 0.03125 0.0390625
0 0.7841796875 0.96484375 0.021484375 0.01953125
0 0.5830078125 0.9775390625 0.107421875 0.044921875
0 0.671875 0.9443359375 0.08203125 0.060546875
0 0.8056640625 0.939453125 0.044921875 0.05859375
0 0.9228515625 0.9541015625 0.103515625 0.091796875
0 0.33984375 0.947265625 0.06640625 0.08203125
0 0.7470703125 0.9287109375 0.064453125 0.068359375
0 0.0341796875 0.9423828125 0.068359375 0.095703125
0 0.9873046875 0.896484375 0.025390625 0.03515625
0 0.96875 0.9169921875 0.0546875 0.076171875
0 0.9287109375 0.8876953125 0.041015625 0.037109375
0 0.970703125 0.8583984375 0.05859375 0.033203125
0 0.9833984375 0.8330078125 0.033203125 0.033203125
0 0.00390625 0.8203125 0.0078125 0.015625
0 0.896484375 0.841796875 0.06640625 0.06640625
0 0.99609375 0.810546875 0.0078125 0.01171875
0 0.845703125 0.8037109375 0.05078125 0.048828125
0 0.998046875 0.765625 0.00390625 0.0078125
0 0.2294921875 0.7919921875 0.068359375 0.072265625
0 0.8837890625 0.7255859375 0.068359375 0.064453125
0 0.7802734375 0.7275390625 0.068359375 0.072265625
0 0.7265625 0.697265625 0.0625 0.05859375
0 0.7763671875 0.6533203125 0.021484375 0.021484375
0 0.923828125 0.66015625 0.05078125 0.046875
0 0.5517578125 0.7568359375 0.326171875 0.240234375
0 0.978515625 0.6787109375 0.04296875 0.107421875
0 0.669921875 0.6328125 0.0546875 0.0546875
0 0.4208984375 0.625 0.048828125 0.046875
0 0.9384765625 0.623046875 0.048828125 0.046875
0 0.79296875 0.6181640625 0.046875 0.048828125
0 0.4677734375 0.6025390625 0.033203125 0.033203125
0 0.8544921875 0.63671875 0.115234375 0.12890625
0 0.828125 0.576171875 0.0390625 0.03515625
0 0.3837890625 0.578125 0.037109375 0.0390625
0 0.970703125 0.5712890625 0.05859375 0.044921875
0 0.6162109375 0.5830078125 0.103515625 0.087890625
0 0.9873046875 0.5478515625 0.025390625 0.025390625
0 0.681640625 0.5517578125 0.04296875 0.041015625
0 0.3564453125 0.5478515625 0.041015625 0.041015625
0 0.7822265625 0.5595703125 0.072265625 0.076171875
0 0.6220703125 0.51953125 0.029296875 0.02734375
0 0.978515625 0.5185546875 0.03125 0.029296875
0 0.76171875 0.525390625 0.04296875 0.046875
0 0.5712890625 0.5185546875 0.037109375 0.048828125
0 0.8974609375 0.521484375 0.083984375 0.0625
0 0.98828125 0.5009765625 0.0234375 0.025390625
0 0.21875 0.5244140625 0.08203125 0.076171875
0 0.7421875 0.5029296875 0.0390625 0.041015625
0 0.640625 0.4970703125 0.03125 0.033203125
0 0.4580078125 0.5322265625 0.115234375 0.115234375
0 0.7236328125 0.48828125 0.033203125 0.0390625
0 0.994140625 0.4765625 0.01171875 0.0234375
0 0.58984375 0.4775390625 0.04296875 0.037109375
0 0.294921875 0.48828125 0.07421875 0.08203125
0 0.8544921875 0.478515625 0.064453125 0.06640625
0 0.7060546875 0.4609375 0.041015625 0.0390625
0 0.6201171875 0.4482421875 0.025390625 0.025390625
0 0.9052734375 0.4599609375 0.041015625 0.056640625
0 0.677734375 0.4404296875 0.02734375 0.025390625
0 0.3681640625 0.4619140625 0.072265625 0.072265625
0 0.9521484375 0.4658203125 0.068359375 0.083984375
0 0.546875 0.46875 0.1015625 0.125
0 0.8017578125 0.4375 0.068359375 0.07421875
0 0.6484375 0.4091796875 0.0234375 0.025390625
0 0.904296875 0.4140625 0.06640625 0.0546875
0 0.1943359375 0.478515625 0.208984375 0.1875
0 0.4765625 0.390625 0.02734375 0.02734375
0 0.90625 0.3837890625 0.0390625 0.025390625
0 0.5009765625 0.4267578125 0.150390625 0.111328125
0 0.0791015625 0.41796875 0.103515625 0.09375
0 0.978515625 0.4013671875 0.04296875 0.064453125
0 0.7333984375 0.3955078125 0.060546875 0.072265625
0 0.322265625 0.3896484375 0.05859375 0.064453125
0 0.859375 0.3662109375 0.02734375 0.029296875
0 0.9931640625 0.3583984375 0.013671875 0.017578125
0 0.150390625 0.43359375 0.19140625 0.171875
0 0.4482421875 0.359375 0.029296875 0.02734375
0 0.8369140625 0.3525390625 0.025390625 0.025390625
0 0.9189453125 0.3486328125 0.033203125 0.033203125
0 0.40625 0.3662109375 0.0546875 0.068359375
0 0.7685546875 0.3564453125 0.056640625 0.056640625
0 0.607421875 0.3671875 0.078125 0.08203125
0 0.9375 0.3271484375 0.03515625 0.029296875
0 0.8701171875 0.3291015625 0.041015625 0.037109375
0 0.5224609375 0.3525390625 0.087890625 0.087890625
0 0.796875 0.318359375 0.04296875 0.04296875
0 0.6787109375 0.3310546875 0.080078125 0.072265625
0 0.580078125 0.3115234375 0.03515625 0.037109375
0 0.48828125 0.3115234375 0.0390625 0.037109375
0 0.1748046875 0.3369140625 0.091796875 0.087890625
0 0.8525390625 0.2978515625 0.017578125 0.017578125
0 0.984375 0.3125 0.03125 0.05859375
0 0.814453125 0.298828125 0.03515625 0.03125
0 0.947265625 0.3017578125 0.0390625 0.041015625
0 0.8896484375 0.294921875 0.041015625 0.03515625
0 0.3623046875 0.3173828125 0.087890625 0.087890625
0 0.0810546875 0.333984375 0.150390625 0.13671875
0 0.2529296875 0.3076171875 0.080078125 0.087890625
0 0.8349609375 0.2734375 0.048828125 0.04296875
0 0.9951171875 0.2578125 0.009765625 0.01953125
0 0.525390625 0.26953125 0.05859375 0.0625
0 0.3037109375 0.2587890625 0.037109375 0.041015625
0 0.85546875 0.248046875 0.03125 0.02734375
0 0.9775390625 0.2421875 0.033203125 0.03125
0 0.90234375 0.25 0.05859375 0.05078125
0 0.5947265625 0.2529296875 0.080078125 0.060546875
0 0.060546875 0.2822265625 0.12109375 0.123046875
0 0.865234375 0.2265625 0.02734375 0.02734375
0 0.5595703125 0.220703125 0.033203125 0.03125
0 0.271484375 0.2177734375 0.0390625 0.041015625
0 0.9326171875 0.2119140625 0.041015625 0.033203125
0 0.4462890625 0.25390625 0.138671875 0.1328125
0 0.951171875 0.1884765625 0.0234375 0.021484375
0 0.248046875 0.1953125 0.03515625 0.03515625
0 0.9912109375 0.1953125 0.017578125 0.0390625
0 0.380859375 0.2138671875 0.1015625 0.080078125
0 0.298828125 0.1884765625 0.03125 0.029296875
0 0.1748046875 0.216796875 0.076171875 0.0859375
0 0.6591796875 0.2060546875 0.072265625 0.083984375
0 0.8955078125 0.181640625 0.044921875 0.04296875
0 0.443359375 0.17578125 0.03125 0.03125
0 0.765625 0.244140625 0.140625 0.18359375
0 0.0517578125 0.20703125 0.103515625 0.109375
0 0.953125 0.166015625 0.04296875 0.03515625
0 0.375 0.162109375 0.03125 0.03515625
0 0.52734375 0.1796875 0.06640625 0.078125
0 0.4208984375 0.1533203125 0.037109375 0.037109375
0 0.3271484375 0.1533203125 0.041015625 0.041015625
0 0.6376953125 0.1728515625 0.080078125 0.083984375
0 0.91015625 0.1416015625 0.03125 0.033203125
0 0.572265625 0.1318359375 0.02734375 0.025390625
0 0.353515625 0.130859375 0.0234375 0.0234375
0 0.396484375 0.1318359375 0.03125 0.033203125
0 0.49609375 0.1337890625 0.05078125 0.041015625
0 0.4599609375 0.1201171875 0.025390625 0.021484375
0 0.0322265625 0.1484375 0.064453125 0.078125
0 0.8740234375 0.1123046875 0.025390625 0.021484375
0 0.6025390625 0.11328125 0.029296875 0.02734375
0 0.5302734375 0.10546875 0.041015625 0.03125
0 0.6982421875 0.1357421875 0.095703125 0.095703125
0 0.4833984375 0.1025390625 0.029296875 0.029296875
0 0.970703125 0.1220703125 0.05859375 0.080078125
0 0.9365234375 0.09765625 0.044921875 0.03515625
0 0.095703125 0.1240234375 0.078125 0.087890625
0 0.6328125 0.0869140625 0.02734375 0.029296875
0 0.427734375 0.0966796875 0.05078125 0.048828125
0 0.990234375 0.0771484375 0.01953125 0.017578125
0 0.7685546875 0.0810546875 0.033203125 0.029296875
0 0.8837890625 0.0849609375 0.044921875 0.041015625
0 0.9462890625 0.0771484375 0.033203125 0.029296875
0 0.3203125 0.12109375 0.1328125 0.12109375
0 0.5986328125 0.0615234375 0.033203125 0.025390625
0 0.96484375 0.0546875 0.0390625 0.02734375
0 0.5703125 0.0673828125 0.03515625 0.060546875
0 0.69921875 0.0400390625 0.0234375 0.021484375
0 0.7919921875 0.048828125 0.037109375 0.04296875
0 0.453125 0.0615234375 0.05078125 0.072265625
0 0.90625 0.0400390625 0.04296875 0.033203125
0 0.162109375 0.037109375 0.03125 0.02734375
0 0.9736328125 0.0380859375 0.041015625 0.033203125
0 0.5419921875 0.0361328125 0.033203125 0.029296875
0 0.6923828125 0.0556640625 0.087890625 0.076171875
0 0.7099609375 0.0205078125 0.021484375 0.021484375
0 0.982421875 0.01953125 0.03515625 0.03125
0 0.9248046875 0.0185546875 0.052734375 0.037109375
0 0.8505859375 0.0458984375 0.087890625 0.091796875
0 0.814453125 0.0078125 0.02734375 0.015625
0 0.6875 0.009765625 0.02734375 0.01953125
0 0.6005859375 0.01953125 0.103515625 0.0390625
0 0.4873046875 0.0166015625 0.080078125 0.033203125
0 0.388671875 0.044921875 0.0703125 0.08984375
0 0.27734375 0.0546875 0.125 0.109375
0 0.1962890625 0.01953125 0.068359375 0.0390625
0 0.015625 0.0205078125 0.03125 0.041015625