0 0.646484375 0.9970703125 0.01953125 0.005859375
0 0.546875 0.9970703125 0.01953125 0.005859375
0 0.359375 0.99609375 0.01953125 0.0078125
0 0.3095703125 0.99609375 0.025390625 0.0078125
0 0.279296875 0.994140625 0.015625 0.01171875
0 0.4130859375 0.9931640625 0.021484375 0.013671875
0 0.6005859375 0.9921875 0.029296875 0.015625
0 0.2392578125 0.9921875 0.025390625 0.015625
0 0.111328125 0.9921875 0.02734375 0.015625
0 0.5693359375 0.9892578125 0.013671875 0.013671875
0 0.4765625 0.9912109375 0.03125 0.017578125
0 0.16015625 0.9912109375 0.015625 0.017578125
0 0.1904296875 0.98828125 0.021484375 0.0234375
0 0.9521484375 0.984375 0.025390625 0.0234375
0 0.9072265625 0.98046875 0.025390625 0.0234375
0 0.5517578125 0.9716796875 0.025390625 0.025390625
0 0.1494140625 0.962890625 0.029296875 0.0234375
0 0.8232421875 0.958984375 0.041015625 0.02734375
0 0.65234375 0.9462890625 0.01953125 0.017578125
0 0.0595703125 0.9521484375 0.021484375 0.033203125
0 0.5556640625 0.9423828125 0.041015625 0.021484375
0 0.017578125 0.94140625 0.02734375 0.02734375
0 0.4736328125 0.9306640625 0.033203125 0.025390625
0 0.4228515625 0.9287109375 0.017578125 0.021484375
0 0.4462890625 0.9228515625 0.013671875 0.017578125
0 0.3369140625 0.919921875 0.025390625 0.0234375
0 0.2724609375 0.9169921875 0.021484375 0.017578125
0 0.765625 0.943359375 0.07421875 0.078125
0 0.3095703125 0.9169921875 0.021484375 0.025390625
0 0.3896484375 0.919921875 0.025390625 0.03515625
0 0.3623046875 0.9189453125 0.021484375 0.033203125
0 0.2314453125 0.9111328125 0.021484375 0.021484375
0 0.4423828125 0.904296875 0.017578125 0.015625
0 0.552734375 0.90625 0.01953125 0.0234375
0 0.4853515625 0.8935546875 0.033203125 0.029296875
0 0.1865234375 0.890625 0.021484375 0.03515625
0 0.1455078125 0.8876953125 0.021484375 0.029296875
0 0.107421875 0.8837890625 0.0390625 0.021484375
0 0.5693359375 0.8662109375 0.033203125 0.021484375
0 0.36328125 0.8603515625 0.02734375 0.017578125
0 0.4931640625 0.8603515625 0.021484375 0.021484375
0 0.005859375 0.8564453125 0.01171875 0.017578125
0 0.05859375 0.86328125 0.03125 0.04296875
0 0.3974609375 0.8515625 0.017578125 0.0234375
0 0.935546875 0.873046875 0.03515625 0.0703125
0 0.337890625 0.84765625 0.01953125 0.01953125
0 0.771484375 0.857421875 0.09765625 0.0703125
0 0.267578125 0.82421875 0.0234375 0.0234375
0 0.177734375 0.8203125 0.01171875 0.015625
0 0.1357421875 0.8203125 0.013671875 0.015625
0 0.0791015625 0.8203125 0.017578125 0.015625
0 0.5712890625 0.8154296875 0.033203125 0.025390625
0 0.5029296875 0.814453125 0.025390625 0.0234375
0 0.4697265625 0.8095703125 0.021484375 0.021484375
0 0.4287109375 0.8017578125 0.033203125 0.017578125
0 0.3935546875 0.798828125 0.029296875 0.0234375
0 0.35546875 0.79296875 0.0234375 0.03125
0 0.1630859375 0.7919921875 0.025390625 0.033203125
0 0.12109375 0.7861328125 0.03125 0.029296875
0 0.3173828125 0.78125 0.021484375 0.0234375
0 0.583984375 0.7783203125 0.02734375 0.021484375
0 0.2890625 0.7822265625 0.0234375 0.029296875
0 0.19921875 0.7783203125 0.01953125 0.029296875
0 0.2333984375 0.7744140625 0.025390625 0.029296875
0 0.0087890625 0.771484375 0.017578125 0.0234375
0 0.060546875 0.759765625 0.03125 0.03125
0 0.7470703125 0.755859375 0.064453125 0.03515625
0 0.5107421875 0.7470703125 0.029296875 0.021484375
0 0.4609375 0.7412109375 0.01953125 0.025390625
0 0.4306640625 0.73828125 0.017578125 0.03125
0 0.3955078125 0.7333984375 0.025390625 0.025390625
0 0.603515625 0.724609375 0.04296875 0.0234375
0 0.3603515625 0.7255859375 0.025390625 0.025390625
0 0.4794921875 0.71484375 0.009765625 0.01171875
0 0.3212890625 0.720703125 0.017578125 0.0234375
0 0.294921875 0.716796875 0.01953125 0.02734375
0 0.5283203125 0.7119140625 0.025390625 0.021484375
0 0.2685546875 0.7109375 0.017578125 0.02734375
0 0.23828125 0.70703125 0.01953125 0.0234375
0 0.20703125 0.7041015625 0.01953125 0.021484375
0 0.1396484375 0.6962890625 0.017578125 0.025390625
0 0.0859375 0.6904296875 0.02734375 0.017578125
0 0.7607421875 0.697265625 0.048828125 0.0390625
0 0.6044921875 0.6875 0.037109375 0.0234375
0 0.1748046875 0.6943359375 0.025390625 0.037109375
0 0.0029296875 0.6865234375 0.005859375 0.021484375
0 0.115234375 0.6875 0.01953125 0.02734375
0 0.234375 0.677734375 0.015625 0.015625
0 0.5361328125 0.6796875 0.025390625 0.0234375
0 0.0537109375 0.681640625 0.025390625 0.02734375
0 0.1298828125 0.6611328125 0.009765625 0.017578125
0 0.34375 0.65625 0.015625 0.015625
0 0.7109375 0.69140625 0.03125 0.08984375
0 0.3984375 0.6494140625 0.01171875 0.013671875
0 0.541015625 0.650390625 0.02734375 0.0234375
0 0.2822265625 0.64453125 0.013671875 0.015625
0 0.2412109375 0.640625 0.013671875 0.015625
0 0.490234375 0.6533203125 0.02734375 0.044921875
0 0.1611328125 0.646484375 0.021484375 0.03515625
0 0.46484375 0.642578125 0.01953125 0.03125
0 0.4375 0.6435546875 0.0234375 0.037109375
0 0.6123046875 0.640625 0.033203125 0.04296875
0 0.41015625 0.6298828125 0.0234375 0.021484375
0 0.373046875 0.6259765625 0.0234375 0.025390625
0 0.3359375 0.62109375 0.0234375 0.0234375
0 0.306640625 0.6181640625 0.0234375 0.021484375
0 0.271484375 0.6181640625 0.03125 0.037109375
0 0.2255859375 0.61328125 0.025390625 0.03125
0 0.1845703125 0.6123046875 0.017578125 0.033203125
0 0.1337890625 0.6025390625 0.033203125 0.025390625
0 0.6171875 0.595703125 0.0234375 0.02734375
0 0.060546875 0.58984375 0.0234375 0.03125
0 0.7568359375 0.607421875 0.083984375 0.0703125
0 0.546875 0.5703125 0.0234375 0.0390625
0 0.501953125 0.5673828125 0.0234375 0.037109375
0 0.443359375 0.5576171875 0.02734375 0.037109375
0 0.3857421875 0.552734375 0.029296875 0.03125
0 0.3251953125 0.5439453125 0.033203125 0.037109375
0 0.259765625 0.533203125 0.0234375 0.03515625
0 0.1923828125 0.53125 0.021484375 0.0390625
0 0.5712890625 0.5234375 0.029296875 0.03125
0 0.150390625 0.525390625 0.0234375 0.04296875
0 0.4384765625 0.509765625 0.017578125 0.015625
0 0.07421875 0.5146484375 0.0234375 0.033203125
0 0.3798828125 0.5048828125 0.021484375 0.021484375
0 0.255859375 0.498046875 0.01953125 0.015625
0 0.3447265625 0.4853515625 0.013671875 0.013671875
0 0.2861328125 0.4833984375 0.009765625 0.013671875
0 0.2744140625 0.4833984375 0.009765625 0.013671875
0 0.1806640625 0.490234375 0.041015625 0.02734375
0 0.2265625 0.4716796875 0.01171875 0.013671875
0 0.580078125 0.47265625 0.0390625 0.03515625
0 0.1279296875 0.453125 0.029296875 0.01953125
0 0.75390625 0.4462890625 0.02734375 0.017578125
0 0.5400390625 0.447265625 0.029296875 0.01953125
0 0.5029296875 0.4560546875 0.025390625 0.044921875
0 0.46484375 0.451171875 0.02734375 0.0390625
0 0.1748046875 0.4384765625 0.025390625 0.017578125
0 0.416015625 0.4384765625 0.03515625 0.021484375
0 0.20703125 0.4375 0.0234375 0.0234375
0 0.3759765625 0.4384765625 0.025390625 0.029296875
0 0.2392578125 0.43359375 0.029296875 0.0234375
0 0.3388671875 0.4326171875 0.025390625 0.025390625
0 0.3037109375 0.43359375 0.025390625 0.02734375
0 0.2705078125 0.431640625 0.021484375 0.0234375
0 0.0107421875 0.41796875 0.021484375 0.0390625
0 0.7763671875 0.3623046875 0.021484375 0.021484375
0 0.85546875 0.3623046875 0.0234375 0.025390625
0 0.7373046875 0.3603515625 0.021484375 0.021484375
0 0.0517578125 0.361328125 0.033203125 0.0234375
0 0.6015625 0.359375 0.0390625 0.0234375
0 0.443359375 0.3486328125 0.0234375 0.017578125
0 0.4921875 0.34375 0.04296875 0.0234375
0 0.4072265625 0.341796875 0.029296875 0.01953125
0 0.021484375 0.3310546875 0.01171875 0.017578125
0 0.7822265625 0.328125 0.033203125 0.0234375
0 0.7431640625 0.322265625 0.021484375 0.015625
0 0.580078125 0.32421875 0.02734375 0.0234375
0 0.4208984375 0.31640625 0.013671875 0.01171875
0 0.505859375 0.3115234375 0.02734375 0.021484375
0 0.7685546875 0.29296875 0.021484375 0.015625
0 0.4482421875 0.30078125 0.044921875 0.0390625
0 0.7294921875 0.291015625 0.021484375 0.03125
0 0.60546875 0.28125 0.015625 0.01171875
0 0.5771484375 0.2783203125 0.025390625 0.021484375
0 0.45703125 0.2724609375 0.015625 0.017578125
0 0.4912109375 0.267578125 0.029296875 0.0234375
0 0.62109375 0.2646484375 0.02734375 0.021484375
0 0.7705078125 0.263671875 0.025390625 0.0234375
0 0.5869140625 0.2529296875 0.017578125 0.017578125
0 0.486328125 0.2392578125 0.03125 0.029296875
0 0.7705078125 0.2314453125 0.025390625 0.021484375
0 0.62890625 0.2197265625 0.02734375 0.029296875
0 0.560546875 0.21484375 0.03515625 0.03125
0 0.765625 0.2021484375 0.01953125 0.025390625
0 0.59375 0.1953125 0.03515625 0.03125
0 0.55859375 0.1875 0.01953125 0.01953125
0 0.017578125 0.1728515625 0.03515625 0.029296875
0 0.625 0.1650390625 0.02734375 0.033203125
0 0.0595703125 0.1357421875 0.029296875 0.029296875
0 0.521484375 0.13671875 0.03515625 0.03515625
0 0.013671875 0.134765625 0.02734375 0.03125
0 0.64453125 0.111328125 0.015625 0.015625
0 0.03125 0.1103515625 0.01171875 0.013671875
0 0.50390625 0.107421875 0.02734375 0.02734375
0 0.0908203125 0.1015625 0.025390625 0.02734375
0 0.0078125 0.0966796875 0.015625 0.021484375
0 0.5703125 0.09765625 0.0390625 0.0390625
0 0.4970703125 0.083984375 0.017578125 0.01953125
0 0.03125 0.0830078125 0.015625 0.017578125
0 0.6376953125 0.0712890625 0.033203125 0.044921875
0 0.79296875 0.115234375 0.09375 0.14453125
0 0.03125 0.0537109375 0.02734375 0.029296875
0 0.0966796875 0.0498046875 0.029296875 0.029296875
0 0.5478515625 0.04296875 0.029296875 0.03125
0 0.466796875 0.0380859375 0.0234375 0.025390625
0 0.9423828125 0.01953125 0.017578125 0.015625
0 0.994140625 0.0263671875 0.01171875 0.033203125
0 0.619140625 0.01953125 0.02734375 0.0234375
0 0.005859375 0.01171875 0.01171875 0.015625
0 0.8427734375 0.0302734375 0.080078125 0.060546875
0 0.6865234375 0.0166015625 0.029296875 0.033203125
0 0.5234375 0.0126953125 0.03515625 0.025390625
0 0.455078125 0.001953125 0.0078125 0.00390625
0 0.0908203125 0.009765625 0.029296875 0.01953125