0 0.888671875 0.998046875 0.0078125 0.00390625
0 0.6875 0.9970703125 0.015625 0.005859375
0 0.2783203125 0.99609375 0.017578125 0.0078125
0 0.91015625 0.9951171875 0.01953125 0.009765625
0 0.5849609375 0.9951171875 0.029296875 0.009765625
0 0.513671875 0.9951171875 0.0234375 0.009765625
0 0.7099609375 0.9931640625 0.017578125 0.013671875
0 0.453125 0.9931640625 0.0234375 0.013671875
0 0.302734375 0.9931640625 0.01953125 0.013671875
0 0.9365234375 0.9912109375 0.021484375 0.017578125
0 0.3291015625 0.990234375 0.025390625 0.01953125
0 0.7333984375 0.9892578125 0.021484375 0.021484375
0 0.9599609375 0.9873046875 0.025390625 0.025390625
0 0.50390625 0.98046875 0.02734375 0.0234375
0 0.7607421875 0.9833984375 0.029296875 0.033203125
0 0.9833984375 0.982421875 0.029296875 0.03515625
0 0.818359375 0.9794921875 0.0390625 0.029296875
0 0.0185546875 0.982421875 0.037109375 0.03515625
0 0.3740234375 0.9814453125 0.029296875 0.037109375
0 0.9970703125 0.9658203125 0.005859375 0.013671875
0 0.3994140625 0.9765625 0.029296875 0.04296875
0 0.4208984375 0.966796875 0.033203125 0.046875
0 0.810546875 0.955078125 0.03515625 0.02734375
0 0.740234375 0.953125 0.0390625 0.02734375
0 0.4453125 0.9580078125 0.03125 0.044921875
0 0.8564453125 0.9521484375 0.029296875 0.037109375
0 0.9111328125 0.94140625 0.029296875 0.02734375
0 0.48828125 0.9453125 0.03125 0.04296875
0 0.802734375 0.931640625 0.0390625 0.02734375
0 0.7314453125 0.9306640625 0.041015625 0.025390625
0 0.8759765625 0.91796875 0.017578125 0.01953125
0 0.9345703125 0.9267578125 0.029296875 0.041015625
0 0.95703125 0.916015625 0.0234375 0.04296875
0 0.7919921875 0.9072265625 0.041015625 0.029296875
0 0.724609375 0.90625 0.0390625 0.03125
0 0.37109375 0.9052734375 0.02734375 0.029296875
0 0.99609375 0.8984375 0.0078125 0.0234375
0 0.98046875 0.908203125 0.0234375 0.04296875
0 0.296875 0.9267578125 0.046875 0.080078125
0 0.88671875 0.8935546875 0.03125 0.021484375
0 0.4072265625 0.8935546875 0.037109375 0.029296875
0 0.787109375 0.8818359375 0.0390625 0.025390625
0 0.6142578125 0.916015625 0.158203125 0.09765625
0 0.1591796875 0.93359375 0.189453125 0.1328125
0 0.3212890625 0.876953125 0.041015625 0.0234375
0 0.8798828125 0.8720703125 0.033203125 0.025390625
0 0.4912109375 0.8740234375 0.044921875 0.033203125
0 0.951171875 0.8671875 0.03515625 0.02734375
0 0.0537109375 0.865234375 0.025390625 0.0234375
0 0.5390625 0.8642578125 0.02734375 0.025390625
0 0.400390625 0.8603515625 0.02734375 0.025390625
0 0.2197265625 0.8623046875 0.044921875 0.033203125
0 0.328125 0.8544921875 0.0390625 0.021484375
0 0.185546875 0.8525390625 0.01953125 0.025390625
0 0.8720703125 0.84765625 0.033203125 0.0234375
0 0.1484375 0.8466796875 0.0390625 0.029296875
0 0.533203125 0.83984375 0.0234375 0.01953125
0 0.591796875 0.841796875 0.02734375 0.02734375
0 0.1044921875 0.8408203125 0.033203125 0.025390625
0 0.9873046875 0.833984375 0.025390625 0.02734375
0 0.7666015625 0.841796875 0.029296875 0.04296875
0 0.482421875 0.8330078125 0.0390625 0.033203125
0 0.791015625 0.8330078125 0.02734375 0.041015625
0 0.3916015625 0.8251953125 0.025390625 0.025390625
0 0.9306640625 0.822265625 0.037109375 0.02734375
0 0.6328125 0.8251953125 0.03125 0.037109375
0 0.33203125 0.818359375 0.03125 0.0234375
0 0.5283203125 0.814453125 0.021484375 0.01953125
0 0.81640625 0.8232421875 0.02734375 0.041015625
0 0.3662109375 0.8076171875 0.017578125 0.013671875
0 0.197265625 0.810546875 0.02734375 0.0234375
0 0.0126953125 0.8203125 0.025390625 0.04296875
0 0.9833984375 0.8095703125 0.033203125 0.029296875
0 0.8388671875 0.8115234375 0.029296875 0.037109375
0 0.0478515625 0.81640625 0.033203125 0.046875
0 0.5849609375 0.8095703125 0.033203125 0.041015625
0 0.6748046875 0.8056640625 0.029296875 0.037109375
0 0.86328125 0.8037109375 0.02734375 0.037109375
0 0.4716796875 0.7998046875 0.033203125 0.029296875
0 0.5234375 0.791015625 0.0234375 0.01953125
0 0.2529296875 0.794921875 0.044921875 0.02734375
0 0.1240234375 0.7900390625 0.025390625 0.029296875
0 0.3798828125 0.78515625 0.033203125 0.0234375
0 0.701171875 0.7939453125 0.03125 0.044921875
0 0.9091796875 0.7880859375 0.029296875 0.037109375
0 0.5771484375 0.7783203125 0.025390625 0.021484375
0 0.93359375 0.7783203125 0.02734375 0.037109375
0 0.517578125 0.76953125 0.0234375 0.01953125
0 0.74609375 0.775390625 0.03125 0.0390625
0 0.3828125 0.76171875 0.015625 0.015625
0 0.955078125 0.7646484375 0.02734375 0.037109375
0 0.462890625 0.7626953125 0.03515625 0.033203125
0 0.767578125 0.767578125 0.02734375 0.046875
0 0.5703125 0.7548828125 0.0234375 0.021484375
0 0.5087890625 0.7490234375 0.021484375 0.021484375
0 0.7900390625 0.7587890625 0.029296875 0.044921875
0 0.8134765625 0.7509765625 0.029296875 0.044921875
0 0.7373046875 0.7392578125 0.037109375 0.029296875
0 0.666015625 0.740234375 0.0390625 0.03125
0 0.345703125 0.748046875 0.0546875 0.046875
0 0.005859375 0.7353515625 0.01171875 0.025390625
0 0.8388671875 0.7392578125 0.029296875 0.041015625
0 0.564453125 0.73046875 0.0234375 0.0234375
0 0.189453125 0.728515625 0.02734375 0.0234375
0 0.2431640625 0.7373046875 0.029296875 0.044921875
0 0.2177734375 0.732421875 0.025390625 0.0390625
0 0.130859375 0.7216796875 0.03125 0.029296875
0 0.0458984375 0.7236328125 0.029296875 0.033203125
0 0.2763671875 0.7353515625 0.044921875 0.064453125
0 0.728515625 0.7138671875 0.03515625 0.025390625
0 0.658203125 0.71484375 0.0390625 0.02734375
0 0.103515625 0.716796875 0.0234375 0.03125
0 0.88671875 0.72265625 0.04296875 0.046875
0 0.916015625 0.7138671875 0.02734375 0.033203125
0 0.8125 0.7109375 0.0390625 0.02734375
0 0.6484375 0.6943359375 0.046875 0.029296875
0 0.203125 0.6923828125 0.0390625 0.025390625
0 0.935546875 0.69921875 0.03125 0.04296875
0 0.7216796875 0.69140625 0.037109375 0.02734375
0 0.27734375 0.69140625 0.04296875 0.02734375
0 0.37890625 0.6962890625 0.06640625 0.041015625
0 0.1376953125 0.6875 0.025390625 0.0234375
0 0.8759765625 0.6865234375 0.041015625 0.029296875
0 0.8017578125 0.685546875 0.037109375 0.02734375
0 0.4443359375 0.693359375 0.029296875 0.04296875
0 0.0419921875 0.6845703125 0.025390625 0.025390625
0 0.9599609375 0.689453125 0.029296875 0.04296875
0 0.46484375 0.6865234375 0.02734375 0.044921875
0 0.099609375 0.6787109375 0.02734375 0.029296875
0 0.998046875 0.6669921875 0.00390625 0.009765625
0 0.4833984375 0.6796875 0.025390625 0.04296875
0 0.7119140625 0.669921875 0.037109375 0.02734375
0 0.6376953125 0.6708984375 0.044921875 0.029296875
0 0.984375 0.6796875 0.03125 0.05078125
0 0.50390625 0.673828125 0.03125 0.04296875
0 0.869140625 0.6630859375 0.0390625 0.029296875
0 0.2666015625 0.6611328125 0.025390625 0.025390625
0 0.2041015625 0.6630859375 0.029296875 0.029296875
0 0.79296875 0.6611328125 0.0390625 0.029296875
0 0.5283203125 0.669921875 0.029296875 0.05078125
0 0.552734375 0.6669921875 0.03515625 0.048828125
0 0.142578125 0.654296875 0.02734375 0.03125
0 0.0419921875 0.650390625 0.025390625 0.0234375
0 0.703125 0.646484375 0.03515625 0.02734375
0 0.103515625 0.642578125 0.02734375 0.02734375
0 0.8603515625 0.6396484375 0.041015625 0.025390625
0 0.783203125 0.640625 0.03515625 0.02734375
0 0.591796875 0.6474609375 0.03125 0.041015625
0 0.2119140625 0.6357421875 0.037109375 0.025390625
0 0.615234375 0.638671875 0.02734375 0.04296875
0 0.150390625 0.6240234375 0.0234375 0.025390625
0 0.638671875 0.630859375 0.03125 0.04296875
0 0.0068359375 0.6240234375 0.013671875 0.033203125
0 0.8515625 0.6181640625 0.0390625 0.025390625
0 0.4052734375 0.619140625 0.029296875 0.02734375
0 0.7763671875 0.6171875 0.037109375 0.02734375
0 0.1064453125 0.611328125 0.025390625 0.02734375
0 0.6826171875 0.6162109375 0.029296875 0.041015625
0 0.9951171875 0.6083984375 0.009765625 0.029296875
0 0.0283203125 0.611328125 0.029296875 0.03515625
0 0.2900390625 0.6220703125 0.048828125 0.060546875
0 0.4306640625 0.609375 0.025390625 0.0390625
0 0.2099609375 0.6044921875 0.029296875 0.029296875
0 0.70703125 0.60546875 0.02734375 0.0390625
0 0.3671875 0.6005859375 0.03125 0.029296875
0 0.150390625 0.591796875 0.03515625 0.02734375
0 0.845703125 0.591796875 0.04296875 0.03125
0 0.7265625 0.59765625 0.02734375 0.04296875
0 0.515625 0.58984375 0.0234375 0.03515625
0 0.75 0.58984375 0.03125 0.04296875
0 0.478515625 0.5908203125 0.0546875 0.064453125
0 0.2236328125 0.57421875 0.044921875 0.03515625
0 0.7744140625 0.5771484375 0.033203125 0.044921875
0 0.2978515625 0.5654296875 0.029296875 0.021484375
0 0.1181640625 0.5703125 0.025390625 0.03125
0 0.3857421875 0.5654296875 0.037109375 0.025390625
0 0.541015625 0.5751953125 0.03125 0.052734375
0 0.1591796875 0.560546875 0.029296875 0.02734375
0 0.6015625 0.5615234375 0.03125 0.041015625
0 0.81640625 0.5634765625 0.03125 0.048828125
0 0.626953125 0.5537109375 0.02734375 0.033203125
0 0.8388671875 0.55078125 0.029296875 0.0390625
0 0.2236328125 0.541015625 0.033203125 0.0234375
0 0.0029296875 0.53515625 0.005859375 0.01171875
0 0.8642578125 0.544921875 0.029296875 0.04296875
0 0.392578125 0.537109375 0.04296875 0.03125
0 0.6533203125 0.541015625 0.041015625 0.04296875
0 0.5625 0.5302734375 0.0234375 0.021484375
0 0.6806640625 0.5322265625 0.021484375 0.029296875
0 0.4580078125 0.5244140625 0.017578125 0.017578125
0 0.923828125 0.5234375 0.03125 0.03125
0 0.3056640625 0.525390625 0.025390625 0.0390625
0 0.7021484375 0.521484375 0.025390625 0.03515625
0 0.9560546875 0.515625 0.025390625 0.03515625
0 0.265625 0.5126953125 0.046875 0.029296875
0 0.7265625 0.5126953125 0.02734375 0.037109375
0 0.0322265625 0.515625 0.044921875 0.04296875
0 0.3984375 0.505859375 0.0390625 0.02734375
0 0.626953125 0.5 0.01953125 0.0234375
0 0.0810546875 0.5 0.033203125 0.03125
0 0.75 0.5009765625 0.02734375 0.041015625
0 0.775390625 0.4931640625 0.0234375 0.037109375
0 0.1357421875 0.482421875 0.033203125 0.02734375
0 0.107421875 0.474609375 0.015625 0.015625
0 0.4033203125 0.4775390625 0.041015625 0.025390625
0 0.5302734375 0.470703125 0.013671875 0.015625
0 0.82421875 0.4697265625 0.02734375 0.029296875
0 0.671875 0.451171875 0.01953125 0.0234375
0 0.21875 0.4560546875 0.03125 0.037109375
0 0.642578125 0.44921875 0.01953125 0.02734375
0 0.85546875 0.455078125 0.0390625 0.04296875
0 0.888671875 0.4453125 0.02734375 0.02734375
0 0.7451171875 0.4443359375 0.021484375 0.029296875
0 0.40625 0.4453125 0.04296875 0.03515625
0 0.130859375 0.443359375 0.0390625 0.03125
0 0.0107421875 0.4462890625 0.021484375 0.037109375
0 0.447265625 0.44140625 0.02734375 0.03515625
0 0.9208984375 0.43359375 0.029296875 0.02734375
0 0.0341796875 0.4375 0.033203125 0.0390625
0 0.4736328125 0.4326171875 0.025390625 0.037109375
0 0.5322265625 0.427734375 0.021484375 0.03515625
0 0.4990234375 0.4267578125 0.025390625 0.037109375
0 0.2587890625 0.427734375 0.029296875 0.0390625
0 0.0654296875 0.4208984375 0.025390625 0.029296875
0 0.5595703125 0.421875 0.021484375 0.03515625
0 0.2939453125 0.42578125 0.029296875 0.04296875
0 0.9541015625 0.4169921875 0.025390625 0.029296875
0 0.59375 0.4169921875 0.0234375 0.037109375
0 0.2041015625 0.4130859375 0.029296875 0.033203125
0 0.8857421875 0.4033203125 0.017578125 0.017578125
0 0.1025390625 0.41015625 0.029296875 0.03125
0 0.9892578125 0.404296875 0.021484375 0.02734375
0 0.626953125 0.4111328125 0.02734375 0.041015625
0 0.3203125 0.40625 0.0390625 0.03125
0 0.6484375 0.3974609375 0.01953125 0.021484375
0 0.7646484375 0.3955078125 0.017578125 0.021484375
0 0.12890625 0.3974609375 0.02734375 0.029296875
0 0.6767578125 0.38671875 0.025390625 0.02734375
0 0.4140625 0.3857421875 0.0390625 0.025390625
0 0.341796875 0.3779296875 0.04296875 0.029296875
0 0.7109375 0.375 0.02734375 0.03125
0 0.458984375 0.37109375 0.02734375 0.0234375
0 0.419921875 0.361328125 0.03515625 0.01953125
0 0.7392578125 0.3681640625 0.029296875 0.037109375
0 0.3466796875 0.349609375 0.037109375 0.02734375
0 0.513671875 0.3466796875 0.01953125 0.029296875
0 0.4326171875 0.3330078125 0.037109375 0.021484375
0 0.8134765625 0.349609375 0.044921875 0.0625
0 0.5712890625 0.33203125 0.021484375 0.03125
0 0.494140625 0.32421875 0.015625 0.015625
0 0.0146484375 0.3349609375 0.025390625 0.037109375
0 0.5419921875 0.3359375 0.025390625 0.04296875
0 0.0439453125 0.3291015625 0.025390625 0.029296875
0 0.841796875 0.3251953125 0.0234375 0.025390625
0 0.6015625 0.326171875 0.0234375 0.03125
0 0.87109375 0.3193359375 0.0234375 0.033203125
0 0.6376953125 0.3134765625 0.029296875 0.029296875
0 0.07421875 0.3173828125 0.02734375 0.037109375
0 0.8994140625 0.3076171875 0.021484375 0.029296875
0 0.6796875 0.3017578125 0.03125 0.025390625
0 0.1064453125 0.3017578125 0.041015625 0.029296875
0 0.9248046875 0.2939453125 0.021484375 0.021484375
0 0.517578125 0.2900390625 0.015625 0.017578125
0 0.951171875 0.2841796875 0.01953125 0.021484375
0 0.7099609375 0.2880859375 0.021484375 0.029296875
0 0.7509765625 0.283203125 0.025390625 0.0234375
0 0.9716796875 0.27734375 0.021484375 0.03515625
0 0.1025390625 0.271484375 0.033203125 0.02734375
0 0.9892578125 0.2705078125 0.021484375 0.033203125
0 0.79296875 0.26171875 0.0234375 0.03515625
0 0.8232421875 0.25390625 0.025390625 0.02734375
0 0.732421875 0.2470703125 0.015625 0.017578125
0 0.013671875 0.2548828125 0.02734375 0.041015625
0 0.0400390625 0.248046875 0.029296875 0.0390625
0 0.6181640625 0.23046875 0.017578125 0.015625
0 0.802734375 0.2216796875 0.01171875 0.013671875
0 0.076171875 0.2333984375 0.03515625 0.037109375
0 0.8916015625 0.2265625 0.025390625 0.03515625
0 0.1064453125 0.2216796875 0.037109375 0.037109375
0 0.9365234375 0.216796875 0.029296875 0.03125
0 0.6806640625 0.2060546875 0.025390625 0.021484375
0 0.9638671875 0.201171875 0.021484375 0.02734375
0 0.51953125 0.2265625 0.06640625 0.08203125
0 0.8818359375 0.193359375 0.021484375 0.0234375
0 0.55859375 0.1953125 0.0234375 0.03515625
0 0.5810546875 0.19140625 0.025390625 0.03125
0 0.9892578125 0.1865234375 0.021484375 0.033203125
0 0.6025390625 0.185546875 0.025390625 0.03515625
0 0.6220703125 0.1767578125 0.025390625 0.033203125
0 0.7568359375 0.19921875 0.119140625 0.08203125
0 0.865234375 0.1611328125 0.02734375 0.021484375
0 0.013671875 0.166015625 0.02734375 0.03125
0 0.95703125 0.16015625 0.01953125 0.02734375
0 0.037109375 0.1591796875 0.0234375 0.029296875
0 0.6650390625 0.1572265625 0.033203125 0.044921875
0 0.6904296875 0.1416015625 0.025390625 0.033203125
0 0.0712890625 0.1396484375 0.029296875 0.037109375
0 0.494140625 0.1328125 0.02734375 0.03125
0 0.5205078125 0.1220703125 0.021484375 0.029296875
0 0.4638671875 0.134765625 0.037109375 0.0546875
0 0.388671875 0.1201171875 0.04296875 0.029296875
0 0.095703125 0.12890625 0.03125 0.046875
0 0.9208984375 0.1083984375 0.017578125 0.021484375
0 0.005859375 0.11328125 0.01171875 0.03125
0 0.80078125 0.1083984375 0.02734375 0.037109375
0 0.5400390625 0.107421875 0.025390625 0.03515625
0 0.9873046875 0.095703125 0.013671875 0.015625
0 0.5654296875 0.0986328125 0.025390625 0.037109375
0 0.0166015625 0.0986328125 0.029296875 0.041015625
0 0.82421875 0.08984375 0.02734375 0.03125
0 0.587890625 0.0908203125 0.02734375 0.037109375
0 0.4794921875 0.091796875 0.048828125 0.0390625
0 0.943359375 0.0869140625 0.0234375 0.037109375
0 0.6103515625 0.083984375 0.021484375 0.03515625
0 0.04296875 0.0888671875 0.02734375 0.044921875
0 0.8818359375 0.0810546875 0.017578125 0.033203125
0 0.853515625 0.0791015625 0.0234375 0.029296875
0 0.630859375 0.0771484375 0.0234375 0.033203125
0 0.0625 0.08203125 0.03125 0.04296875
0 0.658203125 0.0673828125 0.02734375 0.029296875
0 0.4873046875 0.0615234375 0.041015625 0.021484375
0 0.0869140625 0.072265625 0.033203125 0.046875
0 0.0029296875 0.0419921875 0.005859375 0.009765625
0 0.9619140625 0.0478515625 0.025390625 0.025390625
0 0.4873046875 0.0400390625 0.037109375 0.021484375
0 0.9921875 0.0419921875 0.015625 0.033203125
0 0.5712890625 0.0283203125 0.017578125 0.025390625
0 0.548828125 0.03125 0.01953125 0.03515625
0 0.6064453125 0.0224609375 0.025390625 0.025390625
0 0.5205078125 0.0234375 0.021484375 0.03125
0 0.01171875 0.0263671875 0.0234375 0.037109375
0 0.0302734375 0.0205078125 0.025390625 0.037109375
0 0.8076171875 0.015625 0.048828125 0.03125
0 0.73046875 0.02734375 0.078125 0.0546875
0 0.4931640625 0.0107421875 0.037109375 0.021484375
0 0.1015625 0.001953125 0.00390625 0.00390625
0 0.0693359375 0.0126953125 0.025390625 0.025390625
0 0.0498046875 0.015625 0.025390625 0.03125