0 0.005859375 0.998046875 0.01171875 0.00390625
0 0.9208984375 0.74609375 0.068359375 0.0546875
0 0.0283203125 0.7744140625 0.056640625 0.146484375
0 0.8701171875 0.82421875 0.259765625 0.3515625
0 0.9912109375 0.3291015625 0.017578125 0.033203125
0 0.392578125 0.2939453125 0.06640625 0.072265625
0 0.9765625 0.2587890625 0.046875 0.060546875
0 0.193359375 0.35546875 0.296875 0.3671875
0 0.47265625 0.2216796875 0.109375 0.126953125
0 0.962890625 0.1943359375 0.07421875 0.083984375
0 0.94140625 0.13671875 0.0546875 0.05078125
0 0.5517578125 0.14453125 0.068359375 0.0703125
0 0.087890625 0.1337890625 0.17578125 0.189453125
0 0.955078125 0.0771484375 0.07421875 0.083984375
0 0.9599609375 0.0234375 0.080078125 0.046875
0 0.875 0.0205078125 0.07421875 0.041015625
0 0.423828125 0.0966796875 0.25390625 0.193359375
0 0.0244140625 0.0390625 0.048828125 0.078125