0 0.224609375 0.9873046875 0.06640625 0.025390625
0 0.0263671875 0.9541015625 0.052734375 0.048828125
0 0.388671875 0.9580078125 0.03515625 0.060546875
0 0.2431640625 0.9140625 0.064453125 0.04296875
0 0.0419921875 0.890625 0.068359375 0.04296875
0 0.9921875 0.8857421875 0.015625 0.052734375
0 0.5576171875 0.9267578125 0.142578125 0.146484375
0 0.4140625 0.8544921875 0.015625 0.013671875
0 0.8427734375 0.8505859375 0.103515625 0.044921875
0 0.0615234375 0.826171875 0.068359375 0.046875
0 0.986328125 0.8037109375 0.02734375 0.021484375
0 0.37890625 0.810546875 0.078125 0.0390625
0 0.3876953125 0.76171875 0.064453125 0.05078125
0 0.0947265625 0.7119140625 0.037109375 0.048828125
0 0.775390625 0.6201171875 0.0703125 0.099609375
0 0.9306640625 0.6416015625 0.138671875 0.146484375
0 0.681640625 0.609375 0.09765625 0.16796875
0 0.48828125 0.60546875 0.0859375 0.16015625
0 0.8486328125 0.5341796875 0.056640625 0.044921875
0 0.3232421875 0.59765625 0.212890625 0.1796875
0 0.9951171875 0.49609375 0.009765625 0.01953125
0 0.5634765625 0.4580078125 0.099609375 0.044921875
0 0.0517578125 0.462890625 0.044921875 0.0625
0 0.32421875 0.4482421875 0.125 0.060546875
0 0.86328125 0.4384765625 0.2734375 0.146484375
0 0.439453125 0.421875 0.05078125 0.125
0 0.6572265625 0.4140625 0.083984375 0.11328125
0 0.5634765625 0.3759765625 0.099609375 0.052734375
0 0.9951171875 0.3603515625 0.009765625 0.044921875
0 0.802734375 0.302734375 0.0546875 0.078125
0 0.3203125 0.3076171875 0.09375 0.095703125
0 0.5673828125 0.279296875 0.244140625 0.08984375
0 0.9345703125 0.29296875 0.095703125 0.15625
0 0.994140625 0.2548828125 0.01171875 0.103515625
0 0.4345703125 0.208984375 0.142578125 0.05078125
0 0.2021484375 0.2294921875 0.060546875 0.095703125
0 0.7431640625 0.2265625 0.107421875 0.1875
0 0.2431640625 0.123046875 0.080078125 0.10546875
0 0.064453125 0.1689453125 0.12890625 0.232421875
0 0.6025390625 0.1103515625 0.064453125 0.119140625
0 0.8974609375 0.0859375 0.205078125 0.12890625
0 0.3076171875 0.0341796875 0.037109375 0.037109375
0 0.0029296875 0.0244140625 0.005859375 0.025390625
0 0.0517578125 0.01953125 0.029296875 0.01953125
0 0.3525390625 0.0234375 0.041015625 0.046875
0 0.3056640625 0.0048828125 0.029296875 0.009765625
0 0.1845703125 0.0146484375 0.033203125 0.029296875
0 0.1025390625 0.01171875 0.060546875 0.0234375
0 0.0400390625 0.0048828125 0.013671875 0.009765625
0 0.01953125 0.0166015625 0.0234375 0.033203125