0 0.3076171875 0.998046875 0.005859375 0.00390625
0 0.5185546875 0.9931640625 0.021484375 0.013671875
0 0.9814453125 0.9921875 0.029296875 0.015625
0 0.5712890625 0.9921875 0.029296875 0.015625
0 0.28515625 0.9921875 0.0234375 0.015625
0 0.8974609375 0.9892578125 0.025390625 0.021484375
0 0.2509765625 0.98828125 0.029296875 0.0234375
0 0.486328125 0.9873046875 0.03125 0.025390625
0 0.1181640625 0.9873046875 0.041015625 0.025390625
0 0.7451171875 0.9833984375 0.033203125 0.033203125
0 0.4501953125 0.9755859375 0.037109375 0.029296875
0 0.6064453125 0.9775390625 0.033203125 0.037109375
0 0.2138671875 0.9775390625 0.037109375 0.037109375
0 0.8798828125 0.9658203125 0.025390625 0.029296875
0 0.9609375 0.9609375 0.0234375 0.0234375
0 0.791015625 0.9638671875 0.03515625 0.041015625
0 0.439453125 0.947265625 0.015625 0.015625
0 0.3525390625 0.958984375 0.048828125 0.0390625
0 0.6376953125 0.955078125 0.037109375 0.05078125
0 0.314453125 0.94140625 0.03125 0.03125
0 0.13671875 0.9501953125 0.05078125 0.052734375
0 0.939453125 0.9296875 0.01953125 0.0234375
0 0.82421875 0.9375 0.03515625 0.0390625
0 0.087890625 0.94140625 0.0390625 0.0546875
0 0.6708984375 0.9375 0.041015625 0.05078125
0 0.7041015625 0.923828125 0.037109375 0.0390625
0 0.3740234375 0.9189453125 0.033203125 0.029296875
0 0.861328125 0.9111328125 0.0234375 0.029296875
0 0.3466796875 0.900390625 0.021484375 0.015625
0 0.31640625 0.9013671875 0.01953125 0.021484375
0 0.033203125 0.9228515625 0.06640625 0.076171875
0 0.92578125 0.8955078125 0.02734375 0.025390625
0 0.5302734375 0.892578125 0.037109375 0.01953125
0 0.7353515625 0.8994140625 0.033203125 0.044921875
0 0.4755859375 0.8916015625 0.044921875 0.041015625
0 0.771484375 0.8828125 0.03515625 0.03515625
0 0.2548828125 0.896484375 0.056640625 0.0703125
0 0.3271484375 0.8701171875 0.029296875 0.021484375
0 0.6220703125 0.87109375 0.029296875 0.02734375
0 0.9296875 0.8564453125 0.015625 0.013671875
0 0.583984375 0.8583984375 0.0390625 0.021484375
0 0.6875 0.8564453125 0.01953125 0.021484375
0 0.90625 0.857421875 0.02734375 0.03515625
0 0.9580078125 0.8515625 0.021484375 0.02734375
0 0.388671875 0.86328125 0.046875 0.0546875
0 0.15234375 0.8642578125 0.0703125 0.056640625
0 0.087890625 0.849609375 0.02734375 0.02734375
0 0.9833984375 0.8515625 0.029296875 0.0390625
0 0.6142578125 0.841796875 0.017578125 0.01953125
0 0.837890625 0.83203125 0.03515625 0.0390625
0 0.3046875 0.8291015625 0.03125 0.033203125
0 0.0048828125 0.8115234375 0.009765625 0.021484375
0 0.3330078125 0.8095703125 0.025390625 0.025390625
0 0.802734375 0.8076171875 0.04296875 0.037109375
0 0.4599609375 0.8076171875 0.029296875 0.037109375
0 0.34765625 0.7900390625 0.01953125 0.017578125
0 0.7646484375 0.7900390625 0.025390625 0.029296875
0 0.57421875 0.7861328125 0.03125 0.021484375
0 0.6201171875 0.787109375 0.041015625 0.02734375
0 0.5009765625 0.7900390625 0.029296875 0.037109375
0 0.3740234375 0.7841796875 0.025390625 0.025390625
0 0.9921875 0.779296875 0.015625 0.01953125
0 0.1806640625 0.8056640625 0.080078125 0.072265625
0 0.54296875 0.783203125 0.0234375 0.0390625
0 0.9462890625 0.775390625 0.033203125 0.03515625
0 0.7509765625 0.7626953125 0.029296875 0.029296875
0 0.8583984375 0.7626953125 0.041015625 0.037109375
0 0.427734375 0.7568359375 0.03125 0.037109375
0 0.712890625 0.7451171875 0.02734375 0.029296875
0 0.880859375 0.7373046875 0.03125 0.033203125
0 0.99609375 0.7265625 0.0078125 0.015625
0 0.0693359375 0.787109375 0.138671875 0.13671875
0 0.974609375 0.7216796875 0.02734375 0.025390625
0 0.900390625 0.7158203125 0.02734375 0.021484375
0 0.4599609375 0.72265625 0.033203125 0.03515625
0 0.373046875 0.7158203125 0.03125 0.033203125
0 0.6650390625 0.7109375 0.029296875 0.02734375
0 0.833984375 0.7216796875 0.05859375 0.052734375
0 0.7890625 0.7099609375 0.03125 0.029296875
0 0.4873046875 0.7041015625 0.021484375 0.025390625
0 0.986328125 0.69921875 0.02734375 0.02734375
0 0.5068359375 0.697265625 0.025390625 0.0234375
0 0.3349609375 0.720703125 0.037109375 0.07421875
0 0.119140625 0.70703125 0.0625 0.05078125
0 0.8916015625 0.6875 0.017578125 0.015625
0 0.583984375 0.6923828125 0.03515625 0.025390625
0 0.91796875 0.6923828125 0.03125 0.029296875
0 0.533203125 0.689453125 0.01953125 0.0234375
0 0.3994140625 0.6904296875 0.037109375 0.037109375
0 0.3662109375 0.6826171875 0.017578125 0.021484375
0 0.80078125 0.677734375 0.01953125 0.01953125
0 0.7568359375 0.6767578125 0.037109375 0.041015625
0 0.337890625 0.6689453125 0.03125 0.025390625
0 0.732421875 0.66796875 0.02734375 0.03125
0 0.021484375 0.6611328125 0.0234375 0.021484375
0 0.9462890625 0.66015625 0.029296875 0.03515625
0 0.228515625 0.701171875 0.1015625 0.1171875
0 0.7138671875 0.65625 0.029296875 0.0390625
0 0.884765625 0.6484375 0.03125 0.02734375
0 0.47265625 0.6484375 0.04296875 0.03125
0 0.92578125 0.6455078125 0.02734375 0.029296875
0 0.5126953125 0.6376953125 0.021484375 0.025390625
0 0.7353515625 0.630859375 0.017578125 0.015625
0 0.6865234375 0.6337890625 0.021484375 0.021484375
0 0.99609375 0.626953125 0.0078125 0.01171875
0 0.6240234375 0.6328125 0.021484375 0.02734375
0 0.5419921875 0.630859375 0.021484375 0.02734375
0 0.0234375 0.6279296875 0.0234375 0.029296875
0 0.0048828125 0.62109375 0.009765625 0.015625
0 0.7666015625 0.6201171875 0.021484375 0.017578125
0 0.8095703125 0.615234375 0.017578125 0.01171875
0 0.2724609375 0.6220703125 0.033203125 0.025390625
0 0.580078125 0.6259765625 0.05078125 0.041015625
0 0.6875 0.6083984375 0.03125 0.017578125
0 0.9873046875 0.6103515625 0.025390625 0.025390625
0 0.4248046875 0.61328125 0.052734375 0.03515625
0 0.712890625 0.5986328125 0.015625 0.009765625
0 0.234375 0.6142578125 0.04296875 0.041015625
0 0.1669921875 0.603515625 0.041015625 0.02734375
0 0.765625 0.595703125 0.01953125 0.015625
0 0.974609375 0.5947265625 0.0234375 0.025390625
0 0.89453125 0.5966796875 0.03125 0.029296875
0 0.806640625 0.58984375 0.015625 0.015625
0 0.4697265625 0.58984375 0.021484375 0.03515625
0 0.3701171875 0.6083984375 0.056640625 0.072265625
0 0.505859375 0.5869140625 0.02734375 0.041015625
0 0.9580078125 0.576171875 0.021484375 0.0234375
0 0.564453125 0.5751953125 0.02734375 0.021484375
0 0.443359375 0.5791015625 0.02734375 0.029296875
0 0.8828125 0.5751953125 0.0234375 0.025390625
0 0.611328125 0.5732421875 0.03125 0.033203125
0 0.673828125 0.5732421875 0.0234375 0.037109375
0 0.703125 0.5654296875 0.01953125 0.029296875
0 0.0068359375 0.564453125 0.013671875 0.02734375
0 0.9580078125 0.552734375 0.013671875 0.015625
0 0.765625 0.5576171875 0.0234375 0.025390625
0 0.732421875 0.5576171875 0.01953125 0.025390625
0 0.7978515625 0.5556640625 0.017578125 0.025390625
0 0.83203125 0.556640625 0.0234375 0.03125
0 0.859375 0.55078125 0.02734375 0.0234375
0 0.2724609375 0.546875 0.048828125 0.02734375
0 0.99609375 0.5380859375 0.0078125 0.017578125
0 0.9755859375 0.5390625 0.021484375 0.0234375
0 0.92578125 0.53515625 0.0390625 0.02734375
0 0.068359375 0.53515625 0.078125 0.07421875
0 0.017578125 0.5107421875 0.03515625 0.033203125
0 0.6796875 0.501953125 0.01953125 0.0234375
0 0.3173828125 0.5029296875 0.072265625 0.037109375
0 0.79296875 0.4931640625 0.01953125 0.025390625
0 0.7646484375 0.4912109375 0.021484375 0.025390625
0 0.8251953125 0.486328125 0.021484375 0.0234375
0 0.7158203125 0.490234375 0.041015625 0.0390625
0 0.869140625 0.482421875 0.01953125 0.02734375
0 0.951171875 0.4765625 0.01953125 0.01953125
0 0.90625 0.478515625 0.0234375 0.0234375
0 0.9775390625 0.4736328125 0.017578125 0.025390625
0 0.30078125 0.458984375 0.0234375 0.02734375
0 0.033203125 0.4609375 0.01953125 0.03125
0 0.01171875 0.4599609375 0.01953125 0.029296875
0 0.6953125 0.4501953125 0.0234375 0.013671875
0 0.826171875 0.44921875 0.03125 0.015625
0 0.9091796875 0.443359375 0.025390625 0.01953125
0 0.4267578125 0.474609375 0.072265625 0.08203125
0 0.7822265625 0.4365234375 0.021484375 0.021484375
0 0.2353515625 0.4326171875 0.017578125 0.017578125
0 0.197265625 0.43359375 0.03125 0.03125
0 0.341796875 0.4541015625 0.08203125 0.083984375
0 0.2607421875 0.421875 0.017578125 0.01953125
0 0.1025390625 0.4521484375 0.072265625 0.083984375
0 0.9677734375 0.4208984375 0.017578125 0.025390625
0 0.751953125 0.41796875 0.01953125 0.01953125
0 0.9912109375 0.4169921875 0.017578125 0.021484375
0 0.94921875 0.4189453125 0.01953125 0.033203125
0 0.7060546875 0.4169921875 0.052734375 0.037109375
0 0.91015625 0.40234375 0.0234375 0.01953125
0 0.04296875 0.40234375 0.02734375 0.0234375
0 0.8330078125 0.396484375 0.052734375 0.01953125
0 0.220703125 0.3974609375 0.0390625 0.025390625
0 0.0126953125 0.40234375 0.025390625 0.03515625
0 0.6064453125 0.4375 0.091796875 0.109375
0 0.962890625 0.3837890625 0.0234375 0.017578125
0 0.4765625 0.4013671875 0.0703125 0.056640625
0 0.76953125 0.3798828125 0.0234375 0.033203125
0 0.7392578125 0.3798828125 0.025390625 0.033203125
0 0.943359375 0.3681640625 0.015625 0.013671875
0 0.7939453125 0.369140625 0.021484375 0.01953125
0 0.2333984375 0.37109375 0.037109375 0.0234375
0 0.8212890625 0.365234375 0.017578125 0.01953125
0 0.85546875 0.36328125 0.01953125 0.0234375
0 0.8896484375 0.3623046875 0.021484375 0.029296875
0 0.9892578125 0.3525390625 0.021484375 0.017578125
0 0.94921875 0.3505859375 0.015625 0.017578125
0 0.9208984375 0.3583984375 0.025390625 0.037109375
0 0.484375 0.361328125 0.0546875 0.05078125
0 0.0244140625 0.337890625 0.021484375 0.0234375
0 0.3759765625 0.373046875 0.103515625 0.109375
0 0.724609375 0.3193359375 0.03125 0.021484375
0 0.1103515625 0.3291015625 0.076171875 0.056640625
0 0.9912109375 0.3076171875 0.017578125 0.017578125
0 0.8291015625 0.30859375 0.025390625 0.01953125
0 0.7998046875 0.30859375 0.021484375 0.01953125
0 0.0302734375 0.302734375 0.021484375 0.015625
0 0.0029296875 0.3037109375 0.005859375 0.021484375
0 0.9375 0.296875 0.0234375 0.01953125
0 0.85546875 0.2998046875 0.0234375 0.033203125
0 0.2626953125 0.2939453125 0.037109375 0.021484375
0 0.4111328125 0.3017578125 0.064453125 0.041015625
0 0.884765625 0.296875 0.0234375 0.03515625
0 0.6572265625 0.298828125 0.048828125 0.04296875
0 0.8134765625 0.2841796875 0.017578125 0.017578125
0 0.7119140625 0.2783203125 0.021484375 0.025390625
0 0.30859375 0.279296875 0.046875 0.03125
0 0.9912109375 0.271484375 0.017578125 0.01953125
0 0.9013671875 0.2705078125 0.033203125 0.017578125
0 0.625 0.275390625 0.02734375 0.03125
0 0.7353515625 0.2744140625 0.025390625 0.033203125
0 0.9453125 0.267578125 0.0234375 0.0234375
0 0.7666015625 0.2646484375 0.021484375 0.025390625
0 0.03125 0.2626953125 0.01953125 0.021484375
0 0.7880859375 0.259765625 0.021484375 0.02734375
0 0.2705078125 0.2568359375 0.029296875 0.037109375
0 0.8427734375 0.24609375 0.025390625 0.0234375
0 0.818359375 0.2470703125 0.01953125 0.025390625
0 0.8779296875 0.2470703125 0.025390625 0.044921875
0 0.7021484375 0.2236328125 0.017578125 0.017578125
0 0.9091796875 0.2333984375 0.029296875 0.041015625
0 0.93359375 0.224609375 0.0234375 0.02734375
0 0.52734375 0.2666015625 0.08984375 0.111328125
0 0.1923828125 0.2333984375 0.037109375 0.056640625
0 0.72265625 0.212890625 0.0234375 0.01953125
0 0.98046875 0.2109375 0.0234375 0.0234375
0 0.30078125 0.208984375 0.01953125 0.01953125
0 0.9970703125 0.20703125 0.005859375 0.01953125
0 0.4296875 0.2392578125 0.1015625 0.087890625
0 0.75 0.203125 0.0234375 0.02734375
0 0.7802734375 0.1982421875 0.021484375 0.025390625
0 0.0859375 0.2021484375 0.02734375 0.033203125
0 0.1171875 0.2080078125 0.03125 0.052734375
0 0.02734375 0.1982421875 0.03125 0.041015625
0 0.8291015625 0.1875 0.021484375 0.0234375
0 0.33984375 0.2080078125 0.04296875 0.068359375
0 0.3134765625 0.1875 0.025390625 0.02734375
0 0.8056640625 0.1884765625 0.021484375 0.033203125
0 0.0595703125 0.1787109375 0.017578125 0.017578125
0 0.287109375 0.1865234375 0.0234375 0.037109375
0 0.859375 0.177734375 0.01953125 0.02734375
0 0.0068359375 0.169921875 0.013671875 0.015625
0 0.8857421875 0.171875 0.021484375 0.02734375
0 0.2265625 0.17578125 0.02734375 0.03515625
0 0.04296875 0.1650390625 0.015625 0.017578125
0 0.7890625 0.16015625 0.015625 0.015625
0 0.91015625 0.1650390625 0.0234375 0.029296875
0 0.1923828125 0.1630859375 0.029296875 0.033203125
0 0.71875 0.1513671875 0.01953125 0.025390625
0 0.1552734375 0.1611328125 0.033203125 0.044921875
0 0.98828125 0.146484375 0.01953125 0.01953125
0 0.9345703125 0.1533203125 0.025390625 0.041015625
0 0.12109375 0.15234375 0.02734375 0.04296875
0 0.96484375 0.1484375 0.0234375 0.0390625
0 0.6953125 0.13671875 0.0234375 0.02734375
0 0.076171875 0.1376953125 0.0234375 0.033203125
0 0.0400390625 0.1318359375 0.029296875 0.041015625
0 0.6083984375 0.1611328125 0.119140625 0.103515625
0 0.013671875 0.1220703125 0.02734375 0.025390625
0 0.755859375 0.1162109375 0.0390625 0.041015625
0 0.2392578125 0.095703125 0.029296875 0.01953125
0 0.892578125 0.091796875 0.01953125 0.02734375
0 0.7197265625 0.0966796875 0.037109375 0.037109375
0 0.3994140625 0.1123046875 0.048828125 0.068359375
0 0.91796875 0.083984375 0.0234375 0.02734375
0 0.9443359375 0.0751953125 0.021484375 0.029296875
0 0.2470703125 0.0673828125 0.033203125 0.021484375
0 0.318359375 0.0888671875 0.05078125 0.072265625
0 0.9765625 0.076171875 0.02734375 0.0546875
0 0.486328125 0.111328125 0.1171875 0.125
0 0.7841796875 0.052734375 0.025390625 0.0234375
0 0.9912109375 0.0439453125 0.017578125 0.021484375
0 0.6123046875 0.07421875 0.076171875 0.0859375
0 0.248046875 0.0380859375 0.03515625 0.025390625
0 0.7978515625 0.033203125 0.033203125 0.0234375
0 0.21875 0.01953125 0.01953125 0.03125
0 0.3271484375 0.0224609375 0.044921875 0.041015625
0 0.935546875 0.01171875 0.03515625 0.0234375
0 0.8134765625 0.0146484375 0.052734375 0.029296875
0 0.7158203125 0.0107421875 0.025390625 0.021484375
0 0.6552734375 0.017578125 0.083984375 0.03515625
0 0.5263671875 0.029296875 0.091796875 0.05859375
0 0.2568359375 0.0087890625 0.025390625 0.017578125
0 0.134765625 0.037109375 0.11328125 0.07421875
0 0.0146484375 0.02734375 0.029296875 0.0546875