0 0.8828125 0.998046875 0.00390625 0.00390625
0 0.6796875 0.998046875 0.00390625 0.00390625
0 0.2119140625 0.998046875 0.005859375 0.00390625
0 0.3271484375 0.9970703125 0.005859375 0.005859375
0 0.13671875 0.994140625 0.01953125 0.01171875
0 0.3896484375 0.9912109375 0.033203125 0.017578125
0 0.0537109375 0.9912109375 0.029296875 0.017578125
0 0.9228515625 0.990234375 0.029296875 0.01953125
0 0.7626953125 0.990234375 0.033203125 0.01953125
0 0.2021484375 0.9892578125 0.017578125 0.017578125
0 0.654296875 0.9892578125 0.03125 0.021484375
0 0.55078125 0.986328125 0.02734375 0.02734375
0 0.9931640625 0.984375 0.013671875 0.02734375
0 0.6376953125 0.9853515625 0.033203125 0.029296875
0 0.0078125 0.98046875 0.015625 0.01953125
0 0.90625 0.98046875 0.03515625 0.03515625
0 0.478515625 0.9814453125 0.0390625 0.037109375
0 0.4130859375 0.9736328125 0.029296875 0.025390625
0 0.298828125 0.9755859375 0.03515625 0.029296875
0 0.8232421875 0.9716796875 0.033203125 0.033203125
0 0.619140625 0.96875 0.02734375 0.02734375
0 0.0068359375 0.9609375 0.013671875 0.015625
0 0.5234375 0.96484375 0.03515625 0.02734375
0 0.3671875 0.9638671875 0.02734375 0.025390625
0 0.181640625 0.96875 0.0390625 0.0390625
0 0.078125 0.97265625 0.05078125 0.046875
0 0.7314453125 0.9677734375 0.056640625 0.041015625
0 0.2841796875 0.95703125 0.029296875 0.02734375
0 0.21875 0.9638671875 0.03515625 0.041015625
0 0.0439453125 0.955078125 0.025390625 0.02734375
0 0.8369140625 0.9541015625 0.033203125 0.033203125
0 0.6025390625 0.951171875 0.025390625 0.02734375
0 0.001953125 0.9375 0.00390625 0.00390625
0 0.796875 0.9501953125 0.03125 0.033203125
0 0.1025390625 0.9501953125 0.033203125 0.033203125
0 0.953125 0.9453125 0.02734375 0.02734375
0 0.439453125 0.943359375 0.0390625 0.0390625
0 0.359375 0.9423828125 0.0390625 0.037109375
0 0.23046875 0.9404296875 0.03125 0.037109375
0 0.70703125 0.943359375 0.0390625 0.046875
0 0.8525390625 0.9365234375 0.041015625 0.037109375
0 0.5849609375 0.927734375 0.029296875 0.03125
0 0.07421875 0.92578125 0.03515625 0.03125
0 0.25 0.9267578125 0.03515625 0.037109375
0 0.9697265625 0.916015625 0.025390625 0.02734375
0 0.765625 0.916015625 0.02734375 0.02734375
0 0.3447265625 0.91796875 0.041015625 0.0390625
0 0.4775390625 0.9150390625 0.037109375 0.037109375
0 0.2724609375 0.916015625 0.029296875 0.04296875
0 0.15234375 0.9150390625 0.046875 0.044921875
0 0.67578125 0.91015625 0.0390625 0.04296875
0 0.7470703125 0.900390625 0.029296875 0.02734375
0 0.98828125 0.8994140625 0.0234375 0.037109375
0 0.46875 0.890625 0.0234375 0.0234375
0 0.330078125 0.896484375 0.04296875 0.03515625
0 0.0380859375 0.9052734375 0.064453125 0.060546875
0 0.9970703125 0.876953125 0.005859375 0.01171875
0 0.546875 0.88671875 0.02734375 0.03125
0 0.6494140625 0.8798828125 0.025390625 0.025390625
0 0.1318359375 0.8857421875 0.044921875 0.041015625
0 0.44921875 0.875 0.03125 0.02734375
0 0.890625 0.888671875 0.0625 0.0625
0 0.7353515625 0.8759765625 0.041015625 0.037109375
0 0.568359375 0.865234375 0.01953125 0.01953125
0 0.31640625 0.873046875 0.04296875 0.03515625
0 0.53125 0.869140625 0.03125 0.03125
0 0.220703125 0.8701171875 0.04296875 0.041015625
0 0.1162109375 0.8642578125 0.041015625 0.033203125
0 0.7109375 0.859375 0.03125 0.03125
0 0.6328125 0.859375 0.03125 0.03125
0 0.4306640625 0.8564453125 0.033203125 0.029296875
0 0.103515625 0.84765625 0.03515625 0.03125
0 0.6142578125 0.8408203125 0.029296875 0.029296875
0 0.4111328125 0.83984375 0.037109375 0.03125
0 0.279296875 0.8408203125 0.03125 0.033203125
0 0.3681640625 0.837890625 0.029296875 0.03125
0 0.6943359375 0.8388671875 0.037109375 0.037109375
0 0.2001953125 0.8408203125 0.041015625 0.041015625
0 0.013671875 0.8330078125 0.02734375 0.025390625
0 0.5087890625 0.83984375 0.056640625 0.05078125
0 0.0859375 0.826171875 0.03125 0.02734375
0 0.6748046875 0.8203125 0.033203125 0.03515625
0 0.8466796875 0.8203125 0.041015625 0.0390625
0 0.58984375 0.8193359375 0.04296875 0.041015625
0 0.9697265625 0.8125 0.033203125 0.03515625
0 0.4833984375 0.8134765625 0.041015625 0.037109375
0 0.2734375 0.80859375 0.03125 0.02734375
0 0.0078125 0.8037109375 0.015625 0.021484375
0 0.1796875 0.8095703125 0.04296875 0.041015625
0 0.0625 0.7978515625 0.0234375 0.021484375
0 0.9375 0.7998046875 0.03515625 0.033203125
0 0.6591796875 0.7978515625 0.041015625 0.037109375
0 0.0029296875 0.783203125 0.005859375 0.0078125
0 0.453125 0.79296875 0.03125 0.03125
0 0.259765625 0.7890625 0.03125 0.02734375
0 0.3330078125 0.79296875 0.033203125 0.0390625
0 0.5673828125 0.7900390625 0.041015625 0.037109375
0 0.9150390625 0.7861328125 0.041015625 0.037109375
0 0.4755859375 0.7802734375 0.037109375 0.037109375
0 0.16015625 0.7763671875 0.03515625 0.029296875
0 0.3662109375 0.7783203125 0.048828125 0.044921875
0 0.2431640625 0.767578125 0.029296875 0.0234375
0 0.8974609375 0.763671875 0.029296875 0.03125
0 0.8046875 0.767578125 0.0390625 0.0390625
0 0.5458984375 0.7646484375 0.033203125 0.037109375
0 0.630859375 0.763671875 0.0390625 0.0390625
0 0.5009765625 0.759765625 0.037109375 0.0390625
0 0.1455078125 0.75 0.033203125 0.03125
0 0.05859375 0.7548828125 0.046875 0.041015625
0 0.34765625 0.7470703125 0.03515625 0.029296875
0 0.9912109375 0.7451171875 0.017578125 0.029296875
0 0.87890625 0.748046875 0.03515625 0.0390625
0 0.224609375 0.740234375 0.02734375 0.02734375
0 0.6123046875 0.744140625 0.041015625 0.0390625
0 0.5234375 0.73828125 0.03515625 0.03515625
0 0.3349609375 0.732421875 0.041015625 0.03125
0 0.302734375 0.7275390625 0.0234375 0.021484375
0 0.6474609375 0.7255859375 0.021484375 0.021484375
0 0.26953125 0.7255859375 0.01953125 0.021484375
0 0.44140625 0.7265625 0.02734375 0.02734375
0 0.1279296875 0.724609375 0.029296875 0.02734375
0 0.20703125 0.71875 0.01953125 0.01953125
0 0.849609375 0.7236328125 0.03515625 0.033203125
0 0.880859375 0.7109375 0.03125 0.03125
0 0.76953125 0.7294921875 0.0703125 0.068359375
0 0.5771484375 0.7060546875 0.041015625 0.029296875
0 0.08203125 0.7041015625 0.03125 0.033203125
0 0.3125 0.7001953125 0.03515625 0.029296875
0 0.40625 0.69921875 0.0390625 0.03125
0 0.4873046875 0.697265625 0.037109375 0.03125
0 0.673828125 0.6943359375 0.03125 0.029296875
0 0.73828125 0.6982421875 0.046875 0.041015625
0 0.6064453125 0.6865234375 0.021484375 0.025390625
0 0.19140625 0.6865234375 0.02734375 0.025390625
0 0.8232421875 0.6845703125 0.037109375 0.033203125
0 0.22265625 0.681640625 0.02734375 0.02734375
0 0.111328125 0.693359375 0.0390625 0.05078125
0 0.296875 0.6767578125 0.0234375 0.025390625
0 0.470703125 0.67578125 0.0390625 0.03515625
0 0.9140625 0.681640625 0.05859375 0.0546875
0 0.173828125 0.6630859375 0.01953125 0.017578125
0 0.8046875 0.666015625 0.03515625 0.03515625
0 0.544921875 0.6611328125 0.03125 0.029296875
0 0.376953125 0.666015625 0.04296875 0.04296875
0 0.9443359375 0.6591796875 0.041015625 0.044921875
0 0.859375 0.65234375 0.02734375 0.03125
0 0.45703125 0.65234375 0.03125 0.03125
0 0.283203125 0.654296875 0.0390625 0.03515625
0 0.7138671875 0.6611328125 0.060546875 0.072265625
0 0.33984375 0.6357421875 0.0234375 0.025390625
0 0.3779296875 0.6328125 0.025390625 0.0234375
0 0.9697265625 0.638671875 0.037109375 0.0390625
0 0.6484375 0.6494140625 0.05078125 0.060546875
0 0.2685546875 0.6337890625 0.041015625 0.033203125
0 0.783203125 0.6416015625 0.05078125 0.052734375
0 0.580078125 0.62890625 0.03125 0.03125
0 0.1923828125 0.625 0.033203125 0.03125
0 0.5068359375 0.6181640625 0.025390625 0.021484375
0 0.431640625 0.62109375 0.03515625 0.03125
0 0.98828125 0.6201171875 0.0234375 0.037109375
0 0.6787109375 0.615234375 0.037109375 0.03515625
0 0.333984375 0.6103515625 0.02734375 0.025390625
0 0.2607421875 0.6103515625 0.029296875 0.025390625
0 0.8818359375 0.6181640625 0.048828125 0.048828125
0 0.595703125 0.611328125 0.03515625 0.03515625
0 0.7470703125 0.5947265625 0.033203125 0.033203125
0 0.857421875 0.58984375 0.03125 0.03125
0 0.7939453125 0.587890625 0.025390625 0.02734375
0 0.2353515625 0.595703125 0.064453125 0.05078125
0 0.4970703125 0.5908203125 0.044921875 0.044921875
0 0.4130859375 0.5888671875 0.048828125 0.041015625
0 0.3515625 0.580078125 0.02734375 0.02734375
0 0.6357421875 0.5830078125 0.037109375 0.037109375
0 0.7783203125 0.5712890625 0.021484375 0.021484375
0 0.72265625 0.5771484375 0.03125 0.033203125
0 0.4775390625 0.5673828125 0.033203125 0.021484375
0 0.837890625 0.57421875 0.0390625 0.0390625
0 0.9384765625 0.578125 0.060546875 0.05859375
0 0.529296875 0.5615234375 0.0234375 0.029296875
0 0.6142578125 0.5576171875 0.037109375 0.033203125
0 0.51171875 0.541015625 0.01953125 0.01953125
0 0.9716796875 0.5458984375 0.033203125 0.037109375
0 0.8974609375 0.5439453125 0.041015625 0.033203125
0 0.5478515625 0.55078125 0.048828125 0.046875
0 0.693359375 0.5390625 0.02734375 0.02734375
0 0.810546875 0.541015625 0.03515625 0.03515625
0 0.5947265625 0.533203125 0.029296875 0.02734375
0 0.98828125 0.5302734375 0.0234375 0.033203125
0 0.3505859375 0.5400390625 0.068359375 0.056640625
0 0.921875 0.5283203125 0.03515625 0.037109375
0 0.7900390625 0.51953125 0.033203125 0.03125
0 0.671875 0.5185546875 0.046875 0.048828125
0 0.578125 0.501953125 0.02734375 0.03125
0 0.9453125 0.5048828125 0.03515625 0.041015625
0 0.7060546875 0.4912109375 0.025390625 0.025390625
0 0.865234375 0.494140625 0.03515625 0.03515625
0 0.6455078125 0.4892578125 0.029296875 0.029296875
0 0.96875 0.4892578125 0.03515625 0.041015625
0 0.76171875 0.4912109375 0.0546875 0.052734375
0 0.8369140625 0.4765625 0.041015625 0.0390625
0 0.98828125 0.4697265625 0.0234375 0.033203125
0 0.7373046875 0.4677734375 0.041015625 0.037109375
0 0.677734375 0.4609375 0.03125 0.02734375
0 0.9970703125 0.447265625 0.005859375 0.0078125
0 0.90234375 0.4609375 0.0390625 0.0390625
0 0.818359375 0.458984375 0.03515625 0.03515625
0 0.6962890625 0.4443359375 0.037109375 0.037109375
0 0.92578125 0.4423828125 0.03515625 0.037109375
0 0.8017578125 0.4404296875 0.037109375 0.037109375
0 0.611328125 0.4384765625 0.03125 0.033203125
0 0.87890625 0.42578125 0.03125 0.03515625
0 0.7802734375 0.42578125 0.033203125 0.03515625
0 0.9462890625 0.419921875 0.033203125 0.0390625
0 0.859375 0.4091796875 0.02734375 0.029296875
0 0.60546875 0.4091796875 0.03125 0.029296875
0 0.6513671875 0.4033203125 0.025390625 0.033203125
0 0.9697265625 0.4033203125 0.033203125 0.037109375
0 0.91015625 0.3935546875 0.03125 0.029296875
0 0.509765625 0.4306640625 0.11328125 0.111328125
0 0.015625 0.4052734375 0.03125 0.060546875
0 0.98828125 0.3818359375 0.0234375 0.033203125
0 0.34375 0.3876953125 0.05078125 0.052734375
0 0.9501953125 0.3662109375 0.025390625 0.021484375
0 0.677734375 0.3720703125 0.04296875 0.041015625
0 0.2314453125 0.4150390625 0.087890625 0.126953125
0 0.783203125 0.3779296875 0.0859375 0.072265625
0 0.712890625 0.3515625 0.03515625 0.0390625
0 0.390625 0.365234375 0.0703125 0.0703125
0 0.7333984375 0.3388671875 0.029296875 0.037109375
0 0.6220703125 0.3447265625 0.033203125 0.048828125
0 0.8564453125 0.3427734375 0.041015625 0.048828125
0 0.982421875 0.330078125 0.03515625 0.03125
0 0.884765625 0.3212890625 0.0234375 0.029296875
0 0.7529296875 0.3251953125 0.037109375 0.037109375
0 0.064453125 0.310546875 0.0234375 0.015625
0 0.0126953125 0.3125 0.025390625 0.03125
0 0.9169921875 0.3115234375 0.048828125 0.041015625
0 0.458984375 0.3212890625 0.09765625 0.080078125
0 0.9638671875 0.2919921875 0.025390625 0.029296875
0 0.78515625 0.302734375 0.05078125 0.05078125
0 0.9873046875 0.2822265625 0.025390625 0.029296875
0 0.017578125 0.2763671875 0.03515625 0.021484375
0 0.998046875 0.265625 0.00390625 0.00390625
0 0.064453125 0.267578125 0.01953125 0.03125
0 0.0126953125 0.248046875 0.025390625 0.01953125
0 0.044921875 0.2470703125 0.015625 0.021484375
0 0.546875 0.265625 0.08984375 0.09375
0 0.3935546875 0.2685546875 0.072265625 0.099609375
0 0.0087890625 0.220703125 0.017578125 0.01953125
0 0.0068359375 0.205078125 0.013671875 0.01171875
0 0.29296875 0.19921875 0.01953125 0.01953125
0 0.94140625 0.2197265625 0.0625 0.064453125
0 0.326171875 0.1875 0.02734375 0.0234375
0 0.50390625 0.193359375 0.08203125 0.07421875
0 0.005859375 0.16015625 0.01171875 0.015625
0 0.3173828125 0.16015625 0.021484375 0.0234375
0 0.65625 0.1962890625 0.109375 0.099609375
0 0.001953125 0.138671875 0.00390625 0.0078125
0 0.3056640625 0.13671875 0.029296875 0.01953125
0 0.56640625 0.1767578125 0.11328125 0.142578125
0 0.291015625 0.11328125 0.03515625 0.0234375
0 0.9287109375 0.15234375 0.142578125 0.10546875
0 0.3603515625 0.119140625 0.041015625 0.06640625
0 0.0185546875 0.087890625 0.033203125 0.046875
0 0.28125 0.076171875 0.03515625 0.03125
0 0.232421875 0.0537109375 0.0234375 0.021484375
0 0.365234375 0.0517578125 0.03125 0.021484375
0 0.7578125 0.099609375 0.08203125 0.13671875
0 0.65625 0.091796875 0.078125 0.1328125
0 0.263671875 0.0302734375 0.03125 0.025390625
0 0.0107421875 0.029296875 0.021484375 0.03515625
0 0.3408203125 0.0302734375 0.052734375 0.044921875
0 0.95703125 0.0234375 0.0625 0.046875
0 0.8291015625 0.052734375 0.119140625 0.10546875
0 0.4560546875 0.044921875 0.111328125 0.08984375
0 0.2470703125 0.0087890625 0.044921875 0.017578125