0 0.5595703125 0.998046875 0.005859375 0.00390625
0 0.0322265625 0.994140625 0.037109375 0.01171875
0 0.443359375 0.9931640625 0.01953125 0.013671875
0 0.7236328125 0.9921875 0.029296875 0.015625
0 0.5419921875 0.990234375 0.033203125 0.01953125
0 0.462890625 0.9892578125 0.0234375 0.021484375
0 0.9873046875 0.98828125 0.025390625 0.0234375
0 0.6083984375 0.986328125 0.033203125 0.02734375
0 0.478515625 0.9833984375 0.0234375 0.029296875
0 0.2177734375 0.9755859375 0.037109375 0.029296875
0 0.2783203125 0.97265625 0.029296875 0.0390625
0 0.658203125 0.9619140625 0.02734375 0.025390625
0 0.953125 0.9736328125 0.078125 0.052734375
0 0.5224609375 0.958984375 0.033203125 0.03515625
0 0.3798828125 0.96875 0.095703125 0.0625
0 0.3212890625 0.94921875 0.029296875 0.03515625
0 0.4306640625 0.943359375 0.025390625 0.03125
0 0.029296875 0.9443359375 0.05078125 0.037109375
0 0.4501953125 0.93359375 0.025390625 0.03125
0 0.3583984375 0.927734375 0.056640625 0.05078125
0 0.6044921875 0.9326171875 0.080078125 0.068359375
0 0.0224609375 0.9150390625 0.044921875 0.037109375
0 0.494140625 0.8955078125 0.03515625 0.025390625
0 0.2978515625 0.8974609375 0.025390625 0.029296875
0 0.5615234375 0.8994140625 0.041015625 0.037109375
0 0.314453125 0.88671875 0.02734375 0.03125
0 0.291015625 0.8564453125 0.0234375 0.025390625
0 0.5771484375 0.8671875 0.048828125 0.0625
0 0.2216796875 0.8662109375 0.068359375 0.060546875
0 0.1533203125 0.890625 0.150390625 0.109375
0 0.65625 0.876953125 0.09375 0.08984375
0 0.33203125 0.8603515625 0.04296875 0.060546875
0 0.8505859375 0.9091796875 0.189453125 0.169921875
0 0.771484375 0.8515625 0.08984375 0.09765625
0 0.369140625 0.8125 0.02734375 0.0234375
0 0.5126953125 0.8212890625 0.052734375 0.060546875
0 0.1171875 0.8037109375 0.0234375 0.029296875
0 0.275390625 0.8076171875 0.04296875 0.041015625
0 0.4375 0.7998046875 0.03125 0.029296875
0 0.009765625 0.8017578125 0.01953125 0.041015625
0 0.525390625 0.791015625 0.02734375 0.03125
0 0.41015625 0.78125 0.02734375 0.0234375
0 0.3466796875 0.7822265625 0.048828125 0.041015625
0 0.162109375 0.80078125 0.0625 0.08984375
0 0.310546875 0.7607421875 0.03515625 0.033203125
0 0.7041015625 0.779296875 0.087890625 0.0859375
0 0.4306640625 0.7294921875 0.025390625 0.025390625
0 0.07421875 0.7578125 0.05859375 0.08984375
0 0.6142578125 0.7236328125 0.083984375 0.068359375
0 0.140625 0.7236328125 0.08203125 0.091796875
0 0.56640625 0.689453125 0.02734375 0.03125
0 0.5947265625 0.6728515625 0.033203125 0.029296875
0 0.533203125 0.65625 0.04296875 0.0546875
0 0.8994140625 0.6455078125 0.037109375 0.037109375
0 0.39453125 0.650390625 0.1015625 0.10546875
0 0.78515625 0.6591796875 0.15625 0.134765625
0 0.5654296875 0.60546875 0.025390625 0.02734375
0 0.0126953125 0.5810546875 0.025390625 0.037109375
0 0.95703125 0.5576171875 0.06640625 0.060546875
0 0.421875 0.5498046875 0.0859375 0.083984375
0 0.1005859375 0.5302734375 0.072265625 0.119140625
0 0.8193359375 0.51171875 0.142578125 0.12890625
0 0.7734375 0.4375 0.0234375 0.0234375
0 0.7255859375 0.4384765625 0.037109375 0.037109375
0 0.109375 0.4248046875 0.0703125 0.080078125
0 0.025390625 0.3896484375 0.05078125 0.083984375
0 0.9443359375 0.388671875 0.107421875 0.12109375
0 0.8564453125 0.4228515625 0.193359375 0.189453125
0 0.220703125 0.46484375 0.25 0.29296875
0 0.0283203125 0.3232421875 0.048828125 0.025390625
0 0.6875 0.34765625 0.1640625 0.12890625
0 0.6171875 0.4365234375 0.3046875 0.349609375
0 0.28515625 0.2734375 0.0234375 0.02734375
0 0.0087890625 0.265625 0.017578125 0.02734375
0 0.55078125 0.2626953125 0.04296875 0.044921875
0 0.9638671875 0.2880859375 0.072265625 0.115234375
0 0.267578125 0.248046875 0.06640625 0.0546875
0 0.8662109375 0.28515625 0.138671875 0.1328125
0 0.251953125 0.365234375 0.33984375 0.3125
0 0.3828125 0.236328125 0.109375 0.1171875
0 0.046875 0.220703125 0.03125 0.12890625
0 0.720703125 0.158203125 0.07421875 0.07421875
0 0.201171875 0.1416015625 0.046875 0.052734375
0 0.5615234375 0.1650390625 0.130859375 0.146484375
0 0.9111328125 0.1455078125 0.177734375 0.166015625
0 0.162109375 0.05859375 0.046875 0.03125
0 0.2587890625 0.107421875 0.146484375 0.14453125
0 0.408203125 0.068359375 0.109375 0.09765625
0 0.7919921875 0.0712890625 0.103515625 0.115234375
0 0.9453125 0.0380859375 0.109375 0.076171875
0 0.853515625 0.013671875 0.04296875 0.02734375
0 0.724609375 0.0400390625 0.140625 0.080078125
0 0.6044921875 0.1025390625 0.169921875 0.205078125
0 0.275390625 0.015625 0.05859375 0.03125