0 0.337890625 0.99609375 0.0234375 0.0078125
0 0.630859375 0.9599609375 0.01953125 0.021484375
0 0.541015625 0.95703125 0.01953125 0.01953125
0 0.05859375 0.96484375 0.0234375 0.03515625
0 0.587890625 0.9560546875 0.03515625 0.025390625
0 0.47265625 0.966796875 0.046875 0.046875
0 0.0068359375 0.970703125 0.013671875 0.05859375
0 0.626953125 0.9345703125 0.02734375 0.017578125
0 0.4404296875 0.94140625 0.021484375 0.04296875
0 0.25390625 0.9306640625 0.03125 0.021484375
0 0.6181640625 0.912109375 0.009765625 0.01171875
0 0.283203125 0.931640625 0.0234375 0.05078125
0 0.171875 0.91796875 0.03125 0.02734375
0 0.203125 0.9130859375 0.01953125 0.033203125
0 0.119140625 0.91015625 0.03515625 0.02734375
0 0.58203125 0.900390625 0.015625 0.01171875
0 0.34375 0.9130859375 0.03515625 0.037109375
0 0.3701171875 0.8994140625 0.021484375 0.021484375
0 0.7822265625 0.9052734375 0.056640625 0.068359375
0 0.16796875 0.884765625 0.0234375 0.02734375
0 0.58203125 0.876953125 0.02734375 0.01953125
0 0.26171875 0.87890625 0.04296875 0.0234375
0 0.5224609375 0.8798828125 0.029296875 0.037109375
0 0.0029296875 0.8779296875 0.005859375 0.033203125
0 0.6083984375 0.865234375 0.013671875 0.015625
0 0.12109375 0.8671875 0.01953125 0.02734375
0 0.42578125 0.8623046875 0.02734375 0.021484375
0 0.396484375 0.875 0.02734375 0.05078125
0 0.1630859375 0.8515625 0.021484375 0.02734375
0 0.1123046875 0.83984375 0.025390625 0.0234375
0 0.076171875 0.8232421875 0.0234375 0.029296875
0 0.3818359375 0.8232421875 0.021484375 0.033203125
0 0.1630859375 0.818359375 0.025390625 0.0234375
0 0.505859375 0.8134765625 0.02734375 0.021484375
0 0.462890625 0.8134765625 0.0234375 0.029296875
0 0.2548828125 0.8212890625 0.044921875 0.048828125
0 0.310546875 0.8076171875 0.02734375 0.025390625
0 0.1552734375 0.7900390625 0.025390625 0.025390625
0 0.3017578125 0.7841796875 0.029296875 0.021484375
0 0.244140625 0.78515625 0.02734375 0.0234375
0 0.6826171875 0.7919921875 0.029296875 0.041015625
0 0.4765625 0.78125 0.015625 0.01953125
0 0.1005859375 0.78125 0.021484375 0.02734375
0 0.1484375 0.7646484375 0.01953125 0.017578125
0 0.9619140625 0.8251953125 0.076171875 0.154296875
0 0.9150390625 0.74609375 0.021484375 0.0234375
0 0.2275390625 0.7431640625 0.033203125 0.025390625
0 0.0888671875 0.744140625 0.025390625 0.03125
0 0.71875 0.736328125 0.0234375 0.0234375
0 0.2939453125 0.740234375 0.037109375 0.03125
0 0.3525390625 0.732421875 0.029296875 0.01953125
0 0.53125 0.7421875 0.0234375 0.05078125
0 0.134765625 0.736328125 0.0234375 0.0390625
0 0.04296875 0.7255859375 0.01953125 0.017578125
0 0.400390625 0.720703125 0.01953125 0.0234375
0 0.857421875 0.7216796875 0.0234375 0.033203125
0 0.580078125 0.7314453125 0.02734375 0.052734375
0 0.4365234375 0.7109375 0.025390625 0.02734375
0 0.703125 0.70703125 0.0234375 0.0234375
0 0.4658203125 0.7080078125 0.017578125 0.025390625
0 0.537109375 0.69921875 0.015625 0.015625
0 0.2177734375 0.7041015625 0.029296875 0.025390625
0 0.068359375 0.7041015625 0.03515625 0.025390625
0 0.8896484375 0.701171875 0.021484375 0.02734375
0 0.48828125 0.7001953125 0.01953125 0.029296875
0 0.7724609375 0.7001953125 0.033203125 0.037109375
0 0.8056640625 0.6943359375 0.029296875 0.033203125
0 0.271484375 0.693359375 0.02734375 0.03125
0 0.515625 0.6923828125 0.01953125 0.033203125
0 0.3134765625 0.6875 0.021484375 0.0234375
0 0.0244140625 0.6884765625 0.021484375 0.033203125
0 0.35546875 0.6787109375 0.015625 0.021484375
0 0.96484375 0.705078125 0.0703125 0.08203125
0 0.1220703125 0.6650390625 0.025390625 0.021484375
0 0.0673828125 0.6728515625 0.025390625 0.037109375
0 0.693359375 0.666015625 0.03515625 0.02734375
0 0.55859375 0.6630859375 0.03515625 0.021484375
0 0.271484375 0.6640625 0.03125 0.0234375
0 0.7998046875 0.6591796875 0.021484375 0.017578125
0 0.6181640625 0.6689453125 0.025390625 0.037109375
0 0.166015625 0.673828125 0.03125 0.05078125
0 0.40234375 0.654296875 0.015625 0.01953125
0 0.341796875 0.650390625 0.01953125 0.01953125
0 0.771484375 0.6533203125 0.02734375 0.029296875
0 0.45703125 0.6484375 0.01953125 0.01953125
0 0.2529296875 0.6435546875 0.025390625 0.025390625
0 0.8427734375 0.6435546875 0.029296875 0.029296875
0 0.4951171875 0.6396484375 0.017578125 0.021484375
0 0.1123046875 0.6357421875 0.021484375 0.021484375
0 0.162109375 0.6337890625 0.02734375 0.021484375
0 0.615234375 0.6298828125 0.03125 0.021484375
0 0.046875 0.62890625 0.03515625 0.01953125
0 0.970703125 0.6328125 0.0390625 0.03515625
0 0.3984375 0.62109375 0.015625 0.01953125
0 0.5498046875 0.6220703125 0.021484375 0.025390625
0 0.3369140625 0.62109375 0.021484375 0.0234375
0 0.7587890625 0.6171875 0.033203125 0.0234375
0 0.654296875 0.619140625 0.046875 0.02734375
0 0.25 0.6103515625 0.0390625 0.033203125
0 0.6025390625 0.59375 0.025390625 0.0234375
0 0.0361328125 0.59375 0.037109375 0.0234375
0 0.103515625 0.591796875 0.03125 0.0234375
0 0.6787109375 0.58984375 0.037109375 0.0234375
0 0.390625 0.58984375 0.01953125 0.0234375
0 0.7490234375 0.58984375 0.033203125 0.02734375
0 0.1875 0.5888671875 0.0234375 0.025390625
0 0.962890625 0.5908203125 0.02734375 0.033203125
0 0.849609375 0.58984375 0.0234375 0.03125
0 0.330078125 0.587890625 0.0234375 0.02734375
0 0.2451171875 0.5849609375 0.037109375 0.025390625
0 0.1376953125 0.583984375 0.021484375 0.0234375
0 0.890625 0.5810546875 0.02734375 0.025390625
0 0.783203125 0.55859375 0.015625 0.01171875
0 0.380859375 0.5625 0.01953125 0.0234375
0 0.7412109375 0.5595703125 0.033203125 0.021484375
0 0.318359375 0.5625 0.0234375 0.02734375
0 0.0283203125 0.5546875 0.033203125 0.01953125
0 0.6279296875 0.5517578125 0.017578125 0.017578125
0 0.091796875 0.55078125 0.03515625 0.01953125
0 0.94140625 0.55078125 0.03515625 0.0234375
0 0.6669921875 0.55078125 0.037109375 0.03125
0 0.486328125 0.5458984375 0.03515625 0.021484375
0 0.37109375 0.53515625 0.01953125 0.0234375
0 0.591796875 0.53125 0.03125 0.01953125
0 0.3095703125 0.5341796875 0.021484375 0.025390625
0 0.458984375 0.525390625 0.015625 0.01171875
0 0.7421875 0.53125 0.0390625 0.02734375
0 0.2353515625 0.5341796875 0.044921875 0.033203125
0 0.0830078125 0.5263671875 0.025390625 0.025390625
0 0.017578125 0.5244140625 0.03515625 0.021484375
0 0.115234375 0.5205078125 0.02734375 0.029296875
0 0.6630859375 0.51953125 0.041015625 0.03125
0 0.8701171875 0.5107421875 0.021484375 0.017578125
0 0.47265625 0.5078125 0.01953125 0.01953125
0 0.169921875 0.517578125 0.03515625 0.05078125
0 0.9267578125 0.5048828125 0.033203125 0.037109375
0 0.7314453125 0.498046875 0.041015625 0.03125
0 0.21484375 0.4931640625 0.0234375 0.025390625
0 0.5185546875 0.486328125 0.025390625 0.0234375
0 0.6318359375 0.4892578125 0.060546875 0.033203125
0 0.298828125 0.4892578125 0.03125 0.033203125
0 0.255859375 0.4892578125 0.05078125 0.037109375
0 0.9951171875 0.4775390625 0.009765625 0.021484375
0 0.34765625 0.4794921875 0.01953125 0.029296875
0 0.3701171875 0.4716796875 0.017578125 0.029296875
0 0.8564453125 0.458984375 0.021484375 0.01953125
0 0.138671875 0.4619140625 0.02734375 0.025390625
0 0.07421875 0.4619140625 0.0390625 0.029296875
0 0.50390625 0.4541015625 0.04296875 0.021484375
0 0.4091796875 0.451171875 0.041015625 0.0234375
0 0.009765625 0.4541015625 0.01953125 0.037109375
0 0.9052734375 0.4453125 0.044921875 0.02734375
0 0.638671875 0.4453125 0.03515625 0.02734375
0 0.720703125 0.4443359375 0.0390625 0.029296875
0 0.232421875 0.4443359375 0.01953125 0.029296875
0 0.255859375 0.4365234375 0.0234375 0.021484375
0 0.1591796875 0.4423828125 0.025390625 0.041015625
0 0.501953125 0.427734375 0.02734375 0.01953125
0 0.2001953125 0.4375 0.033203125 0.0390625
0 0.056640625 0.431640625 0.0234375 0.03515625
0 0.5546875 0.4287109375 0.0234375 0.033203125
0 0.8994140625 0.419921875 0.021484375 0.0234375
0 0.705078125 0.4150390625 0.0234375 0.021484375
0 0.5771484375 0.4208984375 0.025390625 0.033203125
0 0.00390625 0.4150390625 0.0078125 0.021484375
0 0.599609375 0.4150390625 0.01953125 0.029296875
0 0.2841796875 0.4189453125 0.029296875 0.041015625
0 0.3369140625 0.40625 0.021484375 0.02734375
0 0.3125 0.4111328125 0.02734375 0.037109375
0 0.87890625 0.40234375 0.01953125 0.0234375
0 0.8203125 0.3984375 0.015625 0.01953125
0 0.4296875 0.3984375 0.01953125 0.0234375
0 0.361328125 0.400390625 0.01953125 0.02734375
0 0.63671875 0.3974609375 0.03515625 0.025390625
0 0.7783203125 0.3994140625 0.017578125 0.041015625
0 0.849609375 0.3828125 0.0234375 0.015625
0 0.494140625 0.3837890625 0.02734375 0.021484375
0 0.7021484375 0.3818359375 0.033203125 0.025390625
0 0.29296875 0.373046875 0.01953125 0.0234375
0 0.5458984375 0.369140625 0.025390625 0.02734375
0 0.5849609375 0.3623046875 0.021484375 0.025390625
0 0.04296875 0.3525390625 0.0390625 0.029296875
0 0.62109375 0.3505859375 0.03515625 0.037109375
0 0.0771484375 0.3427734375 0.033203125 0.021484375
0 0.5361328125 0.33203125 0.025390625 0.0234375
0 0.7880859375 0.330078125 0.021484375 0.0234375
0 0.6845703125 0.333984375 0.021484375 0.03125
0 0.1396484375 0.333984375 0.037109375 0.03125
0 0.171875 0.32421875 0.0234375 0.0234375
0 0.7353515625 0.32421875 0.025390625 0.0390625
0 0.6181640625 0.314453125 0.029296875 0.01953125
0 0.19921875 0.322265625 0.0234375 0.03515625
0 0.9208984375 0.3212890625 0.029296875 0.041015625
0 0.7626953125 0.310546875 0.033203125 0.02734375
0 0.8876953125 0.3076171875 0.025390625 0.025390625
0 0.53515625 0.3076171875 0.03515625 0.025390625
0 0.2265625 0.3115234375 0.0234375 0.033203125
0 0.6845703125 0.302734375 0.029296875 0.01953125
0 0.2578125 0.3037109375 0.0234375 0.021484375
0 0.0048828125 0.3037109375 0.009765625 0.021484375
0 0.412109375 0.3056640625 0.0234375 0.029296875
0 0.287109375 0.294921875 0.0234375 0.0234375
0 0.0244140625 0.2939453125 0.025390625 0.021484375
0 0.056640625 0.2900390625 0.02734375 0.021484375
0 0.607421875 0.287109375 0.03515625 0.01953125
0 0.314453125 0.287109375 0.0234375 0.0234375
0 0.8642578125 0.28125 0.033203125 0.0234375
0 0.669921875 0.27734375 0.0234375 0.01953125
0 0.5224609375 0.2763671875 0.033203125 0.021484375
0 0.34375 0.2724609375 0.0234375 0.021484375
0 0.087890625 0.2734375 0.03125 0.02734375
0 0.1220703125 0.2685546875 0.025390625 0.025390625
0 0.3720703125 0.2607421875 0.021484375 0.025390625
0 0.6025390625 0.2568359375 0.029296875 0.021484375
0 0.6708984375 0.251953125 0.037109375 0.0234375
0 0.3994140625 0.25 0.021484375 0.0234375
0 0.51171875 0.24609375 0.03515625 0.0234375
0 0.9345703125 0.244140625 0.021484375 0.0234375
0 0.4267578125 0.2392578125 0.025390625 0.025390625
0 0.873046875 0.244140625 0.0390625 0.04296875
0 0.5966796875 0.2353515625 0.033203125 0.025390625
0 0.8134765625 0.23046875 0.017578125 0.02734375
0 0.4541015625 0.228515625 0.021484375 0.0234375
0 0.6591796875 0.2216796875 0.037109375 0.029296875
0 0.0068359375 0.2158203125 0.013671875 0.021484375
0 0.6025390625 0.205078125 0.025390625 0.0234375
0 0.93359375 0.1943359375 0.0390625 0.029296875
0 0.80859375 0.1806640625 0.03125 0.021484375
0 0.5927734375 0.181640625 0.029296875 0.0234375
0 0.869140625 0.1767578125 0.02734375 0.017578125
0 0.7734375 0.1787109375 0.01953125 0.021484375
0 0.091796875 0.1787109375 0.03125 0.029296875
0 0.751953125 0.1728515625 0.015625 0.021484375
0 0.7275390625 0.1689453125 0.013671875 0.021484375
0 0.9462890625 0.1669921875 0.033203125 0.025390625
0 0.552734375 0.1484375 0.0234375 0.0234375
0 0.001953125 0.142578125 0.00390625 0.01171875
0 0.5244140625 0.1376953125 0.025390625 0.025390625
0 0.0185546875 0.1318359375 0.021484375 0.021484375
0 0.8154296875 0.1220703125 0.021484375 0.021484375
0 0.0517578125 0.1220703125 0.037109375 0.029296875
0 0.7802734375 0.1171875 0.025390625 0.0234375
0 0.9560546875 0.1220703125 0.029296875 0.037109375
0 0.4970703125 0.1162109375 0.029296875 0.025390625
0 0.740234375 0.1103515625 0.02734375 0.021484375
0 0.6787109375 0.1005859375 0.021484375 0.017578125
0 0.6435546875 0.09765625 0.025390625 0.01953125
0 0.859375 0.095703125 0.01953125 0.02734375
0 0.96484375 0.0908203125 0.0234375 0.025390625
0 0.0478515625 0.091796875 0.025390625 0.03125
0 0.4677734375 0.0888671875 0.029296875 0.029296875
0 0.5859375 0.0703125 0.02734375 0.01953125
0 0.0400390625 0.0625 0.029296875 0.02734375
0 0.7646484375 0.05859375 0.021484375 0.0234375
0 0.72265625 0.0556640625 0.0234375 0.021484375
0 0.970703125 0.0537109375 0.03125 0.021484375
0 0.865234375 0.060546875 0.0234375 0.03515625
0 0.8076171875 0.0595703125 0.021484375 0.033203125
0 0.6884765625 0.05078125 0.021484375 0.01953125
0 0.646484375 0.0458984375 0.02734375 0.017578125
0 0.5830078125 0.0458984375 0.021484375 0.017578125
0 0.5595703125 0.0498046875 0.017578125 0.025390625
0 0.5263671875 0.03125 0.029296875 0.02734375
0 0.04296875 0.02734375 0.0234375 0.02734375
0 0.974609375 0.0205078125 0.03515625 0.021484375
0 0.814453125 0.0224609375 0.01953125 0.029296875
0 0.6513671875 0.0126953125 0.025390625 0.013671875
0 0.58984375 0.013671875 0.02734375 0.01953125
0 0.916015625 0.0146484375 0.0234375 0.025390625
0 0.8740234375 0.015625 0.021484375 0.03125
0 0.6962890625 0.005859375 0.021484375 0.01171875
0 0.5029296875 0.0126953125 0.029296875 0.025390625
0 0.482421875 0.0029296875 0.01171875 0.005859375
0 0.193359375 0.0458984375 0.12890625 0.091796875
0 0.0478515625 0.0048828125 0.021484375 0.009765625