0 0.1572265625 0.984375 0.041015625 0.03125
0 0.3408203125 0.9775390625 0.041015625 0.044921875
0 0.068359375 0.9560546875 0.03515625 0.041015625
0 0.609375 0.9521484375 0.0390625 0.041015625
0 0.412109375 0.9462890625 0.03515625 0.029296875
0 0.4580078125 0.939453125 0.044921875 0.03125
0 0.2109375 0.919921875 0.02734375 0.03515625
0 0.341796875 0.8984375 0.0390625 0.03125
0 0.5712890625 0.8974609375 0.033203125 0.041015625
0 0.1044921875 0.8759765625 0.037109375 0.025390625
0 0.2197265625 0.8671875 0.025390625 0.02734375
0 0.1396484375 0.8330078125 0.033203125 0.029296875
0 0.55859375 0.822265625 0.02734375 0.05078125
0 0.373046875 0.8037109375 0.01171875 0.013671875
0 0.41796875 0.8046875 0.0390625 0.02734375
0 0.2490234375 0.8056640625 0.025390625 0.033203125
0 0.0390625 0.7978515625 0.03515625 0.037109375
0 0.177734375 0.7890625 0.03125 0.03125
0 0.263671875 0.7646484375 0.03125 0.025390625
0 0.076171875 0.765625 0.04296875 0.03515625
0 0.205078125 0.759765625 0.03125 0.02734375
0 0.3701171875 0.748046875 0.013671875 0.015625
0 0.421875 0.74609375 0.02734375 0.02734375
0 0.564453125 0.74609375 0.046875 0.0390625
0 0.3564453125 0.7294921875 0.013671875 0.013671875
0 0.0234375 0.712890625 0.03515625 0.03515625
0 0.27734375 0.69921875 0.03515625 0.03515625
0 0.138671875 0.6982421875 0.03125 0.033203125
0 0.0087890625 0.689453125 0.017578125 0.03125
0 0.40234375 0.685546875 0.0390625 0.02734375
0 0.5263671875 0.685546875 0.025390625 0.04296875
0 0.5205078125 0.642578125 0.029296875 0.01953125
0 0.083984375 0.6484375 0.03515625 0.03125
0 0.1220703125 0.630859375 0.021484375 0.01953125
0 0.2001953125 0.6318359375 0.037109375 0.037109375
0 0.509765625 0.61328125 0.0234375 0.03125
0 0.052734375 0.599609375 0.0390625 0.03515625
0 0.162109375 0.587890625 0.03515625 0.03515625
0 0.0087890625 0.576171875 0.017578125 0.03125
0 0.4775390625 0.56640625 0.029296875 0.02734375
0 0.283203125 0.5576171875 0.03125 0.041015625
0 0.2119140625 0.5439453125 0.033203125 0.037109375
0 0.0029296875 0.529296875 0.005859375 0.0078125
0 0.1044921875 0.53125 0.037109375 0.0390625
0 0.3505859375 0.4931640625 0.048828125 0.037109375
0 0.1748046875 0.4677734375 0.041015625 0.029296875
0 0.4873046875 0.478515625 0.103515625 0.078125
0 0.439453125 0.431640625 0.03125 0.02734375
0 0.2666015625 0.4267578125 0.021484375 0.025390625
0 0.46875 0.42578125 0.02734375 0.03125
0 0.3203125 0.4267578125 0.03125 0.033203125
0 0.4208984375 0.41796875 0.017578125 0.01953125
0 0.3603515625 0.4228515625 0.025390625 0.033203125
0 0.3125 0.396484375 0.02734375 0.01953125
0 0.58203125 0.3935546875 0.03125 0.025390625
0 0.3466796875 0.3935546875 0.021484375 0.025390625
0 0.3037109375 0.3740234375 0.025390625 0.025390625
0 0.2236328125 0.3798828125 0.041015625 0.060546875
0 0.3388671875 0.3642578125 0.041015625 0.037109375
0 0.0302734375 0.373046875 0.052734375 0.08984375
0 0.21484375 0.3408203125 0.02734375 0.029296875
0 0.33203125 0.333984375 0.02734375 0.02734375
0 0.248046875 0.333984375 0.0234375 0.02734375
0 0.2021484375 0.3173828125 0.029296875 0.021484375
0 0.240234375 0.30859375 0.03125 0.0234375
0 0.3173828125 0.2890625 0.017578125 0.01953125
0 0.1943359375 0.2880859375 0.025390625 0.017578125
0 0.23046875 0.27734375 0.02734375 0.01953125
0 0.1865234375 0.265625 0.025390625 0.0234375
0 0.2197265625 0.251953125 0.025390625 0.0234375
0 0.5546875 0.2646484375 0.0546875 0.083984375
0 0.2861328125 0.224609375 0.044921875 0.0390625
0 0.3896484375 0.251953125 0.068359375 0.12890625
0 0.2001953125 0.119140625 0.033203125 0.04296875
0 0.2607421875 0.115234375 0.052734375 0.06640625
0 0.990234375 0.0771484375 0.01953125 0.033203125
0 0.5927734375 0.0751953125 0.154296875 0.087890625
0 0.951171875 0.0234375 0.02734375 0.02734375
0 0.9765625 0.01171875 0.03125 0.0234375
0 0.40234375 0.046875 0.10546875 0.09375
0 0.12890625 0.0390625 0.2578125 0.078125