0 0.8291015625 0.9912109375 0.025390625 0.017578125
0 0.748046875 0.984375 0.03125 0.03125
0 0.892578125 0.98046875 0.015625 0.03125
0 0.9658203125 0.962890625 0.025390625 0.0234375
0 0.9365234375 0.9560546875 0.013671875 0.013671875
0 0.87890625 0.955078125 0.015625 0.01953125
0 0.8271484375 0.947265625 0.021484375 0.03125
0 0.9619140625 0.92578125 0.017578125 0.0234375
0 0.8291015625 0.8984375 0.029296875 0.01953125
0 0.947265625 0.8916015625 0.02734375 0.029296875
0 0.822265625 0.865234375 0.03125 0.01953125
0 0.7412109375 0.8681640625 0.025390625 0.037109375
0 0.865234375 0.8505859375 0.015625 0.017578125
0 0.9384765625 0.83203125 0.033203125 0.02734375
0 0.822265625 0.818359375 0.01953125 0.01953125
0 0.9033203125 0.814453125 0.013671875 0.015625
0 0.720703125 0.78515625 0.015625 0.015625
0 0.8212890625 0.779296875 0.033203125 0.01953125
0 0.744140625 0.78515625 0.0234375 0.03125
0 0.93359375 0.77734375 0.03125 0.03515625
0 0.880859375 0.767578125 0.015625 0.015625
0 0.6826171875 0.7607421875 0.041015625 0.029296875
0 0.087890625 0.8095703125 0.17578125 0.154296875
0 0.736328125 0.7294921875 0.03125 0.025390625
0 0.8642578125 0.73046875 0.041015625 0.03125
0 0.818359375 0.7177734375 0.02734375 0.021484375
0 0.986328125 0.716796875 0.02734375 0.03125
0 0.607421875 0.68359375 0.01171875 0.015625
0 0.7431640625 0.693359375 0.033203125 0.04296875
0 0.9453125 0.677734375 0.02734375 0.02734375
0 0.6845703125 0.6728515625 0.025390625 0.025390625
0 0.9052734375 0.6669921875 0.033203125 0.033203125
0 0.6611328125 0.662109375 0.025390625 0.03515625
0 0.8623046875 0.6513671875 0.025390625 0.033203125
0 0.6279296875 0.654296875 0.025390625 0.0390625
0 0.48828125 0.6396484375 0.015625 0.017578125
0 0.599609375 0.6435546875 0.02734375 0.033203125
0 0.8681640625 0.6240234375 0.017578125 0.013671875
0 0.56640625 0.6376953125 0.02734375 0.041015625
0 0.8974609375 0.62109375 0.017578125 0.01171875
0 0.5185546875 0.6279296875 0.041015625 0.041015625
0 0.373046875 0.61328125 0.01953125 0.0234375
0 0.46875 0.6123046875 0.02734375 0.033203125
0 0.82421875 0.6181640625 0.04296875 0.060546875
0 0.4111328125 0.599609375 0.029296875 0.04296875
0 0.333984375 0.583984375 0.015625 0.01953125
0 0.689453125 0.5712890625 0.015625 0.017578125
0 0.982421875 0.5791015625 0.02734375 0.037109375
0 0.3662109375 0.57421875 0.033203125 0.02734375
0 0.5947265625 0.56640625 0.029296875 0.01953125
0 0.7294921875 0.56640625 0.021484375 0.02734375
0 0.333984375 0.5595703125 0.0234375 0.021484375
0 0.6416015625 0.5595703125 0.025390625 0.025390625
0 0.8046875 0.5537109375 0.0234375 0.029296875
0 0.302734375 0.5498046875 0.03515625 0.033203125
0 0.5234375 0.5400390625 0.02734375 0.021484375
0 0.240234375 0.541015625 0.03515625 0.0546875
0 0.4306640625 0.5087890625 0.021484375 0.021484375
0 0.474609375 0.5107421875 0.01953125 0.037109375
0 0.724609375 0.505859375 0.03125 0.03125
0 0.3857421875 0.4931640625 0.021484375 0.021484375
0 0.1826171875 0.4931640625 0.025390625 0.025390625
0 0.15625 0.4736328125 0.02734375 0.025390625
0 0.12890625 0.4619140625 0.0234375 0.021484375
0 0.0634765625 0.455078125 0.017578125 0.015625
0 0.708984375 0.4560546875 0.03125 0.041015625
0 0.3740234375 0.435546875 0.029296875 0.02734375
0 0.30078125 0.4404296875 0.03125 0.041015625
0 0.9716796875 0.42578125 0.025390625 0.015625
0 0.2255859375 0.42578125 0.029296875 0.0234375
0 0.0576171875 0.4248046875 0.025390625 0.029296875
0 0.9619140625 0.3974609375 0.021484375 0.017578125
0 0.021484375 0.4033203125 0.02734375 0.033203125
0 0.6953125 0.4013671875 0.02734375 0.041015625
0 0.869140625 0.4072265625 0.05859375 0.060546875
0 0.3662109375 0.388671875 0.017578125 0.0234375
0 0.005859375 0.3837890625 0.01171875 0.021484375
0 0.9677734375 0.3701171875 0.029296875 0.017578125
0 0.2998046875 0.3681640625 0.017578125 0.021484375
0 0.1318359375 0.369140625 0.025390625 0.02734375
0 0.857421875 0.3515625 0.02734375 0.01953125
0 0.2158203125 0.3525390625 0.021484375 0.029296875
0 0.3662109375 0.3388671875 0.029296875 0.021484375
0 0.7060546875 0.3427734375 0.029296875 0.044921875
0 0.0576171875 0.3330078125 0.025390625 0.025390625
0 0.8759765625 0.314453125 0.025390625 0.01953125
0 0.2958984375 0.31640625 0.025390625 0.02734375
0 0.9501953125 0.314453125 0.029296875 0.02734375
0 0.98046875 0.3076171875 0.01171875 0.017578125
0 0.7880859375 0.3115234375 0.025390625 0.041015625
0 0.3583984375 0.30078125 0.021484375 0.02734375
0 0.138671875 0.296875 0.0390625 0.0234375
0 0.0185546875 0.2998046875 0.033203125 0.029296875
0 0.21875 0.2802734375 0.01953125 0.021484375
0 0.1484375 0.2724609375 0.02734375 0.017578125
0 0.947265625 0.2724609375 0.01953125 0.029296875
0 0.26953125 0.2724609375 0.02734375 0.033203125
0 0.7021484375 0.265625 0.017578125 0.03515625
0 0.857421875 0.255859375 0.05078125 0.0234375
0 0.38671875 0.2607421875 0.03515625 0.033203125
0 0.15625 0.24609375 0.02734375 0.01953125
0 0.7783203125 0.2470703125 0.017578125 0.029296875
0 0.4638671875 0.244140625 0.044921875 0.0234375
0 0.8076171875 0.2333984375 0.013671875 0.013671875
0 0.15625 0.2275390625 0.0234375 0.017578125
0 0.9912109375 0.2216796875 0.017578125 0.017578125
0 0.943359375 0.224609375 0.0234375 0.0234375
0 0.5576171875 0.22265625 0.021484375 0.02734375
0 0.2373046875 0.2060546875 0.021484375 0.013671875
0 0.6552734375 0.205078125 0.017578125 0.015625
0 0.0078125 0.2099609375 0.015625 0.025390625
0 0.859375 0.1962890625 0.03125 0.025390625
0 0.6884765625 0.19921875 0.029296875 0.03125
0 0.806640625 0.1845703125 0.015625 0.017578125
0 0.146484375 0.189453125 0.01953125 0.02734375
0 0.3427734375 0.1884765625 0.033203125 0.029296875
0 0.7685546875 0.1748046875 0.021484375 0.025390625
0 0.9462890625 0.169921875 0.041015625 0.02734375
0 0.822265625 0.1640625 0.01953125 0.0234375
0 0.4267578125 0.1689453125 0.033203125 0.037109375
0 0.5029296875 0.1630859375 0.033203125 0.029296875
0 0.994140625 0.1611328125 0.01171875 0.029296875
0 0.859375 0.15234375 0.02734375 0.03125
0 0.6064453125 0.1376953125 0.025390625 0.021484375
0 0.0439453125 0.1376953125 0.029296875 0.029296875
0 0.3349609375 0.1357421875 0.033203125 0.033203125
0 0.939453125 0.1298828125 0.03515625 0.025390625
0 0.21875 0.12109375 0.03125 0.01953125
0 0.1474609375 0.111328125 0.029296875 0.0234375
0 0.669921875 0.1162109375 0.0234375 0.037109375
0 0.421875 0.1064453125 0.0390625 0.021484375
0 0.7734375 0.1005859375 0.01171875 0.013671875
0 0.7529296875 0.1044921875 0.025390625 0.021484375
0 0.2041015625 0.0986328125 0.017578125 0.017578125
0 0.5244140625 0.095703125 0.017578125 0.015625
0 0.9296875 0.0908203125 0.0234375 0.021484375
0 0.5458984375 0.083984375 0.025390625 0.01953125
0 0.8037109375 0.0849609375 0.025390625 0.033203125
0 0.3330078125 0.078125 0.021484375 0.03125
0 0.8427734375 0.072265625 0.033203125 0.02734375
0 0.5869140625 0.0693359375 0.037109375 0.025390625
0 0.1318359375 0.0712890625 0.033203125 0.029296875
0 0.22265625 0.0615234375 0.0234375 0.017578125
0 0.6484375 0.0625 0.02734375 0.0234375
0 0.75 0.0625 0.0390625 0.03515625
0 0.0615234375 0.0400390625 0.033203125 0.029296875
0 0.431640625 0.0205078125 0.0390625 0.025390625
0 0.73828125 0.005859375 0.015625 0.01171875
0 0.58984375 0.001953125 0.015625 0.00390625
0 0.5361328125 0.0087890625 0.033203125 0.017578125
0 0.337890625 0.015625 0.03125 0.03125
0 0.13671875 0.0107421875 0.03125 0.021484375