0 0.626953125 0.998046875 0.00390625 0.00390625
0 0.232421875 0.9931640625 0.02734375 0.013671875
0 0.8525390625 0.9921875 0.021484375 0.015625
0 0.0048828125 0.9912109375 0.009765625 0.017578125
0 0.2626953125 0.9873046875 0.033203125 0.025390625
0 0.8798828125 0.9853515625 0.025390625 0.029296875
0 0.0595703125 0.9853515625 0.037109375 0.029296875
0 0.4384765625 0.978515625 0.025390625 0.02734375
0 0.71484375 0.98046875 0.03515625 0.0390625
0 0.2939453125 0.98046875 0.033203125 0.0390625
0 0.9111328125 0.9765625 0.033203125 0.03515625
0 0.3515625 0.9736328125 0.0390625 0.033203125
0 0.9423828125 0.9638671875 0.029296875 0.033203125
0 0.755859375 0.9638671875 0.03515625 0.041015625
0 0.4833984375 0.9541015625 0.037109375 0.033203125
0 0.04296875 0.953125 0.0390625 0.03125
0 0.7978515625 0.9462890625 0.033203125 0.033203125
0 0.5244140625 0.94140625 0.041015625 0.03515625
0 0.9716796875 0.939453125 0.033203125 0.03515625
0 0.1318359375 0.951171875 0.056640625 0.05859375
0 0.9970703125 0.9228515625 0.005859375 0.017578125
0 0.84375 0.9306640625 0.05078125 0.037109375
0 0.1767578125 0.93359375 0.033203125 0.04296875
0 0.2041015625 0.92578125 0.025390625 0.03125
0 0.0302734375 0.9189453125 0.044921875 0.041015625
0 0.5888671875 0.9130859375 0.033203125 0.033203125
0 0.4208984375 0.912109375 0.041015625 0.03515625
0 0.232421875 0.9130859375 0.02734375 0.037109375
0 0.1708984375 0.9013671875 0.017578125 0.017578125
0 0.888671875 0.90234375 0.03515625 0.0390625
0 0.2705078125 0.896484375 0.048828125 0.04296875
0 0.0205078125 0.8916015625 0.041015625 0.033203125
0 0.919921875 0.888671875 0.03125 0.03515625
0 0.49609375 0.888671875 0.0390625 0.03515625
0 0.314453125 0.88671875 0.02734375 0.03125
0 0.625 0.8779296875 0.01953125 0.017578125
0 0.7265625 0.8837890625 0.02734375 0.037109375
0 0.6494140625 0.8798828125 0.029296875 0.037109375
0 0.236328125 0.8671875 0.015625 0.015625
0 0.951171875 0.880859375 0.03125 0.046875
0 0.0869140625 0.8759765625 0.041015625 0.037109375
0 0.75390625 0.8740234375 0.03125 0.037109375
0 0.9697265625 0.8759765625 0.033203125 0.044921875
0 0.5712890625 0.869140625 0.029296875 0.03125
0 0.4013671875 0.87109375 0.033203125 0.0390625
0 0.0146484375 0.8623046875 0.029296875 0.029296875
0 0.990234375 0.8671875 0.01953125 0.046875
0 0.119140625 0.8583984375 0.0234375 0.029296875
0 0.7880859375 0.8583984375 0.025390625 0.033203125
0 0.59375 0.8486328125 0.015625 0.013671875
0 0.48828125 0.8505859375 0.03515625 0.029296875
0 0.8134765625 0.8525390625 0.029296875 0.041015625
0 0.3017578125 0.84765625 0.025390625 0.03125
0 0.150390625 0.8427734375 0.0234375 0.029296875
0 0.009765625 0.8369140625 0.01953125 0.025390625
0 0.708984375 0.8359375 0.02734375 0.02734375
0 0.7314453125 0.8310546875 0.017578125 0.021484375
0 0.3876953125 0.8369140625 0.029296875 0.033203125
0 0.8759765625 0.8359375 0.025390625 0.03515625
0 0.6396484375 0.8330078125 0.037109375 0.029296875
0 0.5615234375 0.826171875 0.033203125 0.03125
0 0.90234375 0.8271484375 0.03515625 0.037109375
0 0.1884765625 0.8271484375 0.029296875 0.037109375
0 0.0029296875 0.80859375 0.005859375 0.0078125
0 0.93359375 0.81640625 0.02734375 0.02734375
0 0.2978515625 0.8134765625 0.029296875 0.029296875
0 0.21875 0.8115234375 0.02734375 0.033203125
0 0.79296875 0.8056640625 0.0234375 0.025390625
0 0.7041015625 0.8056640625 0.041015625 0.029296875
0 0.24609375 0.806640625 0.03125 0.03125
0 0.466796875 0.8017578125 0.0234375 0.025390625
0 0.544921875 0.796875 0.0234375 0.02734375
0 0.001953125 0.783203125 0.00390625 0.00390625
0 0.859375 0.7861328125 0.0390625 0.029296875
0 0.6953125 0.78125 0.0390625 0.02734375
0 0.783203125 0.7783203125 0.0234375 0.025390625
0 0.62109375 0.779296875 0.03515625 0.02734375
0 0.384765625 0.7802734375 0.04296875 0.033203125
0 0.2861328125 0.783203125 0.041015625 0.0390625
0 0.9873046875 0.783203125 0.025390625 0.05078125
0 0.921875 0.7783203125 0.02734375 0.041015625
0 0.8408203125 0.76171875 0.029296875 0.02734375
0 0.4580078125 0.76171875 0.025390625 0.03125
0 0.61328125 0.7548828125 0.0234375 0.029296875
0 0.1669921875 0.759765625 0.033203125 0.0390625
0 0.8828125 0.74609375 0.015625 0.015625
0 0.8681640625 0.7392578125 0.009765625 0.009765625
0 0.7724609375 0.748046875 0.029296875 0.02734375
0 0.681640625 0.7509765625 0.03515625 0.033203125
0 0.1953125 0.7509765625 0.02734375 0.033203125
0 0.912109375 0.744140625 0.02734375 0.02734375
0 0.5283203125 0.744140625 0.029296875 0.0390625
0 0.22265625 0.7412109375 0.02734375 0.033203125
0 0.8564453125 0.7294921875 0.013671875 0.013671875
0 0.0986328125 0.7734375 0.103515625 0.1015625
0 0.8310546875 0.7333984375 0.029296875 0.025390625
0 0.7080078125 0.7216796875 0.017578125 0.017578125
0 0.2529296875 0.7265625 0.029296875 0.03125
0 0.7607421875 0.7197265625 0.025390625 0.025390625
0 0.90234375 0.7177734375 0.0234375 0.025390625
0 0.365234375 0.720703125 0.03125 0.03125
0 0.6728515625 0.720703125 0.037109375 0.03515625
0 0.599609375 0.716796875 0.0234375 0.02734375
0 0.2880859375 0.7158203125 0.037109375 0.033203125
0 0.984375 0.7001953125 0.015625 0.013671875
0 0.9560546875 0.703125 0.025390625 0.0234375
0 0.818359375 0.7021484375 0.02734375 0.025390625
0 0.8623046875 0.6962890625 0.017578125 0.017578125
0 0.4091796875 0.6962890625 0.025390625 0.017578125
0 0.99609375 0.6923828125 0.0078125 0.013671875
0 0.3701171875 0.689453125 0.009765625 0.01171875
0 0.8935546875 0.693359375 0.025390625 0.02734375
0 0.853515625 0.6826171875 0.0078125 0.009765625
0 0.751953125 0.69140625 0.02734375 0.02734375
0 0.6611328125 0.693359375 0.037109375 0.03515625
0 0.45703125 0.689453125 0.03515625 0.0390625
0 0.3447265625 0.6826171875 0.033203125 0.029296875
0 0.837890625 0.669921875 0.015625 0.01171875
0 0.9453125 0.6728515625 0.02734375 0.025390625
0 0.80859375 0.673828125 0.02734375 0.02734375
0 0.8837890625 0.66796875 0.025390625 0.02734375
0 0.2587890625 0.66796875 0.033203125 0.03515625
0 0.1943359375 0.669921875 0.033203125 0.0390625
0 0.3291015625 0.65625 0.017578125 0.015625
0 0.7421875 0.66015625 0.02734375 0.02734375
0 0.548828125 0.6591796875 0.0234375 0.025390625
0 0.005859375 0.6640625 0.01171875 0.03515625
0 0.021484375 0.654296875 0.02734375 0.03125
0 0.9365234375 0.646484375 0.025390625 0.0234375
0 0.796875 0.642578125 0.02734375 0.0234375
0 0.8740234375 0.640625 0.025390625 0.02734375
0 0.4580078125 0.642578125 0.021484375 0.03125
0 0.236328125 0.638671875 0.0390625 0.03125
0 0.0498046875 0.6396484375 0.025390625 0.033203125
0 0.95703125 0.6259765625 0.01171875 0.009765625
0 0.599609375 0.638671875 0.04296875 0.03515625
0 0.974609375 0.6240234375 0.01171875 0.009765625
0 0.99609375 0.6259765625 0.0078125 0.017578125
0 0.8173828125 0.623046875 0.017578125 0.015625
0 0.6455078125 0.625 0.025390625 0.02734375
0 0.9267578125 0.6220703125 0.029296875 0.025390625
0 0.33203125 0.6240234375 0.03515625 0.029296875
0 0.5390625 0.623046875 0.02734375 0.03125
0 0.6767578125 0.6171875 0.025390625 0.02734375
0 0.8642578125 0.615234375 0.025390625 0.02734375
0 0.0859375 0.6162109375 0.03515625 0.044921875
0 0.3671875 0.61328125 0.02734375 0.04296875
0 0.9912109375 0.599609375 0.017578125 0.0234375
0 0.9169921875 0.5947265625 0.029296875 0.025390625
0 0.70703125 0.599609375 0.02734375 0.03515625
0 0.4033203125 0.59375 0.029296875 0.0234375
0 0.1201171875 0.603515625 0.029296875 0.04296875
0 0.73828125 0.5947265625 0.03125 0.029296875
0 0.43359375 0.5869140625 0.02734375 0.021484375
0 0.9404296875 0.5849609375 0.017578125 0.021484375
0 0.7763671875 0.5859375 0.025390625 0.0234375
0 0.02734375 0.5859375 0.03125 0.03515625
0 0.955078125 0.5732421875 0.01171875 0.013671875
0 0.46484375 0.5859375 0.02734375 0.04296875
0 0.806640625 0.5751953125 0.0234375 0.025390625
0 0.9833984375 0.5703125 0.021484375 0.0234375
0 0.0791015625 0.5732421875 0.037109375 0.029296875
0 0.5263671875 0.5732421875 0.041015625 0.041015625
0 0.6875 0.5556640625 0.015625 0.017578125
0 0.833984375 0.5595703125 0.02734375 0.033203125
0 0.068359375 0.5498046875 0.03515625 0.025390625
0 0.8662109375 0.5498046875 0.029296875 0.037109375
0 0.57421875 0.55078125 0.03515625 0.0390625
0 0.61328125 0.5361328125 0.03125 0.025390625
0 0.890625 0.5380859375 0.02734375 0.037109375
0 0.0546875 0.5263671875 0.03125 0.025390625
0 0.9208984375 0.5283203125 0.029296875 0.037109375
0 0.646484375 0.5224609375 0.02734375 0.029296875
0 0.8564453125 0.513671875 0.017578125 0.015625
0 0.2021484375 0.52734375 0.037109375 0.046875
0 0.9501953125 0.5166015625 0.029296875 0.037109375
0 0.375 0.513671875 0.02734375 0.03125
0 0.81640625 0.505859375 0.01953125 0.01953125
0 0.68359375 0.5087890625 0.02734375 0.025390625
0 0.8857421875 0.5029296875 0.017578125 0.017578125
0 0.396484375 0.5068359375 0.0234375 0.033203125
0 0.9775390625 0.5048828125 0.029296875 0.037109375
0 0.9130859375 0.4951171875 0.021484375 0.021484375
0 0.373046875 0.4912109375 0.015625 0.013671875
0 0.9951171875 0.4951171875 0.009765625 0.025390625
0 0.4560546875 0.4921875 0.025390625 0.0234375
0 0.927734375 0.486328125 0.015625 0.015625
0 0.724609375 0.494140625 0.03515625 0.03125
0 0.0068359375 0.4921875 0.013671875 0.02734375
0 0.029296875 0.494140625 0.02734375 0.03515625
0 0.2626953125 0.498046875 0.041015625 0.05078125
0 0.951171875 0.4775390625 0.015625 0.017578125
0 0.7626953125 0.48046875 0.037109375 0.03125
0 0.3212890625 0.4833984375 0.021484375 0.037109375
0 0.06640625 0.482421875 0.03125 0.0390625
0 0.0927734375 0.47265625 0.029296875 0.03515625
0 0.8251953125 0.4677734375 0.033203125 0.033203125
0 0.1181640625 0.4619140625 0.029296875 0.037109375
0 0.3759765625 0.4521484375 0.037109375 0.025390625
0 0.14453125 0.4521484375 0.0234375 0.025390625
0 0.4951171875 0.466796875 0.056640625 0.0625
0 0.8623046875 0.4521484375 0.041015625 0.037109375
0 0.4580078125 0.4501953125 0.060546875 0.033203125
0 0.1708984375 0.4443359375 0.025390625 0.033203125
0 0.0146484375 0.4404296875 0.029296875 0.029296875
0 0.900390625 0.4443359375 0.03515625 0.044921875
0 0.1962890625 0.4345703125 0.021484375 0.025390625
0 0.5888671875 0.435546875 0.041015625 0.03515625
0 0.2236328125 0.4287109375 0.029296875 0.037109375
0 0.365234375 0.4208984375 0.03515625 0.025390625
0 0.9384765625 0.427734375 0.033203125 0.046875
0 0.4384765625 0.4208984375 0.037109375 0.033203125
0 0.046875 0.419921875 0.02734375 0.03125
0 0.552734375 0.408203125 0.01953125 0.01953125
0 0.25 0.4130859375 0.02734375 0.029296875
0 0.638671875 0.4140625 0.02734375 0.03515625
0 0.9794921875 0.416015625 0.033203125 0.046875
0 0.669921875 0.4091796875 0.03125 0.033203125
0 0.27734375 0.4052734375 0.02734375 0.029296875
0 0.095703125 0.40234375 0.02734375 0.03515625
0 0.4287109375 0.396484375 0.041015625 0.02734375
0 0.7041015625 0.3955078125 0.025390625 0.029296875
0 0.3125 0.396484375 0.05078125 0.03125
0 0.1240234375 0.392578125 0.025390625 0.03125
0 0.8076171875 0.3828125 0.017578125 0.015625
0 0.1484375 0.3828125 0.0234375 0.03125
0 0.3583984375 0.3828125 0.025390625 0.03515625
0 0.0185546875 0.396484375 0.037109375 0.06640625
0 0.1767578125 0.3759765625 0.025390625 0.029296875
0 0.0556640625 0.37109375 0.029296875 0.02734375
0 0.3935546875 0.37109375 0.025390625 0.03125
0 0.2041015625 0.3671875 0.021484375 0.02734375
0 0.8701171875 0.3662109375 0.033203125 0.029296875
0 0.83203125 0.3681640625 0.03515625 0.037109375
0 0.77734375 0.3662109375 0.03125 0.033203125
0 0.4228515625 0.3603515625 0.033203125 0.033203125
0 0.6611328125 0.35546875 0.029296875 0.02734375
0 0.228515625 0.3564453125 0.02734375 0.029296875
0 0.08203125 0.357421875 0.02734375 0.03125
0 0.4658203125 0.3505859375 0.029296875 0.029296875
0 0.2548828125 0.349609375 0.029296875 0.02734375
0 0.109375 0.3515625 0.02734375 0.03125
0 0.8583984375 0.3388671875 0.033203125 0.021484375
0 0.498046875 0.341796875 0.03125 0.03515625
0 0.134765625 0.3408203125 0.02734375 0.033203125
0 0.8095703125 0.33203125 0.029296875 0.01953125
0 0.751953125 0.3369140625 0.03125 0.029296875
0 0.291015625 0.333984375 0.04296875 0.03515625
0 0.16015625 0.330078125 0.02734375 0.03125
0 0.5419921875 0.3271484375 0.025390625 0.033203125
0 0.1884765625 0.3232421875 0.025390625 0.029296875
0 0.8447265625 0.3193359375 0.037109375 0.025390625
0 0.6455078125 0.3173828125 0.029296875 0.025390625
0 0.01953125 0.3212890625 0.0390625 0.033203125
0 0.580078125 0.314453125 0.03125 0.02734375
0 0.3388671875 0.3212890625 0.029296875 0.041015625
0 0.728515625 0.3125 0.02734375 0.02734375
0 0.21484375 0.3115234375 0.0234375 0.029296875
0 0.3701171875 0.3076171875 0.025390625 0.033203125
0 0.240234375 0.3017578125 0.02734375 0.029296875
0 0.068359375 0.302734375 0.03515625 0.03125
0 0.6083984375 0.294921875 0.021484375 0.0234375
0 0.021484375 0.294921875 0.04296875 0.03125
0 0.6279296875 0.2890625 0.021484375 0.0234375
0 0.2666015625 0.2919921875 0.025390625 0.029296875
0 0.1044921875 0.291015625 0.033203125 0.03125
0 0.7080078125 0.287109375 0.029296875 0.02734375
0 0.41015625 0.2861328125 0.0234375 0.025390625
0 0.4423828125 0.2841796875 0.029296875 0.029296875
0 0.29296875 0.287109375 0.03125 0.0390625
0 0.1416015625 0.27734375 0.033203125 0.03125
0 0.8330078125 0.28515625 0.044921875 0.05078125
0 0.322265625 0.27734375 0.03125 0.03515625
0 0.6923828125 0.2685546875 0.025390625 0.025390625
0 0.3505859375 0.26953125 0.025390625 0.03515625
0 0.173828125 0.263671875 0.02734375 0.03125
0 0.4765625 0.2685546875 0.04296875 0.044921875
0 0.3779296875 0.2587890625 0.025390625 0.037109375
0 0.2021484375 0.25390625 0.025390625 0.02734375
0 0.67578125 0.25 0.0234375 0.0234375
0 0.9853515625 0.2841796875 0.029296875 0.095703125
0 0.8212890625 0.2490234375 0.041015625 0.029296875
0 0.408203125 0.2509765625 0.03515625 0.033203125
0 0.5556640625 0.248046875 0.025390625 0.03125
0 0.2275390625 0.248046875 0.025390625 0.03125
0 0.525390625 0.25390625 0.0390625 0.046875
0 0.4365234375 0.2431640625 0.021484375 0.033203125
0 0.2548828125 0.23828125 0.025390625 0.03125
0 0.66015625 0.23046875 0.02734375 0.0234375
0 0.46484375 0.228515625 0.0234375 0.0234375
0 0.2841796875 0.2275390625 0.025390625 0.029296875
0 0.494140625 0.220703125 0.0234375 0.02734375
0 0.3076171875 0.21875 0.021484375 0.02734375
0 0.0751953125 0.236328125 0.130859375 0.0625
0 0.521484375 0.2109375 0.0234375 0.02734375
0 0.337890625 0.208984375 0.01953125 0.02734375
0 0.1474609375 0.212890625 0.029296875 0.03515625
0 0.9345703125 0.2705078125 0.111328125 0.162109375
0 0.88671875 0.201171875 0.0234375 0.0234375
0 0.548828125 0.205078125 0.02734375 0.03125
0 0.6328125 0.2021484375 0.02734375 0.029296875
0 0.3662109375 0.2001953125 0.021484375 0.025390625
0 0.6884765625 0.19921875 0.025390625 0.02734375
0 0.171875 0.2041015625 0.03125 0.037109375
0 0.3896484375 0.1923828125 0.017578125 0.025390625
0 0.1943359375 0.197265625 0.029296875 0.0390625
0 0.767578125 0.1923828125 0.0390625 0.033203125
0 0.7294921875 0.1845703125 0.017578125 0.021484375
0 0.916015625 0.1806640625 0.01953125 0.017578125
0 0.419921875 0.18359375 0.0234375 0.02734375
0 0.2158203125 0.1884765625 0.029296875 0.037109375
0 0.99609375 0.1748046875 0.0078125 0.021484375
0 0.44921875 0.17578125 0.0234375 0.02734375
0 0.240234375 0.1806640625 0.03125 0.037109375
0 0.87890625 0.1748046875 0.03125 0.033203125
0 0.802734375 0.1806640625 0.04296875 0.044921875
0 0.2626953125 0.173828125 0.029296875 0.0390625
0 0.47265625 0.1650390625 0.0234375 0.029296875
0 0.5009765625 0.1572265625 0.025390625 0.025390625
0 0.28515625 0.1650390625 0.03125 0.041015625
0 0.3095703125 0.1572265625 0.029296875 0.041015625
0 0.1025390625 0.16015625 0.048828125 0.046875
0 0.87109375 0.1494140625 0.03515625 0.029296875
0 0.6083984375 0.1474609375 0.021484375 0.029296875
0 0.5810546875 0.1455078125 0.021484375 0.025390625
0 0.5263671875 0.146484375 0.021484375 0.02734375
0 0.33203125 0.1513671875 0.03125 0.041015625
0 0.91015625 0.1494140625 0.03125 0.041015625
0 0.630859375 0.1435546875 0.01953125 0.029296875
0 0.1318359375 0.142578125 0.025390625 0.03125
0 0.35546875 0.142578125 0.02734375 0.0390625
0 0.5537109375 0.1357421875 0.021484375 0.029296875
0 0.935546875 0.1416015625 0.03125 0.044921875
0 0.154296875 0.134765625 0.02734375 0.03515625
0 0.7138671875 0.130859375 0.021484375 0.03125
0 0.3779296875 0.134765625 0.029296875 0.0390625
0 0.7958984375 0.1240234375 0.025390625 0.021484375
0 0.6845703125 0.134765625 0.025390625 0.04296875
0 0.1806640625 0.126953125 0.025390625 0.03125
0 0.400390625 0.125 0.02734375 0.0390625
0 0.9716796875 0.1181640625 0.048828125 0.029296875
0 0.2021484375 0.1201171875 0.025390625 0.037109375
0 0.423828125 0.1171875 0.02734375 0.0390625
0 0.75390625 0.1181640625 0.0390625 0.044921875
0 0.44921875 0.1103515625 0.0234375 0.033203125
0 0.47265625 0.10546875 0.0234375 0.03515625
0 0.0634765625 0.1142578125 0.052734375 0.052734375
0 0.236328125 0.10546875 0.05078125 0.046875
0 0.8876953125 0.087890625 0.017578125 0.0234375
0 0.271484375 0.091796875 0.02734375 0.0390625
0 0.1123046875 0.09375 0.037109375 0.04296875
0 0.5224609375 0.087890625 0.033203125 0.0390625
0 0.931640625 0.078125 0.01953125 0.0234375
0 0.8564453125 0.08984375 0.041015625 0.046875
0 0.294921875 0.0849609375 0.02734375 0.037109375
0 0.90234375 0.078125 0.01953125 0.02734375
0 0.328125 0.080078125 0.05078125 0.0390625
0 0.162109375 0.0791015625 0.03125 0.037109375
0 0.5576171875 0.076171875 0.033203125 0.0390625
0 0.3623046875 0.0693359375 0.025390625 0.037109375
0 0.3857421875 0.05859375 0.021484375 0.02734375
0 0.9580078125 0.060546875 0.025390625 0.03515625
0 0.1962890625 0.0673828125 0.052734375 0.048828125
0 0.228515625 0.0517578125 0.0234375 0.029296875
0 0.982421875 0.05078125 0.02734375 0.03515625
0 0.255859375 0.044921875 0.0234375 0.02734375
0 0.41015625 0.0478515625 0.02734375 0.037109375
0 0.99609375 0.0380859375 0.0078125 0.021484375
0 0.0732421875 0.044921875 0.041015625 0.0390625
0 0.4306640625 0.0400390625 0.025390625 0.033203125
0 0.455078125 0.0361328125 0.0234375 0.029296875
0 0.0107421875 0.0615234375 0.021484375 0.087890625
0 0.287109375 0.037109375 0.0390625 0.04296875
0 0.7685546875 0.0400390625 0.029296875 0.056640625
0 0.4765625 0.025390625 0.0234375 0.03125
0 0.32421875 0.0263671875 0.02734375 0.033203125
0 0.1103515625 0.029296875 0.041015625 0.04296875
0 0.6796875 0.0478515625 0.09375 0.083984375
0 0.5 0.0185546875 0.02734375 0.033203125
0 0.8271484375 0.0224609375 0.048828125 0.044921875
0 0.59765625 0.00390625 0.015625 0.0078125
0 0.5751953125 0.0068359375 0.021484375 0.013671875
0 0.5458984375 0.0107421875 0.021484375 0.021484375
0 0.5263671875 0.01171875 0.021484375 0.0234375
0 0.4375 0.001953125 0.0078125 0.00390625
0 0.380859375 0.013671875 0.0390625 0.02734375
0 0.3486328125 0.0146484375 0.025390625 0.029296875
0 0.216796875 0.0029296875 0.01171875 0.005859375
0 0.1982421875 0.0068359375 0.021484375 0.013671875
0 0.1708984375 0.009765625 0.025390625 0.01953125
0 0.146484375 0.0146484375 0.03125 0.029296875
0 0.015625 0.001953125 0.0078125 0.00390625