0 0.3896484375 0.9619140625 0.130859375 0.076171875
0 0.9462890625 0.955078125 0.072265625 0.06640625
0 0.2744140625 0.7763671875 0.037109375 0.060546875
0 0.0888671875 0.76171875 0.029296875 0.0390625
0 0.498046875 0.82421875 0.046875 0.3515625
0 0.2763671875 0.6943359375 0.177734375 0.091796875
0 0.673828125 0.7177734375 0.15625 0.361328125
0 0.8720703125 0.625 0.220703125 0.296875
0 0.728515625 0.40625 0.03125 0.04296875
0 0.6533203125 0.365234375 0.060546875 0.04296875
0 0.6279296875 0.2900390625 0.048828125 0.083984375
0 0.0126953125 0.2626953125 0.025390625 0.044921875
0 0.330078125 0.37109375 0.27734375 0.37109375
0 0.0263671875 0.177734375 0.052734375 0.05078125
0 0.8798828125 0.21875 0.216796875 0.1484375
0 0.7060546875 0.1181640625 0.052734375 0.048828125
0 0.04296875 0.1181640625 0.0859375 0.080078125
0 0.0263671875 0.0703125 0.025390625 0.01953125
0 0.0390625 0.0419921875 0.078125 0.041015625
0 0.8779296875 0.0888671875 0.142578125 0.138671875
0 0.7451171875 0.0283203125 0.052734375 0.056640625