0 0.416015625 0.99609375 0.0234375 0.0078125
0 0.8369140625 0.9921875 0.021484375 0.015625
0 0.8720703125 0.9912109375 0.025390625 0.017578125
0 0.455078125 0.9912109375 0.0234375 0.017578125
0 0.7666015625 0.990234375 0.025390625 0.01953125
0 0.119140625 0.9873046875 0.04296875 0.021484375
0 0.9111328125 0.9853515625 0.029296875 0.021484375
0 0.509765625 0.9833984375 0.0234375 0.021484375
0 0.6669921875 0.9736328125 0.013671875 0.013671875
0 0.537109375 0.9775390625 0.03125 0.021484375
0 0.205078125 0.9833984375 0.03125 0.033203125
0 0.2392578125 0.97265625 0.013671875 0.015625
0 0.265625 0.966796875 0.01953125 0.01953125
0 0.85546875 0.962890625 0.015625 0.015625
0 0.8359375 0.9609375 0.015625 0.01171875
0 0.94921875 0.9677734375 0.03125 0.029296875
0 0.693359375 0.9609375 0.015625 0.015625
0 0.5849609375 0.9638671875 0.025390625 0.021484375
0 0.6181640625 0.9580078125 0.021484375 0.021484375
0 0.29296875 0.9580078125 0.0234375 0.021484375
0 0.64453125 0.953125 0.0234375 0.01953125
0 0.3251953125 0.9541015625 0.025390625 0.029296875
0 0.673828125 0.9453125 0.0234375 0.01953125
0 0.35546875 0.947265625 0.0234375 0.02734375
0 0.3828125 0.9404296875 0.0234375 0.021484375
0 0.7138671875 0.9384765625 0.037109375 0.021484375
0 0.7666015625 0.9423828125 0.021484375 0.033203125
0 0.8310546875 0.93359375 0.029296875 0.02734375
0 0.4130859375 0.9287109375 0.029296875 0.029296875
0 0.9912109375 0.9228515625 0.017578125 0.021484375
0 0.439453125 0.9228515625 0.0234375 0.037109375
0 0.951171875 0.912109375 0.02734375 0.0234375
0 0.38671875 0.90625 0.01171875 0.015625
0 0.87109375 0.912109375 0.02734375 0.03125
0 0.9033203125 0.9033203125 0.029296875 0.021484375
0 0.533203125 0.908203125 0.02734375 0.03125
0 0.564453125 0.900390625 0.0234375 0.0234375
0 0.5009765625 0.9052734375 0.029296875 0.041015625
0 0.9736328125 0.8828125 0.017578125 0.015625
0 0.623046875 0.8876953125 0.0234375 0.025390625
0 0.2724609375 0.8857421875 0.029296875 0.021484375
0 0.212890625 0.8974609375 0.03125 0.044921875
0 0.5947265625 0.888671875 0.025390625 0.03515625
0 0.6533203125 0.8798828125 0.021484375 0.021484375
0 0.3056640625 0.8779296875 0.025390625 0.021484375
0 0.005859375 0.8779296875 0.01171875 0.025390625
0 0.3359375 0.873046875 0.0234375 0.0234375
0 0.6884765625 0.87109375 0.025390625 0.02734375
0 0.3681640625 0.8662109375 0.025390625 0.025390625
0 0.744140625 0.8583984375 0.02734375 0.025390625
0 0.427734375 0.859375 0.01953125 0.02734375
0 0.396484375 0.8564453125 0.0234375 0.021484375
0 0.5927734375 0.8447265625 0.013671875 0.017578125
0 0.9921875 0.841796875 0.015625 0.0234375
0 0.810546875 0.8447265625 0.02734375 0.029296875
0 0.4873046875 0.8408203125 0.021484375 0.029296875
0 0.1220703125 0.8876953125 0.056640625 0.130859375
0 0.5185546875 0.83203125 0.021484375 0.02734375
0 0.2109375 0.8291015625 0.03125 0.025390625
0 0.546875 0.8291015625 0.0234375 0.033203125
0 0.578125 0.81640625 0.0234375 0.01953125
0 0.857421875 0.826171875 0.03515625 0.046875
0 0.607421875 0.81640625 0.0234375 0.03125
0 0.27734375 0.8125 0.0390625 0.02734375
0 0.6435546875 0.8095703125 0.033203125 0.033203125
0 0.6875 0.796875 0.03125 0.01953125
0 0.3583984375 0.7978515625 0.021484375 0.021484375
0 0.3212890625 0.798828125 0.033203125 0.03515625
0 0.208984375 0.7939453125 0.0390625 0.025390625
0 0.9189453125 0.7880859375 0.029296875 0.025390625
0 0.404296875 0.7841796875 0.03125 0.029296875
0 0.33984375 0.77734375 0.015625 0.015625
0 0.986328125 0.7744140625 0.0234375 0.021484375
0 0.3779296875 0.771484375 0.013671875 0.015625
0 0.115234375 0.779296875 0.03125 0.03515625
0 0.4716796875 0.767578125 0.025390625 0.02734375
0 0.501953125 0.76171875 0.02734375 0.02734375
0 0.533203125 0.7568359375 0.0234375 0.021484375
0 0.2041015625 0.751953125 0.037109375 0.0234375
0 0.5703125 0.748046875 0.03515625 0.03125
0 0.609375 0.7392578125 0.02734375 0.029296875
0 0.50390625 0.732421875 0.01953125 0.015625
0 0.671875 0.73046875 0.03125 0.0234375
0 0.31640625 0.736328125 0.046875 0.03515625
0 0.634765625 0.7314453125 0.02734375 0.029296875
0 0.9189453125 0.716796875 0.021484375 0.0234375
0 0.3798828125 0.712890625 0.041015625 0.02734375
0 0.185546875 0.7041015625 0.0234375 0.029296875
0 0.458984375 0.7041015625 0.02734375 0.033203125
0 0.0888671875 0.7041015625 0.041015625 0.033203125
0 0.259765625 0.6943359375 0.02734375 0.029296875
0 0.978515625 0.6689453125 0.0234375 0.021484375
0 0.2236328125 0.662109375 0.017578125 0.01953125
0 0.177734375 0.6650390625 0.03125 0.033203125
0 0.9619140625 0.6494140625 0.017578125 0.013671875
0 0.009765625 0.662109375 0.01953125 0.04296875
0 0.25390625 0.6494140625 0.0234375 0.029296875
0 0.4013671875 0.634765625 0.033203125 0.03125
0 0.333984375 0.6357421875 0.04296875 0.048828125
0 0.158203125 0.6142578125 0.02734375 0.025390625
0 0.2041015625 0.607421875 0.025390625 0.0234375
0 0.23828125 0.59765625 0.03125 0.01953125
0 0.958984375 0.58984375 0.0234375 0.02734375
0 0.3125 0.5830078125 0.01953125 0.021484375
0 0.00390625 0.578125 0.0078125 0.01953125
0 0.048828125 0.5703125 0.02734375 0.04296875
0 0.3076171875 0.54296875 0.033203125 0.0234375
0 0.1396484375 0.541015625 0.033203125 0.0234375
0 0.1845703125 0.5341796875 0.029296875 0.021484375
0 0.224609375 0.521484375 0.0234375 0.0234375
0 0.0234375 0.5146484375 0.02734375 0.025390625
0 0.978515625 0.5185546875 0.0390625 0.041015625
0 0.2177734375 0.501953125 0.017578125 0.01953125
0 0.2939453125 0.498046875 0.021484375 0.03125
0 0.1640625 0.486328125 0.01953125 0.015625
0 0.1201171875 0.4873046875 0.025390625 0.021484375
0 0.9375 0.478515625 0.0390625 0.0390625
0 0.2109375 0.4677734375 0.02734375 0.021484375
0 0.2890625 0.4453125 0.02734375 0.0234375
0 0.107421875 0.4501953125 0.03125 0.033203125
0 0.154296875 0.4306640625 0.02734375 0.017578125
0 0.8955078125 0.43359375 0.037109375 0.0390625
0 0.009765625 0.42578125 0.01953125 0.0234375
0 0.2080078125 0.419921875 0.025390625 0.01953125
0 0.5751953125 0.4208984375 0.029296875 0.029296875
0 0.271484375 0.404296875 0.02734375 0.01953125
0 0.09765625 0.40625 0.046875 0.02734375
0 0.00390625 0.3837890625 0.0078125 0.017578125
0 0.8515625 0.3916015625 0.0390625 0.041015625
0 0.5732421875 0.375 0.025390625 0.01953125
0 0.2705078125 0.375 0.044921875 0.0234375
0 0.19921875 0.3837890625 0.03125 0.041015625
0 0.65625 0.3701171875 0.03515625 0.033203125
0 0.255859375 0.345703125 0.02734375 0.01953125
0 0.0771484375 0.34765625 0.044921875 0.03125
0 0.8076171875 0.345703125 0.041015625 0.04296875
0 0.1875 0.3349609375 0.0234375 0.021484375
0 0.64453125 0.3271484375 0.03125 0.021484375
0 0.5703125 0.3291015625 0.03515625 0.025390625
0 0.064453125 0.326171875 0.03125 0.0234375
0 0.919921875 0.333984375 0.05078125 0.046875
0 0.416015625 0.3271484375 0.04296875 0.033203125
0 0.9814453125 0.3212890625 0.037109375 0.033203125
0 0.5087890625 0.30859375 0.013671875 0.01171875
0 0.25 0.3095703125 0.03125 0.021484375
0 0.08984375 0.30078125 0.01953125 0.015625
0 0.482421875 0.2998046875 0.02734375 0.017578125
0 0.5703125 0.2958984375 0.03125 0.017578125
0 0.62890625 0.294921875 0.0234375 0.01953125
0 0.125 0.29296875 0.015625 0.015625
0 0.05078125 0.294921875 0.0234375 0.01953125
0 0.7724609375 0.294921875 0.025390625 0.02734375
0 0.41796875 0.2900390625 0.03125 0.021484375
0 0.3359375 0.2841796875 0.02734375 0.017578125
0 0.625 0.2705078125 0.015625 0.013671875
0 0.0380859375 0.2705078125 0.021484375 0.021484375
0 0.107421875 0.2685546875 0.03125 0.021484375
0 0.1845703125 0.279296875 0.021484375 0.046875
0 0.146484375 0.2685546875 0.01953125 0.025390625
0 0.0693359375 0.2685546875 0.017578125 0.029296875
0 0.361328125 0.2626953125 0.0234375 0.029296875
0 0.2861328125 0.2578125 0.025390625 0.0234375
0 0.234375 0.2578125 0.0234375 0.0234375
0 0.31640625 0.2568359375 0.0234375 0.025390625
0 0.4169921875 0.25390625 0.029296875 0.0234375
0 0.5302734375 0.248046875 0.021484375 0.03125
0 0.478515625 0.2412109375 0.02734375 0.021484375
0 0.5712890625 0.244140625 0.021484375 0.03125
0 0.6640625 0.234375 0.03125 0.01953125
0 0.6220703125 0.234375 0.017578125 0.01953125
0 0.84375 0.2353515625 0.03515625 0.033203125
0 0.7314453125 0.2255859375 0.029296875 0.033203125
0 0.0263671875 0.2138671875 0.025390625 0.017578125
0 0.7685546875 0.21484375 0.029296875 0.03515625
0 0.154296875 0.205078125 0.01953125 0.0234375
0 0.126953125 0.2060546875 0.0234375 0.025390625
0 0.0986328125 0.205078125 0.017578125 0.02734375
0 0.0703125 0.2060546875 0.0234375 0.029296875
0 0.224609375 0.2001953125 0.01953125 0.021484375
0 0.1953125 0.201171875 0.02734375 0.0234375
0 0.384765625 0.197265625 0.01953125 0.01953125
0 0.42578125 0.1953125 0.0234375 0.01953125
0 0.302734375 0.1943359375 0.01953125 0.025390625
0 0.4580078125 0.19140625 0.017578125 0.0234375
0 0.4833984375 0.1904296875 0.017578125 0.025390625
0 0.0146484375 0.1875 0.025390625 0.01953125
0 0.2744140625 0.19140625 0.025390625 0.03125
0 0.55078125 0.1796875 0.03515625 0.0234375
0 0.3330078125 0.18359375 0.021484375 0.03125
0 0.2548828125 0.171875 0.013671875 0.015625
0 0.240234375 0.171875 0.01171875 0.015625
0 0.482421875 0.1640625 0.015625 0.01171875
0 0.4453125 0.1640625 0.01171875 0.015625
0 0.291015625 0.1630859375 0.01171875 0.013671875
0 0.65625 0.1689453125 0.04296875 0.029296875
0 0.6103515625 0.1650390625 0.017578125 0.029296875
0 0.3828125 0.15625 0.015625 0.01171875
0 0.0078125 0.1572265625 0.015625 0.021484375
0 0.0693359375 0.15234375 0.037109375 0.01953125
0 0.822265625 0.1552734375 0.03515625 0.037109375
0 0.1142578125 0.1455078125 0.025390625 0.017578125
0 0.1630859375 0.140625 0.029296875 0.01953125
0 0.322265625 0.140625 0.0390625 0.02734375
0 0.392578125 0.1328125 0.0234375 0.015625
0 0.2314453125 0.1298828125 0.029296875 0.025390625
0 0.5439453125 0.1220703125 0.041015625 0.029296875
0 0.708984375 0.125 0.04296875 0.04296875
0 0.4501953125 0.107421875 0.029296875 0.01953125
0 0.3251953125 0.109375 0.025390625 0.0234375
0 0.4150390625 0.1005859375 0.033203125 0.021484375
0 0.005859375 0.08984375 0.01171875 0.01953125
0 0.0595703125 0.087890625 0.029296875 0.01953125
0 0.115234375 0.083984375 0.02734375 0.01953125
0 0.1669921875 0.080078125 0.033203125 0.01953125
0 0.5380859375 0.076171875 0.029296875 0.01953125
0 0.2490234375 0.0703125 0.021484375 0.0234375
0 0.666015625 0.0673828125 0.03125 0.025390625
0 0.3173828125 0.0751953125 0.037109375 0.044921875
0 0.783203125 0.060546875 0.03125 0.0234375
0 0.92578125 0.0615234375 0.03125 0.029296875
0 0.4599609375 0.0546875 0.033203125 0.01953125
0 0.5400390625 0.0458984375 0.017578125 0.013671875
0 0.0419921875 0.0361328125 0.025390625 0.017578125
0 0.404296875 0.0361328125 0.03515625 0.021484375
0 0.650390625 0.0361328125 0.02734375 0.025390625
0 0.5322265625 0.0283203125 0.017578125 0.017578125
0 0.1533203125 0.029296875 0.044921875 0.01953125
0 0.1015625 0.029296875 0.04296875 0.01953125
0 0.5654296875 0.0224609375 0.017578125 0.013671875
0 0.7490234375 0.0283203125 0.033203125 0.029296875
0 0.3212890625 0.0224609375 0.021484375 0.021484375
0 0.4658203125 0.021484375 0.021484375 0.0234375
0 0.2998046875 0.0107421875 0.013671875 0.009765625
0 0.8984375 0.009765625 0.02734375 0.01953125
0 0.6396484375 0.0029296875 0.013671875 0.005859375
0 0.2392578125 0.0126953125 0.029296875 0.025390625