0 0.03125 0.998046875 0.00390625 0.00390625
0 0.6982421875 0.9970703125 0.013671875 0.005859375
0 0.1298828125 0.9873046875 0.021484375 0.025390625
0 0.638671875 0.986328125 0.03125 0.02734375
0 0.0693359375 0.9833984375 0.087890625 0.033203125
0 0.6669921875 0.96484375 0.021484375 0.01953125
0 0.009765625 0.9716796875 0.01953125 0.037109375
0 0.6220703125 0.953125 0.017578125 0.0234375
0 0.134765625 0.951171875 0.0234375 0.01953125
0 0.5751953125 0.9404296875 0.025390625 0.017578125
0 0.037109375 0.92578125 0.07421875 0.046875
0 0.5107421875 0.90625 0.025390625 0.0234375
0 0.4931640625 0.890625 0.029296875 0.02734375
0 0.138671875 0.8818359375 0.0234375 0.037109375
0 0.6826171875 0.892578125 0.068359375 0.0703125
0 0.458984375 0.8681640625 0.03515625 0.025390625
0 0.1171875 0.869140625 0.01953125 0.02734375
0 0.5166015625 0.861328125 0.025390625 0.015625
0 0.0859375 0.86328125 0.0234375 0.02734375
0 0.2333984375 0.853515625 0.017578125 0.015625
0 0.8427734375 0.875 0.068359375 0.06640625
0 0.0595703125 0.8564453125 0.021484375 0.029296875
0 0.0341796875 0.8515625 0.021484375 0.03125
0 0.515625 0.8408203125 0.02734375 0.021484375
0 0.0087890625 0.8427734375 0.017578125 0.029296875
0 0.4267578125 0.84375 0.029296875 0.03515625
0 0.9560546875 0.9111328125 0.087890625 0.177734375
0 0.26953125 0.83984375 0.05078125 0.046875
0 0.173828125 0.826171875 0.02734375 0.0234375
0 0.513671875 0.814453125 0.03515625 0.01953125
0 0.3818359375 0.814453125 0.041015625 0.01953125
0 0.1474609375 0.814453125 0.025390625 0.0234375
0 0.4619140625 0.8017578125 0.013671875 0.017578125
0 0.119140625 0.8046875 0.0234375 0.0234375
0 0.4228515625 0.796875 0.017578125 0.015625
0 0.4833984375 0.79296875 0.017578125 0.01171875
0 0.21484375 0.8037109375 0.03125 0.033203125
0 0.51953125 0.7890625 0.02734375 0.01953125
0 0.087890625 0.79296875 0.02734375 0.02734375
0 0.0576171875 0.7880859375 0.021484375 0.021484375
0 0.1884765625 0.7890625 0.033203125 0.0390625
0 0.591796875 0.7744140625 0.02734375 0.021484375
0 0.3896484375 0.7744140625 0.044921875 0.025390625
0 0.1689453125 0.76953125 0.029296875 0.02734375
0 0.5224609375 0.7626953125 0.021484375 0.017578125
0 0.03125 0.7568359375 0.015625 0.017578125
0 0.7509765625 0.7783203125 0.072265625 0.072265625
0 0.0107421875 0.7578125 0.021484375 0.03125
0 0.140625 0.7578125 0.03125 0.0390625
0 0.5966796875 0.74609375 0.029296875 0.0234375
0 0.462890625 0.7373046875 0.01171875 0.017578125
0 0.2861328125 0.748046875 0.029296875 0.0390625
0 0.42578125 0.7314453125 0.015625 0.017578125
0 0.51953125 0.7294921875 0.02734375 0.021484375
0 0.388671875 0.7216796875 0.02734375 0.017578125
0 0.0927734375 0.7294921875 0.041015625 0.037109375
0 0.013671875 0.7138671875 0.02734375 0.021484375
0 0.482421875 0.70703125 0.01171875 0.015625
0 0.6044921875 0.7021484375 0.037109375 0.021484375
0 0.056640625 0.708984375 0.03515625 0.03515625
0 0.5244140625 0.7001953125 0.029296875 0.025390625
0 0.2197265625 0.7109375 0.041015625 0.046875
0 0.2880859375 0.69921875 0.037109375 0.02734375
0 0.203125 0.6943359375 0.01953125 0.017578125
0 0.2607421875 0.6796875 0.017578125 0.015625
0 0.4990234375 0.67578125 0.017578125 0.015625
0 0.1787109375 0.6845703125 0.033203125 0.033203125
0 0.9931640625 0.720703125 0.013671875 0.11328125
0 0.0224609375 0.6806640625 0.033203125 0.033203125
0 0.3994140625 0.6669921875 0.041015625 0.025390625
0 0.607421875 0.662109375 0.03515625 0.0234375
0 0.5341796875 0.6640625 0.029296875 0.02734375
0 0.1708984375 0.658203125 0.017578125 0.01953125
0 0.29296875 0.650390625 0.03515625 0.0234375
0 0.529296875 0.6376953125 0.03515625 0.017578125
0 0.1103515625 0.64453125 0.029296875 0.03125
0 0.2568359375 0.6337890625 0.017578125 0.013671875
0 0.609375 0.6279296875 0.03515625 0.021484375
0 0.1865234375 0.62890625 0.037109375 0.02734375
0 0.0869140625 0.6279296875 0.029296875 0.033203125
0 0.9599609375 0.623046875 0.033203125 0.02734375
0 0.3984375 0.62109375 0.01953125 0.03125
0 0.212890625 0.6103515625 0.01953125 0.017578125
0 0.8671875 0.6083984375 0.03125 0.017578125
0 0.53515625 0.611328125 0.03515625 0.02734375
0 0.0595703125 0.609375 0.025390625 0.02734375
0 0.2978515625 0.6064453125 0.037109375 0.029296875
0 0.9033203125 0.595703125 0.021484375 0.02734375
0 0.275390625 0.58203125 0.015625 0.015625
0 0.4921875 0.58203125 0.01953125 0.01953125
0 0.189453125 0.58984375 0.03515625 0.03515625
0 0.0869140625 0.5859375 0.029296875 0.03125
0 0.5390625 0.5810546875 0.03515625 0.025390625
0 0.9697265625 0.5693359375 0.033203125 0.021484375
0 0.24609375 0.5654296875 0.02734375 0.017578125
0 0.115234375 0.5712890625 0.03515625 0.033203125
0 0.056640625 0.5576171875 0.02734375 0.017578125
0 0.6591796875 0.5703125 0.107421875 0.05078125
0 0.5400390625 0.552734375 0.033203125 0.0234375
0 0.306640625 0.5556640625 0.03125 0.029296875
0 0.19140625 0.5537109375 0.02734375 0.025390625
0 0.970703125 0.544921875 0.02734375 0.01953125
0 0.4130859375 0.546875 0.025390625 0.0234375
0 0.4453125 0.5361328125 0.015625 0.013671875
0 0.291015625 0.53515625 0.015625 0.01171875
0 0.125 0.537109375 0.0234375 0.02734375
0 0.1962890625 0.5263671875 0.033203125 0.021484375
0 0.5478515625 0.5234375 0.021484375 0.01953125
0 0.921875 0.5224609375 0.0234375 0.025390625
0 0.064453125 0.5234375 0.02734375 0.03125
0 0.9794921875 0.517578125 0.033203125 0.0234375
0 0.486328125 0.51171875 0.01171875 0.015625
0 0.4140625 0.5107421875 0.0234375 0.033203125
0 0.2216796875 0.5029296875 0.017578125 0.017578125
0 0.6298828125 0.50390625 0.033203125 0.0234375
0 0.51953125 0.498046875 0.015625 0.015625
0 0.8857421875 0.4951171875 0.017578125 0.017578125
0 0.32421875 0.49609375 0.0390625 0.0234375
0 0.07421875 0.49609375 0.03515625 0.02734375
0 0.662109375 0.4853515625 0.015625 0.013671875
0 0.55078125 0.490234375 0.01953125 0.0234375
0 0.6787109375 0.4814453125 0.013671875 0.017578125
0 0.005859375 0.482421875 0.01171875 0.0234375
0 0.1923828125 0.482421875 0.029296875 0.03125
0 0.9921875 0.48046875 0.015625 0.03125
0 0.6328125 0.474609375 0.0390625 0.02734375
0 0.4248046875 0.4716796875 0.029296875 0.021484375
0 0.7119140625 0.4658203125 0.013671875 0.013671875
0 0.12890625 0.478515625 0.03515625 0.0390625
0 0.0810546875 0.46875 0.037109375 0.0234375
0 0.498046875 0.47265625 0.0234375 0.03515625
0 0.8203125 0.4619140625 0.01953125 0.017578125
0 0.5517578125 0.4580078125 0.021484375 0.021484375
0 0.212890625 0.455078125 0.0390625 0.0234375
0 0.9248046875 0.462890625 0.041015625 0.046875
0 0.3291015625 0.4521484375 0.029296875 0.025390625
0 0.2548828125 0.443359375 0.017578125 0.015625
0 0.009765625 0.4482421875 0.01953125 0.033203125
0 0.646484375 0.4423828125 0.0234375 0.025390625
0 0.2783203125 0.4375 0.017578125 0.015625
0 0.8828125 0.4423828125 0.0234375 0.029296875
0 0.6796875 0.4365234375 0.0234375 0.029296875
0 0.0908203125 0.4326171875 0.041015625 0.021484375
0 0.708984375 0.4287109375 0.0234375 0.033203125
0 0.7431640625 0.423828125 0.025390625 0.03515625
0 0.2255859375 0.416015625 0.029296875 0.0234375
0 0.8388671875 0.41796875 0.029296875 0.03515625
0 0.4296875 0.412109375 0.03125 0.02734375
0 0.7802734375 0.443359375 0.033203125 0.09375
0 0.0166015625 0.408203125 0.033203125 0.02734375
0 0.8125 0.41015625 0.02734375 0.03515625
0 0.3291015625 0.404296875 0.037109375 0.02734375
0 0.501953125 0.4052734375 0.02734375 0.033203125
0 0.2666015625 0.396484375 0.013671875 0.015625
0 0.1005859375 0.3984375 0.025390625 0.01953125
0 0.28515625 0.38671875 0.015625 0.015625
0 0.0234375 0.3857421875 0.0234375 0.017578125
0 0.2421875 0.3837890625 0.02734375 0.017578125
0 0.427734375 0.3779296875 0.03515625 0.013671875
0 0.5634765625 0.388671875 0.029296875 0.0390625
0 0.3095703125 0.3759765625 0.017578125 0.013671875
0 0.1630859375 0.37890625 0.037109375 0.02734375
0 0.3515625 0.373046875 0.02734375 0.0234375
0 0.6123046875 0.375 0.021484375 0.03515625
0 0.9794921875 0.3701171875 0.033203125 0.041015625
0 0.0263671875 0.357421875 0.029296875 0.0234375
0 0.111328125 0.3544921875 0.0390625 0.021484375
0 0.703125 0.361328125 0.046875 0.0390625
0 0.2490234375 0.35546875 0.025390625 0.02734375
0 0.54296875 0.3505859375 0.01953125 0.021484375
0 0.9638671875 0.3388671875 0.017578125 0.017578125
0 0.9345703125 0.3505859375 0.029296875 0.041015625
0 0.654296875 0.3505859375 0.03125 0.041015625
0 0.3525390625 0.341796875 0.029296875 0.0234375
0 0.18359375 0.341796875 0.03125 0.03515625
0 0.4267578125 0.3349609375 0.037109375 0.025390625
0 0.62109375 0.337890625 0.03125 0.0390625
0 0.515625 0.3505859375 0.07421875 0.072265625
0 0.8623046875 0.33203125 0.025390625 0.0390625
0 0.03125 0.3251953125 0.03515625 0.025390625
0 0.8349609375 0.326171875 0.025390625 0.03125
0 0.296875 0.333984375 0.03515625 0.046875
0 0.58984375 0.3271484375 0.03125 0.041015625
0 0.123046875 0.3193359375 0.046875 0.025390625
0 0.2705078125 0.3173828125 0.033203125 0.037109375
0 0.5517578125 0.3125 0.029296875 0.03125
0 0.9521484375 0.3017578125 0.025390625 0.021484375
0 0.0068359375 0.2998046875 0.013671875 0.017578125
0 0.51953125 0.2919921875 0.01953125 0.025390625
0 0.873046875 0.2900390625 0.03125 0.025390625
0 0.2197265625 0.29296875 0.017578125 0.03125
0 0.046875 0.287109375 0.0234375 0.02734375
0 0.1220703125 0.28515625 0.029296875 0.03125
0 0.1953125 0.283203125 0.0234375 0.03125
0 0.9580078125 0.27734375 0.033203125 0.0234375
0 0.728515625 0.2841796875 0.03515625 0.037109375
0 0.6962890625 0.2783203125 0.025390625 0.025390625
0 0.48828125 0.28125 0.02734375 0.03515625
0 0.1748046875 0.275390625 0.021484375 0.03125
0 0.88671875 0.263671875 0.0234375 0.0234375
0 0.4580078125 0.2607421875 0.021484375 0.025390625
0 0.83984375 0.2529296875 0.01953125 0.021484375
0 0.1513671875 0.2568359375 0.025390625 0.029296875
0 0.9619140625 0.2509765625 0.021484375 0.025390625
0 0.427734375 0.2509765625 0.03125 0.029296875
0 0.6728515625 0.2529296875 0.025390625 0.037109375
0 0.73828125 0.2421875 0.05078125 0.02734375
0 0.234375 0.244140625 0.0234375 0.03125
0 0.6259765625 0.2451171875 0.072265625 0.052734375
0 0.3193359375 0.251953125 0.048828125 0.06640625
0 0.208984375 0.2333984375 0.0234375 0.029296875
0 0.89453125 0.2333984375 0.03515625 0.037109375
0 0.1875 0.2255859375 0.0234375 0.029296875
0 0.9755859375 0.2216796875 0.033203125 0.025390625
0 0.7294921875 0.21484375 0.017578125 0.015625
0 0.1640625 0.2177734375 0.0234375 0.021484375
0 0.82421875 0.2158203125 0.04296875 0.025390625
0 0.7587890625 0.2109375 0.033203125 0.0234375
0 0.044921875 0.2275390625 0.046875 0.068359375
0 0.525390625 0.2119140625 0.0546875 0.041015625
0 0.138671875 0.2060546875 0.03515625 0.029296875
0 0.259765625 0.197265625 0.0234375 0.02734375
0 0.62890625 0.1982421875 0.046875 0.033203125
0 0.9814453125 0.189453125 0.029296875 0.0234375
0 0.90625 0.193359375 0.03515625 0.03125
0 0.6640625 0.185546875 0.03515625 0.01953125
0 0.8671875 0.181640625 0.01953125 0.01953125
0 0.76953125 0.1845703125 0.03515625 0.025390625
0 0.1982421875 0.1875 0.025390625 0.03125
0 0.2255859375 0.1943359375 0.025390625 0.048828125
0 0.833984375 0.1826171875 0.03515625 0.041015625
0 0.068359375 0.17578125 0.0390625 0.03125
0 0.4833984375 0.1689453125 0.017578125 0.021484375
0 0.44921875 0.181640625 0.03515625 0.05078125
0 0.76953125 0.1591796875 0.015625 0.017578125
0 0.1748046875 0.171875 0.037109375 0.046875
0 0.9873046875 0.158203125 0.025390625 0.0234375
0 0.1474609375 0.166015625 0.025390625 0.0390625
0 0.921875 0.1513671875 0.03515625 0.025390625
0 0.64453125 0.154296875 0.0390625 0.03125
0 0.8427734375 0.14453125 0.029296875 0.0234375
0 0.7001953125 0.14453125 0.021484375 0.03515625
0 0.5654296875 0.1416015625 0.029296875 0.029296875
0 0.87890625 0.142578125 0.01953125 0.03515625
0 0.9912109375 0.1318359375 0.017578125 0.021484375
0 0.748046875 0.138671875 0.0234375 0.03515625
0 0.49609375 0.1298828125 0.04296875 0.021484375
0 0.9365234375 0.1259765625 0.025390625 0.021484375
0 0.798828125 0.1259765625 0.01953125 0.021484375
0 0.4462890625 0.123046875 0.025390625 0.0234375
0 0.998046875 0.109375 0.00390625 0.01171875
0 0.04296875 0.1259765625 0.07421875 0.044921875
0 0.8603515625 0.109375 0.037109375 0.02734375
0 0.8994140625 0.1064453125 0.021484375 0.029296875
0 0.9453125 0.1005859375 0.0234375 0.025390625
0 0.287109375 0.0869140625 0.02734375 0.041015625
0 0.6044921875 0.076171875 0.029296875 0.02734375
0 0.2568359375 0.076171875 0.029296875 0.0390625
0 0.7041015625 0.0634765625 0.021484375 0.025390625
0 0.564453125 0.0654296875 0.02734375 0.029296875
0 0.4921875 0.0576171875 0.0234375 0.017578125
0 0.5302734375 0.0595703125 0.021484375 0.025390625
0 0.671875 0.060546875 0.02734375 0.03125
0 0.44921875 0.0556640625 0.03515625 0.025390625
0 0.28515625 0.1025390625 0.2265625 0.119140625
0 0.828125 0.052734375 0.01953125 0.0234375
0 0.763671875 0.0576171875 0.0234375 0.033203125
0 0.59375 0.05078125 0.0234375 0.01953125
0 0.7900390625 0.0517578125 0.021484375 0.029296875
0 0.9541015625 0.04296875 0.025390625 0.01953125
0 0.8662109375 0.0458984375 0.021484375 0.029296875
0 0.0966796875 0.0625 0.095703125 0.06640625
0 0.138671875 0.037109375 0.0390625 0.03125
0 0.376953125 0.0322265625 0.02734375 0.025390625
0 0.6064453125 0.03125 0.033203125 0.02734375
0 0.904296875 0.037109375 0.01953125 0.04296875
0 0.3369140625 0.02734375 0.029296875 0.02734375
0 0.884765625 0.0205078125 0.01171875 0.017578125
0 0.5107421875 0.01953125 0.017578125 0.015625
0 0.955078125 0.013671875 0.0234375 0.01953125
0 0.302734375 0.0166015625 0.0234375 0.029296875
0 0.84765625 0.0048828125 0.01171875 0.009765625
0 0.771484375 0.009765625 0.02734375 0.01953125
0 0.681640625 0.005859375 0.01953125 0.01171875
0 0.4423828125 0.009765625 0.025390625 0.01953125
0 0.373046875 0.0029296875 0.02734375 0.005859375
0 0.2666015625 0.0087890625 0.025390625 0.017578125
0 0.234375 0.0048828125 0.01171875 0.009765625
0 0.1455078125 0.01171875 0.044921875 0.0234375
0 0.0048828125 0.0146484375 0.009765625 0.029296875