0 0.9697265625 0.99609375 0.009765625 0.0078125
0 0.3876953125 0.99609375 0.013671875 0.0078125
0 0.998046875 0.9775390625 0.00390625 0.005859375
0 0.197265625 0.984375 0.109375 0.03125
0 0.8125 0.96875 0.02734375 0.03125
0 0.7412109375 0.955078125 0.044921875 0.03125
0 0.365234375 0.953125 0.02734375 0.0390625
0 0.4150390625 0.9521484375 0.025390625 0.044921875
0 0.69921875 0.931640625 0.02734375 0.01953125
0 0.8583984375 0.91796875 0.025390625 0.02734375
0 0.0615234375 0.9423828125 0.080078125 0.091796875
0 0.7705078125 0.9140625 0.044921875 0.04296875
0 0.431640625 0.8994140625 0.09765625 0.048828125
0 0.896484375 0.8857421875 0.0234375 0.025390625
0 0.16796875 0.919921875 0.1171875 0.1015625
0 0.9169921875 0.865234375 0.029296875 0.02734375
0 0.9404296875 0.8525390625 0.021484375 0.025390625
0 0.712890625 0.8623046875 0.0625 0.060546875
0 0.82421875 0.8427734375 0.03515625 0.033203125
0 0.2275390625 0.83984375 0.064453125 0.0625
0 0.857421875 0.814453125 0.0390625 0.03515625
0 0.974609375 0.8115234375 0.046875 0.048828125
0 0.8779296875 0.7890625 0.029296875 0.03125
0 0.796875 0.7783203125 0.02734375 0.029296875
0 0.9013671875 0.7607421875 0.025390625 0.025390625
0 0.4013671875 0.8232421875 0.177734375 0.150390625
0 0.8203125 0.7568359375 0.0234375 0.025390625
0 0.6923828125 0.7578125 0.025390625 0.02734375
0 0.103515625 0.75390625 0.03125 0.0234375
0 0.1572265625 0.75390625 0.033203125 0.03515625
0 0.6103515625 0.8134765625 0.099609375 0.162109375
0 0.05859375 0.810546875 0.1171875 0.15625
0 0.7294921875 0.740234375 0.025390625 0.02734375
0 0.9482421875 0.7392578125 0.021484375 0.033203125
0 0.6640625 0.7373046875 0.03125 0.033203125
0 0.9873046875 0.728515625 0.021484375 0.03125
0 0.8408203125 0.728515625 0.037109375 0.03515625
0 0.869140625 0.705078125 0.03125 0.03515625
0 0.3291015625 0.7060546875 0.025390625 0.044921875
0 0.48046875 0.6953125 0.0234375 0.03125
0 0.177734375 0.6923828125 0.0546875 0.037109375
0 0.419921875 0.6953125 0.046875 0.046875
0 0.693359375 0.68359375 0.02734375 0.02734375
0 0.900390625 0.6845703125 0.02734375 0.033203125
0 0.9248046875 0.6767578125 0.021484375 0.025390625
0 0.802734375 0.6748046875 0.02734375 0.029296875
0 0.0107421875 0.6865234375 0.021484375 0.052734375
0 0.9599609375 0.66796875 0.017578125 0.0234375
0 0.7236328125 0.6728515625 0.029296875 0.037109375
0 0.5439453125 0.671875 0.048828125 0.0390625
0 0.7646484375 0.671875 0.037109375 0.046875
0 0.98046875 0.6572265625 0.01953125 0.029296875
0 0.7861328125 0.646484375 0.025390625 0.02734375
0 0.634765625 0.6435546875 0.02734375 0.021484375
0 0.6689453125 0.630859375 0.025390625 0.01953125
0 0.814453125 0.6337890625 0.0234375 0.029296875
0 0.0947265625 0.6474609375 0.056640625 0.060546875
0 0.841796875 0.625 0.02734375 0.02734375
0 0.25 0.666015625 0.09375 0.12890625
0 0.9853515625 0.611328125 0.029296875 0.02734375
0 0.884765625 0.599609375 0.0234375 0.03515625
0 0.7333984375 0.5908203125 0.044921875 0.033203125
0 0.0615234375 0.591796875 0.056640625 0.03515625
0 0.9140625 0.58203125 0.02734375 0.03515625
0 0.6875 0.58203125 0.05078125 0.0703125
0 0.9423828125 0.5556640625 0.021484375 0.021484375
0 0.2041015625 0.556640625 0.021484375 0.0234375
0 0.228515625 0.546875 0.015625 0.0234375
0 0.046875 0.5576171875 0.05078125 0.044921875
0 0.400390625 0.5908203125 0.12109375 0.126953125
0 0.271484375 0.560546875 0.078125 0.06640625
0 0.8193359375 0.53515625 0.025390625 0.03125
0 0.990234375 0.5322265625 0.01953125 0.029296875
0 0.029296875 0.5283203125 0.03515625 0.025390625
0 0.87890625 0.5078125 0.0234375 0.03515625
0 0.0166015625 0.474609375 0.033203125 0.03125
0 0.833984375 0.4638671875 0.01953125 0.013671875
0 0.37109375 0.4912109375 0.0390625 0.068359375
0 0.0927734375 0.4580078125 0.025390625 0.029296875
0 0.8046875 0.447265625 0.015625 0.015625
0 0.126953125 0.4541015625 0.03125 0.037109375
0 0.9482421875 0.4501953125 0.025390625 0.033203125
0 0.8681640625 0.4443359375 0.033203125 0.025390625
0 0.1572265625 0.4423828125 0.021484375 0.025390625
0 0.2294921875 0.47265625 0.064453125 0.09765625
0 0.6337890625 0.4765625 0.126953125 0.1328125
0 0.3955078125 0.4248046875 0.033203125 0.037109375
0 0.9833984375 0.4267578125 0.029296875 0.044921875
0 0.310546875 0.458984375 0.05859375 0.11328125
0 0.9970703125 0.404296875 0.005859375 0.01171875
0 0.85546875 0.4091796875 0.03125 0.025390625
0 0.7958984375 0.390625 0.013671875 0.015625
0 0.9326171875 0.390625 0.041015625 0.03125
0 0.537109375 0.3837890625 0.0234375 0.025390625
0 0.08984375 0.3828125 0.01953125 0.0234375
0 0.83984375 0.3759765625 0.03515625 0.025390625
0 0.0986328125 0.35546875 0.017578125 0.0234375
0 0.908203125 0.349609375 0.02734375 0.0234375
0 0.55859375 0.3544921875 0.02734375 0.033203125
0 0.8251953125 0.3427734375 0.033203125 0.025390625
0 0.193359375 0.3623046875 0.08984375 0.068359375
0 0.5849609375 0.34375 0.029296875 0.03515625
0 0.61328125 0.3349609375 0.02734375 0.037109375
0 0.10546875 0.3251953125 0.01953125 0.025390625
0 0.638671875 0.32421875 0.02734375 0.03515625
0 0.892578125 0.310546875 0.02734375 0.0234375
0 0.81640625 0.310546875 0.0234375 0.0234375
0 0.6650390625 0.314453125 0.029296875 0.03515625
0 0.6962890625 0.298828125 0.029296875 0.0234375
0 0.1064453125 0.2939453125 0.025390625 0.021484375
0 0.73046875 0.2861328125 0.02734375 0.025390625
0 0.8037109375 0.283203125 0.033203125 0.02734375
0 0.5546875 0.2822265625 0.01953125 0.029296875
0 0.8779296875 0.27734375 0.025390625 0.0234375
0 0.580078125 0.2744140625 0.03125 0.029296875
0 0.62109375 0.2607421875 0.0390625 0.029296875
0 0.03125 0.28125 0.046875 0.0703125
0 0.7958984375 0.2568359375 0.033203125 0.029296875
0 0.8662109375 0.240234375 0.033203125 0.03125
0 0.6533203125 0.2412109375 0.017578125 0.033203125
0 0.1103515625 0.248046875 0.029296875 0.046875
0 0.462890625 0.26953125 0.11328125 0.09375
0 0.326171875 0.2431640625 0.05859375 0.044921875
0 0.279296875 0.2294921875 0.03125 0.021484375
0 0.6943359375 0.23046875 0.021484375 0.03125
0 0.9189453125 0.2216796875 0.029296875 0.029296875
0 0.021484375 0.212890625 0.02734375 0.0234375
0 0.955078125 0.2080078125 0.02734375 0.029296875
0 0.7470703125 0.20703125 0.021484375 0.03515625
0 0.779296875 0.1943359375 0.01953125 0.029296875
0 0.9931640625 0.189453125 0.013671875 0.02734375
0 0.8095703125 0.1787109375 0.021484375 0.033203125
0 0.576171875 0.208984375 0.17578125 0.09765625
0 0.03125 0.171875 0.03515625 0.0234375
0 0.228515625 0.1669921875 0.0234375 0.025390625
0 0.84375 0.1640625 0.0234375 0.03515625
0 0.505859375 0.173828125 0.078125 0.0546875
0 0.87890625 0.150390625 0.01953125 0.03515625
0 0.255859375 0.1435546875 0.01953125 0.025390625
0 0.0380859375 0.1416015625 0.025390625 0.021484375
0 0.109375 0.1298828125 0.0234375 0.017578125
0 0.9150390625 0.13671875 0.021484375 0.03515625
0 0.947265625 0.1240234375 0.01953125 0.033203125
0 0.32421875 0.134765625 0.09765625 0.05859375
0 0.0439453125 0.1123046875 0.029296875 0.025390625
0 0.1435546875 0.103515625 0.021484375 0.015625
0 0.9931640625 0.10546875 0.013671875 0.03515625
0 0.1494140625 0.0791015625 0.021484375 0.017578125
0 0.3779296875 0.0810546875 0.041015625 0.025390625
0 0.2109375 0.0546875 0.01953125 0.015625
0 0.150390625 0.052734375 0.03515625 0.01953125
0 0.39453125 0.0380859375 0.015625 0.025390625
0 0.060546875 0.033203125 0.03125 0.01953125
0 0.3662109375 0.029296875 0.025390625 0.01953125
0 0.32421875 0.03515625 0.0234375 0.0390625
0 0.298828125 0.0302734375 0.0234375 0.037109375
0 0.2734375 0.0244140625 0.0234375 0.037109375
0 0.248046875 0.0185546875 0.0234375 0.037109375
0 0.2177734375 0.015625 0.021484375 0.03125
0 0.1669921875 0.013671875 0.017578125 0.02734375
0 0.138671875 0.013671875 0.015625 0.02734375
0 0.111328125 0.0126953125 0.01953125 0.025390625
0 0.064453125 0.009765625 0.04296875 0.01953125