0 0.396484375 0.9970703125 0.01953125 0.005859375
0 0.3408203125 0.9892578125 0.041015625 0.021484375
0 0.2412109375 0.9873046875 0.025390625 0.025390625
0 0.3046875 0.9736328125 0.015625 0.017578125
0 0.021484375 0.9423828125 0.01953125 0.033203125
0 0.0771484375 0.947265625 0.087890625 0.10546875
0 0.9921875 0.79296875 0.015625 0.015625
0 0.9970703125 0.7587890625 0.005859375 0.029296875
0 0.9736328125 0.7041015625 0.052734375 0.037109375
0 0.923828125 0.6875 0.046875 0.0546875
0 0.99609375 0.6455078125 0.0078125 0.025390625
0 0.8828125 0.6455078125 0.04296875 0.033203125
0 0.955078125 0.6220703125 0.03515625 0.033203125
0 0.9921875 0.611328125 0.015625 0.0234375
0 0.8759765625 0.60546875 0.021484375 0.01953125
0 0.8515625 0.5966796875 0.015625 0.017578125
0 0.974609375 0.591796875 0.015625 0.01953125
0 0.94921875 0.572265625 0.02734375 0.01953125
0 0.875 0.5712890625 0.03515625 0.029296875
0 0.9912109375 0.5595703125 0.013671875 0.013671875
0 0.94921875 0.54296875 0.03125 0.01953125
0 0.951171875 0.513671875 0.02734375 0.01953125
0 0.9560546875 0.47265625 0.029296875 0.04296875
0 0.9638671875 0.39453125 0.029296875 0.02734375
0 0.9658203125 0.365234375 0.033203125 0.02734375
0 0.9677734375 0.333984375 0.029296875 0.02734375
0 0.9970703125 0.3173828125 0.005859375 0.017578125
0 0.9697265625 0.3037109375 0.041015625 0.025390625
0 0.9697265625 0.125 0.041015625 0.03125
0 0.8740234375 0.1298828125 0.044921875 0.041015625
0 0.7255859375 0.046875 0.025390625 0.0234375
0 0.955078125 0.0166015625 0.08984375 0.033203125
0 0.6982421875 0.0166015625 0.041015625 0.033203125
0 0.642578125 0.001953125 0.0078125 0.00390625
0 0.12890625 0.0029296875 0.01953125 0.005859375
0 0.0859375 0.005859375 0.04296875 0.01171875
0 0.087890625 0.0439453125 0.17578125 0.087890625