0 0.2216796875 0.99609375 0.017578125 0.0078125
0 0.16796875 0.9951171875 0.015625 0.009765625
0 0.140625 0.9951171875 0.015625 0.009765625
0 0.1142578125 0.9951171875 0.017578125 0.009765625
0 0.060546875 0.994140625 0.03125 0.01171875
0 0.0048828125 0.98828125 0.009765625 0.0234375
0 0.35546875 0.9814453125 0.015625 0.029296875
0 0.3994140625 0.974609375 0.044921875 0.0234375
0 0.328125 0.96875 0.0234375 0.03125
0 0.3037109375 0.962890625 0.021484375 0.03125
0 0.2783203125 0.9599609375 0.021484375 0.033203125
0 0.162109375 0.947265625 0.01953125 0.01171875
0 0.1328125 0.9482421875 0.01953125 0.013671875
0 0.083984375 0.9462890625 0.0390625 0.013671875
0 0.25390625 0.9541015625 0.0234375 0.033203125
0 0.40234375 0.9462890625 0.0390625 0.021484375
0 0.189453125 0.9443359375 0.015625 0.021484375
0 0.2294921875 0.9482421875 0.021484375 0.033203125
0 0.0078125 0.9345703125 0.015625 0.021484375
0 0.083984375 0.9208984375 0.03125 0.021484375
0 0.4091796875 0.91796875 0.037109375 0.01953125
0 0.0068359375 0.89453125 0.013671875 0.015625
0 0.12890625 0.8896484375 0.01953125 0.017578125
0 0.4072265625 0.8896484375 0.037109375 0.021484375
0 0.1591796875 0.89453125 0.021484375 0.03515625
0 0.095703125 0.87890625 0.03515625 0.01953125
0 0.203125 0.87890625 0.03125 0.02734375
0 0.23828125 0.87109375 0.01953125 0.03125
0 0.412109375 0.857421875 0.04296875 0.015625
0 0.263671875 0.859375 0.01953125 0.0234375
0 0.3017578125 0.8505859375 0.033203125 0.021484375
0 0.0166015625 0.845703125 0.033203125 0.03515625
0 0.384765625 0.8330078125 0.01953125 0.017578125
0 0.421875 0.828125 0.03515625 0.01953125
0 0.173828125 0.826171875 0.02734375 0.02734375
0 0.109375 0.8203125 0.03125 0.015625
0 0.2255859375 0.8076171875 0.021484375 0.029296875
0 0.0224609375 0.8056640625 0.025390625 0.025390625
0 0.4267578125 0.7978515625 0.029296875 0.017578125
0 0.296875 0.79296875 0.03515625 0.02734375
0 0.5712890625 0.779296875 0.060546875 0.02734375
0 0.1884765625 0.76953125 0.013671875 0.01953125
0 0.162109375 0.7626953125 0.03125 0.021484375
0 0.298828125 0.759765625 0.02734375 0.0234375
0 0.4248046875 0.7568359375 0.076171875 0.048828125
0 0.115234375 0.7314453125 0.0234375 0.021484375
0 0.3017578125 0.724609375 0.029296875 0.0234375
0 0.443359375 0.70703125 0.03515625 0.01953125
0 0.107421875 0.705078125 0.03125 0.0234375
0 0.3740234375 0.6943359375 0.025390625 0.025390625
0 0.3125 0.689453125 0.02734375 0.0234375
0 0.451171875 0.6806640625 0.02734375 0.017578125
0 0.099609375 0.677734375 0.03515625 0.01953125
0 0.3876953125 0.6689453125 0.025390625 0.025390625
0 0.142578125 0.6630859375 0.02734375 0.025390625
0 0.4716796875 0.65625 0.029296875 0.02734375
0 0.3212890625 0.6494140625 0.021484375 0.021484375
0 0.181640625 0.646484375 0.0234375 0.01953125
0 0.3896484375 0.63671875 0.017578125 0.01953125
0 0.2138671875 0.6435546875 0.025390625 0.037109375
0 0.2431640625 0.62890625 0.025390625 0.03125
0 0.47265625 0.6201171875 0.03125 0.021484375
0 0.275390625 0.615234375 0.0234375 0.03125
0 0.0859375 0.6083984375 0.02734375 0.021484375
0 0.302734375 0.6025390625 0.01953125 0.025390625
0 0.482421875 0.5908203125 0.03125 0.021484375
0 0.3369140625 0.58984375 0.025390625 0.02734375
0 0.12109375 0.5869140625 0.01953125 0.025390625
0 0.4013671875 0.580078125 0.021484375 0.01953125
0 0.07421875 0.580078125 0.03125 0.0234375
0 0.1484375 0.576171875 0.01953125 0.02734375
0 0.4892578125 0.568359375 0.029296875 0.015625
0 0.1787109375 0.5654296875 0.021484375 0.025390625
0 0.203125 0.5537109375 0.01953125 0.025390625
0 0.4140625 0.5498046875 0.02734375 0.021484375
0 0.232421875 0.5458984375 0.01953125 0.025390625
0 0.4931640625 0.5390625 0.029296875 0.015625
0 0.4453125 0.5419921875 0.01953125 0.025390625
0 0.2578125 0.5380859375 0.0234375 0.021484375
0 0.1171875 0.5361328125 0.01953125 0.017578125
0 0.287109375 0.525390625 0.0234375 0.0234375
0 0.0830078125 0.53515625 0.033203125 0.04296875
0 0.162109375 0.5185546875 0.015625 0.013671875
0 0.3125 0.517578125 0.0234375 0.0234375
0 0.1376953125 0.515625 0.021484375 0.0234375
0 0.501953125 0.5126953125 0.03515625 0.029296875
0 0.17578125 0.4990234375 0.02734375 0.025390625
0 0.3349609375 0.4951171875 0.033203125 0.044921875
0 0.212890625 0.4853515625 0.02734375 0.025390625
0 0.396484375 0.4853515625 0.02734375 0.037109375
0 0.09375 0.47265625 0.02734375 0.0234375
0 0.248046875 0.46875 0.03125 0.02734375
0 0.4326171875 0.4697265625 0.025390625 0.033203125
0 0.2841796875 0.45703125 0.025390625 0.0234375
0 0.455078125 0.4619140625 0.02734375 0.037109375
0 0.005859375 0.4521484375 0.01171875 0.017578125
0 0.51171875 0.453125 0.03515625 0.02734375
0 0.31640625 0.4453125 0.02734375 0.02734375
0 0.0966796875 0.4443359375 0.029296875 0.025390625
0 0.478515625 0.4482421875 0.03125 0.037109375
0 0.15234375 0.443359375 0.03125 0.03515625
0 0.51953125 0.4267578125 0.03125 0.025390625
0 0.177734375 0.4326171875 0.02734375 0.037109375
0 0.0185546875 0.4267578125 0.025390625 0.025390625
0 0.203125 0.421875 0.02734375 0.0390625
0 0.5244140625 0.3994140625 0.037109375 0.029296875
0 0.2431640625 0.4013671875 0.056640625 0.052734375
0 0.283203125 0.390625 0.02734375 0.03515625
0 0.1064453125 0.388671875 0.041015625 0.03125
0 0.76953125 0.3828125 0.0234375 0.0234375
0 0.73046875 0.591796875 0.3125 0.44140625
0 0.306640625 0.3779296875 0.02734375 0.037109375
0 0.029296875 0.3671875 0.01953125 0.015625
0 0.9140625 0.349609375 0.015625 0.01171875
0 0.83203125 0.3544921875 0.0390625 0.025390625
0 0.21875 0.3427734375 0.02734375 0.033203125
0 0.6142578125 0.330078125 0.025390625 0.02734375
0 0.2685546875 0.322265625 0.025390625 0.03125
0 0.9384765625 0.322265625 0.029296875 0.03515625
0 0.1982421875 0.3125 0.033203125 0.03125
0 0.75390625 0.3076171875 0.02734375 0.025390625
0 0.111328125 0.3076171875 0.03125 0.033203125
0 0.623046875 0.30078125 0.02734375 0.02734375
0 0.142578125 0.2978515625 0.01953125 0.025390625
0 0.1865234375 0.29296875 0.017578125 0.01953125
0 0.6474609375 0.294921875 0.021484375 0.02734375
0 0.671875 0.2890625 0.0234375 0.02734375
0 0.69921875 0.2841796875 0.02734375 0.037109375
0 0.9189453125 0.279296875 0.033203125 0.03515625
0 0.71875 0.2783203125 0.0234375 0.037109375
0 0.259765625 0.2734375 0.04296875 0.03125
0 0.1923828125 0.2685546875 0.025390625 0.025390625
0 0.744140625 0.2705078125 0.03125 0.037109375
0 0.3427734375 0.2607421875 0.029296875 0.033203125
0 0.3720703125 0.248046875 0.021484375 0.01953125
0 0.810546875 0.2490234375 0.01953125 0.025390625
0 0.6259765625 0.2470703125 0.025390625 0.025390625
0 0.3974609375 0.2373046875 0.017578125 0.017578125
0 0.8427734375 0.23828125 0.029296875 0.02734375
0 0.2578125 0.240234375 0.03515625 0.03515625
0 0.423828125 0.2255859375 0.01953125 0.017578125
0 0.8701171875 0.2275390625 0.029296875 0.025390625
0 0.6650390625 0.228515625 0.025390625 0.02734375
0 0.6318359375 0.2216796875 0.025390625 0.017578125
0 0.900390625 0.224609375 0.0234375 0.02734375
0 0.689453125 0.2216796875 0.01953125 0.025390625
0 0.4482421875 0.2158203125 0.013671875 0.013671875
0 0.708984375 0.2158203125 0.0234375 0.029296875
0 0.3017578125 0.22265625 0.029296875 0.04296875
0 0.728515625 0.2109375 0.01953125 0.02734375
0 0.333984375 0.212890625 0.03515625 0.0390625
0 0.64453125 0.19921875 0.02734375 0.015625
0 0.556640625 0.205078125 0.04296875 0.04296875
0 0.3642578125 0.203125 0.029296875 0.0390625
0 0.1318359375 0.1943359375 0.033203125 0.037109375
0 0.796875 0.1806640625 0.015625 0.013671875
0 0.767578125 0.1845703125 0.03125 0.021484375
0 0.70703125 0.1845703125 0.03515625 0.021484375
0 0.388671875 0.1923828125 0.03125 0.041015625
0 0.0791015625 0.208984375 0.076171875 0.078125
0 0.6484375 0.177734375 0.03125 0.01953125
0 0.4150390625 0.1826171875 0.029296875 0.041015625
0 0.81640625 0.1767578125 0.02734375 0.037109375
0 0.84765625 0.1728515625 0.0234375 0.033203125
0 0.10546875 0.1650390625 0.02734375 0.021484375
0 0.69921875 0.1640625 0.03515625 0.0234375
0 0.03125 0.1669921875 0.02734375 0.029296875
0 0.439453125 0.169921875 0.03515625 0.04296875
0 0.8779296875 0.1611328125 0.025390625 0.037109375
0 0.763671875 0.15625 0.0390625 0.02734375
0 0.65625 0.1513671875 0.03125 0.017578125
0 0.4775390625 0.1552734375 0.029296875 0.037109375
0 0.21484375 0.15625 0.03125 0.04296875
0 0.69921875 0.1435546875 0.02734375 0.021484375
0 0.5771484375 0.1484375 0.044921875 0.03125
0 0.5009765625 0.14453125 0.025390625 0.0234375
0 0.017578125 0.138671875 0.0234375 0.02734375
0 0.2451171875 0.142578125 0.033203125 0.0390625
0 0.10546875 0.13671875 0.0390625 0.03125
0 0.1875 0.1533203125 0.03125 0.068359375
0 0.658203125 0.126953125 0.02734375 0.01953125
0 0.75 0.1259765625 0.0390625 0.025390625
0 0.849609375 0.130859375 0.0390625 0.04296875
0 0.2705078125 0.1279296875 0.029296875 0.037109375
0 0.52734375 0.126953125 0.03125 0.0390625
0 0.0087890625 0.1103515625 0.017578125 0.025390625
0 0.2177734375 0.103515625 0.013671875 0.015625
0 0.169921875 0.1103515625 0.03515625 0.029296875
0 0.3251953125 0.109375 0.033203125 0.03125
0 0.0908203125 0.107421875 0.037109375 0.02734375
0 0.689453125 0.111328125 0.02734375 0.0390625
0 0.560546875 0.115234375 0.05078125 0.046875
0 0.052734375 0.1015625 0.015625 0.01953125
0 0.8388671875 0.099609375 0.033203125 0.0234375
0 0.0029296875 0.0849609375 0.005859375 0.013671875
0 0.7392578125 0.08984375 0.041015625 0.02734375
0 0.3544921875 0.08984375 0.025390625 0.03125
0 0.662109375 0.0869140625 0.0390625 0.041015625
0 0.244140625 0.080078125 0.0390625 0.03125
0 0.1611328125 0.08203125 0.041015625 0.03515625
0 0.0810546875 0.0791015625 0.041015625 0.029296875
0 0.203125 0.0712890625 0.015625 0.017578125
0 0.0419921875 0.0712890625 0.017578125 0.017578125
0 0.8291015625 0.07421875 0.037109375 0.02734375
0 0.720703125 0.0615234375 0.03125 0.029296875
0 0.2314453125 0.052734375 0.033203125 0.02734375
0 0.8984375 0.0615234375 0.046875 0.048828125
0 0.0693359375 0.05078125 0.041015625 0.02734375
0 0.7490234375 0.0537109375 0.025390625 0.037109375
0 0.3154296875 0.0537109375 0.041015625 0.037109375
0 0.15234375 0.052734375 0.04296875 0.03515625
0 0.302734375 0.0263671875 0.03515625 0.033203125
0 0.8056640625 0.0234375 0.041015625 0.03125
0 0.220703125 0.0234375 0.03515625 0.03125
0 0.1376953125 0.025390625 0.037109375 0.03515625
0 0.0576171875 0.0224609375 0.041015625 0.029296875
0 0.015625 0.01953125 0.03125 0.0234375
0 0.5341796875 0.0166015625 0.037109375 0.025390625
0 0.9091796875 0.0048828125 0.021484375 0.009765625
0 0.873046875 0.0087890625 0.02734375 0.017578125
0 0.455078125 0.0302734375 0.125 0.060546875
0 0.291015625 0.005859375 0.02734375 0.01171875
0 0.2109375 0.0048828125 0.03515625 0.009765625
0 0.119140625 0.0068359375 0.01953125 0.013671875
0 0.0595703125 0.0029296875 0.013671875 0.005859375
0 0.0390625 0.00390625 0.01953125 0.0078125