0 0.1328125 0.9951171875 0.0234375 0.009765625
0 0.984375 0.994140625 0.03125 0.01171875
0 0.517578125 0.9921875 0.02734375 0.015625
0 0.3173828125 0.98828125 0.025390625 0.0234375
0 0.5439453125 0.9873046875 0.029296875 0.025390625
0 0.1162109375 0.9814453125 0.033203125 0.021484375
0 0.37109375 0.9794921875 0.0390625 0.033203125
0 0.2998046875 0.970703125 0.017578125 0.015625
0 0.5859375 0.9755859375 0.0625 0.048828125
0 0.11328125 0.962890625 0.03515625 0.0234375
0 0.14453125 0.9619140625 0.01953125 0.025390625
0 0.3369140625 0.955078125 0.021484375 0.01953125
0 0.1689453125 0.9609375 0.029296875 0.03515625
0 0.412109375 0.9609375 0.03515625 0.0390625
0 0.19140625 0.9541015625 0.0234375 0.029296875
0 0.439453125 0.953125 0.02734375 0.03125
0 0.2138671875 0.94921875 0.025390625 0.03515625
0 0.46484375 0.9462890625 0.03125 0.037109375
0 0.7939453125 0.9462890625 0.037109375 0.041015625
0 0.50390625 0.935546875 0.05859375 0.04296875
0 0.2890625 0.921875 0.0234375 0.03515625
0 0.5458984375 0.9208984375 0.029296875 0.041015625
0 0.15625 0.9111328125 0.0390625 0.021484375
0 0.845703125 0.9208984375 0.0390625 0.044921875
0 0.37890625 0.908203125 0.0234375 0.03125
0 0.76953125 0.8857421875 0.0234375 0.029296875
0 0.1953125 0.890625 0.04296875 0.0390625
0 0.234375 0.8828125 0.02734375 0.02734375
0 0.970703125 0.8857421875 0.03515625 0.037109375
0 0.3974609375 0.8857421875 0.033203125 0.037109375
0 0.091796875 0.8818359375 0.03515625 0.029296875
0 0.9951171875 0.873046875 0.009765625 0.01953125
0 0.017578125 0.8759765625 0.02734375 0.025390625
0 0.423828125 0.8779296875 0.03125 0.041015625
0 0.900390625 0.876953125 0.04296875 0.04296875
0 0.453125 0.8701171875 0.03125 0.037109375
0 0.7099609375 0.9208984375 0.095703125 0.158203125
0 0.48046875 0.8583984375 0.02734375 0.037109375
0 0.0859375 0.8515625 0.03125 0.0234375
0 0.29296875 0.84765625 0.02734375 0.03125
0 0.50390625 0.8466796875 0.03125 0.037109375
0 0.3203125 0.84765625 0.03125 0.0390625
0 0.138671875 0.8369140625 0.01171875 0.017578125
0 0.0146484375 0.8349609375 0.029296875 0.025390625
0 0.9599609375 0.8310546875 0.017578125 0.021484375
0 0.3427734375 0.8388671875 0.029296875 0.037109375
0 0.3671875 0.83203125 0.02734375 0.0390625
0 0.267578125 0.8232421875 0.03125 0.025390625
0 0.9296875 0.8212890625 0.03125 0.029296875
0 0.072265625 0.8173828125 0.0390625 0.025390625
0 0.576171875 0.86328125 0.07421875 0.13671875
0 0.009765625 0.8046875 0.01953125 0.01953125
0 0.427734375 0.8037109375 0.046875 0.025390625
0 0.802734375 0.8095703125 0.0390625 0.041015625
0 0.841796875 0.7998046875 0.0390625 0.044921875
0 0.494140625 0.7890625 0.03125 0.0234375
0 0.19921875 0.7890625 0.02734375 0.02734375
0 0.876953125 0.7880859375 0.03515625 0.041015625
0 0.2607421875 0.7763671875 0.037109375 0.025390625
0 0.533203125 0.7744140625 0.0234375 0.033203125
0 0.9501953125 0.76953125 0.033203125 0.03515625
0 0.1904296875 0.755859375 0.033203125 0.02734375
0 0.005859375 0.7587890625 0.01171875 0.033203125
0 0.576171875 0.76171875 0.046875 0.046875
0 0.9873046875 0.7548828125 0.025390625 0.037109375
0 0.669921875 0.763671875 0.03515625 0.06640625
0 0.056640625 0.7431640625 0.03125 0.029296875
0 0.708984375 0.74609375 0.03515625 0.0390625
0 0.25 0.740234375 0.04296875 0.03125
0 0.0966796875 0.7353515625 0.052734375 0.041015625
0 0.1337890625 0.724609375 0.025390625 0.03125
0 0.80078125 0.71875 0.02734375 0.03515625
0 0.1591796875 0.7158203125 0.029296875 0.029296875
0 0.185546875 0.708984375 0.02734375 0.02734375
0 0.8525390625 0.7080078125 0.025390625 0.029296875
0 0.44921875 0.6943359375 0.01953125 0.017578125
0 0.6875 0.7001953125 0.03125 0.037109375
0 0.7158203125 0.6904296875 0.029296875 0.033203125
0 0.2412109375 0.7021484375 0.064453125 0.056640625
0 0.037109375 0.6845703125 0.0234375 0.033203125
0 0.744140625 0.681640625 0.03125 0.03515625
0 0.9375 0.6787109375 0.03515625 0.037109375
0 0.318359375 0.6787109375 0.0234375 0.037109375
0 0.5615234375 0.6767578125 0.048828125 0.041015625
0 0.98828125 0.669921875 0.0234375 0.03125
0 0.7734375 0.671875 0.02734375 0.03515625
0 0.34765625 0.671875 0.0234375 0.03515625
0 0.08203125 0.669921875 0.0234375 0.03125
0 0.107421875 0.662109375 0.0234375 0.02734375
0 0.7998046875 0.662109375 0.029296875 0.03515625
0 0.826171875 0.6533203125 0.03125 0.033203125
0 0.4365234375 0.65234375 0.029296875 0.0390625
0 0.8544921875 0.6416015625 0.025390625 0.029296875
0 0.1669921875 0.64453125 0.029296875 0.03515625
0 0.48046875 0.63671875 0.03515625 0.02734375
0 0.2021484375 0.6376953125 0.029296875 0.029296875
0 0.03125 0.6357421875 0.03125 0.029296875
0 0.5419921875 0.623046875 0.037109375 0.02734375
0 0.234375 0.626953125 0.02734375 0.03515625
0 0.0927734375 0.6201171875 0.033203125 0.025390625
0 0.2958984375 0.6181640625 0.041015625 0.029296875
0 0.908203125 0.623046875 0.078125 0.04296875
0 0.9697265625 0.609375 0.033203125 0.03515625
0 0.162109375 0.6044921875 0.0390625 0.025390625
0 0.0263671875 0.5986328125 0.029296875 0.025390625
0 0.640625 0.6259765625 0.05859375 0.087890625
0 0.330078125 0.6005859375 0.02734375 0.037109375
0 0.9951171875 0.5927734375 0.009765625 0.029296875
0 0.2158203125 0.5908203125 0.037109375 0.025390625
0 0.0869140625 0.58984375 0.033203125 0.02734375
0 0.279296875 0.5751953125 0.0390625 0.029296875
0 0.203125 0.5673828125 0.03125 0.021484375
0 0.1552734375 0.5693359375 0.037109375 0.025390625
0 0.01953125 0.5615234375 0.02734375 0.025390625
0 0.8876953125 0.5634765625 0.025390625 0.033203125
0 0.08203125 0.556640625 0.02734375 0.03125
0 0.9130859375 0.5546875 0.033203125 0.0390625
0 0.14453125 0.5439453125 0.0234375 0.017578125
0 0.8056640625 0.5625 0.091796875 0.0625
0 0.1962890625 0.5419921875 0.037109375 0.021484375
0 0.9658203125 0.5390625 0.025390625 0.03515625
0 0.9970703125 0.5205078125 0.005859375 0.009765625
0 0.2451171875 0.533203125 0.025390625 0.03515625
0 0.072265625 0.5244140625 0.03515625 0.021484375
0 0.2685546875 0.529296875 0.021484375 0.03515625
0 0.5390625 0.55078125 0.09375 0.08203125
0 0.291015625 0.525390625 0.0234375 0.03515625
0 0.8828125 0.515625 0.02734375 0.0234375
0 0.1923828125 0.5146484375 0.033203125 0.021484375
0 0.3134765625 0.51953125 0.021484375 0.03515625
0 0.1416015625 0.5126953125 0.029296875 0.021484375
0 0.3369140625 0.515625 0.025390625 0.03515625
0 0.0185546875 0.5146484375 0.037109375 0.033203125
0 0.3583984375 0.51171875 0.021484375 0.03515625
0 0.3818359375 0.505859375 0.021484375 0.03515625
0 0.06640625 0.5 0.03125 0.0234375
0 0.4052734375 0.501953125 0.025390625 0.03515625
0 0.9521484375 0.4970703125 0.029296875 0.037109375
0 0.435546875 0.49609375 0.0234375 0.03515625
0 0.009765625 0.4912109375 0.01953125 0.025390625
0 0.4560546875 0.4912109375 0.025390625 0.037109375
0 0.134765625 0.482421875 0.03125 0.0234375
0 0.52734375 0.482421875 0.02734375 0.02734375
0 0.4775390625 0.4873046875 0.025390625 0.037109375
0 0.978515625 0.482421875 0.03125 0.03125
0 0.01953125 0.47265625 0.015625 0.015625
0 0.796875 0.4833984375 0.0546875 0.041015625
0 0.5009765625 0.482421875 0.025390625 0.0390625
0 0.9970703125 0.4677734375 0.005859375 0.017578125
0 0.2158203125 0.47265625 0.041015625 0.03515625
0 0.05859375 0.4658203125 0.03125 0.021484375
0 0.8564453125 0.4677734375 0.033203125 0.029296875
0 0.5546875 0.4677734375 0.03125 0.041015625
0 0.259765625 0.46484375 0.03515625 0.03515625
0 0.6396484375 0.5 0.076171875 0.12890625
0 0.1279296875 0.447265625 0.037109375 0.02734375
0 0.1865234375 0.443359375 0.025390625 0.03515625
0 0.021484375 0.435546875 0.02734375 0.02734375
0 0.9140625 0.4287109375 0.03515625 0.033203125
0 0.7021484375 0.466796875 0.029296875 0.11328125
0 0.0537109375 0.4248046875 0.029296875 0.033203125
0 0.7734375 0.41796875 0.01953125 0.03125
0 0.951171875 0.4208984375 0.0234375 0.041015625
0 0.1162109375 0.4130859375 0.025390625 0.037109375
0 0.15234375 0.4072265625 0.0390625 0.029296875
0 0.9912109375 0.4091796875 0.017578125 0.037109375
0 0.908203125 0.3955078125 0.03515625 0.025390625
0 0.6220703125 0.39453125 0.033203125 0.02734375
0 0.1923828125 0.39453125 0.025390625 0.03515625
0 0.271484375 0.4052734375 0.02734375 0.072265625
0 0.7685546875 0.3818359375 0.021484375 0.029296875
0 0.3349609375 0.37890625 0.021484375 0.0234375
0 0.3046875 0.3798828125 0.02734375 0.025390625
0 0.6845703125 0.3720703125 0.052734375 0.025390625
0 0.3779296875 0.37890625 0.029296875 0.0390625
0 0.6240234375 0.3681640625 0.037109375 0.021484375
0 0.41796875 0.3779296875 0.046875 0.041015625
0 0.90625 0.3642578125 0.03125 0.025390625
0 0.6865234375 0.3486328125 0.044921875 0.021484375
0 0.541015625 0.35546875 0.03125 0.046875
0 0.998046875 0.333984375 0.00390625 0.01171875
0 0.9697265625 0.3447265625 0.021484375 0.033203125
0 0.6142578125 0.341796875 0.029296875 0.02734375
0 0.7705078125 0.3408203125 0.033203125 0.029296875
0 0.94140625 0.3408203125 0.01953125 0.033203125
0 0.9033203125 0.333984375 0.029296875 0.0234375
0 0.6875 0.326171875 0.0390625 0.0234375
0 0.212890625 0.3251953125 0.02734375 0.025390625
0 0.6142578125 0.314453125 0.041015625 0.0234375
0 0.2490234375 0.3173828125 0.029296875 0.029296875
0 0.28515625 0.3154296875 0.01953125 0.029296875
0 0.3251953125 0.310546875 0.033203125 0.0234375
0 0.7666015625 0.310546875 0.029296875 0.02734375
0 0.4951171875 0.3056640625 0.033203125 0.021484375
0 0.3642578125 0.30859375 0.025390625 0.03125
0 0.681640625 0.302734375 0.0390625 0.0234375
0 0.1591796875 0.296875 0.033203125 0.02734375
0 0.044921875 0.326171875 0.08984375 0.0859375
0 0.533203125 0.2998046875 0.03515625 0.037109375
0 0.4033203125 0.298828125 0.037109375 0.03515625
0 0.828125 0.2919921875 0.0234375 0.025390625
0 0.19140625 0.2822265625 0.02734375 0.025390625
0 0.9482421875 0.2763671875 0.021484375 0.025390625
0 0.76171875 0.2744140625 0.03125 0.025390625
0 0.46484375 0.271484375 0.0234375 0.01953125
0 0.2236328125 0.2744140625 0.033203125 0.029296875
0 0.98046875 0.2724609375 0.03515625 0.033203125
0 0.6240234375 0.2744140625 0.076171875 0.037109375
0 0.8232421875 0.2607421875 0.017578125 0.025390625
0 0.5048828125 0.26171875 0.041015625 0.03125
0 0.888671875 0.2578125 0.0234375 0.03125
0 0.2548828125 0.2578125 0.033203125 0.03515625
0 0.0634765625 0.248046875 0.021484375 0.02734375
0 0.9130859375 0.25 0.033203125 0.0390625
0 0.939453125 0.2421875 0.02734375 0.03515625
0 0.7587890625 0.2392578125 0.037109375 0.029296875
0 0.1005859375 0.2412109375 0.025390625 0.033203125
0 0.2919921875 0.244140625 0.025390625 0.04296875
0 0.8173828125 0.228515625 0.025390625 0.01953125
0 0.599609375 0.2353515625 0.02734375 0.033203125
0 0.0380859375 0.232421875 0.029296875 0.03125
0 0.3271484375 0.2353515625 0.033203125 0.041015625
0 0.5029296875 0.2265625 0.041015625 0.02734375
0 0.9638671875 0.2294921875 0.029296875 0.037109375
0 0.01171875 0.220703125 0.0234375 0.03125
0 0.1630859375 0.220703125 0.037109375 0.03515625
0 0.9873046875 0.2158203125 0.025390625 0.033203125
0 0.75 0.2099609375 0.0390625 0.025390625
0 0.6826171875 0.2041015625 0.029296875 0.021484375
0 0.203125 0.20703125 0.02734375 0.02734375
0 0.8095703125 0.1982421875 0.037109375 0.025390625
0 0.4912109375 0.203125 0.041015625 0.03515625
0 0.8857421875 0.1943359375 0.033203125 0.029296875
0 0.0751953125 0.1953125 0.029296875 0.03125
0 0.431640625 0.1884765625 0.03515625 0.033203125
0 0.1123046875 0.185546875 0.025390625 0.02734375
0 0.033203125 0.18359375 0.0234375 0.02734375
0 0.2705078125 0.18359375 0.029296875 0.03125
0 0.146484375 0.1708984375 0.03125 0.029296875
0 0.0068359375 0.171875 0.013671875 0.03125
0 0.9306640625 0.169921875 0.033203125 0.03515625
0 0.3017578125 0.16796875 0.029296875 0.03515625
0 0.482421875 0.1669921875 0.04296875 0.041015625
0 0.8740234375 0.16015625 0.029296875 0.03125
0 0.181640625 0.15625 0.02734375 0.02734375
0 0.958984375 0.158203125 0.03125 0.0390625
0 0.7705078125 0.1630859375 0.091796875 0.060546875
0 0.9833984375 0.150390625 0.029296875 0.0390625
0 0.9970703125 0.1337890625 0.005859375 0.009765625
0 0.216796875 0.142578125 0.02734375 0.02734375
0 0.25390625 0.130859375 0.02734375 0.02734375
0 0.0673828125 0.1220703125 0.021484375 0.025390625
0 0.876953125 0.12109375 0.03125 0.03125
0 0.2880859375 0.1220703125 0.029296875 0.033203125
0 0.095703125 0.115234375 0.03125 0.03125
0 0.0361328125 0.11328125 0.025390625 0.02734375
0 0.9111328125 0.11328125 0.033203125 0.0390625
0 0.0087890625 0.1044921875 0.017578125 0.029296875
0 0.126953125 0.103515625 0.02734375 0.03125
0 0.9384765625 0.103515625 0.037109375 0.04296875
0 0.71484375 0.1015625 0.03125 0.0390625
0 0.349609375 0.126953125 0.09765625 0.10546875
0 0.158203125 0.08984375 0.02734375 0.03515625
0 0.740234375 0.08984375 0.03125 0.0390625
0 0.783203125 0.083984375 0.0390625 0.03515625
0 0.9755859375 0.0859375 0.048828125 0.046875
0 0.546875 0.07421875 0.0390625 0.04296875
0 0.2197265625 0.06640625 0.029296875 0.03125
0 0.701171875 0.060546875 0.03515625 0.03125
0 0.005859375 0.056640625 0.01171875 0.0234375
0 0.7724609375 0.0576171875 0.037109375 0.033203125
0 0.8271484375 0.056640625 0.029296875 0.03515625
0 0.1298828125 0.0517578125 0.037109375 0.029296875
0 0.2587890625 0.0537109375 0.033203125 0.037109375
0 0.8525390625 0.0478515625 0.029296875 0.033203125
0 0.2958984375 0.0419921875 0.025390625 0.029296875
0 0.876953125 0.0380859375 0.02734375 0.033203125
0 0.693359375 0.0341796875 0.03515625 0.025390625
0 0.4228515625 0.0419921875 0.060546875 0.041015625
0 0.755859375 0.033203125 0.03515625 0.02734375
0 0.326171875 0.0302734375 0.03125 0.037109375
0 0.9052734375 0.0283203125 0.033203125 0.041015625
0 0.9775390625 0.0107421875 0.044921875 0.021484375
0 0.935546875 0.015625 0.03125 0.03125
0 0.888671875 0.0048828125 0.015625 0.009765625
0 0.74609375 0.0126953125 0.04296875 0.025390625
0 0.681640625 0.013671875 0.03515625 0.02734375
0 0.6669921875 0.0029296875 0.013671875 0.005859375
0 0.6064453125 0.0048828125 0.021484375 0.009765625
0 0.2578125 0.0068359375 0.0234375 0.013671875
0 0.224609375 0.0126953125 0.02734375 0.025390625
0 0.1953125 0.0205078125 0.03125 0.041015625
0 0.1240234375 0.015625 0.033203125 0.03125