0 0.0400390625 0.9970703125 0.009765625 0.005859375
0 0.4287109375 0.9951171875 0.021484375 0.009765625
0 0.0107421875 0.994140625 0.021484375 0.01171875
0 0.8505859375 0.9921875 0.029296875 0.015625
0 0.3984375 0.9873046875 0.0390625 0.025390625
0 0.7431640625 0.9853515625 0.021484375 0.029296875
0 0.54296875 0.9833984375 0.0234375 0.033203125
0 0.5224609375 0.9794921875 0.021484375 0.037109375
0 0.787109375 0.9775390625 0.02734375 0.037109375
0 0.9111328125 0.9775390625 0.068359375 0.044921875
0 0.5009765625 0.9716796875 0.025390625 0.037109375
0 0.806640625 0.966796875 0.0234375 0.03125
0 0.962890625 0.9736328125 0.0390625 0.048828125
0 0.48046875 0.966796875 0.0234375 0.0390625
0 0.095703125 0.97265625 0.06640625 0.0546875
0 0.8369140625 0.9580078125 0.044921875 0.033203125
0 0.0556640625 0.9541015625 0.033203125 0.041015625
0 0.029296875 0.947265625 0.0234375 0.03515625
0 0.005859375 0.9443359375 0.01171875 0.033203125
0 0.4150390625 0.9375 0.033203125 0.046875
0 0.890625 0.9375 0.06640625 0.0546875
0 0.6865234375 0.9248046875 0.056640625 0.044921875
0 0.634765625 0.923828125 0.05078125 0.046875
0 0.6025390625 0.9189453125 0.029296875 0.041015625
0 0.5771484375 0.9169921875 0.029296875 0.037109375
0 0.552734375 0.91015625 0.02734375 0.03515625
0 0.525390625 0.9013671875 0.02734375 0.037109375
0 0.7724609375 0.900390625 0.037109375 0.0390625
0 0.11328125 0.8974609375 0.03125 0.033203125
0 0.5009765625 0.892578125 0.029296875 0.03515625
0 0.21875 0.9375 0.109375 0.125
0 0.455078125 0.888671875 0.0546875 0.03125
0 0.9755859375 0.912109375 0.048828125 0.08203125
0 0.859375 0.8828125 0.03125 0.02734375
0 0.2822265625 0.8916015625 0.080078125 0.060546875
0 0.884765625 0.869140625 0.03125 0.02734375
0 0.7001953125 0.87109375 0.033203125 0.0390625
0 0.4169921875 0.869140625 0.029296875 0.0390625
0 0.830078125 0.8623046875 0.02734375 0.033203125
0 0.3935546875 0.86328125 0.025390625 0.03515625
0 0.90625 0.8515625 0.03515625 0.02734375
0 0.671875 0.8544921875 0.03515625 0.033203125
0 0.2978515625 0.8486328125 0.037109375 0.021484375
0 0.37109375 0.85546875 0.02734375 0.0390625
0 0.8779296875 0.8369140625 0.025390625 0.033203125
0 0.791015625 0.8359375 0.05078125 0.0390625
0 0.1494140625 0.8505859375 0.052734375 0.068359375
0 0.6142578125 0.8349609375 0.037109375 0.041015625
0 0.845703125 0.826171875 0.02734375 0.03125
0 0.97265625 0.818359375 0.02734375 0.02734375
0 0.74609375 0.814453125 0.03125 0.0234375
0 0.8232421875 0.814453125 0.029296875 0.03125
0 0.3837890625 0.810546875 0.044921875 0.0234375
0 0.724609375 0.80078125 0.01953125 0.01953125
0 0.798828125 0.8046875 0.02734375 0.03125
0 0.3017578125 0.7998046875 0.033203125 0.021484375
0 0.9072265625 0.8037109375 0.068359375 0.033203125
0 0.5654296875 0.8095703125 0.029296875 0.044921875
0 0.9873046875 0.7958984375 0.025390625 0.033203125
0 0.7724609375 0.79296875 0.029296875 0.03125
0 0.953125 0.78515625 0.02734375 0.03125
0 0.92578125 0.7802734375 0.02734375 0.025390625
0 0.8642578125 0.7763671875 0.029296875 0.029296875
0 0.7421875 0.7783203125 0.03125 0.033203125
0 0.490234375 0.7802734375 0.0625 0.056640625
0 0.7138671875 0.7666015625 0.029296875 0.037109375
0 0.9931640625 0.7626953125 0.013671875 0.033203125
0 0.837890625 0.7626953125 0.03125 0.033203125
0 0.8837890625 0.7529296875 0.025390625 0.029296875
0 0.6689453125 0.763671875 0.064453125 0.0546875
0 0.81640625 0.7470703125 0.02734375 0.037109375
0 0.5947265625 0.7412109375 0.037109375 0.029296875
0 0.6630859375 0.740234375 0.025390625 0.03125
0 0.431640625 0.7666015625 0.05859375 0.083984375
0 0.8583984375 0.736328125 0.029296875 0.03125
0 0.7998046875 0.73828125 0.025390625 0.03515625
0 0.962890625 0.744140625 0.05078125 0.0546875
0 0.63671875 0.73046875 0.02734375 0.03125
0 0.3154296875 0.7529296875 0.041015625 0.076171875
0 0.9228515625 0.73046875 0.037109375 0.04296875
0 0.7646484375 0.7265625 0.037109375 0.0390625
0 0.5400390625 0.7177734375 0.033203125 0.033203125
0 0.5166015625 0.7099609375 0.017578125 0.021484375
0 0.7255859375 0.7099609375 0.025390625 0.033203125
0 0.771484375 0.697265625 0.0234375 0.0234375
0 0.326171875 0.6962890625 0.03515625 0.025390625
0 0.2958984375 0.6943359375 0.025390625 0.021484375
0 0.6875 0.6923828125 0.0390625 0.033203125
0 0.5673828125 0.6962890625 0.052734375 0.041015625
0 0.533203125 0.6787109375 0.015625 0.017578125
0 0.84375 0.6884765625 0.03125 0.041015625
0 0.994140625 0.677734375 0.01171875 0.02734375
0 0.8271484375 0.6796875 0.029296875 0.0390625
0 0.5078125 0.673828125 0.02734375 0.03125
0 0.6455078125 0.671875 0.025390625 0.03515625
0 0.80859375 0.671875 0.02734375 0.0390625
0 0.6240234375 0.6630859375 0.025390625 0.033203125
0 0.7802734375 0.66015625 0.037109375 0.03515625
0 0.59765625 0.6513671875 0.0234375 0.025390625
0 0.322265625 0.654296875 0.0546875 0.05078125
0 0.2666015625 0.6474609375 0.025390625 0.041015625
0 0.7431640625 0.64453125 0.033203125 0.0390625
0 0.4501953125 0.6640625 0.115234375 0.078125
0 0.9140625 0.6396484375 0.0390625 0.033203125
0 0.94921875 0.6455078125 0.03515625 0.048828125
0 0.572265625 0.63671875 0.02734375 0.03125
0 0.7177734375 0.63671875 0.025390625 0.0390625
0 0.5517578125 0.6279296875 0.025390625 0.029296875
0 0.8828125 0.6259765625 0.02734375 0.029296875
0 0.4208984375 0.623046875 0.033203125 0.02734375
0 0.6982421875 0.62890625 0.029296875 0.04296875
0 0.3134765625 0.611328125 0.021484375 0.0234375
0 0.6796875 0.619140625 0.03125 0.04296875
0 0.5146484375 0.61328125 0.037109375 0.03125
0 0.974609375 0.64453125 0.05078125 0.09765625
0 0.345703125 0.6123046875 0.03125 0.033203125
0 0.6611328125 0.6103515625 0.033203125 0.041015625
0 0.853515625 0.6083984375 0.03515625 0.041015625
0 0.478515625 0.5966796875 0.0234375 0.029296875
0 0.6376953125 0.6015625 0.029296875 0.04296875
0 0.998046875 0.5810546875 0.00390625 0.009765625
0 0.45703125 0.5859375 0.01953125 0.02734375
0 0.1943359375 0.64453125 0.150390625 0.1484375
0 0.6064453125 0.5849609375 0.048828125 0.052734375
0 0.8115234375 0.576171875 0.037109375 0.046875
0 0.787109375 0.572265625 0.02734375 0.0390625
0 0.984375 0.564453125 0.0234375 0.03125
0 0.9609375 0.5595703125 0.02734375 0.033203125
0 0.8427734375 0.556640625 0.044921875 0.02734375
0 0.7666015625 0.55859375 0.029296875 0.0390625
0 0.5537109375 0.55859375 0.029296875 0.0390625
0 0.9384765625 0.5478515625 0.029296875 0.037109375
0 0.720703125 0.5439453125 0.03515625 0.037109375
0 0.9111328125 0.53515625 0.025390625 0.03515625
0 0.7744140625 0.5244140625 0.021484375 0.021484375
0 0.248046875 0.53125 0.04296875 0.0390625
0 0.888671875 0.5244140625 0.03125 0.037109375
0 0.6806640625 0.5224609375 0.025390625 0.033203125
0 0.748046875 0.5166015625 0.02734375 0.025390625
0 0.5087890625 0.55078125 0.087890625 0.09375
0 0.86328125 0.5087890625 0.02734375 0.033203125
0 0.724609375 0.5 0.0234375 0.02734375
0 0.45703125 0.537109375 0.05859375 0.109375
0 0.8251953125 0.498046875 0.029296875 0.0390625
0 0.6220703125 0.4990234375 0.033203125 0.041015625
0 0.978515625 0.4912109375 0.04296875 0.044921875
0 0.7978515625 0.478515625 0.021484375 0.03125
0 0.087890625 0.5107421875 0.14453125 0.107421875
0 0.9296875 0.4658203125 0.0234375 0.029296875
0 0.755859375 0.462890625 0.02734375 0.02734375
0 0.24609375 0.4658203125 0.03125 0.033203125
0 0.98828125 0.455078125 0.0234375 0.0234375
0 0.908203125 0.4560546875 0.0234375 0.033203125
0 0.5458984375 0.462890625 0.041015625 0.046875
0 0.6015625 0.453125 0.03125 0.03125
0 0.318359375 0.490234375 0.11328125 0.109375
0 0.728515625 0.451171875 0.02734375 0.03515625
0 0.5048828125 0.455078125 0.044921875 0.04296875
0 0.7021484375 0.4443359375 0.029296875 0.037109375
0 0.9931640625 0.4306640625 0.013671875 0.017578125
0 0.021484375 0.4462890625 0.04296875 0.048828125
0 0.9375 0.431640625 0.03515625 0.0234375
0 0.5166015625 0.4287109375 0.037109375 0.029296875
0 0.38671875 0.4296875 0.03515625 0.03125
0 0.67578125 0.423828125 0.03125 0.03125
0 0.6484375 0.4208984375 0.03125 0.044921875
0 0.005859375 0.408203125 0.01171875 0.0234375
0 0.9609375 0.41015625 0.06640625 0.03125
0 0.630859375 0.4091796875 0.02734375 0.037109375
0 0.861328125 0.421875 0.0703125 0.06640625
0 0.4208984375 0.404296875 0.048828125 0.0390625
0 0.80078125 0.4033203125 0.03125 0.044921875
0 0.61328125 0.400390625 0.02734375 0.0390625
0 0.779296875 0.3935546875 0.02734375 0.037109375
0 0.9951171875 0.3837890625 0.009765625 0.021484375
0 0.5947265625 0.392578125 0.033203125 0.0390625
0 0.7529296875 0.38671875 0.037109375 0.03515625
0 0.154296875 0.3828125 0.02734375 0.02734375
0 0.005859375 0.3779296875 0.01171875 0.025390625
0 0.537109375 0.39453125 0.0546875 0.0625
0 0.3994140625 0.3701171875 0.021484375 0.025390625
0 0.9775390625 0.37109375 0.021484375 0.03125
0 0.720703125 0.3662109375 0.02734375 0.037109375
0 0.951171875 0.3681640625 0.0390625 0.048828125
0 0.5556640625 0.357421875 0.037109375 0.02734375
0 0.6923828125 0.357421875 0.029296875 0.03515625
0 0.9189453125 0.3525390625 0.029296875 0.033203125
0 0.7666015625 0.349609375 0.029296875 0.02734375
0 0.4287109375 0.345703125 0.033203125 0.03125
0 0.6650390625 0.341796875 0.033203125 0.0390625
0 0.0693359375 0.345703125 0.072265625 0.046875
0 0.884765625 0.3359375 0.0546875 0.04296875
0 0.478515625 0.3271484375 0.03515625 0.033203125
0 0.849609375 0.3251953125 0.0234375 0.033203125
0 0.626953125 0.3291015625 0.04296875 0.041015625
0 0.8310546875 0.322265625 0.025390625 0.0390625
0 0.8125 0.31640625 0.02734375 0.0390625
0 0.990234375 0.3017578125 0.01953125 0.037109375
0 0.9716796875 0.294921875 0.025390625 0.03515625
0 0.771484375 0.294921875 0.02734375 0.03515625
0 0.748046875 0.2880859375 0.02734375 0.033203125
0 0.9482421875 0.287109375 0.025390625 0.03515625
0 0.5068359375 0.27734375 0.033203125 0.03125
0 0.919921875 0.2763671875 0.02734375 0.037109375
0 0.70703125 0.2744140625 0.046875 0.041015625
0 0.59375 0.2919921875 0.0546875 0.076171875
0 0.896484375 0.2685546875 0.0234375 0.033203125
0 0.1357421875 0.3232421875 0.185546875 0.150390625
0 0.3310546875 0.3046875 0.091796875 0.1171875
0 0.8740234375 0.259765625 0.025390625 0.03515625
0 0.6669921875 0.25390625 0.025390625 0.02734375
0 0.9599609375 0.2431640625 0.017578125 0.017578125
0 0.853515625 0.2509765625 0.0234375 0.037109375
0 0.6435546875 0.2490234375 0.029296875 0.037109375
0 0.83203125 0.2451171875 0.02734375 0.037109375
0 0.91015625 0.236328125 0.02734375 0.0234375
0 0.615234375 0.2373046875 0.03515625 0.041015625
0 0.8740234375 0.2216796875 0.029296875 0.033203125
0 0.9873046875 0.2177734375 0.025390625 0.037109375
0 0.962890625 0.2099609375 0.0234375 0.033203125
0 0.94140625 0.2021484375 0.03125 0.044921875
0 0.69140625 0.19140625 0.02734375 0.03515625
0 0.6435546875 0.189453125 0.041015625 0.03125
0 0.900390625 0.1875 0.06640625 0.05078125
0 0.126953125 0.1806640625 0.04296875 0.052734375
0 0.6533203125 0.166015625 0.037109375 0.03125
0 0.994140625 0.1552734375 0.01171875 0.033203125
0 0.6865234375 0.1494140625 0.021484375 0.021484375
0 0.0078125 0.150390625 0.015625 0.02734375
0 0.1953125 0.1484375 0.0390625 0.03125
0 0.9677734375 0.142578125 0.025390625 0.03125
0 0.7822265625 0.1875 0.130859375 0.13671875
0 0.4599609375 0.1884765625 0.193359375 0.138671875
0 0.6767578125 0.1201171875 0.041015625 0.029296875
0 0.0927734375 0.138671875 0.087890625 0.09765625
0 0.916015625 0.119140625 0.08984375 0.0625
0 0.6865234375 0.0966796875 0.033203125 0.029296875
0 0.998046875 0.0830078125 0.00390625 0.005859375
0 0.0107421875 0.0947265625 0.021484375 0.033203125
0 0.58984375 0.1220703125 0.078125 0.103515625
0 0.0224609375 0.0751953125 0.025390625 0.025390625
0 0.5673828125 0.078125 0.029296875 0.0390625
0 0.8671875 0.0693359375 0.04296875 0.025390625
0 0.5478515625 0.0673828125 0.029296875 0.037109375
0 0.74609375 0.056640625 0.03125 0.0390625
0 0.529296875 0.0537109375 0.02734375 0.033203125
0 0.9736328125 0.0595703125 0.052734375 0.052734375
0 0.7119140625 0.0478515625 0.033203125 0.041015625
0 0.8046875 0.0341796875 0.01953125 0.017578125
0 0.0126953125 0.0341796875 0.025390625 0.037109375
0 0.7744140625 0.0244140625 0.029296875 0.021484375
0 0.71875 0.01953125 0.03125 0.0234375
0 0.6005859375 0.0234375 0.029296875 0.03515625
0 0.955078125 0.0029296875 0.01171875 0.005859375
0 0.880859375 0.029296875 0.12890625 0.05859375
0 0.8056640625 0.0087890625 0.025390625 0.017578125
0 0.7744140625 0.001953125 0.005859375 0.00390625
0 0.724609375 0.0048828125 0.0234375 0.009765625
0 0.63671875 0.0322265625 0.05078125 0.064453125
0 0.5830078125 0.0146484375 0.029296875 0.029296875
0 0.5576171875 0.0087890625 0.021484375 0.017578125
0 0.4794921875 0.0166015625 0.076171875 0.033203125
0 0.103515625 0.041015625 0.1796875 0.08203125