0 0.7177734375 0.998046875 0.005859375 0.00390625
0 0.359375 0.998046875 0.00390625 0.00390625
0 0.9921875 0.9970703125 0.0078125 0.005859375
0 0.40625 0.9853515625 0.04296875 0.029296875
0 0.7705078125 0.978515625 0.056640625 0.04296875
0 0.1748046875 0.9716796875 0.048828125 0.056640625
0 0.63671875 0.9677734375 0.03515625 0.056640625
0 0.5390625 0.962890625 0.11328125 0.07421875
0 0.28125 0.958984375 0.05859375 0.08203125
0 0.1982421875 0.927734375 0.033203125 0.03515625
0 0.11328125 0.94921875 0.0546875 0.078125
0 0.6875 0.9501953125 0.0390625 0.099609375
0 0.49609375 0.912109375 0.03125 0.0234375
0 0.865234375 0.9248046875 0.05078125 0.056640625
0 0.5517578125 0.908203125 0.044921875 0.03125
0 0.1591796875 0.9033203125 0.052734375 0.033203125
0 0.0048828125 0.8984375 0.009765625 0.0234375
0 0.751953125 0.923828125 0.05859375 0.0859375
0 0.5009765625 0.8896484375 0.041015625 0.025390625
0 0.423828125 0.923828125 0.06640625 0.09375
0 0.3408203125 0.9384765625 0.091796875 0.123046875
0 0.615234375 0.8994140625 0.05078125 0.052734375
0 0.1572265625 0.8798828125 0.029296875 0.017578125
0 0.9169921875 0.88671875 0.044921875 0.03515625
0 0.31640625 0.8896484375 0.04296875 0.048828125
0 0.09765625 0.904296875 0.05078125 0.08203125
0 0.2529296875 0.9287109375 0.099609375 0.142578125
0 0.84375 0.873046875 0.0390625 0.0390625
0 0.046875 0.9228515625 0.078125 0.154296875
0 0.0107421875 0.8623046875 0.021484375 0.033203125
0 0.8017578125 0.9091796875 0.076171875 0.138671875
0 0.6689453125 0.86328125 0.029296875 0.05078125
0 0.611328125 0.8525390625 0.0390625 0.029296875
0 0.1708984375 0.857421875 0.044921875 0.0390625
0 0.3388671875 0.84375 0.033203125 0.03515625
0 0.7255859375 0.8505859375 0.052734375 0.060546875
0 0.4013671875 0.85546875 0.056640625 0.0703125
0 0.662109375 0.8271484375 0.0234375 0.017578125
0 0.298828125 0.8408203125 0.0390625 0.044921875
0 0.892578125 0.845703125 0.0546875 0.05859375
0 0.0732421875 0.8291015625 0.041015625 0.025390625
0 0.6064453125 0.8193359375 0.037109375 0.017578125
0 0.173828125 0.82421875 0.03515625 0.02734375
0 0.23046875 0.8623046875 0.07421875 0.111328125
0 0.7705078125 0.822265625 0.037109375 0.03515625
0 0.517578125 0.84375 0.11328125 0.08203125
0 0.078125 0.8134765625 0.0390625 0.021484375
0 0.658203125 0.806640625 0.0234375 0.015625
0 0.3466796875 0.8046875 0.033203125 0.03125
0 0.7080078125 0.8046875 0.037109375 0.03515625
0 0.990234375 0.796875 0.01953125 0.03125
0 0.66015625 0.787109375 0.03125 0.015625
0 0.31640625 0.80078125 0.0390625 0.046875
0 0.0849609375 0.7890625 0.037109375 0.0234375
0 0.6025390625 0.7861328125 0.033203125 0.021484375
0 0.126953125 0.8173828125 0.0546875 0.095703125
0 0.8515625 0.775390625 0.03125 0.03125
0 0.505859375 0.779296875 0.05078125 0.0390625
0 0.08984375 0.767578125 0.03515625 0.0234375
0 0.9638671875 0.76953125 0.033203125 0.03125
0 0.267578125 0.78125 0.05078125 0.0546875
0 0.5478515625 0.767578125 0.033203125 0.03125
0 0.150390625 0.7578125 0.0234375 0.01953125
0 0.658203125 0.7568359375 0.0390625 0.021484375
0 0.6015625 0.7568359375 0.0234375 0.021484375
0 0.998046875 0.74609375 0.00390625 0.00390625
0 0.703125 0.763671875 0.03125 0.046875
0 0.7490234375 0.76953125 0.041015625 0.06640625
0 0.15625 0.7421875 0.0234375 0.01953125
0 0.02734375 0.7890625 0.0546875 0.11328125
0 0.8349609375 0.7451171875 0.033203125 0.033203125
0 0.80859375 0.7890625 0.078125 0.125
0 0.9912109375 0.734375 0.017578125 0.01953125
0 0.208984375 0.7666015625 0.078125 0.091796875
0 0.9267578125 0.736328125 0.037109375 0.03515625
0 0.6552734375 0.7294921875 0.044921875 0.021484375
0 0.6962890625 0.7275390625 0.025390625 0.029296875
0 0.8173828125 0.7197265625 0.025390625 0.025390625
0 0.9716796875 0.716796875 0.033203125 0.03125
0 0.7490234375 0.71875 0.056640625 0.03515625
0 0.544921875 0.7255859375 0.08203125 0.052734375
0 0.041015625 0.7060546875 0.05078125 0.025390625
0 0.890625 0.705078125 0.03515625 0.03125
0 0.630859375 0.69140625 0.01171875 0.0234375
0 0.1328125 0.7099609375 0.0859375 0.064453125
0 0.6533203125 0.685546875 0.021484375 0.04296875
0 0.8583984375 0.673828125 0.025390625 0.02734375
0 0.060546875 0.677734375 0.0390625 0.0390625
0 0.6083984375 0.6787109375 0.029296875 0.048828125
0 0.6806640625 0.6728515625 0.037109375 0.048828125
0 0.7236328125 0.67578125 0.037109375 0.0625
0 0.00390625 0.642578125 0.0078125 0.015625
0 0.798828125 0.65234375 0.03515625 0.0390625
0 0.888671875 0.642578125 0.02734375 0.02734375
0 0.642578125 0.6376953125 0.0234375 0.017578125
0 0.6123046875 0.6357421875 0.021484375 0.025390625
0 0.7021484375 0.625 0.025390625 0.0390625
0 0.67578125 0.6162109375 0.03125 0.041015625
0 0.6337890625 0.6044921875 0.044921875 0.044921875
0 0.5673828125 0.62109375 0.083984375 0.11328125
0 0.388671875 0.578125 0.03515625 0.0390625
0 0.17578125 0.61328125 0.1015625 0.125
0 0.720703125 0.572265625 0.12109375 0.0546875
0 0.01953125 0.5712890625 0.0390625 0.056640625
0 0.17578125 0.55078125 0.03125 0.03125
0 0.6806640625 0.5302734375 0.021484375 0.021484375
0 0.04296875 0.5244140625 0.01953125 0.017578125
0 0.796875 0.525390625 0.0234375 0.0234375
0 0.6201171875 0.5361328125 0.103515625 0.056640625
0 0.0029296875 0.5078125 0.005859375 0.0078125
0 0.7763671875 0.5126953125 0.021484375 0.021484375
0 0.138671875 0.5458984375 0.05859375 0.107421875
0 0.0361328125 0.5029296875 0.021484375 0.021484375
0 0.62109375 0.501953125 0.01953125 0.0234375
0 0.5986328125 0.4892578125 0.021484375 0.017578125
0 0.1484375 0.4765625 0.046875 0.03125
0 0.0634765625 0.4755859375 0.029296875 0.029296875
0 0.6728515625 0.4716796875 0.021484375 0.025390625
0 0.6083984375 0.4677734375 0.025390625 0.017578125
0 0.0810546875 0.5478515625 0.091796875 0.193359375
0 0.498046875 0.4814453125 0.10546875 0.068359375
0 0.015625 0.4677734375 0.03125 0.048828125
0 0.6240234375 0.4501953125 0.041015625 0.021484375
0 0.0751953125 0.451171875 0.033203125 0.0234375
0 0.76171875 0.4541015625 0.03125 0.033203125
0 0.8681640625 0.5302734375 0.173828125 0.201171875
0 0.6201171875 0.4345703125 0.021484375 0.017578125
0 0.529296875 0.43359375 0.0234375 0.0234375
0 0.23046875 0.4775390625 0.09765625 0.111328125
0 0.0302734375 0.43359375 0.029296875 0.02734375
0 0.0849609375 0.4287109375 0.033203125 0.021484375
0 0.1904296875 0.4248046875 0.021484375 0.029296875
0 0.7177734375 0.4267578125 0.037109375 0.041015625
0 0.63671875 0.416015625 0.04296875 0.02734375
0 0.1708984375 0.4169921875 0.021484375 0.029296875
0 0.3828125 0.4287109375 0.09375 0.060546875
0 0.1435546875 0.3994140625 0.029296875 0.037109375
0 0.5703125 0.4150390625 0.0546875 0.095703125
0 0.0546875 0.3974609375 0.0546875 0.060546875
0 0.1025390625 0.39453125 0.048828125 0.0625
0 0.4921875 0.392578125 0.0546875 0.0625
0 0.5341796875 0.3671875 0.017578125 0.01953125
0 0.015625 0.3837890625 0.03125 0.060546875
0 0.9638671875 0.3818359375 0.041015625 0.060546875
0 0.4296875 0.3740234375 0.046875 0.048828125
0 0.7939453125 0.3935546875 0.173828125 0.091796875
0 0.59375 0.357421875 0.02734375 0.02734375
0 0.0751953125 0.357421875 0.033203125 0.03125
0 0.599609375 0.3349609375 0.02734375 0.021484375
0 0.5419921875 0.333984375 0.021484375 0.02734375
0 0.6552734375 0.361328125 0.064453125 0.0859375
0 0.5654296875 0.3388671875 0.033203125 0.044921875
0 0.1279296875 0.3359375 0.052734375 0.04296875
0 0.86328125 0.3466796875 0.125 0.076171875
0 0.51171875 0.333984375 0.046875 0.05859375
0 0.44921875 0.330078125 0.046875 0.05078125
0 0.36328125 0.3310546875 0.0390625 0.060546875
0 0.26953125 0.3134765625 0.04296875 0.029296875
0 0.2724609375 0.3603515625 0.119140625 0.126953125
0 0.0263671875 0.328125 0.052734375 0.06640625
0 0.537109375 0.3017578125 0.046875 0.029296875
0 0.15625 0.3046875 0.046875 0.03515625
0 0.59765625 0.30078125 0.05859375 0.03515625
0 0.4384765625 0.2861328125 0.021484375 0.029296875
0 0.38671875 0.2880859375 0.0390625 0.033203125
0 0.1181640625 0.2841796875 0.029296875 0.025390625
0 0.548828125 0.2763671875 0.05078125 0.033203125
0 0.1748046875 0.27734375 0.041015625 0.04296875
0 0.740234375 0.2890625 0.125 0.07421875
0 0.4658203125 0.2734375 0.052734375 0.0546875
0 0.392578125 0.2587890625 0.02734375 0.029296875
0 0.072265625 0.26953125 0.0546875 0.078125
0 0.478515625 0.244140625 0.0546875 0.03515625
0 0.0234375 0.2578125 0.046875 0.0625
0 0.0908203125 0.23046875 0.037109375 0.02734375
0 0.421875 0.224609375 0.05859375 0.046875
0 0.6123046875 0.23046875 0.126953125 0.078125
0 0.24609375 0.2685546875 0.125 0.169921875
0 0.9677734375 0.25 0.048828125 0.16015625
0 0.3427734375 0.234375 0.076171875 0.1328125
0 0.9013671875 0.23046875 0.068359375 0.14453125
0 0.810546875 0.2119140625 0.06640625 0.123046875
0 0.306640625 0.166015625 0.04296875 0.03515625
0 0.142578125 0.154296875 0.02734375 0.03125
0 0.462890625 0.16015625 0.125 0.0703125
0 0.0693359375 0.173828125 0.138671875 0.10546875
0 0.7490234375 0.1796875 0.076171875 0.12109375
0 0.1474609375 0.1298828125 0.033203125 0.025390625
0 0.1943359375 0.1943359375 0.158203125 0.166015625
0 0.1005859375 0.130859375 0.052734375 0.046875
0 0.05078125 0.10546875 0.0234375 0.0234375
0 0.1640625 0.1064453125 0.0390625 0.037109375
0 0.66796875 0.142578125 0.078125 0.12109375
0 0.0087890625 0.0986328125 0.017578125 0.041015625
0 0.333984375 0.099609375 0.12109375 0.07421875
0 0.6123046875 0.1162109375 0.080078125 0.123046875
0 0.0966796875 0.0810546875 0.091796875 0.068359375
0 0.9794921875 0.0859375 0.041015625 0.12109375
0 0.00390625 0.0263671875 0.0078125 0.013671875
0 0.9296875 0.076171875 0.05859375 0.12109375
0 0.845703125 0.072265625 0.06640625 0.1171875
0 0.544921875 0.0615234375 0.06640625 0.103515625
0 0.2294921875 0.0458984375 0.083984375 0.080078125
0 0.79296875 0.05078125 0.06640625 0.1015625
0 0.712890625 0.0341796875 0.05859375 0.068359375
0 0.6494140625 0.01953125 0.044921875 0.0390625
0 0.4853515625 0.044921875 0.064453125 0.08984375
0 0.3974609375 0.0302734375 0.068359375 0.060546875
0 0.328125 0.0166015625 0.03515625 0.033203125
0 0.1044921875 0.015625 0.044921875 0.03125
0 0.05859375 0.0029296875 0.01171875 0.005859375