0 0.3359375 0.9970703125 0.015625 0.005859375
0 0.142578125 0.9970703125 0.01171875 0.005859375
0 0.53515625 0.9951171875 0.03515625 0.009765625
0 0.740234375 0.9931640625 0.015625 0.013671875
0 0.599609375 0.986328125 0.03515625 0.02734375
0 0.658203125 0.9765625 0.01953125 0.0234375
0 0.80859375 0.970703125 0.04296875 0.03125
0 0.43359375 0.9521484375 0.02734375 0.033203125
0 0.6796875 0.9453125 0.01953125 0.0234375
0 0.75 0.9501953125 0.02734375 0.037109375
0 0.3505859375 0.9384765625 0.025390625 0.033203125
0 0.5615234375 0.9169921875 0.041015625 0.029296875
0 0.7587890625 0.904296875 0.025390625 0.03125
0 0.6865234375 0.896484375 0.017578125 0.015625
0 0.419921875 0.890625 0.0234375 0.03515625
0 0.33984375 0.8701171875 0.02734375 0.037109375
0 0.4931640625 0.8759765625 0.033203125 0.056640625
0 0.9443359375 0.8935546875 0.060546875 0.095703125
0 0.689453125 0.859375 0.03515625 0.02734375
0 0.5927734375 0.8359375 0.037109375 0.0390625
0 0.4013671875 0.8134765625 0.025390625 0.033203125
0 0.330078125 0.8134765625 0.02734375 0.033203125
0 0.4912109375 0.8134765625 0.033203125 0.044921875
0 0.580078125 0.7724609375 0.03125 0.041015625
0 0.40625 0.7568359375 0.03125 0.037109375
0 0.01171875 0.740234375 0.0234375 0.02734375
0 0.4931640625 0.7431640625 0.033203125 0.052734375
0 0.0830078125 0.7314453125 0.037109375 0.029296875
0 0.314453125 0.7294921875 0.02734375 0.037109375
0 0.0771484375 0.705078125 0.021484375 0.015625
0 0.5712890625 0.7138671875 0.021484375 0.037109375
0 0.396484375 0.6982421875 0.0234375 0.041015625
0 0.48828125 0.6806640625 0.02734375 0.041015625
0 0.3154296875 0.6669921875 0.017578125 0.021484375
0 0.0478515625 0.6591796875 0.025390625 0.025390625
0 0.3095703125 0.6416015625 0.017578125 0.017578125
0 0.400390625 0.6416015625 0.0234375 0.037109375
0 0.5654296875 0.6357421875 0.025390625 0.033203125
0 0.4892578125 0.61328125 0.025390625 0.03515625
0 0.30859375 0.591796875 0.02734375 0.04296875
0 0.705078125 0.5849609375 0.03125 0.037109375
0 0.3955078125 0.5810546875 0.021484375 0.037109375
0 0.5791015625 0.572265625 0.037109375 0.02734375
0 0.02734375 0.578125 0.03515625 0.046875
0 0.9248046875 0.5654296875 0.025390625 0.029296875
0 0.4814453125 0.5595703125 0.041015625 0.025390625
0 0.94921875 0.552734375 0.0234375 0.03515625
0 0.7666015625 0.546875 0.025390625 0.0234375
0 0.6689453125 0.53125 0.037109375 0.02734375
0 0.84375 0.5244140625 0.03515625 0.029296875
0 0.404296875 0.525390625 0.02734375 0.03515625
0 0.9853515625 0.5126953125 0.025390625 0.029296875
0 0.3154296875 0.5146484375 0.025390625 0.041015625
0 0.91015625 0.498046875 0.02734375 0.03515625
0 0.5732421875 0.4814453125 0.037109375 0.025390625
0 0.5107421875 0.4755859375 0.037109375 0.029296875
0 0.935546875 0.46875 0.02734375 0.02734375
0 0.7216796875 0.47265625 0.029296875 0.03515625
0 0.6396484375 0.4658203125 0.041015625 0.029296875
0 0.451171875 0.4482421875 0.04296875 0.033203125
0 0.3994140625 0.4306640625 0.052734375 0.037109375
0 0.33203125 0.41015625 0.046875 0.03125
0 0.947265625 0.36328125 0.0234375 0.02734375
0 0.8837890625 0.287109375 0.025390625 0.02734375
0 0.9873046875 0.220703125 0.025390625 0.03125
0 0.8759765625 0.1923828125 0.025390625 0.025390625
0 0.732421875 0.1962890625 0.0390625 0.041015625
0 0.6240234375 0.1748046875 0.021484375 0.033203125
0 0.9638671875 0.134765625 0.033203125 0.03515625
0 0.6083984375 0.111328125 0.025390625 0.0234375
0 0.6884765625 0.1201171875 0.037109375 0.052734375
0 0.94140625 0.0966796875 0.03125 0.029296875
0 0.587890625 0.041015625 0.0390625 0.01953125
0 0.908203125 0.029296875 0.0390625 0.03515625
0 0.734375 0.0205078125 0.03515625 0.029296875
0 0.998046875 0.001953125 0.00390625 0.00390625