0 0.5478515625 0.8798828125 0.048828125 0.041015625
0 0.31640625 0.767578125 0.13671875 0.109375
0 0.8681640625 0.7587890625 0.263671875 0.111328125
0 0.00390625 0.6162109375 0.0078125 0.017578125
0 0.396484375 0.66015625 0.10546875 0.13671875
0 0.0029296875 0.5712890625 0.005859375 0.009765625
0 0.654296875 0.5908203125 0.0625 0.060546875
0 0.8134765625 0.578125 0.162109375 0.078125
0 0.6943359375 0.564453125 0.044921875 0.05078125
0 0.52734375 0.5751953125 0.08203125 0.076171875
0 0.0947265625 0.57421875 0.072265625 0.07421875
0 0.5029296875 0.548828125 0.041015625 0.03515625
0 0.7255859375 0.541015625 0.044921875 0.046875
0 0.1220703125 0.5380859375 0.052734375 0.044921875
0 0.6083984375 0.5263671875 0.068359375 0.056640625
0 0.33203125 0.541015625 0.125 0.09765625
0 0.2392578125 0.5009765625 0.064453125 0.072265625
0 0.03125 0.51171875 0.0625 0.1171875
0 0.5634765625 0.484375 0.083984375 0.08203125
0 0.6767578125 0.4716796875 0.072265625 0.072265625
0 0.3251953125 0.4736328125 0.068359375 0.083984375
0 0.275390625 0.44921875 0.03515625 0.04296875
0 0.8642578125 0.4599609375 0.099609375 0.076171875
0 0.294921875 0.4169921875 0.0234375 0.029296875
0 0.7705078125 0.41015625 0.025390625 0.02734375
0 0.1171875 0.4091796875 0.015625 0.037109375
0 0.6318359375 0.4189453125 0.072265625 0.068359375
0 0.16015625 0.4140625 0.02734375 0.06640625
0 0.2216796875 0.419921875 0.029296875 0.10546875
0 0.2783203125 0.3740234375 0.072265625 0.033203125
0 0.966796875 0.3642578125 0.06640625 0.068359375
0 0.1328125 0.3564453125 0.05859375 0.052734375
0 0.69140625 0.375 0.078125 0.10546875
0 0.013671875 0.3212890625 0.02734375 0.041015625
0 0.11328125 0.318359375 0.04296875 0.046875
0 0.41796875 0.2822265625 0.03125 0.033203125
0 0.767578125 0.294921875 0.09765625 0.07421875
0 0.189453125 0.298828125 0.06640625 0.0859375
0 0.259765625 0.2919921875 0.1015625 0.095703125
0 0.0771484375 0.2890625 0.072265625 0.09375
0 0.5615234375 0.2421875 0.017578125 0.02734375
0 0.9580078125 0.2666015625 0.076171875 0.083984375
0 0.2109375 0.240234375 0.05078125 0.0390625
0 0.1357421875 0.234375 0.033203125 0.03515625
0 0.3994140625 0.2255859375 0.021484375 0.021484375
0 0.5234375 0.2265625 0.0390625 0.05078125
0 0.02734375 0.2392578125 0.0546875 0.103515625
0 0.4521484375 0.2216796875 0.048828125 0.072265625
0 0.404296875 0.2001953125 0.0390625 0.033203125
0 0.4951171875 0.193359375 0.033203125 0.0234375
0 0.1845703125 0.2060546875 0.060546875 0.056640625
0 0.5537109375 0.1943359375 0.029296875 0.037109375
0 0.3251953125 0.2333984375 0.130859375 0.126953125
0 0.4248046875 0.173828125 0.033203125 0.0390625
0 0.490234375 0.1630859375 0.02734375 0.029296875
0 0.8701171875 0.1943359375 0.037109375 0.095703125
0 0.400390625 0.154296875 0.03515625 0.03515625
0 0.1240234375 0.1787109375 0.060546875 0.091796875
0 0.599609375 0.1552734375 0.0859375 0.060546875
0 0.52734375 0.1416015625 0.03515625 0.033203125
0 0.1884765625 0.1328125 0.029296875 0.02734375
0 0.046875 0.15234375 0.09375 0.078125
0 0.1982421875 0.111328125 0.029296875 0.02734375
0 0.0966796875 0.115234375 0.044921875 0.04296875
0 0.58203125 0.1123046875 0.0390625 0.041015625
0 0.3525390625 0.134765625 0.087890625 0.0859375
0 0.6630859375 0.1220703125 0.044921875 0.068359375
0 0.708984375 0.1064453125 0.0234375 0.052734375
0 0.2099609375 0.0908203125 0.029296875 0.025390625
0 0.62109375 0.0966796875 0.04296875 0.044921875
0 0.7470703125 0.0830078125 0.029296875 0.021484375
0 0.005859375 0.0810546875 0.01171875 0.025390625
0 0.0546875 0.0791015625 0.046875 0.052734375
0 0.26953125 0.06640625 0.03125 0.03125
0 0.21875 0.0634765625 0.03125 0.033203125
0 0.0908203125 0.0419921875 0.060546875 0.060546875
0 0.0087890625 0.0244140625 0.017578125 0.033203125
0 0.1201171875 0.0126953125 0.017578125 0.021484375
0 0.9794921875 0.025390625 0.041015625 0.05078125
0 0.7841796875 0.0205078125 0.052734375 0.041015625
0 0.70703125 0.02734375 0.04296875 0.0546875
0 0.6171875 0.0302734375 0.109375 0.060546875
0 0.3095703125 0.0966796875 0.205078125 0.193359375
0 0.302734375 0.01953125 0.046875 0.0390625
0 0.25 0.0244140625 0.04296875 0.048828125
0 0.185546875 0.060546875 0.078125 0.12109375
0 0.1474609375 0.046875 0.060546875 0.09375
0 0.044921875 0.0048828125 0.015625 0.009765625