0 0.333984375 0.98828125 0.03515625 0.0234375
0 0.34765625 0.9677734375 0.03515625 0.029296875
0 0.462890625 0.7041015625 0.0390625 0.033203125
0 0.4990234375 0.6689453125 0.033203125 0.037109375
0 0.4169921875 0.6279296875 0.025390625 0.029296875
0 0.5322265625 0.6181640625 0.025390625 0.025390625
0 0.4560546875 0.607421875 0.029296875 0.02734375
0 0.4912109375 0.5947265625 0.029296875 0.025390625
0 0.4462890625 0.5859375 0.021484375 0.01953125
0 0.3583984375 0.5830078125 0.025390625 0.025390625
0 0.5478515625 0.5791015625 0.037109375 0.029296875
0 0.3876953125 0.5732421875 0.029296875 0.029296875
0 0.44921875 0.5625 0.015625 0.015625
0 0.5185546875 0.55859375 0.025390625 0.0234375
0 0.421875 0.556640625 0.02734375 0.0234375
0 0.55859375 0.5537109375 0.04296875 0.029296875
0 0.470703125 0.5390625 0.0234375 0.0234375
0 0.50390625 0.5234375 0.046875 0.03125
0 0.54296875 0.5068359375 0.015625 0.021484375
0 0.353515625 0.509765625 0.03125 0.03125
0 0.576171875 0.494140625 0.02734375 0.02734375
0 0.3896484375 0.4931640625 0.029296875 0.033203125
0 0.306640625 0.474609375 0.0234375 0.0234375
0 0.43359375 0.47265625 0.0390625 0.03125
0 0.41015625 0.4580078125 0.01953125 0.017578125
0 0.4765625 0.453125 0.02734375 0.03125
0 0.2939453125 0.4501953125 0.025390625 0.025390625
0 0.5234375 0.4453125 0.02734375 0.0234375
0 0.400390625 0.4423828125 0.015625 0.017578125
0 0.3310546875 0.4345703125 0.025390625 0.025390625
0 0.44921875 0.42578125 0.015625 0.015625
0 0.5517578125 0.427734375 0.029296875 0.02734375
0 0.3662109375 0.431640625 0.029296875 0.03515625
0 0.5205078125 0.4150390625 0.017578125 0.017578125
0 0.5390625 0.40625 0.01953125 0.015625
0 0.49609375 0.404296875 0.015625 0.015625
0 0.412109375 0.4130859375 0.03515625 0.037109375
0 0.6015625 0.3994140625 0.02734375 0.029296875
0 0.626953125 0.3896484375 0.01171875 0.013671875
0 0.4453125 0.3935546875 0.02734375 0.033203125
0 0.2412109375 0.39453125 0.044921875 0.0390625
0 0.2861328125 0.384765625 0.025390625 0.02734375
0 0.619140625 0.3759765625 0.015625 0.013671875
0 0.470703125 0.384765625 0.03125 0.03125
0 0.3115234375 0.376953125 0.025390625 0.02734375
0 0.591796875 0.375 0.03125 0.02734375
0 0.509765625 0.373046875 0.0390625 0.02734375
0 0.3349609375 0.3564453125 0.021484375 0.025390625
0 0.5869140625 0.349609375 0.041015625 0.02734375
0 0.578125 0.322265625 0.0390625 0.02734375
0 0.3740234375 0.314453125 0.017578125 0.015625
0 0.4130859375 0.3203125 0.044921875 0.0390625
0 0.4677734375 0.302734375 0.029296875 0.03125
0 0.556640625 0.2802734375 0.0234375 0.029296875
0 0.6689453125 0.2568359375 0.025390625 0.029296875
0 0.435546875 0.251953125 0.0234375 0.0234375
0 0.4677734375 0.24609375 0.037109375 0.03515625
0 0.544921875 0.240234375 0.04296875 0.03125
0 0.669921875 0.2294921875 0.0390625 0.025390625
0 0.541015625 0.2119140625 0.0546875 0.029296875
0 0.67578125 0.205078125 0.0390625 0.02734375
0 0.4541015625 0.2021484375 0.025390625 0.037109375
0 0.68359375 0.18359375 0.0390625 0.02734375
0 0.6923828125 0.1611328125 0.037109375 0.029296875
0 0.509765625 0.16796875 0.046875 0.05078125
0 0.43359375 0.1513671875 0.04296875 0.064453125
0 0.701171875 0.1259765625 0.03515625 0.025390625
0 0.4990234375 0.1279296875 0.041015625 0.029296875
0 0.9267578125 0.119140625 0.044921875 0.0390625
0 0.98828125 0.1025390625 0.01953125 0.013671875
0 0.490234375 0.10546875 0.04296875 0.02734375
0 0.416015625 0.1005859375 0.02734375 0.025390625
0 0.7177734375 0.0888671875 0.033203125 0.029296875
0 0.6015625 0.0859375 0.0234375 0.03125
0 0.474609375 0.0810546875 0.03125 0.025390625
0 0.404296875 0.0703125 0.02734375 0.01953125
0 0.62890625 0.0810546875 0.03125 0.048828125
0 0.65625 0.072265625 0.02734375 0.04296875
0 0.4677734375 0.0595703125 0.033203125 0.029296875
0 0.8662109375 0.0556640625 0.029296875 0.029296875
0 0.3955078125 0.0517578125 0.029296875 0.029296875
0 0.7265625 0.0458984375 0.05859375 0.025390625
0 0.55859375 0.029296875 0.02734375 0.01953125
0 0.458984375 0.0302734375 0.02734375 0.025390625
0 0.5224609375 0.0087890625 0.013671875 0.013671875
0 0.701171875 0.0029296875 0.015625 0.005859375
0 0.662109375 0.005859375 0.02734375 0.01171875
0 0.623046875 0.0126953125 0.03125 0.025390625
0 0.548828125 0.0078125 0.03515625 0.015625