0 0.0703125 0.1240234375 0.0234375 0.025390625
0 0.0859375 0.107421875 0.02734375 0.02734375
0 0.02734375 0.1005859375 0.02734375 0.025390625
0 0.0068359375 0.08203125 0.013671875 0.0234375
0 0.107421875 0.0849609375 0.02734375 0.033203125
0 0.134765625 0.060546875 0.02734375 0.03125
0 0.0263671875 0.0498046875 0.029296875 0.029296875
0 0.158203125 0.037109375 0.04296875 0.04296875
0 0.0546875 0.0283203125 0.03125 0.033203125
0 0.2060546875 0.0068359375 0.021484375 0.013671875
0 0.0771484375 0.01171875 0.033203125 0.0234375