0 0.1787109375 0.9931640625 0.029296875 0.013671875
0 0.2255859375 0.9912109375 0.013671875 0.017578125
0 0.2529296875 0.990234375 0.025390625 0.01953125
0 0.0263671875 0.9873046875 0.044921875 0.025390625
0 0.8671875 0.986328125 0.046875 0.02734375
0 0.3232421875 0.9775390625 0.017578125 0.021484375
0 0.3408203125 0.95703125 0.017578125 0.01171875
0 0.201171875 0.939453125 0.01953125 0.01953125
0 0.361328125 0.9365234375 0.015625 0.029296875
0 0.7978515625 0.9375 0.052734375 0.05078125
0 0.2578125 0.9287109375 0.01953125 0.033203125
0 0.318359375 0.9208984375 0.01953125 0.033203125
0 0.0576171875 0.912109375 0.037109375 0.03515625
0 0.703125 0.9013671875 0.015625 0.017578125
0 0.1474609375 0.896484375 0.029296875 0.02734375
0 0.748046875 0.8955078125 0.03515625 0.033203125
0 0.927734375 0.8994140625 0.05078125 0.056640625
0 0.0869140625 0.880859375 0.021484375 0.01953125
0 0.2509765625 0.884765625 0.029296875 0.03125
0 0.3173828125 0.880859375 0.017578125 0.02734375
0 0.337890625 0.8662109375 0.015625 0.013671875
0 0.02734375 0.8701171875 0.04296875 0.033203125
0 0.705078125 0.8681640625 0.03125 0.033203125
0 0.337890625 0.8447265625 0.01953125 0.013671875
0 0.79296875 0.837890625 0.015625 0.01953125
0 0.2265625 0.841796875 0.04296875 0.03125
0 0.0478515625 0.837890625 0.033203125 0.03125
0 0.314453125 0.8310546875 0.01953125 0.033203125
0 0.97265625 0.830078125 0.046875 0.046875
0 0.6669921875 0.826171875 0.041015625 0.0390625
0 0.57421875 0.806640625 0.015625 0.015625
0 0.0927734375 0.8017578125 0.033203125 0.029296875
0 0.2451171875 0.7978515625 0.025390625 0.025390625
0 0.7919921875 0.7958984375 0.037109375 0.029296875
0 0.314453125 0.787109375 0.0234375 0.03125
0 0.599609375 0.783203125 0.02734375 0.02734375
0 0.24609375 0.7626953125 0.03125 0.021484375
0 0.130859375 0.7548828125 0.03125 0.033203125
0 0.7275390625 0.7509765625 0.033203125 0.037109375
0 0.0224609375 0.7451171875 0.029296875 0.033203125
0 0.3125 0.7431640625 0.02734375 0.033203125
0 0.556640625 0.7421875 0.03515625 0.03515625
0 0.482421875 0.7265625 0.015625 0.015625
0 0.25 0.7265625 0.0234375 0.0234375
0 0.21875 0.7275390625 0.01953125 0.025390625
0 0.0537109375 0.7197265625 0.029296875 0.029296875
0 0.423828125 0.7177734375 0.02734375 0.029296875
0 0.447265625 0.7060546875 0.0234375 0.025390625
0 0.5380859375 0.703125 0.025390625 0.02734375
0 0.2509765625 0.7001953125 0.021484375 0.021484375
0 0.79296875 0.703125 0.046875 0.04296875
0 0.6533203125 0.705078125 0.033203125 0.046875
0 0.482421875 0.693359375 0.0234375 0.02734375
0 0.07421875 0.6943359375 0.02734375 0.033203125
0 0.1943359375 0.697265625 0.052734375 0.0546875
0 0.9873046875 0.6865234375 0.025390625 0.037109375
0 0.607421875 0.6748046875 0.02734375 0.029296875
0 0.521484375 0.6748046875 0.03515625 0.029296875
0 0.0244140625 0.666015625 0.017578125 0.01953125
0 0.3505859375 0.662109375 0.025390625 0.0234375
0 0.228515625 0.666015625 0.03125 0.03125
0 0.69140625 0.66796875 0.03515625 0.0390625
0 0.81640625 0.6630859375 0.04296875 0.041015625
0 0.9130859375 0.6591796875 0.033203125 0.037109375
0 0.1279296875 0.6572265625 0.029296875 0.033203125
0 0.3798828125 0.6474609375 0.029296875 0.025390625
0 0.2470703125 0.6416015625 0.029296875 0.029296875
0 0.9345703125 0.6357421875 0.025390625 0.025390625
0 0.416015625 0.6357421875 0.03125 0.025390625
0 0.0068359375 0.62890625 0.013671875 0.0234375
0 0.4423828125 0.623046875 0.021484375 0.01953125
0 0.2919921875 0.6328125 0.017578125 0.0390625
0 0.044921875 0.6240234375 0.02734375 0.041015625
0 0.4716796875 0.6123046875 0.025390625 0.021484375
0 0.88671875 0.6162109375 0.03125 0.033203125
0 0.71484375 0.6123046875 0.046875 0.025390625
0 0.8408203125 0.609375 0.048828125 0.03125
0 0.0966796875 0.603515625 0.029296875 0.03125
0 0.6455078125 0.5888671875 0.017578125 0.017578125
0 0.310546875 0.59765625 0.03125 0.03515625
0 0.513671875 0.591796875 0.0234375 0.02734375
0 0.125 0.5966796875 0.0234375 0.037109375
0 0.171875 0.58984375 0.05078125 0.03125
0 0.4541015625 0.5830078125 0.025390625 0.025390625
0 0.6708984375 0.5810546875 0.037109375 0.037109375
0 0.5830078125 0.57421875 0.017578125 0.02734375
0 0.990234375 0.57421875 0.01953125 0.03125
0 0.333984375 0.580078125 0.0546875 0.046875
0 0.7978515625 0.5576171875 0.013671875 0.013671875
0 0.0029296875 0.5576171875 0.005859375 0.013671875
0 0.515625 0.5537109375 0.0234375 0.017578125
0 0.3740234375 0.5517578125 0.068359375 0.037109375
0 0.03515625 0.5498046875 0.03125 0.033203125
0 0.958984375 0.5478515625 0.03125 0.033203125
0 0.0712890625 0.541015625 0.029296875 0.03515625
0 0.9921875 0.5283203125 0.015625 0.017578125
0 0.7890625 0.5302734375 0.02734375 0.029296875
0 0.7197265625 0.5283203125 0.025390625 0.029296875
0 0.6259765625 0.52734375 0.029296875 0.02734375
0 0.4111328125 0.5302734375 0.037109375 0.037109375
0 0.1328125 0.525390625 0.03125 0.03125
0 0.90234375 0.52734375 0.03125 0.0390625
0 0.1708984375 0.517578125 0.029296875 0.01953125
0 0.0419921875 0.5185546875 0.021484375 0.021484375
0 0.525390625 0.5126953125 0.015625 0.013671875
0 0.380859375 0.51953125 0.02734375 0.02734375
0 0.48046875 0.517578125 0.03125 0.03125
0 0.197265625 0.5068359375 0.01953125 0.033203125
0 0.8291015625 0.50390625 0.033203125 0.03125
0 0.732421875 0.5029296875 0.02734375 0.029296875
0 0.9345703125 0.490234375 0.025390625 0.03125
0 0.07421875 0.4755859375 0.02734375 0.029296875
0 0.75390625 0.474609375 0.0390625 0.03125
0 0.603515625 0.4736328125 0.015625 0.029296875
0 0.3203125 0.46875 0.0234375 0.01953125
0 0.8583984375 0.470703125 0.029296875 0.02734375
0 0.24609375 0.48046875 0.03125 0.0625
0 0.6748046875 0.4599609375 0.033203125 0.029296875
0 0.3583984375 0.4521484375 0.021484375 0.021484375
0 0.783203125 0.4453125 0.02734375 0.02734375
0 0.015625 0.44921875 0.02734375 0.03515625
0 0.595703125 0.427734375 0.01953125 0.02734375
0 0.83984375 0.4208984375 0.015625 0.017578125
0 0.0576171875 0.4306640625 0.029296875 0.037109375
0 0.6533203125 0.4169921875 0.013671875 0.021484375
0 0.099609375 0.421875 0.0234375 0.03515625
0 0.9052734375 0.41796875 0.029296875 0.03125
0 0.8056640625 0.4208984375 0.033203125 0.037109375
0 0.3720703125 0.41796875 0.033203125 0.0390625
0 0.1298828125 0.416015625 0.025390625 0.03515625
0 0.1884765625 0.4091796875 0.021484375 0.025390625
0 0.158203125 0.412109375 0.0234375 0.03125
0 0.2734375 0.4033203125 0.02734375 0.021484375
0 0.2294921875 0.4091796875 0.021484375 0.033203125
0 0.30859375 0.4013671875 0.01953125 0.021484375
0 0.7197265625 0.404296875 0.029296875 0.03125
0 0.603515625 0.3984375 0.01953125 0.01953125
0 0.33984375 0.3984375 0.01953125 0.01953125
0 0.0029296875 0.388671875 0.005859375 0.0078125
0 0.8310546875 0.3935546875 0.033203125 0.029296875
0 0.7470703125 0.373046875 0.029296875 0.02734375
0 0.5966796875 0.3671875 0.017578125 0.01953125
0 0.0390625 0.37109375 0.05078125 0.03515625
0 0.853515625 0.365234375 0.02734375 0.02734375
0 0.669921875 0.361328125 0.03125 0.03125
0 0.1044921875 0.353515625 0.025390625 0.02734375
0 0.1533203125 0.34765625 0.017578125 0.0234375
0 0.12890625 0.3486328125 0.0234375 0.033203125
0 0.1806640625 0.341796875 0.025390625 0.02734375
0 0.775390625 0.341796875 0.02734375 0.03125
0 0.2099609375 0.3388671875 0.017578125 0.025390625
0 0.2294921875 0.3369140625 0.017578125 0.025390625
0 0.1474609375 0.3095703125 0.017578125 0.017578125
0 0.798828125 0.3134765625 0.03125 0.029296875
0 0.884765625 0.2880859375 0.01953125 0.013671875
0 0.7158203125 0.28125 0.025390625 0.0234375
0 0.859375 0.2802734375 0.02734375 0.029296875
0 0.7568359375 0.2744140625 0.029296875 0.033203125
0 0.349609375 0.3056640625 0.16796875 0.099609375
0 0.4873046875 0.2783203125 0.041015625 0.068359375
0 0.9150390625 0.25390625 0.017578125 0.03515625
0 0.80859375 0.2529296875 0.01953125 0.033203125
0 0.9423828125 0.251953125 0.017578125 0.03515625
0 0.5771484375 0.265625 0.064453125 0.06640625
0 0.2080078125 0.1005859375 0.177734375 0.111328125
0 0.998046875 0.0439453125 0.00390625 0.005859375
0 0.3154296875 0.0283203125 0.017578125 0.017578125
0 0.349609375 0.03515625 0.0546875 0.04296875
0 0.478515625 0.029296875 0.07421875 0.046875
0 0.3388671875 0.0068359375 0.025390625 0.013671875
0 0.0078125 0.0068359375 0.015625 0.013671875