0 0.4140625 0.9951171875 0.01953125 0.009765625
0 0.603515625 0.9931640625 0.015625 0.013671875
0 0.412109375 0.966796875 0.01953125 0.0234375
0 0.69140625 0.9599609375 0.0234375 0.017578125
0 0.4091796875 0.93359375 0.021484375 0.0234375
0 0.9521484375 0.947265625 0.048828125 0.10546875
0 0.8701171875 0.9453125 0.048828125 0.109375
0 0.3994140625 0.8896484375 0.025390625 0.033203125
0 0.6845703125 0.89453125 0.041015625 0.0546875
0 0.751953125 0.7958984375 0.0078125 0.005859375
0 0.37890625 0.798828125 0.03515625 0.03515625
0 0.4677734375 0.7919921875 0.025390625 0.029296875
0 0.5224609375 0.8876953125 0.080078125 0.224609375
0 0.3271484375 0.7802734375 0.029296875 0.025390625
0 0.880859375 0.80078125 0.05078125 0.13671875
0 0.96875 0.8037109375 0.0625 0.146484375
0 0.3330078125 0.7265625 0.033203125 0.03125
0 0.5859375 0.8349609375 0.2578125 0.267578125
0 0.2724609375 0.6982421875 0.025390625 0.029296875
0 0.22265625 0.6943359375 0.03515625 0.025390625
0 0.181640625 0.689453125 0.02734375 0.01953125
0 0.12890625 0.6904296875 0.02734375 0.029296875
0 0.912109375 0.6591796875 0.11328125 0.064453125
0 0.3916015625 0.6318359375 0.033203125 0.033203125
0 0.3427734375 0.626953125 0.033203125 0.02734375
0 0.21875 0.619140625 0.03515625 0.03515625
0 0.3193359375 0.5986328125 0.041015625 0.033203125
0 0.4013671875 0.591796875 0.021484375 0.02734375
0 0.1845703125 0.587890625 0.029296875 0.03125
0 0.2880859375 0.57421875 0.029296875 0.03125
0 0.150390625 0.5634765625 0.03515625 0.029296875
0 0.4033203125 0.5546875 0.021484375 0.0234375
0 0.9208984375 0.568359375 0.099609375 0.05859375
0 0.263671875 0.5498046875 0.03125 0.029296875
0 0.99609375 0.5224609375 0.0078125 0.017578125
0 0.404296875 0.5205078125 0.03125 0.025390625
0 0.2392578125 0.51171875 0.033203125 0.0546875
0 0.2724609375 0.48828125 0.025390625 0.02734375
0 0.41015625 0.4794921875 0.01953125 0.029296875
0 0.193359375 0.46875 0.0390625 0.03515625
0 0.306640625 0.4619140625 0.0390625 0.033203125
0 0.1650390625 0.4443359375 0.041015625 0.033203125
0 0.4140625 0.4384765625 0.0234375 0.025390625
0 0.630859375 0.4619140625 0.046875 0.080078125
0 0.5625 0.4541015625 0.05078125 0.080078125
0 0.2236328125 0.427734375 0.037109375 0.04296875
0 0.33203125 0.4228515625 0.03125 0.041015625
0 0.4169921875 0.4013671875 0.025390625 0.025390625
0 0.962890625 0.421875 0.07421875 0.0703125
0 0.1484375 0.40625 0.0390625 0.046875
0 0.2568359375 0.400390625 0.033203125 0.0390625
0 0.11328125 0.388671875 0.03125 0.03125
0 0.3388671875 0.37890625 0.021484375 0.02734375
0 0.5029296875 0.4033203125 0.048828125 0.080078125
0 0.4169921875 0.3681640625 0.029296875 0.025390625
0 0.08984375 0.365234375 0.03125 0.02734375
0 0.267578125 0.353515625 0.0234375 0.03515625
0 0.421875 0.3291015625 0.0234375 0.025390625
0 0.0732421875 0.333984375 0.037109375 0.03515625
0 0.3359375 0.328125 0.02734375 0.03515625
0 0.19140625 0.3193359375 0.03125 0.021484375
0 0.14453125 0.314453125 0.03515625 0.03125
0 0.896484375 0.30078125 0.01953125 0.01953125
0 0.244140625 0.30859375 0.04296875 0.03515625
0 0.962890625 0.2958984375 0.046875 0.021484375
0 0.0419921875 0.30078125 0.033203125 0.03125
0 0.4267578125 0.2900390625 0.017578125 0.025390625
0 0.1083984375 0.29296875 0.033203125 0.0390625
0 0.8193359375 0.2890625 0.048828125 0.0390625
0 0.31640625 0.279296875 0.03125 0.0234375
0 0.9345703125 0.2666015625 0.021484375 0.017578125
0 0.8974609375 0.267578125 0.021484375 0.02734375
0 0.8349609375 0.2626953125 0.021484375 0.017578125
0 0.51171875 0.287109375 0.046875 0.08203125
0 0.3642578125 0.26171875 0.041015625 0.03125
0 0.0166015625 0.2587890625 0.021484375 0.029296875
0 0.1748046875 0.2490234375 0.029296875 0.025390625
0 0.423828125 0.25 0.03515625 0.0390625
0 0.220703125 0.240234375 0.03515625 0.0390625
0 0.9052734375 0.2236328125 0.029296875 0.017578125
0 0.99609375 0.2275390625 0.0078125 0.029296875
0 0.9619140625 0.23046875 0.044921875 0.03515625
0 0.8330078125 0.22265625 0.025390625 0.0234375
0 0.08203125 0.2255859375 0.02734375 0.029296875
0 0.0185546875 0.22265625 0.029296875 0.02734375
0 0.2607421875 0.220703125 0.037109375 0.03125
0 0.1552734375 0.20703125 0.025390625 0.03125
0 0.6494140625 0.2294921875 0.044921875 0.080078125
0 0.2998046875 0.20703125 0.033203125 0.03515625
0 0.5576171875 0.2021484375 0.080078125 0.044921875
0 0.33984375 0.193359375 0.04296875 0.0390625
0 0.0166015625 0.189453125 0.029296875 0.03125
0 0.1865234375 0.177734375 0.029296875 0.02734375
0 0.0849609375 0.1787109375 0.029296875 0.033203125
0 0.380859375 0.177734375 0.03515625 0.03515625
0 0.427734375 0.1708984375 0.03515625 0.033203125
0 0.99609375 0.158203125 0.0078125 0.01171875
0 0.9091796875 0.162109375 0.029296875 0.01953125
0 0.8271484375 0.173828125 0.041015625 0.04296875
0 0.6845703125 0.1640625 0.017578125 0.0234375
0 0.220703125 0.162109375 0.0234375 0.0234375
0 0.9443359375 0.158203125 0.021484375 0.02734375
0 0.9736328125 0.15625 0.017578125 0.02734375
0 0.3359375 0.1455078125 0.0234375 0.017578125
0 0.2509765625 0.1474609375 0.033203125 0.025390625
0 0.0234375 0.1513671875 0.03125 0.033203125
0 0.953125 0.130859375 0.015625 0.015625
0 0.28515625 0.1337890625 0.02734375 0.025390625
0 0.908203125 0.1318359375 0.03125 0.025390625
0 0.10546875 0.138671875 0.0390625 0.0390625
0 0.4375 0.12890625 0.01953125 0.0234375
0 0.3154296875 0.125 0.025390625 0.03125
0 0.8388671875 0.125 0.029296875 0.0390625
0 0.021484375 0.1171875 0.01953125 0.0234375
0 0.3544921875 0.109375 0.029296875 0.03125
0 0.9072265625 0.0966796875 0.021484375 0.021484375
0 0.1669921875 0.0986328125 0.029296875 0.037109375
0 0.435546875 0.091796875 0.02734375 0.03125
0 0.388671875 0.091796875 0.03515625 0.03125
0 0.0625 0.072265625 0.01953125 0.015625
0 0.544921875 0.103515625 0.046875 0.08203125
0 0.025390625 0.078125 0.0234375 0.03125
0 0.9921875 0.07421875 0.015625 0.02734375
0 0.658203125 0.1015625 0.05078125 0.08203125
0 0.228515625 0.076171875 0.02734375 0.03515625
0 0.9609375 0.0732421875 0.01953125 0.033203125
0 0.92578125 0.0673828125 0.0234375 0.021484375
0 0.150390625 0.064453125 0.02734375 0.03125
0 0.8427734375 0.0576171875 0.033203125 0.029296875
0 0.283203125 0.0556640625 0.03125 0.037109375
0 0.029296875 0.0458984375 0.01953125 0.021484375
0 0.318359375 0.0439453125 0.03515625 0.029296875
0 0.0556640625 0.0302734375 0.017578125 0.013671875
0 0.845703125 0.0283203125 0.02734375 0.017578125
0 0.1376953125 0.0341796875 0.025390625 0.033203125
0 0.353515625 0.029296875 0.03125 0.03125
0 0.2138671875 0.0341796875 0.029296875 0.044921875
0 0.388671875 0.021484375 0.03125 0.0234375
0 0.99609375 0.0078125 0.0078125 0.015625
0 0.9638671875 0.0078125 0.017578125 0.015625
0 0.9208984375 0.0087890625 0.037109375 0.017578125
0 0.8515625 0.0068359375 0.01953125 0.013671875
0 0.5302734375 0.025390625 0.044921875 0.05078125
0 0.4462890625 0.0107421875 0.021484375 0.021484375
0 0.1220703125 0.0078125 0.025390625 0.015625
0 0.029296875 0.0087890625 0.0234375 0.017578125