0 0.005859375 0.9140625 0.01171875 0.02734375
0 0.5107421875 0.8642578125 0.029296875 0.033203125
0 0.0517578125 0.853515625 0.025390625 0.0234375
0 0.083984375 0.8388671875 0.03125 0.025390625
0 0.037109375 0.828125 0.02734375 0.02734375
0 0.208984375 0.81640625 0.0234375 0.0234375
0 0.2646484375 0.810546875 0.021484375 0.0234375
0 0.1669921875 0.814453125 0.021484375 0.03125
0 0.22265625 0.7958984375 0.0078125 0.005859375
0 0.01171875 0.8037109375 0.0234375 0.029296875
0 0.1728515625 0.7919921875 0.017578125 0.009765625
0 0.369140625 0.8046875 0.03125 0.0390625
0 0.07421875 0.7939453125 0.03515625 0.025390625
0 0.4560546875 0.79296875 0.041015625 0.03125
0 0.408203125 0.7958984375 0.03515625 0.041015625
0 0.505859375 0.77734375 0.04296875 0.03125
0 0.1787109375 0.763671875 0.017578125 0.01953125
0 0.0556640625 0.76953125 0.033203125 0.03125
0 0.5830078125 0.765625 0.041015625 0.02734375
0 0.791015625 0.7568359375 0.0234375 0.037109375
0 0.6337890625 0.7421875 0.021484375 0.0234375
0 0.693359375 0.7314453125 0.0234375 0.021484375
0 0.5791015625 0.734375 0.041015625 0.02734375
0 0.20703125 0.7333984375 0.0234375 0.029296875
0 0.1572265625 0.7373046875 0.025390625 0.037109375
0 0.2333984375 0.732421875 0.025390625 0.03125
0 0.7822265625 0.7275390625 0.029296875 0.025390625
0 0.4970703125 0.7314453125 0.037109375 0.033203125
0 0.6162109375 0.72265625 0.017578125 0.01953125
0 0.029296875 0.734375 0.03515625 0.046875
0 0.2861328125 0.712890625 0.025390625 0.03125
0 0.5771484375 0.70703125 0.048828125 0.0234375
0 0.6826171875 0.7060546875 0.029296875 0.025390625
0 0.3408203125 0.705078125 0.029296875 0.0234375
0 0.0029296875 0.693359375 0.005859375 0.0078125
0 0.765625 0.7001953125 0.02734375 0.025390625
0 0.0810546875 0.6953125 0.033203125 0.03515625
0 0.8447265625 0.6875 0.048828125 0.02734375
0 0.4970703125 0.689453125 0.029296875 0.03125
0 0.669921875 0.6806640625 0.0234375 0.021484375
0 0.568359375 0.677734375 0.04296875 0.03125
0 0.201171875 0.666015625 0.0234375 0.02734375
0 0.064453125 0.6640625 0.0234375 0.0234375
0 0.6513671875 0.6572265625 0.033203125 0.029296875
0 0.14453125 0.65234375 0.02734375 0.01953125
0 0.2509765625 0.6552734375 0.033203125 0.033203125
0 0.5615234375 0.6494140625 0.037109375 0.025390625
0 0.9619140625 0.6484375 0.037109375 0.0390625
0 0.490234375 0.6455078125 0.03125 0.033203125
0 0.0458984375 0.6396484375 0.033203125 0.029296875
0 0.7578125 0.638671875 0.0390625 0.03515625
0 0.7236328125 0.6328125 0.025390625 0.0234375
0 0.3447265625 0.6318359375 0.025390625 0.033203125
0 0.638671875 0.625 0.02734375 0.0234375
0 0.5576171875 0.6240234375 0.041015625 0.025390625
0 0.7568359375 0.607421875 0.037109375 0.02734375
0 0.7119140625 0.60546875 0.037109375 0.02734375
0 0.6259765625 0.6015625 0.025390625 0.0234375
0 0.576171875 0.595703125 0.01953125 0.01171875
0 0.482421875 0.6064453125 0.02734375 0.033203125
0 0.1455078125 0.6064453125 0.025390625 0.037109375
0 0.015625 0.6005859375 0.03125 0.029296875
0 0.18359375 0.59375 0.02734375 0.0234375
0 0.552734375 0.5869140625 0.02734375 0.025390625
0 0.8603515625 0.580078125 0.025390625 0.0234375
0 0.091796875 0.580078125 0.03125 0.02734375
0 0.998046875 0.5654296875 0.00390625 0.009765625
0 0.2919921875 0.576171875 0.029296875 0.03125
0 0.4765625 0.5634765625 0.02734375 0.029296875
0 0.546875 0.5576171875 0.03515625 0.021484375
0 0.775390625 0.55078125 0.01953125 0.0234375
0 0.60546875 0.552734375 0.03125 0.03125
0 0.8544921875 0.5478515625 0.029296875 0.025390625
0 0.677734375 0.5439453125 0.03515625 0.029296875
0 0.4541015625 0.5380859375 0.021484375 0.017578125
0 0.056640625 0.5380859375 0.0234375 0.021484375
0 0.171875 0.5341796875 0.03125 0.029296875
0 0.9892578125 0.5361328125 0.021484375 0.037109375
0 0.3115234375 0.5341796875 0.029296875 0.033203125
0 0.236328125 0.5263671875 0.0234375 0.021484375
0 0.5419921875 0.521484375 0.029296875 0.02734375
0 0.1171875 0.5166015625 0.0234375 0.021484375
0 0.8427734375 0.5078125 0.021484375 0.02734375
0 0.4560546875 0.509765625 0.029296875 0.03125
0 0.9111328125 0.5087890625 0.033203125 0.033203125
0 0.1904296875 0.5029296875 0.029296875 0.021484375
0 0.6650390625 0.5078125 0.033203125 0.03515625
0 0.58203125 0.51171875 0.03125 0.04296875
0 0.748046875 0.5029296875 0.0390625 0.029296875
0 0.52734375 0.498046875 0.0234375 0.01953125
0 0.1005859375 0.4970703125 0.017578125 0.021484375
0 0.970703125 0.486328125 0.01953125 0.0234375
0 0.5322265625 0.4775390625 0.013671875 0.013671875
0 0.03515625 0.486328125 0.02734375 0.03125
0 0.90625 0.4794921875 0.03125 0.021484375
0 0.130859375 0.482421875 0.0234375 0.03125
0 0.6552734375 0.474609375 0.029296875 0.0234375
0 0.240234375 0.466796875 0.03515625 0.01953125
0 0.5166015625 0.462890625 0.025390625 0.03515625
0 0.1357421875 0.4541015625 0.017578125 0.017578125
0 0.548828125 0.4609375 0.02734375 0.03515625
0 0.0830078125 0.45703125 0.029296875 0.02734375
0 0.5771484375 0.4521484375 0.025390625 0.025390625
0 0.900390625 0.4462890625 0.02734375 0.025390625
0 0.203125 0.4443359375 0.02734375 0.029296875
0 0.837890625 0.447265625 0.03515625 0.046875
0 0.7041015625 0.4345703125 0.017578125 0.021484375
0 0.9619140625 0.431640625 0.025390625 0.01953125
0 0.6728515625 0.4345703125 0.037109375 0.025390625
0 0.9873046875 0.4208984375 0.017578125 0.025390625
0 0.1884765625 0.4208984375 0.029296875 0.025390625
0 0.7666015625 0.41796875 0.025390625 0.02734375
0 0.1259765625 0.419921875 0.029296875 0.03125
0 0.056640625 0.41796875 0.02734375 0.03515625
0 0.8203125 0.4091796875 0.0234375 0.033203125
0 0.24609375 0.4072265625 0.02734375 0.029296875
0 0.8505859375 0.404296875 0.021484375 0.03515625
0 0.8720703125 0.396484375 0.021484375 0.02734375
0 0.5498046875 0.3935546875 0.025390625 0.021484375
0 0.1064453125 0.39453125 0.025390625 0.0234375
0 0.8955078125 0.3935546875 0.021484375 0.029296875
0 0.5087890625 0.392578125 0.025390625 0.02734375
0 0.037109375 0.3935546875 0.02734375 0.033203125
0 0.947265625 0.3828125 0.0234375 0.03125
0 0.630859375 0.37890625 0.03515625 0.0234375
0 0.2294921875 0.3798828125 0.029296875 0.025390625
0 0.9765625 0.376953125 0.0234375 0.03125
0 0.1669921875 0.375 0.029296875 0.03125
0 0.0791015625 0.3740234375 0.033203125 0.029296875
0 0.287109375 0.3701171875 0.03125 0.029296875
0 0.689453125 0.36328125 0.02734375 0.0234375
0 0.724609375 0.359375 0.02734375 0.03125
0 0.6630859375 0.3525390625 0.017578125 0.017578125
0 0.271484375 0.3505859375 0.01953125 0.013671875
0 0.76953125 0.3544921875 0.0234375 0.033203125
0 0.212890625 0.3486328125 0.02734375 0.025390625
0 0.6298828125 0.3427734375 0.044921875 0.025390625
0 0.8232421875 0.33984375 0.029296875 0.02734375
0 0.427734375 0.3388671875 0.0390625 0.025390625
0 0.8662109375 0.3310546875 0.025390625 0.029296875
0 0.2685546875 0.3291015625 0.025390625 0.025390625
0 0.8935546875 0.3212890625 0.021484375 0.021484375
0 0.1328125 0.3251953125 0.02734375 0.029296875
0 0.794921875 0.314453125 0.01953125 0.015625
0 0.5 0.3251953125 0.03515625 0.037109375
0 0.3017578125 0.3154296875 0.033203125 0.029296875
0 0.931640625 0.3125 0.0390625 0.02734375
0 0.630859375 0.3095703125 0.02734375 0.029296875
0 0.5458984375 0.3076171875 0.025390625 0.029296875
0 0.3349609375 0.3037109375 0.029296875 0.029296875
0 0.984375 0.30078125 0.0234375 0.02734375
0 0.1787109375 0.3017578125 0.037109375 0.029296875
0 0.658203125 0.2978515625 0.0234375 0.033203125
0 0.681640625 0.2919921875 0.0234375 0.029296875
0 0.37109375 0.2900390625 0.02734375 0.025390625
0 0.5166015625 0.28125 0.017578125 0.015625
0 0.7099609375 0.2841796875 0.021484375 0.025390625
0 0.76953125 0.2763671875 0.0234375 0.021484375
0 0.740234375 0.2783203125 0.02734375 0.025390625
0 0.1630859375 0.2783203125 0.029296875 0.029296875
0 0.1279296875 0.2744140625 0.021484375 0.021484375
0 0.4091796875 0.2724609375 0.029296875 0.025390625
0 0.23046875 0.2734375 0.03125 0.03125
0 0.8251953125 0.2666015625 0.025390625 0.025390625
0 0.859375 0.26171875 0.01953125 0.02734375
0 0.890625 0.2578125 0.0234375 0.02734375
0 0.521484375 0.25390625 0.03125 0.0234375
0 0.2646484375 0.2578125 0.025390625 0.03515625
0 0.9228515625 0.251953125 0.025390625 0.02734375
0 0.31640625 0.2470703125 0.02734375 0.021484375
0 0.955078125 0.2490234375 0.0234375 0.029296875
0 0.1494140625 0.2490234375 0.029296875 0.029296875
0 0.6083984375 0.2412109375 0.025390625 0.021484375
0 0.6640625 0.234375 0.03125 0.0234375
0 0.3447265625 0.234375 0.029296875 0.0234375
0 0.46875 0.2373046875 0.0390625 0.041015625
0 0.732421875 0.224609375 0.0234375 0.01953125
0 0.376953125 0.224609375 0.02734375 0.0234375
0 0.2080078125 0.2255859375 0.021484375 0.025390625
0 0.0966796875 0.2197265625 0.017578125 0.017578125
0 0.134765625 0.2197265625 0.02734375 0.025390625
0 0.5302734375 0.2158203125 0.033203125 0.021484375
0 0.7841796875 0.21484375 0.025390625 0.0234375
0 0.6083984375 0.2119140625 0.025390625 0.025390625
0 0.849609375 0.2041015625 0.0234375 0.017578125
0 0.6591796875 0.2060546875 0.033203125 0.025390625
0 0.728515625 0.193359375 0.02734375 0.01953125
0 0.9072265625 0.193359375 0.033203125 0.0234375
0 0.1181640625 0.193359375 0.033203125 0.0234375
0 0.0888671875 0.1904296875 0.021484375 0.017578125
0 0.4453125 0.1953125 0.03515625 0.03125
0 0.970703125 0.1875 0.03125 0.0234375
0 0.7802734375 0.18359375 0.025390625 0.0234375
0 0.603515625 0.181640625 0.03515625 0.0234375
0 0.8427734375 0.177734375 0.029296875 0.01953125
0 0.5263671875 0.177734375 0.029296875 0.01953125
0 0.22265625 0.1826171875 0.03125 0.029296875
0 0.6552734375 0.17578125 0.029296875 0.0234375
0 0.1875 0.171875 0.02734375 0.02734375
0 0.904296875 0.16796875 0.03125 0.0234375
0 0.7216796875 0.1669921875 0.029296875 0.025390625
0 0.1083984375 0.166015625 0.025390625 0.02734375
0 0.9658203125 0.1572265625 0.029296875 0.021484375
0 0.7744140625 0.154296875 0.025390625 0.01953125
0 0.5927734375 0.154296875 0.021484375 0.01953125
0 0.4111328125 0.1533203125 0.029296875 0.029296875
0 0.8388671875 0.1474609375 0.029296875 0.021484375
0 0.3310546875 0.150390625 0.037109375 0.02734375
0 0.0947265625 0.1416015625 0.033203125 0.025390625
0 0.8974609375 0.1376953125 0.029296875 0.021484375
0 0.169921875 0.1416015625 0.03125 0.029296875
0 0.453125 0.1318359375 0.01953125 0.021484375
0 0.2724609375 0.138671875 0.033203125 0.03515625
0 0.71875 0.130859375 0.03515625 0.02734375
0 0.7734375 0.1259765625 0.0234375 0.021484375
0 0.8349609375 0.1181640625 0.029296875 0.021484375
0 0.0751953125 0.12109375 0.033203125 0.02734375
0 0.6416015625 0.11328125 0.033203125 0.01953125
0 0.484375 0.1181640625 0.02734375 0.033203125
0 0.8935546875 0.1103515625 0.029296875 0.021484375
0 0.2177734375 0.115234375 0.048828125 0.0390625
0 0.9599609375 0.115234375 0.033203125 0.046875
0 0.5869140625 0.0966796875 0.029296875 0.017578125
0 0.7646484375 0.09765625 0.033203125 0.0234375
0 0.2451171875 0.09765625 0.033203125 0.0390625
0 0.830078125 0.087890625 0.02734375 0.0234375
0 0.71875 0.0966796875 0.04296875 0.041015625
0 0.623046875 0.08203125 0.015625 0.015625
0 0.146484375 0.0908203125 0.03515625 0.037109375
0 0.8896484375 0.080078125 0.029296875 0.0234375
0 0.001953125 0.0712890625 0.00390625 0.005859375
0 0.70703125 0.0751953125 0.02734375 0.021484375
0 0.751953125 0.072265625 0.01953125 0.01953125
0 0.953125 0.068359375 0.03125 0.0234375
0 0.4052734375 0.0712890625 0.037109375 0.029296875
0 0.119140625 0.068359375 0.02734375 0.0234375
0 0.037109375 0.0693359375 0.02734375 0.025390625
0 0.587890625 0.0654296875 0.03515625 0.021484375
0 0.3525390625 0.0703125 0.033203125 0.03515625
0 0.2763671875 0.0634765625 0.029296875 0.029296875
0 0.830078125 0.0576171875 0.03125 0.021484375
0 0.634765625 0.056640625 0.03125 0.01953125
0 0.498046875 0.0576171875 0.0234375 0.021484375
0 0.181640625 0.060546875 0.03515625 0.03515625
0 0.8857421875 0.048828125 0.029296875 0.0234375
0 0.37109375 0.05078125 0.0234375 0.02734375
0 0.7060546875 0.046875 0.021484375 0.0234375
0 0.1025390625 0.046875 0.029296875 0.02734375
0 0.5810546875 0.0400390625 0.029296875 0.021484375
0 0.2109375 0.04296875 0.02734375 0.02734375
0 0.9482421875 0.0400390625 0.029296875 0.025390625
0 0.755859375 0.037109375 0.02734375 0.01953125
0 0.998046875 0.0283203125 0.00390625 0.013671875
0 0.8251953125 0.029296875 0.025390625 0.01953125
0 0.6337890625 0.02734375 0.017578125 0.01953125
0 0.2451171875 0.02734375 0.029296875 0.02734375
0 0.4912109375 0.0224609375 0.025390625 0.021484375
0 0.0859375 0.0263671875 0.03125 0.029296875
0 0.8828125 0.0185546875 0.02734375 0.021484375
0 0.701171875 0.0146484375 0.02734375 0.017578125
0 0.9443359375 0.0126953125 0.029296875 0.021484375
0 0.99609375 0.0078125 0.0078125 0.015625
0 0.751953125 0.0087890625 0.02734375 0.017578125
0 0.626953125 0.0048828125 0.0234375 0.009765625
0 0.57421875 0.0087890625 0.02734375 0.017578125
0 0.4814453125 0.001953125 0.017578125 0.00390625
0 0.3515625 0.001953125 0.00390625 0.00390625
0 0.2255859375 0.0107421875 0.033203125 0.021484375
0 0.125 0.001953125 0.00390625 0.00390625
0 0.076171875 0.01171875 0.04296875 0.0234375