0 0.515625 0.7236328125 0.02734375 0.021484375
0 0.6689453125 0.71875 0.025390625 0.015625
0 0.564453125 0.720703125 0.0234375 0.01953125
0 0.5986328125 0.7216796875 0.033203125 0.025390625
0 0.482421875 0.716796875 0.0234375 0.015625
0 0.638671875 0.716796875 0.015625 0.01953125
0 0.43359375 0.712890625 0.02734375 0.0234375
0 0.595703125 0.6953125 0.02734375 0.015625
0 0.5634765625 0.6943359375 0.025390625 0.013671875
0 0.673828125 0.69140625 0.0234375 0.01171875
0 0.6416015625 0.6904296875 0.017578125 0.013671875
0 0.5126953125 0.69140625 0.029296875 0.015625
0 0.4814453125 0.6884765625 0.025390625 0.017578125
0 0.4365234375 0.6884765625 0.021484375 0.017578125
0 0.9765625 0.6904296875 0.046875 0.056640625
0 0.671875 0.6640625 0.02734375 0.015625
0 0.5947265625 0.662109375 0.025390625 0.015625
0 0.560546875 0.6630859375 0.0234375 0.021484375
0 0.4814453125 0.662109375 0.025390625 0.01953125
0 0.5126953125 0.6591796875 0.029296875 0.017578125
0 0.4033203125 0.6640625 0.029296875 0.03125
0 0.9931640625 0.6474609375 0.013671875 0.013671875
0 0.5927734375 0.6357421875 0.029296875 0.017578125
0 0.720703125 0.6337890625 0.02734375 0.017578125
0 0.65234375 0.6416015625 0.05859375 0.033203125
0 0.5625 0.634765625 0.0234375 0.01953125
0 0.5126953125 0.6328125 0.029296875 0.015625
0 0.4814453125 0.6318359375 0.025390625 0.017578125
0 0.39453125 0.630859375 0.0234375 0.02734375
0 0.9970703125 0.619140625 0.005859375 0.01171875
0 0.7490234375 0.6220703125 0.025390625 0.021484375
0 0.3525390625 0.62109375 0.033203125 0.0234375
0 0.87109375 0.65625 0.10546875 0.11328125
0 0.3330078125 0.60546875 0.009765625 0.01171875
0 0.5126953125 0.60546875 0.029296875 0.015625
0 0.7177734375 0.603515625 0.025390625 0.015625
0 0.560546875 0.60546875 0.03125 0.01953125
0 0.4296875 0.6064453125 0.03515625 0.021484375
0 0.6552734375 0.603515625 0.060546875 0.01953125
0 0.5908203125 0.6015625 0.025390625 0.01953125
0 0.48046875 0.6005859375 0.02734375 0.017578125
0 0.830078125 0.5830078125 0.015625 0.013671875
0 0.7958984375 0.5859375 0.033203125 0.01953125
0 0.3583984375 0.5859375 0.013671875 0.01953125
0 0.7509765625 0.572265625 0.029296875 0.015625
0 0.716796875 0.5703125 0.0234375 0.01171875
0 0.669921875 0.5703125 0.02734375 0.015625
0 0.5576171875 0.5712890625 0.025390625 0.017578125
0 0.5126953125 0.5712890625 0.029296875 0.017578125
0 0.4755859375 0.5703125 0.025390625 0.01953125
0 0.6396484375 0.5673828125 0.025390625 0.017578125
0 0.591796875 0.568359375 0.02734375 0.01953125
0 0.9833984375 0.5693359375 0.033203125 0.025390625
0 0.4326171875 0.5654296875 0.025390625 0.017578125
0 0.3984375 0.5693359375 0.01953125 0.025390625
0 0.8974609375 0.5537109375 0.017578125 0.021484375
0 0.8603515625 0.560546875 0.041015625 0.03515625
0 0.8232421875 0.5576171875 0.017578125 0.029296875
0 0.79296875 0.55859375 0.0234375 0.03125
0 0.6689453125 0.5458984375 0.025390625 0.013671875
0 0.716796875 0.544921875 0.0234375 0.015625
0 0.748046875 0.5478515625 0.01953125 0.025390625
0 0.6357421875 0.5439453125 0.025390625 0.017578125
0 0.3544921875 0.5537109375 0.021484375 0.037109375
0 0.5595703125 0.5439453125 0.025390625 0.025390625
0 0.505859375 0.541015625 0.01953125 0.0234375
0 0.4326171875 0.541015625 0.021484375 0.0234375
0 0.3984375 0.541015625 0.01953125 0.0234375
0 0.12890625 0.6044921875 0.125 0.150390625
0 0.591796875 0.5419921875 0.02734375 0.029296875
0 0.474609375 0.541015625 0.01953125 0.02734375
0 0.7451171875 0.4990234375 0.017578125 0.021484375
0 0.634765625 0.49609375 0.01953125 0.015625
0 0.7158203125 0.4990234375 0.029296875 0.025390625
0 0.666015625 0.498046875 0.01953125 0.0234375
0 0.5537109375 0.4931640625 0.025390625 0.021484375
0 0.7958984375 0.494140625 0.017578125 0.02734375
0 0.5859375 0.4921875 0.01953125 0.0234375
0 0.4736328125 0.4921875 0.029296875 0.02734375
0 0.4326171875 0.4873046875 0.021484375 0.017578125
0 0.5068359375 0.490234375 0.025390625 0.02734375
0 0.896484375 0.484375 0.015625 0.01953125
0 0.822265625 0.4833984375 0.015625 0.017578125
0 0.845703125 0.482421875 0.015625 0.01953125
0 0.8720703125 0.4814453125 0.017578125 0.029296875
0 0.3935546875 0.482421875 0.021484375 0.03125
0 0.71484375 0.466796875 0.02734375 0.015625
0 0.666015625 0.4677734375 0.02734375 0.017578125
0 0.5537109375 0.466796875 0.025390625 0.015625
0 0.6318359375 0.4619140625 0.021484375 0.013671875
0 0.583984375 0.462890625 0.0234375 0.01953125
0 0.5068359375 0.4599609375 0.025390625 0.017578125
0 0.4755859375 0.462890625 0.025390625 0.0234375
0 0.3505859375 0.458984375 0.025390625 0.01953125
0 0.4267578125 0.4580078125 0.025390625 0.021484375
0 0.798828125 0.4501953125 0.0234375 0.017578125
0 0.74609375 0.4541015625 0.01953125 0.037109375
0 0.712890625 0.4423828125 0.03125 0.017578125
0 0.552734375 0.44140625 0.0234375 0.015625
0 0.6298828125 0.439453125 0.021484375 0.015625
0 0.6650390625 0.4384765625 0.025390625 0.017578125
0 0.583984375 0.4375 0.0234375 0.01953125
0 0.5068359375 0.4365234375 0.025390625 0.017578125
0 0.4287109375 0.4345703125 0.021484375 0.013671875
0 0.3505859375 0.435546875 0.025390625 0.015625
0 0.4765625 0.4375 0.02734375 0.0234375
0 0.8583984375 0.4326171875 0.017578125 0.025390625
0 0.8349609375 0.435546875 0.021484375 0.03125
0 0.88671875 0.427734375 0.0234375 0.03125
0 0.798828125 0.421875 0.0234375 0.01953125
0 0.7099609375 0.4189453125 0.025390625 0.017578125
0 0.552734375 0.4150390625 0.0234375 0.017578125
0 0.630859375 0.4140625 0.01953125 0.01953125
0 0.583984375 0.4150390625 0.0234375 0.021484375
0 0.505859375 0.4140625 0.0234375 0.01953125
0 0.4716796875 0.4130859375 0.017578125 0.021484375
0 0.431640625 0.412109375 0.015625 0.0234375
0 0.34375 0.408203125 0.03515625 0.02734375
0 0.7451171875 0.3935546875 0.021484375 0.025390625
0 0.4248046875 0.388671875 0.029296875 0.015625
0 0.505859375 0.388671875 0.0234375 0.01953125
0 0.4716796875 0.388671875 0.017578125 0.01953125
0 0.583984375 0.38671875 0.0234375 0.01953125
0 0.552734375 0.38671875 0.0234375 0.01953125
0 0.7099609375 0.3837890625 0.021484375 0.017578125
0 0.630859375 0.384765625 0.01953125 0.01953125
0 0.6640625 0.3955078125 0.03125 0.044921875
0 0.8017578125 0.3720703125 0.033203125 0.017578125
0 0.3935546875 0.3837890625 0.017578125 0.041015625
0 0.345703125 0.375 0.03125 0.0234375
0 0.505859375 0.3662109375 0.0234375 0.017578125
0 0.4736328125 0.3662109375 0.025390625 0.017578125
0 0.423828125 0.3662109375 0.03125 0.021484375
0 0.83984375 0.3642578125 0.01953125 0.029296875
0 0.8642578125 0.3544921875 0.013671875 0.033203125
0 0.3935546875 0.3486328125 0.013671875 0.021484375
0 0.3447265625 0.3427734375 0.033203125 0.021484375
0 0.7958984375 0.333984375 0.025390625 0.01953125
0 0.7099609375 0.333984375 0.017578125 0.0234375
0 0.685546875 0.333984375 0.01953125 0.0234375
0 0.630859375 0.333984375 0.01953125 0.03125
0 0.6083984375 0.3310546875 0.017578125 0.025390625
0 0.560546875 0.333984375 0.015625 0.03125
0 0.744140625 0.330078125 0.01953125 0.02734375
0 0.6611328125 0.3310546875 0.017578125 0.029296875
0 0.5830078125 0.330078125 0.021484375 0.03125
0 0.5341796875 0.330078125 0.017578125 0.03125
0 0.4775390625 0.330078125 0.025390625 0.0390625
0 0.00390625 0.3251953125 0.0078125 0.029296875
0 0.3369140625 0.3125 0.044921875 0.0234375
0 0.9560546875 0.388671875 0.072265625 0.18359375
0 0.6826171875 0.30078125 0.017578125 0.015625
0 0.794921875 0.2998046875 0.02734375 0.017578125
0 0.7392578125 0.298828125 0.017578125 0.015625
0 0.7080078125 0.30078125 0.021484375 0.01953125
0 0.4111328125 0.31640625 0.056640625 0.0703125
0 0.998046875 0.2822265625 0.00390625 0.021484375
0 0.7080078125 0.2783203125 0.021484375 0.017578125
0 0.79296875 0.2763671875 0.02734375 0.017578125
0 0.7392578125 0.275390625 0.025390625 0.015625
0 0.1171875 0.267578125 0.015625 0.015625
0 0.3447265625 0.26953125 0.025390625 0.04296875
0 0.3046875 0.26953125 0.0234375 0.04296875
0 0.4658203125 0.263671875 0.029296875 0.03515625
0 0.423828125 0.26171875 0.01953125 0.03125
0 0.3876953125 0.26171875 0.017578125 0.03125
0 0.5009765625 0.2626953125 0.033203125 0.037109375
0 0.57421875 0.265625 0.078125 0.046875
0 0.8359375 0.2529296875 0.0234375 0.033203125
0 0.9716796875 0.248046875 0.013671875 0.02734375
0 0.94921875 0.2451171875 0.01953125 0.021484375
0 0.92578125 0.2470703125 0.0234375 0.025390625
0 0.90625 0.2509765625 0.0234375 0.033203125
0 0.7890625 0.2470703125 0.01953125 0.025390625
0 0.6494140625 0.2548828125 0.037109375 0.041015625
0 0.7294921875 0.2470703125 0.056640625 0.029296875
0 0.9921875 0.2470703125 0.015625 0.033203125
0 0.564453125 0.203125 0.01953125 0.0234375
0 0.673828125 0.197265625 0.01953125 0.0234375
0 0.6533203125 0.197265625 0.017578125 0.0234375
0 0.873046875 0.185546875 0.015625 0.015625
0 0.9140625 0.1865234375 0.0234375 0.025390625
0 0.9970703125 0.1845703125 0.005859375 0.025390625
0 0.9716796875 0.18359375 0.021484375 0.02734375
0 0.6708984375 0.1748046875 0.017578125 0.009765625
0 0.388671875 0.1806640625 0.03125 0.076171875
0 0.900390625 0.15625 0.0234375 0.03125
0 0.9609375 0.1474609375 0.0234375 0.017578125
0 0.6416015625 0.16796875 0.068359375 0.07421875
0 0.9609375 0.1181640625 0.03515625 0.021484375
0 0.234375 0.162109375 0.25390625 0.13671875
0 0.646484375 0.1005859375 0.02734375 0.021484375
0 0.859375 0.10546875 0.03125 0.03515625
0 0.5087890625 0.1513671875 0.072265625 0.126953125
0 0.4375 0.15234375 0.046875 0.12890625
0 0.9609375 0.0888671875 0.03515625 0.021484375
0 0.751953125 0.12109375 0.12890625 0.0859375
0 0.888671875 0.060546875 0.03125 0.01953125
0 0.8466796875 0.060546875 0.021484375 0.01953125
0 0.9501953125 0.0556640625 0.033203125 0.025390625
0 0.0712890625 0.0576171875 0.033203125 0.048828125
0 0.8916015625 0.0380859375 0.021484375 0.017578125
0 0.8662109375 0.0419921875 0.017578125 0.025390625
0 0.591796875 0.04296875 0.02734375 0.02734375
0 0.9541015625 0.0283203125 0.033203125 0.021484375
0 0.94921875 0.0078125 0.02734375 0.015625
0 0.890625 0.0078125 0.015625 0.015625
0 0.8642578125 0.009765625 0.013671875 0.01953125
0 0.8330078125 0.0078125 0.021484375 0.015625
0 0.677734375 0.0078125 0.08984375 0.015625
0 0.193359375 0.0302734375 0.16015625 0.060546875