0 0.2216796875 0.998046875 0.005859375 0.00390625
0 0.533203125 0.99609375 0.0234375 0.0078125
0 0.1064453125 0.99609375 0.017578125 0.0078125
0 0.201171875 0.994140625 0.0234375 0.01171875
0 0.169921875 0.994140625 0.02734375 0.01171875
0 0.2607421875 0.9921875 0.048828125 0.015625
0 0.396484375 0.9892578125 0.01953125 0.021484375
0 0.974609375 0.9853515625 0.01953125 0.021484375
0 0.9140625 0.9853515625 0.02734375 0.021484375
0 0.53515625 0.9775390625 0.0234375 0.017578125
0 0.5771484375 0.9775390625 0.025390625 0.021484375
0 0.3525390625 0.9794921875 0.017578125 0.025390625
0 0.1025390625 0.97265625 0.025390625 0.01953125
0 0.3955078125 0.966796875 0.017578125 0.015625
0 0.275390625 0.9677734375 0.01953125 0.021484375
0 0.6748046875 0.9775390625 0.025390625 0.044921875
0 0.6416015625 0.9765625 0.025390625 0.046875
0 0.484375 0.96484375 0.02734375 0.03125
0 0.9697265625 0.9560546875 0.017578125 0.017578125
0 0.1767578125 0.955078125 0.033203125 0.01953125
0 0.9140625 0.9541015625 0.0234375 0.021484375
0 0.4228515625 0.9541015625 0.025390625 0.033203125
0 0.10546875 0.9462890625 0.01953125 0.017578125
0 0.4521484375 0.955078125 0.021484375 0.0390625
0 0.537109375 0.9462890625 0.02734375 0.029296875
0 0.37890625 0.9404296875 0.0625 0.025390625
0 0.2666015625 0.9326171875 0.041015625 0.021484375
0 0.90625 0.9248046875 0.0390625 0.021484375
0 0.06640625 0.9189453125 0.0078125 0.009765625
0 0.966796875 0.923828125 0.01953125 0.0234375
0 0.001953125 0.908203125 0.00390625 0.00390625
0 0.4814453125 0.9130859375 0.021484375 0.017578125
0 0.1728515625 0.9189453125 0.025390625 0.037109375
0 0.0966796875 0.91015625 0.033203125 0.0234375
0 0.564453125 0.90625 0.01953125 0.0234375
0 0.048828125 0.900390625 0.015625 0.01953125
0 0.9697265625 0.8955078125 0.025390625 0.017578125
0 0.8984375 0.89453125 0.0390625 0.01953125
0 0.44140625 0.8955078125 0.03125 0.021484375
0 0.404296875 0.8935546875 0.02734375 0.021484375
0 0.2841796875 0.8935546875 0.021484375 0.021484375
0 0.0185546875 0.896484375 0.021484375 0.03125
0 0.349609375 0.8857421875 0.015625 0.025390625
0 0.556640625 0.875 0.01953125 0.01953125
0 0.5029296875 0.873046875 0.021484375 0.015625
0 0.1474609375 0.875 0.029296875 0.01953125
0 0.2841796875 0.8681640625 0.021484375 0.021484375
0 0.185546875 0.87109375 0.01953125 0.03125
0 0.220703125 0.873046875 0.03125 0.0390625
0 0.9853515625 0.83984375 0.021484375 0.0234375
0 0.95703125 0.83984375 0.01953125 0.0234375
0 0.8994140625 0.8369140625 0.021484375 0.025390625
0 0.93359375 0.8349609375 0.01953125 0.029296875
0 0.8779296875 0.8203125 0.013671875 0.015625
0 0.5361328125 0.8203125 0.033203125 0.015625
0 0.1171875 0.82421875 0.03125 0.0234375
0 0.05078125 0.82421875 0.03125 0.0234375
0 0.4580078125 0.8203125 0.017578125 0.0234375
0 0.3583984375 0.81640625 0.029296875 0.01953125
0 0.4892578125 0.814453125 0.017578125 0.0234375
0 0.3984375 0.814453125 0.015625 0.0234375
0 0.9736328125 0.8076171875 0.013671875 0.013671875
0 0.3818359375 0.80078125 0.013671875 0.01171875
0 0.1591796875 0.8076171875 0.025390625 0.025390625
0 0.5322265625 0.796875 0.013671875 0.01953125
0 0.412109375 0.79296875 0.01171875 0.015625
0 0.1884765625 0.7978515625 0.025390625 0.025390625
0 0.2177734375 0.794921875 0.021484375 0.0234375
0 0.0341796875 0.7939453125 0.033203125 0.025390625
0 0.2431640625 0.7939453125 0.025390625 0.033203125
0 0.279296875 0.783203125 0.03515625 0.01953125
0 0.935546875 0.7802734375 0.03125 0.025390625
0 0.8876953125 0.7783203125 0.033203125 0.029296875
0 0.208984375 0.771484375 0.015625 0.015625
0 0.0966796875 0.767578125 0.009765625 0.0078125
0 0.9755859375 0.7783203125 0.025390625 0.033203125
0 0.130859375 0.765625 0.0078125 0.0078125
0 0.529296875 0.76953125 0.01953125 0.01953125
0 0.4912109375 0.7666015625 0.009765625 0.017578125
0 0.353515625 0.765625 0.015625 0.01953125
0 0.158203125 0.7587890625 0.0078125 0.009765625
0 0.0224609375 0.7666015625 0.029296875 0.025390625
0 0.2841796875 0.76171875 0.033203125 0.01953125
0 0.46484375 0.7470703125 0.0234375 0.017578125
0 0.4375 0.744140625 0.01953125 0.01953125
0 0.0703125 0.7509765625 0.0234375 0.033203125
0 0.4052734375 0.740234375 0.029296875 0.015625
0 0.36328125 0.7392578125 0.03515625 0.017578125
0 0.1044921875 0.740234375 0.017578125 0.0234375
0 0.6064453125 0.7646484375 0.056640625 0.080078125
0 0.2919921875 0.734375 0.017578125 0.0234375
0 0.197265625 0.7314453125 0.0234375 0.021484375
0 0.1669921875 0.73046875 0.025390625 0.01953125
0 0.251953125 0.73046875 0.01953125 0.0234375
0 0.8701171875 0.7353515625 0.029296875 0.037109375
0 0.1396484375 0.7275390625 0.017578125 0.021484375
0 0.001953125 0.6982421875 0.00390625 0.005859375
0 0.5087890625 0.685546875 0.037109375 0.01953125
0 0.025390625 0.6865234375 0.015625 0.021484375
0 0.8916015625 0.6884765625 0.037109375 0.033203125
0 0.328125 0.6806640625 0.02734375 0.017578125
0 0.2900390625 0.6796875 0.025390625 0.015625
0 0.9853515625 0.6826171875 0.029296875 0.025390625
0 0.9423828125 0.6826171875 0.033203125 0.025390625
0 0.0703125 0.6767578125 0.0234375 0.017578125
0 0.4482421875 0.6787109375 0.017578125 0.029296875
0 0.421875 0.6796875 0.01953125 0.03125
0 0.39453125 0.677734375 0.015625 0.03125
0 0.36328125 0.67578125 0.0234375 0.02734375
0 0.73046875 0.677734375 0.03515625 0.04296875
0 0.1337890625 0.66796875 0.017578125 0.02734375
0 0.2060546875 0.66796875 0.021484375 0.03125
0 0.18359375 0.6669921875 0.01953125 0.029296875
0 0.2763671875 0.6572265625 0.009765625 0.013671875
0 0.1572265625 0.6669921875 0.021484375 0.033203125
0 0.23046875 0.6640625 0.01953125 0.0390625
0 0.01953125 0.6494140625 0.015625 0.017578125
0 0.076171875 0.6484375 0.01953125 0.01953125
0 0.59765625 0.6591796875 0.078125 0.068359375
0 0.291015625 0.6298828125 0.03125 0.017578125
0 0.0791015625 0.6181640625 0.037109375 0.021484375
0 0.47265625 0.6396484375 0.0703125 0.068359375
0 0.28125 0.6025390625 0.015625 0.009765625
0 0.1416015625 0.599609375 0.029296875 0.0234375
0 0.9501953125 0.6044921875 0.099609375 0.064453125
0 0.0751953125 0.5810546875 0.044921875 0.025390625
0 0.1435546875 0.5703125 0.025390625 0.01953125
0 0.0263671875 0.5712890625 0.017578125 0.021484375
0 0.146484375 0.546875 0.02734375 0.01953125
0 0.4013671875 0.5419921875 0.154296875 0.048828125
0 0.1474609375 0.5244140625 0.017578125 0.017578125
0 0.58203125 0.5341796875 0.08984375 0.130859375
0 0.1875 0.48046875 0.03515625 0.04296875
0 0.990234375 0.4638671875 0.01953125 0.048828125
0 0.923828125 0.5009765625 0.1015625 0.134765625
0 0.201171875 0.4462890625 0.0234375 0.025390625
0 0.583984375 0.4384765625 0.1171875 0.072265625
0 0.2255859375 0.4150390625 0.029296875 0.033203125
0 0.201171875 0.3671875 0.015625 0.015625
0 0.2568359375 0.3701171875 0.033203125 0.029296875
0 0.2119140625 0.33984375 0.029296875 0.03125
0 0.27734375 0.33984375 0.02734375 0.03515625
0 0.87109375 0.365234375 0.125 0.12109375
0 0.2294921875 0.3095703125 0.029296875 0.029296875
0 0.296875 0.3056640625 0.02734375 0.025390625
0 0.9677734375 0.3408203125 0.064453125 0.138671875
0 0.31640625 0.2744140625 0.02734375 0.025390625
0 0.2666015625 0.26171875 0.041015625 0.05078125
0 0.8125 0.2373046875 0.01171875 0.009765625
0 0.337890625 0.244140625 0.03125 0.02734375
0 0.8583984375 0.25390625 0.060546875 0.1015625
0 0.357421875 0.2080078125 0.03125 0.029296875
0 0.43359375 0.232421875 0.0625 0.08203125
0 0.298828125 0.2099609375 0.0390625 0.048828125
0 0.3779296875 0.177734375 0.025390625 0.01953125
0 0.328125 0.166015625 0.03125 0.03125
0 0.4052734375 0.154296875 0.037109375 0.03515625
0 0.3447265625 0.1328125 0.033203125 0.03125
0 0.5244140625 0.177734375 0.076171875 0.140625
0 0.4189453125 0.119140625 0.029296875 0.03125
0 0.365234375 0.099609375 0.02734375 0.02734375
0 0.380859375 0.0712890625 0.02734375 0.029296875
0 0.955078125 0.1162109375 0.08984375 0.123046875
0 0.8564453125 0.1181640625 0.052734375 0.138671875
0 0.3974609375 0.0400390625 0.025390625 0.025390625
0 0.9462890625 0.0166015625 0.044921875 0.033203125
0 0.86328125 0.013671875 0.04296875 0.02734375
0 0.6015625 0.0166015625 0.015625 0.033203125
0 0.51953125 0.0537109375 0.078125 0.107421875
0 0.4140625 0.0068359375 0.01953125 0.013671875