0 0.0537109375 0.994140625 0.021484375 0.01171875
0 0.44140625 0.9931640625 0.0234375 0.013671875
0 0.935546875 0.9921875 0.02734375 0.015625
0 0.47265625 0.9755859375 0.0390625 0.037109375
0 0.1298828125 0.9736328125 0.087890625 0.052734375
0 0.9912109375 0.9599609375 0.017578125 0.033203125
0 0.2001953125 0.96875 0.044921875 0.0625
0 0.521484375 0.9677734375 0.06640625 0.064453125
0 0.26171875 0.943359375 0.0390625 0.0625
0 0.6220703125 0.947265625 0.142578125 0.10546875
0 0.3056640625 0.91796875 0.060546875 0.05078125
0 0.0712890625 0.931640625 0.142578125 0.08203125
0 0.7177734375 0.9423828125 0.119140625 0.115234375
0 0.9951171875 0.8740234375 0.009765625 0.017578125
0 0.3740234375 0.9326171875 0.205078125 0.134765625
0 0.7734375 0.9130859375 0.1328125 0.134765625
0 0.396484375 0.875 0.11328125 0.0625
0 0.244140625 0.865234375 0.0546875 0.04296875
0 0.1640625 0.87890625 0.05859375 0.0703125
0 0.6328125 0.8720703125 0.0859375 0.064453125
0 0.5185546875 0.8359375 0.087890625 0.0625
0 0.0634765625 0.8251953125 0.111328125 0.068359375
0 0.767578125 0.8525390625 0.1953125 0.138671875
0 0.138671875 0.8115234375 0.05859375 0.076171875
0 0.876953125 0.8359375 0.24609375 0.2265625
0 0.490234375 0.7509765625 0.08984375 0.072265625
0 0.939453125 0.7587890625 0.12109375 0.107421875
0 0.0634765625 0.734375 0.126953125 0.07421875
0 0.3193359375 0.7529296875 0.263671875 0.154296875
0 0.474609375 0.68359375 0.08984375 0.08203125
0 0.919921875 0.689453125 0.16015625 0.09765625
0 0.15625 0.6513671875 0.0390625 0.048828125
0 0.9609375 0.6435546875 0.078125 0.064453125
0 0.0546875 0.6494140625 0.08203125 0.095703125
0 0.291015625 0.650390625 0.2890625 0.12890625
0 0.6259765625 0.6669921875 0.193359375 0.181640625
0 0.13671875 0.59375 0.04296875 0.05859375
0 0.2919921875 0.5947265625 0.240234375 0.123046875
0 0.0322265625 0.5537109375 0.064453125 0.044921875
0 0.2744140625 0.5380859375 0.240234375 0.115234375
0 0.4306640625 0.525390625 0.080078125 0.12890625
0 0.0263671875 0.48828125 0.052734375 0.08203125
0 0.9912109375 0.4658203125 0.017578125 0.048828125
0 0.658203125 0.5 0.3359375 0.1796875
0 0.2451171875 0.470703125 0.337890625 0.14453125
0 0.2578125 0.4140625 0.28515625 0.12890625
0 0.6240234375 0.4248046875 0.326171875 0.185546875
0 0.216796875 0.373046875 0.328125 0.1484375
0 0.865234375 0.3544921875 0.08984375 0.115234375
0 0.5986328125 0.3525390625 0.318359375 0.123046875
0 0.9169921875 0.3095703125 0.060546875 0.068359375
0 0.2587890625 0.2900390625 0.107421875 0.060546875
0 0.55859375 0.3037109375 0.2578125 0.111328125
0 0.720703125 0.2548828125 0.07421875 0.060546875
0 0.1953125 0.28125 0.125 0.1328125
0 0.0751953125 0.2841796875 0.130859375 0.150390625
0 0.3271484375 0.2412109375 0.056640625 0.080078125
0 0.564453125 0.2529296875 0.3359375 0.154296875
0 0.5244140625 0.185546875 0.091796875 0.05859375
0 0.9462890625 0.197265625 0.107421875 0.09375
0 0.8115234375 0.212890625 0.107421875 0.15234375
0 0.28515625 0.181640625 0.08203125 0.08984375
0 0.912109375 0.146484375 0.125 0.07421875
0 0.4736328125 0.1240234375 0.048828125 0.091796875
0 0.4326171875 0.1572265625 0.091796875 0.162109375
0 0.984375 0.09765625 0.03125 0.046875
0 0.37890625 0.1630859375 0.0859375 0.189453125
0 0.583984375 0.0966796875 0.046875 0.068359375
0 0.20703125 0.1318359375 0.16015625 0.138671875
0 0.5263671875 0.1044921875 0.056640625 0.087890625
0 0.78125 0.087890625 0.1171875 0.0703125
0 0.5576171875 0.0966796875 0.291015625 0.173828125
0 0.083984375 0.14453125 0.16796875 0.2890625