0 0.8623046875 0.9970703125 0.013671875 0.005859375
0 0.83203125 0.99609375 0.01953125 0.0078125
0 0.94921875 0.9951171875 0.02734375 0.009765625
0 0.8896484375 0.9951171875 0.013671875 0.009765625
0 0.8291015625 0.9833984375 0.025390625 0.017578125
0 0.1923828125 0.9853515625 0.158203125 0.029296875
0 0.0830078125 0.9677734375 0.060546875 0.041015625
0 0.8271484375 0.9541015625 0.021484375 0.033203125
0 0.8564453125 0.9521484375 0.017578125 0.033203125
0 0.8837890625 0.951171875 0.021484375 0.03515625
0 0.9130859375 0.9482421875 0.021484375 0.037109375
0 0.9453125 0.9453125 0.01953125 0.03515625
0 0.9697265625 0.943359375 0.021484375 0.03515625
0 0.6923828125 0.962890625 0.134765625 0.07421875
0 0.994140625 0.9404296875 0.01171875 0.033203125
0 0.58203125 0.904296875 0.03125 0.04296875
0 0.3076171875 0.908203125 0.107421875 0.078125
0 0.9384765625 0.8798828125 0.021484375 0.025390625
0 0.9931640625 0.8759765625 0.013671875 0.025390625
0 0.9638671875 0.8759765625 0.025390625 0.029296875
0 0.6845703125 0.87890625 0.076171875 0.03515625
0 0.91015625 0.876953125 0.01953125 0.03515625
0 0.046875 0.9072265625 0.09375 0.107421875
0 0.8359375 0.8701171875 0.1015625 0.048828125
0 0.970703125 0.8388671875 0.015625 0.021484375
0 0.4091796875 0.8564453125 0.076171875 0.080078125
0 0.7744140625 0.798828125 0.013671875 0.0234375
0 0.8076171875 0.7978515625 0.033203125 0.025390625
0 0.86328125 0.7939453125 0.015625 0.021484375
0 0.837890625 0.794921875 0.015625 0.0234375
0 0.888671875 0.794921875 0.01953125 0.02734375
0 0.6552734375 0.8017578125 0.087890625 0.052734375
0 0.998046875 0.78515625 0.00390625 0.0234375
0 0.85546875 0.7333984375 0.015625 0.021484375
0 0.8291015625 0.7314453125 0.021484375 0.025390625
0 0.8046875 0.7314453125 0.01953125 0.029296875
0 0.8837890625 0.7265625 0.017578125 0.02734375
0 0.908203125 0.7236328125 0.01953125 0.029296875
0 0.9423828125 0.72265625 0.017578125 0.03125
0 0.990234375 0.71875 0.01953125 0.03125
0 0.2451171875 0.7900390625 0.314453125 0.177734375
0 0.9140625 0.69921875 0.02734375 0.0234375
0 0.9462890625 0.693359375 0.013671875 0.015625
0 0.8857421875 0.6875 0.021484375 0.01953125
0 0.990234375 0.6826171875 0.01953125 0.017578125
0 0.939453125 0.6708984375 0.0234375 0.021484375
0 0.8037109375 0.666015625 0.033203125 0.0234375
0 0.7705078125 0.705078125 0.037109375 0.1015625
0 0.9921875 0.662109375 0.015625 0.01953125
0 0.8359375 0.66015625 0.01953125 0.0234375
0 0.8720703125 0.6572265625 0.025390625 0.021484375
0 0.9326171875 0.6494140625 0.025390625 0.021484375
0 0.8125 0.6103515625 0.01953125 0.017578125
0 0.880859375 0.6044921875 0.015625 0.017578125
0 0.9033203125 0.6025390625 0.017578125 0.017578125
0 0.7841796875 0.6064453125 0.029296875 0.029296875
0 0.8603515625 0.6025390625 0.017578125 0.025390625
0 0.68359375 0.6435546875 0.09765625 0.111328125
0 0.9287109375 0.59375 0.017578125 0.02734375
0 0.9833984375 0.6142578125 0.033203125 0.076171875
0 0.7607421875 0.5712890625 0.017578125 0.029296875
0 0.828125 0.5615234375 0.01953125 0.021484375
0 0.7939453125 0.564453125 0.037109375 0.02734375
0 0.8525390625 0.5595703125 0.017578125 0.025390625
0 0.8759765625 0.556640625 0.017578125 0.0234375
0 0.8984375 0.5546875 0.015625 0.0234375
0 0.15234375 0.66796875 0.3046875 0.2578125
0 0.9755859375 0.548828125 0.017578125 0.0234375
0 0.9248046875 0.55078125 0.021484375 0.02734375
0 0.9931640625 0.5458984375 0.013671875 0.021484375
0 0.8017578125 0.501953125 0.017578125 0.0234375
0 0.8251953125 0.4990234375 0.021484375 0.025390625
0 0.888671875 0.49609375 0.01953125 0.02734375
0 0.8564453125 0.4970703125 0.037109375 0.029296875
0 0.931640625 0.4931640625 0.01953125 0.025390625
0 0.9560546875 0.486328125 0.017578125 0.0234375
0 0.9091796875 0.4873046875 0.021484375 0.033203125
0 0.9794921875 0.482421875 0.017578125 0.02734375
0 0.8056640625 0.46875 0.029296875 0.01953125
0 0.3857421875 0.556640625 0.193359375 0.21484375
0 0.904296875 0.4423828125 0.01953125 0.017578125
0 0.9375 0.43359375 0.0390625 0.015625
0 0.9853515625 0.4287109375 0.025390625 0.017578125
0 0.837890625 0.427734375 0.01953125 0.02734375
0 0.802734375 0.427734375 0.03515625 0.03125
0 0.8603515625 0.412109375 0.017578125 0.0234375
0 0.87890625 0.4072265625 0.01953125 0.029296875
0 0.9111328125 0.404296875 0.041015625 0.03125
0 0.947265625 0.3955078125 0.01953125 0.025390625
0 0.9765625 0.388671875 0.01953125 0.02734375
0 0.9951171875 0.3818359375 0.009765625 0.025390625
0 0.7080078125 0.3720703125 0.041015625 0.052734375
0 0.7724609375 0.3603515625 0.025390625 0.033203125
0 0.66015625 0.3369140625 0.015625 0.017578125
0 0.6845703125 0.333984375 0.029296875 0.03125
0 0.640625 0.3115234375 0.015625 0.013671875
0 0.9765625 0.3193359375 0.0234375 0.037109375
0 0.66796875 0.3095703125 0.03125 0.025390625
0 0.728515625 0.3037109375 0.02734375 0.021484375
0 0.6240234375 0.29296875 0.017578125 0.01953125
0 0.9580078125 0.2900390625 0.017578125 0.017578125
0 0.654296875 0.2880859375 0.02734375 0.025390625
0 0.7197265625 0.283203125 0.025390625 0.01953125
0 0.751953125 0.28515625 0.02734375 0.03125
0 0.611328125 0.275390625 0.01953125 0.01953125
0 0.9873046875 0.2646484375 0.017578125 0.013671875
0 0.6376953125 0.26171875 0.029296875 0.02734375
0 0.5458984375 0.259765625 0.025390625 0.0234375
0 0.4599609375 0.25390625 0.013671875 0.01953125
0 0.9296875 0.2421875 0.01953125 0.0234375
0 0.533203125 0.236328125 0.02734375 0.0234375
0 0.6962890625 0.2333984375 0.029296875 0.021484375
0 0.9560546875 0.236328125 0.021484375 0.0390625
0 0.7255859375 0.2265625 0.017578125 0.0234375
0 0.5732421875 0.2294921875 0.025390625 0.029296875
0 0.9853515625 0.228515625 0.021484375 0.03515625
0 0.76171875 0.220703125 0.02734375 0.02734375
0 0.6123046875 0.2177734375 0.025390625 0.021484375
0 0.6796875 0.208984375 0.03515625 0.01953125
0 0.78515625 0.208984375 0.0234375 0.03515625
0 0.521484375 0.2109375 0.0390625 0.0390625
0 0.6025390625 0.2001953125 0.025390625 0.021484375
0 0.853515625 0.1982421875 0.0234375 0.021484375
0 0.8251953125 0.19921875 0.025390625 0.03515625
0 0.673828125 0.1875 0.03515625 0.01953125
0 0.8828125 0.1875 0.01953125 0.02734375
0 0.912109375 0.181640625 0.0234375 0.02734375
0 0.56640625 0.1806640625 0.02734375 0.033203125
0 0.708984375 0.1796875 0.0234375 0.03515625
0 0.9443359375 0.171875 0.021484375 0.02734375
0 0.7333984375 0.1748046875 0.021484375 0.033203125
0 0.994140625 0.1630859375 0.01171875 0.021484375
0 0.7578125 0.1689453125 0.0234375 0.033203125
0 0.97265625 0.1640625 0.01953125 0.02734375
0 0.5888671875 0.1640625 0.025390625 0.02734375
0 0.783203125 0.162109375 0.0234375 0.03515625
0 0.80859375 0.15625 0.0234375 0.03515625
0 0.546875 0.1533203125 0.03515625 0.033203125
0 0.4892578125 0.158203125 0.037109375 0.04296875
0 0.841796875 0.14453125 0.0234375 0.03125
0 0.875 0.1396484375 0.0234375 0.029296875
0 0.9052734375 0.1328125 0.025390625 0.03125
0 0.650390625 0.1318359375 0.01953125 0.029296875
0 0.6689453125 0.1279296875 0.021484375 0.029296875
0 0.93359375 0.125 0.0234375 0.02734375
0 0.6142578125 0.1328125 0.033203125 0.04296875
0 0.701171875 0.12109375 0.01953125 0.02734375
0 0.5498046875 0.1103515625 0.005859375 0.005859375
0 0.5771484375 0.1123046875 0.029296875 0.013671875
0 0.9619140625 0.1171875 0.025390625 0.02734375
0 0.46484375 0.119140625 0.03125 0.03125
0 0.732421875 0.1103515625 0.0234375 0.021484375
0 0.9892578125 0.107421875 0.021484375 0.0234375
0 0.7919921875 0.099609375 0.021484375 0.01953125
0 0.7626953125 0.1015625 0.021484375 0.02734375
0 0.6181640625 0.0966796875 0.025390625 0.017578125
0 0.5634765625 0.0869140625 0.037109375 0.021484375
0 0.8583984375 0.08203125 0.021484375 0.0234375
0 0.828125 0.0849609375 0.0234375 0.029296875
0 0.61328125 0.07421875 0.0234375 0.015625
0 0.8798828125 0.0732421875 0.021484375 0.029296875
0 0.4814453125 0.06640625 0.009765625 0.015625
0 0.7109375 0.060546875 0.01953125 0.0234375
0 0.451171875 0.07421875 0.0546875 0.0546875
0 0.9208984375 0.0595703125 0.033203125 0.033203125
0 0.736328125 0.0537109375 0.01953125 0.029296875
0 0.5087890625 0.0810546875 0.048828125 0.087890625
0 0.962890625 0.05078125 0.0234375 0.03515625
0 0.7763671875 0.048828125 0.017578125 0.03125
0 0.5419921875 0.0439453125 0.017578125 0.021484375
0 0.986328125 0.046875 0.02734375 0.0390625
0 0.6455078125 0.0400390625 0.017578125 0.025390625
0 0.5615234375 0.0390625 0.021484375 0.0234375
0 0.6005859375 0.0341796875 0.017578125 0.025390625
0 0.8525390625 0.029296875 0.021484375 0.03125
0 0.623046875 0.02734375 0.015625 0.02734375
0 0.791015625 0.01953125 0.01953125 0.01953125
0 0.66015625 0.017578125 0.0234375 0.0234375
0 0.8251953125 0.01171875 0.021484375 0.01953125
0 0.951171875 0.0126953125 0.09765625 0.025390625
0 0.7529296875 0.0126953125 0.021484375 0.025390625
0 0.7314453125 0.0078125 0.017578125 0.015625
0 0.6904296875 0.009765625 0.017578125 0.01953125
0 0.4697265625 0.00390625 0.017578125 0.0078125
0 0.443359375 0.0029296875 0.01953125 0.005859375
0 0.4091796875 0.0087890625 0.044921875 0.017578125
0 0.291015625 0.0263671875 0.078125 0.052734375