0 0.603515625 0.927734375 0.24609375 0.14453125
0 0.2021484375 0.9052734375 0.404296875 0.189453125
0 0.97265625 0.806640625 0.0546875 0.0859375
0 0.9541015625 0.7080078125 0.087890625 0.103515625
0 0.9443359375 0.6259765625 0.076171875 0.041015625
0 0.9951171875 0.5947265625 0.009765625 0.076171875
0 0.943359375 0.5712890625 0.0234375 0.029296875
0 0.0263671875 0.5625 0.052734375 0.09765625
0 0.447265625 0.5625 0.1953125 0.1875
0 0.986328125 0.4833984375 0.02734375 0.052734375
0 0.0185546875 0.4150390625 0.037109375 0.060546875
0 0.064453125 0.365234375 0.0625 0.0703125
0 0.0205078125 0.32421875 0.041015625 0.0625
0 0.1220703125 0.314453125 0.064453125 0.06640625
0 0.0703125 0.265625 0.05859375 0.05859375
0 0.9619140625 0.2587890625 0.076171875 0.076171875
0 0.0283203125 0.220703125 0.052734375 0.0546875
0 0.0078125 0.1787109375 0.015625 0.029296875
0 0.3974609375 0.2919921875 0.271484375 0.267578125
0 0.16015625 0.20703125 0.1953125 0.17578125
0 0.9609375 0.15234375 0.078125 0.1171875
0 0.265625 0.1015625 0.171875 0.1640625
0 0.57421875 0.08203125 0.15625 0.1640625
0 0.46875 0.0029296875 0.0078125 0.005859375
0 0.3916015625 0.0478515625 0.123046875 0.095703125
0 0.30859375 0.0107421875 0.0390625 0.021484375