0 0.8984375 0.99609375 0.015625 0.0078125
0 0.2421875 0.99609375 0.01953125 0.0078125
0 0.9951171875 0.9833984375 0.009765625 0.017578125
0 0.6396484375 0.9853515625 0.029296875 0.029296875
0 0.3154296875 0.98046875 0.025390625 0.03125
0 0.0244140625 0.9736328125 0.025390625 0.017578125
0 0.970703125 0.9736328125 0.0234375 0.021484375
0 0.0771484375 0.9697265625 0.029296875 0.017578125
0 0.4326171875 0.96875 0.017578125 0.0234375
0 0.2041015625 0.96875 0.044921875 0.02734375
0 0.1376953125 0.9638671875 0.025390625 0.017578125
0 0.7138671875 0.970703125 0.033203125 0.03515625
0 0.3837890625 0.9619140625 0.029296875 0.017578125
0 0.9423828125 0.96484375 0.029296875 0.02734375
0 0.5546875 0.9560546875 0.0234375 0.033203125
0 0.80078125 0.9501953125 0.02734375 0.025390625
0 0.4033203125 0.9384765625 0.013671875 0.013671875
0 0.8505859375 0.9423828125 0.029296875 0.025390625
0 0.5068359375 0.9443359375 0.021484375 0.029296875
0 0.478515625 0.943359375 0.01953125 0.02734375
0 0.60546875 0.9384765625 0.02734375 0.025390625
0 0.1220703125 0.9345703125 0.017578125 0.017578125
0 0.25390625 0.9208984375 0.015625 0.017578125
0 0.2744140625 0.9208984375 0.021484375 0.021484375
0 0.3173828125 0.916015625 0.013671875 0.015625
0 0.927734375 0.919921875 0.0390625 0.03125
0 0.9755859375 0.91015625 0.025390625 0.0234375
0 0.4658203125 0.9033203125 0.013671875 0.013671875
0 0.0712890625 0.90625 0.021484375 0.03125
0 0.03515625 0.9072265625 0.01953125 0.033203125
0 0.1025390625 0.900390625 0.017578125 0.02734375
0 0.423828125 0.89453125 0.0390625 0.0234375
0 0.642578125 0.8955078125 0.0234375 0.033203125
0 0.2099609375 0.8935546875 0.017578125 0.029296875
0 0.185546875 0.890625 0.015625 0.0234375
0 0.1611328125 0.89453125 0.021484375 0.03125
0 0.244140625 0.88671875 0.0234375 0.01953125
0 0.2841796875 0.8837890625 0.029296875 0.025390625
0 0.7255859375 0.8837890625 0.029296875 0.029296875
0 0.3203125 0.880859375 0.01953125 0.02734375
0 0.513671875 0.873046875 0.03125 0.015625
0 0.3740234375 0.8818359375 0.021484375 0.033203125
0 0.796875 0.869140625 0.03125 0.0234375
0 0.5556640625 0.8623046875 0.013671875 0.013671875
0 0.4697265625 0.8701171875 0.017578125 0.029296875
0 0.5732421875 0.8583984375 0.017578125 0.021484375
0 0.693359375 0.8544921875 0.02734375 0.021484375
0 0.6181640625 0.853515625 0.025390625 0.01953125
0 0.8935546875 0.8544921875 0.033203125 0.025390625
0 0.775390625 0.8447265625 0.0234375 0.025390625
0 0.03125 0.83984375 0.03125 0.02734375
0 0.177734375 0.8330078125 0.03125 0.021484375
0 0.0791015625 0.8369140625 0.029296875 0.029296875
0 0.8115234375 0.8291015625 0.021484375 0.021484375
0 0.115234375 0.8349609375 0.02734375 0.033203125
0 0.2666015625 0.828125 0.021484375 0.0234375
0 0.67578125 0.822265625 0.03125 0.01953125
0 0.380859375 0.818359375 0.03125 0.01953125
0 0.744140625 0.81640625 0.0234375 0.01953125
0 0.234375 0.810546875 0.02734375 0.01953125
0 0.017578125 0.810546875 0.0234375 0.02734375
0 0.44140625 0.810546875 0.0234375 0.03125
0 0.501953125 0.806640625 0.03125 0.02734375
0 0.7275390625 0.798828125 0.021484375 0.0234375
0 0.1962890625 0.7939453125 0.017578125 0.017578125
0 0.1611328125 0.791015625 0.025390625 0.01953125
0 0.0966796875 0.794921875 0.037109375 0.02734375
0 0.587890625 0.7890625 0.0234375 0.02734375
0 0.77734375 0.779296875 0.03125 0.0234375
0 0.015625 0.779296875 0.03125 0.0234375
0 0.6533203125 0.775390625 0.033203125 0.0234375
0 0.9150390625 0.7783203125 0.029296875 0.037109375
0 0.248046875 0.7626953125 0.03125 0.021484375
0 0.2177734375 0.7568359375 0.017578125 0.017578125
0 0.15234375 0.7548828125 0.0234375 0.021484375
0 0.8525390625 0.759765625 0.025390625 0.03515625
0 0.3056640625 0.7607421875 0.025390625 0.037109375
0 0.091796875 0.75390625 0.02734375 0.02734375
0 0.705078125 0.748046875 0.02734375 0.03125
0 0.2392578125 0.7294921875 0.029296875 0.021484375
0 0.146484375 0.7275390625 0.03125 0.021484375
0 0.01953125 0.73046875 0.0390625 0.03125
0 0.19140625 0.728515625 0.03125 0.03125
0 0.5556640625 0.7216796875 0.025390625 0.029296875
0 0.0830078125 0.7138671875 0.029296875 0.021484375
0 0.626953125 0.71484375 0.0234375 0.03125
0 0.0029296875 0.7060546875 0.005859375 0.013671875
0 0.787109375 0.7158203125 0.03125 0.044921875
0 0.39453125 0.708984375 0.02734375 0.03515625
0 0.22265625 0.701171875 0.03515625 0.02734375
0 0.1376953125 0.6953125 0.025390625 0.01953125
0 0.9375 0.6982421875 0.03125 0.037109375
0 0.2880859375 0.6865234375 0.025390625 0.029296875
0 0.0693359375 0.685546875 0.037109375 0.02734375
0 0.0029296875 0.6787109375 0.005859375 0.013671875
0 0.5263671875 0.6826171875 0.029296875 0.029296875
0 0.857421875 0.6728515625 0.03125 0.033203125
0 0.216796875 0.6689453125 0.03515625 0.029296875
0 0.689453125 0.666015625 0.02734375 0.03515625
0 0.759765625 0.66015625 0.03125 0.03515625
0 0.0615234375 0.65625 0.033203125 0.02734375
0 0.134765625 0.6513671875 0.03515625 0.021484375
0 0.4365234375 0.65234375 0.029296875 0.03515625
0 0.845703125 0.6376953125 0.01953125 0.017578125
0 0.3720703125 0.650390625 0.033203125 0.04296875
0 0.591796875 0.6357421875 0.02734375 0.029296875
0 0.2763671875 0.625 0.029296875 0.01953125
0 0.0537109375 0.625 0.037109375 0.02734375
0 0.91015625 0.62890625 0.03125 0.0390625
0 0.6748046875 0.619140625 0.033203125 0.0390625
0 0.8291015625 0.6103515625 0.041015625 0.025390625
0 0.2705078125 0.603515625 0.029296875 0.01953125
0 0.1220703125 0.607421875 0.033203125 0.02734375
0 0.4228515625 0.6025390625 0.037109375 0.029296875
0 0.5791015625 0.6025390625 0.025390625 0.033203125
0 0.3505859375 0.5908203125 0.025390625 0.025390625
0 0.748046875 0.5888671875 0.03125 0.025390625
0 0.5068359375 0.5888671875 0.025390625 0.029296875
0 0.1884765625 0.58984375 0.021484375 0.03125
0 0.8935546875 0.587890625 0.029296875 0.03125
0 0.115234375 0.5810546875 0.02734375 0.021484375
0 0.04296875 0.5849609375 0.03515625 0.029296875
0 0.8095703125 0.5703125 0.033203125 0.0234375
0 0.6513671875 0.5732421875 0.033203125 0.029296875
0 0.4111328125 0.5615234375 0.029296875 0.021484375
0 0.34375 0.5634765625 0.03125 0.025390625
0 0.041015625 0.5546875 0.03125 0.0234375
0 0.26171875 0.5498046875 0.03125 0.025390625
0 0.1142578125 0.548828125 0.044921875 0.0390625
0 0.41015625 0.5322265625 0.0390625 0.025390625
0 0.4970703125 0.5283203125 0.029296875 0.021484375
0 0.3369140625 0.5283203125 0.033203125 0.025390625
0 0.19140625 0.5400390625 0.03515625 0.048828125
0 0.56640625 0.52734375 0.0234375 0.02734375
0 0.0283203125 0.5224609375 0.037109375 0.025390625
0 0.2490234375 0.5166015625 0.041015625 0.025390625
0 0.6357421875 0.521484375 0.029296875 0.0390625
0 0.90234375 0.5078125 0.01953125 0.01953125
0 0.69921875 0.5087890625 0.0234375 0.025390625
0 0.087890625 0.5068359375 0.0390625 0.029296875
0 0.3935546875 0.5029296875 0.025390625 0.029296875
0 0.8671875 0.5029296875 0.046875 0.033203125
0 0.1748046875 0.4990234375 0.037109375 0.025390625
0 0.7685546875 0.4951171875 0.025390625 0.021484375
0 0.2841796875 0.494140625 0.021484375 0.0234375
0 0.484375 0.4873046875 0.0234375 0.029296875
0 0.0205078125 0.4853515625 0.037109375 0.025390625
0 0.5888671875 0.48046875 0.021484375 0.01953125
0 0.69140625 0.4794921875 0.02734375 0.021484375
0 0.1318359375 0.4814453125 0.037109375 0.025390625
0 0.3974609375 0.474609375 0.021484375 0.01953125
0 0.30859375 0.478515625 0.0234375 0.02734375
0 0.560546875 0.470703125 0.02734375 0.02734375
0 0.08203125 0.470703125 0.03515625 0.02734375
0 0.1455078125 0.4560546875 0.025390625 0.021484375
0 0.853515625 0.4658203125 0.03515625 0.044921875
0 0.0166015625 0.451171875 0.025390625 0.0234375
0 0.384765625 0.451171875 0.0234375 0.02734375
0 0.2216796875 0.453125 0.029296875 0.03125
0 0.0732421875 0.4375 0.037109375 0.02734375
0 0.4443359375 0.4365234375 0.029296875 0.029296875
0 0.4765625 0.4365234375 0.0234375 0.033203125
0 0.6845703125 0.4296875 0.029296875 0.03125
0 0.0126953125 0.4267578125 0.025390625 0.025390625
0 0.5478515625 0.419921875 0.029296875 0.02734375
0 0.06640625 0.4091796875 0.03125 0.025390625
0 0.7509765625 0.4111328125 0.033203125 0.033203125
0 0.267578125 0.416015625 0.03125 0.04296875
0 0.3076171875 0.4072265625 0.025390625 0.037109375
0 0.2177734375 0.4013671875 0.033203125 0.025390625
0 0.0078125 0.392578125 0.015625 0.01953125
0 0.591796875 0.396484375 0.0390625 0.03125
0 0.345703125 0.3837890625 0.03125 0.025390625
0 0.05859375 0.3818359375 0.03125 0.025390625
0 0.201171875 0.373046875 0.03515625 0.0234375
0 0.671875 0.373046875 0.03515625 0.02734375
0 0.419921875 0.373046875 0.02734375 0.03125
0 0.466796875 0.3623046875 0.02734375 0.033203125
0 0.736328125 0.357421875 0.03515625 0.03125
0 0.501953125 0.3505859375 0.03125 0.021484375
0 0.2314453125 0.34375 0.013671875 0.015625
0 0.271484375 0.3291015625 0.02734375 0.025390625
0 0.302734375 0.3203125 0.0234375 0.01953125
0 0.8818359375 0.3203125 0.021484375 0.0234375
0 0.337890625 0.31640625 0.0234375 0.03125
0 0.572265625 0.3173828125 0.03515625 0.037109375
0 0.3828125 0.3046875 0.04296875 0.03125
0 0.1572265625 0.2978515625 0.025390625 0.029296875
0 0.0341796875 0.283203125 0.021484375 0.01953125
0 0.64453125 0.29296875 0.03125 0.046875
0 0.7080078125 0.27734375 0.029296875 0.0234375
0 0.392578125 0.26953125 0.03125 0.015625
0 0.1953125 0.2744140625 0.0234375 0.029296875
0 0.3115234375 0.267578125 0.013671875 0.01953125
0 0.625 0.26171875 0.0234375 0.01953125
0 0.2783203125 0.263671875 0.029296875 0.03125
0 0.02734375 0.2568359375 0.0234375 0.017578125
0 0.7216796875 0.2373046875 0.021484375 0.021484375
0 0.099609375 0.236328125 0.0234375 0.01953125
0 0.2548828125 0.2236328125 0.029296875 0.021484375
0 0.01953125 0.216796875 0.0234375 0.01953125
0 0.361328125 0.21484375 0.046875 0.03515625
0 0.095703125 0.201171875 0.02734375 0.01953125
0 0.8720703125 0.197265625 0.033203125 0.02734375
0 0.43359375 0.1982421875 0.04296875 0.033203125
0 0.9775390625 0.193359375 0.025390625 0.03515625
0 0.626953125 0.1875 0.02734375 0.02734375
0 0.201171875 0.177734375 0.0234375 0.02734375
0 0.888671875 0.16015625 0.0234375 0.02734375
0 0.4912109375 0.16796875 0.052734375 0.04296875
0 0.25390625 0.1552734375 0.04296875 0.033203125
0 0.3427734375 0.1474609375 0.041015625 0.033203125
0 0.0517578125 0.1396484375 0.021484375 0.017578125
0 0.0888671875 0.1396484375 0.037109375 0.029296875
0 0.1796875 0.1162109375 0.03515625 0.021484375
0 0.4140625 0.115234375 0.046875 0.03515625
0 0.0078125 0.1083984375 0.015625 0.021484375
0 0.330078125 0.0908203125 0.02734375 0.033203125
0 0.2685546875 0.08984375 0.021484375 0.03125
0 0.1748046875 0.078125 0.029296875 0.02734375
0 0.0732421875 0.0732421875 0.029296875 0.025390625
0 0.4482421875 0.0654296875 0.041015625 0.041015625
0 0.5 0.060546875 0.0390625 0.03515625
0 0.22265625 0.0283203125 0.03125 0.021484375
0 0.4130859375 0.0068359375 0.033203125 0.013671875
0 0.134765625 0.0078125 0.0234375 0.015625
0 0.0576171875 0.001953125 0.005859375 0.00390625