0 0.435546875 0.9892578125 0.078125 0.021484375
0 0.9794921875 0.98828125 0.041015625 0.0234375
0 0.99609375 0.955078125 0.0078125 0.0390625
0 0.95703125 0.90625 0.0859375 0.04296875
0 0.884765625 0.8935546875 0.046875 0.056640625
0 0.072265625 0.857421875 0.07421875 0.0546875
0 0.775390625 0.8984375 0.1640625 0.203125
0 0.0068359375 0.8037109375 0.013671875 0.080078125
0 0.0615234375 0.7802734375 0.076171875 0.072265625
0 0.9296875 0.7978515625 0.140625 0.119140625
0 0.046875 0.6884765625 0.078125 0.083984375
0 0.849609375 0.69140625 0.30078125 0.125
0 0.515625 0.56640625 0.015625 0.0390625
0 0.041015625 0.5927734375 0.08203125 0.091796875
0 0.9677734375 0.5341796875 0.064453125 0.021484375
0 0.8369140625 0.55859375 0.326171875 0.125
0 0.0224609375 0.48046875 0.044921875 0.05859375
0 0.9775390625 0.4580078125 0.044921875 0.095703125
0 0.4423828125 0.388671875 0.013671875 0.01953125
0 0.8515625 0.375 0.17578125 0.046875
0 0.390625 0.3359375 0.08984375 0.03125
0 0.9296875 0.2783203125 0.140625 0.103515625
0 0.2470703125 0.482421875 0.166015625 0.57421875
0 0.052734375 0.20703125 0.10546875 0.08984375
0 0.701171875 0.205078125 0.08984375 0.09765625
0 0.9423828125 0.17578125 0.115234375 0.06640625
0 0.76953125 0.1572265625 0.02734375 0.029296875
0 0.9677734375 0.111328125 0.064453125 0.05859375
0 0.033203125 0.1044921875 0.06640625 0.080078125
0 0.5087890625 0.1416015625 0.044921875 0.283203125
0 0.39453125 0.0859375 0.13671875 0.171875