0 0.00390625 0.994140625 0.0078125 0.01171875
0 0.763671875 0.990234375 0.05078125 0.01953125
0 0.2607421875 0.986328125 0.060546875 0.02734375
0 0.7587890625 0.95703125 0.056640625 0.05078125
0 0.978515625 0.9638671875 0.04296875 0.072265625
0 0.2158203125 0.94921875 0.060546875 0.0703125
0 0.103515625 0.9326171875 0.15625 0.134765625
0 0.734375 0.888671875 0.08984375 0.0859375
0 0.818359375 0.7841796875 0.1171875 0.111328125
0 0.4189453125 0.7978515625 0.474609375 0.185546875
0 0.0400390625 0.748046875 0.080078125 0.125
0 0.560546875 0.7099609375 0.23828125 0.169921875
0 0.3369140625 0.6533203125 0.216796875 0.150390625
0 0.94921875 0.623046875 0.1015625 0.171875
0 0.0810546875 0.5732421875 0.064453125 0.099609375
0 0.2978515625 0.5283203125 0.029296875 0.025390625
0 0.0244140625 0.5908203125 0.048828125 0.154296875
0 0.3134765625 0.5029296875 0.037109375 0.033203125
0 0.580078125 0.5185546875 0.1171875 0.146484375
0 0.712890625 0.5400390625 0.13671875 0.228515625
0 0.330078125 0.455078125 0.07421875 0.05859375
0 0.861328125 0.5009765625 0.15234375 0.189453125
0 0.544921875 0.4189453125 0.05859375 0.041015625
0 0.3642578125 0.38671875 0.076171875 0.08203125
0 0.0498046875 0.3955078125 0.099609375 0.142578125
0 0.73828125 0.345703125 0.0546875 0.0625
0 0.189453125 0.4111328125 0.22265625 0.224609375
0 0.85546875 0.33203125 0.1640625 0.1328125
0 0.41796875 0.296875 0.08203125 0.1171875
0 0.7822265625 0.248046875 0.052734375 0.0625
0 0.44921875 0.3857421875 0.21875 0.357421875
0 0.021484375 0.2021484375 0.04296875 0.111328125
0 0.302734375 0.2060546875 0.1953125 0.205078125
0 0.486328125 0.1298828125 0.09375 0.123046875
0 0.361328125 0.0615234375 0.12109375 0.087890625
0 0.6015625 0.0439453125 0.25 0.087890625
0 0.1318359375 0.078125 0.255859375 0.15625