0 0.5859375 0.99609375 0.015625 0.0078125
0 0.8427734375 0.9921875 0.041015625 0.015625
0 0.810546875 0.98828125 0.02734375 0.0234375
0 0.560546875 0.986328125 0.03125 0.02734375
0 0.6533203125 0.9794921875 0.044921875 0.041015625
0 0.767578125 0.978515625 0.0390625 0.04296875
0 0.7265625 0.9736328125 0.0390625 0.052734375
0 0.0078125 0.9443359375 0.015625 0.021484375
0 0.9892578125 0.9326171875 0.021484375 0.041015625
0 0.8828125 0.955078125 0.18359375 0.08984375
0 0.099609375 0.953125 0.19921875 0.09375
0 0.494140625 0.947265625 0.1171875 0.10546875
0 0.763671875 0.9140625 0.0625 0.0546875
0 0.765625 0.8779296875 0.0390625 0.025390625
0 0.9931640625 0.8740234375 0.013671875 0.025390625
0 0.8935546875 0.8955078125 0.169921875 0.087890625
0 0.9462890625 0.8525390625 0.076171875 0.048828125
0 0.7861328125 0.849609375 0.060546875 0.046875
0 0.658203125 0.865234375 0.12890625 0.125
0 0.3984375 0.8818359375 0.12109375 0.162109375
0 0.85546875 0.818359375 0.02734375 0.0390625
0 0.8251953125 0.8056640625 0.029296875 0.037109375
0 0.6953125 0.798828125 0.0703125 0.0546875
0 0.6015625 0.814453125 0.09765625 0.08984375
0 0.88671875 0.7861328125 0.08203125 0.052734375
0 0.8369140625 0.7705078125 0.025390625 0.033203125
0 0.798828125 0.7685546875 0.046875 0.064453125
0 0.90234375 0.734375 0.0390625 0.02734375
0 0.873046875 0.7216796875 0.01953125 0.029296875
0 0.833984375 0.7109375 0.06640625 0.0390625
0 0.8291015625 0.68359375 0.041015625 0.02734375
0 0.509765625 0.712890625 0.12890625 0.12890625
0 0.8486328125 0.671875 0.064453125 0.0546875
0 0.7578125 0.599609375 0.0703125 0.0859375
0 0.6279296875 0.5146484375 0.111328125 0.166015625
0 0.97265625 0.4287109375 0.01171875 0.017578125
0 0.9169921875 0.4208984375 0.041015625 0.029296875
0 0.9833984375 0.37890625 0.033203125 0.046875
0 0.935546875 0.3740234375 0.05859375 0.068359375
0 0.857421875 0.3525390625 0.0390625 0.041015625
0 0.998046875 0.32421875 0.00390625 0.015625
0 0.978515625 0.32421875 0.015625 0.015625
0 0.94921875 0.3115234375 0.03125 0.021484375
0 0.3349609375 0.5439453125 0.326171875 0.501953125
0 0.958984375 0.2958984375 0.0390625 0.029296875
0 0.552734375 0.306640625 0.0703125 0.07421875
0 0.9619140625 0.2666015625 0.029296875 0.029296875
0 0.9755859375 0.2353515625 0.029296875 0.033203125
0 0.876953125 0.2255859375 0.05078125 0.041015625
0 0.9921875 0.1728515625 0.015625 0.037109375
0 0.9072265625 0.1865234375 0.107421875 0.130859375
0 0.9541015625 0.115234375 0.033203125 0.0234375
0 0.96484375 0.0908203125 0.03125 0.033203125
0 0.87109375 0.083984375 0.03125 0.0390625
0 0.8671875 0.046875 0.03125 0.015625
0 0.7490234375 0.0546875 0.025390625 0.03125
0 0.9609375 0.0419921875 0.0546875 0.029296875
0 0.7958984375 0.109375 0.048828125 0.1640625
0 0.857421875 0.015625 0.01171875 0.03125
0 0.7880859375 0.0048828125 0.013671875 0.009765625
0 0.7470703125 0.0185546875 0.037109375 0.037109375
0 0.0771484375 0.1650390625 0.154296875 0.330078125