0 0.7978515625 0.998046875 0.017578125 0.00390625
0 0.82421875 0.9931640625 0.03125 0.013671875
0 0.9697265625 0.9912109375 0.017578125 0.017578125
0 0.9228515625 0.9853515625 0.025390625 0.029296875
0 0.83984375 0.90234375 0.05078125 0.0625
0 0.7880859375 0.8974609375 0.037109375 0.060546875
0 0.6650390625 0.9306640625 0.134765625 0.138671875
0 0.9130859375 0.8876953125 0.080078125 0.064453125
0 0.048828125 0.8720703125 0.09765625 0.056640625
0 0.970703125 0.8564453125 0.03515625 0.087890625
0 0.6943359375 0.81640625 0.029296875 0.0234375
0 0.634765625 0.806640625 0.03125 0.02734375
0 0.9921875 0.7958984375 0.015625 0.025390625
0 0.7802734375 0.7919921875 0.029296875 0.060546875
0 0.57421875 0.791015625 0.0546875 0.0703125
0 0.8310546875 0.7802734375 0.052734375 0.056640625
0 0.671875 0.775390625 0.03125 0.0546875
0 0.904296875 0.7734375 0.0625 0.05859375
0 0.837890625 0.724609375 0.01953125 0.01953125
0 0.76953125 0.7197265625 0.03515625 0.021484375
0 0.67578125 0.72265625 0.03125 0.0390625
0 0.966796875 0.73046875 0.046875 0.06640625
0 0.8837890625 0.701171875 0.009765625 0.015625
0 0.56640625 0.6943359375 0.02734375 0.021484375
0 0.599609375 0.6943359375 0.02734375 0.025390625
0 0.642578125 0.6904296875 0.0390625 0.021484375
0 0.6845703125 0.6884765625 0.025390625 0.021484375
0 0.9541015625 0.6787109375 0.017578125 0.017578125
0 0.76953125 0.6767578125 0.03125 0.025390625
0 0.8408203125 0.6767578125 0.021484375 0.033203125
0 0.8125 0.6767578125 0.01953125 0.033203125
0 0.876953125 0.66796875 0.015625 0.0234375
0 0.923828125 0.6708984375 0.0234375 0.033203125
0 0.8974609375 0.6669921875 0.017578125 0.025390625
0 0.5419921875 0.6240234375 0.025390625 0.021484375
0 0.7724609375 0.603515625 0.025390625 0.03515625
0 0.8154296875 0.5966796875 0.025390625 0.033203125
0 0.8623046875 0.591796875 0.029296875 0.03125
0 0.9580078125 0.5859375 0.025390625 0.0390625
0 0.990234375 0.5830078125 0.01953125 0.037109375
0 0.75390625 0.564453125 0.0234375 0.0234375
0 0.7529296875 0.529296875 0.025390625 0.01953125
0 0.95703125 0.52734375 0.0234375 0.01953125
0 0.8095703125 0.5244140625 0.025390625 0.021484375
0 0.9921875 0.521484375 0.015625 0.0234375
0 0.076171875 0.6015625 0.15234375 0.2109375
0 0.4130859375 0.62890625 0.099609375 0.26953125
0 0.8828125 0.4990234375 0.0234375 0.029296875
0 0.7822265625 0.4912109375 0.029296875 0.029296875
0 0.74609375 0.4775390625 0.0234375 0.025390625
0 0.96484375 0.4794921875 0.0390625 0.033203125
0 0.9921875 0.4541015625 0.015625 0.021484375
0 0.876953125 0.4560546875 0.03515625 0.025390625
0 0.8359375 0.4541015625 0.03125 0.021484375
0 0.7412109375 0.4443359375 0.025390625 0.033203125
0 0.9541015625 0.427734375 0.025390625 0.01953125
0 0.8115234375 0.4248046875 0.025390625 0.033203125
0 0.8701171875 0.416015625 0.041015625 0.02734375
0 0.986328125 0.400390625 0.0234375 0.01953125
0 0.771484375 0.3740234375 0.0234375 0.029296875
0 0.8056640625 0.369140625 0.021484375 0.0234375
0 0.8349609375 0.3701171875 0.025390625 0.029296875
0 0.8681640625 0.3642578125 0.037109375 0.025390625
0 0.9462890625 0.36328125 0.029296875 0.03125
0 0.9970703125 0.3603515625 0.005859375 0.033203125
0 0.9775390625 0.361328125 0.021484375 0.03515625
0 0.734375 0.30078125 0.01953125 0.03125
0 0.783203125 0.2978515625 0.05859375 0.033203125
0 0.87109375 0.296875 0.0390625 0.03515625
0 0.8330078125 0.294921875 0.025390625 0.03125
0 0.0146484375 0.2919921875 0.009765625 0.025390625
0 0.5712890625 0.287109375 0.052734375 0.0234375
0 0.9365234375 0.28125 0.033203125 0.02734375
0 0.970703125 0.279296875 0.0234375 0.02734375
0 0.9970703125 0.2763671875 0.005859375 0.025390625
0 0.7724609375 0.271484375 0.029296875 0.01953125
0 0.099609375 0.314453125 0.1015625 0.15625
0 0.728515625 0.23046875 0.02734375 0.0234375
0 0.7587890625 0.2314453125 0.025390625 0.029296875
0 0.7919921875 0.2314453125 0.021484375 0.033203125
0 0.826171875 0.2265625 0.0234375 0.03125
0 0.8642578125 0.216796875 0.033203125 0.01953125
0 0.951171875 0.212890625 0.0625 0.03125
0 0.6484375 0.2578125 0.078125 0.1328125
0 0.0126953125 0.3017578125 0.025390625 0.220703125
0 0.3720703125 0.255859375 0.123046875 0.171875
0 0.9326171875 0.1787109375 0.029296875 0.021484375
0 0.7255859375 0.1787109375 0.025390625 0.021484375
0 0.962890625 0.1669921875 0.015625 0.017578125
0 0.861328125 0.16796875 0.03515625 0.01953125
0 0.767578125 0.1689453125 0.0234375 0.033203125
0 0.8251953125 0.162109375 0.025390625 0.0390625
0 0.7939453125 0.162109375 0.021484375 0.04296875
0 0.7265625 0.146484375 0.03125 0.01953125
0 0.7509765625 0.142578125 0.013671875 0.015625
0 0.638671875 0.158203125 0.08203125 0.046875
0 0.8603515625 0.140625 0.033203125 0.01953125
0 0.9267578125 0.1416015625 0.029296875 0.025390625
0 0.7265625 0.123046875 0.03125 0.01953125
0 0.9560546875 0.123046875 0.017578125 0.0234375
0 0.0498046875 0.123046875 0.056640625 0.02734375
0 0.9228515625 0.1064453125 0.025390625 0.025390625
0 0.8583984375 0.111328125 0.033203125 0.03515625
0 0.724609375 0.1015625 0.03125 0.01953125
0 0.7568359375 0.103515625 0.025390625 0.03125
0 0.9970703125 0.09375 0.005859375 0.015625
0 0.7861328125 0.1005859375 0.021484375 0.029296875
0 0.8173828125 0.095703125 0.021484375 0.02734375
0 0.9189453125 0.06640625 0.025390625 0.02734375
0 0.998046875 0.0498046875 0.00390625 0.013671875
0 0.716796875 0.046875 0.02734375 0.0234375
0 0.8515625 0.0390625 0.03125 0.0234375
0 0.767578125 0.037109375 0.04296875 0.03515625
0 0.9189453125 0.0283203125 0.037109375 0.021484375
0 0.810546875 0.03515625 0.01953125 0.03515625
0 0.9560546875 0.0302734375 0.021484375 0.029296875
0 0.9951171875 0.02734375 0.009765625 0.02734375
0 0.71484375 0.017578125 0.03125 0.0234375
0 0.8525390625 0.01171875 0.025390625 0.01953125
0 0.49609375 0.0185546875 0.03125 0.037109375
0 0.3603515625 0.0234375 0.103515625 0.046875
0 0.0673828125 0.0673828125 0.134765625 0.134765625