0 0.0205078125 0.998046875 0.005859375 0.00390625
0 0.9296875 0.99609375 0.015625 0.0078125
0 0.158203125 0.9931640625 0.02734375 0.013671875
0 0.998046875 0.984375 0.00390625 0.00390625
0 0.0068359375 0.990234375 0.013671875 0.01953125
0 0.123046875 0.98828125 0.03515625 0.0234375
0 0.0546875 0.98046875 0.04296875 0.0390625
0 0.96484375 0.9716796875 0.046875 0.044921875
0 0.7314453125 0.9677734375 0.048828125 0.052734375
0 0.9951171875 0.94140625 0.009765625 0.015625
0 0.2451171875 0.9658203125 0.056640625 0.068359375
0 0.150390625 0.95703125 0.0546875 0.0546875
0 0.1044921875 0.9296875 0.068359375 0.06640625
0 0.3203125 0.931640625 0.0546875 0.09375
0 0.2529296875 0.87890625 0.083984375 0.12109375
0 0.1982421875 0.8447265625 0.095703125 0.095703125
0 0.71875 0.673828125 0.26171875 0.23046875
0 0.4404296875 0.5751953125 0.041015625 0.052734375
0 0.48828125 0.5224609375 0.0546875 0.052734375
0 0.1171875 0.521484375 0.05859375 0.0625
0 0.296875 0.55859375 0.109375 0.15234375
0 0.0947265625 0.470703125 0.056640625 0.05078125
0 0.4375 0.427734375 0.1015625 0.09375
0 0.505859375 0.384765625 0.1015625 0.10546875
0 0.3447265625 0.400390625 0.130859375 0.22265625
0 0.078125 0.35546875 0.15625 0.15234375
0 0.4619140625 0.3037109375 0.099609375 0.080078125
0 0.2998046875 0.2763671875 0.126953125 0.103515625
0 0.0693359375 0.23828125 0.052734375 0.0703125
0 0.61328125 0.2265625 0.13671875 0.078125
0 0.4140625 0.1796875 0.07421875 0.0546875
0 0.0224609375 0.1123046875 0.044921875 0.087890625
0 0.2197265625 0.1435546875 0.158203125 0.197265625
0 0.0439453125 0.087890625 0.068359375 0.08984375
0 0.3291015625 0.10546875 0.123046875 0.14453125
0 0.7060546875 0.1044921875 0.142578125 0.197265625
0 0.8896484375 0.3017578125 0.220703125 0.603515625
0 0.76171875 0.0146484375 0.05078125 0.029296875
0 0.265625 0.025390625 0.08203125 0.05078125
0 0.1123046875 0.0185546875 0.080078125 0.037109375
0 0.0107421875 0.017578125 0.021484375 0.03515625