0 0.5810546875 0.99609375 0.033203125 0.0078125
0 0.984375 0.994140625 0.01953125 0.01171875
0 0.52734375 0.9912109375 0.0390625 0.017578125
0 0.931640625 0.98828125 0.02734375 0.0234375
0 0.8916015625 0.9853515625 0.029296875 0.029296875
0 0.8583984375 0.9833984375 0.025390625 0.029296875
0 0.8291015625 0.98046875 0.021484375 0.02734375
0 0.8076171875 0.9775390625 0.013671875 0.025390625
0 0.1630859375 0.9755859375 0.037109375 0.025390625
0 0.0048828125 0.970703125 0.009765625 0.03125
0 0.048828125 0.9609375 0.02734375 0.015625
0 0.0986328125 0.96484375 0.044921875 0.0390625
0 0.9931640625 0.9423828125 0.013671875 0.033203125
0 0.96484375 0.9404296875 0.0234375 0.033203125
0 0.9384765625 0.9375 0.029296875 0.03515625
0 0.9072265625 0.931640625 0.025390625 0.03515625
0 0.7607421875 0.943359375 0.033203125 0.05859375
0 0.87109375 0.9306640625 0.03125 0.037109375
0 0.3115234375 0.9560546875 0.126953125 0.087890625
0 0.7041015625 0.9462890625 0.052734375 0.072265625
0 0.05859375 0.9150390625 0.03125 0.021484375
0 0.111328125 0.900390625 0.03515625 0.0234375
0 0.0107421875 0.9091796875 0.021484375 0.044921875
0 0.0625 0.8935546875 0.02734375 0.017578125
0 0.416015625 0.912109375 0.05078125 0.08984375
0 0.1767578125 0.876953125 0.025390625 0.02734375
0 0.0654296875 0.8720703125 0.025390625 0.017578125
0 0.0126953125 0.87109375 0.025390625 0.01953125
0 0.552734375 0.919921875 0.19921875 0.140625
0 0.0146484375 0.849609375 0.029296875 0.01953125
0 0.0693359375 0.8505859375 0.025390625 0.025390625
0 0.015625 0.830078125 0.03125 0.0234375
0 0.203125 0.81640625 0.0234375 0.04296875
0 0.54296875 0.810546875 0.0546875 0.03515625
0 0.18359375 0.8115234375 0.0234375 0.041015625
0 0.5390625 0.7763671875 0.0234375 0.025390625
0 0.08203125 0.7275390625 0.04296875 0.048828125
0 0.427734375 0.7080078125 0.03125 0.025390625
0 0.02734375 0.6982421875 0.03125 0.021484375
0 0.4990234375 0.7216796875 0.064453125 0.076171875
0 0.388671875 0.7578125 0.14453125 0.17578125
0 0.46875 0.681640625 0.0390625 0.03515625
0 0.798828125 0.7529296875 0.15625 0.181640625
0 0.427734375 0.6552734375 0.05078125 0.041015625
0 0.6220703125 0.646484375 0.041015625 0.0625
0 0.029296875 0.634765625 0.03125 0.0390625
0 0.5146484375 0.6337890625 0.052734375 0.048828125
0 0.6650390625 0.6494140625 0.056640625 0.083984375
0 0.4267578125 0.623046875 0.037109375 0.03515625
0 0.09375 0.611328125 0.0390625 0.0234375
0 0.4169921875 0.6015625 0.029296875 0.0234375
0 0.494140625 0.599609375 0.046875 0.0390625
0 0.03515625 0.58984375 0.03515625 0.01953125
0 0.16015625 0.5693359375 0.05078125 0.025390625
0 0.37890625 0.587890625 0.078125 0.06640625
0 0.0166015625 0.556640625 0.033203125 0.0390625
0 0.373046875 0.53125 0.03125 0.03125
0 0.0986328125 0.5478515625 0.041015625 0.076171875
0 0.0068359375 0.5048828125 0.013671875 0.029296875
0 0.1416015625 0.498046875 0.037109375 0.0390625
0 0.1943359375 0.458984375 0.029296875 0.03125
0 0.98828125 0.4580078125 0.0234375 0.037109375
0 0.232421875 0.439453125 0.0234375 0.03125
0 0.2626953125 0.4189453125 0.021484375 0.029296875
0 0.025390625 0.4443359375 0.05078125 0.087890625
0 0.990234375 0.4052734375 0.01953125 0.025390625
0 0.1845703125 0.4033203125 0.025390625 0.033203125
0 0.287109375 0.39453125 0.01953125 0.0234375
0 0.09375 0.38671875 0.02734375 0.03125
0 0.2294921875 0.3798828125 0.021484375 0.021484375
0 0.9921875 0.376953125 0.015625 0.02734375
0 0.947265625 0.3671875 0.03515625 0.01953125
0 0.009765625 0.365234375 0.01953125 0.03125
0 0.033203125 0.349609375 0.04296875 0.04296875
0 0.171875 0.34375 0.05859375 0.05078125
0 0.228515625 0.3251953125 0.06640625 0.060546875
0 0.9697265625 0.3046875 0.037109375 0.05078125
0 0.0244140625 0.287109375 0.048828125 0.0546875
0 0.72265625 0.3955078125 0.39453125 0.373046875
0 0.259765625 0.23046875 0.0625 0.04296875
0 0.220703125 0.205078125 0.03125 0.02734375
0 0.203125 0.1904296875 0.02734375 0.025390625
0 0.96875 0.1845703125 0.02734375 0.029296875
0 0.8583984375 0.208984375 0.091796875 0.09765625
0 0.04296875 0.1923828125 0.0859375 0.091796875
0 0.994140625 0.1552734375 0.01171875 0.025390625
0 0.8857421875 0.1533203125 0.044921875 0.048828125
0 0.978515625 0.138671875 0.0234375 0.02734375
0 0.1796875 0.1552734375 0.05078125 0.064453125
0 0.958984375 0.1220703125 0.02734375 0.029296875
0 0.8681640625 0.1005859375 0.025390625 0.025390625
0 0.9931640625 0.08984375 0.013671875 0.0234375
0 0.796875 0.125 0.08984375 0.09375
0 0.0556640625 0.0927734375 0.041015625 0.037109375
0 0.921875 0.0859375 0.03515625 0.0390625
0 0.8486328125 0.076171875 0.037109375 0.04296875
0 0.876953125 0.05859375 0.0234375 0.0234375
0 0.0439453125 0.05859375 0.033203125 0.03125
0 0.931640625 0.052734375 0.0234375 0.0234375
0 0.24609375 0.0537109375 0.05078125 0.048828125
0 0.146484375 0.0654296875 0.0703125 0.080078125
0 0.9072265625 0.02734375 0.029296875 0.02734375
0 0.978515625 0.0263671875 0.04296875 0.033203125
0 0.8642578125 0.0244140625 0.044921875 0.044921875
0 0.93359375 0.0087890625 0.0234375 0.017578125
0 0.1591796875 0.005859375 0.021484375 0.01171875
0 0.1298828125 0.0068359375 0.025390625 0.013671875
0 0.015625 0.0166015625 0.03125 0.033203125
0 0.00390625 0.00390625 0.0078125 0.0078125