0 0.0439453125 0.99609375 0.017578125 0.0078125
0 0.064453125 0.994140625 0.01953125 0.01171875
0 0.818359375 0.9931640625 0.01953125 0.013671875
0 0.0068359375 0.9853515625 0.013671875 0.017578125
0 0.0380859375 0.982421875 0.017578125 0.01953125
0 0.1103515625 0.982421875 0.037109375 0.03515625
0 0.7275390625 0.9755859375 0.052734375 0.048828125
0 0.6318359375 0.9521484375 0.013671875 0.013671875
0 0.072265625 0.953125 0.03125 0.03125
0 0.7958984375 0.95703125 0.048828125 0.05078125
0 0.8935546875 0.9609375 0.099609375 0.0703125
0 0.052734375 0.9404296875 0.03125 0.033203125
0 0.9853515625 0.94140625 0.029296875 0.0390625
0 0.03515625 0.9248046875 0.03125 0.033203125
0 0.6396484375 0.9072265625 0.017578125 0.021484375
0 0.0185546875 0.9130859375 0.033203125 0.037109375
0 0.76953125 0.908203125 0.0625 0.0390625
0 0.564453125 0.92578125 0.05859375 0.08203125
0 0.0087890625 0.89453125 0.017578125 0.03125
0 0.98046875 0.8818359375 0.0390625 0.041015625
0 0.69921875 0.873046875 0.01953125 0.02734375
0 0.525390625 0.919921875 0.08203125 0.12109375
0 0.6015625 0.8720703125 0.0546875 0.052734375
0 0.845703125 0.86328125 0.078125 0.04296875
0 0.6669921875 0.8583984375 0.033203125 0.037109375
0 0.7041015625 0.8447265625 0.025390625 0.037109375
0 0.939453125 0.830078125 0.0390625 0.03515625
0 0.8134765625 0.83203125 0.044921875 0.0390625
0 0.7314453125 0.8408203125 0.029296875 0.056640625
0 0.796875 0.7978515625 0.03515625 0.037109375
0 0.8271484375 0.7890625 0.037109375 0.04296875
0 0.6865234375 0.771484375 0.025390625 0.03515625
0 0.896484375 0.7841796875 0.08203125 0.076171875
0 0.7626953125 0.7431640625 0.044921875 0.041015625
0 0.6611328125 0.7314453125 0.033203125 0.021484375
0 0.9794921875 0.73828125 0.041015625 0.05859375
0 0.65625 0.712890625 0.03515625 0.0234375
0 0.69140625 0.7158203125 0.03125 0.033203125
0 0.373046875 0.71875 0.03125 0.0390625
0 0.9931640625 0.705078125 0.013671875 0.0234375
0 0.40625 0.7109375 0.04296875 0.046875
0 0.748046875 0.6982421875 0.05078125 0.056640625
0 0.2890625 0.6845703125 0.05078125 0.044921875
0 0.2294921875 0.673828125 0.033203125 0.03125
0 0.6474609375 0.6689453125 0.025390625 0.041015625
0 0.2724609375 0.759765625 0.494140625 0.2265625
0 0.8125 0.6962890625 0.109375 0.103515625
0 0.6787109375 0.66796875 0.044921875 0.046875
0 0.353515625 0.6611328125 0.046875 0.041015625
0 0.578125 0.7431640625 0.125 0.212890625
0 0.384765625 0.642578125 0.02734375 0.0390625
0 0.6962890625 0.6396484375 0.029296875 0.037109375
0 0.2685546875 0.634765625 0.041015625 0.02734375
0 0.734375 0.6220703125 0.06640625 0.041015625
0 0.8974609375 0.6357421875 0.138671875 0.107421875
0 0.642578125 0.5859375 0.0234375 0.0390625
0 0.7197265625 0.5673828125 0.017578125 0.017578125
0 0.9189453125 0.58203125 0.060546875 0.05078125
0 0.6845703125 0.5751953125 0.041015625 0.041015625
0 0.1103515625 0.56640625 0.041015625 0.0234375
0 0.48046875 0.595703125 0.109375 0.08984375
0 0.8388671875 0.5751953125 0.072265625 0.052734375
0 0.0546875 0.5859375 0.0625 0.07421875
0 0.080078125 0.5537109375 0.02734375 0.029296875
0 0.6376953125 0.5400390625 0.017578125 0.021484375
0 0.59765625 0.5771484375 0.078125 0.095703125
0 0.0029296875 0.52734375 0.005859375 0.01171875
0 0.7197265625 0.5341796875 0.044921875 0.037109375
0 0.8271484375 0.541015625 0.091796875 0.0546875
0 0.1904296875 0.5234375 0.021484375 0.02734375
0 0.267578125 0.5771484375 0.19921875 0.138671875
0 0.158203125 0.5361328125 0.04296875 0.056640625
0 0.2158203125 0.51171875 0.021484375 0.02734375
0 0.044921875 0.4912109375 0.02734375 0.033203125
0 0.3193359375 0.4912109375 0.025390625 0.041015625
0 0.0673828125 0.4853515625 0.029296875 0.037109375
0 0.3671875 0.482421875 0.02734375 0.0390625
0 0.4267578125 0.4697265625 0.029296875 0.029296875
0 0.400390625 0.470703125 0.0234375 0.03515625
0 0.1083984375 0.46875 0.025390625 0.03515625
0 0.453125 0.4609375 0.01953125 0.0390625
0 0.1396484375 0.4560546875 0.021484375 0.029296875
0 0.6953125 0.4580078125 0.04296875 0.037109375
0 0.7763671875 0.4658203125 0.064453125 0.056640625
0 0.4775390625 0.45703125 0.029296875 0.0390625
0 0.0263671875 0.4560546875 0.041015625 0.041015625
0 0.5048828125 0.4521484375 0.029296875 0.041015625
0 0.962890625 0.4365234375 0.0234375 0.021484375
0 0.8203125 0.4384765625 0.04296875 0.025390625
0 0.99609375 0.4208984375 0.0078125 0.017578125
0 0.0166015625 0.4189453125 0.029296875 0.025390625
0 0.888671875 0.4267578125 0.0703125 0.044921875
0 0.052734375 0.421875 0.03125 0.03515625
0 0.9375 0.4150390625 0.0234375 0.037109375
0 0.95703125 0.404296875 0.01953125 0.02734375
0 0.9814453125 0.396484375 0.029296875 0.0234375
0 0.4990234375 0.384765625 0.037109375 0.03515625
0 0.0322265625 0.3837890625 0.025390625 0.033203125
0 0.0537109375 0.380859375 0.025390625 0.03515625
0 0.0888671875 0.3671875 0.029296875 0.03515625
0 0.12109375 0.3583984375 0.03515625 0.037109375
0 0.921875 0.3486328125 0.0234375 0.037109375
0 0.9453125 0.3447265625 0.01953125 0.033203125
0 0.1474609375 0.34765625 0.025390625 0.0390625
0 0.966796875 0.337890625 0.0234375 0.0390625
0 0.177734375 0.3388671875 0.03125 0.041015625
0 0.7841796875 0.359375 0.134765625 0.08984375
0 0.009765625 0.330078125 0.01953125 0.03515625
0 0.6376953125 0.388671875 0.080078125 0.16796875
0 0.208984375 0.3349609375 0.046875 0.064453125
0 0.0517578125 0.3173828125 0.025390625 0.037109375
0 0.9873046875 0.3203125 0.025390625 0.046875
0 0.5576171875 0.345703125 0.072265625 0.1171875
0 0.3046875 0.3779296875 0.3125 0.181640625
0 0.05078125 0.287109375 0.0390625 0.02734375
0 0.1328125 0.2880859375 0.03125 0.037109375
0 0.9091796875 0.26953125 0.025390625 0.01953125
0 0.185546875 0.2724609375 0.04296875 0.041015625
0 0.8720703125 0.2822265625 0.048828125 0.068359375
0 0.802734375 0.2841796875 0.09375 0.076171875
0 0.9912109375 0.255859375 0.017578125 0.0234375
0 0.0341796875 0.2568359375 0.037109375 0.029296875
0 0.2333984375 0.2578125 0.037109375 0.0390625
0 0.943359375 0.2578125 0.03125 0.05859375
0 0.259765625 0.2490234375 0.03125 0.044921875
0 0.0244140625 0.2373046875 0.037109375 0.029296875
0 0.2900390625 0.2392578125 0.033203125 0.041015625
0 0.90625 0.2373046875 0.0546875 0.041015625
0 0.3154296875 0.2294921875 0.029296875 0.037109375
0 0.5595703125 0.24609375 0.080078125 0.08203125
0 0.0205078125 0.2158203125 0.029296875 0.025390625
0 0.0986328125 0.21484375 0.037109375 0.03125
0 0.361328125 0.21484375 0.02734375 0.03515625
0 0.8369140625 0.2041015625 0.025390625 0.021484375
0 0.9921875 0.201171875 0.015625 0.0234375
0 0.15625 0.205078125 0.03125 0.03515625
0 0.3896484375 0.2060546875 0.037109375 0.048828125
0 0.01171875 0.1923828125 0.0234375 0.025390625
0 0.8271484375 0.1826171875 0.025390625 0.021484375
0 0.0703125 0.181640625 0.03125 0.0234375
0 0.908203125 0.181640625 0.02734375 0.02734375
0 0.875 0.1865234375 0.03125 0.037109375
0 0.435546875 0.2021484375 0.0625 0.076171875
0 0.1962890625 0.1875 0.029296875 0.046875
0 0.2841796875 0.1748046875 0.021484375 0.025390625
0 0.228515625 0.1796875 0.03125 0.03515625
0 0.6904296875 0.21875 0.095703125 0.1171875
0 0.060546875 0.1611328125 0.03125 0.025390625
0 0.1201171875 0.1552734375 0.017578125 0.017578125
0 0.4931640625 0.1650390625 0.044921875 0.052734375
0 0.8134765625 0.150390625 0.029296875 0.0390625
0 0.884765625 0.1396484375 0.0234375 0.021484375
0 0.9677734375 0.154296875 0.064453125 0.0546875
0 0.0546875 0.138671875 0.03515625 0.02734375
0 0.3330078125 0.1435546875 0.052734375 0.041015625
0 0.09375 0.1337890625 0.02734375 0.033203125
0 0.5439453125 0.1513671875 0.064453125 0.072265625
0 0.9384765625 0.1240234375 0.025390625 0.021484375
0 0.380859375 0.130859375 0.0390625 0.03515625
0 0.8525390625 0.1240234375 0.025390625 0.025390625
0 0.7958984375 0.111328125 0.017578125 0.015625
0 0.703125 0.1220703125 0.09765625 0.037109375
0 0.876953125 0.1123046875 0.0234375 0.025390625
0 0.9833984375 0.099609375 0.017578125 0.015625
0 0.455078125 0.1064453125 0.01953125 0.029296875
0 0.1484375 0.1171875 0.06640625 0.05078125
0 0.4345703125 0.1083984375 0.029296875 0.037109375
0 0.3720703125 0.1025390625 0.037109375 0.029296875
0 0.8388671875 0.0927734375 0.029296875 0.025390625
0 0.20703125 0.125 0.0546875 0.08984375
0 0.30859375 0.087890625 0.01953125 0.01953125
0 0.025390625 0.08984375 0.0234375 0.03515625
0 0.9404296875 0.0810546875 0.041015625 0.029296875
0 0.044921875 0.08203125 0.01953125 0.03515625
0 0.8642578125 0.078125 0.025390625 0.03125
0 0.5029296875 0.087890625 0.072265625 0.05078125
0 0.263671875 0.1123046875 0.07421875 0.099609375
0 0.828125 0.0673828125 0.01953125 0.017578125
0 0.0673828125 0.0732421875 0.021484375 0.033203125
0 0.9697265625 0.0703125 0.025390625 0.03125
0 0.427734375 0.060546875 0.02734375 0.02734375
0 0.3115234375 0.0546875 0.017578125 0.015625
0 0.09375 0.0634765625 0.0234375 0.033203125
0 0.705078125 0.05859375 0.05859375 0.02734375
0 0.998046875 0.04296875 0.00390625 0.00390625
0 0.3544921875 0.0625 0.048828125 0.046875
0 0.2353515625 0.05078125 0.041015625 0.03515625
0 0.083984375 0.0341796875 0.0234375 0.017578125
0 0.8955078125 0.0400390625 0.029296875 0.037109375
0 0.2587890625 0.0244140625 0.025390625 0.017578125
0 0.12890625 0.041015625 0.03125 0.05859375
0 0.9287109375 0.0283203125 0.037109375 0.037109375
0 0.6923828125 0.0244140625 0.041015625 0.037109375
0 0.15625 0.0224609375 0.03125 0.033203125
0 0.0087890625 0.0146484375 0.017578125 0.021484375
0 0.2890625 0.0126953125 0.02734375 0.021484375
0 0.982421875 0.0068359375 0.01953125 0.013671875
0 0.958984375 0.0126953125 0.02734375 0.025390625
0 0.775390625 0.015625 0.04296875 0.03125
0 0.5947265625 0.0712890625 0.099609375 0.142578125
0 0.337890625 0.0146484375 0.04296875 0.029296875
0 0.322265625 0.001953125 0.0078125 0.00390625
0 0.2666015625 0.00390625 0.013671875 0.0078125
0 0.2373046875 0.0087890625 0.017578125 0.017578125
0 0.2119140625 0.013671875 0.029296875 0.02734375
0 0.18359375 0.017578125 0.03125 0.03515625
0 0.0517578125 0.0029296875 0.009765625 0.005859375
0 0.0322265625 0.0068359375 0.021484375 0.013671875