0 0.9375 0.998046875 0.0078125 0.00390625
0 0.693359375 0.998046875 0.00390625 0.00390625
0 0.12890625 0.998046875 0.00390625 0.00390625
0 0.88671875 0.9951171875 0.015625 0.009765625
0 0.2197265625 0.994140625 0.021484375 0.01171875
0 0.974609375 0.990234375 0.046875 0.01953125
0 0.673828125 0.9873046875 0.0390625 0.025390625
0 0.998046875 0.9755859375 0.00390625 0.005859375
0 0.8046875 0.978515625 0.0234375 0.0234375
0 0.5322265625 0.9814453125 0.041015625 0.029296875
0 0.2646484375 0.9833984375 0.048828125 0.033203125
0 0.107421875 0.982421875 0.04296875 0.03125
0 0.01171875 0.9716796875 0.0234375 0.029296875
0 0.7373046875 0.9755859375 0.048828125 0.048828125
0 0.84375 0.9658203125 0.03515625 0.033203125
0 0.314453125 0.96484375 0.0234375 0.03125
0 0.3388671875 0.9541015625 0.025390625 0.029296875
0 0.173828125 0.955078125 0.046875 0.03515625
0 0.5986328125 0.966796875 0.056640625 0.06640625
0 0.36328125 0.94921875 0.0234375 0.03515625
0 0.66015625 0.9453125 0.0390625 0.03125
0 0.9052734375 0.943359375 0.029296875 0.03125
0 0.0947265625 0.9482421875 0.041015625 0.041015625
0 0.9296875 0.9296875 0.03125 0.03515625
0 0.7890625 0.9248046875 0.03515625 0.033203125
0 0.583984375 0.923828125 0.0390625 0.03125
0 0.5068359375 0.9384765625 0.060546875 0.064453125
0 0.08203125 0.9189453125 0.03125 0.025390625
0 0.7177734375 0.9306640625 0.048828125 0.052734375
0 0.6533203125 0.9208984375 0.037109375 0.033203125
0 0.40234375 0.9248046875 0.04296875 0.041015625
0 0.9560546875 0.919921875 0.029296875 0.03515625
0 0.1953125 0.9140625 0.03515625 0.03125
0 0.9853515625 0.9140625 0.029296875 0.0390625
0 0.0439453125 0.90625 0.025390625 0.02734375
0 0.576171875 0.9013671875 0.0390625 0.033203125
0 0.7841796875 0.8974609375 0.037109375 0.029296875
0 0.251953125 0.91796875 0.08984375 0.0703125
0 0.8271484375 0.90234375 0.033203125 0.04296875
0 0.7080078125 0.896484375 0.041015625 0.03125
0 0.1845703125 0.892578125 0.041015625 0.03125
0 0.8544921875 0.890625 0.033203125 0.0390625
0 0.0029296875 0.875 0.005859375 0.0078125
0 0.3076171875 0.8876953125 0.037109375 0.041015625
0 0.634765625 0.8828125 0.03125 0.03515625
0 0.775390625 0.876953125 0.03515625 0.02734375
0 0.06640625 0.8857421875 0.04296875 0.044921875
0 0.8818359375 0.880859375 0.037109375 0.0390625
0 0.7021484375 0.8740234375 0.037109375 0.029296875
0 0.333984375 0.876953125 0.03515625 0.03515625
0 0.173828125 0.87109375 0.0390625 0.03125
0 0.2431640625 0.8681640625 0.037109375 0.029296875
0 0.3759765625 0.875 0.048828125 0.046875
0 0.9130859375 0.869140625 0.037109375 0.0390625
0 0.125 0.8671875 0.03515625 0.046875
0 0.939453125 0.8583984375 0.03125 0.037109375
0 0.69140625 0.85546875 0.04296875 0.03125
0 0.0078125 0.8515625 0.015625 0.02734375
0 0.5400390625 0.853515625 0.037109375 0.03515625
0 0.962890625 0.8486328125 0.03125 0.037109375
0 0.2333984375 0.845703125 0.037109375 0.03125
0 0.9873046875 0.83984375 0.025390625 0.03515625
0 0.759765625 0.8408203125 0.046875 0.052734375
0 0.611328125 0.8271484375 0.03125 0.029296875
0 0.5234375 0.830078125 0.03515625 0.03515625
0 0.1591796875 0.833984375 0.056640625 0.04296875
0 0.921875 0.8193359375 0.02734375 0.021484375
0 0.2138671875 0.8134765625 0.025390625 0.033203125
0 0.0458984375 0.8134765625 0.044921875 0.037109375
0 0.6591796875 0.8076171875 0.041015625 0.029296875
0 0.595703125 0.8046875 0.03515625 0.02734375
0 0.509765625 0.8056640625 0.03515625 0.033203125
0 0.9765625 0.802734375 0.046875 0.03125
0 0.080078125 0.798828125 0.0234375 0.02734375
0 0.9970703125 0.7841796875 0.005859375 0.013671875
0 0.4873046875 0.7900390625 0.037109375 0.029296875
0 0.8388671875 0.8125 0.123046875 0.078125
0 0.642578125 0.7880859375 0.03515625 0.029296875
0 0.7294921875 0.7841796875 0.037109375 0.029296875
0 0.0244140625 0.77734375 0.025390625 0.0234375
0 0.0634765625 0.7763671875 0.033203125 0.025390625
0 0.9169921875 0.77734375 0.029296875 0.03515625
0 0.4521484375 0.830078125 0.123046875 0.14453125
0 0.1259765625 0.7763671875 0.033203125 0.041015625
0 0.4736328125 0.76953125 0.037109375 0.03125
0 0.712890625 0.763671875 0.0390625 0.03125
0 0.5576171875 0.7666015625 0.037109375 0.037109375
0 0.2958984375 0.806640625 0.154296875 0.12109375
0 0.94921875 0.7666015625 0.03125 0.044921875
0 0.603515625 0.765625 0.03125 0.04296875
0 0.1513671875 0.7626953125 0.033203125 0.044921875
0 0.9716796875 0.7568359375 0.033203125 0.041015625
0 0.0087890625 0.74609375 0.017578125 0.01953125
0 0.4609375 0.7470703125 0.0390625 0.029296875
0 0.6904296875 0.744140625 0.029296875 0.02734375
0 0.9921875 0.7470703125 0.015625 0.041015625
0 0.53515625 0.744140625 0.03515625 0.03515625
0 0.048828125 0.744140625 0.0390625 0.04296875
0 0.5810546875 0.7373046875 0.037109375 0.037109375
0 0.208984375 0.7392578125 0.04296875 0.048828125
0 0.4384765625 0.7236328125 0.064453125 0.044921875
0 0.5126953125 0.7138671875 0.033203125 0.029296875
0 0.267578125 0.7197265625 0.06640625 0.041015625
0 0.55078125 0.7138671875 0.03515625 0.033203125
0 0.1875 0.693359375 0.03125 0.03515625
0 0.029296875 0.69921875 0.04296875 0.05078125
0 0.634765625 0.6904296875 0.04296875 0.037109375
0 0.095703125 0.6845703125 0.04296875 0.029296875
0 0.3359375 0.6787109375 0.02734375 0.044921875
0 0.6044921875 0.671875 0.044921875 0.03515625
0 0.0859375 0.6591796875 0.04296875 0.033203125
0 0.013671875 0.6318359375 0.02734375 0.033203125
0 0.5751953125 0.642578125 0.072265625 0.0703125
0 0.619140625 0.6240234375 0.03125 0.041015625
0 0.0751953125 0.6162109375 0.041015625 0.025390625
0 0.6416015625 0.62109375 0.029296875 0.04296875
0 0.6640625 0.6171875 0.02734375 0.0390625
0 0.1982421875 0.623046875 0.068359375 0.05859375
0 0.0673828125 0.595703125 0.041015625 0.03125
0 0.009765625 0.59765625 0.01953125 0.0390625
0 0.3046875 0.5986328125 0.046875 0.052734375
0 0.806640625 0.6650390625 0.23828125 0.205078125
0 0.4521484375 0.626953125 0.158203125 0.13671875
0 0.537109375 0.560546875 0.03515625 0.03125
0 0.6259765625 0.552734375 0.021484375 0.03515625
0 0.412109375 0.5595703125 0.0703125 0.052734375
0 0.2490234375 0.552734375 0.041015625 0.0390625
0 0.3291015625 0.5498046875 0.041015625 0.037109375
0 0.65625 0.5478515625 0.02734375 0.037109375
0 0.546875 0.5400390625 0.04296875 0.025390625
0 0.6806640625 0.54296875 0.025390625 0.03515625
0 0.451171875 0.5400390625 0.03515625 0.037109375
0 0.7080078125 0.537109375 0.025390625 0.03515625
0 0.22265625 0.53515625 0.03125 0.03125
0 0.5595703125 0.5166015625 0.033203125 0.021484375
0 0.7333984375 0.525390625 0.029296875 0.046875
0 0.0634765625 0.5341796875 0.099609375 0.072265625
0 0.6494140625 0.5048828125 0.044921875 0.029296875
0 0.3046875 0.515625 0.046875 0.05078125
0 0.021484375 0.501953125 0.03125 0.0390625
0 0.822265625 0.5068359375 0.046875 0.052734375
0 0.7412109375 0.4892578125 0.021484375 0.017578125
0 0.0576171875 0.4951171875 0.037109375 0.044921875
0 0.677734375 0.4755859375 0.01953125 0.017578125
0 0.8681640625 0.4912109375 0.044921875 0.052734375
0 0.9326171875 0.4775390625 0.025390625 0.029296875
0 0.173828125 0.4814453125 0.03515625 0.041015625
0 0.50390625 0.4736328125 0.04296875 0.029296875
0 0.642578125 0.4609375 0.0390625 0.0234375
0 0.154296875 0.46875 0.03515625 0.0390625
0 0.2626953125 0.4638671875 0.041015625 0.037109375
0 0.552734375 0.4521484375 0.01953125 0.017578125
0 0.134765625 0.4580078125 0.03125 0.037109375
0 0.9794921875 0.4541015625 0.029296875 0.037109375
0 0.4248046875 0.4443359375 0.033203125 0.021484375
0 0.6416015625 0.44140625 0.037109375 0.0234375
0 0.3466796875 0.4443359375 0.033203125 0.029296875
0 0.248046875 0.4462890625 0.0390625 0.037109375
0 0.1162109375 0.4453125 0.029296875 0.03515625
0 0.9951171875 0.4365234375 0.009765625 0.025390625
0 0.6806640625 0.44140625 0.025390625 0.03515625
0 0.705078125 0.435546875 0.02734375 0.03515625
0 0.7314453125 0.4296875 0.025390625 0.03125
0 0.232421875 0.4287109375 0.0390625 0.037109375
0 0.33203125 0.423828125 0.03515625 0.03515625
0 0.083984375 0.4267578125 0.04296875 0.041015625
0 0.556640625 0.4169921875 0.03125 0.025390625
0 0.5078125 0.4150390625 0.03125 0.025390625
0 0.755859375 0.419921875 0.03125 0.0390625
0 0.4287109375 0.412109375 0.033203125 0.02734375
0 0.20703125 0.412109375 0.03515625 0.03515625
0 0.7802734375 0.4111328125 0.029296875 0.037109375
0 0.314453125 0.40234375 0.03125 0.03125
0 0.8037109375 0.40234375 0.029296875 0.03515625
0 0.640625 0.3935546875 0.03125 0.025390625
0 0.044921875 0.3955078125 0.04296875 0.037109375
0 0.833984375 0.3916015625 0.03125 0.033203125
0 0.8623046875 0.3828125 0.029296875 0.03515625
0 0.353515625 0.3798828125 0.03125 0.029296875
0 0.5400390625 0.3759765625 0.033203125 0.025390625
0 0.4248046875 0.376953125 0.029296875 0.03125
0 0.640625 0.37109375 0.03125 0.0234375
0 0.9970703125 0.361328125 0.005859375 0.01171875
0 0.2841796875 0.37109375 0.029296875 0.03125
0 0.16796875 0.3779296875 0.0703125 0.044921875
0 0.884765625 0.37109375 0.02734375 0.03515625
0 0.9140625 0.3583984375 0.02734375 0.025390625
0 0.1376953125 0.359375 0.044921875 0.04296875
0 0.63671875 0.34765625 0.02734375 0.0234375
0 0.3388671875 0.3505859375 0.037109375 0.037109375
0 0.2626953125 0.349609375 0.041015625 0.03515625
0 0.9453125 0.349609375 0.02734375 0.0390625
0 0.701171875 0.361328125 0.05078125 0.0625
0 0.560546875 0.337890625 0.0234375 0.01953125
0 0.501953125 0.341796875 0.0234375 0.02734375
0 0.9697265625 0.3408203125 0.029296875 0.037109375
0 0.7822265625 0.341796875 0.029296875 0.04296875
0 0.4130859375 0.3369140625 0.037109375 0.033203125
0 0.8076171875 0.3359375 0.029296875 0.0390625
0 0.7470703125 0.3427734375 0.041015625 0.052734375
0 0.115234375 0.330078125 0.02734375 0.03125
0 0.9912109375 0.330078125 0.017578125 0.03515625
0 0.8310546875 0.3291015625 0.029296875 0.037109375
0 0.640625 0.3232421875 0.03515625 0.025390625
0 0.865234375 0.31640625 0.03125 0.0390625
0 0.69140625 0.306640625 0.0234375 0.0234375
0 0.087890625 0.3076171875 0.03125 0.029296875
0 0.8896484375 0.3056640625 0.033203125 0.037109375
0 0.720703125 0.2998046875 0.0234375 0.025390625
0 0.5517578125 0.30078125 0.033203125 0.02734375
0 0.3994140625 0.302734375 0.037109375 0.03125
0 0.7509765625 0.29296875 0.029296875 0.02734375
0 0.92578125 0.2939453125 0.03125 0.033203125
0 0.0654296875 0.291015625 0.029296875 0.03125
0 0.953125 0.28515625 0.02734375 0.03125
0 0.78125 0.2841796875 0.0234375 0.029296875
0 0.0439453125 0.2763671875 0.033203125 0.033203125
0 0.3076171875 0.30078125 0.064453125 0.0859375
0 0.8330078125 0.26953125 0.025390625 0.02734375
0 0.9833984375 0.2724609375 0.033203125 0.037109375
0 0.4892578125 0.2626953125 0.025390625 0.017578125
0 0.2099609375 0.296875 0.076171875 0.0859375
0 0.5576171875 0.2626953125 0.033203125 0.021484375
0 0.384765625 0.267578125 0.0390625 0.03125
0 0.869140625 0.263671875 0.02734375 0.0390625
0 0.6875 0.2529296875 0.0234375 0.029296875
0 0.89453125 0.2509765625 0.0234375 0.029296875
0 0.2802734375 0.251953125 0.037109375 0.03515625
0 0.71484375 0.2451171875 0.0234375 0.029296875
0 0.9228515625 0.2431640625 0.025390625 0.029296875
0 0.4833984375 0.2373046875 0.025390625 0.017578125
0 0.0166015625 0.244140625 0.033203125 0.03125
0 0.5615234375 0.2353515625 0.025390625 0.017578125
0 0.953125 0.236328125 0.0234375 0.03125
0 0.740234375 0.236328125 0.02734375 0.03125
0 0.642578125 0.2314453125 0.02734375 0.021484375
0 0.1767578125 0.2373046875 0.041015625 0.041015625
0 0.765625 0.228515625 0.0234375 0.02734375
0 0.98046875 0.224609375 0.0234375 0.0234375
0 0.7958984375 0.22265625 0.021484375 0.0234375
0 0.4150390625 0.2294921875 0.041015625 0.037109375
0 0.748046875 0.2109375 0.01953125 0.015625
0 0.56640625 0.2119140625 0.02734375 0.017578125
0 0.5361328125 0.2119140625 0.013671875 0.017578125
0 0.8232421875 0.2119140625 0.025390625 0.029296875
0 0.1044921875 0.2119140625 0.037109375 0.037109375
0 0.849609375 0.2060546875 0.0234375 0.029296875
0 0.654296875 0.2060546875 0.03125 0.029296875
0 0.255859375 0.2060546875 0.0390625 0.033203125
0 0.875 0.1982421875 0.0234375 0.029296875
0 0.6953125 0.2001953125 0.02734375 0.037109375
0 0.9091796875 0.19140625 0.025390625 0.0234375
0 0.4765625 0.189453125 0.0234375 0.01953125
0 0.40625 0.197265625 0.0390625 0.03515625
0 0.583984375 0.1865234375 0.02734375 0.017578125
0 0.7197265625 0.189453125 0.025390625 0.03125
0 0.9384765625 0.18359375 0.021484375 0.0234375
0 0.080078125 0.1884765625 0.0390625 0.037109375
0 0.7490234375 0.17578125 0.025390625 0.0234375
0 0.2431640625 0.181640625 0.037109375 0.03515625
0 0.9677734375 0.1728515625 0.021484375 0.029296875
0 0.77734375 0.16796875 0.0234375 0.0234375
0 0.3203125 0.173828125 0.0390625 0.03515625
0 0.4716796875 0.162109375 0.025390625 0.01953125
0 0.9921875 0.1640625 0.015625 0.03125
0 0.806640625 0.1630859375 0.0234375 0.029296875
0 0.3955078125 0.1640625 0.037109375 0.0390625
0 0.8369140625 0.1591796875 0.029296875 0.037109375
0 0.1611328125 0.16015625 0.037109375 0.04296875
0 0.865234375 0.146484375 0.0234375 0.02734375
0 0.59375 0.150390625 0.046875 0.0390625
0 0.4619140625 0.1396484375 0.021484375 0.017578125
0 0.3056640625 0.1455078125 0.041015625 0.037109375
0 0.892578125 0.1416015625 0.0234375 0.033203125
0 0.185546875 0.1474609375 0.03515625 0.044921875
0 0.0166015625 0.1435546875 0.029296875 0.037109375
0 0.6875 0.13671875 0.03125 0.02734375
0 0.9169921875 0.1357421875 0.025390625 0.033203125
0 0.0419921875 0.1328125 0.033203125 0.0390625
0 0.9404296875 0.1279296875 0.025390625 0.033203125
0 0.2080078125 0.1318359375 0.033203125 0.041015625
0 0.734375 0.123046875 0.0234375 0.02734375
0 0.072265625 0.1298828125 0.03515625 0.041015625
0 0.9609375 0.1220703125 0.0234375 0.033203125
0 0.7626953125 0.115234375 0.021484375 0.02734375
0 0.3671875 0.119140625 0.03515625 0.0390625
0 0.2314453125 0.1201171875 0.033203125 0.041015625
0 0.994140625 0.10546875 0.01171875 0.01953125
0 0.7001953125 0.1044921875 0.029296875 0.025390625
0 0.10546875 0.11328125 0.0390625 0.04296875
0 0.25390625 0.109375 0.03515625 0.0390625
0 0.818359375 0.099609375 0.0234375 0.02734375
0 0.3916015625 0.1025390625 0.033203125 0.041015625
0 0.548828125 0.0927734375 0.01953125 0.025390625
0 0.525390625 0.0927734375 0.01953125 0.025390625
0 0.5009765625 0.0927734375 0.021484375 0.025390625
0 0.474609375 0.0927734375 0.01953125 0.025390625
0 0.1328125 0.1005859375 0.03515625 0.041015625
0 0.6015625 0.08984375 0.01953125 0.0234375
0 0.57421875 0.08984375 0.0234375 0.0234375
0 0.8505859375 0.08984375 0.021484375 0.02734375
0 0.275390625 0.095703125 0.03125 0.0390625
0 0.79296875 0.0966796875 0.0234375 0.044921875
0 0.8779296875 0.08203125 0.021484375 0.02734375
0 0.8203125 0.076171875 0.01953125 0.01953125
0 0.158203125 0.0859375 0.04296875 0.046875
0 0.90234375 0.0732421875 0.0234375 0.033203125
0 0.314453125 0.0673828125 0.03125 0.037109375
0 0.0390625 0.0654296875 0.0390625 0.033203125
0 0.748046875 0.064453125 0.03125 0.03515625
0 0.1845703125 0.068359375 0.041015625 0.046875
0 0.93359375 0.0595703125 0.046875 0.037109375
0 0.779296875 0.0546875 0.02734375 0.03515625
0 0.2119140625 0.0517578125 0.037109375 0.041015625
0 0.80859375 0.044921875 0.02734375 0.03125
0 0.361328125 0.0478515625 0.04296875 0.041015625
0 0.8388671875 0.0390625 0.029296875 0.03515625
0 0.0791015625 0.0400390625 0.037109375 0.041015625
0 0.029296875 0.0361328125 0.0390625 0.033203125
0 0.869140625 0.03125 0.02734375 0.03515625
0 0.896484375 0.0234375 0.03125 0.03515625
0 0.34375 0.0234375 0.04296875 0.03515625
0 0.98828125 0.013671875 0.0234375 0.01953125
0 0.9697265625 0.00390625 0.025390625 0.0078125
0 0.76171875 0.005859375 0.03125 0.01171875
0 0.72265625 0.0087890625 0.03515625 0.017578125
0 0.6484375 0.0048828125 0.0390625 0.009765625
0 0.591796875 0.01171875 0.0234375 0.0234375
0 0.5595703125 0.0166015625 0.021484375 0.033203125
0 0.5361328125 0.017578125 0.021484375 0.03515625
0 0.49609375 0.017578125 0.0234375 0.03515625
0 0.4482421875 0.015625 0.037109375 0.03125
0 0.330078125 0.0068359375 0.03125 0.013671875
0 0.287109375 0.009765625 0.03125 0.01953125
0 0.25 0.0283203125 0.0625 0.056640625
0 0.1513671875 0.009765625 0.025390625 0.01953125
0 0.021484375 0.0126953125 0.0390625 0.025390625