0 0.2587890625 0.9287109375 0.146484375 0.130859375
0 0.990234375 0.8916015625 0.01953125 0.064453125
0 0.470703125 0.841796875 0.08203125 0.06640625
0 0.64453125 0.892578125 0.3828125 0.21484375
0 0.3359375 0.85546875 0.1796875 0.140625
0 0.162109375 0.837890625 0.109375 0.11328125
0 0.0341796875 0.83984375 0.068359375 0.1640625
0 0.232421875 0.775390625 0.109375 0.1015625
0 0.302734375 0.71484375 0.05078125 0.05078125
0 0.3828125 0.7451171875 0.1015625 0.142578125
0 0.9150390625 0.7626953125 0.169921875 0.216796875
0 0.6435546875 0.6630859375 0.423828125 0.287109375
0 0.1787109375 0.58984375 0.357421875 0.2578125
0 0.9931640625 0.455078125 0.013671875 0.015625
0 0.9912109375 0.4208984375 0.017578125 0.041015625
0 0.4296875 0.4453125 0.109375 0.09375
0 0.1220703125 0.3837890625 0.064453125 0.044921875
0 0.357421875 0.3828125 0.0546875 0.05859375
0 0.56640625 0.41015625 0.1640625 0.203125
0 0.89453125 0.3154296875 0.03125 0.076171875
0 0.93359375 0.3291015625 0.04296875 0.107421875
0 0.986328125 0.322265625 0.02734375 0.10546875
0 0.04296875 0.3173828125 0.0859375 0.095703125
0 0.3408203125 0.318359375 0.083984375 0.1015625
0 0.0791015625 0.2529296875 0.033203125 0.033203125
0 0.2138671875 0.3271484375 0.224609375 0.251953125
0 0.4150390625 0.2470703125 0.181640625 0.193359375
0 0.2392578125 0.2177734375 0.154296875 0.173828125
0 0.9140625 0.169921875 0.0546875 0.1640625
0 0.8466796875 0.1708984375 0.060546875 0.169921875
0 0.978515625 0.1591796875 0.04296875 0.169921875
0 0.3154296875 0.115234375 0.126953125 0.10546875
0 0.8388671875 0.0537109375 0.052734375 0.017578125
0 0.171875 0.0458984375 0.03125 0.029296875
0 0.9765625 0.025390625 0.046875 0.05078125
0 0.8994140625 0.02734375 0.052734375 0.0546875
0 0.83203125 0.015625 0.05078125 0.03125
0 0.71875 0.03125 0.06640625 0.0625
0 0.142578125 0.0126953125 0.02734375 0.025390625
0 0.0869140625 0.00390625 0.013671875 0.0078125
0 0.0693359375 0.10546875 0.138671875 0.2109375