0 0.216796875 0.7509765625 0.03515625 0.029296875
0 0.21484375 0.712890625 0.05078125 0.05859375
0 0.1416015625 0.666015625 0.044921875 0.046875
0 0.9814453125 0.6162109375 0.037109375 0.017578125
0 0.9814453125 0.5673828125 0.037109375 0.029296875
0 0.9140625 0.5546875 0.07421875 0.04296875
0 0.9697265625 0.5390625 0.029296875 0.03125
0 0.5322265625 0.52734375 0.044921875 0.04296875
0 0.9228515625 0.515625 0.029296875 0.0234375
0 0.8818359375 0.5107421875 0.029296875 0.025390625
0 0.9560546875 0.501953125 0.029296875 0.03125
0 0.99609375 0.4765625 0.0078125 0.04296875
0 0.8017578125 0.4716796875 0.025390625 0.037109375
0 0.8623046875 0.453125 0.033203125 0.03515625
0 0.9228515625 0.4580078125 0.083984375 0.064453125
0 0.927734375 0.3916015625 0.01953125 0.025390625
0 0.8701171875 0.388671875 0.064453125 0.03125
0 0.7353515625 0.39453125 0.091796875 0.0703125
0 0.9296875 0.361328125 0.015625 0.015625
0 0.84375 0.353515625 0.02734375 0.0234375
0 0.8896484375 0.3486328125 0.037109375 0.021484375
0 0.638671875 0.3408203125 0.09765625 0.064453125
0 0.9951171875 0.322265625 0.009765625 0.0390625
0 0.728515625 0.3046875 0.015625 0.01953125
0 0.732421875 0.328125 0.12890625 0.08984375
0 0.7568359375 0.29296875 0.029296875 0.02734375
0 0.9541015625 0.3408203125 0.033203125 0.126953125
0 0.884765625 0.302734375 0.06640625 0.0703125
0 0.6396484375 0.2763671875 0.064453125 0.044921875
0 0.7119140625 0.2646484375 0.029296875 0.025390625
0 0.53125 0.279296875 0.109375 0.0703125
0 0.7236328125 0.24609375 0.029296875 0.03125
0 0.5859375 0.244140625 0.0390625 0.0390625
0 0.6396484375 0.2373046875 0.033203125 0.033203125
0 0.8828125 0.240234375 0.0390625 0.05078125
0 0.5478515625 0.2255859375 0.044921875 0.037109375
0 0.923828125 0.228515625 0.0390625 0.0703125
0 0.806640625 0.21875 0.0625 0.07421875
0 0.66796875 0.2119140625 0.0703125 0.060546875
0 0.6015625 0.19921875 0.0625 0.05078125
0 0.9873046875 0.2314453125 0.025390625 0.123046875
0 0.75390625 0.1904296875 0.05859375 0.056640625
0 0.87890625 0.1806640625 0.05859375 0.041015625
0 0.3876953125 0.19921875 0.162109375 0.125
0 0.69140625 0.15234375 0.05859375 0.0390625
0 0.708984375 0.1328125 0.02734375 0.0234375
0 0.9228515625 0.138671875 0.044921875 0.05859375
0 0.751953125 0.1123046875 0.05078125 0.044921875
0 0.8994140625 0.1025390625 0.041015625 0.029296875
0 0.783203125 0.091796875 0.02734375 0.03125
0 0.984375 0.0908203125 0.03125 0.052734375
0 0.8232421875 0.0771484375 0.052734375 0.052734375
0 0.4443359375 0.1201171875 0.181640625 0.138671875
0 0.666015625 0.0771484375 0.04296875 0.064453125
0 0.041015625 0.080078125 0.08203125 0.08203125
0 0.9560546875 0.0546875 0.037109375 0.0390625
0 0.880859375 0.05859375 0.046875 0.0546875
0 0.640625 0.0341796875 0.02734375 0.029296875
0 0.98828125 0.0302734375 0.0234375 0.041015625
0 0.7021484375 0.04296875 0.068359375 0.078125
0 0.517578125 0.0302734375 0.0703125 0.056640625
0 0.9306640625 0.0234375 0.044921875 0.046875
0 0.8486328125 0.0087890625 0.037109375 0.017578125
0 0.7734375 0.03125 0.0703125 0.0625
0 0.724609375 0.0126953125 0.0546875 0.025390625
0 0.626953125 0.0068359375 0.0234375 0.013671875
0 0.5576171875 0.013671875 0.056640625 0.02734375