0 0.623046875 0.9970703125 0.01171875 0.005859375
0 0.0107421875 0.99609375 0.013671875 0.0078125
0 0.689453125 0.994140625 0.0234375 0.01171875
0 0.80859375 0.9931640625 0.01953125 0.013671875
0 0.4013671875 0.9912109375 0.037109375 0.017578125
0 0.875 0.990234375 0.02734375 0.01953125
0 0.7119140625 0.990234375 0.017578125 0.01953125
0 0.0048828125 0.986328125 0.009765625 0.015625
0 0.453125 0.98828125 0.05078125 0.0234375
0 0.2001953125 0.9873046875 0.044921875 0.025390625
0 0.8271484375 0.9853515625 0.029296875 0.025390625
0 0.998046875 0.97265625 0.00390625 0.00390625
0 0.4111328125 0.9755859375 0.025390625 0.021484375
0 0.650390625 0.978515625 0.04296875 0.04296875
0 0.7783203125 0.970703125 0.033203125 0.03125
0 0.919921875 0.974609375 0.07421875 0.05078125
0 0.8486328125 0.958984375 0.033203125 0.0390625
0 0.73046875 0.955078125 0.046875 0.03515625
0 0.5146484375 0.96484375 0.189453125 0.0703125
0 0.59765625 0.9462890625 0.09375 0.048828125
0 0.7314453125 0.9248046875 0.021484375 0.021484375
0 0.76171875 0.9150390625 0.02734375 0.025390625
0 0.8359375 0.919921875 0.078125 0.0546875
0 0.7412109375 0.90234375 0.021484375 0.01953125
0 0.40625 0.9140625 0.0390625 0.04296875
0 0.294921875 0.9443359375 0.171875 0.111328125
0 0.4931640625 0.91015625 0.091796875 0.0546875
0 0.9765625 0.9208984375 0.046875 0.083984375
0 0.95703125 0.8857421875 0.03515625 0.029296875
0 0.998046875 0.8701171875 0.00390625 0.005859375
0 0.0029296875 0.8671875 0.005859375 0.01171875
0 0.7783203125 0.8828125 0.052734375 0.046875
0 0.4208984375 0.876953125 0.037109375 0.0390625
0 0.97265625 0.86328125 0.0390625 0.03515625
0 0.1875 0.8779296875 0.07421875 0.064453125
0 0.384765625 0.8564453125 0.03125 0.029296875
0 0.0244140625 0.8701171875 0.044921875 0.064453125
0 0.580078125 0.8896484375 0.2265625 0.107421875
0 0.9248046875 0.833984375 0.037109375 0.03125
0 0.4501953125 0.837890625 0.037109375 0.04296875
0 0.1826171875 0.837890625 0.068359375 0.05859375
0 0.59765625 0.85546875 0.22265625 0.09765625
0 0.4248046875 0.8251953125 0.025390625 0.037109375
0 0.4619140625 0.8115234375 0.025390625 0.021484375
0 0.404296875 0.81640625 0.03125 0.03125
0 0.3154296875 0.8486328125 0.107421875 0.095703125
0 0.9365234375 0.8125 0.033203125 0.02734375
0 0.9833984375 0.8203125 0.033203125 0.0625
0 0.369140625 0.794921875 0.02734375 0.02734375
0 0.005859375 0.791015625 0.01171875 0.01953125
0 0.2177734375 0.833984375 0.091796875 0.109375
0 0.9482421875 0.7900390625 0.037109375 0.029296875
0 0.8857421875 0.841796875 0.091796875 0.1328125
0 0.0625 0.810546875 0.08203125 0.08203125
0 0.515625 0.78515625 0.0390625 0.0390625
0 0.6669921875 0.810546875 0.146484375 0.09765625
0 0.01953125 0.779296875 0.0390625 0.03515625
0 0.34375 0.7763671875 0.03515625 0.041015625
0 0.466796875 0.76953125 0.05078125 0.03125
0 0.7666015625 0.7666015625 0.041015625 0.037109375
0 0.8271484375 0.7548828125 0.025390625 0.021484375
0 0.2490234375 0.779296875 0.095703125 0.0859375
0 0.72265625 0.771484375 0.09765625 0.08203125
0 0.7841796875 0.7421875 0.029296875 0.02734375
0 0.583984375 0.7646484375 0.0625 0.072265625
0 0.001953125 0.7265625 0.00390625 0.00390625
0 0.75390625 0.7353515625 0.03125 0.033203125
0 0.16796875 0.7666015625 0.09375 0.107421875
0 0.978515625 0.7255859375 0.0390625 0.029296875
0 0.6552734375 0.7255859375 0.033203125 0.029296875
0 0.9423828125 0.74609375 0.095703125 0.078125
0 0.4375 0.7177734375 0.0390625 0.029296875
0 0.08203125 0.7421875 0.14453125 0.08984375
0 0.7216796875 0.7158203125 0.048828125 0.044921875
0 0.162109375 0.7001953125 0.0234375 0.021484375
0 0.947265625 0.7001953125 0.02734375 0.025390625
0 0.6669921875 0.69921875 0.025390625 0.02734375
0 0.900390625 0.7021484375 0.04296875 0.037109375
0 0.83984375 0.771484375 0.12890625 0.17578125
0 0.9931640625 0.6884765625 0.013671875 0.025390625
0 0.9130859375 0.6767578125 0.033203125 0.025390625
0 0.681640625 0.6767578125 0.0234375 0.025390625
0 0.8759765625 0.6748046875 0.025390625 0.025390625
0 0.134765625 0.677734375 0.03125 0.03125
0 0.0771484375 0.689453125 0.056640625 0.0546875
0 0.767578125 0.6796875 0.0390625 0.0390625
0 0.8076171875 0.693359375 0.056640625 0.0703125
0 0.734375 0.6728515625 0.02734375 0.033203125
0 0.267578125 0.7138671875 0.12109375 0.123046875
0 0.998046875 0.6533203125 0.00390625 0.005859375
0 0.3720703125 0.6787109375 0.041015625 0.056640625
0 0.59375 0.6826171875 0.08984375 0.068359375
0 0.6953125 0.6513671875 0.02734375 0.025390625
0 0.8916015625 0.6484375 0.025390625 0.0234375
0 0.1064453125 0.65234375 0.041015625 0.03515625
0 0.9697265625 0.6630859375 0.048828125 0.060546875
0 0.4775390625 0.693359375 0.169921875 0.12890625
0 0.8369140625 0.6435546875 0.033203125 0.033203125
0 0.5888671875 0.63671875 0.037109375 0.0234375
0 0.1787109375 0.6484375 0.048828125 0.05078125
0 0.5205078125 0.640625 0.044921875 0.0390625
0 0.029296875 0.669921875 0.05859375 0.10546875
0 0.943359375 0.623046875 0.0234375 0.01953125
0 0.708984375 0.625 0.03515625 0.0234375
0 0.14453125 0.625 0.02734375 0.02734375
0 0.990234375 0.615234375 0.01953125 0.01953125
0 0.78125 0.6171875 0.02734375 0.03125
0 0.72265625 0.6103515625 0.03515625 0.029296875
0 0.0537109375 0.615234375 0.041015625 0.0390625
0 0.6064453125 0.6005859375 0.025390625 0.021484375
0 0.12890625 0.6083984375 0.03125 0.037109375
0 0.3466796875 0.638671875 0.087890625 0.1015625
0 0.994140625 0.5966796875 0.01171875 0.021484375
0 0.103515625 0.59765625 0.02734375 0.03125
0 0.23828125 0.5947265625 0.03515625 0.033203125
0 0.9619140625 0.5849609375 0.029296875 0.025390625
0 0.9140625 0.6025390625 0.046875 0.060546875
0 0.4677734375 0.591796875 0.052734375 0.04296875
0 0.6513671875 0.62109375 0.087890625 0.109375
0 0.615234375 0.580078125 0.0234375 0.02734375
0 0.974609375 0.5693359375 0.01953125 0.017578125
0 0.0849609375 0.5791015625 0.033203125 0.037109375
0 0.8525390625 0.578125 0.060546875 0.04296875
0 0.0146484375 0.5791015625 0.029296875 0.044921875
0 0.7802734375 0.5693359375 0.044921875 0.037109375
0 0.6875 0.560546875 0.03125 0.0234375
0 0.888671875 0.5595703125 0.0234375 0.029296875
0 0.9365234375 0.552734375 0.021484375 0.0234375
0 0.0654296875 0.5615234375 0.029296875 0.041015625
0 0.984375 0.55078125 0.02734375 0.02734375
0 0.73828125 0.5703125 0.0390625 0.06640625
0 0.5654296875 0.5791015625 0.068359375 0.095703125
0 0.6435546875 0.544921875 0.048828125 0.03515625
0 0.0166015625 0.54296875 0.029296875 0.03125
0 0.2509765625 0.552734375 0.076171875 0.0546875
0 0.84375 0.5361328125 0.0390625 0.041015625
0 0.953125 0.5244140625 0.01953125 0.021484375
0 0.6953125 0.533203125 0.0625 0.046875
0 0.78125 0.5341796875 0.07421875 0.052734375
0 0.6474609375 0.5205078125 0.029296875 0.025390625
0 0.90234375 0.515625 0.03515625 0.03515625
0 0.71875 0.5009765625 0.03125 0.029296875
0 0.685546875 0.5 0.0234375 0.02734375
0 0.37890625 0.515625 0.0546875 0.06640625
0 0.919921875 0.4912109375 0.0234375 0.025390625
0 0.73046875 0.484375 0.0234375 0.01953125
0 0.1875 0.5185546875 0.09375 0.087890625
0 0.046875 0.515625 0.04296875 0.08203125
0 0.60546875 0.4873046875 0.02734375 0.033203125
0 0.89453125 0.4775390625 0.03125 0.025390625
0 0.4287109375 0.5224609375 0.087890625 0.115234375
0 0.7470703125 0.4658203125 0.021484375 0.021484375
0 0.0673828125 0.46875 0.037109375 0.03125
0 0.0126953125 0.474609375 0.025390625 0.04296875
0 0.7890625 0.4775390625 0.04296875 0.056640625
0 0.671875 0.47265625 0.046875 0.05078125
0 0.345703125 0.462890625 0.05078125 0.04296875
0 0.314453125 0.451171875 0.0234375 0.02734375
0 0.62890625 0.4482421875 0.03125 0.025390625
0 0.6904296875 0.443359375 0.029296875 0.0234375
0 0.4130859375 0.4443359375 0.025390625 0.025390625
0 0.638671875 0.43359375 0.0234375 0.01953125
0 0.4765625 0.44140625 0.03515625 0.0390625
0 0.3720703125 0.427734375 0.025390625 0.02734375
0 0.8271484375 0.43359375 0.056640625 0.046875
0 0.703125 0.423828125 0.02734375 0.02734375
0 0.765625 0.423828125 0.02734375 0.03125
0 0.1123046875 0.4443359375 0.087890625 0.076171875
0 0.30078125 0.4658203125 0.09765625 0.123046875
0 0.4306640625 0.4208984375 0.037109375 0.037109375
0 0.65234375 0.40625 0.0234375 0.02734375
0 0.453125 0.40234375 0.03125 0.03125
0 0.041015625 0.423828125 0.05859375 0.078125
0 0.3271484375 0.400390625 0.044921875 0.03515625
0 0.3642578125 0.3837890625 0.037109375 0.033203125
0 0.724609375 0.3896484375 0.04296875 0.048828125
0 0.337890625 0.37109375 0.0234375 0.0234375
0 0.0224609375 0.400390625 0.044921875 0.09765625
0 0.677734375 0.3603515625 0.03125 0.037109375
0 0.40625 0.3525390625 0.0390625 0.080078125
0 0.53515625 0.322265625 0.125 0.09765625
0 0.02734375 0.3076171875 0.0546875 0.068359375
0 0.7802734375 0.26953125 0.021484375 0.015625
0 0.5322265625 0.271484375 0.052734375 0.0390625
0 0.294921875 0.328125 0.12890625 0.16796875
0 0.02734375 0.2578125 0.02734375 0.03515625
0 0.09765625 0.291015625 0.08203125 0.1328125
0 0.76953125 0.236328125 0.05078125 0.04296875
0 0.0966796875 0.2216796875 0.021484375 0.021484375
0 0.87109375 0.2451171875 0.078125 0.095703125
0 0.1396484375 0.212890625 0.029296875 0.03125
0 0.443359375 0.2431640625 0.10546875 0.099609375
0 0.0458984375 0.21875 0.041015625 0.0546875
0 0.1142578125 0.2001953125 0.025390625 0.025390625
0 0.0078125 0.19140625 0.015625 0.0234375
0 0.146484375 0.1884765625 0.03515625 0.029296875
0 0.0654296875 0.1796875 0.033203125 0.03125
0 0.69921875 0.173828125 0.02734375 0.03125
0 0.162109375 0.16796875 0.01953125 0.01953125
0 0.0185546875 0.1630859375 0.021484375 0.025390625
0 0.134765625 0.1494140625 0.0234375 0.021484375
0 0.041015625 0.13671875 0.01953125 0.0234375
0 0.09375 0.134765625 0.03515625 0.03125
0 0.1806640625 0.126953125 0.056640625 0.0625
0 0.1162109375 0.099609375 0.037109375 0.02734375
0 0.1865234375 0.0830078125 0.025390625 0.025390625
0 0.1328125 0.064453125 0.02734375 0.03515625
0 0.05078125 0.080078125 0.0703125 0.0703125
0 0.083984375 0.0390625 0.02734375 0.02734375
0 0.0068359375 0.033203125 0.013671875 0.03125
0 0.5078125 0.08203125 0.2265625 0.1640625