0 0.2939453125 0.9970703125 0.009765625 0.005859375
0 0.0244140625 0.9970703125 0.009765625 0.005859375
0 0.0068359375 0.994140625 0.013671875 0.01171875
0 0.2744140625 0.9755859375 0.029296875 0.021484375
0 0.0439453125 0.9765625 0.044921875 0.03125
0 0.908203125 0.9794921875 0.078125 0.041015625
0 0.5439453125 0.9716796875 0.056640625 0.048828125
0 0.1884765625 0.9560546875 0.029296875 0.025390625
0 0.146484375 0.9521484375 0.04296875 0.021484375
0 0.9658203125 0.9501953125 0.025390625 0.025390625
0 0.0498046875 0.9443359375 0.033203125 0.017578125
0 0.26953125 0.943359375 0.01953125 0.01953125
0 0.203125 0.927734375 0.01953125 0.01953125
0 0.1767578125 0.923828125 0.017578125 0.02734375
0 0.138671875 0.9228515625 0.02734375 0.025390625
0 0.0576171875 0.91796875 0.025390625 0.01953125
0 0.0087890625 0.9228515625 0.017578125 0.029296875
0 0.271484375 0.9111328125 0.0234375 0.021484375
0 0.9912109375 0.9140625 0.017578125 0.03125
0 0.6875 0.90625 0.03515625 0.02734375
0 0.640625 0.9091796875 0.03515625 0.033203125
0 0.19921875 0.89453125 0.02734375 0.01953125
0 0.7265625 0.8955078125 0.03125 0.029296875
0 0.1376953125 0.8916015625 0.025390625 0.021484375
0 0.1748046875 0.8837890625 0.013671875 0.013671875
0 0.7685546875 0.88671875 0.033203125 0.03125
0 0.1396484375 0.865234375 0.025390625 0.01953125
0 0.80859375 0.87109375 0.03515625 0.03515625
0 0.197265625 0.865234375 0.02734375 0.0234375
0 0.5244140625 0.8671875 0.037109375 0.04296875
0 0.0576171875 0.85546875 0.021484375 0.01953125
0 0.9736328125 0.857421875 0.029296875 0.03125
0 0.0283203125 0.849609375 0.013671875 0.01953125
0 0.0078125 0.8525390625 0.015625 0.025390625
0 0.19921875 0.8330078125 0.02734375 0.025390625
0 0.66796875 0.8310546875 0.03515625 0.025390625
0 0.142578125 0.8330078125 0.03125 0.029296875
0 0.015625 0.8271484375 0.01171875 0.017578125
0 0.70703125 0.8251953125 0.02734375 0.021484375
0 0.8505859375 0.8310546875 0.037109375 0.037109375
0 0.0517578125 0.822265625 0.037109375 0.01953125
0 0.9501953125 0.8251953125 0.029296875 0.033203125
0 0.4833984375 0.8310546875 0.037109375 0.056640625
0 0.7548828125 0.8125 0.037109375 0.0234375
0 0.626953125 0.8134765625 0.03125 0.029296875
0 0.2001953125 0.802734375 0.025390625 0.0234375
0 0.1416015625 0.7958984375 0.033203125 0.025390625
0 0.0517578125 0.7919921875 0.037109375 0.017578125
0 0.9833984375 0.78515625 0.021484375 0.0234375
0 0.8681640625 0.783203125 0.021484375 0.03125
0 0.7900390625 0.787109375 0.033203125 0.0390625
0 0.603515625 0.7822265625 0.03125 0.029296875
0 0.203125 0.7724609375 0.01953125 0.021484375
0 0.05078125 0.7646484375 0.03125 0.017578125
0 0.455078125 0.767578125 0.02734375 0.03125
0 0.009765625 0.7666015625 0.01953125 0.029296875
0 0.560546875 0.759765625 0.03515625 0.0390625
0 0.1376953125 0.7548828125 0.021484375 0.033203125
0 0.203125 0.740234375 0.01953125 0.0234375
0 0.939453125 0.740234375 0.02734375 0.02734375
0 0.728515625 0.736328125 0.03125 0.0234375
0 0.681640625 0.740234375 0.03515625 0.03125
0 0.7724609375 0.7373046875 0.037109375 0.033203125
0 0.529296875 0.734375 0.03515625 0.03515625
0 0.421875 0.7333984375 0.04296875 0.048828125
0 0.8642578125 0.7255859375 0.029296875 0.037109375
0 0.63671875 0.71875 0.03515625 0.03515625
0 0.2685546875 0.7197265625 0.017578125 0.037109375
0 0.2001953125 0.7109375 0.025390625 0.0234375
0 0.1494140625 0.716796875 0.044921875 0.03515625
0 0.0576171875 0.6982421875 0.021484375 0.017578125
0 0.0390625 0.6982421875 0.01171875 0.017578125
0 0.0126953125 0.6962890625 0.021484375 0.025390625
0 0.509765625 0.697265625 0.046875 0.03125
0 0.5966796875 0.689453125 0.033203125 0.03515625
0 0.2685546875 0.681640625 0.025390625 0.02734375
0 0.203125 0.6796875 0.0234375 0.0234375
0 0.1484375 0.6796875 0.046875 0.03125
0 0.4091796875 0.6826171875 0.033203125 0.041015625
0 0.9794921875 0.6826171875 0.041015625 0.048828125
0 0.8349609375 0.6748046875 0.044921875 0.037109375
0 0.0595703125 0.666015625 0.021484375 0.01953125
0 0.7421875 0.66015625 0.0390625 0.0234375
0 0.6962890625 0.6640625 0.037109375 0.03125
0 0.162109375 0.6552734375 0.015625 0.013671875
0 0.7841796875 0.6591796875 0.033203125 0.025390625
0 0.5703125 0.662109375 0.03515625 0.0390625
0 0.271484375 0.650390625 0.03125 0.0234375
0 0.13671875 0.6484375 0.0234375 0.01953125
0 0.203125 0.6484375 0.01953125 0.0234375
0 0.4912109375 0.6474609375 0.041015625 0.033203125
0 0.6572265625 0.642578125 0.033203125 0.03125
0 0.0576171875 0.6376953125 0.025390625 0.021484375
0 0.41015625 0.638671875 0.02734375 0.03515625
0 0.9521484375 0.634765625 0.025390625 0.03125
0 0.5302734375 0.634765625 0.033203125 0.03125
0 0.271484375 0.6201171875 0.03125 0.021484375
0 0.1376953125 0.615234375 0.021484375 0.01953125
0 0.6279296875 0.6162109375 0.037109375 0.033203125
0 0.9345703125 0.6083984375 0.029296875 0.029296875
0 0.0595703125 0.603515625 0.025390625 0.01953125
0 0.9970703125 0.595703125 0.005859375 0.0078125
0 0.4013671875 0.599609375 0.025390625 0.0390625
0 0.2666015625 0.58984375 0.021484375 0.0234375
0 0.205078125 0.5859375 0.015625 0.0234375
0 0.138671875 0.5859375 0.0234375 0.0234375
0 0.1611328125 0.580078125 0.017578125 0.015625
0 0.5947265625 0.5830078125 0.037109375 0.041015625
0 0.056640625 0.5703125 0.03125 0.0234375
0 0.203125 0.55859375 0.015625 0.015625
0 0.271484375 0.560546875 0.02734375 0.0234375
0 0.390625 0.5595703125 0.02734375 0.029296875
0 0.4697265625 0.5595703125 0.037109375 0.037109375
0 0.5625 0.5439453125 0.03125 0.033203125
0 0.1416015625 0.544921875 0.025390625 0.0390625
0 0.2021484375 0.52734375 0.013671875 0.015625
0 0.2685546875 0.5302734375 0.025390625 0.025390625
0 0.3671875 0.52734375 0.02734375 0.02734375
0 0.8818359375 0.5224609375 0.029296875 0.033203125
0 0.5 0.5126953125 0.03125 0.033203125
0 0.044921875 0.5068359375 0.0390625 0.025390625
0 0.4482421875 0.5146484375 0.029296875 0.044921875
0 0.3466796875 0.5048828125 0.029296875 0.029296875
0 0.263671875 0.498046875 0.0234375 0.0234375
0 0.140625 0.49609375 0.0234375 0.02734375
0 0.580078125 0.498046875 0.03125 0.03515625
0 0.197265625 0.494140625 0.02734375 0.03125
0 0.90625 0.4833984375 0.03515625 0.029296875
0 0.416015625 0.4755859375 0.046875 0.029296875
0 0.314453125 0.474609375 0.03515625 0.03515625
0 0.259765625 0.46875 0.0234375 0.0234375
0 0.5078125 0.46875 0.02734375 0.03125
0 0.58984375 0.455078125 0.02734375 0.03125
0 0.0341796875 0.451171875 0.037109375 0.03125
0 0.8310546875 0.44921875 0.037109375 0.03125
0 0.7578125 0.4365234375 0.01953125 0.017578125
0 0.9208984375 0.4462890625 0.041015625 0.041015625
0 0.3798828125 0.4423828125 0.033203125 0.037109375
0 0.13671875 0.4375 0.0234375 0.02734375
0 0.1806640625 0.4345703125 0.017578125 0.025390625
0 0.5234375 0.4326171875 0.0234375 0.037109375
0 0.2490234375 0.4306640625 0.025390625 0.033203125
0 0.609375 0.4150390625 0.03515625 0.033203125
0 0.33984375 0.4140625 0.03515625 0.03125
0 0.13671875 0.4033203125 0.0234375 0.017578125
0 0.181640625 0.3955078125 0.0234375 0.021484375
0 0.0478515625 0.3974609375 0.033203125 0.025390625
0 0.7626953125 0.3994140625 0.037109375 0.041015625
0 0.5341796875 0.39453125 0.033203125 0.03125
0 0.7080078125 0.384765625 0.029296875 0.0390625
0 0.2939453125 0.376953125 0.033203125 0.03515625
0 0.17578125 0.3642578125 0.03125 0.021484375
0 0.0517578125 0.36328125 0.029296875 0.01953125
0 0.6796875 0.369140625 0.03125 0.03515625
0 0.1396484375 0.361328125 0.021484375 0.01953125
0 0.6494140625 0.3583984375 0.029296875 0.025390625
0 0.54296875 0.3564453125 0.0390625 0.029296875
0 0.9267578125 0.357421875 0.029296875 0.03515625
0 0.0615234375 0.34375 0.017578125 0.01171875
0 0.619140625 0.3544921875 0.02734375 0.037109375
0 0.2470703125 0.349609375 0.029296875 0.02734375
0 0.4150390625 0.34375 0.033203125 0.0390625
0 0.4755859375 0.3505859375 0.041015625 0.056640625
0 0.177734375 0.3291015625 0.02734375 0.025390625
0 0.9169921875 0.322265625 0.021484375 0.015625
0 0.06640625 0.3212890625 0.01953125 0.021484375
0 0.552734375 0.3203125 0.03515625 0.0234375
0 0.3134765625 0.3291015625 0.044921875 0.041015625
0 0.134765625 0.318359375 0.015625 0.0234375
0 0.25 0.3115234375 0.0390625 0.029296875
0 0.8115234375 0.3076171875 0.033203125 0.029296875
0 0.71875 0.3017578125 0.03125 0.033203125
0 0.326171875 0.294921875 0.04296875 0.02734375
0 0.185546875 0.2939453125 0.02734375 0.025390625
0 0.6806640625 0.2900390625 0.033203125 0.037109375
0 0.4462890625 0.283203125 0.029296875 0.0234375
0 0.728515625 0.2783203125 0.01953125 0.017578125
0 0.2607421875 0.28125 0.037109375 0.03125
0 0.1376953125 0.2763671875 0.025390625 0.025390625
0 0.65234375 0.279296875 0.03125 0.03515625
0 0.38671875 0.263671875 0.0234375 0.01953125
0 0.1943359375 0.263671875 0.025390625 0.03125
0 0.74609375 0.26171875 0.03515625 0.03125
0 0.267578125 0.2529296875 0.0234375 0.025390625
0 0.888671875 0.2490234375 0.03125 0.037109375
0 0.0458984375 0.2666015625 0.041015625 0.072265625
0 0.3447265625 0.2412109375 0.044921875 0.029296875
0 0.1416015625 0.23828125 0.025390625 0.02734375
0 0.5966796875 0.240234375 0.037109375 0.0390625
0 0.513671875 0.236328125 0.03125 0.03515625
0 0.84375 0.234375 0.04296875 0.03515625
0 0.2021484375 0.232421875 0.037109375 0.03125
0 0.671875 0.224609375 0.02734375 0.0234375
0 0.28515625 0.21875 0.03515625 0.02734375
0 0.45703125 0.2197265625 0.03515625 0.033203125
0 0.755859375 0.2158203125 0.0625 0.052734375
0 0.9443359375 0.2041015625 0.033203125 0.033203125
0 0.216796875 0.197265625 0.03125 0.03125
0 0.9130859375 0.1845703125 0.033203125 0.029296875
0 0.9384765625 0.17578125 0.021484375 0.0234375
0 0.0625 0.189453125 0.0390625 0.0546875
0 0.7841796875 0.1748046875 0.029296875 0.029296875
0 0.3662109375 0.1806640625 0.048828125 0.041015625
0 0.740234375 0.17578125 0.03515625 0.03515625
0 0.1552734375 0.19140625 0.056640625 0.06640625
0 0.69921875 0.171875 0.03125 0.0390625
0 0.5283203125 0.1611328125 0.044921875 0.037109375
0 0.88671875 0.158203125 0.03515625 0.0390625
0 0.6787109375 0.154296875 0.029296875 0.03515625
0 0.2998046875 0.1572265625 0.029296875 0.044921875
0 0.84375 0.1357421875 0.03125 0.025390625
0 0.2646484375 0.142578125 0.037109375 0.0390625
0 0.3759765625 0.138671875 0.037109375 0.03515625
0 0.001953125 0.1181640625 0.00390625 0.005859375
0 0.072265625 0.1279296875 0.05078125 0.044921875
0 0.6142578125 0.126953125 0.033203125 0.046875
0 0.802734375 0.1181640625 0.046875 0.037109375
0 0.306640625 0.1064453125 0.0390625 0.033203125
0 0.5361328125 0.103515625 0.041015625 0.03515625
0 0.0087890625 0.09375 0.017578125 0.015625
0 0.7548828125 0.0986328125 0.037109375 0.033203125
0 0.390625 0.095703125 0.04296875 0.03515625
0 0.4921875 0.0849609375 0.0390625 0.029296875
0 0.705078125 0.0810546875 0.04296875 0.033203125
0 0.3193359375 0.076171875 0.041015625 0.03125
0 0.447265625 0.072265625 0.03125 0.03515625
0 0.658203125 0.0615234375 0.01953125 0.017578125
0 0.208984375 0.0966796875 0.1015625 0.099609375
0 0.0869140625 0.0693359375 0.052734375 0.048828125
0 0.6279296875 0.052734375 0.021484375 0.01953125
0 0.9853515625 0.0595703125 0.029296875 0.037109375
0 0.9384765625 0.041015625 0.025390625 0.02734375
0 0.6591796875 0.0283203125 0.033203125 0.029296875
0 0.3427734375 0.0322265625 0.033203125 0.037109375
0 0.546875 0.0234375 0.03515625 0.03125
0 0.0126953125 0.01953125 0.025390625 0.02734375
0 0.9169921875 0.0166015625 0.025390625 0.025390625
0 0.1923828125 0.0244140625 0.033203125 0.041015625
0 0.9794921875 0.001953125 0.021484375 0.00390625
0 0.8974609375 0.0029296875 0.009765625 0.005859375
0 0.8369140625 0.0087890625 0.017578125 0.017578125
0 0.75 0.005859375 0.0234375 0.01171875
0 0.5751953125 0.0107421875 0.033203125 0.021484375
0 0.515625 0.013671875 0.02734375 0.02734375
0 0.4814453125 0.0087890625 0.025390625 0.017578125
0 0.3095703125 0.0205078125 0.037109375 0.041015625
0 0.279296875 0.01171875 0.02734375 0.0234375
0 0.2470703125 0.0078125 0.025390625 0.015625
0 0.11328125 0.0146484375 0.04296875 0.029296875