0 0.013671875 0.99609375 0.015625 0.0078125
0 0.9208984375 0.982421875 0.068359375 0.03515625
0 0.8369140625 0.98046875 0.072265625 0.0390625
0 0.5029296875 0.9765625 0.091796875 0.046875
0 0.970703125 0.9677734375 0.05859375 0.064453125
0 0.8818359375 0.9228515625 0.056640625 0.064453125
0 0.9306640625 0.9140625 0.048828125 0.05859375
0 0.798828125 0.9150390625 0.10546875 0.072265625
0 0.900390625 0.875 0.046875 0.03515625
0 0.8681640625 0.861328125 0.033203125 0.03515625
0 0.791015625 0.8623046875 0.05078125 0.060546875
0 0.9814453125 0.84765625 0.037109375 0.0625
0 0.814453125 0.8251953125 0.05078125 0.060546875
0 0.9931640625 0.787109375 0.013671875 0.01953125
0 0.853515625 0.8046875 0.05078125 0.0625
0 0.998046875 0.7724609375 0.00390625 0.005859375
0 0.033203125 0.841796875 0.06640625 0.16015625
0 0.9248046875 0.7705078125 0.060546875 0.060546875
0 0.544921875 0.84765625 0.18359375 0.24609375
0 0.77734375 0.7578125 0.08203125 0.07421875
0 0.9833984375 0.7216796875 0.033203125 0.029296875
0 0.30859375 0.736328125 0.08984375 0.125
0 0.98828125 0.6943359375 0.0234375 0.048828125
0 0.986328125 0.6591796875 0.0234375 0.025390625
0 0.7109375 0.6806640625 0.06640625 0.072265625
0 0.9287109375 0.681640625 0.103515625 0.12109375
0 0.845703125 0.6640625 0.078125 0.1015625
0 0.650390625 0.6181640625 0.0703125 0.072265625
0 0.8427734375 0.59375 0.052734375 0.04296875
0 0.9765625 0.591796875 0.046875 0.0703125
0 0.8671875 0.552734375 0.046875 0.046875
0 0.634765625 0.546875 0.0703125 0.05859375
0 0.9306640625 0.583984375 0.119140625 0.1484375
0 0.8056640625 0.544921875 0.095703125 0.1171875
0 0.7490234375 0.517578125 0.052734375 0.078125
0 0.90625 0.5029296875 0.0546875 0.060546875
0 0.9287109375 0.4716796875 0.041015625 0.025390625
0 0.0634765625 0.552734375 0.126953125 0.20703125
0 0.9716796875 0.4658203125 0.056640625 0.048828125
0 0.8671875 0.45703125 0.07421875 0.07421875
0 0.818359375 0.4482421875 0.05859375 0.068359375
0 0.69921875 0.44921875 0.0625 0.07421875
0 0.6123046875 0.44921875 0.052734375 0.07421875
0 0.9228515625 0.4296875 0.052734375 0.046875
0 0.6728515625 0.3974609375 0.052734375 0.033203125
0 0.5751953125 0.3740234375 0.044921875 0.072265625
0 0.6455078125 0.3564453125 0.044921875 0.056640625
0 0.751953125 0.380859375 0.08203125 0.11328125
0 0.328125 0.5166015625 0.3359375 0.384765625
0 0.9345703125 0.3740234375 0.130859375 0.150390625
0 0.5498046875 0.3076171875 0.033203125 0.056640625
0 0.9921875 0.29296875 0.015625 0.03515625
0 0.619140625 0.3017578125 0.04296875 0.056640625
0 0.81640625 0.3779296875 0.15625 0.220703125
0 0.8046875 0.2890625 0.06640625 0.0703125
0 0.615234375 0.2265625 0.0859375 0.02734375
0 0.70703125 0.21875 0.09765625 0.02734375
0 0.98828125 0.21484375 0.0234375 0.0234375
0 0.9306640625 0.244140625 0.095703125 0.08203125
0 0.474609375 0.228515625 0.07421875 0.078125
0 0.9951171875 0.19140625 0.009765625 0.01953125
0 0.8017578125 0.1650390625 0.052734375 0.048828125
0 0.6533203125 0.1611328125 0.041015625 0.048828125
0 0.486328125 0.1591796875 0.0859375 0.044921875
0 0.7587890625 0.126953125 0.033203125 0.0390625
0 0.4599609375 0.1181640625 0.037109375 0.021484375
0 0.734375 0.115234375 0.03515625 0.03515625
0 0.7041015625 0.0966796875 0.044921875 0.041015625
0 0.1103515625 0.1630859375 0.091796875 0.181640625
0 0.767578125 0.080078125 0.05078125 0.0390625
0 0.6630859375 0.0712890625 0.041015625 0.041015625
0 0.48828125 0.0634765625 0.03125 0.025390625
0 0.8349609375 0.08984375 0.056640625 0.09765625
0 0.79296875 0.0576171875 0.05078125 0.044921875
0 0.7001953125 0.044921875 0.060546875 0.04296875
0 0.951171875 0.1083984375 0.09765625 0.181640625
0 0.908203125 0.11328125 0.1328125 0.1953125
0 0.03125 0.0634765625 0.0625 0.115234375
0 0.8125 0.015625 0.0546875 0.0234375
0 0.1982421875 0.017578125 0.041015625 0.03125
0 0.9345703125 0.013671875 0.099609375 0.02734375
0 0.369140625 0.01171875 0.04296875 0.0234375
0 0.1787109375 0.0068359375 0.029296875 0.013671875
0 0.1796875 0.0908203125 0.20703125 0.181640625