0 0.0244140625 0.7333984375 0.048828125 0.060546875
0 0.3251953125 0.5771484375 0.056640625 0.044921875
0 0.2373046875 0.4013671875 0.076171875 0.080078125
0 0.71484375 0.314453125 0.02734375 0.02734375
0 0.0400390625 0.32421875 0.080078125 0.078125
0 0.46875 0.3125 0.08203125 0.0859375
0 0.36328125 0.236328125 0.1484375 0.15234375
0 0.826171875 0.255859375 0.203125 0.19921875
0 0.26953125 0.138671875 0.1328125 0.1015625
0 0.001953125 0.03515625 0.00390625 0.0078125
0 0.001953125 0.005859375 0.00390625 0.00390625
0 0.9677734375 0.021484375 0.064453125 0.04296875
0 0.8447265625 0.060546875 0.138671875 0.12109375