0 0.7265625 0.998046875 0.00390625 0.00390625
0 0.1865234375 0.99609375 0.025390625 0.0078125
0 0.4072265625 0.9951171875 0.021484375 0.009765625
0 0.505859375 0.994140625 0.01953125 0.01171875
0 0.2490234375 0.994140625 0.029296875 0.01171875
0 0.5810546875 0.9931640625 0.033203125 0.013671875
0 0.3037109375 0.990234375 0.017578125 0.01171875
0 0.8544921875 0.990234375 0.029296875 0.01953125
0 0.7021484375 0.9892578125 0.029296875 0.021484375
0 0.82421875 0.98828125 0.02734375 0.0234375
0 0.4501953125 0.98828125 0.017578125 0.0234375
0 0.3369140625 0.984375 0.029296875 0.01953125
0 0.541015625 0.9853515625 0.0390625 0.029296875
0 0.4296875 0.9755859375 0.015625 0.017578125
0 0.287109375 0.970703125 0.01171875 0.0078125
0 0.1904296875 0.9765625 0.021484375 0.0234375
0 0.7978515625 0.9755859375 0.025390625 0.025390625
0 0.2529296875 0.970703125 0.021484375 0.01953125
0 0.9638671875 0.96484375 0.029296875 0.0234375
0 0.6669921875 0.966796875 0.029296875 0.02734375
0 0.9365234375 0.9638671875 0.021484375 0.029296875
0 0.7763671875 0.9609375 0.025390625 0.02734375
0 0.158203125 0.953125 0.01953125 0.01171875
0 0.337890625 0.9560546875 0.03125 0.021484375
0 0.99609375 0.9521484375 0.0078125 0.017578125
0 0.1923828125 0.9462890625 0.029296875 0.021484375
0 0.9130859375 0.9404296875 0.021484375 0.021484375
0 0.74609375 0.9423828125 0.02734375 0.025390625
0 0.4111328125 0.9423828125 0.037109375 0.025390625
0 0.802734375 0.9375 0.01953125 0.01953125
0 0.259765625 0.9375 0.03515625 0.02734375
0 0.6396484375 0.9326171875 0.025390625 0.025390625
0 0.8828125 0.9267578125 0.02734375 0.029296875
0 0.29296875 0.9208984375 0.015625 0.017578125
0 0.1630859375 0.91796875 0.017578125 0.015625
0 0.03515625 0.92578125 0.02734375 0.03515625
0 0.7216796875 0.9208984375 0.025390625 0.029296875
0 0.34375 0.919921875 0.02734375 0.02734375
0 0.9970703125 0.91015625 0.005859375 0.015625
0 0.193359375 0.9140625 0.03515625 0.0234375
0 0.958984375 0.9111328125 0.0234375 0.025390625
0 0.60546875 0.908203125 0.0234375 0.0234375
0 0.4228515625 0.9111328125 0.041015625 0.029296875
0 0.26953125 0.9013671875 0.03125 0.021484375
0 0.5810546875 0.892578125 0.021484375 0.01953125
0 0.8671875 0.890625 0.0234375 0.0234375
0 0.34765625 0.888671875 0.0234375 0.0234375
0 0.1943359375 0.8876953125 0.033203125 0.021484375
0 0.55078125 0.884765625 0.0234375 0.0234375
0 0.9716796875 0.8818359375 0.033203125 0.025390625
0 0.67578125 0.880859375 0.02734375 0.02734375
0 0.501953125 0.8740234375 0.0234375 0.021484375
0 0.4677734375 0.873046875 0.021484375 0.02734375
0 0.2705078125 0.8701171875 0.021484375 0.021484375
0 0.4443359375 0.8662109375 0.021484375 0.021484375
0 0.1162109375 0.8623046875 0.021484375 0.017578125
0 0.4140625 0.86328125 0.02734375 0.0234375
0 0.7578125 0.8642578125 0.03515625 0.037109375
0 0.6552734375 0.8603515625 0.033203125 0.029296875
0 0.9169921875 0.85546875 0.025390625 0.0234375
0 0.9814453125 0.8505859375 0.021484375 0.021484375
0 0.1943359375 0.8544921875 0.041015625 0.029296875
0 0.0517578125 0.84765625 0.025390625 0.01953125
0 0.7861328125 0.841796875 0.017578125 0.01953125
0 0.6337890625 0.8447265625 0.029296875 0.033203125
0 0.3583984375 0.8408203125 0.021484375 0.029296875
0 0.1181640625 0.833984375 0.021484375 0.02734375
0 0.001953125 0.828125 0.00390625 0.015625
0 0.60546875 0.8330078125 0.02734375 0.029296875
0 0.328125 0.833984375 0.0234375 0.03125
0 0.7041015625 0.826171875 0.021484375 0.0234375
0 0.2080078125 0.8251953125 0.033203125 0.025390625
0 0.9892578125 0.8232421875 0.017578125 0.025390625
0 0.5419921875 0.8232421875 0.025390625 0.025390625
0 0.8505859375 0.8232421875 0.025390625 0.029296875
0 0.57421875 0.8212890625 0.02734375 0.029296875
0 0.49609375 0.8154296875 0.01953125 0.017578125
0 0.0576171875 0.8173828125 0.021484375 0.021484375
0 0.15625 0.81640625 0.0234375 0.0234375
0 0.76953125 0.8203125 0.01953125 0.03515625
0 0.287109375 0.826171875 0.05078125 0.046875
0 0.935546875 0.810546875 0.0234375 0.0234375
0 0.4638671875 0.80859375 0.021484375 0.0234375
0 0.998046875 0.80078125 0.00390625 0.01171875
0 0.4384765625 0.8056640625 0.021484375 0.021484375
0 0.2109375 0.7978515625 0.03125 0.021484375
0 0.2744140625 0.7998046875 0.025390625 0.029296875
0 0.1259765625 0.7978515625 0.033203125 0.029296875
0 0.4111328125 0.796875 0.025390625 0.03125
0 0.056640625 0.7919921875 0.02734375 0.021484375
0 0.015625 0.787109375 0.01953125 0.015625
0 0.7060546875 0.7861328125 0.021484375 0.025390625
0 0.9443359375 0.77734375 0.021484375 0.02734375
0 0.3779296875 0.7734375 0.037109375 0.0234375
0 0.220703125 0.7666015625 0.03125 0.021484375
0 0.171875 0.763671875 0.01953125 0.01953125
0 0.7744140625 0.7587890625 0.021484375 0.021484375
0 0.5673828125 0.7548828125 0.021484375 0.025390625
0 0.1220703125 0.7529296875 0.017578125 0.021484375
0 0.7138671875 0.7548828125 0.021484375 0.029296875
0 0.0615234375 0.7470703125 0.029296875 0.021484375
0 0.330078125 0.75 0.04296875 0.04296875
0 0.603515625 0.744140625 0.03125 0.03515625
0 0.953125 0.732421875 0.02734375 0.015625
0 0.4794921875 0.7373046875 0.033203125 0.029296875
0 0.287109375 0.7275390625 0.02734375 0.017578125
0 0.7822265625 0.728515625 0.021484375 0.0234375
0 0.30859375 0.72265625 0.0078125 0.01171875
0 0.5361328125 0.7294921875 0.029296875 0.033203125
0 0.720703125 0.7216796875 0.02734375 0.029296875
0 0.3271484375 0.712890625 0.017578125 0.015625
0 0.9619140625 0.712890625 0.025390625 0.01953125
0 0.06640625 0.716796875 0.02734375 0.02734375
0 0.232421875 0.7109375 0.0234375 0.02734375
0 0.296875 0.7021484375 0.02734375 0.017578125
0 0.615234375 0.69921875 0.03125 0.0234375
0 0.1728515625 0.6982421875 0.025390625 0.021484375
0 0.966796875 0.6884765625 0.0234375 0.017578125
0 0.8857421875 0.6845703125 0.013671875 0.013671875
0 0.732421875 0.6875 0.0234375 0.02734375
0 0.3525390625 0.681640625 0.021484375 0.01953125
0 0.5380859375 0.6875 0.033203125 0.03515625
0 0.384765625 0.677734375 0.0234375 0.01953125
0 0.302734375 0.6767578125 0.0234375 0.017578125
0 0.23828125 0.6796875 0.03125 0.0234375
0 0.4775390625 0.673828125 0.029296875 0.01953125
0 0.416015625 0.67578125 0.0234375 0.0234375
0 0.1416015625 0.677734375 0.029296875 0.02734375
0 0.4443359375 0.671875 0.025390625 0.01953125
0 0.068359375 0.6748046875 0.02734375 0.025390625
0 0.9697265625 0.666015625 0.021484375 0.01953125
0 0.6044921875 0.6630859375 0.037109375 0.033203125
0 0.2421875 0.6533203125 0.0234375 0.021484375
0 0.7421875 0.65234375 0.02734375 0.03515625
0 0.970703125 0.6416015625 0.01953125 0.017578125
0 0.802734375 0.65625 0.0234375 0.046875
0 0.1474609375 0.638671875 0.033203125 0.01953125
0 0.8369140625 0.6376953125 0.029296875 0.021484375
0 0.9228515625 0.634765625 0.029296875 0.0234375
0 0.072265625 0.6376953125 0.02734375 0.029296875
0 0.8759765625 0.6279296875 0.021484375 0.021484375
0 0.5810546875 0.6318359375 0.037109375 0.037109375
0 0.033203125 0.62109375 0.015625 0.015625
0 0.9765625 0.619140625 0.0234375 0.01953125
0 0.5517578125 0.6201171875 0.029296875 0.025390625
0 0.4873046875 0.6162109375 0.017578125 0.017578125
0 0.4482421875 0.6171875 0.021484375 0.01953125
0 0.3818359375 0.6171875 0.052734375 0.01953125
0 0.3134765625 0.6171875 0.021484375 0.01953125
0 0.2412109375 0.6201171875 0.048828125 0.025390625
0 0.521484375 0.6103515625 0.0234375 0.025390625
0 0.73828125 0.6064453125 0.03125 0.033203125
0 0.708984375 0.6005859375 0.01953125 0.021484375
0 0.07421875 0.6005859375 0.0390625 0.021484375
0 0.1484375 0.595703125 0.0234375 0.01953125
0 0.31640625 0.587890625 0.01953125 0.0234375
0 0.255859375 0.5869140625 0.02734375 0.021484375
0 0.7001953125 0.5732421875 0.025390625 0.025390625
0 0.9833984375 0.5625 0.025390625 0.0234375
0 0.8828125 0.5634765625 0.01953125 0.025390625
0 0.1552734375 0.5546875 0.025390625 0.01953125
0 0.0859375 0.5546875 0.0390625 0.0234375
0 0.8291015625 0.5517578125 0.025390625 0.029296875
0 0.9443359375 0.552734375 0.021484375 0.03515625
0 0.6572265625 0.5478515625 0.033203125 0.025390625
0 0.3828125 0.546875 0.109375 0.0234375
0 0.912109375 0.5498046875 0.0234375 0.033203125
0 0.7744140625 0.5439453125 0.021484375 0.021484375
0 0.9873046875 0.5341796875 0.025390625 0.021484375
0 0.0927734375 0.5302734375 0.021484375 0.017578125
0 0.599609375 0.525390625 0.0234375 0.01953125
0 0.3134765625 0.5380859375 0.025390625 0.044921875
0 0.7275390625 0.5224609375 0.029296875 0.021484375
0 0.5703125 0.521484375 0.01953125 0.01953125
0 0.1611328125 0.51953125 0.029296875 0.01953125
0 0.5439453125 0.517578125 0.021484375 0.01953125
0 0.939453125 0.515625 0.01953125 0.01953125
0 0.703125 0.5126953125 0.0234375 0.021484375
0 0.513671875 0.5078125 0.03515625 0.02734375
0 0.9912109375 0.5029296875 0.017578125 0.021484375
0 0.4560546875 0.51953125 0.021484375 0.0546875
0 0.4150390625 0.5 0.052734375 0.0234375
0 0.24609375 0.529296875 0.0625 0.08203125
0 0.0947265625 0.5009765625 0.025390625 0.025390625
0 0.677734375 0.5 0.03125 0.02734375
0 0.3369140625 0.498046875 0.052734375 0.0234375
0 0.787109375 0.498046875 0.0234375 0.02734375
0 0.2021484375 0.4951171875 0.021484375 0.021484375
0 0.005859375 0.490234375 0.01171875 0.0234375
0 0.6328125 0.4755859375 0.02734375 0.029296875
0 0.0947265625 0.4716796875 0.029296875 0.025390625
0 0.84765625 0.4677734375 0.0234375 0.025390625
0 0.01953125 0.4638671875 0.02734375 0.029296875
0 0.7939453125 0.4638671875 0.025390625 0.033203125
0 0.884765625 0.4541015625 0.01953125 0.021484375
0 0.69921875 0.458984375 0.02734375 0.03125
0 0.990234375 0.443359375 0.01953125 0.01953125
0 0.8837890625 0.4326171875 0.021484375 0.017578125
0 0.060546875 0.439453125 0.03125 0.03125
0 0.64453125 0.4296875 0.0234375 0.0234375
0 0.7119140625 0.427734375 0.025390625 0.03125
0 0.8017578125 0.4130859375 0.025390625 0.037109375
0 0.8681640625 0.4072265625 0.041015625 0.029296875
0 0.658203125 0.3994140625 0.03125 0.025390625
0 0.7255859375 0.396484375 0.025390625 0.0234375
0 0.8671875 0.3828125 0.02734375 0.01953125
0 0.806640625 0.375 0.03515625 0.0234375
0 0.671875 0.3701171875 0.03125 0.025390625
0 0.986328125 0.361328125 0.015625 0.015625
0 0.181640625 0.400390625 0.140625 0.09375
0 0.8798828125 0.35546875 0.017578125 0.015625
0 0.7294921875 0.365234375 0.021484375 0.03515625
0 0.9560546875 0.3603515625 0.017578125 0.029296875
0 0.931640625 0.36328125 0.01953125 0.0390625
0 0.9033203125 0.3603515625 0.017578125 0.037109375
0 0.6875 0.3330078125 0.02734375 0.033203125
0 0.234375 0.3291015625 0.0390625 0.025390625
0 0.81640625 0.3271484375 0.03125 0.029296875
0 0.7822265625 0.314453125 0.029296875 0.02734375
0 0.095703125 0.314453125 0.0390625 0.02734375
0 0.9345703125 0.296875 0.021484375 0.015625
0 0.888671875 0.2978515625 0.01953125 0.017578125
0 0.751953125 0.30078125 0.02734375 0.0234375
0 0.416015625 0.3671875 0.1875 0.16796875
0 0.7236328125 0.2890625 0.025390625 0.0234375
0 0.1162109375 0.2890625 0.025390625 0.02734375
0 0.693359375 0.2744140625 0.03125 0.029296875
0 0.9814453125 0.25 0.017578125 0.0234375
0 0.9365234375 0.2490234375 0.029296875 0.025390625
0 0.0029296875 0.2412109375 0.005859375 0.033203125
0 0.2685546875 0.2685546875 0.087890625 0.091796875
0 0.1337890625 0.2333984375 0.021484375 0.029296875
0 0.021484375 0.236328125 0.0234375 0.03515625
0 0.107421875 0.2275390625 0.01953125 0.021484375
0 0.0810546875 0.2255859375 0.021484375 0.021484375
0 0.052734375 0.2255859375 0.0234375 0.021484375
0 0.326171875 0.21875 0.04296875 0.02734375
0 0.2177734375 0.2158203125 0.029296875 0.025390625
0 0.0048828125 0.1708984375 0.009765625 0.021484375
0 0.0263671875 0.16796875 0.021484375 0.0234375
0 0.052734375 0.1640625 0.01953125 0.0234375
0 0.1083984375 0.16015625 0.021484375 0.0234375
0 0.0810546875 0.16015625 0.021484375 0.0234375
0 0.1357421875 0.154296875 0.021484375 0.03515625
0 0.353515625 0.1689453125 0.24609375 0.115234375
0 0.5361328125 0.1142578125 0.021484375 0.021484375
0 0.224609375 0.0830078125 0.03125 0.029296875
0 0.150390625 0.07421875 0.02734375 0.02734375
0 0.65625 0.076171875 0.0234375 0.03515625
0 0.3740234375 0.06640625 0.017578125 0.0234375
0 0.3017578125 0.0546875 0.021484375 0.03125
0 0.447265625 0.04296875 0.03125 0.02734375
0 0.2373046875 0.037109375 0.029296875 0.02734375
0 0.6669921875 0.025390625 0.033203125 0.0234375
0 0.517578125 0.033203125 0.02734375 0.0390625
0 0.455078125 0.017578125 0.0234375 0.01953125
0 0.6015625 0.0166015625 0.02734375 0.021484375
0 0.37890625 0.013671875 0.0234375 0.0234375
0 0.51953125 0.0048828125 0.01953125 0.009765625
0 0.3486328125 0.009765625 0.021484375 0.01953125
0 0.3046875 0.005859375 0.0234375 0.01171875