0 0.150390625 0.98828125 0.03515625 0.0234375
0 0.16796875 0.947265625 0.04296875 0.0390625
0 0.41796875 0.91796875 0.01953125 0.015625
0 0.1826171875 0.87109375 0.029296875 0.0546875
0 0.052734375 0.921875 0.10546875 0.15625
0 0.11328125 0.8818359375 0.09765625 0.107421875
0 0.2294921875 0.890625 0.056640625 0.1640625
0 0.2548828125 0.9013671875 0.083984375 0.197265625
0 0.1923828125 0.8232421875 0.025390625 0.041015625
0 0.142578125 0.83203125 0.03515625 0.06640625
0 0.1923828125 0.7763671875 0.056640625 0.021484375
0 0.1396484375 0.7783203125 0.017578125 0.025390625
0 0.251953125 0.775390625 0.046875 0.0234375
0 0.1064453125 0.77734375 0.041015625 0.02734375
0 0.0078125 0.763671875 0.015625 0.0390625
0 0.1123046875 0.7421875 0.048828125 0.02734375
0 0.3798828125 0.701171875 0.013671875 0.015625
0 0.3974609375 0.6767578125 0.033203125 0.009765625
0 0.3984375 0.662109375 0.03125 0.01171875
0 0.37109375 0.6650390625 0.01953125 0.033203125
0 0.013671875 0.640625 0.01953125 0.01953125
0 0.9853515625 0.5927734375 0.029296875 0.037109375
0 0.994140625 0.5673828125 0.01171875 0.017578125
0 0.9462890625 0.5361328125 0.033203125 0.025390625
0 0.087890625 0.54296875 0.03125 0.04296875
0 0.953125 0.515625 0.03125 0.0234375
0 0.9609375 0.49609375 0.03125 0.0234375
0 0.8857421875 0.49609375 0.033203125 0.02734375
0 0.9677734375 0.474609375 0.033203125 0.0234375
0 0.890625 0.4609375 0.03515625 0.02734375
0 0.9736328125 0.4541015625 0.029296875 0.021484375
0 0.2470703125 0.591796875 0.134765625 0.296875
0 0.9013671875 0.4287109375 0.033203125 0.021484375
0 0.9833984375 0.427734375 0.033203125 0.03125
0 0.1123046875 0.45703125 0.052734375 0.10546875
0 0.9091796875 0.41015625 0.029296875 0.0234375
0 0.03515625 0.455078125 0.0703125 0.13671875
0 0.9931640625 0.392578125 0.013671875 0.03125
0 0.9208984375 0.3837890625 0.037109375 0.033203125
0 0.732421875 0.373046875 0.0390625 0.02734375
0 0.95703125 0.3505859375 0.02734375 0.029296875
0 0.7373046875 0.3515625 0.037109375 0.03125
0 0.9365234375 0.33203125 0.029296875 0.03125
0 0.0400390625 0.345703125 0.080078125 0.05859375
0 0.841796875 0.34765625 0.09765625 0.06640625
0 0.7470703125 0.3291015625 0.037109375 0.029296875
0 0.1875 0.3359375 0.15625 0.08203125
0 0.755859375 0.302734375 0.03515625 0.02734375
0 0.9892578125 0.2900390625 0.021484375 0.033203125
0 0.7646484375 0.2783203125 0.037109375 0.029296875
0 0.9677734375 0.2646484375 0.029296875 0.033203125
0 0.78515625 0.2548828125 0.03515625 0.033203125
0 0.486328125 0.3193359375 0.1171875 0.201171875
0 0.0439453125 0.25390625 0.087890625 0.07421875
0 0.826171875 0.23046875 0.03515625 0.03515625
0 0.990234375 0.224609375 0.01953125 0.03125
0 0.958984375 0.21484375 0.03125 0.03125
0 0.8046875 0.2138671875 0.03125 0.033203125
0 0.9052734375 0.205078125 0.044921875 0.0390625
0 0.9736328125 0.197265625 0.033203125 0.03125
0 0.8837890625 0.185546875 0.041015625 0.04296875
0 0.4921875 0.1728515625 0.03125 0.021484375
0 0.5302734375 0.1669921875 0.033203125 0.029296875
0 0.8623046875 0.166015625 0.033203125 0.03515625
0 0.9921875 0.15625 0.015625 0.0234375
0 0.462890625 0.15234375 0.02734375 0.0234375
0 0.1064453125 0.15234375 0.017578125 0.03125
0 0.9208984375 0.1533203125 0.037109375 0.037109375
0 0.2373046875 0.15234375 0.021484375 0.0390625
0 0.841796875 0.14453125 0.03515625 0.03125
0 0.5361328125 0.138671875 0.037109375 0.0234375
0 0.4033203125 0.1328125 0.033203125 0.0234375
0 0.470703125 0.1298828125 0.03125 0.021484375
0 0.9384765625 0.1259765625 0.033203125 0.033203125
0 0.0400390625 0.154296875 0.080078125 0.09375
0 0.478515625 0.11328125 0.03125 0.01953125
0 0.546875 0.111328125 0.03515625 0.0234375
0 0.1103515625 0.1044921875 0.025390625 0.017578125
0 0.4111328125 0.103515625 0.037109375 0.0234375
0 0.28125 0.1025390625 0.03125 0.021484375
0 0.482421875 0.0888671875 0.0234375 0.021484375
0 0.33984375 0.103515625 0.04296875 0.0546875
0 0.25390625 0.0888671875 0.0234375 0.029296875
0 0.41796875 0.0810546875 0.03515625 0.025390625
0 0.0185546875 0.0810546875 0.037109375 0.025390625
0 0.5556640625 0.080078125 0.037109375 0.02734375
0 0.2861328125 0.078125 0.029296875 0.0234375
0 0.1787109375 0.076171875 0.037109375 0.0234375
0 0.3515625 0.0693359375 0.03125 0.021484375
0 0.9677734375 0.07421875 0.037109375 0.03515625
0 0.2294921875 0.076171875 0.025390625 0.0390625
0 0.84765625 0.0751953125 0.03125 0.048828125
0 0.498046875 0.0615234375 0.04296875 0.021484375
0 0.5673828125 0.0556640625 0.021484375 0.021484375
0 0.4267578125 0.0546875 0.033203125 0.01953125
0 0.1845703125 0.0546875 0.033203125 0.0234375
0 0.109375 0.052734375 0.02734375 0.0234375
0 0.357421875 0.05078125 0.03125 0.0234375
0 0.984375 0.0498046875 0.03125 0.033203125
0 0.654296875 0.05078125 0.03125 0.0390625
0 0.015625 0.0390625 0.03125 0.01953125
0 0.529296875 0.0361328125 0.015625 0.017578125
0 0.29296875 0.0478515625 0.0390625 0.041015625
0 0.5009765625 0.033203125 0.033203125 0.02734375
0 0.3642578125 0.03125 0.033203125 0.0234375
0 0.1884765625 0.03125 0.033203125 0.0234375
0 0.1181640625 0.0263671875 0.041015625 0.021484375
0 0.4365234375 0.0244140625 0.033203125 0.021484375
0 0.8994140625 0.0205078125 0.037109375 0.021484375
0 0.0537109375 0.03125 0.029296875 0.04296875
0 0.8662109375 0.0068359375 0.021484375 0.013671875
0 0.673828125 0.0068359375 0.0234375 0.013671875
0 0.578125 0.0146484375 0.046875 0.029296875
0 0.5126953125 0.0087890625 0.037109375 0.017578125
0 0.296875 0.0146484375 0.05078125 0.029296875
0 0.1962890625 0.0068359375 0.033203125 0.013671875
0 0.126953125 0.0078125 0.03515625 0.015625
0 0.0185546875 0.0146484375 0.037109375 0.029296875