0 0.11328125 0.99609375 0.015625 0.0078125
0 0.2890625 0.9951171875 0.01953125 0.009765625
0 0.314453125 0.9912109375 0.01953125 0.017578125
0 0.1748046875 0.98828125 0.025390625 0.01953125
0 0.6005859375 0.9853515625 0.041015625 0.029296875
0 0.732421875 0.984375 0.046875 0.03125
0 0.0927734375 0.984375 0.041015625 0.03125
0 0.2333984375 0.96875 0.021484375 0.0234375
0 0.162109375 0.9580078125 0.02734375 0.021484375
0 0.064453125 0.9560546875 0.03125 0.029296875
0 0.2802734375 0.955078125 0.029296875 0.0390625
0 0.5625 0.9599609375 0.0546875 0.052734375
0 0.30859375 0.9462890625 0.03125 0.037109375
0 0.04296875 0.93359375 0.015625 0.015625
0 0.9248046875 0.9619140625 0.134765625 0.076171875
0 0.22265625 0.9326171875 0.0234375 0.025390625
0 0.158203125 0.9296875 0.02734375 0.03125
0 0.1455078125 0.904296875 0.033203125 0.02734375
0 0.017578125 0.9033203125 0.03515625 0.041015625
0 0.208984375 0.888671875 0.01953125 0.0234375
0 0.134765625 0.8798828125 0.03515625 0.025390625
0 0.1162109375 0.8583984375 0.037109375 0.029296875
0 0.189453125 0.85546875 0.03125 0.03125
0 0.0693359375 0.8544921875 0.033203125 0.033203125
0 0.8623046875 0.9150390625 0.193359375 0.169921875
0 0.7705078125 0.8515625 0.044921875 0.05078125
0 0.154296875 0.8125 0.02734375 0.02734375
0 0.0146484375 0.814453125 0.029296875 0.03515625
0 0.0615234375 0.7939453125 0.048828125 0.029296875
0 0.1982421875 0.7939453125 0.025390625 0.033203125
0 0.109375 0.765625 0.02734375 0.03515625
0 0.1435546875 0.7509765625 0.021484375 0.029296875
0 0.0986328125 0.73828125 0.017578125 0.015625
0 0.013671875 0.74609375 0.02734375 0.03125
0 0.1884765625 0.732421875 0.021484375 0.0234375
0 0.0048828125 0.7236328125 0.009765625 0.017578125
0 0.080078125 0.720703125 0.03515625 0.02734375
0 0.0634765625 0.7041015625 0.017578125 0.013671875
0 0.1181640625 0.703125 0.021484375 0.02734375
0 0.3623046875 0.822265625 0.220703125 0.26953125
0 0.14453125 0.7001953125 0.01953125 0.025390625
0 0.521484375 0.7275390625 0.08984375 0.107421875
0 0.0439453125 0.68359375 0.033203125 0.0234375
0 0.47265625 0.66796875 0.01953125 0.0234375
0 0.0224609375 0.6591796875 0.037109375 0.037109375
0 0.0107421875 0.634765625 0.021484375 0.03125
0 0.427734375 0.5830078125 0.09765625 0.103515625
0 0.76953125 0.640625 0.19140625 0.2265625
0 0.517578125 0.5390625 0.0390625 0.03515625
0 0.4365234375 0.4814453125 0.052734375 0.060546875
0 0.6123046875 0.3916015625 0.037109375 0.029296875
0 0.5869140625 0.330078125 0.048828125 0.046875
0 0.228515625 0.3447265625 0.27734375 0.255859375
0 0.6689453125 0.201171875 0.033203125 0.02734375
0 0.091796875 0.1796875 0.06640625 0.07421875
0 0.025390625 0.1103515625 0.01953125 0.017578125
0 0.001953125 0.1064453125 0.00390625 0.013671875
0 0.052734375 0.1005859375 0.01953125 0.013671875
0 0.0830078125 0.0908203125 0.021484375 0.017578125
0 0.11328125 0.0830078125 0.0234375 0.017578125
0 0.263671875 0.130859375 0.1328125 0.1171875
0 0.0185546875 0.0693359375 0.025390625 0.017578125
0 0.513671875 0.126953125 0.1015625 0.13671875
0 0.046875 0.0654296875 0.0234375 0.017578125
0 0.0693359375 0.0634765625 0.017578125 0.017578125
0 0.1640625 0.064453125 0.02734375 0.03125
0 0.1982421875 0.0498046875 0.017578125 0.033203125
0 0.09765625 0.0322265625 0.015625 0.021484375
0 0.1708984375 0.015625 0.013671875 0.015625
0 0.2568359375 0.0263671875 0.052734375 0.052734375
0 0.0947265625 0.0068359375 0.017578125 0.013671875
0 0.0478515625 0.0029296875 0.017578125 0.005859375