0 0.66796875 0.998046875 0.0078125 0.00390625
0 0.166015625 0.998046875 0.0078125 0.00390625
0 0.087890625 0.99609375 0.015625 0.0078125
0 0.11328125 0.9892578125 0.0234375 0.021484375
0 0.2177734375 0.9833984375 0.017578125 0.017578125
0 0.1611328125 0.982421875 0.033203125 0.02734375
0 0.0078125 0.982421875 0.015625 0.03125
0 0.6103515625 0.9736328125 0.025390625 0.025390625
0 0.0205078125 0.97265625 0.025390625 0.03125
0 0.0390625 0.9638671875 0.02734375 0.029296875
0 0.1552734375 0.9599609375 0.033203125 0.025390625
0 0.21875 0.953125 0.01953125 0.01953125
0 0.958984375 0.970703125 0.08203125 0.05859375
0 0.01171875 0.943359375 0.01953125 0.0234375
0 0.2197265625 0.931640625 0.021484375 0.01953125
0 0.0791015625 0.9443359375 0.072265625 0.048828125
0 0.7412109375 0.94140625 0.044921875 0.046875
0 0.01171875 0.8955078125 0.0234375 0.025390625
0 0.220703125 0.8916015625 0.0234375 0.021484375
0 0.0361328125 0.8837890625 0.025390625 0.029296875
0 0.1455078125 0.8994140625 0.068359375 0.068359375
0 0.08984375 0.849609375 0.0234375 0.0234375
0 0.1181640625 0.8359375 0.033203125 0.0390625
0 0.078125 0.7861328125 0.03125 0.033203125
0 0.2412109375 0.80078125 0.068359375 0.0703125
0 0.107421875 0.771484375 0.03515625 0.03515625
0 0.1328125 0.7587890625 0.0234375 0.025390625
0 0.005859375 0.751953125 0.01171875 0.0234375
0 0.021484375 0.7421875 0.02734375 0.03515625
0 0.0478515625 0.7265625 0.029296875 0.03125
0 0.7724609375 0.7783203125 0.169921875 0.177734375
0 0.0888671875 0.7080078125 0.056640625 0.044921875
0 0.255859375 0.7216796875 0.078125 0.091796875
0 0.4228515625 0.80859375 0.173828125 0.2890625
0 0.171875 0.703125 0.04296875 0.08203125
0 0.01953125 0.666015625 0.03125 0.0390625
0 0.046875 0.654296875 0.0234375 0.03125
0 0.0693359375 0.640625 0.021484375 0.0234375
0 0.0966796875 0.6279296875 0.029296875 0.025390625
0 0.2080078125 0.6240234375 0.025390625 0.029296875
0 0.1171875 0.6162109375 0.0234375 0.029296875
0 0.14453125 0.6015625 0.02734375 0.03125
0 0.0078125 0.5986328125 0.015625 0.025390625
0 0.0400390625 0.5810546875 0.021484375 0.025390625
0 0.171875 0.5859375 0.0390625 0.0390625
0 0.056640625 0.5673828125 0.0234375 0.021484375
0 0.0830078125 0.5546875 0.025390625 0.0234375
0 0.1611328125 0.55078125 0.060546875 0.046875
0 0.00390625 0.5283203125 0.0078125 0.017578125
0 0.494140625 0.5849609375 0.1015625 0.142578125
0 0.4130859375 0.55859375 0.056640625 0.13671875
0 0.04296875 0.49609375 0.02734375 0.03515625
0 0.0908203125 0.49609375 0.087890625 0.08984375
0 0.4375 0.4248046875 0.0234375 0.048828125
0 0.275390625 0.423828125 0.05859375 0.08203125
0 0.0166015625 0.4072265625 0.033203125 0.060546875
0 0.1337890625 0.34765625 0.044921875 0.046875
0 0.0703125 0.3017578125 0.1328125 0.115234375
0 0.2294921875 0.2265625 0.064453125 0.03515625
0 0.201171875 0.2119140625 0.03515625 0.021484375
0 0.1494140625 0.2158203125 0.052734375 0.033203125
0 0.04296875 0.2099609375 0.0859375 0.041015625
0 0.494140625 0.181640625 0.03515625 0.03515625
0 0.146484375 0.173828125 0.1171875 0.0703125
0 0.283203125 0.1494140625 0.08203125 0.052734375
0 0.7490234375 0.1318359375 0.041015625 0.033203125
0 0.50390625 0.119140625 0.03515625 0.0234375
0 0.0439453125 0.1298828125 0.087890625 0.083984375
0 0.20703125 0.0859375 0.0234375 0.0234375
0 0.125 0.10546875 0.0390625 0.0625
0 0.7451171875 0.068359375 0.072265625 0.05078125
0 0.3154296875 0.0654296875 0.107421875 0.107421875
0 0.1787109375 0.0234375 0.021484375 0.0234375
0 0.21484375 0.0146484375 0.05859375 0.029296875
0 0.1455078125 0.0048828125 0.017578125 0.009765625
0 0.033203125 0.0234375 0.06640625 0.046875