0 0.3544921875 0.9765625 0.044921875 0.0390625
0 0.880859375 0.9658203125 0.12109375 0.068359375
0 0.955078125 0.7978515625 0.08984375 0.138671875
0 0.63671875 0.822265625 0.3984375 0.2890625
0 0.6943359375 0.685546875 0.037109375 0.03515625
0 0.990234375 0.6474609375 0.01953125 0.048828125
0 0.6787109375 0.638671875 0.076171875 0.0625
0 0.59765625 0.6005859375 0.078125 0.091796875
0 0.7822265625 0.568359375 0.185546875 0.2109375
0 0.044921875 0.53515625 0.08984375 0.1796875
0 0.4326171875 0.4833984375 0.115234375 0.111328125
0 0.3271484375 0.4521484375 0.123046875 0.142578125
0 0.5419921875 0.4794921875 0.185546875 0.248046875
0 0.8994140625 0.4462890625 0.201171875 0.228515625
0 0.494140625 0.3740234375 0.12890625 0.119140625
0 0.373046875 0.3544921875 0.09765625 0.087890625
0 0.4033203125 0.28515625 0.095703125 0.08984375
0 0.115234375 0.31640625 0.23046875 0.1640625
0 0.5400390625 0.2578125 0.064453125 0.0703125
0 0.44140625 0.1728515625 0.0625 0.056640625
0 0.697265625 0.203125 0.1953125 0.21875
0 0.1533203125 0.1337890625 0.306640625 0.201171875
0 0.9130859375 0.05859375 0.173828125 0.1171875
0 0.5849609375 0.0693359375 0.173828125 0.138671875