0 0.23046875 0.966796875 0.1171875 0.0390625
0 0.1181640625 0.9375 0.072265625 0.125
0 0.244140625 0.859375 0.16015625 0.0859375
0 0.0908203125 0.75390625 0.068359375 0.0859375
0 0.201171875 0.6533203125 0.0859375 0.068359375
0 0.0498046875 0.5869140625 0.099609375 0.181640625
0 0.326171875 0.515625 0.11328125 0.05078125
0 0.14453125 0.5029296875 0.08203125 0.060546875
0 0.384765625 0.44921875 0.05078125 0.01953125
0 0.001953125 0.3876953125 0.00390625 0.044921875
0 0.263671875 0.412109375 0.234375 0.109375
0 0.396484375 0.375 0.0546875 0.0625
0 0.2490234375 0.1982421875 0.056640625 0.033203125
0 0.357421875 0.1787109375 0.15234375 0.080078125
0 0.087890625 0.1865234375 0.17578125 0.107421875