0 0.548828125 0.9892578125 0.03125 0.021484375
0 0.83203125 0.986328125 0.0546875 0.02734375
0 0.1826171875 0.9814453125 0.076171875 0.037109375
0 0.990234375 0.958984375 0.01953125 0.08203125
0 0.517578125 0.9365234375 0.1015625 0.126953125
0 0.078125 0.9150390625 0.109375 0.099609375
0 0.310546875 0.927734375 0.20703125 0.14453125
0 0.68359375 0.900390625 0.140625 0.12890625
0 0.982421875 0.8740234375 0.03515625 0.087890625
0 0.994140625 0.8154296875 0.01171875 0.021484375
0 0.431640625 0.810546875 0.15234375 0.125
0 0.0166015625 0.794921875 0.033203125 0.09375
0 0.8173828125 0.8017578125 0.123046875 0.115234375
0 0.9658203125 0.73046875 0.037109375 0.02734375
0 0.5625 0.7470703125 0.09765625 0.095703125
0 0.17578125 0.7724609375 0.17578125 0.193359375
0 0.962890625 0.658203125 0.07421875 0.06640625
0 0.046875 0.642578125 0.09375 0.12109375
0 0.994140625 0.5546875 0.01171875 0.01953125
0 0.9267578125 0.5634765625 0.044921875 0.048828125
0 0.75 0.609375 0.234375 0.18359375
0 0.0048828125 0.498046875 0.009765625 0.01953125
0 0.3232421875 0.611328125 0.251953125 0.30078125
0 0.703125 0.4248046875 0.0390625 0.037109375
0 0.947265625 0.439453125 0.08203125 0.08984375
0 0.7294921875 0.3232421875 0.068359375 0.037109375
0 0.70703125 0.1982421875 0.046875 0.044921875
0 0.9052734375 0.203125 0.083984375 0.1015625
0 0.376953125 0.1162109375 0.26171875 0.169921875
0 0.0068359375 0.0361328125 0.013671875 0.025390625
0 0.7060546875 0.0029296875 0.009765625 0.005859375