0 0.9677734375 0.8017578125 0.017578125 0.041015625
0 0.943359375 0.7978515625 0.01953125 0.037109375
0 0.9912109375 0.802734375 0.017578125 0.05078125
0 0.6474609375 0.7490234375 0.017578125 0.017578125
0 0.6689453125 0.7470703125 0.017578125 0.017578125
0 0.107421875 0.7529296875 0.0234375 0.029296875
0 0.427734375 0.7412109375 0.0390625 0.029296875
0 0.76171875 0.7392578125 0.02734375 0.029296875
0 0.72265625 0.73828125 0.015625 0.02734375
0 0.8583984375 0.7353515625 0.021484375 0.025390625
0 0.8369140625 0.7353515625 0.021484375 0.025390625
0 0.8095703125 0.7353515625 0.017578125 0.025390625
0 0.701171875 0.7373046875 0.015625 0.029296875
0 0.970703125 0.7216796875 0.0234375 0.021484375
0 0.99609375 0.71875 0.0078125 0.03515625
0 0.470703125 0.7197265625 0.02734375 0.037109375
0 0.810546875 0.7080078125 0.01953125 0.017578125
0 0.419921875 0.708984375 0.046875 0.02734375
0 0.109375 0.705078125 0.01953125 0.0234375
0 0.849609375 0.705078125 0.03515625 0.02734375
0 0.6474609375 0.70703125 0.021484375 0.0390625
0 0.712890625 0.693359375 0.015625 0.015625
0 0.3525390625 0.724609375 0.068359375 0.08203125
0 0.6806640625 0.7021484375 0.013671875 0.048828125
0 0.9208984375 0.708984375 0.052734375 0.078125
0 0.2548828125 0.6884765625 0.095703125 0.037109375
0 0.044921875 0.71484375 0.08984375 0.1015625
0 0.7548828125 0.677734375 0.044921875 0.03125
0 0.8505859375 0.6728515625 0.029296875 0.029296875
0 0.1064453125 0.6708984375 0.021484375 0.025390625
0 0.14453125 0.6884765625 0.03125 0.068359375
0 0.3740234375 0.6630859375 0.021484375 0.025390625
0 0.4453125 0.6689453125 0.078125 0.052734375
0 0.9091796875 0.65234375 0.033203125 0.03125
0 0.65234375 0.6455078125 0.03515625 0.017578125
0 0.8505859375 0.6435546875 0.029296875 0.025390625
0 0.55859375 0.677734375 0.06640625 0.1171875
0 0.1201171875 0.6337890625 0.048828125 0.029296875
0 0.849609375 0.6220703125 0.02734375 0.013671875
0 0.41796875 0.625 0.02734375 0.01953125
0 0.3505859375 0.630859375 0.064453125 0.03515625
0 0.46484375 0.6240234375 0.03515625 0.029296875
0 0.6650390625 0.6142578125 0.060546875 0.025390625
0 0.9619140625 0.6171875 0.017578125 0.03515625
0 0.94140625 0.634765625 0.02734375 0.0703125
0 0.798828125 0.6142578125 0.04296875 0.029296875
0 0.73046875 0.6142578125 0.0625 0.029296875
0 0.9072265625 0.61328125 0.033203125 0.03125
0 0.8466796875 0.60546875 0.033203125 0.015625
0 0.986328125 0.6171875 0.02734375 0.04296875
0 0.068359375 0.572265625 0.01953125 0.015625
0 0.123046875 0.5751953125 0.06640625 0.033203125
0 0.2265625 0.572265625 0.01953125 0.03125
0 0.0078125 0.5712890625 0.015625 0.033203125
0 0.0439453125 0.56640625 0.017578125 0.02734375
0 0.283203125 0.56640625 0.0625 0.03125
0 0.412109375 0.5634765625 0.01953125 0.033203125
0 0.3310546875 0.564453125 0.029296875 0.03515625
0 0.5419921875 0.55859375 0.017578125 0.03125
0 0.478515625 0.5615234375 0.078125 0.037109375
0 0.353515625 0.560546875 0.015625 0.03515625
0 0.7451171875 0.5556640625 0.060546875 0.029296875
0 0.978515625 0.548828125 0.0234375 0.02734375
0 0.796875 0.5400390625 0.015625 0.009765625
0 0.3798828125 0.5576171875 0.033203125 0.044921875
0 0.9248046875 0.546875 0.068359375 0.03125
0 0.8251953125 0.5498046875 0.072265625 0.037109375
0 0.1376953125 0.5439453125 0.033203125 0.025390625
0 0.1005859375 0.541015625 0.025390625 0.01953125
0 0.1962890625 0.5595703125 0.025390625 0.060546875
0 0.7646484375 0.533203125 0.017578125 0.015625
0 0.7275390625 0.533203125 0.025390625 0.015625
0 0.4541015625 0.5302734375 0.029296875 0.017578125
0 0.697265625 0.5263671875 0.01953125 0.013671875
0 0.7646484375 0.517578125 0.017578125 0.01171875
0 0.7216796875 0.5185546875 0.017578125 0.013671875
0 0.1953125 0.51953125 0.0234375 0.015625
0 0.0986328125 0.5166015625 0.021484375 0.017578125
0 0.578125 0.541015625 0.05078125 0.0703125
0 0.3525390625 0.5146484375 0.017578125 0.017578125
0 0.84375 0.515625 0.03125 0.02734375
0 0.548828125 0.51953125 0.03125 0.03515625
0 0.1357421875 0.5087890625 0.029296875 0.029296875
0 0.3994140625 0.513671875 0.037109375 0.0546875
0 0.8447265625 0.490234375 0.029296875 0.015625
0 0.5478515625 0.490234375 0.029296875 0.015625
0 0.19921875 0.494140625 0.03125 0.03125
0 0.587890625 0.490234375 0.02734375 0.02734375
0 0.98046875 0.4921875 0.0390625 0.04296875
0 0.400390625 0.4775390625 0.03515625 0.017578125
0 0.4521484375 0.494140625 0.033203125 0.0546875
0 0.498046875 0.5009765625 0.03515625 0.072265625
0 0.548828125 0.4716796875 0.03125 0.017578125
0 0.693359375 0.484375 0.0234375 0.046875
0 0.1337890625 0.4765625 0.037109375 0.03125
0 0.66796875 0.515625 0.078125 0.11328125
0 0.8017578125 0.4921875 0.033203125 0.078125
0 0.5859375 0.462890625 0.02734375 0.0234375
0 0.7587890625 0.4775390625 0.029296875 0.056640625
0 0.1328125 0.451171875 0.03515625 0.015625
0 0.009765625 0.4580078125 0.01953125 0.037109375
0 0.3193359375 0.4541015625 0.076171875 0.037109375
0 0.26171875 0.4462890625 0.01953125 0.021484375
0 0.2109375 0.4541015625 0.0625 0.037109375
0 0.037109375 0.4501953125 0.0234375 0.037109375
0 0.37890625 0.447265625 0.03515625 0.03515625
0 0.4052734375 0.4453125 0.017578125 0.03515625
0 0.5478515625 0.44140625 0.037109375 0.03515625
0 0.587890625 0.4345703125 0.0234375 0.025390625
0 0.4716796875 0.44140625 0.080078125 0.0390625
0 0.7431640625 0.46484375 0.060546875 0.08984375
0 0.666015625 0.4384765625 0.07421875 0.037109375
0 0.0673828125 0.4375 0.029296875 0.0390625
0 0.822265625 0.44140625 0.07421875 0.0546875
0 0.9404296875 0.439453125 0.041015625 0.0546875
0 0.900390625 0.46484375 0.02734375 0.10546875
0 0.9853515625 0.431640625 0.013671875 0.04296875
0 0.96875 0.4267578125 0.015625 0.033203125
0 0.09765625 0.4169921875 0.01953125 0.037109375
0 0.1279296875 0.3974609375 0.025390625 0.044921875
0 0.50390625 0.380859375 0.02734375 0.01953125
0 0.556640625 0.3818359375 0.015625 0.025390625
0 0.6552734375 0.3779296875 0.060546875 0.021484375
0 0.5849609375 0.37890625 0.025390625 0.0234375
0 0.53515625 0.3779296875 0.0234375 0.021484375
0 0.7158203125 0.3740234375 0.037109375 0.021484375
0 0.3330078125 0.3779296875 0.041015625 0.037109375
0 0.2431640625 0.3818359375 0.126953125 0.044921875
0 0.7783203125 0.3681640625 0.083984375 0.041015625
0 0.4296875 0.3720703125 0.1171875 0.048828125
0 0.94921875 0.3623046875 0.03125 0.033203125
0 0.896484375 0.3623046875 0.0234375 0.041015625
0 0.984375 0.359375 0.03125 0.0390625
0 0.765625 0.34765625 0.0625 0.01953125
0 0.8388671875 0.361328125 0.033203125 0.05078125
0 0.51171875 0.3349609375 0.10546875 0.021484375
0 0.201171875 0.3408203125 0.046875 0.033203125
0 0.583984375 0.3427734375 0.02734375 0.041015625
0 0.6728515625 0.322265625 0.021484375 0.01953125
0 0.759765625 0.3173828125 0.05078125 0.021484375
0 0.265625 0.31640625 0.046875 0.01953125
0 0.806640625 0.3125 0.02734375 0.0234375
0 0.63671875 0.3232421875 0.02734375 0.052734375
0 0.7353515625 0.2958984375 0.013671875 0.013671875
0 0.5166015625 0.298828125 0.064453125 0.01953125
0 0.841796875 0.2998046875 0.0234375 0.025390625
0 0.7060546875 0.3173828125 0.044921875 0.060546875
0 0.5771484375 0.2900390625 0.033203125 0.037109375
0 0.986328125 0.2822265625 0.01953125 0.037109375
0 0.8984375 0.298828125 0.03125 0.08203125
0 0.255859375 0.2666015625 0.01953125 0.025390625
0 0.19921875 0.2880859375 0.0390625 0.072265625
0 0.3095703125 0.271484375 0.080078125 0.046875
0 0.478515625 0.2607421875 0.23046875 0.037109375
0 0.6806640625 0.2646484375 0.119140625 0.056640625
0 0.78125 0.251953125 0.078125 0.03515625
0 0.8408203125 0.2587890625 0.025390625 0.052734375
0 0.9560546875 0.2509765625 0.037109375 0.041015625
0 0.90625 0.2412109375 0.05078125 0.025390625
0 0.984375 0.2431640625 0.015625 0.033203125
0 0.2001953125 0.2119140625 0.048828125 0.021484375
0 0.3955078125 0.19921875 0.322265625 0.0390625
0 0.8134765625 0.1884765625 0.076171875 0.033203125
0 0.7412109375 0.189453125 0.052734375 0.03515625
0 0.6494140625 0.1884765625 0.048828125 0.037109375
0 0.9697265625 0.1767578125 0.060546875 0.037109375
0 0.1982421875 0.1767578125 0.044921875 0.041015625
0 0.9072265625 0.16796875 0.048828125 0.03125
0 0.25 0.1630859375 0.03125 0.029296875
0 0.5771484375 0.173828125 0.025390625 0.0703125
0 0.42578125 0.158203125 0.2578125 0.0390625
0 0.7275390625 0.1416015625 0.025390625 0.025390625
0 0.8330078125 0.1494140625 0.033203125 0.048828125
0 0.970703125 0.1142578125 0.01953125 0.013671875
0 0.4453125 0.115234375 0.13671875 0.015625
0 0.8974609375 0.11328125 0.041015625 0.015625
0 0.2783203125 0.12109375 0.123046875 0.03125
0 0.5390625 0.1162109375 0.03125 0.025390625
0 0.357421875 0.119140625 0.02734375 0.03125
0 0.0693359375 0.0947265625 0.044921875 0.037109375
0 0.890625 0.0888671875 0.02734375 0.029296875
0 0.447265625 0.078125 0.140625 0.01953125
0 0.2763671875 0.078125 0.123046875 0.02734375
0 0.189453125 0.1025390625 0.0390625 0.076171875
0 0.3564453125 0.0791015625 0.029296875 0.033203125
0 0.1201171875 0.1015625 0.044921875 0.08203125
0 0.5751953125 0.091796875 0.025390625 0.0703125
0 0.5361328125 0.0732421875 0.025390625 0.033203125
0 0.0087890625 0.0693359375 0.017578125 0.025390625
0 0.658203125 0.107421875 0.07421875 0.10546875
0 0.7763671875 0.103515625 0.068359375 0.1015625
0 0.7626953125 0.06640625 0.013671875 0.02734375
0 0.73046875 0.0712890625 0.046875 0.037109375
0 0.9892578125 0.068359375 0.021484375 0.0390625
0 0.9462890625 0.0703125 0.033203125 0.04296875
0 0.91796875 0.060546875 0.015625 0.0234375
0 0.830078125 0.080078125 0.03515625 0.0625
0 0.8896484375 0.05859375 0.037109375 0.0234375
0 0.1259765625 0.0458984375 0.021484375 0.025390625
0 0.19140625 0.02734375 0.04296875 0.015625
0 0.37890625 0.01953125 0.02734375 0.0234375
0 0.125 0.0185546875 0.0234375 0.025390625
0 0.3232421875 0.0185546875 0.052734375 0.029296875
0 0.982421875 0.005859375 0.015625 0.01171875
0 0.966796875 0.0068359375 0.01171875 0.013671875
0 0.9326171875 0.0078125 0.044921875 0.015625
0 0.8857421875 0.0087890625 0.021484375 0.017578125
0 0.798828125 0.0107421875 0.07421875 0.021484375
0 0.6494140625 0.01171875 0.017578125 0.0234375
0 0.626953125 0.013671875 0.0234375 0.02734375
0 0.55859375 0.013671875 0.046875 0.02734375
0 0.517578125 0.013671875 0.02734375 0.02734375
0 0.4814453125 0.013671875 0.029296875 0.02734375
0 0.447265625 0.013671875 0.02734375 0.02734375
0 0.4111328125 0.0146484375 0.029296875 0.029296875
0 0.26953125 0.0107421875 0.01953125 0.021484375
0 0.23046875 0.0185546875 0.02734375 0.037109375
0 0.18359375 0.0087890625 0.03125 0.017578125
0 0.1240234375 0.001953125 0.021484375 0.00390625
0 0.0556640625 0.033203125 0.025390625 0.06640625
0 0.0078125 0.01953125 0.015625 0.0390625