0 0.435546875 0.998046875 0.015625 0.00390625
0 0.5009765625 0.9931640625 0.025390625 0.013671875
0 0.576171875 0.9892578125 0.02734375 0.021484375
0 0.2900390625 0.9892578125 0.033203125 0.021484375
0 0.212890625 0.9873046875 0.02734375 0.025390625
0 0.119140625 0.9794921875 0.03125 0.021484375
0 0.3583984375 0.9775390625 0.025390625 0.033203125
0 0.3037109375 0.96875 0.017578125 0.015625
0 0.435546875 0.9619140625 0.03125 0.029296875
0 0.0458984375 0.9541015625 0.033203125 0.029296875
0 0.978515625 0.9677734375 0.04296875 0.064453125
0 0.48828125 0.9462890625 0.02734375 0.021484375
0 0.568359375 0.9345703125 0.01953125 0.021484375
0 0.2021484375 0.931640625 0.025390625 0.03515625
0 0.0126953125 0.916015625 0.025390625 0.02734375
0 0.357421875 0.90234375 0.04296875 0.03125
0 0.099609375 0.8955078125 0.03515625 0.029296875
0 0.4130859375 0.8916015625 0.048828125 0.025390625
0 0.4736328125 0.8818359375 0.037109375 0.021484375
0 0.1884765625 0.8759765625 0.029296875 0.037109375
0 0.564453125 0.865234375 0.0546875 0.02734375
0 0.2626953125 0.8251953125 0.021484375 0.025390625
0 0.177734375 0.8232421875 0.0546875 0.048828125
0 0.4091796875 0.79296875 0.033203125 0.02734375
0 0.458984375 0.7861328125 0.0390625 0.025390625
0 0.3525390625 0.7861328125 0.041015625 0.033203125
0 0.5712890625 0.7783203125 0.041015625 0.033203125
0 0.515625 0.775390625 0.0390625 0.02734375
0 0.6513671875 0.7646484375 0.041015625 0.041015625
0 0.306640625 0.7607421875 0.0390625 0.037109375
0 0.12890625 0.7587890625 0.02734375 0.037109375
0 0.251953125 0.75390625 0.0390625 0.03125
0 0.9921875 0.767578125 0.015625 0.0625
0 0.6708984375 0.71875 0.025390625 0.03515625
0 0.158203125 0.716796875 0.03515625 0.0390625
0 0.41015625 0.7099609375 0.0390625 0.029296875
0 0.4619140625 0.703125 0.033203125 0.02734375
0 0.5078125 0.697265625 0.0390625 0.0234375
0 0.3564453125 0.7001953125 0.037109375 0.033203125
0 0.2275390625 0.6708984375 0.029296875 0.041015625
0 0.5458984375 0.6640625 0.037109375 0.0390625
0 0.65234375 0.6611328125 0.04296875 0.041015625
0 0.146484375 0.658203125 0.02734375 0.03515625