0 0.5009765625 0.9921875 0.060546875 0.015625
0 0.82421875 0.984375 0.046875 0.03125
0 0.4345703125 0.9736328125 0.044921875 0.029296875
0 0.771484375 0.9609375 0.05859375 0.0625
0 0.455078125 0.9375 0.015625 0.015625
0 0.3642578125 0.9423828125 0.056640625 0.044921875
0 0.2685546875 0.9306640625 0.060546875 0.037109375
0 0.7001953125 0.9306640625 0.037109375 0.041015625
0 0.1708984375 0.921875 0.072265625 0.03125
0 0.99609375 0.8701171875 0.0078125 0.029296875
0 0.7724609375 0.87890625 0.060546875 0.05078125
0 0.3486328125 0.853515625 0.060546875 0.03125
0 0.1611328125 0.8515625 0.072265625 0.02734375
0 0.2705078125 0.841796875 0.060546875 0.03125
0 0.70703125 0.8359375 0.0625 0.05078125
0 0.833984375 0.82421875 0.046875 0.046875
0 0.8837890625 0.7978515625 0.052734375 0.021484375
0 0.029296875 0.837890625 0.05859375 0.1015625
0 0.8642578125 0.7705078125 0.033203125 0.037109375
0 0.162109375 0.765625 0.06640625 0.03515625
0 0.6337890625 0.7724609375 0.048828125 0.060546875
0 0.712890625 0.7685546875 0.0546875 0.072265625
0 0.8720703125 0.7421875 0.052734375 0.0234375
0 0.8076171875 0.7666015625 0.037109375 0.072265625
0 0.9501953125 0.751953125 0.099609375 0.1015625
0 0.6640625 0.71875 0.04296875 0.05078125
0 0.083984375 0.7119140625 0.0546875 0.083984375
0 0.2509765625 0.6708984375 0.041015625 0.048828125
0 0.6904296875 0.6650390625 0.041015625 0.056640625
0 0.765625 0.6640625 0.0703125 0.109375
0 0.4384765625 0.6640625 0.193359375 0.12109375
0 0.708984375 0.619140625 0.04296875 0.0546875
0 0.0791015625 0.6083984375 0.041015625 0.087890625
0 0.220703125 0.59765625 0.0546875 0.078125
0 0.740234375 0.5576171875 0.05078125 0.068359375
0 0.5087890625 0.5546875 0.076171875 0.0625
0 0.8837890625 0.607421875 0.083984375 0.19921875
0 0.5810546875 0.5283203125 0.126953125 0.087890625
0 0.978515625 0.513671875 0.04296875 0.0703125
0 0.1181640625 0.41015625 0.033203125 0.03515625
0 0.138671875 0.388671875 0.02734375 0.02734375
0 0.6123046875 0.3837890625 0.130859375 0.056640625
0 0.1826171875 0.3427734375 0.095703125 0.095703125
0 0.39453125 0.3359375 0.171875 0.140625
0 0.7333984375 0.2109375 0.130859375 0.1015625
0 0.89453125 0.04296875 0.15234375 0.0859375