0 0.3056640625 0.9970703125 0.009765625 0.005859375
0 0.671875 0.99609375 0.01953125 0.0078125
0 0.98046875 0.9931640625 0.01953125 0.013671875
0 0.7294921875 0.9921875 0.017578125 0.015625
0 0.775390625 0.9892578125 0.01953125 0.021484375
0 0.0361328125 0.9892578125 0.033203125 0.021484375
0 0.2724609375 0.98828125 0.033203125 0.0234375
0 0.173828125 0.98828125 0.03515625 0.0234375
0 0.54296875 0.9873046875 0.04296875 0.025390625
0 0.375 0.9873046875 0.03515625 0.025390625
0 0.6474609375 0.97265625 0.041015625 0.0234375
0 0.0126953125 0.9697265625 0.025390625 0.033203125
0 0.86328125 0.95703125 0.0546875 0.03125
0 0.9619140625 0.9453125 0.017578125 0.0234375
0 0.1181640625 0.958984375 0.048828125 0.05078125
0 0.2119140625 0.9541015625 0.048828125 0.048828125
0 0.9921875 0.9404296875 0.015625 0.025390625
0 0.37890625 0.93359375 0.0390625 0.0390625
0 0.283203125 0.927734375 0.0390625 0.0390625
0 0.076171875 0.9267578125 0.04296875 0.044921875
0 0.515625 0.9150390625 0.05078125 0.025390625
0 0.3330078125 0.9140625 0.048828125 0.05078125
0 0.7294921875 0.904296875 0.037109375 0.0390625
0 0.1640625 0.91015625 0.05078125 0.05078125
0 0.216796875 0.904296875 0.046875 0.046875
0 0.5791015625 0.8994140625 0.033203125 0.044921875
0 0.4453125 0.8916015625 0.04296875 0.041015625
0 0.029296875 0.884765625 0.04296875 0.04296875
0 0.1201171875 0.8798828125 0.048828125 0.048828125
0 0.6728515625 0.8740234375 0.048828125 0.044921875
0 0.2939453125 0.876953125 0.048828125 0.05078125
0 0.54296875 0.8583984375 0.0390625 0.037109375
0 0.4189453125 0.8515625 0.041015625 0.04296875
0 0.8076171875 0.869140625 0.103515625 0.1015625
0 0.07421875 0.8369140625 0.05078125 0.052734375
0 0.6328125 0.822265625 0.0390625 0.0390625
0 0.486328125 0.8251953125 0.05078125 0.048828125
0 0.1328125 0.826171875 0.05078125 0.05078125
0 0.384765625 0.8193359375 0.04296875 0.044921875
0 0.265625 0.8115234375 0.02734375 0.029296875
0 0.353515625 0.80078125 0.03125 0.03125
0 0.24609375 0.7939453125 0.02734375 0.025390625
0 0.3271484375 0.7841796875 0.033203125 0.033203125
0 0.578125 0.7880859375 0.05078125 0.044921875
0 0.2255859375 0.7802734375 0.029296875 0.029296875
0 0.4482421875 0.7705078125 0.037109375 0.037109375
0 0.306640625 0.7646484375 0.03515625 0.037109375
0 0.2099609375 0.759765625 0.025390625 0.02734375
0 0.34765625 0.7509765625 0.015625 0.017578125
0 0.29296875 0.74609375 0.02734375 0.03125
0 0.1904296875 0.7412109375 0.021484375 0.025390625
0 0.3759765625 0.7353515625 0.017578125 0.017578125
0 0.4150390625 0.73828125 0.025390625 0.02734375
0 0.333984375 0.73046875 0.015625 0.015625
0 0.5390625 0.7373046875 0.0390625 0.041015625
0 0.173828125 0.7236328125 0.03125 0.029296875
0 0.26171875 0.716796875 0.0390625 0.03125
0 0.15234375 0.708984375 0.0234375 0.0234375
0 0.232421875 0.697265625 0.0234375 0.0234375
0 0.3837890625 0.703125 0.025390625 0.04296875
0 0.4833984375 0.7021484375 0.048828125 0.044921875
0 0.138671875 0.69140625 0.0234375 0.0234375
0 0.2119140625 0.6787109375 0.025390625 0.029296875
0 0.341796875 0.6787109375 0.03515625 0.033203125
0 0.123046875 0.671875 0.02734375 0.03125
0 0.32421875 0.6572265625 0.02734375 0.025390625
0 0.513671875 0.6494140625 0.0234375 0.021484375
0 0.0869140625 0.6396484375 0.029296875 0.029296875
0 0.4208984375 0.638671875 0.033203125 0.03125
0 0.1923828125 0.6376953125 0.033203125 0.033203125
0 0.0146484375 0.6298828125 0.029296875 0.029296875
0 0.287109375 0.62890625 0.03125 0.03125
0 0.5419921875 0.6240234375 0.033203125 0.029296875
0 0.03125 0.61328125 0.02734375 0.02734375
0 0.4453125 0.6123046875 0.03515625 0.029296875
0 0.1630859375 0.609375 0.033203125 0.03125
0 0.384765625 0.6064453125 0.03515625 0.033203125
0 0.580078125 0.6044921875 0.0390625 0.037109375
0 0.0458984375 0.599609375 0.029296875 0.02734375
0 0.126953125 0.595703125 0.02734375 0.03125
0 0.271484375 0.583984375 0.02734375 0.02734375
0 0.361328125 0.5830078125 0.03125 0.033203125
0 0.48046875 0.578125 0.03125 0.0390625
0 0.392578125 0.5546875 0.01953125 0.01953125
0 0.0830078125 0.55859375 0.029296875 0.02734375
0 0.3466796875 0.5576171875 0.037109375 0.029296875
0 0.2431640625 0.5537109375 0.029296875 0.029296875
0 0.4345703125 0.541015625 0.021484375 0.0234375
0 0.615234375 0.5478515625 0.0390625 0.044921875
0 0.21484375 0.533203125 0.03125 0.0234375
0 0.919921875 0.7001953125 0.16015625 0.361328125
0 0.302734375 0.5322265625 0.02734375 0.025390625
0 0.1181640625 0.53125 0.025390625 0.02734375
0 0.029296875 0.529296875 0.03125 0.02734375
0 0.404296875 0.513671875 0.03125 0.03125
0 0.2822265625 0.509765625 0.025390625 0.02734375
0 0.1943359375 0.5087890625 0.029296875 0.025390625
0 0.138671875 0.5087890625 0.0234375 0.025390625
0 0.01171875 0.5087890625 0.0234375 0.025390625
0 0.505859375 0.5166015625 0.04296875 0.044921875
0 0.5625 0.5078125 0.046875 0.03515625
0 0.1640625 0.48046875 0.02734375 0.02734375
0 0.0634765625 0.48046875 0.029296875 0.02734375
0 0.3466796875 0.46875 0.037109375 0.03515625
0 0.4521484375 0.46484375 0.029296875 0.03125
0 0.0927734375 0.4521484375 0.029296875 0.025390625
0 0.0283203125 0.4423828125 0.029296875 0.029296875
0 0.390625 0.431640625 0.0234375 0.0234375
0 0.115234375 0.431640625 0.0234375 0.02734375
0 0.490234375 0.4296875 0.03125 0.03125
0 0.0126953125 0.423828125 0.025390625 0.03515625
0 0.4130859375 0.4091796875 0.021484375 0.021484375
0 0.0029296875 0.3974609375 0.005859375 0.009765625
0 0.2705078125 0.40234375 0.142578125 0.0234375
0 0.08203125 0.400390625 0.03125 0.02734375
0 0.4375 0.384765625 0.03125 0.03125
0 0.056640625 0.3720703125 0.02734375 0.025390625
0 0.0244140625 0.345703125 0.029296875 0.03515625
0 0.005859375 0.31640625 0.01171875 0.0234375
0 0.3525390625 0.3271484375 0.021484375 0.126953125
0 0.689453125 0.365234375 0.27734375 0.2265625
0 0.958984375 0.2255859375 0.078125 0.150390625
0 0.2421875 0.185546875 0.09765625 0.09765625
0 0.830078125 0.1455078125 0.078125 0.083984375
0 0.1064453125 0.240234375 0.185546875 0.30078125
0 0.7587890625 0.1064453125 0.068359375 0.068359375
0 0.0078125 0.076171875 0.015625 0.0234375
0 0.951171875 0.0810546875 0.09765625 0.048828125
0 0.8271484375 0.0771484375 0.064453125 0.041015625
0 0.216796875 0.0908203125 0.0234375 0.076171875
0 0.9072265625 0.0361328125 0.021484375 0.025390625
0 0.7509765625 0.0263671875 0.048828125 0.041015625
0 0.8291015625 0.0146484375 0.029296875 0.029296875
0 0.6240234375 0.0869140625 0.123046875 0.173828125
0 0.404296875 0.013671875 0.046875 0.02734375
0 0.3037109375 0.0029296875 0.044921875 0.005859375
0 0.201171875 0.013671875 0.0234375 0.02734375
0 0.1279296875 0.0322265625 0.126953125 0.064453125
0 0.0166015625 0.0185546875 0.033203125 0.037109375