0 0.1953125 0.994140625 0.01953125 0.01171875
0 0.0830078125 0.966796875 0.021484375 0.01171875
0 0.0869140625 0.9462890625 0.021484375 0.025390625
0 0.98046875 0.8671875 0.0390625 0.05078125
0 0.1953125 0.7314453125 0.03125 0.021484375
0 0.236328125 0.70703125 0.03515625 0.03125
0 0.1201171875 0.701171875 0.041015625 0.0390625
0 0.2802734375 0.6513671875 0.037109375 0.037109375
0 0.1357421875 0.64453125 0.033203125 0.03125
0 0.3193359375 0.6240234375 0.048828125 0.044921875
0 0.185546875 0.6162109375 0.03125 0.037109375
0 0.2265625 0.5869140625 0.0390625 0.041015625
0 0.4580078125 0.560546875 0.041015625 0.03125
0 0.2509765625 0.552734375 0.029296875 0.03125
0 0.0966796875 0.548828125 0.041015625 0.03515625
0 0.1416015625 0.544921875 0.037109375 0.03515625
0 0.591796875 0.5283203125 0.01953125 0.017578125
0 0.1806640625 0.5263671875 0.041015625 0.037109375
0 0.0029296875 0.5 0.005859375 0.01171875
0 0.3603515625 0.5087890625 0.037109375 0.033203125
0 0.0185546875 0.5048828125 0.025390625 0.025390625
0 0.212890625 0.49609375 0.0390625 0.0390625
0 0.419921875 0.4814453125 0.02734375 0.029296875
0 0.3134765625 0.484375 0.037109375 0.03515625
0 0.1025390625 0.470703125 0.041015625 0.03125
0 0.5 0.4423828125 0.03125 0.025390625
0 0.400390625 0.443359375 0.0234375 0.03125
0 0.13671875 0.443359375 0.03515625 0.03515625
0 0.001953125 0.42578125 0.00390625 0.00390625
0 0.064453125 0.4306640625 0.0234375 0.037109375
0 0.2861328125 0.4267578125 0.033203125 0.037109375
0 0.703125 0.4560546875 0.0703125 0.103515625
0 0.1689453125 0.4140625 0.033203125 0.03515625
0 0.5283203125 0.4052734375 0.025390625 0.029296875
0 0.474609375 0.4033203125 0.03515625 0.029296875
0 0.3818359375 0.39453125 0.025390625 0.02734375
0 0.0927734375 0.392578125 0.033203125 0.03125
0 0.01171875 0.3818359375 0.0234375 0.029296875
0 0.3134765625 0.3828125 0.033203125 0.03515625
0 0.197265625 0.3818359375 0.03125 0.033203125
0 0.5341796875 0.3662109375 0.017578125 0.017578125
0 0.1259765625 0.36328125 0.037109375 0.03125
0 0.3583984375 0.3544921875 0.033203125 0.029296875
0 0.2265625 0.3486328125 0.03515625 0.033203125
0 0.59765625 0.34765625 0.0390625 0.03515625
0 0.0380859375 0.3447265625 0.037109375 0.033203125
0 0.1513671875 0.33984375 0.025390625 0.02734375
0 0.4365234375 0.330078125 0.029296875 0.02734375
0 0.63671875 0.3154296875 0.0234375 0.029296875
0 0.259765625 0.3154296875 0.03125 0.029296875
0 0.4853515625 0.30859375 0.033203125 0.01953125
0 0.0732421875 0.310546875 0.037109375 0.03125
0 0.1875 0.3056640625 0.02734375 0.029296875
0 0.00390625 0.2939453125 0.0078125 0.013671875
0 0.5380859375 0.2841796875 0.029296875 0.033203125
0 0.1044921875 0.28125 0.037109375 0.03125
0 0.29296875 0.28125 0.03125 0.03515625
0 0.2158203125 0.275390625 0.033203125 0.02734375
0 0.025390625 0.2666015625 0.02734375 0.025390625
0 0.244140625 0.2470703125 0.02734375 0.025390625
0 0.1357421875 0.25 0.041015625 0.04296875
0 0.0546875 0.23828125 0.03125 0.0390625
0 0.3896484375 0.2275390625 0.021484375 0.025390625
0 0.56640625 0.23046875 0.04296875 0.03515625
0 0.1669921875 0.22265625 0.033203125 0.02734375
0 0.44140625 0.2177734375 0.0390625 0.037109375
0 0.322265625 0.2060546875 0.03515625 0.033203125
0 0.0859375 0.2060546875 0.03125 0.033203125
0 0.1953125 0.1962890625 0.0390625 0.029296875
0 0.49609375 0.1806640625 0.05078125 0.041015625
0 0.12109375 0.1796875 0.02734375 0.04296875
0 0.03515625 0.1455078125 0.02734375 0.029296875
0 0.1533203125 0.146484375 0.041015625 0.04296875
0 0.0048828125 0.130859375 0.009765625 0.015625
0 0.0791015625 0.1025390625 0.029296875 0.029296875
0 0.064453125 0.0615234375 0.0234375 0.025390625
0 0.037109375 0.0400390625 0.03125 0.025390625
0 0.0068359375 0.017578125 0.013671875 0.0234375
0 0.1328125 0.009765625 0.0234375 0.01953125