0 0.388671875 0.99609375 0.02734375 0.0078125
0 0.6162109375 0.9951171875 0.037109375 0.009765625
0 0.53515625 0.9951171875 0.015625 0.009765625
0 0.689453125 0.9931640625 0.03125 0.013671875
0 0.1533203125 0.9921875 0.029296875 0.015625
0 0.2314453125 0.9912109375 0.033203125 0.017578125
0 0.4765625 0.990234375 0.0390625 0.01953125
0 0.0830078125 0.98828125 0.037109375 0.0234375
0 0.8212890625 0.9833984375 0.033203125 0.021484375
0 0.107421875 0.97265625 0.015625 0.015625
0 0.60546875 0.9716796875 0.03515625 0.021484375
0 0.2705078125 0.966796875 0.017578125 0.015625
0 0.5126953125 0.9658203125 0.017578125 0.017578125
0 0.3916015625 0.966796875 0.029296875 0.0234375
0 0.0029296875 0.96484375 0.005859375 0.02734375
0 0.228515625 0.9609375 0.03125 0.0234375
0 0.3623046875 0.9482421875 0.013671875 0.013671875
0 0.958984375 0.9697265625 0.08203125 0.060546875
0 0.8134765625 0.947265625 0.064453125 0.0234375
0 0.1484375 0.9443359375 0.0234375 0.017578125
0 0.6884765625 0.9560546875 0.048828125 0.048828125
0 0.4638671875 0.947265625 0.037109375 0.0390625
0 0.7353515625 0.9306640625 0.021484375 0.021484375
0 0.3857421875 0.9306640625 0.025390625 0.021484375
0 0.224609375 0.93359375 0.03515625 0.02734375
0 0.759765625 0.9267578125 0.0234375 0.025390625
0 0.0048828125 0.9248046875 0.009765625 0.025390625
0 0.072265625 0.921875 0.03515625 0.0234375
0 0.5322265625 0.9228515625 0.025390625 0.029296875
0 0.1435546875 0.9189453125 0.029296875 0.021484375
0 0.8095703125 0.9169921875 0.025390625 0.021484375
0 0.4619140625 0.916015625 0.037109375 0.0234375
0 0.841796875 0.9150390625 0.03515625 0.025390625
0 0.599609375 0.927734375 0.0390625 0.0546875
0 0.9326171875 0.91015625 0.037109375 0.03125
0 0.6708984375 0.8974609375 0.033203125 0.021484375
0 0.3876953125 0.8994140625 0.029296875 0.025390625
0 0.2197265625 0.8984375 0.029296875 0.0234375
0 0.1083984375 0.892578125 0.017578125 0.015625
0 0.7119140625 0.8916015625 0.029296875 0.021484375
0 0.3271484375 0.8896484375 0.029296875 0.017578125
0 0.142578125 0.890625 0.0234375 0.01953125
0 0.7490234375 0.8857421875 0.029296875 0.021484375
0 0.546875 0.88671875 0.03125 0.0234375
0 0.96875 0.8828125 0.01953125 0.01953125
0 0.8154296875 0.8818359375 0.017578125 0.017578125
0 0.939453125 0.87890625 0.0234375 0.01953125
0 0.5986328125 0.87890625 0.033203125 0.01953125
0 0.7900390625 0.87890625 0.029296875 0.02734375
0 0.8486328125 0.8701171875 0.037109375 0.021484375
0 0.6669921875 0.8681640625 0.029296875 0.021484375
0 0.7509765625 0.857421875 0.017578125 0.015625
0 0.0634765625 0.873046875 0.025390625 0.046875
0 0.8193359375 0.8525390625 0.017578125 0.013671875
0 0.2119140625 0.86328125 0.021484375 0.03515625
0 0.2470703125 0.8671875 0.029296875 0.046875
0 0.111328125 0.8583984375 0.0234375 0.029296875
0 0.1396484375 0.857421875 0.021484375 0.03125
0 0.341796875 0.853515625 0.02734375 0.02734375
0 0.296875 0.861328125 0.0234375 0.04296875
0 0.51953125 0.8525390625 0.02734375 0.041015625
0 0.5673828125 0.8466796875 0.025390625 0.033203125
0 0.4677734375 0.8515625 0.056640625 0.046875
0 0.3837890625 0.85546875 0.025390625 0.0546875
0 0.59765625 0.837890625 0.0234375 0.02734375
0 0.8564453125 0.8369140625 0.033203125 0.033203125
0 0.662109375 0.830078125 0.03515625 0.0234375
0 0.7041015625 0.82421875 0.021484375 0.02734375
0 0.7421875 0.8271484375 0.03125 0.037109375
0 0.8837890625 0.8095703125 0.021484375 0.025390625
0 0.787109375 0.8076171875 0.0546875 0.044921875
0 0.857421875 0.7880859375 0.0234375 0.021484375
0 0.974609375 0.8056640625 0.05078125 0.064453125
0 0.455078125 0.7666015625 0.046875 0.029296875
0 0.3740234375 0.7666015625 0.029296875 0.041015625
0 0.58984375 0.7607421875 0.03125 0.037109375
0 0.513671875 0.7607421875 0.0234375 0.044921875
0 0.6474609375 0.75390625 0.029296875 0.03515625
0 0.5517578125 0.7568359375 0.021484375 0.044921875
0 0.5693359375 0.734375 0.013671875 0.015625
0 0.705078125 0.7470703125 0.0546875 0.044921875
0 0.751953125 0.7421875 0.02734375 0.0390625
0 0.5126953125 0.728515625 0.017578125 0.015625
0 0.8251953125 0.7216796875 0.029296875 0.033203125
0 0.4443359375 0.7158203125 0.033203125 0.025390625
0 0.3671875 0.71484375 0.03515625 0.02734375
0 0.583984375 0.7099609375 0.02734375 0.021484375
0 0.6396484375 0.7060546875 0.021484375 0.017578125
0 0.8818359375 0.7177734375 0.083984375 0.044921875
0 0.673828125 0.6962890625 0.01953125 0.021484375
0 0.24609375 0.7080078125 0.03515625 0.044921875
0 0.509765625 0.69140625 0.015625 0.0234375
0 0.48046875 0.69140625 0.015625 0.0234375
0 0.712890625 0.6884765625 0.01953125 0.021484375
0 0.3603515625 0.6865234375 0.025390625 0.017578125
0 0.43359375 0.685546875 0.0234375 0.01953125
0 0.583984375 0.6845703125 0.0234375 0.025390625
0 0.7470703125 0.689453125 0.025390625 0.0390625
0 0.2021484375 0.7275390625 0.056640625 0.115234375
0 0.8203125 0.673828125 0.03515625 0.03515625
0 0.3603515625 0.6640625 0.025390625 0.01953125
0 0.8974609375 0.666015625 0.033203125 0.02734375
0 0.4306640625 0.658203125 0.033203125 0.0234375
0 0.5751953125 0.65625 0.037109375 0.0234375
0 0.8076171875 0.6474609375 0.021484375 0.013671875
0 0.642578125 0.658203125 0.04296875 0.03515625
0 0.7509765625 0.6484375 0.029296875 0.01953125
0 0.9912109375 0.65234375 0.017578125 0.03125
0 0.3623046875 0.6396484375 0.025390625 0.017578125
0 0.1787109375 0.6494140625 0.115234375 0.041015625
0 0.6962890625 0.6474609375 0.037109375 0.041015625
0 0.91796875 0.6337890625 0.03125 0.021484375
0 0.4228515625 0.6318359375 0.029296875 0.017578125
0 0.0693359375 0.7080078125 0.068359375 0.177734375
0 0.7138671875 0.6259765625 0.021484375 0.017578125
0 0.7470703125 0.6240234375 0.021484375 0.017578125
0 0.2841796875 0.630859375 0.025390625 0.03515625
0 0.5751953125 0.615234375 0.029296875 0.01953125
0 0.8544921875 0.6171875 0.025390625 0.03515625
0 0.41796875 0.6083984375 0.03125 0.017578125
0 0.626953125 0.60546875 0.01953125 0.015625
0 0.3076171875 0.6123046875 0.025390625 0.029296875
0 0.7900390625 0.6015625 0.021484375 0.01953125
0 0.740234375 0.6005859375 0.0234375 0.017578125
0 0.3544921875 0.591796875 0.025390625 0.01953125
0 0.5673828125 0.5869140625 0.029296875 0.021484375
0 0.455078125 0.58984375 0.0234375 0.03125
0 0.4169921875 0.583984375 0.037109375 0.01953125
0 0.140625 0.583984375 0.015625 0.01953125
0 0.623046875 0.5771484375 0.01953125 0.017578125
0 0.4794921875 0.58203125 0.021484375 0.03125
0 0.041015625 0.59375 0.0546875 0.05859375
0 0.9326171875 0.572265625 0.025390625 0.01953125
0 0.5068359375 0.58203125 0.025390625 0.0390625
0 0.7216796875 0.5634765625 0.021484375 0.017578125
0 0.17578125 0.5703125 0.03515625 0.03125
0 0.8544921875 0.5576171875 0.033203125 0.025390625
0 0.5615234375 0.5546875 0.029296875 0.0234375
0 0.6220703125 0.5478515625 0.029296875 0.017578125
0 0.9423828125 0.5478515625 0.021484375 0.021484375
0 0.15625 0.5498046875 0.03125 0.029296875
0 0.2626953125 0.5400390625 0.029296875 0.025390625
0 0.7138671875 0.5341796875 0.021484375 0.017578125
0 0.3037109375 0.541015625 0.025390625 0.03125
0 0.373046875 0.5322265625 0.0234375 0.021484375
0 0.8623046875 0.5322265625 0.033203125 0.029296875
0 0.619140625 0.5224609375 0.03125 0.017578125
0 0.13671875 0.52734375 0.03515625 0.03125
0 0.421875 0.521484375 0.0234375 0.02734375
0 0.0966796875 0.525390625 0.048828125 0.04296875
0 0.8037109375 0.5166015625 0.025390625 0.029296875
0 0.4716796875 0.5126953125 0.017578125 0.021484375
0 0.76953125 0.513671875 0.03515625 0.03515625
0 0.228515625 0.5146484375 0.03515625 0.037109375
0 0.5322265625 0.5048828125 0.021484375 0.021484375
0 0.5595703125 0.4990234375 0.017578125 0.021484375
0 0.4990234375 0.5048828125 0.021484375 0.033203125
0 0.3203125 0.5029296875 0.01953125 0.029296875
0 0.123046875 0.50390625 0.03125 0.03125
0 0.705078125 0.49609375 0.0234375 0.01953125
0 0.6103515625 0.4970703125 0.033203125 0.025390625
0 0.908203125 0.48828125 0.01953125 0.015625
0 0.2021484375 0.4990234375 0.033203125 0.037109375
0 0.8115234375 0.486328125 0.021484375 0.01953125
0 0.9521484375 0.4912109375 0.033203125 0.033203125
0 0.275390625 0.4892578125 0.02734375 0.029296875
0 0.1806640625 0.482421875 0.025390625 0.0234375
0 0.0205078125 0.4853515625 0.029296875 0.033203125
0 0.873046875 0.4931640625 0.046875 0.052734375
0 0.7666015625 0.474609375 0.017578125 0.015625
0 0.3935546875 0.482421875 0.033203125 0.03125
0 0.103515625 0.484375 0.03515625 0.03515625
0 0.546875 0.47265625 0.02734375 0.0234375
0 0.7021484375 0.4619140625 0.021484375 0.017578125
0 0.455078125 0.470703125 0.03515625 0.03515625
0 0.2529296875 0.46875 0.037109375 0.03125
0 0.6025390625 0.458984375 0.021484375 0.015625
0 0.31640625 0.462890625 0.02734375 0.02734375
0 0.9580078125 0.4580078125 0.033203125 0.021484375
0 0.2021484375 0.458984375 0.025390625 0.0234375
0 0.8818359375 0.4560546875 0.033203125 0.021484375
0 0.6669921875 0.4541015625 0.025390625 0.025390625
0 0.0380859375 0.45703125 0.033203125 0.03515625
0 0.814453125 0.44921875 0.03515625 0.0234375
0 0.7646484375 0.44921875 0.041015625 0.0234375
0 0.361328125 0.4462890625 0.03125 0.021484375
0 0.1474609375 0.4521484375 0.033203125 0.033203125
0 0.537109375 0.4462890625 0.03515625 0.025390625
0 0.3017578125 0.4443359375 0.025390625 0.025390625
0 0.939453125 0.435546875 0.015625 0.01171875
0 0.6015625 0.439453125 0.03125 0.0234375
0 0.6943359375 0.4345703125 0.029296875 0.017578125
0 0.96875 0.43359375 0.02734375 0.01953125
0 0.8876953125 0.4306640625 0.021484375 0.021484375
0 0.2861328125 0.427734375 0.025390625 0.02734375
0 0.1787109375 0.4296875 0.037109375 0.0390625
0 0.82421875 0.421875 0.0390625 0.02734375
0 0.6484375 0.4208984375 0.01953125 0.025390625
0 0.7626953125 0.4169921875 0.041015625 0.029296875
0 0.5224609375 0.4130859375 0.033203125 0.025390625
0 0.2197265625 0.4140625 0.033203125 0.03125
0 0.3466796875 0.4091796875 0.033203125 0.025390625
0 0.9765625 0.4072265625 0.0234375 0.025390625
0 0.892578125 0.404296875 0.01953125 0.01953125
0 0.2724609375 0.408203125 0.025390625 0.02734375
0 0.6904296875 0.4013671875 0.025390625 0.017578125
0 0.0576171875 0.4208984375 0.033203125 0.060546875
0 0.4248046875 0.4140625 0.044921875 0.05078125
0 0.44921875 0.39453125 0.01953125 0.01953125
0 0.5205078125 0.392578125 0.029296875 0.01953125
0 0.8291015625 0.3935546875 0.037109375 0.025390625
0 0.0302734375 0.3916015625 0.025390625 0.021484375
0 0.7578125 0.390625 0.0390625 0.0234375
0 0.5830078125 0.3896484375 0.033203125 0.021484375
0 0.2568359375 0.3896484375 0.025390625 0.025390625
0 0.8994140625 0.37890625 0.021484375 0.01953125
0 0.619140625 0.3818359375 0.01953125 0.029296875
0 0.9833984375 0.3779296875 0.033203125 0.025390625
0 0.677734375 0.3759765625 0.04296875 0.021484375
0 0.638671875 0.380859375 0.0234375 0.03125
0 0.509765625 0.373046875 0.03515625 0.0234375
0 0.5673828125 0.3681640625 0.021484375 0.017578125
0 0.2421875 0.3720703125 0.02734375 0.025390625
0 0.83203125 0.3671875 0.04296875 0.0234375
0 0.37890625 0.3671875 0.02734375 0.0234375
0 0.75390625 0.36328125 0.0390625 0.0234375
0 0.2978515625 0.3798828125 0.044921875 0.060546875
0 0.908203125 0.353515625 0.0234375 0.01953125
0 0.5087890625 0.3515625 0.025390625 0.01953125
0 0.98828125 0.3486328125 0.0234375 0.025390625
0 0.5703125 0.3486328125 0.0390625 0.025390625
0 0.31640625 0.34765625 0.02734375 0.03125
0 0.9462890625 0.33984375 0.017578125 0.01953125
0 0.7509765625 0.3369140625 0.041015625 0.025390625
0 0.8427734375 0.3369140625 0.041015625 0.029296875
0 0.5029296875 0.33203125 0.025390625 0.01953125
0 0.001953125 0.32421875 0.00390625 0.0078125
0 0.66796875 0.3291015625 0.05859375 0.025390625
0 0.0537109375 0.3310546875 0.021484375 0.033203125
0 0.5595703125 0.32421875 0.029296875 0.02734375
0 0.9931640625 0.3193359375 0.013671875 0.021484375
0 0.9189453125 0.322265625 0.041015625 0.03125
0 0.4951171875 0.3154296875 0.029296875 0.021484375
0 0.955078125 0.310546875 0.01953125 0.01953125
0 0.849609375 0.3115234375 0.0390625 0.021484375
0 0.34765625 0.3203125 0.03515625 0.0390625
0 0.7919921875 0.3076171875 0.017578125 0.017578125
0 0.599609375 0.3115234375 0.0234375 0.029296875
0 0.3671875 0.3046875 0.0234375 0.0234375
0 0.75 0.296875 0.03125 0.0234375
0 0.6240234375 0.2998046875 0.025390625 0.029296875
0 0.4521484375 0.2998046875 0.029296875 0.029296875
0 0.048828125 0.298828125 0.0234375 0.02734375
0 0.9248046875 0.29296875 0.037109375 0.0234375
0 0.3896484375 0.2900390625 0.025390625 0.025390625
0 0.6513671875 0.291015625 0.021484375 0.03125
0 0.8583984375 0.2841796875 0.037109375 0.021484375
0 0.6826171875 0.2890625 0.021484375 0.03515625
0 0.5390625 0.279296875 0.01953125 0.01953125
0 0.478515625 0.2763671875 0.0234375 0.021484375
0 0.79296875 0.2744140625 0.02734375 0.021484375
0 0.41015625 0.2763671875 0.02734375 0.029296875
0 0.560546875 0.2685546875 0.0234375 0.025390625
0 0.0439453125 0.265625 0.021484375 0.0234375
0 0.9326171875 0.263671875 0.037109375 0.0234375
0 0.427734375 0.26171875 0.02734375 0.02734375
0 0.3310546875 0.2666015625 0.044921875 0.041015625
0 0.58203125 0.2578125 0.0234375 0.02734375
0 0.865234375 0.255859375 0.0390625 0.02734375
0 0.98828125 0.2451171875 0.01953125 0.021484375
0 0.748046875 0.248046875 0.03125 0.02734375
0 0.4453125 0.248046875 0.0234375 0.02734375
0 0.7998046875 0.2451171875 0.017578125 0.025390625
0 0.5068359375 0.244140625 0.025390625 0.0234375
0 0.6025390625 0.244140625 0.033203125 0.04296875
0 0.30859375 0.2392578125 0.03515625 0.033203125
0 0.9423828125 0.2333984375 0.037109375 0.025390625
0 0.67578125 0.232421875 0.04296875 0.02734375
0 0.87109375 0.2294921875 0.03515625 0.025390625
0 0.796875 0.2216796875 0.015625 0.017578125
0 0.4833984375 0.2236328125 0.025390625 0.021484375
0 0.7451171875 0.220703125 0.029296875 0.0234375
0 0.0224609375 0.2158203125 0.033203125 0.033203125
0 0.46875 0.2080078125 0.02734375 0.029296875
0 0.3857421875 0.208984375 0.029296875 0.03515625
0 0.876953125 0.203125 0.03515625 0.02734375
0 0.9501953125 0.1982421875 0.025390625 0.021484375
0 0.673828125 0.197265625 0.0390625 0.0234375
0 0.7431640625 0.193359375 0.033203125 0.01953125
0 0.552734375 0.2041015625 0.0546875 0.041015625
0 0.62890625 0.1962890625 0.03515625 0.029296875
0 0.2919921875 0.1943359375 0.029296875 0.029296875
0 0.4453125 0.189453125 0.02734375 0.0234375
0 0.0205078125 0.1806640625 0.029296875 0.021484375
0 0.525390625 0.1845703125 0.03515625 0.041015625
0 0.8798828125 0.17578125 0.044921875 0.02734375
0 0.74609375 0.169921875 0.0390625 0.0234375
0 0.080078125 0.169921875 0.02734375 0.02734375
0 0.2890625 0.169921875 0.0390625 0.03125
0 0.671875 0.162109375 0.03515625 0.0234375
0 0.1142578125 0.1552734375 0.013671875 0.009765625
0 0.501953125 0.166015625 0.04296875 0.04296875
0 0.625 0.1552734375 0.02734375 0.025390625
0 0.015625 0.15234375 0.0234375 0.01953125
0 0.41015625 0.16015625 0.03515625 0.0390625
0 0.9638671875 0.15625 0.029296875 0.0390625
0 0.8896484375 0.146484375 0.041015625 0.02734375
0 0.1240234375 0.140625 0.009765625 0.015625
0 0.7626953125 0.1416015625 0.029296875 0.021484375
0 0.283203125 0.1455078125 0.04296875 0.029296875
0 0.0771484375 0.138671875 0.033203125 0.015625
0 0.478515625 0.138671875 0.02734375 0.02734375
0 0.6494140625 0.1337890625 0.029296875 0.021484375
0 0.5693359375 0.134765625 0.033203125 0.03125
0 0.01171875 0.1279296875 0.0234375 0.021484375
0 0.90234375 0.12109375 0.03515625 0.0234375
0 0.7958984375 0.123046875 0.033203125 0.02734375
0 0.412109375 0.1181640625 0.01953125 0.017578125
0 0.97265625 0.1171875 0.02734375 0.0234375
0 0.458984375 0.1220703125 0.03515625 0.037109375
0 0.0693359375 0.1123046875 0.033203125 0.021484375
0 0.2666015625 0.1162109375 0.029296875 0.041015625
0 0.544921875 0.109375 0.03125 0.03125
0 0.673828125 0.109375 0.0390625 0.03515625
0 0.6015625 0.1005859375 0.02734375 0.029296875
0 0.912109375 0.095703125 0.0234375 0.02734375
0 0.4384765625 0.0986328125 0.029296875 0.033203125
0 0.8134765625 0.0927734375 0.033203125 0.025390625
0 0.52734375 0.0927734375 0.02734375 0.025390625
0 0.306640625 0.0751953125 0.015625 0.013671875
0 0.0673828125 0.0810546875 0.029296875 0.025390625
0 0.5849609375 0.078125 0.021484375 0.0234375
0 0.41796875 0.0791015625 0.03125 0.033203125
0 0.2626953125 0.0751953125 0.037109375 0.025390625
0 0.50390625 0.0732421875 0.02734375 0.025390625
0 0.6259765625 0.072265625 0.029296875 0.03125
0 0.5390625 0.064453125 0.015625 0.015625
0 0.9189453125 0.06640625 0.025390625 0.0234375
0 0.00390625 0.05859375 0.0078125 0.015625
0 0.9814453125 0.064453125 0.025390625 0.03125
0 0.82421875 0.0634765625 0.02734375 0.029296875
0 0.7568359375 0.0595703125 0.029296875 0.033203125
0 0.3876953125 0.05859375 0.033203125 0.03515625
0 0.6025390625 0.0537109375 0.033203125 0.033203125
0 0.48046875 0.052734375 0.02734375 0.03125
0 0.0673828125 0.048828125 0.029296875 0.0234375
0 0.6845703125 0.0439453125 0.029296875 0.029296875
0 0.3193359375 0.0361328125 0.017578125 0.017578125
0 0.2705078125 0.037109375 0.033203125 0.0234375
0 0.9296875 0.0341796875 0.0234375 0.021484375
0 0.3681640625 0.0361328125 0.025390625 0.025390625
0 0.9013671875 0.0302734375 0.033203125 0.029296875
0 0.578125 0.0302734375 0.03515625 0.029296875
0 0.0517578125 0.0224609375 0.029296875 0.021484375
0 0.7763671875 0.02734375 0.033203125 0.03515625
0 0.875 0.01953125 0.0234375 0.0234375
0 0.6611328125 0.0205078125 0.025390625 0.025390625
0 0.4345703125 0.015625 0.021484375 0.0234375
0 0.345703125 0.015625 0.03125 0.02734375
0 0.99609375 0.00390625 0.0078125 0.0078125
0 0.84765625 0.017578125 0.03125 0.03515625
0 0.794921875 0.005859375 0.0234375 0.01171875
0 0.6396484375 0.0087890625 0.029296875 0.017578125
0 0.5283203125 0.017578125 0.048828125 0.03515625
0 0.4580078125 0.0048828125 0.017578125 0.009765625
0 0.337890625 0.001953125 0.00390625 0.00390625
0 0.291015625 0.0068359375 0.03515625 0.013671875
0 0.044921875 0.0029296875 0.01953125 0.005859375