0 0.5703125 0.96875 0.0859375 0.0625
0 0.494140625 0.9345703125 0.0859375 0.091796875
0 0.859375 0.8798828125 0.04296875 0.064453125
0 0.4052734375 0.9189453125 0.150390625 0.162109375
0 0.9345703125 0.73046875 0.130859375 0.1640625
0 0.005859375 0.5654296875 0.01171875 0.033203125
0 0.982421875 0.435546875 0.03515625 0.046875
0 0.64453125 0.5283203125 0.3515625 0.240234375
0 0.05078125 0.421875 0.1015625 0.09375
0 0.09375 0.2568359375 0.1171875 0.169921875
0 0.2392578125 0.0810546875 0.029296875 0.029296875
0 0.14453125 0.0859375 0.1484375 0.171875