0 0.6748046875 0.9208984375 0.056640625 0.060546875
0 0.9873046875 0.5947265625 0.025390625 0.056640625
0 0.955078125 0.5556640625 0.0703125 0.080078125
0 0.0283203125 0.4462890625 0.056640625 0.189453125
0 0.205078125 0.470703125 0.296875 0.33203125
0 0.4091796875 0.2138671875 0.048828125 0.115234375
0 0.08203125 0.205078125 0.08984375 0.10546875
0 0.0498046875 0.2294921875 0.099609375 0.212890625
0 0.125 0.111328125 0.10546875 0.12109375
0 0.3447265625 0.0810546875 0.248046875 0.162109375
0 0.15234375 0.00390625 0.03125 0.0078125