0 0.978515625 0.8134765625 0.04296875 0.087890625
0 0.837890625 0.7734375 0.01953125 0.01953125
0 0.0146484375 0.6826171875 0.029296875 0.041015625
0 0.1416015625 0.63671875 0.083984375 0.06640625
0 0.015625 0.595703125 0.03125 0.0625
0 0.23046875 0.53515625 0.07421875 0.07421875
0 0.1279296875 0.529296875 0.130859375 0.15625
0 0.0302734375 0.341796875 0.060546875 0.109375
0 0.552734375 0.13671875 0.15234375 0.17578125
0 0.3984375 0.08203125 0.125 0.11328125
0 0.49609375 0.03125 0.1171875 0.0625
0 0.25390625 0.0078125 0.03125 0.015625
0 0.080078125 0.1171875 0.16015625 0.234375