0 0.5517578125 0.994140625 0.021484375 0.01171875
0 0.05078125 0.9931640625 0.02734375 0.013671875
0 0.8857421875 0.98046875 0.033203125 0.03515625
0 0.142578125 0.98046875 0.05078125 0.0390625
0 0.98828125 0.9541015625 0.0234375 0.025390625
0 0.0244140625 0.935546875 0.017578125 0.01953125
0 0.0087890625 0.9365234375 0.017578125 0.033203125
0 0.8662109375 0.9189453125 0.044921875 0.029296875
0 0.32421875 0.951171875 0.0859375 0.09765625
0 0.1220703125 0.9140625 0.037109375 0.03515625
0 0.984375 0.8984375 0.03125 0.02734375
0 0.6484375 0.9248046875 0.08984375 0.095703125
0 0.00390625 0.8798828125 0.0078125 0.013671875
0 0.8544921875 0.8642578125 0.052734375 0.033203125
0 0.21875 0.8544921875 0.03125 0.025390625
0 0.068359375 0.84375 0.04296875 0.03515625
0 0.2890625 0.8564453125 0.07421875 0.068359375
0 0.20703125 0.8203125 0.03125 0.0234375
0 0.11328125 0.85546875 0.0625 0.1015625
0 0.9775390625 0.8134765625 0.044921875 0.033203125
0 0.798828125 0.8037109375 0.0234375 0.025390625
0 0.203125 0.80078125 0.03515625 0.0234375
0 0.369140625 0.8388671875 0.10546875 0.142578125
0 0.943359375 0.77734375 0.03125 0.0234375
0 0.84375 0.7783203125 0.046875 0.029296875
0 0.2041015625 0.7783203125 0.041015625 0.029296875
0 0.5205078125 0.8173828125 0.119140625 0.115234375
0 0.017578125 0.765625 0.03515625 0.0546875
0 0.935546875 0.74609375 0.0234375 0.03125
0 0.1162109375 0.751953125 0.091796875 0.06640625
0 0.00390625 0.70703125 0.0078125 0.015625
0 0.8388671875 0.716796875 0.048828125 0.0390625
0 0.0634765625 0.7080078125 0.025390625 0.021484375
0 0.0166015625 0.69921875 0.029296875 0.03125
0 0.9443359375 0.693359375 0.044921875 0.02734375
0 0.0380859375 0.6826171875 0.025390625 0.025390625
0 0.0703125 0.6640625 0.03515625 0.03515625
0 0.8349609375 0.658203125 0.044921875 0.03125
0 0.2216796875 0.6904296875 0.091796875 0.103515625
0 0.939453125 0.642578125 0.02734375 0.02734375
0 0.990234375 0.6279296875 0.01953125 0.021484375
0 0.763671875 0.6240234375 0.03515625 0.037109375
0 0.0341796875 0.615234375 0.025390625 0.03125
0 0.33203125 0.6474609375 0.171875 0.130859375
0 0.017578125 0.587890625 0.0234375 0.02734375
0 0.53125 0.5859375 0.02734375 0.02734375
0 0.9853515625 0.5771484375 0.029296875 0.021484375
0 0.70703125 0.5888671875 0.0390625 0.044921875
0 0.63671875 0.5791015625 0.03515625 0.037109375
0 0.9326171875 0.5751953125 0.064453125 0.033203125
0 0.6513671875 0.5576171875 0.037109375 0.029296875
0 0.0888671875 0.5732421875 0.044921875 0.064453125
0 0.66796875 0.54296875 0.03515625 0.0390625
0 0.16015625 0.5478515625 0.0546875 0.052734375
0 0.9140625 0.529296875 0.04296875 0.03515625
0 0.8173828125 0.525390625 0.048828125 0.03125
0 0.576171875 0.53125 0.03515625 0.04296875
0 0.939453125 0.509765625 0.0390625 0.03125
0 0.7412109375 0.505859375 0.029296875 0.03125
0 0.603515625 0.5048828125 0.04296875 0.044921875
0 0.1064453125 0.4912109375 0.029296875 0.029296875
0 0.6962890625 0.494140625 0.048828125 0.046875
0 0.966796875 0.4775390625 0.015625 0.017578125
0 0.2041015625 0.5029296875 0.068359375 0.068359375
0 0.9365234375 0.4736328125 0.033203125 0.029296875
0 0.2607421875 0.486328125 0.064453125 0.0703125
0 0.1572265625 0.462890625 0.025390625 0.02734375
0 0.787109375 0.4658203125 0.03515625 0.037109375
0 0.4580078125 0.458984375 0.025390625 0.02734375
0 0.537109375 0.466796875 0.04296875 0.046875
0 0.8564453125 0.45703125 0.033203125 0.0390625
0 0.94921875 0.44921875 0.03125 0.02734375
0 0.6640625 0.453125 0.0390625 0.0390625
0 0.6435546875 0.439453125 0.033203125 0.03125
0 0.2001953125 0.4443359375 0.037109375 0.041015625
0 0.7275390625 0.44921875 0.056640625 0.0703125
0 0.5048828125 0.4326171875 0.041015625 0.041015625
0 0.3212890625 0.4404296875 0.052734375 0.056640625
0 0.005859375 0.4189453125 0.01171875 0.017578125
0 0.2568359375 0.423828125 0.033203125 0.03515625
0 0.9599609375 0.419921875 0.037109375 0.03125
0 0.0400390625 0.41015625 0.017578125 0.01953125
0 0.6728515625 0.40234375 0.037109375 0.03515625
0 0.46875 0.40625 0.03515625 0.04296875
0 0.9755859375 0.3955078125 0.029296875 0.025390625
0 0.017578125 0.3876953125 0.03125 0.025390625
0 0.6982421875 0.3818359375 0.029296875 0.029296875
0 0.98828125 0.3740234375 0.0234375 0.029296875
0 0.0751953125 0.37890625 0.048828125 0.05078125
0 0.7138671875 0.3603515625 0.029296875 0.029296875
0 0.9921875 0.3486328125 0.015625 0.021484375
0 0.5107421875 0.3515625 0.037109375 0.03125
0 0.728515625 0.34375 0.02734375 0.03125
0 0.572265625 0.3564453125 0.0390625 0.064453125
0 0.5361328125 0.3310546875 0.025390625 0.029296875
0 0.9501953125 0.3125 0.029296875 0.03125
0 0.4697265625 0.314453125 0.041015625 0.03515625
0 0.0048828125 0.318359375 0.009765625 0.04296875
0 0.5390625 0.3037109375 0.01953125 0.017578125
0 0.078125 0.3037109375 0.0234375 0.029296875
0 0.037109375 0.314453125 0.0390625 0.05078125
0 0.439453125 0.2978515625 0.02734375 0.029296875
0 0.12109375 0.2958984375 0.02734375 0.033203125
0 0.6201171875 0.28515625 0.017578125 0.015625
0 0.4833984375 0.2880859375 0.025390625 0.025390625
0 0.958984375 0.2880859375 0.0390625 0.029296875
0 0.1865234375 0.2890625 0.060546875 0.0390625
0 0.916015625 0.283203125 0.03515625 0.03515625
0 0.001953125 0.259765625 0.00390625 0.0078125
0 0.501953125 0.2646484375 0.03515625 0.025390625
0 0.755859375 0.28515625 0.0546875 0.07421875
0 0.6962890625 0.2646484375 0.033203125 0.033203125
0 0.890625 0.2646484375 0.03125 0.037109375
0 0.044921875 0.2568359375 0.0234375 0.021484375
0 0.017578125 0.2490234375 0.01953125 0.017578125
0 0.5986328125 0.2509765625 0.044921875 0.033203125
0 0.1015625 0.2490234375 0.0546875 0.033203125
0 0.8662109375 0.244140625 0.033203125 0.03515625
0 0.017578125 0.2255859375 0.0234375 0.021484375
0 0.6142578125 0.2236328125 0.037109375 0.029296875
0 0.416015625 0.220703125 0.0390625 0.03125
0 0.04296875 0.21875 0.02734375 0.02734375
0 0.7001953125 0.22265625 0.044921875 0.04296875
0 0.2001953125 0.2216796875 0.033203125 0.044921875
0 0.5185546875 0.216796875 0.041015625 0.0390625
0 0.1298828125 0.2001953125 0.017578125 0.021484375
0 0.4228515625 0.197265625 0.037109375 0.03515625
0 0.8466796875 0.2001953125 0.044921875 0.044921875
0 0.6865234375 0.189453125 0.029296875 0.02734375
0 0.9951171875 0.177734375 0.009765625 0.01953125
0 0.0263671875 0.1875 0.052734375 0.046875
0 0.1787109375 0.17578125 0.037109375 0.02734375
0 0.4296875 0.173828125 0.0390625 0.03515625
0 0.7880859375 0.17578125 0.041015625 0.04296875
0 0.6435546875 0.17578125 0.037109375 0.04296875
0 0.822265625 0.1591796875 0.01953125 0.021484375
0 0.072265625 0.1630859375 0.04296875 0.037109375
0 0.169921875 0.15234375 0.03515625 0.0234375
0 0.4365234375 0.1513671875 0.037109375 0.033203125
0 0.76171875 0.1533203125 0.0390625 0.041015625
0 0.78515625 0.1279296875 0.01953125 0.021484375
0 0.5283203125 0.150390625 0.107421875 0.07421875
0 0.7333984375 0.130859375 0.041015625 0.04296875
0 0.1298828125 0.1328125 0.056640625 0.046875
0 0.5966796875 0.1220703125 0.048828125 0.037109375
0 0.173828125 0.11328125 0.0390625 0.0390625
0 0.697265625 0.1083984375 0.0390625 0.037109375
0 0.6259765625 0.091796875 0.044921875 0.0390625
0 0.458984375 0.087890625 0.0390625 0.0390625
0 0.2451171875 0.095703125 0.056640625 0.0625
0 0.9208984375 0.1171875 0.091796875 0.109375
0 0.375 0.0712890625 0.02734375 0.037109375
0 0.8857421875 0.0830078125 0.091796875 0.083984375
0 0.65625 0.056640625 0.0390625 0.03515625
0 0.06640625 0.0478515625 0.015625 0.017578125
0 0.755859375 0.0498046875 0.03515625 0.029296875
0 0.01171875 0.0498046875 0.0234375 0.029296875
0 0.2392578125 0.0361328125 0.056640625 0.025390625
0 0.091796875 0.0859375 0.18359375 0.125
0 0.037109375 0.03515625 0.02734375 0.02734375
0 0.0615234375 0.0185546875 0.021484375 0.021484375
0 0.3828125 0.021484375 0.03515625 0.03515625
0 0.96484375 0.0361328125 0.0703125 0.072265625
0 0.8369140625 0.0576171875 0.103515625 0.115234375
0 0.67578125 0.017578125 0.04296875 0.03515625
0 0.1572265625 0.01171875 0.033203125 0.0234375
0 0.1162109375 0.00390625 0.013671875 0.0078125
0 0.0908203125 0.0068359375 0.017578125 0.013671875