0 0.3203125 0.998046875 0.00390625 0.00390625
0 0.83984375 0.99609375 0.015625 0.0078125
0 0.41796875 0.9951171875 0.01953125 0.009765625
0 0.0283203125 0.9951171875 0.017578125 0.009765625
0 0.56640625 0.994140625 0.01953125 0.01171875
0 0.0517578125 0.9931640625 0.017578125 0.013671875
0 0.734375 0.9892578125 0.03515625 0.021484375
0 0.33984375 0.98828125 0.0390625 0.0234375
0 0.912109375 0.9873046875 0.0390625 0.025390625
0 0.0107421875 0.9833984375 0.021484375 0.033203125
0 0.7080078125 0.98046875 0.033203125 0.03515625
0 0.9951171875 0.966796875 0.009765625 0.015625
0 0.3603515625 0.9755859375 0.033203125 0.033203125
0 0.7958984375 0.978515625 0.037109375 0.04296875
0 0.8876953125 0.9716796875 0.033203125 0.033203125
0 0.03125 0.962890625 0.01953125 0.01953125
0 0.4560546875 0.9697265625 0.037109375 0.037109375
0 0.076171875 0.9619140625 0.02734375 0.025390625
0 0.583984375 0.9638671875 0.046875 0.044921875
0 0.8701171875 0.955078125 0.033203125 0.03515625
0 0.7783203125 0.9560546875 0.037109375 0.037109375
0 0.3779296875 0.9541015625 0.033203125 0.033203125
0 0.4736328125 0.9521484375 0.037109375 0.037109375
0 0.9794921875 0.9453125 0.033203125 0.0390625
0 0.39453125 0.935546875 0.03515625 0.03515625
0 0.75390625 0.931640625 0.03515625 0.03515625
0 0.494140625 0.9306640625 0.0390625 0.037109375
0 0.0888671875 0.9228515625 0.025390625 0.025390625
0 0.849609375 0.9326171875 0.046875 0.048828125
0 0.8818359375 0.916015625 0.017578125 0.01953125
0 0.41015625 0.91796875 0.03515625 0.03515625
0 0.9501953125 0.916015625 0.033203125 0.0390625
0 0.005859375 0.90625 0.01171875 0.0234375
0 0.5322265625 0.9150390625 0.044921875 0.048828125
0 0.107421875 0.896484375 0.0234375 0.0234375
0 0.8115234375 0.8994140625 0.033203125 0.037109375
0 0.921875 0.8876953125 0.03515625 0.033203125
0 0.4345703125 0.89453125 0.048828125 0.046875
0 0.0107421875 0.8779296875 0.021484375 0.025390625
0 0.6748046875 0.8994140625 0.080078125 0.080078125
0 0.4599609375 0.8720703125 0.025390625 0.025390625
0 0.1337890625 0.8720703125 0.025390625 0.025390625
0 0.78125 0.87109375 0.046875 0.046875
0 0.4150390625 0.8623046875 0.029296875 0.029296875
0 0.8896484375 0.8583984375 0.033203125 0.033203125
0 0.0244140625 0.853515625 0.025390625 0.0234375
0 0.48046875 0.84765625 0.0234375 0.0234375
0 0.8037109375 0.849609375 0.033203125 0.03515625
0 0.142578125 0.845703125 0.0234375 0.02734375
0 0.8251953125 0.8369140625 0.044921875 0.041015625
0 0.0390625 0.8271484375 0.0234375 0.025390625
0 0.734375 0.828125 0.03515625 0.03515625
0 0.4306640625 0.8115234375 0.033203125 0.033203125
0 0.751953125 0.810546875 0.03515625 0.03515625
0 0.849609375 0.8095703125 0.046875 0.044921875
0 0.6005859375 0.82421875 0.080078125 0.078125
0 0.4072265625 0.798828125 0.029296875 0.02734375
0 0.1650390625 0.8046875 0.048828125 0.05078125
0 0.70703125 0.791015625 0.03515625 0.03515625
0 0.056640625 0.7900390625 0.03125 0.033203125
0 0.779296875 0.783203125 0.03515625 0.03515625
0 0.6865234375 0.7724609375 0.033203125 0.033203125
0 0.8818359375 0.7705078125 0.033203125 0.033203125
0 0.794921875 0.765625 0.03125 0.03515625
0 0.8984375 0.7607421875 0.02734375 0.029296875
0 0.083984375 0.7548828125 0.03515625 0.033203125
0 0.666015625 0.7548828125 0.03515625 0.037109375
0 0.0087890625 0.75 0.017578125 0.03125
0 0.912109375 0.7470703125 0.03125 0.029296875
0 0.7578125 0.734375 0.03125 0.02734375
0 0.6455078125 0.7373046875 0.033203125 0.037109375
0 0.2021484375 0.7470703125 0.044921875 0.056640625
0 0.974609375 0.7216796875 0.0234375 0.021484375
0 0.1123046875 0.7294921875 0.037109375 0.037109375
0 0.8349609375 0.7216796875 0.041015625 0.037109375
0 0.736328125 0.7197265625 0.03515625 0.033203125
0 0.13671875 0.7080078125 0.0390625 0.037109375
0 0.8544921875 0.7001953125 0.033203125 0.033203125
0 0.712890625 0.7001953125 0.03125 0.033203125
0 0.025390625 0.71484375 0.04296875 0.0625
0 0.6201171875 0.7001953125 0.041015625 0.041015625
0 0.052734375 0.6875 0.0390625 0.0390625
0 0.873046875 0.681640625 0.03515625 0.03515625
0 0.6943359375 0.67578125 0.029296875 0.03125
0 0.796875 0.677734375 0.03515625 0.0390625
0 0.8896484375 0.6640625 0.033203125 0.03515625
0 0.7666015625 0.6552734375 0.025390625 0.029296875
0 0.6611328125 0.65234375 0.033203125 0.03515625
0 0.90625 0.6455078125 0.03515625 0.033203125
0 0.001953125 0.630859375 0.00390625 0.00390625
0 0.09375 0.6533203125 0.07421875 0.072265625
0 0.7470703125 0.630859375 0.037109375 0.03515625
0 0.927734375 0.6240234375 0.0390625 0.037109375
0 0.2265625 0.6455078125 0.0859375 0.080078125
0 0.0078125 0.61328125 0.015625 0.0234375
0 0.72265625 0.6103515625 0.02734375 0.025390625
0 0.7021484375 0.59375 0.029296875 0.03125
0 0.0234375 0.595703125 0.03515625 0.0390625
0 0.9775390625 0.5888671875 0.025390625 0.029296875
0 0.8818359375 0.5888671875 0.033203125 0.033203125
0 0.0478515625 0.5771484375 0.037109375 0.033203125
0 0.962890625 0.5732421875 0.02734375 0.029296875
0 0.8564453125 0.5654296875 0.025390625 0.025390625
0 0.73828125 0.55859375 0.03125 0.03125
0 0.064453125 0.5537109375 0.02734375 0.025390625
0 0.658203125 0.552734375 0.03125 0.02734375
0 0.830078125 0.5478515625 0.03515625 0.033203125
0 0.640625 0.537109375 0.03515625 0.02734375
0 0.9384765625 0.5419921875 0.041015625 0.041015625
0 0.005859375 0.5322265625 0.01171875 0.021484375
0 0.087890625 0.5380859375 0.03515625 0.037109375
0 0.978515625 0.52734375 0.01953125 0.01953125
0 0.771484375 0.525390625 0.03515625 0.03515625
0 0.99609375 0.5107421875 0.0078125 0.009765625
0 0.8076171875 0.5234375 0.033203125 0.03515625
0 0.90625 0.5166015625 0.02734375 0.029296875
0 0.31640625 0.525390625 0.078125 0.046875
0 0.619140625 0.5126953125 0.02734375 0.029296875
0 0.0185546875 0.51171875 0.025390625 0.02734375
0 0.7021484375 0.498046875 0.025390625 0.03125
0 0.8857421875 0.4970703125 0.029296875 0.033203125
0 0.9833984375 0.4912109375 0.029296875 0.033203125
0 0.173828125 0.51953125 0.09375 0.08984375
0 0.044921875 0.490234375 0.02734375 0.03515625
0 0.4853515625 0.63671875 0.283203125 0.33203125
0 0.595703125 0.48828125 0.03515625 0.0390625
0 0.8701171875 0.482421875 0.029296875 0.03125
0 0.0048828125 0.47265625 0.009765625 0.01953125
0 0.966796875 0.4755859375 0.02734375 0.029296875
0 0.6845703125 0.4736328125 0.025390625 0.025390625
0 0.0693359375 0.470703125 0.025390625 0.02734375
0 0.265625 0.482421875 0.046875 0.07421875
0 0.09375 0.45703125 0.0234375 0.0234375
0 0.94921875 0.458984375 0.03125 0.03125
0 0.84765625 0.4580078125 0.03515625 0.033203125
0 0.6591796875 0.44921875 0.029296875 0.02734375
0 0.013671875 0.4521484375 0.02734375 0.033203125
0 0.7431640625 0.4501953125 0.044921875 0.041015625
0 0.9296875 0.443359375 0.03515625 0.03125
0 0.828125 0.4423828125 0.03515625 0.033203125
0 0.1259765625 0.443359375 0.044921875 0.03515625
0 0.361328125 0.4599609375 0.046875 0.076171875
0 0.2998046875 0.4404296875 0.052734375 0.037109375
0 0.99609375 0.427734375 0.0078125 0.015625
0 0.6376953125 0.4306640625 0.025390625 0.025390625
0 0.53515625 0.43359375 0.0390625 0.04296875
0 0.9150390625 0.423828125 0.033203125 0.03125
0 0.0419921875 0.421875 0.029296875 0.03515625
0 0.8056640625 0.4208984375 0.037109375 0.037109375
0 0.7060546875 0.4150390625 0.029296875 0.029296875
0 0.8935546875 0.40234375 0.021484375 0.0234375
0 0.615234375 0.41015625 0.03515625 0.0390625
0 0.1416015625 0.404296875 0.029296875 0.02734375
0 0.0634765625 0.4033203125 0.025390625 0.029296875
0 0.9853515625 0.40234375 0.029296875 0.03515625
0 0.7880859375 0.400390625 0.033203125 0.03515625
0 0.5693359375 0.3994140625 0.041015625 0.041015625
0 0.685546875 0.3896484375 0.02734375 0.025390625
0 0.005859375 0.3857421875 0.01171875 0.021484375
0 0.083984375 0.3857421875 0.02734375 0.025390625
0 0.9677734375 0.3857421875 0.029296875 0.029296875
0 0.7685546875 0.3818359375 0.029296875 0.029296875
0 0.12890625 0.3798828125 0.02734375 0.025390625
0 0.8671875 0.3779296875 0.03125 0.029296875
0 0.658203125 0.3701171875 0.02734375 0.025390625
0 0.9482421875 0.3671875 0.025390625 0.0234375
0 0.0166015625 0.369140625 0.025390625 0.02734375
0 0.2783203125 0.3740234375 0.083984375 0.048828125
0 0.2119140625 0.37109375 0.033203125 0.04296875
0 0.7421875 0.3623046875 0.03125 0.029296875
0 0.8427734375 0.3583984375 0.033203125 0.029296875
0 0.12109375 0.353515625 0.02734375 0.02734375
0 0.60546875 0.353515625 0.03515625 0.03515625
0 0.9287109375 0.3447265625 0.037109375 0.029296875
0 0.390625 0.345703125 0.04296875 0.03515625
0 0.0400390625 0.345703125 0.033203125 0.03515625
0 0.82421875 0.3359375 0.02734375 0.02734375
0 0.0029296875 0.3291015625 0.005859375 0.013671875
0 0.337890625 0.33984375 0.03515625 0.046875
0 0.056640625 0.330078125 0.03515625 0.0390625
0 0.90234375 0.322265625 0.03125 0.03125
0 0.7099609375 0.3232421875 0.037109375 0.033203125
0 0.4892578125 0.349609375 0.076171875 0.0859375
0 0.9931640625 0.314453125 0.013671875 0.0234375
0 0.7978515625 0.3125 0.025390625 0.0234375
0 0.22265625 0.3193359375 0.08203125 0.048828125
0 0.08984375 0.3017578125 0.02734375 0.029296875
0 0.876953125 0.298828125 0.02734375 0.02734375
0 0.974609375 0.29296875 0.02734375 0.02734375
0 0.7763671875 0.2890625 0.029296875 0.03125
0 0.853515625 0.27734375 0.0234375 0.0234375
0 0.3076171875 0.291015625 0.083984375 0.05078125
0 0.6767578125 0.2841796875 0.044921875 0.041015625
0 0.7216796875 0.2744140625 0.025390625 0.025390625
0 0.01171875 0.2724609375 0.0234375 0.025390625
0 0.876953125 0.2666015625 0.01953125 0.017578125
0 0.759765625 0.2744140625 0.03515625 0.033203125
0 0.5224609375 0.291015625 0.087890625 0.06640625
0 0.9541015625 0.2705078125 0.029296875 0.029296875
0 0.376953125 0.287109375 0.046875 0.06640625
0 0.033203125 0.263671875 0.02734375 0.03515625
0 0.064453125 0.2568359375 0.0234375 0.025390625
0 0.1533203125 0.2490234375 0.044921875 0.033203125
0 0.927734375 0.2470703125 0.03515625 0.033203125
0 0.8212890625 0.2431640625 0.033203125 0.033203125
0 0.71875 0.23828125 0.04296875 0.0390625
0 0.138671875 0.224609375 0.04296875 0.03125
0 0.9033203125 0.21875 0.029296875 0.02734375
0 0.236328125 0.2265625 0.046875 0.04296875
0 0.29296875 0.19921875 0.02734375 0.02734375
0 0.1328125 0.201171875 0.046875 0.03125
0 0.7646484375 0.197265625 0.033203125 0.03125
0 0.8603515625 0.17578125 0.033203125 0.03515625
0 0.21484375 0.1806640625 0.04296875 0.044921875
0 0.2919921875 0.1640625 0.033203125 0.02734375
0 0.1162109375 0.162109375 0.048828125 0.046875
0 0.810546875 0.15234375 0.03515625 0.03515625
0 0.0244140625 0.1552734375 0.048828125 0.056640625
0 0.2119140625 0.142578125 0.044921875 0.03515625
0 0.2861328125 0.1298828125 0.033203125 0.033203125
0 0.09765625 0.1220703125 0.03515625 0.025390625
0 0.203125 0.1171875 0.04296875 0.03125
0 0.00390625 0.1123046875 0.0078125 0.021484375
0 0.3046875 0.10546875 0.0390625 0.0390625
0 0.4228515625 0.130859375 0.126953125 0.1015625
0 0.1923828125 0.0927734375 0.041015625 0.033203125
0 0.3212890625 0.0849609375 0.037109375 0.037109375
0 0.935546875 0.076171875 0.12890625 0.0234375
0 0.185546875 0.05859375 0.02734375 0.03125
0 0.3408203125 0.05859375 0.048828125 0.046875
0 0.955078125 0.0263671875 0.08984375 0.021484375
0 0.28515625 0.017578125 0.0234375 0.02734375
0 0.8974609375 0.0078125 0.021484375 0.015625
0 0.6650390625 0.0478515625 0.091796875 0.095703125
0 0.1318359375 0.0322265625 0.087890625 0.064453125