0 0.43359375 0.978515625 0.109375 0.04296875
0 0.609375 0.8623046875 0.5859375 0.275390625
0 0.0625 0.7373046875 0.0625 0.064453125
0 0.0615234375 0.6630859375 0.048828125 0.048828125
0 0.0615234375 0.55078125 0.064453125 0.0625
0 0.0615234375 0.4580078125 0.052734375 0.048828125
0 0.0615234375 0.365234375 0.072265625 0.0703125
0 0.6357421875 0.5302734375 0.728515625 0.470703125
0 0.5908203125 0.26171875 0.103515625 0.0703125
0 0.63671875 0.1962890625 0.0703125 0.037109375
0 0.7421875 0.2099609375 0.11328125 0.091796875
0 0.5400390625 0.146484375 0.111328125 0.0859375
0 0.46875 0.1298828125 0.05078125 0.068359375
0 0.634765625 0.109375 0.1171875 0.078125
0 0.21484375 0.087890625 0.0390625 0.04296875
0 0.9326171875 0.0732421875 0.037109375 0.037109375
0 0.7880859375 0.0908203125 0.095703125 0.076171875
0 0.3134765625 0.08203125 0.130859375 0.08984375
0 0.455078125 0.029296875 0.046875 0.03515625
0 0.150390625 0.0419921875 0.09765625 0.076171875
0 0.0380859375 0.0166015625 0.029296875 0.025390625
0 0.619140625 0.0400390625 0.19140625 0.080078125
0 0.36328125 0.0556640625 0.16796875 0.111328125
0 0.0771484375 0.009765625 0.021484375 0.01953125