0 0.580078125 0.9970703125 0.01171875 0.005859375
0 0.21875 0.9892578125 0.02734375 0.021484375
0 0.6865234375 0.984375 0.103515625 0.03125
0 0.0302734375 0.98046875 0.017578125 0.03125
0 0.044921875 0.9443359375 0.03515625 0.029296875
0 0.8037109375 0.7353515625 0.056640625 0.060546875
0 0.7392578125 0.68359375 0.087890625 0.08984375
0 0.9326171875 0.4931640625 0.134765625 0.271484375
0 0.900390625 0.4013671875 0.18359375 0.267578125
0 0.986328125 0.21875 0.02734375 0.03515625
0 0.09765625 0.244140625 0.1171875 0.17578125
0 0.4326171875 0.5751953125 0.849609375 0.849609375