0 0.4140625 0.9892578125 0.03125 0.021484375
0 0.3125 0.9853515625 0.02734375 0.021484375
0 0.01953125 0.986328125 0.03125 0.02734375
0 0.1640625 0.9677734375 0.0234375 0.025390625
0 0.39453125 0.9609375 0.03125 0.02734375
0 0.2158203125 0.9501953125 0.037109375 0.025390625
0 0.2822265625 0.9462890625 0.033203125 0.037109375
0 0.3759765625 0.921875 0.021484375 0.02734375
0 0.3583984375 0.884765625 0.029296875 0.02734375
0 0.21484375 0.8671875 0.02734375 0.03515625
0 0.3603515625 0.845703125 0.029296875 0.02734375
0 0.353515625 0.8125 0.0234375 0.01953125
0 0.5517578125 0.8115234375 0.037109375 0.021484375
0 0.181640625 0.8203125 0.0390625 0.0390625
0 0.2763671875 0.8046875 0.025390625 0.03515625
0 0.44921875 0.7919921875 0.0234375 0.029296875
0 0.34375 0.7763671875 0.03125 0.033203125
0 0.4228515625 0.7509765625 0.021484375 0.021484375
0 0.2724609375 0.751953125 0.021484375 0.0234375
0 0.3232421875 0.734375 0.025390625 0.01953125
0 0.1220703125 0.7431640625 0.033203125 0.044921875
0 0.9697265625 0.73046875 0.025390625 0.03125
0 0.18359375 0.7236328125 0.0234375 0.021484375
0 0.2548828125 0.7197265625 0.029296875 0.029296875
0 0.4931640625 0.701171875 0.021484375 0.0234375
0 0.318359375 0.7060546875 0.03515625 0.037109375
0 0.0107421875 0.6982421875 0.021484375 0.025390625
0 0.0419921875 0.6904296875 0.029296875 0.021484375
0 0.0791015625 0.6943359375 0.029296875 0.033203125
0 0.41796875 0.681640625 0.03125 0.0234375
0 0.16015625 0.6708984375 0.02734375 0.033203125
0 0.484375 0.6611328125 0.0234375 0.029296875
0 0.4208984375 0.6533203125 0.029296875 0.029296875
0 0.2509765625 0.6552734375 0.029296875 0.044921875
0 0.306640625 0.6376953125 0.0390625 0.029296875
0 0.9853515625 0.6298828125 0.025390625 0.025390625
0 0.0205078125 0.626953125 0.025390625 0.0234375
0 0.384765625 0.62109375 0.0234375 0.0234375
0 0.3427734375 0.6259765625 0.029296875 0.033203125
0 0.6982421875 0.6162109375 0.037109375 0.025390625
0 0.4169921875 0.6142578125 0.025390625 0.025390625
0 0.4755859375 0.60546875 0.021484375 0.0234375
0 0.162109375 0.603515625 0.02734375 0.02734375
0 0.5126953125 0.595703125 0.017578125 0.01953125
0 0.0068359375 0.59375 0.013671875 0.02734375
0 0.2080078125 0.591796875 0.021484375 0.02734375
0 0.5498046875 0.5947265625 0.029296875 0.037109375
0 0.9365234375 0.5869140625 0.025390625 0.025390625
0 0.6865234375 0.5849609375 0.029296875 0.029296875
0 0.2392578125 0.5859375 0.025390625 0.03125
0 0.234375 0.5634765625 0.015625 0.013671875
0 0.3330078125 0.5654296875 0.029296875 0.021484375
0 0.2978515625 0.5673828125 0.025390625 0.029296875
0 0.3701171875 0.556640625 0.025390625 0.0234375
0 0.4033203125 0.55078125 0.021484375 0.0234375
0 0.0546875 0.552734375 0.03125 0.03125
0 0.7900390625 0.5439453125 0.025390625 0.033203125
0 0.4658203125 0.5390625 0.025390625 0.02734375
0 0.1220703125 0.541015625 0.021484375 0.03125
0 0.513671875 0.5302734375 0.0390625 0.025390625
0 0.0361328125 0.521484375 0.029296875 0.02734375
0 0.2841796875 0.5146484375 0.025390625 0.021484375
0 0.99609375 0.5 0.0078125 0.015625
0 0.12109375 0.5078125 0.02734375 0.03515625
0 0.5615234375 0.494140625 0.029296875 0.0234375
0 0.390625 0.4931640625 0.0234375 0.025390625
0 0.703125 0.4892578125 0.03125 0.025390625
0 0.6669921875 0.4931640625 0.025390625 0.033203125
0 0.5908203125 0.48828125 0.025390625 0.02734375
0 0.2060546875 0.48828125 0.021484375 0.03125
0 0.0068359375 0.4794921875 0.013671875 0.017578125
0 0.7763671875 0.4794921875 0.021484375 0.021484375
0 0.0439453125 0.4765625 0.029296875 0.0234375
0 0.27734375 0.4736328125 0.01953125 0.021484375
0 0.81640625 0.470703125 0.0234375 0.02734375
0 0.1123046875 0.4658203125 0.025390625 0.025390625
0 0.744140625 0.470703125 0.03515625 0.0390625
0 0.3857421875 0.462890625 0.025390625 0.0234375
0 0.203125 0.44921875 0.02734375 0.0234375
0 0.0322265625 0.447265625 0.033203125 0.02734375
0 0.3837890625 0.435546875 0.021484375 0.0234375
0 0.44140625 0.43359375 0.02734375 0.0234375
0 0.2705078125 0.435546875 0.025390625 0.03125
0 0.103515625 0.4296875 0.01953125 0.0234375
0 0.5078125 0.427734375 0.046875 0.03125
0 0.982421875 0.4267578125 0.03515625 0.044921875
0 0.2001953125 0.4169921875 0.021484375 0.029296875
0 0.03125 0.4130859375 0.0234375 0.025390625
0 0.5947265625 0.412109375 0.037109375 0.02734375
0 0.376953125 0.4052734375 0.01953125 0.025390625
0 0.447265625 0.404296875 0.03515625 0.02734375
0 0.2626953125 0.3994140625 0.029296875 0.025390625
0 0.7265625 0.40234375 0.03515625 0.03515625
0 0.9970703125 0.38671875 0.005859375 0.015625
0 0.7763671875 0.388671875 0.025390625 0.01953125
0 0.099609375 0.3896484375 0.03515625 0.025390625
0 0.6796875 0.3857421875 0.046875 0.025390625
0 0.82421875 0.376953125 0.0234375 0.01953125
0 0.1923828125 0.3798828125 0.021484375 0.025390625
0 0.0205078125 0.3759765625 0.025390625 0.021484375
0 0.37109375 0.375 0.0234375 0.0234375
0 0.4404296875 0.3701171875 0.021484375 0.017578125
0 0.865234375 0.365234375 0.0234375 0.0234375
0 0.26171875 0.365234375 0.03515625 0.03125
0 0.091796875 0.36328125 0.03515625 0.03125
0 0.90625 0.3583984375 0.04296875 0.041015625
0 0.3642578125 0.3466796875 0.021484375 0.021484375
0 0.4296875 0.3447265625 0.03125 0.025390625
0 0.6552734375 0.341796875 0.029296875 0.03125
0 0.1845703125 0.3427734375 0.025390625 0.033203125
0 0.0146484375 0.33984375 0.021484375 0.02734375
0 0.958984375 0.3330078125 0.04296875 0.037109375
0 0.2490234375 0.3291015625 0.025390625 0.029296875
0 0.0830078125 0.3173828125 0.025390625 0.021484375
0 0.736328125 0.314453125 0.0234375 0.01953125
0 0.482421875 0.314453125 0.03125 0.0234375
0 0.3603515625 0.314453125 0.021484375 0.0234375
0 0.41796875 0.3125 0.02734375 0.0234375
0 0.7919921875 0.30859375 0.025390625 0.01953125
0 0.1787109375 0.3076171875 0.021484375 0.029296875
0 0.83203125 0.30078125 0.03125 0.0234375
0 0.0087890625 0.2998046875 0.017578125 0.021484375
0 0.5966796875 0.2919921875 0.013671875 0.009765625
0 0.990234375 0.2958984375 0.01953125 0.025390625
0 0.8720703125 0.2919921875 0.029296875 0.025390625
0 0.654296875 0.2939453125 0.03125 0.029296875
0 0.078125 0.2919921875 0.01953125 0.025390625
0 0.4912109375 0.283203125 0.041015625 0.01953125
0 0.4140625 0.2822265625 0.0234375 0.025390625
0 0.248046875 0.287109375 0.03125 0.03515625
0 0.5625 0.2763671875 0.02734375 0.021484375
0 0.3447265625 0.275390625 0.025390625 0.03125
0 0.005859375 0.2705078125 0.01171875 0.021484375
0 0.1669921875 0.2734375 0.029296875 0.03125
0 0.7431640625 0.2626953125 0.029296875 0.029296875
0 0.9091796875 0.2646484375 0.029296875 0.037109375
0 0.662109375 0.259765625 0.0234375 0.02734375
0 0.4892578125 0.255859375 0.025390625 0.0234375
0 0.41015625 0.2529296875 0.02734375 0.021484375
0 0.5517578125 0.2509765625 0.029296875 0.021484375
0 0.0712890625 0.2568359375 0.029296875 0.033203125
0 0.240234375 0.2490234375 0.02734375 0.033203125
0 0.0048828125 0.2373046875 0.009765625 0.017578125
0 0.94140625 0.2392578125 0.02734375 0.029296875
0 0.1650390625 0.2373046875 0.025390625 0.029296875
0 0.599609375 0.220703125 0.01953125 0.0234375
0 0.74609375 0.220703125 0.0234375 0.02734375
0 0.669921875 0.2177734375 0.0234375 0.021484375
0 0.2197265625 0.212890625 0.021484375 0.01953125
0 0.001953125 0.201171875 0.00390625 0.01171875
0 0.96875 0.2080078125 0.02734375 0.033203125
0 0.0595703125 0.2099609375 0.025390625 0.037109375
0 0.2158203125 0.1875 0.021484375 0.0234375
0 0.083984375 0.18359375 0.02734375 0.0234375
0 0.7509765625 0.185546875 0.025390625 0.03125
0 0.5009765625 0.1767578125 0.029296875 0.025390625
0 0.455078125 0.17578125 0.03515625 0.03125
0 0.1181640625 0.17578125 0.025390625 0.03125
0 0.921875 0.1689453125 0.03515625 0.029296875
0 0.1494140625 0.1708984375 0.025390625 0.033203125
0 0.54296875 0.1552734375 0.0390625 0.029296875
0 0.2099609375 0.1513671875 0.021484375 0.025390625
0 0.8837890625 0.1494140625 0.025390625 0.025390625
0 0.5966796875 0.1494140625 0.044921875 0.029296875
0 0.755859375 0.1416015625 0.0234375 0.025390625
0 0.677734375 0.1357421875 0.03125 0.025390625
0 0.8466796875 0.1337890625 0.037109375 0.025390625
0 0.0146484375 0.1337890625 0.021484375 0.025390625
0 0.8037109375 0.1337890625 0.033203125 0.033203125
0 0.990234375 0.12890625 0.01953125 0.02734375
0 0.072265625 0.103515625 0.03515625 0.02734375
0 0.1142578125 0.099609375 0.029296875 0.0234375
0 0.9609375 0.099609375 0.03515625 0.02734375
0 0.001953125 0.0859375 0.00390625 0.0078125
0 0.181640625 0.0908203125 0.01953125 0.029296875
0 0.1474609375 0.0888671875 0.025390625 0.025390625
0 0.2197265625 0.0849609375 0.021484375 0.025390625
0 0.91796875 0.0751953125 0.03125 0.025390625
0 0.6845703125 0.0732421875 0.025390625 0.044921875
0 0.876953125 0.060546875 0.03125 0.0234375
0 0.8291015625 0.048828125 0.033203125 0.0234375
0 0.7626953125 0.048828125 0.029296875 0.03515625
0 0.24609375 0.041015625 0.0390625 0.02734375
0 0.994140625 0.0146484375 0.01171875 0.021484375
0 0.0654296875 0.0126953125 0.017578125 0.017578125
0 0.970703125 0.005859375 0.0234375 0.01171875
0 0.7421875 0.001953125 0.0078125 0.00390625
0 0.654296875 0.009765625 0.04296875 0.01953125
0 0.3046875 0.0126953125 0.05078125 0.025390625
0 0.1064453125 0.01171875 0.017578125 0.0234375
0 0.0146484375 0.0029296875 0.017578125 0.005859375