0 0.669921875 0.998046875 0.01171875 0.00390625
0 0.8212890625 0.990234375 0.037109375 0.01953125
0 0.740234375 0.9755859375 0.05859375 0.041015625
0 0.0224609375 0.9755859375 0.021484375 0.048828125
0 0.078125 0.970703125 0.02734375 0.05859375
0 0.9873046875 0.9482421875 0.025390625 0.029296875
0 0.611328125 0.9453125 0.11328125 0.03515625
0 0.201171875 0.962890625 0.0234375 0.07421875
0 0.927734375 0.9599609375 0.0703125 0.080078125
0 0.779296875 0.94140625 0.12890625 0.0859375
0 0.490234375 0.8857421875 0.03125 0.025390625
0 0.0068359375 0.8583984375 0.013671875 0.041015625
0 0.0888671875 0.8505859375 0.080078125 0.064453125
0 0.775390625 0.845703125 0.11328125 0.11328125
0 0.61328125 0.82421875 0.08203125 0.11328125
0 0.376953125 0.87890625 0.2578125 0.2421875
0 0.466796875 0.8095703125 0.0859375 0.115234375
0 0.9091796875 0.7939453125 0.095703125 0.095703125
0 0.990234375 0.76171875 0.01953125 0.03515625
0 0.7041015625 0.755859375 0.033203125 0.0390625
0 0.740234375 0.7548828125 0.03515625 0.048828125
0 0.5205078125 0.6982421875 0.029296875 0.021484375
0 0.9482421875 0.6513671875 0.021484375 0.025390625
0 0.05078125 0.703125 0.1015625 0.1328125
0 0.7568359375 0.658203125 0.072265625 0.0546875
0 0.3076171875 0.67578125 0.345703125 0.12109375
0 0.86328125 0.6171875 0.04296875 0.03515625
0 0.673828125 0.63671875 0.25 0.13671875
0 0.974609375 0.5927734375 0.05078125 0.052734375
0 0.1875 0.578125 0.02734375 0.03125
0 0.34375 0.5654296875 0.05859375 0.029296875
0 0.2470703125 0.556640625 0.033203125 0.06640625
0 0.5146484375 0.5419921875 0.056640625 0.041015625
0 0.9794921875 0.5107421875 0.013671875 0.013671875
0 0.62109375 0.5126953125 0.09375 0.048828125
0 0.50390625 0.50390625 0.0703125 0.03515625
0 0.8408203125 0.49609375 0.029296875 0.03515625
0 0.17578125 0.4921875 0.03125 0.02734375
0 0.8857421875 0.4814453125 0.021484375 0.021484375
0 0.21484375 0.4814453125 0.0390625 0.021484375
0 0.419921875 0.48046875 0.03515625 0.0234375
0 0.9228515625 0.4794921875 0.021484375 0.025390625
0 0.744140625 0.49609375 0.08203125 0.05859375
0 0.2568359375 0.474609375 0.033203125 0.01953125
0 0.9580078125 0.48046875 0.033203125 0.03515625
0 0.361328125 0.4677734375 0.0390625 0.025390625
0 0.3125 0.462890625 0.02734375 0.02734375
0 0.38671875 0.4013671875 0.0390625 0.021484375
0 0.306640625 0.396484375 0.03515625 0.015625
0 0.5009765625 0.400390625 0.029296875 0.02734375
0 0.34765625 0.3974609375 0.03515625 0.021484375
0 0.82421875 0.4033203125 0.0234375 0.037109375
0 0.453125 0.404296875 0.0546875 0.0390625
0 0.849609375 0.3994140625 0.0234375 0.037109375
0 0.884765625 0.3916015625 0.02734375 0.037109375
0 0.9580078125 0.380859375 0.025390625 0.03515625
0 0.6572265625 0.40234375 0.228515625 0.078125
0 0.9921875 0.37890625 0.015625 0.03515625
0 0.9248046875 0.3798828125 0.025390625 0.041015625
0 0.4697265625 0.36328125 0.025390625 0.03125
0 0.283203125 0.359375 0.02734375 0.0234375
0 0.849609375 0.35546875 0.01953125 0.01953125
0 0.5185546875 0.36328125 0.029296875 0.03515625
0 0.9443359375 0.3427734375 0.017578125 0.013671875
0 0.41015625 0.3505859375 0.03125 0.037109375
0 0.5595703125 0.349609375 0.021484375 0.0390625
0 0.2802734375 0.3359375 0.017578125 0.015625
0 0.59765625 0.3427734375 0.03125 0.033203125
0 0.6376953125 0.34375 0.021484375 0.046875
0 0.0673828125 0.4580078125 0.134765625 0.279296875
0 0.671875 0.3349609375 0.02734375 0.037109375
0 0.3828125 0.330078125 0.0234375 0.03515625
0 0.8359375 0.314453125 0.0234375 0.02734375
0 0.7216796875 0.3232421875 0.060546875 0.044921875
0 0.80859375 0.318359375 0.0234375 0.0390625
0 0.326171875 0.30859375 0.02734375 0.0234375
0 0.865234375 0.3095703125 0.0234375 0.029296875
0 0.8974609375 0.3076171875 0.025390625 0.033203125
0 0.259765625 0.3046875 0.04296875 0.02734375
0 0.3603515625 0.306640625 0.037109375 0.0390625
0 0.94921875 0.3017578125 0.02734375 0.037109375
0 0.9775390625 0.296875 0.017578125 0.03515625
0 0.171875 0.31640625 0.109375 0.078125
0 0.3408203125 0.27734375 0.041015625 0.03515625
0 0.462890625 0.2646484375 0.0234375 0.037109375
0 0.4345703125 0.259765625 0.025390625 0.02734375
0 0.2802734375 0.2607421875 0.025390625 0.029296875
0 0.4931640625 0.2607421875 0.025390625 0.041015625
0 0.650390625 0.25 0.03515625 0.02734375
0 0.529296875 0.2568359375 0.0234375 0.041015625
0 0.0068359375 0.248046875 0.013671875 0.0234375
0 0.57421875 0.2529296875 0.03125 0.037109375
0 0.255859375 0.2421875 0.01953125 0.0234375
0 0.224609375 0.2509765625 0.0390625 0.048828125
0 0.71484375 0.2392578125 0.04296875 0.029296875
0 0.681640625 0.2421875 0.0234375 0.0390625
0 0.32421875 0.236328125 0.04296875 0.0390625
0 0.79296875 0.228515625 0.0234375 0.03125
0 0.515625 0.2216796875 0.0234375 0.017578125
0 0.427734375 0.228515625 0.0390625 0.03125
0 0.865234375 0.2216796875 0.03515625 0.021484375
0 0.642578125 0.21484375 0.03125 0.01953125
0 0.947265625 0.2158203125 0.01953125 0.033203125
0 0.5654296875 0.20703125 0.029296875 0.01953125
0 0.9970703125 0.208984375 0.005859375 0.03125
0 0.97265625 0.2099609375 0.0234375 0.033203125
0 0.712890625 0.2060546875 0.0390625 0.025390625
0 0.2509765625 0.2080078125 0.033203125 0.029296875
0 0.126953125 0.20703125 0.03125 0.02734375
0 0.830078125 0.19921875 0.01953125 0.015625
0 0.037109375 0.201171875 0.01953125 0.01953125
0 0.474609375 0.2060546875 0.0390625 0.037109375
0 0.9482421875 0.185546875 0.037109375 0.01953125
0 0.7880859375 0.18359375 0.025390625 0.0234375
0 0.8642578125 0.1796875 0.033203125 0.0234375
0 0.7080078125 0.1767578125 0.037109375 0.025390625
0 0.6494140625 0.177734375 0.052734375 0.02734375
0 0.5 0.1640625 0.01953125 0.015625
0 0.4072265625 0.17578125 0.048828125 0.0390625
0 0.0166015625 0.1689453125 0.021484375 0.029296875
0 0.94921875 0.1640625 0.0390625 0.0234375
0 0.46484375 0.1669921875 0.02734375 0.033203125
0 0.9951171875 0.158203125 0.009765625 0.01953125
0 0.5498046875 0.162109375 0.037109375 0.02734375
0 0.822265625 0.154296875 0.015625 0.015625
0 0.3017578125 0.185546875 0.083984375 0.08984375
0 0.791015625 0.150390625 0.03125 0.0234375
0 0.5 0.14453125 0.0234375 0.015625
0 0.1416015625 0.146484375 0.029296875 0.02734375
0 0.857421875 0.1416015625 0.03515625 0.021484375
0 0.0625 0.146484375 0.02734375 0.03125
0 0.9462890625 0.1376953125 0.029296875 0.017578125
0 0.7080078125 0.1357421875 0.029296875 0.025390625
0 0.787109375 0.1201171875 0.0234375 0.025390625
0 0.5439453125 0.1181640625 0.037109375 0.021484375
0 0.1826171875 0.1181640625 0.029296875 0.025390625
0 0.9423828125 0.1142578125 0.041015625 0.021484375
0 0.3828125 0.13671875 0.0625 0.06640625
0 0.638671875 0.125 0.0390625 0.0625
0 0.6953125 0.1025390625 0.04296875 0.021484375
0 0.537109375 0.0966796875 0.04296875 0.021484375
0 0.1103515625 0.1025390625 0.033203125 0.033203125
0 0.7841796875 0.0927734375 0.029296875 0.021484375
0 0.939453125 0.08984375 0.04296875 0.0234375
0 0.2724609375 0.09375 0.029296875 0.03125
0 0.03125 0.08984375 0.02734375 0.0234375
0 0.001953125 0.09375 0.00390625 0.03125
0 0.4287109375 0.09765625 0.037109375 0.04296875
0 0.234375 0.0947265625 0.03515625 0.037109375
0 0.8486328125 0.0869140625 0.044921875 0.033203125
0 0.15234375 0.0830078125 0.03515625 0.033203125
0 0.5830078125 0.0849609375 0.041015625 0.041015625
0 0.447265625 0.0791015625 0.0234375 0.029296875
0 0.935546875 0.0654296875 0.04296875 0.021484375
0 0.9892578125 0.0703125 0.021484375 0.03515625
0 0.3037109375 0.0693359375 0.033203125 0.037109375
0 0.4775390625 0.0673828125 0.029296875 0.037109375
0 0.61328125 0.0615234375 0.03515625 0.033203125
0 0.2119140625 0.060546875 0.037109375 0.03125
0 0.7822265625 0.056640625 0.037109375 0.02734375
0 0.2470703125 0.0458984375 0.021484375 0.017578125
0 0.927734375 0.0458984375 0.03515625 0.021484375
0 0.576171875 0.0478515625 0.03125 0.025390625
0 0.0966796875 0.048828125 0.029296875 0.02734375
0 0.068359375 0.0556640625 0.0390625 0.041015625
0 0.8544921875 0.04296875 0.025390625 0.01953125
0 0.3330078125 0.052734375 0.037109375 0.0390625
0 0.5126953125 0.046875 0.029296875 0.04296875
0 0.2744140625 0.0380859375 0.025390625 0.025390625
0 0.119140625 0.0380859375 0.0234375 0.025390625
0 0.3583984375 0.0341796875 0.029296875 0.029296875
0 0.923828125 0.0234375 0.03125 0.01953125
0 0.3037109375 0.0244140625 0.025390625 0.021484375
0 0.1826171875 0.025390625 0.021484375 0.0234375
0 0.0498046875 0.025390625 0.025390625 0.0234375
0 0.1455078125 0.02734375 0.029296875 0.03125
0 0.98828125 0.01953125 0.0234375 0.0234375
0 0.7724609375 0.021484375 0.029296875 0.02734375
0 0.5478515625 0.025390625 0.033203125 0.03515625
0 0.8447265625 0.0146484375 0.033203125 0.021484375
0 0.201171875 0.0146484375 0.0234375 0.025390625
0 0.923828125 0.0068359375 0.03515625 0.013671875
0 0.6708984375 0.009765625 0.064453125 0.01953125
0 0.6044921875 0.0166015625 0.056640625 0.033203125
0 0.341796875 0.009765625 0.03125 0.01953125
0 0.251953125 0.0029296875 0.015625 0.005859375
0 0.228515625 0.0087890625 0.01953125 0.017578125
0 0.10546875 0.0029296875 0.01171875 0.005859375
0 0.0771484375 0.0107421875 0.025390625 0.021484375
0 0.0146484375 0.00390625 0.013671875 0.0078125