0 0.78515625 0.875 0.1328125 0.1640625
0 0.0361328125 0.8837890625 0.072265625 0.224609375
0 0.74609375 0.7685546875 0.0546875 0.052734375
0 0.94921875 0.69921875 0.1015625 0.08984375
0 0.7646484375 0.6572265625 0.158203125 0.107421875
0 0.3935546875 0.7177734375 0.236328125 0.228515625
0 0.908203125 0.650390625 0.0703125 0.1015625
0 0.9375 0.576171875 0.125 0.0859375
0 0.685546875 0.546875 0.06640625 0.05078125
0 0.5517578125 0.5576171875 0.158203125 0.107421875
0 0.6455078125 0.5146484375 0.033203125 0.044921875
0 0.2294921875 0.6181640625 0.294921875 0.271484375
0 0.3779296875 0.478515625 0.033203125 0.046875
0 0.703125 0.4609375 0.0625 0.0390625
0 0.9453125 0.4541015625 0.0703125 0.041015625
0 0.7724609375 0.4775390625 0.052734375 0.103515625
0 0.8427734375 0.4580078125 0.072265625 0.107421875
0 0.31640625 0.4287109375 0.1015625 0.068359375
0 0.609375 0.4091796875 0.0390625 0.056640625
0 0.67578125 0.3994140625 0.078125 0.048828125
0 0.900390625 0.388671875 0.0390625 0.03125
0 0.947265625 0.3896484375 0.0390625 0.064453125
0 0.9912109375 0.3662109375 0.017578125 0.048828125
0 0.7333984375 0.3623046875 0.041015625 0.052734375
0 0.4853515625 0.408203125 0.146484375 0.14453125
0 0.048828125 0.3232421875 0.09765625 0.076171875
0 0.8544921875 0.3271484375 0.166015625 0.095703125
0 0.6455078125 0.3095703125 0.166015625 0.095703125
0 0.2294921875 0.296875 0.166015625 0.09765625
0 0.138671875 0.24609375 0.03515625 0.046875
0 0.970703125 0.2490234375 0.05859375 0.060546875
0 0.822265625 0.2421875 0.1640625 0.09375
0 0.19921875 0.2109375 0.07421875 0.04296875
0 0.037109375 0.2314453125 0.07421875 0.083984375
0 0.4111328125 0.2294921875 0.166015625 0.095703125
0 0.2666015625 0.19921875 0.037109375 0.04296875
0 0.322265625 0.1767578125 0.0390625 0.052734375
0 0.380859375 0.1455078125 0.078125 0.048828125
0 0.5908203125 0.162109375 0.166015625 0.09375
0 0.025390625 0.140625 0.05078125 0.0625
0 0.447265625 0.1298828125 0.03515625 0.044921875
0 0.72265625 0.1044921875 0.0859375 0.068359375
0 0.14453125 0.1240234375 0.15625 0.107421875
0 0.3564453125 0.07421875 0.076171875 0.05859375
0 0.5615234375 0.0849609375 0.166015625 0.095703125
0 0.28125 0.064453125 0.05859375 0.10546875
0 0.412109375 0.0390625 0.04296875 0.06640625
0 0.599609375 0.00390625 0.01953125 0.0078125
0 0.5537109375 0.015625 0.068359375 0.03125
0 0.4716796875 0.0234375 0.029296875 0.046875
0 0.2509765625 0.0029296875 0.013671875 0.005859375
0 0.158203125 0.044921875 0.14453125 0.08984375