0 0.7080078125 0.9794921875 0.044921875 0.041015625
0 0.357421875 0.91015625 0.21875 0.0859375
0 0.2119140625 0.8544921875 0.107421875 0.056640625
0 0.6865234375 0.87109375 0.076171875 0.1015625
0 0.0595703125 0.8154296875 0.068359375 0.052734375
0 0.7763671875 0.8251953125 0.103515625 0.130859375
0 0.2890625 0.7900390625 0.109375 0.103515625
0 0.6474609375 0.7451171875 0.080078125 0.080078125
0 0.5166015625 0.830078125 0.248046875 0.26953125
0 0.6513671875 0.6943359375 0.037109375 0.025390625
0 0.3955078125 0.7138671875 0.064453125 0.064453125
0 0.6455078125 0.6689453125 0.037109375 0.025390625
0 0.642578125 0.6474609375 0.03125 0.021484375
0 0.583984375 0.6513671875 0.03515625 0.037109375
0 0.771484375 0.6591796875 0.0703125 0.068359375
0 0.3349609375 0.6630859375 0.099609375 0.095703125
0 0.6376953125 0.623046875 0.033203125 0.02734375
0 0.1376953125 0.6376953125 0.068359375 0.060546875
0 0.8603515625 0.64453125 0.095703125 0.0859375
0 0.236328125 0.6708984375 0.11328125 0.154296875
0 0.720703125 0.578125 0.046875 0.05078125
0 0.0068359375 0.541015625 0.013671875 0.03515625
0 0.6005859375 0.5546875 0.064453125 0.0703125
0 0.369140625 0.564453125 0.08203125 0.08984375
0 0.3369140625 0.5166015625 0.029296875 0.025390625
0 0.7470703125 0.525390625 0.056640625 0.05859375
0 0.12890625 0.490234375 0.0234375 0.03125
0 0.13671875 0.439453125 0.0625 0.0625
0 0.576171875 0.4267578125 0.08203125 0.087890625
0 0.5751953125 0.3720703125 0.041015625 0.025390625
0 0.1044921875 0.3828125 0.169921875 0.140625
0 0.5419921875 0.2822265625 0.056640625 0.029296875
0 0.529296875 0.2236328125 0.02734375 0.041015625
0 0.763671875 0.3125 0.265625 0.23046875
0 0.0771484375 0.2041015625 0.154296875 0.185546875
0 0.3701171875 0.2001953125 0.263671875 0.240234375
0 0.5107421875 0.087890625 0.041015625 0.0625
0 0.4990234375 0.021484375 0.025390625 0.0234375
0 0.4716796875 0.0283203125 0.048828125 0.056640625
0 0.0478515625 0.0029296875 0.009765625 0.005859375
0 0.037109375 0.0029296875 0.0078125 0.005859375