0 0.9541015625 0.8310546875 0.091796875 0.076171875
0 0.2734375 0.720703125 0.03515625 0.03515625
0 0.1484375 0.7607421875 0.1171875 0.150390625
0 0.38671875 0.7177734375 0.19921875 0.154296875
0 0.0673828125 0.7080078125 0.130859375 0.169921875
0 0.4248046875 0.65234375 0.216796875 0.1640625
0 0.0224609375 0.5986328125 0.044921875 0.076171875
0 0.1669921875 0.6357421875 0.158203125 0.169921875
0 0.568359375 0.548828125 0.07421875 0.078125
0 0.44921875 0.5361328125 0.140625 0.107421875
0 0.501953125 0.494140625 0.06640625 0.0703125
0 0.4296875 0.4423828125 0.05859375 0.072265625
0 0.1611328125 0.4921875 0.275390625 0.22265625
0 0.3671875 0.3955078125 0.08203125 0.111328125
0 0.55078125 0.3798828125 0.11328125 0.119140625
0 0.6572265625 0.3916015625 0.177734375 0.228515625
0 0.4462890625 0.3203125 0.099609375 0.10546875
0 0.28125 0.326171875 0.140625 0.1328125
0 0.38671875 0.2685546875 0.04296875 0.052734375
0 0.6318359375 0.22265625 0.138671875 0.16796875
0 0.291015625 0.1806640625 0.125 0.126953125
0 0.7109375 0.111328125 0.125 0.1015625
0 0.3271484375 0.0654296875 0.087890625 0.080078125
0 0.4072265625 0.099609375 0.138671875 0.19140625
0 0.564453125 0.150390625 0.20703125 0.30078125
0 0.4990234375 0.126953125 0.193359375 0.25390625
0 0.38671875 0.009765625 0.04296875 0.01953125