0 0.3818359375 0.9970703125 0.009765625 0.005859375
0 0.9736328125 0.99609375 0.021484375 0.0078125
0 0.30078125 0.99609375 0.0234375 0.0078125
0 0.7607421875 0.9951171875 0.029296875 0.009765625
0 0.3330078125 0.9951171875 0.013671875 0.009765625
0 0.9365234375 0.994140625 0.029296875 0.01171875
0 0.021484375 0.994140625 0.02734375 0.01171875
0 0.490234375 0.9931640625 0.0234375 0.013671875
0 0.8837890625 0.9921875 0.021484375 0.015625
0 0.1650390625 0.9921875 0.025390625 0.015625
0 0.001953125 0.982421875 0.00390625 0.0078125
0 0.7919921875 0.98828125 0.033203125 0.0234375
0 0.5146484375 0.986328125 0.025390625 0.02734375
0 0.41015625 0.986328125 0.03515625 0.02734375
0 0.552734375 0.982421875 0.03515625 0.03125
0 0.9287109375 0.97265625 0.017578125 0.015625
0 0.82421875 0.978515625 0.03125 0.02734375
0 0.119140625 0.978515625 0.0234375 0.02734375
0 0.6630859375 0.9677734375 0.029296875 0.021484375
0 0.6220703125 0.9677734375 0.021484375 0.021484375
0 0.1435546875 0.978515625 0.029296875 0.04296875
0 0.587890625 0.96875 0.02734375 0.02734375
0 0.4384765625 0.9658203125 0.029296875 0.025390625
0 0.2158203125 0.9580078125 0.017578125 0.017578125
0 0.3095703125 0.95703125 0.021484375 0.01953125
0 0.0703125 0.958984375 0.0234375 0.02734375
0 0.947265625 0.955078125 0.02734375 0.0234375
0 0.46484375 0.9541015625 0.0234375 0.025390625
0 0.701171875 0.9375 0.02734375 0.015625
0 0.240234375 0.9384765625 0.0390625 0.025390625
0 0.318359375 0.9287109375 0.0234375 0.021484375
0 0.0439453125 0.935546875 0.033203125 0.04296875
0 0.990234375 0.916015625 0.01953125 0.02734375
0 0.0107421875 0.9130859375 0.021484375 0.025390625
0 0.533203125 0.916015625 0.0390625 0.03515625
0 0.615234375 0.908203125 0.01953125 0.0234375
0 0.6474609375 0.9033203125 0.021484375 0.021484375
0 0.5751953125 0.90625 0.033203125 0.03515625
0 0.716796875 0.8916015625 0.01953125 0.021484375
0 0.9345703125 0.8935546875 0.025390625 0.029296875
0 0.3232421875 0.8916015625 0.025390625 0.029296875
0 0.25 0.8984375 0.046875 0.0546875
0 0.20703125 0.875 0.02734375 0.0234375
0 0.171875 0.861328125 0.03125 0.03125
0 0.7197265625 0.8486328125 0.033203125 0.025390625
0 0.3349609375 0.8466796875 0.029296875 0.033203125
0 0.12890625 0.837890625 0.03125 0.03125
0 0.232421875 0.8203125 0.0234375 0.0234375
0 0.2578125 0.8154296875 0.01953125 0.017578125
0 0.283203125 0.8095703125 0.02734375 0.025390625
0 0.6416015625 0.8046875 0.041015625 0.0390625
0 0.1865234375 0.7939453125 0.029296875 0.033203125
0 0.361328125 0.7734375 0.03125 0.02734375
0 0.080078125 0.7841796875 0.0390625 0.048828125
0 0.7421875 0.76171875 0.03515625 0.02734375
0 0.21484375 0.7646484375 0.0234375 0.037109375
0 0.2978515625 0.74609375 0.033203125 0.03125
0 0.931640625 0.728515625 0.01953125 0.015625
0 0.388671875 0.734375 0.02734375 0.02734375
0 0.2490234375 0.7333984375 0.029296875 0.025390625
0 0.677734375 0.7373046875 0.03125 0.041015625
0 0.17578125 0.7265625 0.0546875 0.03125
0 0.2197265625 0.724609375 0.029296875 0.03125
0 0.767578125 0.7177734375 0.02734375 0.025390625
0 0.9052734375 0.712890625 0.048828125 0.03515625
0 0.322265625 0.6923828125 0.03515625 0.029296875
0 0.416015625 0.6865234375 0.03125 0.033203125
0 0.125 0.6845703125 0.04296875 0.033203125
0 0.447265625 0.666015625 0.02734375 0.0234375
0 0.0791015625 0.6708984375 0.033203125 0.033203125
0 0.30859375 0.6630859375 0.01953125 0.021484375
0 0.990234375 0.662109375 0.01953125 0.02734375
0 0.2587890625 0.6650390625 0.033203125 0.033203125
0 0.6923828125 0.666015625 0.041015625 0.0390625
0 0.490234375 0.6513671875 0.02734375 0.017578125
0 0.7685546875 0.65234375 0.041015625 0.03125
0 0.349609375 0.6533203125 0.03515625 0.041015625
0 0.2236328125 0.650390625 0.033203125 0.03515625
0 0.8505859375 0.6416015625 0.029296875 0.025390625
0 0.0146484375 0.642578125 0.029296875 0.03515625
0 0.1875 0.63671875 0.03125 0.02734375
0 0.892578125 0.6318359375 0.02734375 0.021484375
0 0.564453125 0.634765625 0.01953125 0.0390625
0 0.154296875 0.62109375 0.03515625 0.02734375
0 0.64453125 0.61328125 0.046875 0.04296875
0 0.1162109375 0.5986328125 0.029296875 0.033203125
0 0.4326171875 0.5927734375 0.025390625 0.033203125
0 0.0625 0.5859375 0.0390625 0.03515625
0 0.0146484375 0.5654296875 0.029296875 0.033203125
0 0.5771484375 0.548828125 0.025390625 0.01953125
0 0.986328125 0.544921875 0.0234375 0.02734375
0 0.861328125 0.5380859375 0.015625 0.017578125
0 0.4150390625 0.533203125 0.025390625 0.01953125
0 0.5732421875 0.51953125 0.025390625 0.02734375
0 0.6279296875 0.515625 0.021484375 0.02734375
0 0.876953125 0.5029296875 0.0234375 0.017578125
0 0.83984375 0.50390625 0.03125 0.03515625
0 0.9345703125 0.49609375 0.017578125 0.02734375
0 0.9609375 0.4912109375 0.01953125 0.025390625
0 0.5634765625 0.4716796875 0.025390625 0.021484375
0 0.50390625 0.435546875 0.0234375 0.02734375
0 0.009765625 0.3955078125 0.01953125 0.021484375
0 0.5947265625 0.373046875 0.025390625 0.03515625
0 0.501953125 0.365234375 0.0234375 0.04296875
0 0.427734375 0.328125 0.03125 0.0390625
0 0.029296875 0.3271484375 0.03125 0.037109375
0 0.44140625 0.2958984375 0.01953125 0.021484375
0 0.5947265625 0.2958984375 0.033203125 0.037109375
0 0.0048828125 0.2607421875 0.009765625 0.025390625
0 0.54296875 0.251953125 0.03125 0.03515625
0 0.056640625 0.23046875 0.03125 0.03125
0 0.140625 0.228515625 0.046875 0.0390625
0 0.0322265625 0.177734375 0.029296875 0.0390625
0 0.10546875 0.166015625 0.03515625 0.03515625
0 0.015625 0.126953125 0.03125 0.03515625
0 0.0810546875 0.126953125 0.029296875 0.0390625
0 0.0712890625 0.0927734375 0.037109375 0.033203125
0 0.0517578125 0.0498046875 0.037109375 0.029296875
0 0.095703125 0.001953125 0.0078125 0.00390625
0 0.048828125 0.0029296875 0.01953125 0.005859375