0 0.787109375 0.966796875 0.06640625 0.0546875
0 0.1396484375 0.80078125 0.072265625 0.08203125
0 0.78515625 0.767578125 0.01953125 0.02734375
0 0.69140625 0.759765625 0.0859375 0.046875
0 0.8095703125 0.7548828125 0.025390625 0.048828125
0 0.76953125 0.7353515625 0.0234375 0.021484375
0 0.0654296875 0.8017578125 0.130859375 0.158203125
0 0.306640625 0.759765625 0.08203125 0.08984375
0 0.4873046875 0.7529296875 0.076171875 0.087890625
0 0.802734375 0.7109375 0.03125 0.01953125
0 0.5751953125 0.744140625 0.080078125 0.08984375
0 0.259765625 0.7490234375 0.0859375 0.119140625
0 0.9892578125 0.7255859375 0.021484375 0.083984375
0 0.0322265625 0.7119140625 0.064453125 0.083984375
0 0.2265625 0.6943359375 0.07421875 0.080078125
0 0.9169921875 0.7060546875 0.083984375 0.123046875
0 0.4873046875 0.7177734375 0.255859375 0.166015625
0 0.0107421875 0.6494140625 0.021484375 0.029296875
0 0.6953125 0.6728515625 0.1015625 0.080078125
0 0.8056640625 0.6533203125 0.025390625 0.048828125
0 0.18359375 0.6640625 0.078125 0.0859375
0 0.4580078125 0.603515625 0.013671875 0.0234375
0 0.373046875 0.650390625 0.12109375 0.1171875
0 0.1103515625 0.6181640625 0.087890625 0.091796875
0 0.79296875 0.5849609375 0.04296875 0.029296875
0 0.7509765625 0.580078125 0.021484375 0.02734375
0 0.87890625 0.5810546875 0.0234375 0.033203125
0 0.8544921875 0.58203125 0.021484375 0.03515625
0 0.5283203125 0.5732421875 0.037109375 0.033203125
0 0.998046875 0.5712890625 0.00390625 0.033203125
0 0.908203125 0.5673828125 0.02734375 0.029296875
0 0.861328125 0.55078125 0.03125 0.015625
0 0.8046875 0.5498046875 0.01953125 0.021484375
0 0.517578125 0.5439453125 0.01953125 0.013671875
0 0.5537109375 0.5439453125 0.013671875 0.021484375
0 0.4091796875 0.564453125 0.064453125 0.06640625
0 0.6865234375 0.564453125 0.091796875 0.07421875
0 0.751953125 0.537109375 0.02734375 0.0234375
0 0.955078125 0.5595703125 0.06640625 0.072265625
0 0.8603515625 0.5283203125 0.033203125 0.013671875
0 0.5234375 0.5263671875 0.02734375 0.017578125
0 0.2861328125 0.576171875 0.111328125 0.1171875
0 0.8037109375 0.5263671875 0.021484375 0.021484375
0 0.7021484375 0.52734375 0.060546875 0.02734375
0 0.0703125 0.544921875 0.0625 0.0625
0 0.3896484375 0.505859375 0.025390625 0.015625
0 0.6953125 0.4931640625 0.1171875 0.029296875
0 0.017578125 0.50390625 0.03515625 0.07421875
0 0.541015625 0.46484375 0.015625 0.01953125
0 0.662109375 0.4609375 0.0234375 0.015625
0 0.865234375 0.4677734375 0.02734375 0.037109375
0 0.9140625 0.4638671875 0.0546875 0.033203125
0 0.3359375 0.4892578125 0.0390625 0.083984375
0 0.9638671875 0.46484375 0.025390625 0.0390625
0 0.41796875 0.453125 0.0234375 0.015625
0 0.283203125 0.458984375 0.02734375 0.03125
0 0.99609375 0.4580078125 0.0078125 0.037109375
0 0.1826171875 0.482421875 0.123046875 0.12109375
0 0.51953125 0.455078125 0.02734375 0.0703125
0 0.3984375 0.4541015625 0.046875 0.068359375
0 0.6650390625 0.423828125 0.033203125 0.0234375
0 0.462890625 0.51171875 0.05078125 0.203125
0 0.3310546875 0.4140625 0.033203125 0.02734375
0 0.6484375 0.400390625 0.0234375 0.01953125
0 0.5302734375 0.3916015625 0.044921875 0.021484375
0 0.2119140625 0.40234375 0.037109375 0.04296875
0 0.0625 0.392578125 0.125 0.109375
0 0.2529296875 0.3486328125 0.021484375 0.037109375
0 0.1767578125 0.359375 0.068359375 0.0625
0 0.3330078125 0.353515625 0.037109375 0.06640625
0 0.5185546875 0.34765625 0.029296875 0.06640625
0 0.2529296875 0.3173828125 0.021484375 0.021484375
0 0.0244140625 0.3349609375 0.048828125 0.060546875
0 0.392578125 0.353515625 0.0390625 0.1015625
0 0.724609375 0.3974609375 0.17578125 0.193359375
0 0.5888671875 0.4501953125 0.052734375 0.306640625
0 0.4599609375 0.3388671875 0.041015625 0.087890625
0 0.10546875 0.2802734375 0.015625 0.025390625
0 0.20703125 0.310546875 0.03125 0.08984375
0 0.1611328125 0.2861328125 0.080078125 0.041015625
0 0.0615234375 0.275390625 0.025390625 0.0234375
0 0.380859375 0.2783203125 0.01953125 0.033203125
0 0.2919921875 0.279296875 0.111328125 0.03515625
0 0.41796875 0.2763671875 0.05078125 0.033203125
0 0.53515625 0.283203125 0.07421875 0.05078125
0 0.4619140625 0.275390625 0.029296875 0.03515625
0 0.1962890625 0.2265625 0.021484375 0.01953125
0 0.244140625 0.216796875 0.06640625 0.0390625
0 0.0185546875 0.2236328125 0.037109375 0.056640625
0 0.5361328125 0.2099609375 0.068359375 0.033203125
0 0.435546875 0.2109375 0.078125 0.04296875
0 0.13671875 0.21484375 0.07421875 0.05078125
0 0.455078125 0.1845703125 0.03515625 0.029296875
0 0.1865234375 0.1923828125 0.044921875 0.044921875
0 0.3818359375 0.1875 0.025390625 0.09375
0 0.2421875 0.15625 0.09375 0.0703125
0 0.5146484375 0.1494140625 0.056640625 0.076171875
0 0.5859375 0.1650390625 0.0390625 0.119140625
0 0.400390625 0.1181640625 0.03515625 0.037109375
0 0.0302734375 0.13671875 0.060546875 0.1015625
0 0.3115234375 0.154296875 0.076171875 0.1640625
0 0.99609375 0.0693359375 0.0078125 0.025390625
0 0.455078125 0.1123046875 0.0390625 0.111328125
0 0.953125 0.06640625 0.0234375 0.02734375
0 0.5146484375 0.076171875 0.037109375 0.0546875
0 0.3837890625 0.06640625 0.033203125 0.04296875
0 0.974609375 0.044921875 0.015625 0.01953125
0 0.42578125 0.0419921875 0.0390625 0.044921875
0 0.51171875 0.02734375 0.03515625 0.02734375
0 0.2119140625 0.0341796875 0.037109375 0.041015625
0 0.2548828125 0.048828125 0.080078125 0.078125
0 0.4599609375 0.029296875 0.025390625 0.05078125
0 0.7666015625 0.037109375 0.025390625 0.0703125
0 0.9970703125 0.01953125 0.005859375 0.0390625
0 0.953125 0.01953125 0.0234375 0.0390625
0 0.8759765625 0.0400390625 0.091796875 0.080078125
0 0.8466796875 0.0224609375 0.033203125 0.044921875
0 0.78125 0.0498046875 0.05078125 0.099609375
0 0.68359375 0.099609375 0.10546875 0.19921875
0 0.5830078125 0.0283203125 0.037109375 0.056640625
0 0.5078125 0.00390625 0.02734375 0.0078125
0 0.1845703125 0.0185546875 0.044921875 0.037109375
0 0.1552734375 0.0068359375 0.029296875 0.013671875
0 0.0107421875 0.01171875 0.021484375 0.0234375