0 0.83984375 0.9423828125 0.1328125 0.115234375
0 0.8701171875 0.837890625 0.068359375 0.06640625
0 0.9560546875 0.8017578125 0.041015625 0.041015625
0 0.978515625 0.7744140625 0.04296875 0.044921875
0 0.9912109375 0.7392578125 0.017578125 0.037109375
0 0.181640625 0.3984375 0.1484375 0.1953125
0 0.072265625 0.361328125 0.14453125 0.28125
0 0.017578125 0.23046875 0.03515625 0.04296875
0 0.234375 0.1884765625 0.1171875 0.162109375
0 0.146484375 0.1259765625 0.15234375 0.162109375
0 0.662109375 0.4658203125 0.67578125 0.865234375
0 0.0693359375 0.0849609375 0.095703125 0.130859375