0 0.453125 0.9931640625 0.0234375 0.013671875
0 0.6494140625 0.990234375 0.037109375 0.01953125
0 0.51953125 0.986328125 0.0546875 0.02734375
0 0.00390625 0.927734375 0.0078125 0.01953125
0 0.6923828125 0.951171875 0.091796875 0.09765625
0 0.4423828125 0.9306640625 0.103515625 0.103515625
0 0.00390625 0.87109375 0.0078125 0.015625
0 0.5869140625 0.9150390625 0.068359375 0.111328125
0 0.3486328125 0.8486328125 0.138671875 0.123046875
0 0.6962890625 0.8271484375 0.150390625 0.166015625
0 0.5185546875 0.796875 0.162109375 0.12890625
0 0.21875 0.7431640625 0.05859375 0.056640625
0 0.296875 0.736328125 0.09765625 0.109375
0 0.44921875 0.7041015625 0.0859375 0.064453125
0 0.732421875 0.6904296875 0.06640625 0.111328125
0 0.2333984375 0.6650390625 0.048828125 0.080078125
0 0.18359375 0.654296875 0.0234375 0.05859375
0 0.1044921875 0.640625 0.025390625 0.03515625
0 0.6279296875 0.6826171875 0.138671875 0.123046875
0 0.146484375 0.6357421875 0.03125 0.033203125
0 0.3642578125 0.650390625 0.083984375 0.09375
0 0.2587890625 0.5576171875 0.044921875 0.056640625
0 0.388671875 0.5478515625 0.140625 0.123046875
0 0.1064453125 0.4951171875 0.033203125 0.017578125
0 0.607421875 0.53125 0.15234375 0.1171875
0 0.2607421875 0.4931640625 0.048828125 0.060546875
0 0.111328125 0.462890625 0.04296875 0.02734375
0 0.03125 0.4375 0.03125 0.01953125
0 0.3671875 0.43359375 0.05859375 0.06640625
0 0.271484375 0.4287109375 0.0625 0.060546875
0 0.0185546875 0.408203125 0.033203125 0.02734375
0 0.1044921875 0.404296875 0.033203125 0.03515625
0 0.4833984375 0.44921875 0.119140625 0.1328125
0 0.7041015625 0.4580078125 0.095703125 0.162109375
0 0.1044921875 0.3701171875 0.037109375 0.025390625
0 0.0166015625 0.373046875 0.033203125 0.03125
0 0.287109375 0.36328125 0.09765625 0.06640625
0 0.5166015625 0.3720703125 0.130859375 0.091796875
0 0.103515625 0.3271484375 0.03515625 0.017578125
0 0.0234375 0.3232421875 0.046875 0.017578125
0 0.63671875 0.376953125 0.09375 0.1484375
0 0.103515625 0.3076171875 0.03515625 0.017578125
0 0.0283203125 0.3037109375 0.037109375 0.013671875
0 0.1005859375 0.2890625 0.037109375 0.015625
0 0.318359375 0.3203125 0.08984375 0.08203125
0 0.033203125 0.2783203125 0.0234375 0.025390625
0 0.1005859375 0.2685546875 0.037109375 0.017578125
0 0.4775390625 0.271484375 0.064453125 0.0625
0 0.37890625 0.2705078125 0.10546875 0.064453125
0 0.6591796875 0.271484375 0.154296875 0.078125
0 0.1025390625 0.2451171875 0.041015625 0.025390625
0 0.033203125 0.24609375 0.0234375 0.02734375
0 0.193359375 0.201171875 0.03125 0.015625
0 0.447265625 0.1982421875 0.01953125 0.017578125
0 0.1318359375 0.197265625 0.048828125 0.02734375
0 0.091796875 0.1982421875 0.0234375 0.029296875
0 0.51953125 0.19140625 0.03515625 0.02734375
0 0.66015625 0.1865234375 0.046875 0.025390625
0 0.3037109375 0.19140625 0.048828125 0.03515625
0 0.1923828125 0.181640625 0.029296875 0.015625
0 0.724609375 0.173828125 0.03515625 0.0234375
0 0.2373046875 0.1787109375 0.021484375 0.037109375
0 0.3583984375 0.1669921875 0.021484375 0.017578125
0 0.1015625 0.169921875 0.046875 0.0234375
0 0.3935546875 0.1826171875 0.056640625 0.052734375
0 0.4482421875 0.1630859375 0.021484375 0.017578125
0 0.484375 0.1611328125 0.0234375 0.017578125
0 0.1904296875 0.1611328125 0.029296875 0.017578125
0 0.6083984375 0.16015625 0.033203125 0.01953125
0 0.234375 0.150390625 0.0234375 0.015625
0 0.138671875 0.158203125 0.03515625 0.03515625
0 0.5263671875 0.1533203125 0.021484375 0.029296875
0 0.1904296875 0.1416015625 0.029296875 0.017578125
0 0.0927734375 0.1416015625 0.029296875 0.017578125
0 0.4130859375 0.138671875 0.017578125 0.015625
0 0.60546875 0.1357421875 0.0234375 0.021484375
0 0.228515625 0.1328125 0.03125 0.015625
0 0.142578125 0.12890625 0.0234375 0.015625
0 0.5263671875 0.126953125 0.021484375 0.015625
0 0.4462890625 0.126953125 0.021484375 0.015625
0 0.0234375 0.158203125 0.046875 0.078125
0 0.36328125 0.134765625 0.03125 0.04296875
0 0.232421875 0.115234375 0.0234375 0.015625
0 0.3115234375 0.1279296875 0.052734375 0.044921875
0 0.0927734375 0.1181640625 0.029296875 0.025390625
0 0.462890625 0.109375 0.01953125 0.015625
0 0.5576171875 0.111328125 0.033203125 0.02734375
0 0.5263671875 0.1064453125 0.021484375 0.017578125
0 0.486328125 0.1181640625 0.01953125 0.041015625
0 0.6142578125 0.1044921875 0.009765625 0.017578125
0 0.5966796875 0.1044921875 0.017578125 0.017578125
0 0.6943359375 0.1201171875 0.087890625 0.052734375
0 0.2314453125 0.095703125 0.021484375 0.015625
0 0.1357421875 0.0888671875 0.017578125 0.037109375
0 0.1875 0.0810546875 0.02734375 0.029296875
0 0.962890625 0.103515625 0.0625 0.078125
0 0.0986328125 0.0771484375 0.044921875 0.052734375
0 0.45703125 0.046875 0.0234375 0.0234375
0 0.58203125 0.037109375 0.03515625 0.015625
0 0.685546875 0.0361328125 0.0234375 0.021484375
0 0.263671875 0.03125 0.015625 0.0234375
0 0.662109375 0.0322265625 0.02734375 0.029296875
0 0.51171875 0.0302734375 0.03515625 0.033203125
0 0.2490234375 0.021484375 0.021484375 0.03125
0 0.6025390625 0.015625 0.021484375 0.0234375
0 0.345703125 0.0283203125 0.05078125 0.048828125
0 0.716796875 0.013671875 0.0546875 0.02734375
0 0.634765625 0.0185546875 0.04296875 0.037109375
0 0.5498046875 0.013671875 0.048828125 0.02734375
0 0.498046875 0.0107421875 0.03515625 0.021484375
0 0.4306640625 0.015625 0.037109375 0.03125
0 0.318359375 0.0048828125 0.015625 0.009765625
0 0.2900390625 0.017578125 0.037109375 0.03515625
0 0.2109375 0.0146484375 0.0390625 0.029296875
0 0.1630859375 0.0087890625 0.025390625 0.017578125
0 0.142578125 0.005859375 0.015625 0.01171875