0 0.0947265625 0.994140625 0.017578125 0.01171875
0 0.046875 0.994140625 0.01953125 0.01171875
0 0.1875 0.9873046875 0.015625 0.013671875
0 0.24609375 0.98828125 0.0390625 0.0234375
0 0.1484375 0.9765625 0.01953125 0.015625
0 0.1806640625 0.966796875 0.017578125 0.015625
0 0.1435546875 0.9560546875 0.017578125 0.013671875
0 0.0078125 0.9560546875 0.015625 0.017578125
0 0.2314453125 0.9501953125 0.017578125 0.013671875
0 0.0458984375 0.943359375 0.025390625 0.01953125
0 0.0849609375 0.939453125 0.025390625 0.01953125
0 0.142578125 0.93359375 0.01953125 0.015625
0 0.171875 0.927734375 0.015625 0.01171875
0 0.2255859375 0.92578125 0.017578125 0.015625
0 0.138671875 0.9130859375 0.01953125 0.017578125
0 0.1669921875 0.9052734375 0.017578125 0.013671875
0 0.08203125 0.9091796875 0.02734375 0.021484375
0 0.00390625 0.90234375 0.0078125 0.01171875
0 0.2216796875 0.9013671875 0.017578125 0.013671875
0 0.1357421875 0.888671875 0.021484375 0.015625
0 0.166015625 0.884765625 0.015625 0.015625
0 0.0380859375 0.890625 0.021484375 0.02734375
0 0.2255859375 0.8779296875 0.017578125 0.013671875
0 0.0751953125 0.8779296875 0.025390625 0.017578125
0 0.1328125 0.869140625 0.01953125 0.015625
0 0.162109375 0.86328125 0.01953125 0.015625
0 0.2158203125 0.857421875 0.021484375 0.015625
0 0.25 0.8447265625 0.01953125 0.013671875
0 0.03125 0.8310546875 0.0234375 0.021484375
0 0.06640625 0.8251953125 0.02734375 0.025390625
0 0.0029296875 0.814453125 0.005859375 0.0234375
0 0.21875 0.79296875 0.03125 0.01953125
0 0.1328125 0.7998046875 0.0546875 0.037109375
0 0.05859375 0.7880859375 0.02734375 0.021484375
0 0.4384765625 0.8427734375 0.076171875 0.158203125
0 0.21484375 0.7626953125 0.03515625 0.021484375
0 0.0546875 0.755859375 0.02734375 0.0234375
0 0.130859375 0.7529296875 0.046875 0.041015625
0 0.220703125 0.732421875 0.04296875 0.02734375
0 0.0517578125 0.7255859375 0.029296875 0.021484375
0 0.2099609375 0.7001953125 0.033203125 0.021484375
0 0.04296875 0.6884765625 0.0234375 0.029296875
0 0.1044921875 0.6845703125 0.017578125 0.025390625
0 0.1337890625 0.6796875 0.017578125 0.0234375
0 0.1650390625 0.6767578125 0.029296875 0.025390625
0 0.2099609375 0.66015625 0.029296875 0.03125
0 0.1064453125 0.6455078125 0.029296875 0.021484375
0 0.0361328125 0.6376953125 0.029296875 0.037109375
0 0.0068359375 0.626953125 0.013671875 0.01953125
0 0.2001953125 0.6162109375 0.029296875 0.021484375
0 0.0966796875 0.6123046875 0.029296875 0.017578125
0 0.4208984375 0.6123046875 0.025390625 0.037109375
0 0.0048828125 0.5771484375 0.009765625 0.017578125
0 0.03515625 0.568359375 0.015625 0.01953125
0 0.1240234375 0.5556640625 0.025390625 0.017578125
0 0.15625 0.5537109375 0.0234375 0.017578125
0 0.193359375 0.548828125 0.015625 0.015625
0 0.0859375 0.548828125 0.01953125 0.03515625
0 0.24609375 0.533203125 0.03515625 0.02734375
0 0.0224609375 0.51953125 0.021484375 0.01953125
0 0.0869140625 0.505859375 0.017578125 0.01953125
0 0.771484375 0.4970703125 0.0234375 0.025390625
0 0.201171875 0.501953125 0.04296875 0.0390625
0 0.267578125 0.4921875 0.015625 0.02734375
0 0.02734375 0.482421875 0.015625 0.01953125
0 0.1005859375 0.4697265625 0.025390625 0.029296875
0 0.9609375 0.4716796875 0.078125 0.076171875
0 0.0400390625 0.447265625 0.025390625 0.02734375
0 0.1201171875 0.443359375 0.025390625 0.02734375
0 0.0537109375 0.4208984375 0.025390625 0.029296875
0 0.1318359375 0.4150390625 0.025390625 0.025390625
0 0.197265625 0.4033203125 0.02734375 0.029296875
0 0.2451171875 0.4130859375 0.052734375 0.060546875
0 0.0625 0.388671875 0.03125 0.02734375
0 0.1435546875 0.3828125 0.029296875 0.02734375
0 0.005859375 0.3798828125 0.01171875 0.021484375
0 0.0830078125 0.3720703125 0.025390625 0.021484375
0 0.1591796875 0.361328125 0.025390625 0.0234375
0 0.09765625 0.3525390625 0.01953125 0.017578125
0 0.01171875 0.35546875 0.0234375 0.02734375
0 0.11328125 0.330078125 0.0234375 0.0234375
0 0.0185546875 0.3271484375 0.033203125 0.033203125
0 0.18359375 0.322265625 0.03125 0.0390625
0 0.03125 0.3046875 0.03125 0.02734375
0 0.140625 0.2958984375 0.02734375 0.029296875
0 0.0458984375 0.283203125 0.033203125 0.02734375
0 0.119140625 0.2802734375 0.02734375 0.029296875
0 0.0947265625 0.26171875 0.029296875 0.03125
0 0.0673828125 0.255859375 0.041015625 0.03125
0 0.9853515625 0.2216796875 0.029296875 0.087890625
0 0.0263671875 0.1875 0.033203125 0.03515625
0 0.01171875 0.171875 0.0234375 0.0390625
0 0.013671875 0.0537109375 0.02734375 0.044921875
0 0.0185546875 0.0166015625 0.037109375 0.033203125