0 0.0244140625 0.9873046875 0.048828125 0.025390625
0 0.1015625 0.984375 0.05078125 0.03125
0 0.61328125 0.9736328125 0.09765625 0.052734375
0 0.7353515625 0.97265625 0.099609375 0.0546875
0 0.5146484375 0.919921875 0.115234375 0.1015625
0 0.8193359375 0.923828125 0.166015625 0.12890625
0 0.5771484375 0.8974609375 0.068359375 0.076171875
0 0.38671875 0.92578125 0.23046875 0.1484375
0 0.7197265625 0.888671875 0.138671875 0.12109375
0 0.0517578125 0.8681640625 0.103515625 0.146484375
0 0.83203125 0.818359375 0.0546875 0.05859375
0 0.4775390625 0.833984375 0.181640625 0.125
0 0.6396484375 0.8310546875 0.134765625 0.123046875
0 0.2265625 0.83203125 0.17578125 0.171875
0 0.77734375 0.7822265625 0.0703125 0.076171875
0 0.3681640625 0.7666015625 0.107421875 0.091796875
0 0.5263671875 0.7548828125 0.123046875 0.083984375
0 0.708984375 0.7412109375 0.09765625 0.087890625
0 0.197265625 0.734375 0.14453125 0.07421875
0 0.7373046875 0.68359375 0.091796875 0.078125
0 0.181640625 0.6845703125 0.1484375 0.087890625
0 0.421875 0.68359375 0.1328125 0.1171875
0 0.05078125 0.6943359375 0.1015625 0.146484375
0 0.052734375 0.6279296875 0.0390625 0.060546875
0 0.6142578125 0.6640625 0.158203125 0.13671875
0 0.7509765625 0.5986328125 0.083984375 0.083984375
0 0.0107421875 0.5625 0.021484375 0.046875
0 0.041015625 0.5517578125 0.02734375 0.056640625
0 0.5390625 0.5927734375 0.13671875 0.150390625
0 0.970703125 0.5966796875 0.05859375 0.169921875
0 0.70703125 0.52734375 0.140625 0.05859375
0 0.1640625 0.572265625 0.14453125 0.16796875
0 0.3330078125 0.5595703125 0.240234375 0.251953125
0 0.4736328125 0.4658203125 0.087890625 0.115234375
0 0.5810546875 0.44921875 0.072265625 0.09765625
0 0.7080078125 0.4326171875 0.130859375 0.103515625
0 0.2099609375 0.4091796875 0.083984375 0.080078125
0 0.111328125 0.404296875 0.125 0.10546875
0 0.2822265625 0.390625 0.052734375 0.08984375
0 0.3603515625 0.35546875 0.076171875 0.05078125
0 0.9521484375 0.3779296875 0.095703125 0.099609375
0 0.3837890625 0.3779296875 0.146484375 0.099609375
0 0.5146484375 0.3544921875 0.111328125 0.083984375
0 0.1875 0.318359375 0.05859375 0.0625
0 0.3955078125 0.287109375 0.322265625 0.078125
0 0.142578125 0.2333984375 0.0703125 0.060546875
0 0.65625 0.2783203125 0.15625 0.173828125
0 0.939453125 0.2177734375 0.12109375 0.095703125
0 0.3779296875 0.193359375 0.333984375 0.078125
0 0.609375 0.15234375 0.1015625 0.09375
0 0.3740234375 0.12109375 0.322265625 0.078125
0 0.375 0.0390625 0.22265625 0.078125
0 0.12890625 0.064453125 0.18359375 0.12890625
0 0.0400390625 0.00390625 0.017578125 0.0078125