0 0.0458984375 0.990234375 0.025390625 0.01953125
0 0.099609375 0.982421875 0.046875 0.03515625
0 0.30078125 0.9541015625 0.05859375 0.029296875
0 0.23828125 0.958984375 0.046875 0.0546875
0 0.1552734375 0.8935546875 0.052734375 0.033203125
0 0.228515625 0.875 0.03125 0.0234375
0 0.0654296875 0.8681640625 0.041015625 0.044921875
0 0.1318359375 0.8291015625 0.041015625 0.029296875
0 0.0478515625 0.8076171875 0.017578125 0.021484375
0 0.185546875 0.810546875 0.03125 0.03125
0 0.2578125 0.7841796875 0.02734375 0.025390625
0 0.1064453125 0.75 0.025390625 0.0234375
0 0.1533203125 0.7373046875 0.041015625 0.029296875
0 0.025390625 0.7314453125 0.02734375 0.025390625
0 0.01953125 0.701171875 0.0390625 0.03125
0 0.99609375 0.6728515625 0.0078125 0.021484375
0 0.013671875 0.66015625 0.02734375 0.0390625
0 0.078125 0.62890625 0.03515625 0.02734375
0 0.01171875 0.6064453125 0.0234375 0.037109375
0 0.7470703125 0.59765625 0.037109375 0.0390625
0 0.744140625 0.5302734375 0.02734375 0.029296875
0 0.0322265625 0.5087890625 0.033203125 0.044921875
0 0.65625 0.4482421875 0.03515625 0.041015625
0 0.4638671875 0.3984375 0.033203125 0.0234375
0 0.5107421875 0.3291015625 0.029296875 0.033203125
0 0.6171875 0.3212890625 0.03125 0.052734375
0 0.0732421875 0.3369140625 0.126953125 0.126953125
0 0.490234375 0.28515625 0.03515625 0.03125
0 0.59375 0.2626953125 0.03125 0.033203125
0 0.4755859375 0.2373046875 0.029296875 0.037109375
0 0.5859375 0.2138671875 0.05078125 0.037109375
0 0.4482421875 0.201171875 0.029296875 0.03125
0 0.5654296875 0.171875 0.056640625 0.03515625
0 0.4423828125 0.154296875 0.029296875 0.03515625
0 0.5263671875 0.13671875 0.033203125 0.03515625
0 0.408203125 0.1142578125 0.03515625 0.037109375
0 0.5068359375 0.09375 0.041015625 0.03125
0 0.375 0.076171875 0.03515625 0.0390625
0 0.482421875 0.0537109375 0.03125 0.033203125
0 0.3544921875 0.0400390625 0.025390625 0.025390625
0 0.4248046875 0.017578125 0.025390625 0.01953125
0 0.41015625 0.0029296875 0.01953125 0.005859375
0 0.330078125 0.0107421875 0.03515625 0.021484375
0 0.021484375 0.0048828125 0.02734375 0.009765625