0 0.0048828125 0.998046875 0.009765625 0.00390625
0 0.9482421875 0.99609375 0.021484375 0.0078125
0 0.603515625 0.994140625 0.01953125 0.01171875
0 0.2109375 0.982421875 0.0234375 0.03125
0 0.134765625 0.9609375 0.0234375 0.01953125
0 0.0712890625 0.9619140625 0.033203125 0.033203125
0 0.001953125 0.9443359375 0.00390625 0.005859375
0 0.201171875 0.9248046875 0.0234375 0.025390625
0 0.0546875 0.908203125 0.0234375 0.01953125
0 0.19140625 0.900390625 0.0390625 0.01953125
0 0.4521484375 0.9423828125 0.150390625 0.115234375
0 0.1328125 0.8984375 0.0234375 0.0390625
0 0.0068359375 0.869140625 0.013671875 0.01171875
0 0.1904296875 0.8720703125 0.029296875 0.025390625
0 0.046875 0.826171875 0.0234375 0.03125
0 0.177734375 0.80859375 0.02734375 0.02734375
0 0.3857421875 0.8671875 0.126953125 0.15234375
0 0.0986328125 0.8037109375 0.033203125 0.029296875
0 0.0087890625 0.7490234375 0.017578125 0.025390625
0 0.1025390625 0.7099609375 0.025390625 0.025390625
0 0.1708984375 0.7060546875 0.029296875 0.025390625
0 0.9560546875 0.7275390625 0.087890625 0.173828125
0 0.2216796875 0.6611328125 0.041015625 0.044921875
0 0.046875 0.642578125 0.03515625 0.03515625
0 0.6845703125 0.724609375 0.302734375 0.2734375
0 0.1611328125 0.5966796875 0.037109375 0.041015625
0 0.04296875 0.5693359375 0.03125 0.033203125
0 0.126953125 0.55078125 0.03515625 0.0390625
0 0.2080078125 0.5205078125 0.033203125 0.037109375
0 0.4072265625 0.5791015625 0.119140625 0.169921875
0 0.078125 0.5048828125 0.04296875 0.041015625
0 0.029296875 0.4599609375 0.0390625 0.037109375
0 0.166015625 0.4404296875 0.0390625 0.037109375
0 0.298828125 0.43359375 0.01953125 0.02734375
0 0.3720703125 0.419921875 0.029296875 0.03515625
0 0.4384765625 0.4140625 0.025390625 0.03125
0 0.119140625 0.4091796875 0.046875 0.041015625
0 0.580078125 0.3876953125 0.03125 0.025390625
0 0.5068359375 0.396484375 0.029296875 0.046875
0 0.6455078125 0.3779296875 0.017578125 0.025390625
0 0.3681640625 0.3740234375 0.025390625 0.021484375
0 0.083984375 0.3671875 0.0390625 0.03515625
0 0.4248046875 0.3544921875 0.029296875 0.037109375
0 0.4990234375 0.341796875 0.033203125 0.03515625
0 0.27734375 0.3388671875 0.0234375 0.029296875
0 0.0205078125 0.3427734375 0.041015625 0.037109375
0 0.5693359375 0.3310546875 0.021484375 0.029296875
0 0.2255859375 0.32421875 0.029296875 0.03125
0 0.6357421875 0.3203125 0.025390625 0.03515625
0 0.3544921875 0.31640625 0.025390625 0.02734375
0 0.703125 0.31640625 0.03515625 0.046875
0 0.4140625 0.29296875 0.02734375 0.03125
0 0.48046875 0.2802734375 0.0234375 0.029296875
0 0.0771484375 0.2763671875 0.025390625 0.029296875
0 0.15625 0.2626953125 0.03125 0.029296875
0 0.2626953125 0.25390625 0.021484375 0.02734375
0 0.5576171875 0.2509765625 0.041015625 0.033203125
0 0.6181640625 0.2451171875 0.025390625 0.025390625
0 0.337890625 0.2470703125 0.02734375 0.033203125
0 0.6982421875 0.244140625 0.029296875 0.03125
0 0.3818359375 0.2275390625 0.021484375 0.021484375
0 0.0302734375 0.216796875 0.037109375 0.01953125
0 0.4755859375 0.2158203125 0.033203125 0.021484375
0 0.138671875 0.2099609375 0.015625 0.021484375
0 0.533203125 0.2080078125 0.03515625 0.025390625
0 0.0751953125 0.2021484375 0.021484375 0.029296875
0 0.6171875 0.1962890625 0.03125 0.029296875
0 0.013671875 0.1884765625 0.0234375 0.021484375
0 0.6806640625 0.185546875 0.033203125 0.03125
0 0.9111328125 0.20703125 0.099609375 0.08984375
0 0.3232421875 0.1689453125 0.025390625 0.033203125
0 0.3837890625 0.162109375 0.033203125 0.02734375
0 0.1279296875 0.1396484375 0.021484375 0.021484375
0 0.451171875 0.1416015625 0.0234375 0.033203125
0 0.24609375 0.140625 0.0234375 0.03125
0 0.0166015625 0.140625 0.021484375 0.03125
0 0.5263671875 0.134765625 0.033203125 0.0234375
0 0.591796875 0.125 0.02734375 0.02734375
0 0.75390625 0.1279296875 0.03515625 0.048828125
0 0.173828125 0.111328125 0.02734375 0.0234375
0 0.2109375 0.111328125 0.02734375 0.02734375
0 0.3173828125 0.115234375 0.029296875 0.04296875
0 0.666015625 0.10546875 0.02734375 0.03515625
0 0.4501953125 0.1005859375 0.029296875 0.025390625
0 0.048828125 0.103515625 0.03125 0.03125
0 0.4365234375 0.068359375 0.025390625 0.0234375
0 0.0107421875 0.0654296875 0.021484375 0.033203125
0 0.361328125 0.048828125 0.0234375 0.03125
0 0.2978515625 0.048828125 0.029296875 0.04296875
0 0.2099609375 0.0400390625 0.037109375 0.029296875
0 0.0498046875 0.0380859375 0.029296875 0.029296875
0 0.98046875 0.0458984375 0.0390625 0.091796875
0 0.5771484375 0.005859375 0.025390625 0.01171875
0 0.50390625 0.0107421875 0.0234375 0.021484375
0 0.4345703125 0.01171875 0.021484375 0.0234375
0 0.2802734375 0.001953125 0.005859375 0.00390625
0 0.212890625 0.00390625 0.0234375 0.0078125