0 0.4462890625 0.9970703125 0.009765625 0.005859375
0 0.3125 0.9970703125 0.0078125 0.005859375
0 0.8330078125 0.99609375 0.013671875 0.0078125
0 0.134765625 0.99609375 0.015625 0.0078125
0 0.765625 0.9951171875 0.015625 0.009765625
0 0.5400390625 0.9951171875 0.017578125 0.009765625
0 0.0390625 0.9951171875 0.015625 0.009765625
0 0.927734375 0.9931640625 0.02734375 0.013671875
0 0.3486328125 0.9931640625 0.021484375 0.013671875
0 0.6767578125 0.9921875 0.029296875 0.015625
0 0.623046875 0.990234375 0.01953125 0.01953125
0 0.4111328125 0.98828125 0.029296875 0.0234375
0 0.78515625 0.9873046875 0.03125 0.025390625
0 0.2763671875 0.986328125 0.029296875 0.02734375
0 0.5185546875 0.9853515625 0.033203125 0.029296875
0 0.86328125 0.9794921875 0.03515625 0.037109375
0 0.7998046875 0.9716796875 0.025390625 0.025390625
0 0.955078125 0.974609375 0.03125 0.03515625
0 0.384765625 0.9716796875 0.02734375 0.029296875
0 0.5458984375 0.9677734375 0.025390625 0.025390625
0 0.2890625 0.9658203125 0.0234375 0.025390625
0 0.009765625 0.9658203125 0.01953125 0.025390625
0 0.705078125 0.970703125 0.0546875 0.046875
0 0.9736328125 0.9580078125 0.033203125 0.033203125
0 0.8212890625 0.9580078125 0.033203125 0.033203125
0 0.3623046875 0.955078125 0.029296875 0.03125
0 0.5673828125 0.955078125 0.037109375 0.03515625
0 0.1591796875 0.966796875 0.064453125 0.0625
0 0.8984375 0.9501953125 0.0390625 0.041015625
0 0.9892578125 0.94140625 0.021484375 0.02734375
0 0.6591796875 0.9443359375 0.037109375 0.033203125
0 0.19921875 0.9443359375 0.03125 0.033203125
0 0.009765625 0.9384765625 0.01953125 0.021484375
0 0.4599609375 0.94140625 0.029296875 0.03125
0 0.3173828125 0.9443359375 0.060546875 0.044921875
0 0.5830078125 0.9267578125 0.029296875 0.029296875
0 0.2236328125 0.927734375 0.029296875 0.03125
0 0.642578125 0.9267578125 0.03515625 0.037109375
0 0.494140625 0.9404296875 0.0546875 0.072265625
0 0.7001953125 0.9140625 0.029296875 0.03515625
0 0.765625 0.9150390625 0.03515625 0.041015625
0 0.60546875 0.908203125 0.02734375 0.02734375
0 0.9296875 0.916015625 0.05078125 0.05078125
0 0.8701171875 0.908203125 0.033203125 0.03515625
0 0.4501953125 0.9013671875 0.048828125 0.048828125
0 0.8896484375 0.892578125 0.029296875 0.0390625
0 0.623046875 0.890625 0.03515625 0.03515625
0 0.548828125 0.88671875 0.02734375 0.02734375
0 0.0673828125 0.888671875 0.037109375 0.03515625
0 0.37890625 0.880859375 0.0234375 0.0234375
0 0.26171875 0.88671875 0.05859375 0.03515625
0 0.966796875 0.8828125 0.03125 0.03125
0 0.734375 0.8798828125 0.02734375 0.029296875
0 0.22265625 0.8779296875 0.0234375 0.029296875
0 0.1396484375 0.8740234375 0.021484375 0.021484375
0 0.806640625 0.875 0.02734375 0.02734375
0 0.47265625 0.880859375 0.05078125 0.05078125
0 0.2021484375 0.869140625 0.029296875 0.02734375
0 0.6455078125 0.8681640625 0.033203125 0.033203125
0 0.0869140625 0.8671875 0.037109375 0.03515625
0 0.828125 0.8583984375 0.02734375 0.025390625
0 0.712890625 0.8583984375 0.02734375 0.029296875
0 0.0146484375 0.853515625 0.025390625 0.0234375
0 0.986328125 0.8544921875 0.02734375 0.037109375
0 0.662109375 0.8525390625 0.03515625 0.033203125
0 0.912109375 0.861328125 0.05078125 0.05859375
0 0.5771484375 0.8544921875 0.044921875 0.044921875
0 0.3466796875 0.8564453125 0.044921875 0.048828125
0 0.1376953125 0.8408203125 0.021484375 0.021484375
0 0.7822265625 0.8466796875 0.033203125 0.037109375
0 0.1650390625 0.84375 0.029296875 0.03125
0 0.8447265625 0.83984375 0.029296875 0.02734375
0 0.4921875 0.849609375 0.046875 0.046875
0 0.9970703125 0.830078125 0.005859375 0.01171875
0 0.0986328125 0.83984375 0.037109375 0.0390625
0 0.330078125 0.8291015625 0.03515625 0.037109375
0 0.287109375 0.8251953125 0.02734375 0.029296875
0 0.8642578125 0.822265625 0.025390625 0.02734375
0 0.61328125 0.8232421875 0.02734375 0.029296875
0 0.423828125 0.82421875 0.0390625 0.03515625
0 0.6865234375 0.8291015625 0.048828125 0.048828125
0 0.9501953125 0.828125 0.052734375 0.0546875
0 0.7509765625 0.8193359375 0.044921875 0.044921875
0 0.62890625 0.806640625 0.02734375 0.02734375
0 0.8818359375 0.8037109375 0.025390625 0.025390625
0 0.052734375 0.8115234375 0.03125 0.041015625
0 0.9765625 0.798828125 0.03125 0.03125
0 0.21484375 0.7939453125 0.0234375 0.025390625
0 0.7197265625 0.79296875 0.029296875 0.02734375
0 0.0234375 0.79296875 0.0234375 0.02734375
0 0.3232421875 0.794921875 0.033203125 0.03515625
0 0.9013671875 0.7861328125 0.025390625 0.025390625
0 0.2451171875 0.78515625 0.029296875 0.02734375
0 0.9892578125 0.783203125 0.021484375 0.03125
0 0.7998046875 0.80078125 0.064453125 0.0703125
0 0.6298828125 0.7744140625 0.017578125 0.017578125
0 0.5458984375 0.8046875 0.087890625 0.08203125
0 0.466796875 0.783203125 0.0390625 0.0390625
0 0.7373046875 0.775390625 0.029296875 0.02734375
0 0.6572265625 0.7744140625 0.033203125 0.029296875
0 0.3388671875 0.7724609375 0.025390625 0.025390625
0 0.86328125 0.775390625 0.03515625 0.03515625
0 0.2607421875 0.76953125 0.025390625 0.0234375
0 0.9189453125 0.765625 0.029296875 0.02734375
0 0.5869140625 0.765625 0.037109375 0.0390625
0 0.6748046875 0.7587890625 0.029296875 0.029296875
0 0.35546875 0.755859375 0.02734375 0.02734375
0 0.169921875 0.76953125 0.0859375 0.05859375
0 0.2763671875 0.751953125 0.025390625 0.02734375
0 0.765625 0.751953125 0.03515625 0.03515625
0 0.8251953125 0.7490234375 0.037109375 0.037109375
0 0.181640625 0.744140625 0.02734375 0.03125
0 0.69140625 0.7392578125 0.0234375 0.025390625
0 0.9501953125 0.740234375 0.033203125 0.03515625
0 0.6142578125 0.7353515625 0.033203125 0.037109375
0 0.0947265625 0.7353515625 0.037109375 0.037109375
0 0.0654296875 0.7294921875 0.025390625 0.025390625
0 0.3828125 0.7275390625 0.02734375 0.025390625
0 0.70703125 0.72265625 0.0234375 0.0234375
0 0.1982421875 0.72265625 0.021484375 0.0234375
0 0.041015625 0.71875 0.0234375 0.0234375
0 0.8662109375 0.7197265625 0.029296875 0.029296875
0 0.3115234375 0.716796875 0.025390625 0.0234375
0 0.794921875 0.720703125 0.03515625 0.03515625
0 0.72265625 0.7109375 0.02734375 0.02734375
0 0.6376953125 0.7158203125 0.037109375 0.037109375
0 0.2109375 0.7109375 0.02734375 0.02734375
0 0.015625 0.7109375 0.02734375 0.02734375
0 0.9169921875 0.712890625 0.041015625 0.0390625
0 0.4091796875 0.701171875 0.029296875 0.02734375
0 0.7373046875 0.697265625 0.029296875 0.02734375
0 0.2265625 0.69921875 0.03125 0.03125
0 0.00390625 0.6904296875 0.0078125 0.013671875
0 0.82421875 0.6943359375 0.03125 0.029296875
0 0.3388671875 0.69140625 0.025390625 0.0234375
0 0.142578125 0.689453125 0.02734375 0.02734375
0 0.5068359375 0.7138671875 0.080078125 0.080078125
0 0.65625 0.6884765625 0.04296875 0.033203125
0 0.7529296875 0.681640625 0.029296875 0.02734375
0 0.560546875 0.69140625 0.03515625 0.046875
0 0.4267578125 0.6796875 0.025390625 0.0234375
0 0.890625 0.6787109375 0.03515625 0.037109375
0 0.2470703125 0.6806640625 0.044921875 0.044921875
0 0.8466796875 0.6689453125 0.033203125 0.033203125
0 0.767578125 0.6669921875 0.02734375 0.029296875
0 0.6796875 0.671875 0.0390625 0.0390625
0 0.1552734375 0.6669921875 0.037109375 0.033203125
0 0.03125 0.6650390625 0.03125 0.033203125
0 0.78125 0.6533203125 0.02734375 0.029296875
0 0.693359375 0.6533203125 0.02734375 0.029296875
0 0.5908203125 0.658203125 0.044921875 0.0390625
0 0.455078125 0.65234375 0.03125 0.03125
0 0.37109375 0.65234375 0.02734375 0.03125
0 0.8701171875 0.646484375 0.029296875 0.02734375
0 0.2763671875 0.646484375 0.033203125 0.03125
0 0.171875 0.6494140625 0.0390625 0.037109375
0 0.0546875 0.6396484375 0.03125 0.029296875
0 0.796875 0.63671875 0.02734375 0.02734375
0 0.3330078125 0.62890625 0.021484375 0.01953125
0 0.201171875 0.630859375 0.02734375 0.02734375
0 0.140625 0.626953125 0.01953125 0.01953125
0 0.482421875 0.6337890625 0.0390625 0.037109375
0 0.39453125 0.6318359375 0.03515625 0.033203125
0 0.8095703125 0.6220703125 0.029296875 0.029296875
0 0.2998046875 0.6181640625 0.025390625 0.025390625
0 0.0791015625 0.6142578125 0.029296875 0.029296875
0 0.7236328125 0.623046875 0.056640625 0.0546875
0 0.55078125 0.611328125 0.04296875 0.04296875
0 0.5029296875 0.609375 0.041015625 0.0390625
0 0.830078125 0.599609375 0.03515625 0.03515625
0 0.6435546875 0.603515625 0.048828125 0.04296875
0 0.2236328125 0.59765625 0.033203125 0.03515625
0 0.009765625 0.591796875 0.01953125 0.03515625
0 0.4365234375 0.5888671875 0.029296875 0.033203125
0 0.1064453125 0.5888671875 0.033203125 0.033203125
0 0.7578125 0.5859375 0.0390625 0.0390625
0 0.330078125 0.5888671875 0.05078125 0.044921875
0 0.529296875 0.578125 0.03515625 0.0390625
0 0.0322265625 0.5693359375 0.025390625 0.025390625
0 0.2509765625 0.572265625 0.033203125 0.03515625
0 0.3544921875 0.5693359375 0.033203125 0.033203125
0 0.78125 0.5654296875 0.03125 0.029296875
0 0.603515625 0.568359375 0.046875 0.03515625
0 0.130859375 0.556640625 0.0234375 0.0234375
0 0.7001953125 0.5595703125 0.033203125 0.033203125
0 0.798828125 0.55078125 0.03125 0.03125
0 0.4599609375 0.560546875 0.048828125 0.05078125
0 0.5595703125 0.5439453125 0.033203125 0.033203125
0 0.056640625 0.541015625 0.02734375 0.02734375
0 0.3798828125 0.5390625 0.037109375 0.02734375
0 0.1533203125 0.5400390625 0.033203125 0.029296875
0 0.2744140625 0.5400390625 0.041015625 0.037109375
0 0.4873046875 0.53515625 0.037109375 0.03515625
0 0.7236328125 0.5283203125 0.041015625 0.041015625
0 0.5810546875 0.521484375 0.037109375 0.03125
0 0.1728515625 0.521484375 0.033203125 0.03125
0 0.458984375 0.51953125 0.03515625 0.03515625
0 0.3994140625 0.517578125 0.029296875 0.03125
0 0.0791015625 0.5126953125 0.037109375 0.033203125
0 0.310546875 0.51171875 0.05078125 0.046875
0 0.1865234375 0.498046875 0.025390625 0.02734375
0 0.744140625 0.5009765625 0.0390625 0.037109375
0 0.5166015625 0.5 0.041015625 0.0390625
0 0.421875 0.494140625 0.0390625 0.0390625
0 0.6171875 0.4892578125 0.03515625 0.037109375
0 0.341796875 0.4794921875 0.03125 0.029296875
0 0.20703125 0.4755859375 0.0234375 0.021484375
0 0.103515625 0.4833984375 0.03515625 0.037109375
0 0.76171875 0.482421875 0.0390625 0.0390625
0 0.0068359375 0.470703125 0.013671875 0.01953125
0 0.548828125 0.470703125 0.03515625 0.03515625
0 0.78125 0.4638671875 0.03515625 0.037109375
0 0.5009765625 0.4638671875 0.041015625 0.041015625
0 0.12890625 0.4609375 0.03515625 0.03515625
0 0.234375 0.45703125 0.03515625 0.03125
0 0.6494140625 0.4580078125 0.037109375 0.037109375
0 0.3623046875 0.455078125 0.033203125 0.03125
0 0.5693359375 0.4501953125 0.037109375 0.033203125
0 0.806640625 0.443359375 0.0390625 0.0390625
0 0.375 0.435546875 0.03515625 0.03515625
0 0.1533203125 0.4404296875 0.048828125 0.044921875
0 0.6748046875 0.4326171875 0.037109375 0.037109375
0 0.474609375 0.43359375 0.03515625 0.0390625
0 0.2568359375 0.4306640625 0.033203125 0.033203125
0 0.5927734375 0.4267578125 0.037109375 0.037109375
0 0.044921875 0.4248046875 0.03515625 0.033203125
0 0.6953125 0.4130859375 0.03515625 0.037109375
0 0.8330078125 0.4130859375 0.041015625 0.041015625
0 0.185546875 0.4091796875 0.03125 0.033203125
0 0.6123046875 0.40625 0.037109375 0.0390625
0 0.12890625 0.4052734375 0.03515625 0.037109375
0 0.060546875 0.400390625 0.03125 0.02734375
0 0.9208984375 0.4697265625 0.158203125 0.169921875
0 0.28125 0.4033203125 0.03125 0.037109375
0 0.4189453125 0.3935546875 0.033203125 0.033203125
0 0.7138671875 0.3935546875 0.037109375 0.037109375
0 0.8544921875 0.3916015625 0.037109375 0.037109375
0 0.3115234375 0.3818359375 0.025390625 0.025390625
0 0.5322265625 0.3896484375 0.044921875 0.044921875
0 0.20703125 0.3828125 0.03125 0.03125
0 0.6318359375 0.380859375 0.037109375 0.03515625
0 0.0830078125 0.380859375 0.037109375 0.03515625
0 0.005859375 0.3720703125 0.01171875 0.017578125
0 0.73046875 0.376953125 0.03515625 0.03515625
0 0.8818359375 0.3681640625 0.033203125 0.033203125
0 0.7568359375 0.3671875 0.037109375 0.03515625
0 0.451171875 0.3662109375 0.0390625 0.037109375
0 0.5498046875 0.3623046875 0.025390625 0.037109375
0 0.234375 0.35546875 0.0234375 0.0234375
0 0.10546875 0.357421875 0.03125 0.03125
0 0.6630859375 0.353515625 0.033203125 0.03125
0 0.3740234375 0.3525390625 0.033203125 0.033203125
0 0.01171875 0.349609375 0.0234375 0.02734375
0 0.9130859375 0.3388671875 0.037109375 0.037109375
0 0.123046875 0.3330078125 0.02734375 0.029296875
0 0.568359375 0.333984375 0.03515625 0.03515625
0 0.2568359375 0.3330078125 0.037109375 0.033203125
0 0.0302734375 0.326171875 0.033203125 0.03515625
0 0.7880859375 0.32421875 0.033203125 0.03515625
0 0.6962890625 0.322265625 0.041015625 0.03515625
0 0.3583984375 0.3173828125 0.025390625 0.025390625
0 0.5888671875 0.31640625 0.041015625 0.0390625
0 0.4912109375 0.32421875 0.056640625 0.0546875
0 0.0048828125 0.30078125 0.009765625 0.015625
0 0.951171875 0.306640625 0.03515625 0.03125
0 0.1435546875 0.3046875 0.033203125 0.03125
0 0.0576171875 0.30078125 0.033203125 0.03515625
0 0.8125 0.298828125 0.03515625 0.03515625
0 0.2275390625 0.294921875 0.025390625 0.02734375
0 0.60546875 0.298828125 0.0390625 0.0390625
0 0.3837890625 0.291015625 0.029296875 0.0234375
0 0.0029296875 0.28125 0.005859375 0.0078125
0 0.0283203125 0.28515625 0.017578125 0.01953125
0 0.93359375 0.283203125 0.03125 0.03125
0 0.5205078125 0.2861328125 0.037109375 0.037109375
0 0.1640625 0.2861328125 0.0390625 0.037109375
0 0.62109375 0.28515625 0.0390625 0.0390625
0 0.3017578125 0.28125 0.033203125 0.03125
0 0.0771484375 0.2763671875 0.033203125 0.025390625
0 0.40234375 0.275390625 0.03125 0.03125
0 0.841796875 0.2763671875 0.0390625 0.048828125
0 0.91015625 0.259765625 0.03125 0.03125
0 0.1884765625 0.2578125 0.029296875 0.03125
0 0.9931640625 0.251953125 0.013671875 0.02734375
0 0.7529296875 0.2568359375 0.037109375 0.037109375
0 0.419921875 0.2548828125 0.03125 0.033203125
0 0.26953125 0.251953125 0.02734375 0.02734375
0 0.3330078125 0.2548828125 0.037109375 0.037109375
0 0.6513671875 0.2548828125 0.041015625 0.041015625
0 0.55078125 0.255859375 0.03515625 0.04296875
0 0.0927734375 0.25390625 0.041015625 0.0390625
0 0.859375 0.2470703125 0.03125 0.033203125
0 0.1171875 0.2353515625 0.02734375 0.025390625
0 0.4404296875 0.2373046875 0.033203125 0.033203125
0 0.349609375 0.2373046875 0.03515625 0.033203125
0 0.7734375 0.2373046875 0.03515625 0.037109375
0 0.6650390625 0.2392578125 0.041015625 0.041015625
0 0.880859375 0.2255859375 0.03125 0.029296875
0 0.2998046875 0.2216796875 0.025390625 0.025390625
0 0.798828125 0.220703125 0.02734375 0.02734375
0 0.5771484375 0.2265625 0.041015625 0.0390625
0 0.45703125 0.216796875 0.03515625 0.03515625
0 0.2294921875 0.21484375 0.029296875 0.03125
0 0.1357421875 0.2138671875 0.029296875 0.029296875
0 0.009765625 0.212890625 0.01953125 0.03515625
0 0.37109375 0.2080078125 0.03515625 0.037109375
0 0.6953125 0.2080078125 0.0390625 0.041015625
0 0.607421875 0.201171875 0.02734375 0.02734375
0 0.47265625 0.201171875 0.03515625 0.03515625
0 0.0576171875 0.1923828125 0.021484375 0.021484375
0 0.24609375 0.1923828125 0.02734375 0.025390625
0 0.125 0.1884765625 0.02734375 0.025390625
0 0.8349609375 0.1904296875 0.033203125 0.033203125
0 0.025390625 0.189453125 0.03515625 0.03515625
0 0.9697265625 0.193359375 0.048828125 0.05078125
0 0.4892578125 0.185546875 0.037109375 0.03515625
0 0.0947265625 0.1767578125 0.037109375 0.037109375
0 0.9072265625 0.1728515625 0.033203125 0.033203125
0 0.7265625 0.1728515625 0.03515625 0.037109375
0 0.41015625 0.1728515625 0.03515625 0.037109375
0 0.2744140625 0.1708984375 0.033203125 0.033203125
0 0.505859375 0.16796875 0.03515625 0.03515625
0 0.1826171875 0.166015625 0.029296875 0.03125
0 0.994140625 0.158203125 0.01171875 0.01953125
0 0.8095703125 0.1630859375 0.033203125 0.033203125
0 0.0400390625 0.1611328125 0.033203125 0.029296875
0 0.634765625 0.16796875 0.0390625 0.046875
0 0.29296875 0.154296875 0.0390625 0.0390625
0 0.5234375 0.1513671875 0.03515625 0.037109375
0 0.8837890625 0.146484375 0.033203125 0.03515625
0 0.203125 0.1416015625 0.03125 0.029296875
0 0.42578125 0.146484375 0.046875 0.046875
0 0.6572265625 0.138671875 0.041015625 0.0390625
0 0.7451171875 0.146484375 0.041015625 0.05859375
0 0.541015625 0.134765625 0.0390625 0.0390625
0 0.9619140625 0.1279296875 0.029296875 0.029296875
0 0.310546875 0.130859375 0.03515625 0.03515625
0 0.1513671875 0.1298828125 0.033203125 0.033203125
0 0.0673828125 0.1435546875 0.041015625 0.060546875
0 0.8642578125 0.1259765625 0.037109375 0.037109375
0 0.6728515625 0.123046875 0.041015625 0.0390625
0 0.4541015625 0.1220703125 0.041015625 0.041015625
0 0.2197265625 0.1181640625 0.037109375 0.033203125
0 0.5576171875 0.119140625 0.041015625 0.0390625
0 0.125 0.1123046875 0.03125 0.033203125
0 0.8427734375 0.1064453125 0.037109375 0.037109375
0 0.69140625 0.10546875 0.0390625 0.0390625
0 0.3359375 0.1015625 0.03515625 0.03125
0 0.2353515625 0.1015625 0.033203125 0.03125
0 0.9287109375 0.1005859375 0.037109375 0.037109375
0 0.4736328125 0.09375 0.037109375 0.0390625
0 0.7216796875 0.0859375 0.029296875 0.03125
0 0.021484375 0.0986328125 0.04296875 0.056640625
0 0.8984375 0.080078125 0.04296875 0.03125
0 0.814453125 0.08203125 0.03515625 0.0390625
0 0.357421875 0.0791015625 0.03125 0.033203125
0 0.25390625 0.080078125 0.03515625 0.03515625
0 0.583984375 0.0859375 0.05078125 0.05078125
0 0.49609375 0.072265625 0.0390625 0.0390625
0 0.0078125 0.064453125 0.015625 0.02734375
0 0.373046875 0.064453125 0.03515625 0.03515625
0 0.4609375 0.048828125 0.015625 0.015625
0 0.275390625 0.056640625 0.03125 0.03125
0 0.974609375 0.0537109375 0.03515625 0.033203125
0 0.6767578125 0.046875 0.029296875 0.02734375
0 0.6162109375 0.0556640625 0.048828125 0.048828125
0 0.5205078125 0.0478515625 0.037109375 0.037109375
0 0.390625 0.0458984375 0.03515625 0.037109375
0 0.0537109375 0.04296875 0.033203125 0.03125
0 0.7763671875 0.0419921875 0.037109375 0.037109375
0 0.8662109375 0.037109375 0.029296875 0.03125
0 0.3076171875 0.0302734375 0.033203125 0.033203125
0 0.9453125 0.0263671875 0.03125 0.033203125
0 0.408203125 0.0263671875 0.03515625 0.033203125
0 0.5419921875 0.0263671875 0.037109375 0.037109375
0 0.75390625 0.0205078125 0.0390625 0.037109375
0 0.0732421875 0.01953125 0.037109375 0.03515625
0 0.9169921875 0.0068359375 0.029296875 0.013671875
0 0.833984375 0.0126953125 0.03515625 0.025390625
0 0.798828125 0.01171875 0.02734375 0.0234375
0 0.7265625 0.009765625 0.03125 0.01953125
0 0.64453125 0.017578125 0.03515625 0.03515625
0 0.5654296875 0.0107421875 0.029296875 0.021484375
0 0.423828125 0.0126953125 0.03515625 0.025390625
0 0.3447265625 0.0068359375 0.025390625 0.013671875
0 0.3251953125 0.0146484375 0.033203125 0.029296875
0 0.0498046875 0.0029296875 0.009765625 0.005859375
0 0.0224609375 0.0126953125 0.029296875 0.025390625
0 0.0048828125 0.001953125 0.005859375 0.00390625