0 0.330078125 0.7373046875 0.0234375 0.033203125
0 0.3017578125 0.736328125 0.021484375 0.03515625
0 0.17578125 0.7353515625 0.0546875 0.033203125
0 0.275390625 0.734375 0.01953125 0.03515625
0 0.248046875 0.734375 0.0234375 0.03515625
0 0.3603515625 0.73046875 0.029296875 0.03515625
0 0.4306640625 0.716796875 0.013671875 0.015625
0 0.1962890625 0.7109375 0.037109375 0.03125
0 0.1318359375 0.70703125 0.033203125 0.02734375
0 0.2138671875 0.7001953125 0.017578125 0.017578125
0 0.3916015625 0.6904296875 0.033203125 0.037109375
0 0.1435546875 0.6845703125 0.033203125 0.025390625
0 0.2763671875 0.6826171875 0.025390625 0.025390625
0 0.31640625 0.6787109375 0.03125 0.033203125
0 0.4580078125 0.677734375 0.037109375 0.03515625
0 0.078125 0.6748046875 0.03515625 0.029296875
0 0.2275390625 0.669921875 0.029296875 0.03515625
0 0.4140625 0.6630859375 0.02734375 0.029296875
0 0.15625 0.6640625 0.0390625 0.03125
0 0.205078125 0.66015625 0.03125 0.0390625
0 0.091796875 0.6484375 0.03515625 0.02734375
0 0.4443359375 0.6474609375 0.033203125 0.029296875
0 0.0341796875 0.646484375 0.033203125 0.03125
0 0.1884765625 0.6396484375 0.029296875 0.037109375
0 0.1044921875 0.6279296875 0.033203125 0.025390625
0 0.16796875 0.6240234375 0.03125 0.037109375
0 0.0537109375 0.62109375 0.029296875 0.03125
0 0.2763671875 0.6142578125 0.021484375 0.033203125
0 0.4951171875 0.6220703125 0.052734375 0.052734375
0 0.3037109375 0.6142578125 0.029296875 0.037109375
0 0.115234375 0.6083984375 0.03125 0.025390625
0 0.537109375 0.6103515625 0.03125 0.037109375
0 0.7275390625 0.607421875 0.037109375 0.03515625
0 0.005859375 0.5986328125 0.01171875 0.017578125
0 0.685546875 0.599609375 0.02734375 0.02734375
0 0.83984375 0.5908203125 0.02734375 0.021484375
0 0.572265625 0.59375 0.03125 0.02734375
0 0.6162109375 0.59375 0.037109375 0.03125
0 0.126953125 0.5859375 0.03125 0.02734375
0 0.0712890625 0.587890625 0.029296875 0.03125
0 0.2431640625 0.5927734375 0.048828125 0.056640625
0 0.0107421875 0.57421875 0.021484375 0.02734375
0 0.3623046875 0.578125 0.033203125 0.0390625
0 0.412109375 0.5673828125 0.03125 0.025390625
0 0.0908203125 0.5595703125 0.025390625 0.021484375
0 0.8203125 0.56640625 0.03515625 0.0390625
0 0.1396484375 0.5595703125 0.033203125 0.025390625
0 0.3173828125 0.5546875 0.021484375 0.01953125
0 0.8544921875 0.556640625 0.021484375 0.02734375
0 0.2255859375 0.5546875 0.037109375 0.02734375
0 0.0166015625 0.5517578125 0.029296875 0.025390625
0 0.7001953125 0.5478515625 0.025390625 0.029296875
0 0.103515625 0.537109375 0.03125 0.0234375
0 0.4638671875 0.5419921875 0.033203125 0.037109375
0 0.0302734375 0.53125 0.029296875 0.0234375
0 0.7666015625 0.5419921875 0.037109375 0.048828125
0 0.896484375 0.544921875 0.03125 0.0625
0 0.21875 0.5263671875 0.0390625 0.025390625
0 0.4990234375 0.52734375 0.044921875 0.04296875
0 0.552734375 0.51171875 0.01953125 0.03515625
0 0.44140625 0.5068359375 0.02734375 0.025390625
0 0.0419921875 0.5087890625 0.029296875 0.029296875
0 0.3818359375 0.5048828125 0.021484375 0.025390625
0 0.265625 0.515625 0.03515625 0.05078125
0 0.2099609375 0.4990234375 0.033203125 0.021484375
0 0.13671875 0.50390625 0.02734375 0.03125
0 0.625 0.498046875 0.015625 0.02734375
0 0.5888671875 0.4990234375 0.029296875 0.041015625
0 0.291015625 0.4921875 0.0234375 0.02734375
0 0.80859375 0.48828125 0.02734375 0.02734375
0 0.0556640625 0.48828125 0.029296875 0.02734375
0 0.119140625 0.490234375 0.02734375 0.03515625
0 0.8388671875 0.482421875 0.025390625 0.0234375
0 0.314453125 0.4833984375 0.0234375 0.029296875
0 0.6611328125 0.478515625 0.037109375 0.02734375
0 0.703125 0.47265625 0.02734375 0.02734375
0 0.3330078125 0.4736328125 0.025390625 0.029296875
0 0.5390625 0.4677734375 0.01953125 0.021484375
0 0.357421875 0.46484375 0.03125 0.03515625
0 0.88671875 0.45703125 0.0390625 0.0234375
0 0.380859375 0.458984375 0.0234375 0.02734375
0 0.6650390625 0.4482421875 0.017578125 0.017578125
0 0.080078125 0.451171875 0.03125 0.03125
0 0.4052734375 0.447265625 0.025390625 0.03125
0 0.1904296875 0.4443359375 0.017578125 0.029296875
0 0.8154296875 0.44140625 0.025390625 0.03125
0 0.2216796875 0.44140625 0.025390625 0.03515625
0 0.0595703125 0.4365234375 0.029296875 0.033203125
0 0.1640625 0.4326171875 0.0234375 0.029296875
0 0.7294921875 0.4267578125 0.029296875 0.025390625
0 0.04296875 0.421875 0.03125 0.03515625
0 0.1416015625 0.416015625 0.029296875 0.03515625
0 0.4560546875 0.408203125 0.037109375 0.03125
0 0.0234375 0.40625 0.03125 0.03515625
0 0.802734375 0.390625 0.03125 0.02734375
0 0.701171875 0.3935546875 0.046875 0.037109375
0 0.353515625 0.388671875 0.03125 0.02734375
0 0.111328125 0.38671875 0.0234375 0.0234375
0 0.18359375 0.392578125 0.04296875 0.04296875
0 0.009765625 0.3876953125 0.01953125 0.033203125
0 0.650390625 0.3798828125 0.01953125 0.021484375
0 0.4970703125 0.3837890625 0.033203125 0.029296875
0 0.556640625 0.3876953125 0.03515625 0.041015625
0 0.236328125 0.3857421875 0.0390625 0.037109375
0 0.7890625 0.365234375 0.0234375 0.01953125
0 0.3828125 0.3681640625 0.02734375 0.033203125
0 0.2783203125 0.3662109375 0.037109375 0.037109375
0 0.2021484375 0.3623046875 0.017578125 0.029296875
0 0.0703125 0.3544921875 0.03125 0.029296875
0 0.4052734375 0.357421875 0.037109375 0.0390625
0 0.6767578125 0.3505859375 0.041015625 0.037109375
0 0.779296875 0.333984375 0.01953125 0.02734375
0 0.6328125 0.3330078125 0.01953125 0.025390625
0 0.5927734375 0.3330078125 0.029296875 0.025390625
0 0.2724609375 0.330078125 0.029296875 0.02734375
0 0.04296875 0.326171875 0.02734375 0.03125
0 0.0830078125 0.31640625 0.021484375 0.01953125
0 0.1162109375 0.31640625 0.025390625 0.0234375
0 0.912109375 0.3076171875 0.0234375 0.025390625
0 0.01953125 0.30859375 0.02734375 0.03125
0 0.689453125 0.3056640625 0.03515625 0.029296875
0 0.775390625 0.29296875 0.03515625 0.02734375
0 0.0068359375 0.287109375 0.013671875 0.0234375
0 0.0810546875 0.2841796875 0.025390625 0.025390625
0 0.884765625 0.26953125 0.01953125 0.01953125
0 0.060546875 0.26953125 0.02734375 0.02734375
0 0.765625 0.265625 0.0390625 0.0234375
0 0.130859375 0.251953125 0.0234375 0.02734375
0 0.849609375 0.2470703125 0.03515625 0.037109375
0 0.759765625 0.2412109375 0.0390625 0.025390625
0 0.0244140625 0.2421875 0.025390625 0.03125
0 0.107421875 0.2314453125 0.02734375 0.029296875
0 0.87890625 0.2255859375 0.01953125 0.021484375
0 0.0078125 0.2197265625 0.015625 0.025390625
0 0.6787109375 0.2265625 0.037109375 0.0546875
0 0.1513671875 0.2119140625 0.041015625 0.033203125
0 0.078125 0.2109375 0.03125 0.03125
0 0.7509765625 0.2060546875 0.041015625 0.025390625
0 0.1259765625 0.1884765625 0.025390625 0.029296875
0 0.1640625 0.185546875 0.0390625 0.02734375
0 0.748046875 0.1796875 0.0390625 0.0234375
0 0.044921875 0.1796875 0.0234375 0.0234375
0 0.0927734375 0.1767578125 0.025390625 0.029296875
0 0.857421875 0.1650390625 0.0390625 0.025390625
0 0.0048828125 0.15625 0.009765625 0.015625
0 0.7978515625 0.1474609375 0.013671875 0.017578125
0 0.7548828125 0.140625 0.041015625 0.03515625
0 0.0146484375 0.1318359375 0.021484375 0.021484375
0 0.17578125 0.130859375 0.02734375 0.02734375
0 0.7822265625 0.1259765625 0.021484375 0.025390625
0 0.8134765625 0.1240234375 0.025390625 0.041015625
0 0.13671875 0.1181640625 0.03125 0.033203125
0 0.869140625 0.1103515625 0.0234375 0.029296875
0 0.068359375 0.0927734375 0.02734375 0.025390625
0 0.73828125 0.0703125 0.03515625 0.0234375
0 0.1298828125 0.0693359375 0.025390625 0.025390625
0 0.00390625 0.0546875 0.0078125 0.01171875
0 0.7998046875 0.0576171875 0.017578125 0.025390625
0 0.072265625 0.0576171875 0.0390625 0.033203125
0 0.662109375 0.0517578125 0.03515625 0.029296875
0 0.85546875 0.044921875 0.01953125 0.02734375
0 0.1455078125 0.03125 0.033203125 0.03125
0 0.6455078125 0.0244140625 0.033203125 0.029296875
0 0.095703125 0.0224609375 0.02734375 0.029296875
0 0.73828125 0.0146484375 0.02734375 0.021484375
0 0.796875 0.0078125 0.03515625 0.015625
0 0.62109375 0.0087890625 0.02734375 0.017578125
0 0.130859375 0.0087890625 0.02734375 0.017578125
0 0.0107421875 0.00390625 0.013671875 0.0078125