0 0.19140625 0.998046875 0.015625 0.00390625
0 0.6708984375 0.994140625 0.029296875 0.01171875
0 0.48046875 0.9921875 0.0234375 0.015625
0 0.7451171875 0.9912109375 0.029296875 0.017578125
0 0.9814453125 0.990234375 0.021484375 0.01953125
0 0.734375 0.9580078125 0.01953125 0.021484375
0 0.3876953125 0.955078125 0.033203125 0.0234375
0 0.46875 0.9541015625 0.03125 0.025390625
0 0.28125 0.9521484375 0.0234375 0.021484375
0 0.791015625 0.9501953125 0.02734375 0.033203125
0 0.6611328125 0.9443359375 0.029296875 0.033203125
0 0.54296875 0.9208984375 0.0234375 0.021484375
0 0.7333984375 0.9208984375 0.025390625 0.025390625
0 0.478515625 0.9169921875 0.03125 0.025390625
0 0.3564453125 0.9228515625 0.025390625 0.037109375
0 0.6513671875 0.90234375 0.025390625 0.03125
0 0.5556640625 0.8896484375 0.021484375 0.021484375
0 0.2724609375 0.8681640625 0.025390625 0.025390625
0 0.8515625 0.8671875 0.0390625 0.03125
0 0.5361328125 0.857421875 0.033203125 0.03125
0 0.642578125 0.859375 0.03125 0.0390625
0 0.7216796875 0.8486328125 0.029296875 0.021484375
0 0.41796875 0.841796875 0.03515625 0.0234375
0 0.7685546875 0.83984375 0.048828125 0.04296875
0 0.982421875 0.828125 0.02734375 0.0234375
0 0.8671875 0.833984375 0.03125 0.03515625
0 0.7080078125 0.8115234375 0.029296875 0.025390625
0 0.5703125 0.7998046875 0.03125 0.021484375
0 0.36328125 0.8037109375 0.03125 0.029296875
0 0.62890625 0.802734375 0.03515625 0.046875
0 0.869140625 0.7890625 0.02734375 0.03125
0 0.0126953125 0.78125 0.025390625 0.0234375
0 0.255859375 0.7783203125 0.0390625 0.025390625
0 0.9638671875 0.775390625 0.029296875 0.0234375
0 0.697265625 0.7744140625 0.0234375 0.025390625
0 0.080078125 0.7783203125 0.05078125 0.033203125
0 0.787109375 0.77734375 0.02734375 0.04296875
0 0.1962890625 0.76171875 0.041015625 0.03515625
0 0.44921875 0.7548828125 0.0234375 0.025390625
0 0.326171875 0.7548828125 0.03125 0.029296875
0 0.2529296875 0.75 0.033203125 0.02734375
0 0.8603515625 0.7490234375 0.029296875 0.029296875
0 0.3681640625 0.7470703125 0.021484375 0.025390625
0 0.58203125 0.73828125 0.0234375 0.01953125
0 0.9599609375 0.73828125 0.021484375 0.02734375
0 0.693359375 0.740234375 0.03125 0.03125
0 0.5185546875 0.7353515625 0.048828125 0.025390625
0 0.7734375 0.728515625 0.02734375 0.02734375
0 0.6123046875 0.724609375 0.029296875 0.0234375
0 0.4404296875 0.716796875 0.033203125 0.01953125
0 0.0888671875 0.7119140625 0.017578125 0.013671875
0 0.841796875 0.71484375 0.03125 0.02734375
0 0.1123046875 0.708984375 0.021484375 0.015625
0 0.0439453125 0.7109375 0.033203125 0.0234375
0 0.513671875 0.7080078125 0.0234375 0.021484375
0 0.6083984375 0.7001953125 0.025390625 0.017578125
0 0.6875 0.703125 0.02734375 0.03125
0 0.7607421875 0.6962890625 0.033203125 0.029296875
0 0.4365234375 0.6943359375 0.029296875 0.025390625
0 0.34375 0.6962890625 0.03125 0.041015625
0 0.2724609375 0.685546875 0.017578125 0.02734375
0 0.9521484375 0.6806640625 0.033203125 0.021484375
0 0.1552734375 0.6826171875 0.029296875 0.025390625
0 0.50390625 0.6787109375 0.03125 0.021484375
0 0.2314453125 0.6806640625 0.029296875 0.033203125
0 0.8291015625 0.677734375 0.033203125 0.03125
0 0.6728515625 0.6728515625 0.025390625 0.021484375
0 0.29296875 0.66015625 0.01953125 0.01953125
0 0.6044921875 0.6640625 0.025390625 0.03125
0 0.4365234375 0.6611328125 0.021484375 0.025390625
0 0.998046875 0.650390625 0.00390625 0.01171875
0 0.7431640625 0.66015625 0.033203125 0.03125
0 0.9443359375 0.6513671875 0.029296875 0.021484375
0 0.5078125 0.6474609375 0.03125 0.021484375
0 0.4033203125 0.642578125 0.017578125 0.015625
0 0.86328125 0.626953125 0.02734375 0.015625
0 0.6650390625 0.6298828125 0.029296875 0.025390625
0 0.427734375 0.6279296875 0.02734375 0.021484375
0 0.59765625 0.6298828125 0.03125 0.029296875
0 0.0302734375 0.630859375 0.025390625 0.03125
0 0.8095703125 0.62890625 0.029296875 0.03125
0 0.728515625 0.62890625 0.03515625 0.03125
0 0.056640625 0.623046875 0.0234375 0.03125
0 0.4931640625 0.6142578125 0.033203125 0.021484375
0 0.0859375 0.6142578125 0.02734375 0.025390625
0 0.119140625 0.6142578125 0.02734375 0.029296875
0 0.1474609375 0.6083984375 0.025390625 0.025390625
0 0.9267578125 0.6044921875 0.029296875 0.021484375
0 0.9931640625 0.6015625 0.013671875 0.0234375
0 0.6611328125 0.5986328125 0.033203125 0.025390625
0 0.4248046875 0.5966796875 0.029296875 0.021484375
0 0.587890625 0.595703125 0.02734375 0.03125
0 0.7158203125 0.5908203125 0.033203125 0.033203125
0 0.4912109375 0.583984375 0.041015625 0.0234375
0 0.197265625 0.5791015625 0.01953125 0.025390625
0 0.4169921875 0.5732421875 0.037109375 0.025390625
0 0.01171875 0.56640625 0.0234375 0.01953125
0 0.03515625 0.556640625 0.015625 0.01953125
0 0.8515625 0.556640625 0.02734375 0.0234375
0 0.060546875 0.5556640625 0.03125 0.021484375
0 0.6884765625 0.5576171875 0.033203125 0.029296875
0 0.5830078125 0.556640625 0.025390625 0.02734375
0 0.88671875 0.5546875 0.02734375 0.02734375
0 0.48046875 0.55078125 0.0234375 0.02734375
0 0.2646484375 0.5634765625 0.033203125 0.052734375
0 0.8076171875 0.546875 0.033203125 0.02734375
0 0.919921875 0.54296875 0.02734375 0.02734375
0 0.33984375 0.5439453125 0.03125 0.029296875
0 0.6474609375 0.5390625 0.021484375 0.02734375
0 0.1328125 0.5361328125 0.04296875 0.021484375
0 0.00390625 0.5361328125 0.0078125 0.033203125
0 0.05859375 0.5283203125 0.0234375 0.021484375
0 0.962890625 0.53125 0.03515625 0.03125
0 0.1923828125 0.525390625 0.029296875 0.01953125
0 0.7763671875 0.525390625 0.037109375 0.03125
0 0.255859375 0.5205078125 0.02734375 0.025390625
0 0.5673828125 0.5205078125 0.037109375 0.029296875
0 0.400390625 0.513671875 0.0390625 0.03125
0 0.04296875 0.5048828125 0.0390625 0.025390625
0 0.47265625 0.5029296875 0.0234375 0.029296875
0 0.73828125 0.5029296875 0.0390625 0.037109375
0 0.1826171875 0.4951171875 0.037109375 0.025390625
0 0.703125 0.48828125 0.0390625 0.03125
0 0.5703125 0.4853515625 0.0234375 0.025390625
0 0.044921875 0.474609375 0.02734375 0.0234375
0 0.3955078125 0.474609375 0.025390625 0.02734375
0 0.17578125 0.4658203125 0.04296875 0.021484375
0 0.6669921875 0.4658203125 0.033203125 0.029296875
0 0.5625 0.4541015625 0.0234375 0.025390625
0 0.4599609375 0.453125 0.029296875 0.0234375
0 0.1796875 0.4462890625 0.01953125 0.013671875
0 0.244140625 0.4482421875 0.03515625 0.021484375
0 0.03515625 0.447265625 0.03515625 0.0234375
0 0.3525390625 0.4404296875 0.021484375 0.017578125
0 0.6357421875 0.4453125 0.021484375 0.03125
0 0.318359375 0.4443359375 0.03515625 0.033203125
0 0.1025390625 0.42578125 0.025390625 0.02734375
0 0.8193359375 0.4208984375 0.033203125 0.021484375
0 0.7822265625 0.4208984375 0.017578125 0.021484375
0 0.3818359375 0.421875 0.029296875 0.0234375
0 0.0322265625 0.416015625 0.029296875 0.02734375
0 0.556640625 0.4150390625 0.0234375 0.029296875
0 0.2353515625 0.416015625 0.025390625 0.03515625
0 0.1708984375 0.4111328125 0.033203125 0.025390625
0 0.4521484375 0.4072265625 0.025390625 0.021484375
0 0.73828125 0.412109375 0.03515625 0.03515625
0 0.103515625 0.3984375 0.03515625 0.0234375
0 0.7021484375 0.396484375 0.033203125 0.02734375
0 0.1552734375 0.3828125 0.029296875 0.01953125
0 0.6689453125 0.384765625 0.033203125 0.03125
0 0.314453125 0.3779296875 0.02734375 0.017578125
0 0.2314453125 0.3798828125 0.029296875 0.025390625
0 0.37890625 0.3779296875 0.03125 0.025390625
0 0.626953125 0.37109375 0.02734375 0.015625
0 0.5419921875 0.3779296875 0.029296875 0.029296875
0 0.4482421875 0.3642578125 0.029296875 0.025390625
0 0.0283203125 0.3642578125 0.021484375 0.025390625
0 0.2939453125 0.359375 0.025390625 0.0234375
0 0.0927734375 0.357421875 0.029296875 0.01953125
0 0.7939453125 0.3525390625 0.025390625 0.021484375
0 0.5322265625 0.3447265625 0.021484375 0.025390625
0 0.45703125 0.33984375 0.015625 0.01953125
0 0.8876953125 0.3369140625 0.017578125 0.017578125
0 0.759765625 0.3388671875 0.03125 0.033203125
0 0.3662109375 0.333984375 0.033203125 0.0234375
0 0.1591796875 0.3369140625 0.021484375 0.029296875
0 0.4326171875 0.318359375 0.025390625 0.01953125
0 0.2236328125 0.322265625 0.029296875 0.03125
0 0.5185546875 0.310546875 0.025390625 0.0234375
0 0.291015625 0.30859375 0.03125 0.0234375
0 0.353515625 0.3056640625 0.03515625 0.037109375
0 0.607421875 0.294921875 0.03515625 0.01953125
0 0.75 0.298828125 0.03125 0.03125
0 0.025390625 0.291015625 0.02734375 0.03125
0 0.6650390625 0.2880859375 0.041015625 0.033203125
0 0.0947265625 0.2861328125 0.025390625 0.029296875
0 0.05859375 0.2861328125 0.02734375 0.033203125
0 0.421875 0.275390625 0.02734375 0.01953125
0 0.126953125 0.279296875 0.0234375 0.03125
0 0.7412109375 0.2705078125 0.033203125 0.021484375
0 0.154296875 0.2705078125 0.03125 0.021484375
0 0.0712890625 0.267578125 0.013671875 0.015625
0 0.5087890625 0.26953125 0.025390625 0.03125
0 0.1904296875 0.2646484375 0.029296875 0.021484375
0 0.0302734375 0.2626953125 0.017578125 0.021484375
0 0.5810546875 0.2578125 0.029296875 0.02734375
0 0.2998046875 0.24609375 0.033203125 0.0234375
0 0.65625 0.24609375 0.02734375 0.03125
0 0.0322265625 0.232421875 0.033203125 0.0234375
0 0.345703125 0.2275390625 0.02734375 0.021484375
0 0.7265625 0.2294921875 0.03125 0.029296875
0 0.212890625 0.224609375 0.05078125 0.0234375
0 0.5693359375 0.22265625 0.025390625 0.02734375
0 0.392578125 0.21484375 0.03125 0.03125
0 0.6455078125 0.2109375 0.029296875 0.03125
0 0.443359375 0.205078125 0.02734375 0.03125
0 0.484375 0.203125 0.02734375 0.03125
0 0.716796875 0.197265625 0.02734375 0.0234375
0 0.1767578125 0.1962890625 0.029296875 0.021484375
0 0.216796875 0.1953125 0.02734375 0.0234375
0 0.0986328125 0.189453125 0.021484375 0.0234375
0 0.560546875 0.1904296875 0.03515625 0.029296875
0 0.029296875 0.177734375 0.0234375 0.02734375
0 0.6337890625 0.1748046875 0.033203125 0.025390625
0 0.4775390625 0.1650390625 0.025390625 0.025390625
0 0.208984375 0.1640625 0.03125 0.02734375
0 0.2958984375 0.1640625 0.025390625 0.0390625
0 0.0927734375 0.1572265625 0.029296875 0.025390625
0 0.7109375 0.1572265625 0.02734375 0.033203125
0 0.025390625 0.1484375 0.0234375 0.0234375
0 0.5576171875 0.150390625 0.025390625 0.03515625
0 0.6259765625 0.134765625 0.037109375 0.03125
0 0.2109375 0.1328125 0.02734375 0.02734375
0 0.46875 0.1318359375 0.02734375 0.029296875
0 0.0869140625 0.125 0.025390625 0.02734375
0 0.7001953125 0.1220703125 0.021484375 0.025390625
0 0.021484375 0.1201171875 0.0234375 0.025390625
0 0.54296875 0.1083984375 0.03515625 0.029296875
0 0.2041015625 0.095703125 0.029296875 0.02734375
0 0.623046875 0.095703125 0.02734375 0.03515625
0 0.0830078125 0.0927734375 0.025390625 0.029296875
0 0.017578125 0.0908203125 0.0234375 0.025390625
0 0.458984375 0.08984375 0.03125 0.03515625
0 0.298828125 0.080078125 0.04296875 0.02734375
0 0.53515625 0.0693359375 0.0390625 0.025390625
0 0.26171875 0.0654296875 0.01953125 0.017578125
0 0.201171875 0.06640625 0.0234375 0.0234375
0 0.0791015625 0.0615234375 0.025390625 0.025390625
0 0.0126953125 0.060546875 0.021484375 0.0234375
0 0.615234375 0.05859375 0.02734375 0.03125
0 0.2646484375 0.044921875 0.037109375 0.01953125
0 0.6826171875 0.04296875 0.025390625 0.0234375
0 0.7158203125 0.04296875 0.033203125 0.03125
0 0.4541015625 0.041015625 0.025390625 0.02734375
0 0.1865234375 0.037109375 0.037109375 0.02734375
0 0.77734375 0.037109375 0.03125 0.03515625
0 0.07421875 0.0302734375 0.0234375 0.021484375
0 0.009765625 0.0322265625 0.01953125 0.025390625
0 0.806640625 0.029296875 0.0234375 0.0234375
0 0.3505859375 0.02734375 0.021484375 0.0234375
0 0.83984375 0.017578125 0.03125 0.02734375
0 0.5234375 0.013671875 0.0390625 0.0234375
0 0.984375 0.0048828125 0.0234375 0.009765625
0 0.9501953125 0.0087890625 0.029296875 0.017578125
0 0.900390625 0.015625 0.0390625 0.03125
0 0.60546875 0.00390625 0.0234375 0.0078125
0 0.3623046875 0.001953125 0.005859375 0.00390625
0 0.2587890625 0.01171875 0.033203125 0.0234375
0 0.1865234375 0.009765625 0.025390625 0.01953125
0 0.0693359375 0.0078125 0.021484375 0.015625
0 0.0087890625 0.0068359375 0.017578125 0.013671875