0 0.3125 0.9970703125 0.015625 0.005859375
0 0.478515625 0.99609375 0.03125 0.0078125
0 0.3642578125 0.9931640625 0.029296875 0.013671875
0 0.126953125 0.9921875 0.01953125 0.015625
0 0.5458984375 0.990234375 0.033203125 0.01953125
0 0.0576171875 0.990234375 0.017578125 0.01953125
0 0.23046875 0.9873046875 0.02734375 0.017578125
0 0.3037109375 0.974609375 0.021484375 0.0234375
0 0.3583984375 0.9697265625 0.033203125 0.017578125
0 0.4814453125 0.96875 0.021484375 0.0234375
0 0.4365234375 0.96484375 0.033203125 0.0234375
0 0.224609375 0.962890625 0.02734375 0.01953125
0 0.5712890625 0.9541015625 0.013671875 0.013671875
0 0.0439453125 0.95703125 0.021484375 0.01953125
0 0.2919921875 0.947265625 0.025390625 0.01953125
0 0.220703125 0.94140625 0.02734375 0.01953125
0 0.3544921875 0.939453125 0.025390625 0.01953125
0 0.1337890625 0.9384765625 0.025390625 0.017578125
0 0.4306640625 0.9345703125 0.037109375 0.025390625
0 0.041015625 0.9326171875 0.02734375 0.025390625
0 0.2880859375 0.9228515625 0.025390625 0.021484375
0 0.3486328125 0.9111328125 0.025390625 0.021484375
0 0.4228515625 0.908203125 0.033203125 0.0234375
0 0.2109375 0.908203125 0.03125 0.02734375
0 0.6650390625 0.9091796875 0.033203125 0.033203125
0 0.03515625 0.8984375 0.0234375 0.02734375
0 0.3388671875 0.8837890625 0.033203125 0.017578125
0 0.1044921875 0.88671875 0.033203125 0.03125
0 0.2099609375 0.880859375 0.033203125 0.0234375
0 0.4482421875 0.8779296875 0.017578125 0.021484375
0 0.2783203125 0.8759765625 0.029296875 0.017578125
0 0.4189453125 0.8759765625 0.041015625 0.029296875
0 0.0283203125 0.8701171875 0.029296875 0.021484375
0 0.5615234375 0.8818359375 0.060546875 0.064453125
0 0.51171875 0.8623046875 0.01953125 0.033203125
0 0.3291015625 0.8544921875 0.041015625 0.017578125
0 0.1962890625 0.8564453125 0.029296875 0.021484375
0 0.484375 0.8583984375 0.0234375 0.033203125
0 0.2734375 0.8515625 0.0234375 0.0234375
0 0.0263671875 0.8447265625 0.029296875 0.029296875
0 0.412109375 0.8388671875 0.03515625 0.029296875
0 0.0966796875 0.8369140625 0.021484375 0.029296875
0 0.328125 0.8251953125 0.03125 0.021484375
0 0.1865234375 0.8251953125 0.037109375 0.025390625
0 0.01953125 0.8203125 0.03515625 0.0234375
0 0.5322265625 0.81640625 0.017578125 0.0234375
0 0.4716796875 0.8125 0.021484375 0.0234375
0 0.50390625 0.8125 0.01953125 0.02734375
0 0.2666015625 0.8076171875 0.021484375 0.025390625
0 0.4853515625 0.794921875 0.013671875 0.01171875
0 0.427734375 0.798828125 0.05859375 0.0234375
0 0.0166015625 0.7958984375 0.025390625 0.021484375
0 0.0810546875 0.7958984375 0.033203125 0.025390625
0 0.32421875 0.7939453125 0.03515625 0.025390625
0 0.59375 0.8134765625 0.04296875 0.072265625
0 0.5380859375 0.783203125 0.013671875 0.015625
0 0.6123046875 0.7841796875 0.021484375 0.021484375
0 0.1875 0.7841796875 0.03515625 0.025390625
0 0.296875 0.7763671875 0.015625 0.013671875
0 0.2548828125 0.7783203125 0.029296875 0.017578125
0 0.3994140625 0.7763671875 0.044921875 0.025390625
0 0.4423828125 0.7734375 0.017578125 0.0234375
0 0.6181640625 0.765625 0.021484375 0.015625
0 0.318359375 0.7685546875 0.02734375 0.021484375
0 0.5712890625 0.767578125 0.017578125 0.0234375
0 0.5166015625 0.765625 0.017578125 0.02734375
0 0.490234375 0.7626953125 0.015625 0.021484375
0 0.1845703125 0.7626953125 0.033203125 0.021484375
0 0.4677734375 0.76171875 0.021484375 0.03125
0 0.0078125 0.7607421875 0.015625 0.037109375
0 0.384765625 0.7509765625 0.03125 0.025390625
0 0.3115234375 0.7353515625 0.029296875 0.025390625
0 0.4208984375 0.7255859375 0.017578125 0.013671875
0 0.248046875 0.7294921875 0.03125 0.021484375
0 0.6181640625 0.7236328125 0.037109375 0.017578125
0 0.3837890625 0.724609375 0.029296875 0.0234375
0 0.58203125 0.716796875 0.01953125 0.0234375
0 0.5556640625 0.716796875 0.017578125 0.0234375
0 0.1689453125 0.72265625 0.052734375 0.0390625
0 0.5029296875 0.7138671875 0.021484375 0.025390625
0 0.4560546875 0.7080078125 0.025390625 0.017578125
0 0.30078125 0.7099609375 0.046875 0.029296875
0 0.09765625 0.724609375 0.08203125 0.05859375
0 0.490234375 0.697265625 0.0078125 0.015625
0 0.62890625 0.697265625 0.03125 0.0234375
0 0.2587890625 0.6923828125 0.025390625 0.029296875
0 0.232421875 0.693359375 0.0234375 0.03125
0 0.365234375 0.6845703125 0.0234375 0.029296875
0 0.6416015625 0.6748046875 0.025390625 0.021484375
0 0.392578125 0.6796875 0.0234375 0.03125
0 0.4169921875 0.67578125 0.025390625 0.03125
0 0.4423828125 0.6689453125 0.017578125 0.029296875
0 0.4765625 0.66796875 0.0234375 0.03125
0 0.501953125 0.6640625 0.0234375 0.03515625
0 0.5302734375 0.662109375 0.021484375 0.03515625
0 0.0185546875 0.6513671875 0.013671875 0.017578125
0 0.6015625 0.650390625 0.01953125 0.01953125
0 0.576171875 0.6572265625 0.0234375 0.033203125
0 0.646484375 0.646484375 0.03125 0.0234375
0 0.08203125 0.6328125 0.015625 0.0234375
0 0.001953125 0.6103515625 0.00390625 0.013671875
0 0.359375 0.587890625 0.046875 0.02734375
0 0.5927734375 0.5791015625 0.029296875 0.037109375
0 0.03515625 0.5869140625 0.0625 0.068359375
0 0.189453125 0.58984375 0.1875 0.11328125
0 0.650390625 0.556640625 0.05859375 0.05859375
0 0.4482421875 0.5361328125 0.185546875 0.048828125
0 0.5771484375 0.521484375 0.048828125 0.0234375
0 0.150390625 0.4853515625 0.01171875 0.017578125
0 0.1220703125 0.4853515625 0.013671875 0.017578125
0 0.837890625 0.5302734375 0.1875 0.111328125
0 0.955078125 0.5126953125 0.04296875 0.083984375
0 0.1845703125 0.4775390625 0.009765625 0.013671875
0 0.302734375 0.478515625 0.01953125 0.01953125
0 0.21875 0.4765625 0.015625 0.015625
0 0.400390625 0.466796875 0.015625 0.015625
0 0.376953125 0.46484375 0.015625 0.015625
0 0.01171875 0.470703125 0.01953125 0.03515625
0 0.0400390625 0.4677734375 0.021484375 0.037109375
0 0.1044921875 0.4560546875 0.017578125 0.021484375
0 0.0751953125 0.46484375 0.025390625 0.0390625
0 0.1328125 0.453125 0.0234375 0.02734375
0 0.16015625 0.44921875 0.0234375 0.02734375
0 0.19140625 0.4482421875 0.0234375 0.033203125
0 0.2216796875 0.443359375 0.021484375 0.02734375
0 0.515625 0.443359375 0.02734375 0.03125
0 0.2646484375 0.439453125 0.037109375 0.03125
0 0.662109375 0.4365234375 0.06640625 0.029296875
0 0.8134765625 0.431640625 0.064453125 0.03515625
0 0.2958984375 0.4287109375 0.017578125 0.029296875
0 0.3203125 0.4267578125 0.01953125 0.029296875
0 0.34765625 0.421875 0.01953125 0.02734375
0 0.384765625 0.4169921875 0.0234375 0.025390625
0 0.4296875 0.4248046875 0.0390625 0.060546875
0 0.4755859375 0.4072265625 0.025390625 0.033203125
0 0.5703125 0.3974609375 0.07421875 0.044921875
0 0.6611328125 0.3828125 0.025390625 0.0390625
0 0.0029296875 0.37890625 0.005859375 0.03515625
0 0.0234375 0.3759765625 0.02734375 0.033203125
0 0.705078125 0.376953125 0.046875 0.0390625
0 0.123046875 0.3681640625 0.0234375 0.021484375
0 0.0546875 0.3740234375 0.0234375 0.033203125
0 0.9248046875 0.36328125 0.025390625 0.015625
0 0.0966796875 0.3681640625 0.021484375 0.025390625
0 0.15234375 0.36328125 0.0234375 0.02734375
0 0.1826171875 0.3583984375 0.021484375 0.033203125
0 0.20703125 0.35546875 0.0234375 0.03125
0 0.234375 0.3515625 0.0234375 0.03125
0 0.275390625 0.3447265625 0.01953125 0.029296875
0 0.0615234375 0.337890625 0.017578125 0.01953125
0 0.3056640625 0.33984375 0.017578125 0.02734375
0 0.416015625 0.3330078125 0.02734375 0.029296875
0 0.369140625 0.3349609375 0.01953125 0.033203125
0 0.3447265625 0.3330078125 0.017578125 0.033203125
0 0.443359375 0.328125 0.0234375 0.03125
0 0.1669921875 0.318359375 0.017578125 0.015625
0 0.212890625 0.318359375 0.015625 0.01953125
0 0.1259765625 0.3115234375 0.017578125 0.013671875
0 0.5068359375 0.3212890625 0.037109375 0.037109375
0 0.5498046875 0.314453125 0.025390625 0.02734375
0 0.4091796875 0.3076171875 0.021484375 0.017578125
0 0.3056640625 0.302734375 0.017578125 0.01953125
0 0.369140625 0.2998046875 0.01171875 0.017578125
0 0.5869140625 0.3056640625 0.025390625 0.033203125
0 0.224609375 0.296875 0.01953125 0.015625
0 0.4384765625 0.29296875 0.025390625 0.01953125
0 0.64453125 0.2958984375 0.01953125 0.029296875
0 0.619140625 0.30078125 0.0234375 0.0390625
0 0.724609375 0.2890625 0.0390625 0.0234375
0 0.6865234375 0.291015625 0.025390625 0.02734375
0 0.041015625 0.29296875 0.01953125 0.03515625
0 0.01171875 0.2919921875 0.0234375 0.033203125
0 0.8388671875 0.318359375 0.064453125 0.08984375
0 0.0634765625 0.291015625 0.021484375 0.03515625
0 0.5009765625 0.2841796875 0.029296875 0.025390625
0 0.0869140625 0.2880859375 0.021484375 0.037109375
0 0.4111328125 0.271484375 0.017578125 0.015625
0 0.3681640625 0.267578125 0.013671875 0.015625
0 0.1259765625 0.27734375 0.037109375 0.03515625
0 0.4365234375 0.2685546875 0.029296875 0.021484375
0 0.6220703125 0.2646484375 0.017578125 0.017578125
0 0.1826171875 0.271484375 0.025390625 0.03515625
0 0.74609375 0.2568359375 0.04296875 0.025390625
0 0.4970703125 0.2568359375 0.025390625 0.025390625
0 0.2587890625 0.263671875 0.029296875 0.0390625
0 0.2197265625 0.25390625 0.025390625 0.0234375
0 0.2958984375 0.2548828125 0.025390625 0.029296875
0 0.3251953125 0.2470703125 0.021484375 0.029296875
0 0.560546875 0.2392578125 0.015625 0.017578125
0 0.6943359375 0.236328125 0.013671875 0.015625
0 0.65234375 0.236328125 0.015625 0.015625
0 0.599609375 0.2353515625 0.015625 0.017578125
0 0.353515625 0.240234375 0.01953125 0.02734375
0 0.3955078125 0.2392578125 0.021484375 0.041015625
0 0.431640625 0.236328125 0.02734375 0.0390625
0 0.9970703125 0.21875 0.005859375 0.0078125
0 0.5 0.2216796875 0.02734375 0.033203125
0 0.7529296875 0.21484375 0.037109375 0.0234375
0 0.53515625 0.2197265625 0.02734375 0.037109375
0 0.5732421875 0.2119140625 0.025390625 0.029296875
0 0.6103515625 0.20703125 0.021484375 0.02734375
0 0.0068359375 0.2080078125 0.013671875 0.033203125
0 0.6376953125 0.2060546875 0.021484375 0.033203125
0 0.9921875 0.2001953125 0.015625 0.025390625
0 0.859375 0.2021484375 0.03515625 0.029296875
0 0.03125 0.205078125 0.0234375 0.03515625
0 0.669921875 0.2021484375 0.01953125 0.033203125
0 0.7041015625 0.2001953125 0.021484375 0.037109375
0 0.1083984375 0.185546875 0.037109375 0.02734375
0 0.9150390625 0.189453125 0.048828125 0.04296875
0 0.021484375 0.177734375 0.03515625 0.01953125
0 0.1650390625 0.1787109375 0.048828125 0.037109375
0 0.9736328125 0.1767578125 0.033203125 0.037109375
0 0.7744140625 0.173828125 0.044921875 0.03515625
0 0.8681640625 0.166015625 0.029296875 0.02734375
0 0.3681640625 0.1611328125 0.021484375 0.021484375
0 0.3349609375 0.162109375 0.025390625 0.03125
0 0.2607421875 0.1640625 0.037109375 0.0390625
0 0.490234375 0.146484375 0.02734375 0.0234375
0 0.39453125 0.15234375 0.02734375 0.03515625
0 0.1044921875 0.14453125 0.037109375 0.01953125
0 0.0185546875 0.1494140625 0.037109375 0.029296875
0 0.423828125 0.146484375 0.0234375 0.02734375
0 0.5302734375 0.142578125 0.021484375 0.0234375
0 0.1728515625 0.140625 0.029296875 0.01953125
0 0.94921875 0.1455078125 0.03515625 0.033203125
0 0.873046875 0.13671875 0.04296875 0.0234375
0 0.5517578125 0.13671875 0.021484375 0.02734375
0 0.923828125 0.1337890625 0.03125 0.029296875
0 0.1376953125 0.125 0.033203125 0.015625
0 0.6064453125 0.130859375 0.021484375 0.03125
0 0.2958984375 0.146484375 0.029296875 0.06640625
0 0.017578125 0.1220703125 0.03125 0.017578125
0 0.6357421875 0.1259765625 0.029296875 0.029296875
0 0.34375 0.1171875 0.015625 0.01171875
0 0.6962890625 0.119140625 0.021484375 0.03125
0 0.25390625 0.1142578125 0.03515625 0.021484375
0 0.7294921875 0.1162109375 0.021484375 0.029296875
0 0.576171875 0.1162109375 0.0234375 0.029296875
0 0.1015625 0.111328125 0.04296875 0.0234375
0 0.41796875 0.10546875 0.02734375 0.01953125
0 0.7861328125 0.1025390625 0.025390625 0.017578125
0 0.7490234375 0.09765625 0.017578125 0.015625
0 0.484375 0.1005859375 0.03515625 0.021484375
0 0.1650390625 0.1005859375 0.033203125 0.021484375
0 0.0166015625 0.1005859375 0.029296875 0.021484375
0 0.5263671875 0.09375 0.017578125 0.015625
0 0.37890625 0.09765625 0.0234375 0.03125
0 0.775390625 0.0849609375 0.015625 0.013671875
0 0.7255859375 0.0869140625 0.017578125 0.017578125
0 0.6298828125 0.08203125 0.025390625 0.01953125
0 0.2470703125 0.083984375 0.029296875 0.0234375
0 0.6962890625 0.0791015625 0.033203125 0.025390625
0 0.4111328125 0.072265625 0.025390625 0.01953125
0 0.166015625 0.072265625 0.02734375 0.01953125
0 0.80078125 0.0703125 0.0234375 0.01953125
0 0.5908203125 0.0673828125 0.017578125 0.017578125
0 0.4833984375 0.0693359375 0.029296875 0.025390625
0 0.0107421875 0.0712890625 0.021484375 0.029296875
0 0.3720703125 0.0615234375 0.021484375 0.017578125
0 0.623046875 0.0595703125 0.0390625 0.021484375
0 0.2919921875 0.056640625 0.017578125 0.015625
0 0.720703125 0.0537109375 0.01953125 0.017578125
0 0.2470703125 0.056640625 0.041015625 0.02734375
0 0.095703125 0.0498046875 0.04296875 0.025390625
0 0.40234375 0.0458984375 0.0390625 0.021484375
0 0.8037109375 0.0380859375 0.029296875 0.021484375
0 0.6953125 0.041015625 0.03515625 0.02734375
0 0.478515625 0.037109375 0.02734375 0.02734375
0 0.158203125 0.0341796875 0.03125 0.021484375
0 0.619140625 0.0302734375 0.0390625 0.021484375
0 0.5859375 0.0283203125 0.01953125 0.017578125
0 0.322265625 0.0390625 0.03125 0.046875
0 0.23828125 0.0263671875 0.03515625 0.025390625
0 0.537109375 0.021484375 0.015625 0.01953125
0 0.083984375 0.0205078125 0.03515625 0.017578125
0 0.005859375 0.0185546875 0.01171875 0.021484375
0 0.8115234375 0.0146484375 0.033203125 0.021484375
0 0.947265625 0.0390625 0.10546875 0.078125
0 0.6904296875 0.0078125 0.029296875 0.015625
0 0.6162109375 0.0068359375 0.037109375 0.013671875
0 0.53515625 0.0048828125 0.015625 0.009765625
0 0.4755859375 0.0029296875 0.037109375 0.005859375
0 0.38671875 0.009765625 0.03125 0.01953125
0 0.2275390625 0.0029296875 0.021484375 0.005859375
0 0.154296875 0.0029296875 0.03125 0.005859375
0 0.078125 0.001953125 0.0234375 0.00390625