0 0.62109375 0.99609375 0.01171875 0.0078125
0 0.3671875 0.9892578125 0.03515625 0.021484375
0 0.1943359375 0.984375 0.017578125 0.015625
0 0.0419921875 0.9873046875 0.025390625 0.025390625
0 0.6337890625 0.9853515625 0.025390625 0.025390625
0 0.72265625 0.9853515625 0.04296875 0.029296875
0 0.26953125 0.9853515625 0.05859375 0.029296875
0 0.0703125 0.98046875 0.0234375 0.0234375
0 0.5634765625 0.98046875 0.033203125 0.02734375
0 0.1005859375 0.97265625 0.025390625 0.0234375
0 0.1298828125 0.966796875 0.025390625 0.0234375
0 0.7412109375 0.9658203125 0.033203125 0.029296875
0 0.501953125 0.9638671875 0.02734375 0.033203125
0 0.1591796875 0.958984375 0.029296875 0.0234375
0 0.46875 0.9560546875 0.02734375 0.029296875
0 0.2744140625 0.951171875 0.041015625 0.02734375
0 0.537109375 0.955078125 0.03125 0.0390625
0 0.4326171875 0.94921875 0.025390625 0.02734375
0 0.1884765625 0.9462890625 0.021484375 0.021484375
0 0.75 0.943359375 0.02734375 0.01953125
0 0.380859375 0.9404296875 0.0390625 0.025390625
0 0.00390625 0.9384765625 0.0078125 0.025390625
0 0.6630859375 0.9404296875 0.033203125 0.033203125
0 0.6162109375 0.92578125 0.021484375 0.0234375
0 0.04296875 0.9267578125 0.03515625 0.029296875
0 0.7021484375 0.8740234375 0.033203125 0.029296875
0 0.4677734375 0.884765625 0.123046875 0.06640625
0 0.921875 0.8515625 0.02734375 0.0234375
0 0.720703125 0.8525390625 0.03125 0.029296875
0 0.734375 0.828125 0.02734375 0.02734375
0 0.712890625 0.8115234375 0.01953125 0.021484375
0 0.458984375 0.80078125 0.0625 0.03515625
0 0.7646484375 0.787109375 0.033203125 0.03125
0 0.73046875 0.7724609375 0.01953125 0.021484375
0 0.4443359375 0.7412109375 0.052734375 0.048828125
0 0.3671875 0.6787109375 0.05078125 0.080078125
0 0.478515625 0.6533203125 0.05859375 0.037109375
0 0.00390625 0.6328125 0.0078125 0.02734375
0 0.505859375 0.62890625 0.09765625 0.046875
0 0.2294921875 0.65234375 0.189453125 0.15234375
0 0.3955078125 0.5947265625 0.044921875 0.068359375
0 0.0068359375 0.587890625 0.013671875 0.05859375
0 0.3994140625 0.5205078125 0.052734375 0.048828125
0 0.5546875 0.5341796875 0.09375 0.080078125
0 0.708984375 0.5341796875 0.10546875 0.138671875
0 0.419921875 0.45703125 0.03515625 0.04296875
0 0.548828125 0.4296875 0.04296875 0.046875
0 0.2890625 0.4189453125 0.0625 0.072265625
0 0.3310546875 0.361328125 0.083984375 0.06640625
0 0.439453125 0.3349609375 0.0625 0.037109375
0 0.4716796875 0.2763671875 0.037109375 0.025390625
0 0.0849609375 0.2578125 0.029296875 0.02734375
0 0.2587890625 0.2861328125 0.087890625 0.087890625
0 0.41015625 0.2470703125 0.02734375 0.029296875
0 0.48828125 0.2353515625 0.02734375 0.021484375
0 0.111328125 0.23046875 0.02734375 0.02734375
0 0.4375 0.220703125 0.02734375 0.02734375
0 0.1357421875 0.20703125 0.029296875 0.02734375
0 0.498046875 0.2001953125 0.03515625 0.021484375
0 0.31640625 0.228515625 0.0859375 0.08984375
0 0.0537109375 0.19140625 0.025390625 0.0234375
0 0.4599609375 0.1923828125 0.041015625 0.033203125
0 0.380859375 0.1796875 0.03125 0.03125
0 0.162109375 0.1796875 0.03125 0.03125
0 0.19921875 0.1611328125 0.02734375 0.025390625
0 0.080078125 0.1630859375 0.03125 0.033203125
0 0.2353515625 0.1513671875 0.021484375 0.017578125
0 0.421875 0.154296875 0.03125 0.03125
0 0.275390625 0.146484375 0.03125 0.0234375
0 0.3193359375 0.134765625 0.037109375 0.02734375
0 0.11328125 0.130859375 0.02734375 0.02734375
0 0.8564453125 0.1162109375 0.017578125 0.017578125
0 0.501953125 0.1259765625 0.046875 0.037109375
0 0.876953125 0.1171875 0.0234375 0.03515625
0 0.3916015625 0.109375 0.037109375 0.02734375
0 0.837890625 0.1083984375 0.01953125 0.037109375
0 0.4677734375 0.09765625 0.029296875 0.03125
0 0.076171875 0.0947265625 0.0390625 0.033203125
0 0.0048828125 0.0830078125 0.009765625 0.021484375
0 0.1787109375 0.0810546875 0.029296875 0.029296875
0 0.455078125 0.0732421875 0.03125 0.025390625
0 0.208984375 0.076171875 0.01953125 0.03125
0 0.5322265625 0.064453125 0.033203125 0.03125
0 0.3779296875 0.052734375 0.029296875 0.0234375
0 0.4541015625 0.0478515625 0.029296875 0.021484375
0 0.3408203125 0.0498046875 0.021484375 0.025390625
0 0.2470703125 0.0458984375 0.025390625 0.025390625
0 0.1396484375 0.0439453125 0.021484375 0.029296875
0 0.5029296875 0.041015625 0.025390625 0.02734375
0 0.3720703125 0.03515625 0.029296875 0.01953125
0 0.060546875 0.0419921875 0.02734375 0.033203125
0 0.544921875 0.0146484375 0.02734375 0.021484375
0 0.2392578125 0.0166015625 0.029296875 0.025390625
0 0.552734375 0.0029296875 0.015625 0.005859375
0 0.4775390625 0.0166015625 0.033203125 0.033203125
0 0.3671875 0.0126953125 0.03125 0.025390625
0 0.3115234375 0.013671875 0.025390625 0.02734375
0 0.126953125 0.009765625 0.01953125 0.01953125
0 0.05859375 0.0029296875 0.015625 0.005859375