0 0.1640625 0.998046875 0.0078125 0.00390625
0 0.888671875 0.9970703125 0.0078125 0.005859375
0 0.986328125 0.994140625 0.01953125 0.01171875
0 0.9677734375 0.9853515625 0.025390625 0.025390625
0 0.5302734375 0.986328125 0.029296875 0.02734375
0 0.267578125 0.9814453125 0.04296875 0.037109375
0 0.951171875 0.970703125 0.0234375 0.0234375
0 0.7509765625 0.9794921875 0.048828125 0.041015625
0 0.8466796875 0.978515625 0.060546875 0.04296875
0 0.392578125 0.9765625 0.0234375 0.046875
0 0.9970703125 0.951171875 0.005859375 0.0078125
0 0.9326171875 0.9599609375 0.029296875 0.029296875
0 0.1123046875 0.958984375 0.029296875 0.03125
0 0.0205078125 0.9697265625 0.041015625 0.052734375
0 0.77734375 0.955078125 0.02734375 0.02734375
0 0.193359375 0.9619140625 0.046875 0.044921875
0 0.474609375 0.9619140625 0.046875 0.052734375
0 0.9033203125 0.939453125 0.033203125 0.02734375
0 0.7939453125 0.9365234375 0.025390625 0.025390625
0 0.587890625 0.9384765625 0.046875 0.033203125
0 0.529296875 0.9404296875 0.04296875 0.044921875
0 0.35546875 0.9375 0.046875 0.0390625
0 0.705078125 0.9345703125 0.03515625 0.048828125
0 0.3017578125 0.9365234375 0.044921875 0.052734375
0 0.9814453125 0.927734375 0.037109375 0.04296875
0 0.806640625 0.91796875 0.02734375 0.02734375
0 0.1572265625 0.92578125 0.044921875 0.046875
0 0.8798828125 0.91796875 0.033203125 0.03515625
0 0.9619140625 0.904296875 0.029296875 0.03125
0 0.8251953125 0.8994140625 0.025390625 0.025390625
0 0.203125 0.912109375 0.046875 0.05078125
0 0.087890625 0.904296875 0.046875 0.0625
0 0.9423828125 0.8857421875 0.029296875 0.029296875
0 0.9677734375 0.876953125 0.017578125 0.01953125
0 0.3193359375 0.884765625 0.048828125 0.04296875
0 0.0244140625 0.8779296875 0.029296875 0.029296875
0 0.6376953125 0.884765625 0.025390625 0.046875
0 0.919921875 0.8701171875 0.02734375 0.025390625
0 0.8427734375 0.875 0.037109375 0.03515625
0 0.1064453125 0.873046875 0.033203125 0.03515625
0 0.55078125 0.873046875 0.05078125 0.0390625
0 0.4248046875 0.8779296875 0.048828125 0.056640625
0 0.9013671875 0.8544921875 0.025390625 0.025390625
0 0.7265625 0.8681640625 0.03515625 0.052734375
0 0.8095703125 0.8505859375 0.025390625 0.025390625
0 0.12890625 0.857421875 0.0390625 0.0390625
0 0.0439453125 0.8525390625 0.029296875 0.029296875
0 0.9921875 0.849609375 0.015625 0.02734375
0 0.9248046875 0.8408203125 0.021484375 0.021484375
0 0.595703125 0.8515625 0.0390625 0.046875
0 0.013671875 0.845703125 0.02734375 0.0390625
0 0.0029296875 0.826171875 0.005859375 0.0078125
0 0.8837890625 0.8349609375 0.029296875 0.033203125
0 0.0654296875 0.8349609375 0.033203125 0.037109375
0 0.9765625 0.83203125 0.03125 0.04296875
0 0.1591796875 0.8349609375 0.048828125 0.048828125
0 0.3916015625 0.8310546875 0.033203125 0.048828125
0 0.86328125 0.818359375 0.02734375 0.02734375
0 0.32421875 0.8271484375 0.02734375 0.048828125
0 0.552734375 0.82421875 0.03515625 0.046875
0 0.21484375 0.828125 0.05078125 0.0546875
0 0.8486328125 0.806640625 0.025390625 0.0234375
0 0.0859375 0.8115234375 0.03515625 0.033203125
0 0.0498046875 0.8056640625 0.021484375 0.021484375
0 0.9541015625 0.8056640625 0.029296875 0.029296875
0 0.69140625 0.80859375 0.04296875 0.0390625
0 0.9296875 0.7900390625 0.03515625 0.037109375
0 0.0107421875 0.7861328125 0.021484375 0.033203125
0 0.8642578125 0.7724609375 0.021484375 0.021484375
0 0.912109375 0.775390625 0.03515625 0.0390625
0 0.4931640625 0.7685546875 0.044921875 0.033203125
0 0.2001953125 0.7724609375 0.044921875 0.041015625
0 0.0302734375 0.763671875 0.033203125 0.03125
0 0.62890625 0.7724609375 0.046875 0.052734375
0 0.390625 0.767578125 0.02734375 0.046875
0 0.8935546875 0.7587890625 0.033203125 0.041015625
0 0.2880859375 0.7568359375 0.044921875 0.044921875
0 0.9873046875 0.7509765625 0.025390625 0.037109375
0 0.0908203125 0.755859375 0.041015625 0.05859375
0 0.580078125 0.73828125 0.046875 0.046875
0 0.44140625 0.734375 0.046875 0.04296875
0 0.162109375 0.712890625 0.046875 0.0390625
0 0.3310546875 0.712890625 0.048828125 0.04296875
0 0.939453125 0.705078125 0.0390625 0.0390625
0 0.275390625 0.7041015625 0.04296875 0.044921875
0 0.0673828125 0.693359375 0.017578125 0.046875
0 0.5244140625 0.693359375 0.052734375 0.05078125
0 0.966796875 0.673828125 0.03125 0.02734375
0 0.3486328125 0.6630859375 0.017578125 0.044921875
0 0.482421875 0.662109375 0.046875 0.046875
0 0.98828125 0.6484375 0.0234375 0.02734375
0 0.236328125 0.646484375 0.046875 0.046875
0 0.189453125 0.6376953125 0.0390625 0.037109375
0 0.00390625 0.62109375 0.0078125 0.01171875
0 0.091796875 0.625 0.0390625 0.04296875
0 0.43359375 0.6181640625 0.046875 0.044921875
0 0.486328125 0.6083984375 0.046875 0.044921875
0 0.3203125 0.60546875 0.04296875 0.0546875
0 0.22265625 0.5986328125 0.0390625 0.041015625
0 0.013671875 0.59375 0.02734375 0.04296875
0 0.0302734375 0.5771484375 0.033203125 0.037109375
0 0.263671875 0.564453125 0.046875 0.01953125
0 0.3876953125 0.57421875 0.041015625 0.046875
0 0.0498046875 0.560546875 0.033203125 0.03515625
0 0.1484375 0.564453125 0.04296875 0.046875
0 0.0712890625 0.5419921875 0.037109375 0.037109375
0 0.0869140625 0.5244140625 0.033203125 0.033203125
0 0.3505859375 0.51953125 0.044921875 0.046875
0 0.197265625 0.51171875 0.04296875 0.046875
0 0.015625 0.4951171875 0.03125 0.056640625
0 0.3115234375 0.4716796875 0.025390625 0.048828125
0 0.1357421875 0.4873046875 0.091796875 0.083984375
0 0.2568359375 0.462890625 0.021484375 0.046875
0 0.0576171875 0.451171875 0.048828125 0.05078125
0 0.1953125 0.427734375 0.03125 0.03515625
0 0.0341796875 0.4248046875 0.033203125 0.037109375
0 0.0986328125 0.4208984375 0.037109375 0.037109375
0 0.21484375 0.4091796875 0.03125 0.033203125
0 0.1142578125 0.4033203125 0.044921875 0.044921875
0 0.2314453125 0.3935546875 0.033203125 0.033203125
0 0.015625 0.4013671875 0.03125 0.052734375
0 0.0791015625 0.37890625 0.037109375 0.03515625
0 0.0107421875 0.3662109375 0.021484375 0.021484375
0 0.1591796875 0.3642578125 0.037109375 0.033203125
0 0.060546875 0.3623046875 0.03515625 0.037109375
0 0.2607421875 0.3671875 0.060546875 0.0546875
0 0.173828125 0.3466796875 0.04296875 0.041015625
0 0.044921875 0.3408203125 0.03125 0.033203125
0 0.2822265625 0.33984375 0.033203125 0.03515625
0 0.2021484375 0.3291015625 0.029296875 0.029296875
0 0.130859375 0.3310546875 0.03125 0.033203125
0 0.2978515625 0.3232421875 0.033203125 0.033203125
0 0.0263671875 0.32421875 0.033203125 0.03515625
0 0.3525390625 0.3134765625 0.021484375 0.021484375
0 0.1123046875 0.3115234375 0.029296875 0.029296875
0 0.3134765625 0.302734375 0.029296875 0.02734375
0 0.22265625 0.3046875 0.03125 0.03125
0 0.0908203125 0.296875 0.025390625 0.0234375
0 0.0107421875 0.29296875 0.021484375 0.03125
0 0.3330078125 0.2841796875 0.029296875 0.029296875
0 0.1806640625 0.2783203125 0.044921875 0.041015625
0 0.35546875 0.2705078125 0.03515625 0.033203125
0 0.1279296875 0.2626953125 0.017578125 0.017578125
0 0.068359375 0.2744140625 0.046875 0.041015625
0 0.267578125 0.2587890625 0.03125 0.037109375
0 0.1640625 0.255859375 0.03515625 0.03515625
0 0.37109375 0.2529296875 0.02734375 0.033203125
0 0.0390625 0.25 0.02734375 0.03125
0 0.244140625 0.244140625 0.0390625 0.0390625
0 0.3896484375 0.236328125 0.029296875 0.03515625
0 0.0703125 0.224609375 0.03125 0.02734375
0 0.326171875 0.2197265625 0.02734375 0.025390625
0 0.4111328125 0.2236328125 0.037109375 0.037109375
0 0.0048828125 0.2109375 0.009765625 0.01953125
0 0.1259765625 0.2138671875 0.029296875 0.029296875
0 0.4267578125 0.2041015625 0.029296875 0.025390625
0 0.3076171875 0.203125 0.025390625 0.0234375
0 0.0869140625 0.20703125 0.033203125 0.03125
0 0.291015625 0.1884765625 0.02734375 0.025390625
0 0.4482421875 0.189453125 0.029296875 0.03125
0 0.2041015625 0.20703125 0.064453125 0.06640625
0 0.1044921875 0.189453125 0.029296875 0.03125
0 0.373046875 0.18359375 0.0234375 0.0234375
0 0.0146484375 0.1865234375 0.029296875 0.037109375
0 0.2744140625 0.171875 0.025390625 0.02734375
0 0.1708984375 0.1728515625 0.037109375 0.037109375
0 0.03515625 0.16796875 0.0234375 0.03125
0 0.3515625 0.1640625 0.02734375 0.03125
0 0.2548828125 0.154296875 0.029296875 0.02734375
0 0.3330078125 0.150390625 0.029296875 0.0234375
0 0.0546875 0.1494140625 0.02734375 0.025390625
0 0.3994140625 0.1533203125 0.029296875 0.037109375
0 0.4560546875 0.1494140625 0.041015625 0.044921875
0 0.23828125 0.1357421875 0.02734375 0.025390625
0 0.31640625 0.1328125 0.02734375 0.02734375
0 0.1474609375 0.146484375 0.048828125 0.0546875
0 0.2197265625 0.119140625 0.025390625 0.02734375
0 0.4443359375 0.1162109375 0.029296875 0.025390625
0 0.298828125 0.1171875 0.02734375 0.02734375
0 0.375 0.107421875 0.02734375 0.0234375
0 0.0556640625 0.10546875 0.029296875 0.03125
0 0.0087890625 0.1005859375 0.017578125 0.025390625
0 0.28125 0.099609375 0.02734375 0.02734375
0 0.435546875 0.0927734375 0.03125 0.025390625
0 0.3544921875 0.0947265625 0.033203125 0.033203125
0 0.0986328125 0.099609375 0.037109375 0.04296875
0 0.1904296875 0.0947265625 0.037109375 0.041015625
0 0.263671875 0.08203125 0.03125 0.03125
0 0.12890625 0.0751953125 0.02734375 0.029296875
0 0.017578125 0.07421875 0.03515625 0.03515625
0 0.4111328125 0.06640625 0.025390625 0.02734375
0 0.244140625 0.0625 0.03125 0.02734375
0 0.3916015625 0.0537109375 0.021484375 0.021484375
0 0.3193359375 0.0595703125 0.037109375 0.037109375
0 0.2265625 0.0458984375 0.02734375 0.029296875
0 0.3046875 0.0380859375 0.02734375 0.025390625
0 0.375 0.03515625 0.0234375 0.0234375
0 0.0361328125 0.037109375 0.041015625 0.046875
0 0.359375 0.01953125 0.0234375 0.0234375
0 0.2861328125 0.021484375 0.029296875 0.02734375
0 0.1904296875 0.0205078125 0.025390625 0.025390625
0 0.3427734375 0.0078125 0.025390625 0.015625
0 0.2685546875 0.009765625 0.029296875 0.01953125
0 0.2080078125 0.0078125 0.025390625 0.015625
0 0.12890625 0.01171875 0.05859375 0.0234375