0 0.26953125 0.998046875 0.00390625 0.00390625
0 0.185546875 0.9970703125 0.0234375 0.005859375
0 0.068359375 0.9951171875 0.0234375 0.009765625
0 0.0078125 0.9951171875 0.015625 0.009765625
0 0.9091796875 0.994140625 0.017578125 0.01171875
0 0.9833984375 0.9921875 0.025390625 0.015625
0 0.9482421875 0.9912109375 0.029296875 0.017578125
0 0.603515625 0.990234375 0.02734375 0.01953125
0 0.3671875 0.98828125 0.0234375 0.0234375
0 0.443359375 0.9873046875 0.0234375 0.025390625
0 0.5166015625 0.9765625 0.025390625 0.0234375
0 0.6748046875 0.9775390625 0.029296875 0.029296875
0 0.705078125 0.9736328125 0.02734375 0.025390625
0 0.2470703125 0.97265625 0.033203125 0.0234375
0 0.0068359375 0.97265625 0.013671875 0.0234375
0 0.173828125 0.970703125 0.0390625 0.0234375
0 0.0625 0.970703125 0.01953125 0.0234375
0 0.759765625 0.96875 0.03125 0.0234375
0 0.5966796875 0.9619140625 0.029296875 0.025390625
0 0.30078125 0.9609375 0.0234375 0.02734375
0 0.43359375 0.951171875 0.0234375 0.01953125
0 0.833984375 0.9482421875 0.0390625 0.025390625
0 0.1748046875 0.9443359375 0.025390625 0.021484375
0 0.00390625 0.9423828125 0.0078125 0.021484375
0 0.509765625 0.9423828125 0.03125 0.025390625
0 0.2392578125 0.9404296875 0.029296875 0.025390625
0 0.0615234375 0.9384765625 0.025390625 0.025390625
0 0.908203125 0.9345703125 0.03125 0.021484375
0 0.75390625 0.927734375 0.02734375 0.02734375
0 0.35546875 0.9248046875 0.01953125 0.021484375
0 0.2958984375 0.92578125 0.025390625 0.0234375
0 0.001953125 0.9189453125 0.00390625 0.013671875
0 0.5888671875 0.9248046875 0.029296875 0.033203125
0 0.4228515625 0.916015625 0.033203125 0.0234375
0 0.8212890625 0.916015625 0.029296875 0.02734375
0 0.1650390625 0.912109375 0.037109375 0.0234375
0 0.66015625 0.91015625 0.03125 0.03125
0 0.0546875 0.9072265625 0.03125 0.025390625
0 0.2353515625 0.9033203125 0.033203125 0.021484375
0 0.4990234375 0.904296875 0.025390625 0.02734375
0 0.904296875 0.9013671875 0.0390625 0.033203125
0 0.7451171875 0.896484375 0.033203125 0.0234375
0 0.3505859375 0.8896484375 0.021484375 0.017578125
0 0.2900390625 0.8935546875 0.021484375 0.025390625
0 0.5859375 0.8876953125 0.02734375 0.025390625
0 0.9814453125 0.8994140625 0.025390625 0.052734375
0 0.4208984375 0.8798828125 0.025390625 0.021484375
0 0.0966796875 0.8779296875 0.017578125 0.017578125
0 0.822265625 0.8798828125 0.0390625 0.025390625
0 0.1630859375 0.8818359375 0.033203125 0.029296875
0 0.1240234375 0.8740234375 0.017578125 0.017578125
0 0.65625 0.875 0.0390625 0.0234375
0 0.2255859375 0.8720703125 0.029296875 0.021484375
0 0.9013671875 0.8642578125 0.025390625 0.029296875
0 0.2822265625 0.859375 0.025390625 0.01953125
0 0.34375 0.8564453125 0.0234375 0.017578125
0 0.4990234375 0.8603515625 0.037109375 0.029296875
0 0.736328125 0.8564453125 0.0234375 0.025390625
0 0.0419921875 0.8515625 0.021484375 0.0234375
0 0.076171875 0.8515625 0.02734375 0.03125
0 0.97265625 0.845703125 0.0234375 0.02734375
0 0.578125 0.84375 0.02734375 0.02734375
0 0.412109375 0.8427734375 0.03125 0.025390625
0 0.8076171875 0.84375 0.033203125 0.03125
0 0.6455078125 0.8408203125 0.029296875 0.025390625
0 0.1044921875 0.84375 0.021484375 0.03125
0 0.1494140625 0.833984375 0.029296875 0.03125
0 0.21484375 0.8291015625 0.0234375 0.025390625
0 0.8828125 0.8291015625 0.0234375 0.029296875
0 0.7294921875 0.826171875 0.033203125 0.02734375
0 0.2734375 0.8212890625 0.02734375 0.021484375
0 0.6943359375 0.8193359375 0.021484375 0.021484375
0 0.3359375 0.814453125 0.02734375 0.0234375
0 0.8037109375 0.80859375 0.029296875 0.02734375
0 0.380859375 0.8095703125 0.0234375 0.029296875
0 0.41796875 0.8076171875 0.0234375 0.029296875
0 0.474609375 0.80078125 0.0234375 0.0234375
0 0.8798828125 0.79296875 0.029296875 0.02734375
0 0.5224609375 0.79296875 0.033203125 0.02734375
0 0.01953125 0.7900390625 0.01953125 0.021484375
0 0.7265625 0.7890625 0.0234375 0.0234375
0 0.0732421875 0.783203125 0.025390625 0.01953125
0 0.5654296875 0.7822265625 0.033203125 0.025390625
0 0.115234375 0.7783203125 0.01953125 0.021484375
0 0.9619140625 0.7783203125 0.033203125 0.033203125
0 0.8037109375 0.7724609375 0.044921875 0.029296875
0 0.62890625 0.7685546875 0.02734375 0.021484375
0 0.1416015625 0.771484375 0.025390625 0.02734375
0 0.6630859375 0.7646484375 0.033203125 0.025390625
0 0.9443359375 0.7509765625 0.017578125 0.013671875
0 0.71484375 0.75390625 0.03515625 0.02734375
0 0.3232421875 0.7509765625 0.029296875 0.025390625
0 0.0693359375 0.7451171875 0.017578125 0.017578125
0 0.4013671875 0.7451171875 0.021484375 0.021484375
0 0.26953125 0.75 0.0234375 0.0390625
0 0.08984375 0.7373046875 0.01953125 0.013671875
0 0.9658203125 0.732421875 0.013671875 0.015625
0 0.7861328125 0.73828125 0.033203125 0.03125
0 0.2236328125 0.7451171875 0.056640625 0.044921875
0 0.5078125 0.7275390625 0.02734375 0.021484375
0 0.8486328125 0.7255859375 0.021484375 0.021484375
0 0.3671875 0.736328125 0.03515625 0.04296875
0 0.1259765625 0.7216796875 0.029296875 0.021484375
0 0.5537109375 0.7197265625 0.025390625 0.021484375
0 0.8818359375 0.7177734375 0.025390625 0.021484375
0 0.3125 0.7158203125 0.0234375 0.021484375
0 0.251953125 0.712890625 0.01953125 0.015625
0 0.9404296875 0.7109375 0.025390625 0.0234375
0 0.470703125 0.72265625 0.03515625 0.046875
0 0.9697265625 0.703125 0.025390625 0.0234375
0 0.2099609375 0.7021484375 0.033203125 0.021484375
0 0.99609375 0.6953125 0.0078125 0.015625
0 0.6650390625 0.6962890625 0.029296875 0.017578125
0 0.619140625 0.7041015625 0.03125 0.037109375
0 0.703125 0.6884765625 0.03125 0.025390625
0 0.3828125 0.689453125 0.01953125 0.02734375
0 0.1240234375 0.6884765625 0.025390625 0.025390625
0 0.0048828125 0.68359375 0.009765625 0.01953125
0 0.453125 0.6826171875 0.01953125 0.025390625
0 0.0390625 0.6826171875 0.0234375 0.025390625
0 0.3056640625 0.6767578125 0.025390625 0.025390625
0 0.064453125 0.671875 0.015625 0.01953125
0 0.7744140625 0.671875 0.029296875 0.02734375
0 0.1923828125 0.6748046875 0.041015625 0.033203125
0 0.0986328125 0.66796875 0.021484375 0.0234375
0 0.8359375 0.66015625 0.03125 0.0234375
0 0.2431640625 0.6630859375 0.037109375 0.029296875
0 0.3759765625 0.6552734375 0.021484375 0.029296875
0 0.326171875 0.658203125 0.0234375 0.03515625
0 0.8720703125 0.6494140625 0.033203125 0.025390625
0 0.908203125 0.642578125 0.03125 0.0234375
0 0.298828125 0.6396484375 0.0234375 0.021484375
0 0.4482421875 0.642578125 0.029296875 0.03125
0 0.3515625 0.6328125 0.015625 0.01171875
0 0.767578125 0.63671875 0.01953125 0.0234375
0 0.681640625 0.6337890625 0.01953125 0.021484375
0 0.9765625 0.6298828125 0.02734375 0.025390625
0 0.9453125 0.630859375 0.0234375 0.02734375
0 0.1806640625 0.6259765625 0.033203125 0.025390625
0 0.3232421875 0.6142578125 0.017578125 0.013671875
0 0.2353515625 0.6201171875 0.025390625 0.025390625
0 0.3701171875 0.6171875 0.025390625 0.0234375
0 0.0205078125 0.6064453125 0.025390625 0.025390625
0 0.0498046875 0.603515625 0.021484375 0.0234375
0 0.76171875 0.599609375 0.01953125 0.01953125
0 0.447265625 0.60546875 0.03515625 0.03125
0 0.29296875 0.603515625 0.0234375 0.02734375
0 0.0810546875 0.599609375 0.021484375 0.0234375
0 0.1083984375 0.59375 0.021484375 0.02734375
0 0.9873046875 0.5927734375 0.025390625 0.029296875
0 0.1708984375 0.58984375 0.029296875 0.02734375
0 0.23046875 0.5849609375 0.02734375 0.029296875
0 0.3642578125 0.5751953125 0.021484375 0.021484375
0 0.76171875 0.568359375 0.03125 0.0234375
0 0.4287109375 0.56640625 0.033203125 0.0234375
0 0.2978515625 0.5625 0.017578125 0.01953125
0 0.814453125 0.568359375 0.03125 0.0390625
0 0.1650390625 0.5556640625 0.029296875 0.025390625
0 0.6728515625 0.5537109375 0.037109375 0.025390625
0 0.8564453125 0.5498046875 0.025390625 0.021484375
0 0.2236328125 0.5498046875 0.025390625 0.025390625
0 0.359375 0.5458984375 0.0234375 0.025390625
0 0.8828125 0.5478515625 0.01953125 0.033203125
0 0.923828125 0.5390625 0.02734375 0.01953125
0 0.095703125 0.5390625 0.03125 0.0234375
0 0.017578125 0.533203125 0.01953125 0.015625
0 0.9541015625 0.533203125 0.021484375 0.0234375
0 0.42578125 0.5341796875 0.02734375 0.029296875
0 0.1591796875 0.5283203125 0.029296875 0.025390625
0 0.6748046875 0.5224609375 0.025390625 0.029296875
0 0.2802734375 0.5234375 0.025390625 0.03515625
0 0.517578125 0.5146484375 0.01953125 0.021484375
0 0.21484375 0.517578125 0.03125 0.03125
0 0.7421875 0.5107421875 0.03515625 0.029296875
0 0.6123046875 0.509765625 0.021484375 0.02734375
0 0.3505859375 0.509765625 0.021484375 0.02734375
0 0.0146484375 0.5048828125 0.017578125 0.017578125
0 0.0849609375 0.5078125 0.025390625 0.02734375
0 0.0595703125 0.5009765625 0.017578125 0.013671875
0 0.802734375 0.4970703125 0.02734375 0.021484375
0 0.4189453125 0.4990234375 0.025390625 0.029296875
0 0.310546875 0.4921875 0.01953125 0.01953125
0 0.1533203125 0.4931640625 0.033203125 0.025390625
0 0.8349609375 0.490234375 0.033203125 0.0234375
0 0.6650390625 0.4853515625 0.025390625 0.021484375
0 0.626953125 0.482421875 0.015625 0.015625
0 0.998046875 0.4775390625 0.00390625 0.013671875
0 0.208984375 0.482421875 0.0234375 0.0234375
0 0.5107421875 0.48046875 0.025390625 0.02734375
0 0.2685546875 0.4775390625 0.021484375 0.021484375
0 0.0810546875 0.474609375 0.025390625 0.0234375
0 0.751953125 0.4716796875 0.0625 0.025390625
0 0.462890625 0.4736328125 0.03515625 0.029296875
0 0.341796875 0.470703125 0.02734375 0.0234375
0 0.892578125 0.4716796875 0.03125 0.029296875
0 0.841796875 0.4658203125 0.01953125 0.017578125
0 0.5791015625 0.4619140625 0.037109375 0.025390625
0 0.1494140625 0.4599609375 0.025390625 0.021484375
0 0.4130859375 0.4619140625 0.029296875 0.029296875
0 0.2060546875 0.453125 0.029296875 0.0234375
0 0.009765625 0.4501953125 0.015625 0.017578125
0 0.875 0.4501953125 0.03125 0.029296875
0 0.65625 0.4462890625 0.03125 0.025390625
0 0.50390625 0.4443359375 0.01953125 0.021484375
0 0.2646484375 0.4443359375 0.021484375 0.021484375
0 0.025390625 0.4384765625 0.015625 0.013671875
0 0.958984375 0.44140625 0.03515625 0.02734375
0 0.568359375 0.435546875 0.02734375 0.0234375
0 0.3359375 0.439453125 0.03125 0.03125
0 0.4091796875 0.4306640625 0.033203125 0.021484375
0 0.142578125 0.4306640625 0.02734375 0.021484375
0 0.8544921875 0.4228515625 0.029296875 0.029296875
0 0.1953125 0.4150390625 0.02734375 0.025390625
0 0.9423828125 0.412109375 0.033203125 0.02734375
0 0.6435546875 0.412109375 0.029296875 0.02734375
0 0.45703125 0.4033203125 0.015625 0.013671875
0 0.029296875 0.408203125 0.0234375 0.0234375
0 0.49609375 0.4091796875 0.0234375 0.029296875
0 0.2568359375 0.41015625 0.029296875 0.03125
0 0.0634765625 0.408203125 0.025390625 0.02734375
0 0.728515625 0.404296875 0.0390625 0.02734375
0 0.328125 0.4013671875 0.02734375 0.025390625
0 0.56640625 0.3916015625 0.04296875 0.025390625
0 0.3984375 0.38671875 0.0234375 0.0234375
0 0.1357421875 0.38671875 0.025390625 0.0234375
0 0.8291015625 0.3857421875 0.033203125 0.029296875
0 0.4814453125 0.37890625 0.033203125 0.0234375
0 0.6435546875 0.3779296875 0.021484375 0.025390625
0 0.1748046875 0.3837890625 0.033203125 0.037109375
0 0.7802734375 0.375 0.021484375 0.0234375
0 0.919921875 0.3759765625 0.0390625 0.029296875
0 0.5595703125 0.365234375 0.033203125 0.02734375
0 0.7119140625 0.3623046875 0.025390625 0.025390625
0 0.2509765625 0.361328125 0.029296875 0.0234375
0 0.7373046875 0.34765625 0.017578125 0.015625
0 0.2890625 0.3544921875 0.03125 0.029296875
0 0.5751953125 0.3466796875 0.021484375 0.017578125
0 0.3212890625 0.3447265625 0.029296875 0.033203125
0 0.0205078125 0.341796875 0.021484375 0.02734375
0 0.89453125 0.3427734375 0.02734375 0.033203125
0 0.6337890625 0.3359375 0.033203125 0.0234375
0 0.5556640625 0.33203125 0.017578125 0.015625
0 0.05078125 0.3330078125 0.0234375 0.025390625
0 0.7548828125 0.333984375 0.025390625 0.03125
0 0.783203125 0.330078125 0.02734375 0.03125
0 0.3837890625 0.3330078125 0.025390625 0.037109375
0 0.4150390625 0.32421875 0.029296875 0.02734375
0 0.083984375 0.3251953125 0.0234375 0.029296875
0 0.712890625 0.3212890625 0.0390625 0.029296875
0 0.5947265625 0.3173828125 0.013671875 0.021484375
0 0.4501953125 0.314453125 0.021484375 0.01953125
0 0.1259765625 0.3154296875 0.021484375 0.021484375
0 0.6328125 0.310546875 0.02734375 0.01953125
0 0.16015625 0.3095703125 0.0234375 0.021484375
0 0.478515625 0.306640625 0.0234375 0.0234375
0 0.99609375 0.3017578125 0.0078125 0.017578125
0 0.861328125 0.2998046875 0.02734375 0.025390625
0 0.1953125 0.2978515625 0.02734375 0.021484375
0 0.759765625 0.298828125 0.02734375 0.02734375
0 0.0615234375 0.294921875 0.021484375 0.01953125
0 0.5390625 0.296875 0.03125 0.02734375
0 0.568359375 0.287109375 0.0234375 0.01953125
0 0.2685546875 0.28125 0.025390625 0.0234375
0 0.232421875 0.28515625 0.0234375 0.03515625
0 0.6005859375 0.28125 0.021484375 0.03125
0 0.6298828125 0.27734375 0.025390625 0.02734375
0 0.9931640625 0.271484375 0.013671875 0.0234375
0 0.0078125 0.26953125 0.015625 0.01953125
0 0.8291015625 0.267578125 0.033203125 0.02734375
0 0.3056640625 0.26953125 0.021484375 0.03125
0 0.7333984375 0.265625 0.025390625 0.03515625
0 0.6923828125 0.263671875 0.029296875 0.03125
0 0.396484375 0.2529296875 0.01953125 0.025390625
0 0.9638671875 0.2470703125 0.025390625 0.021484375
0 0.3623046875 0.2548828125 0.025390625 0.041015625
0 0.990234375 0.23828125 0.01953125 0.01953125
0 0.439453125 0.2451171875 0.0234375 0.033203125
0 0.8037109375 0.240234375 0.029296875 0.03125
0 0.87890625 0.2275390625 0.02734375 0.037109375
0 0.546875 0.220703125 0.01953125 0.02734375
0 0.9189453125 0.21484375 0.025390625 0.0234375
0 0.5078125 0.22265625 0.0390625 0.0390625
0 0.470703125 0.2216796875 0.02734375 0.037109375
0 0.35546875 0.21484375 0.03515625 0.0234375
0 0.1669921875 0.208984375 0.017578125 0.015625
0 0.2734375 0.2109375 0.03515625 0.0234375
0 0.01953125 0.212890625 0.02734375 0.02734375
0 0.5810546875 0.2119140625 0.044921875 0.029296875
0 0.419921875 0.203125 0.01953125 0.01953125
0 0.05859375 0.2060546875 0.0234375 0.025390625
0 0.6181640625 0.2041015625 0.029296875 0.025390625
0 0.9873046875 0.197265625 0.025390625 0.0234375
0 0.09765625 0.1982421875 0.0234375 0.025390625
0 0.72265625 0.189453125 0.015625 0.015625
0 0.658203125 0.197265625 0.0234375 0.03125
0 0.369140625 0.1904296875 0.015625 0.017578125
0 0.3408203125 0.19140625 0.029296875 0.0234375
0 0.6884765625 0.19140625 0.025390625 0.03125
0 0.1337890625 0.1884765625 0.021484375 0.025390625
0 0.4345703125 0.1845703125 0.025390625 0.029296875
0 0.7802734375 0.1806640625 0.021484375 0.025390625
0 0.1708984375 0.18359375 0.029296875 0.03125
0 0.71875 0.171875 0.03125 0.01953125
0 0.205078125 0.1767578125 0.03515625 0.037109375
0 0.8232421875 0.1728515625 0.025390625 0.033203125
0 0.2431640625 0.169921875 0.025390625 0.03515625
0 0.689453125 0.1533203125 0.01171875 0.013671875
0 0.462890625 0.1630859375 0.0234375 0.033203125
0 0.498046875 0.1533203125 0.0234375 0.017578125
0 0.2763671875 0.15625 0.025390625 0.0234375
0 0.853515625 0.154296875 0.0234375 0.03125
0 0.8955078125 0.1484375 0.029296875 0.03125
0 0.93359375 0.1396484375 0.0234375 0.017578125
0 0.37109375 0.1494140625 0.04296875 0.052734375
0 0.96484375 0.1337890625 0.0234375 0.025390625
0 0.7705078125 0.1279296875 0.021484375 0.021484375
0 0.044921875 0.1328125 0.0234375 0.03125
0 0.4150390625 0.130859375 0.029296875 0.03125
0 0.0849609375 0.126953125 0.025390625 0.0234375
0 0.5185546875 0.1259765625 0.021484375 0.025390625
0 0.4482421875 0.1240234375 0.029296875 0.033203125
0 0.9130859375 0.115234375 0.021484375 0.01953125
0 0.1142578125 0.1171875 0.029296875 0.0234375
0 0.9482421875 0.111328125 0.013671875 0.01953125
0 0.818359375 0.111328125 0.01953125 0.0234375
0 0.7060546875 0.107421875 0.025390625 0.02734375
0 0.556640625 0.1015625 0.02734375 0.01953125
0 0.5908203125 0.09765625 0.029296875 0.01953125
0 0.150390625 0.103515625 0.02734375 0.03125
0 0.6240234375 0.087890625 0.021484375 0.0234375
0 0.2158203125 0.0888671875 0.029296875 0.025390625
0 0.759765625 0.0830078125 0.02734375 0.021484375
0 0.6611328125 0.0908203125 0.029296875 0.037109375
0 0.990234375 0.0771484375 0.01953125 0.029296875
0 0.2548828125 0.0771484375 0.029296875 0.037109375
0 0.6982421875 0.068359375 0.021484375 0.03515625
0 0.0048828125 0.0537109375 0.009765625 0.017578125
0 0.8095703125 0.0625 0.041015625 0.046875
0 0.751953125 0.041015625 0.0234375 0.01953125
0 0.830078125 0.0302734375 0.02734375 0.021484375
0 0.86328125 0.0283203125 0.02734375 0.025390625
0 0.01953125 0.0146484375 0.0234375 0.025390625
0 0.9794921875 0.0048828125 0.017578125 0.009765625
0 0.94140625 0.0146484375 0.02734375 0.029296875
0 0.912109375 0.015625 0.0234375 0.03125
0 0.24609375 0.01171875 0.0234375 0.0234375
0 0.1103515625 0.0068359375 0.021484375 0.013671875
0 0.080078125 0.001953125 0.01171875 0.00390625
0 0.0546875 0.01171875 0.0234375 0.0234375