0 0.3505859375 0.9951171875 0.017578125 0.009765625
0 0.521484375 0.9921875 0.01953125 0.015625
0 0.306640625 0.9921875 0.02734375 0.015625
0 0.4609375 0.9873046875 0.02734375 0.021484375
0 0.603515625 0.984375 0.0234375 0.0234375
0 0.986328125 0.9833984375 0.02734375 0.025390625
0 0.6689453125 0.9755859375 0.021484375 0.021484375
0 0.25 0.9814453125 0.03125 0.033203125
0 0.525390625 0.96875 0.02734375 0.0234375
0 0.45703125 0.9599609375 0.03515625 0.017578125
0 0.6083984375 0.9560546875 0.025390625 0.021484375
0 0.921875 0.9521484375 0.03125 0.025390625
0 0.525390625 0.939453125 0.01953125 0.01953125
0 0.8818359375 0.935546875 0.029296875 0.0234375
0 0.6796875 0.93359375 0.03125 0.0234375
0 0.2802734375 0.935546875 0.044921875 0.02734375
0 0.46484375 0.9306640625 0.01953125 0.021484375
0 0.3544921875 0.9306640625 0.044921875 0.025390625
0 0.6220703125 0.9248046875 0.029296875 0.021484375
0 0.9951171875 0.91015625 0.009765625 0.01953125
0 0.5302734375 0.9091796875 0.029296875 0.025390625
0 0.830078125 0.9013671875 0.02734375 0.021484375
0 0.6845703125 0.90234375 0.029296875 0.0234375
0 0.4658203125 0.90234375 0.033203125 0.0234375
0 0.9619140625 0.8974609375 0.029296875 0.033203125
0 0.740234375 0.890625 0.03125 0.02734375
0 0.2783203125 0.884765625 0.029296875 0.0234375
0 0.9248046875 0.8818359375 0.029296875 0.029296875
0 0.7900390625 0.8798828125 0.041015625 0.033203125
0 0.7080078125 0.8701171875 0.017578125 0.017578125
0 0.4677734375 0.8740234375 0.033203125 0.025390625
0 0.8974609375 0.8642578125 0.025390625 0.021484375
0 0.357421875 0.861328125 0.01953125 0.0234375
0 0.5322265625 0.8671875 0.025390625 0.0390625
0 0.28125 0.857421875 0.0234375 0.0234375
0 0.97265625 0.857421875 0.02734375 0.02734375
0 0.4521484375 0.8466796875 0.021484375 0.017578125
0 0.8681640625 0.845703125 0.025390625 0.03125
0 0.7275390625 0.8427734375 0.048828125 0.037109375
0 0.6826171875 0.8310546875 0.017578125 0.021484375
0 0.83984375 0.830078125 0.03125 0.03125
0 0.6015625 0.8251953125 0.01953125 0.025390625
0 0.5400390625 0.8232421875 0.021484375 0.025390625
0 0.294921875 0.8212890625 0.03125 0.021484375
0 0.6357421875 0.8193359375 0.021484375 0.021484375
0 0.5712890625 0.822265625 0.033203125 0.02734375
0 0.4814453125 0.8193359375 0.025390625 0.025390625
0 0.4462890625 0.81640625 0.025390625 0.0234375
0 0.8994140625 0.798828125 0.017578125 0.015625
0 0.388671875 0.8037109375 0.0234375 0.029296875
0 0.78515625 0.796875 0.0234375 0.0234375
0 0.3603515625 0.7978515625 0.025390625 0.025390625
0 0.8623046875 0.7802734375 0.017578125 0.025390625
0 0.7568359375 0.7802734375 0.029296875 0.025390625
0 0.6708984375 0.767578125 0.029296875 0.0234375
0 0.2998046875 0.7802734375 0.037109375 0.048828125
0 0.7197265625 0.767578125 0.021484375 0.02734375
0 0.5673828125 0.7548828125 0.021484375 0.021484375
0 0.615234375 0.751953125 0.0234375 0.02734375
0 0.4892578125 0.75 0.029296875 0.0234375
0 0.466796875 0.7470703125 0.01171875 0.017578125
0 0.798828125 0.740234375 0.0234375 0.0234375
0 0.4423828125 0.7431640625 0.021484375 0.029296875
0 0.5546875 0.7236328125 0.0234375 0.021484375
0 0.68359375 0.7197265625 0.0234375 0.025390625
0 0.4130859375 0.7197265625 0.029296875 0.025390625
0 0.7275390625 0.7109375 0.017578125 0.015625
0 0.3681640625 0.716796875 0.029296875 0.03125
0 0.802734375 0.70703125 0.01953125 0.0234375
0 0.7607421875 0.69921875 0.017578125 0.01171875
0 0.3408203125 0.7041015625 0.029296875 0.025390625
0 0.185546875 0.7431640625 0.1171875 0.103515625
0 0.46484375 0.69921875 0.015625 0.01953125
0 0.55859375 0.6953125 0.0234375 0.0234375
0 0.4990234375 0.693359375 0.025390625 0.01953125
0 0.873046875 0.693359375 0.02734375 0.02734375
0 0.318359375 0.6923828125 0.0234375 0.029296875
0 0.77734375 0.6826171875 0.01953125 0.013671875
0 0.8046875 0.673828125 0.01953125 0.0234375
0 0.4931640625 0.666015625 0.025390625 0.0234375
0 0.271484375 0.66796875 0.02734375 0.0390625
0 0.875 0.65625 0.01953125 0.02734375
0 0.78125 0.6494140625 0.01953125 0.013671875
0 0.341796875 0.658203125 0.03125 0.03125
0 0.9951171875 0.6474609375 0.009765625 0.021484375
0 0.5693359375 0.65234375 0.025390625 0.03515625
0 0.8095703125 0.6435546875 0.021484375 0.025390625
0 0.2353515625 0.6376953125 0.025390625 0.025390625
0 0.5009765625 0.6240234375 0.033203125 0.021484375
0 0.8779296875 0.6162109375 0.017578125 0.025390625
0 0.201171875 0.6171875 0.02734375 0.02734375
0 0.8134765625 0.6123046875 0.021484375 0.025390625
0 0.474609375 0.6015625 0.01953125 0.015625
0 0.57421875 0.6005859375 0.03125 0.017578125
0 0.3046875 0.6025390625 0.02734375 0.025390625
0 0.501953125 0.59375 0.03125 0.0234375
0 0.3759765625 0.595703125 0.029296875 0.03125
0 0.6171875 0.5849609375 0.0234375 0.021484375
0 0.8798828125 0.5849609375 0.017578125 0.025390625
0 0.8095703125 0.580078125 0.033203125 0.0234375
0 0.580078125 0.5791015625 0.03125 0.021484375
0 0.9951171875 0.5625 0.009765625 0.01953125
0 0.5078125 0.564453125 0.03125 0.0234375
0 0.888671875 0.5517578125 0.02734375 0.025390625
0 0.578125 0.5498046875 0.0234375 0.021484375
0 0.9638671875 0.5517578125 0.037109375 0.029296875
0 0.32421875 0.5517578125 0.0390625 0.029296875
0 0.818359375 0.548828125 0.0234375 0.02734375
0 0.1494140625 0.5537109375 0.044921875 0.041015625
0 0.3984375 0.552734375 0.0390625 0.04296875
0 0.5146484375 0.5302734375 0.033203125 0.021484375
0 0.5830078125 0.5205078125 0.041015625 0.025390625
0 0.2705078125 0.53125 0.052734375 0.046875
0 0.4208984375 0.5205078125 0.033203125 0.029296875
0 0.177734375 0.5205078125 0.03125 0.029296875
0 0.099609375 0.5087890625 0.02734375 0.025390625
0 0.2099609375 0.5068359375 0.025390625 0.033203125
0 0.3642578125 0.4990234375 0.025390625 0.025390625
0 0.587890625 0.4951171875 0.046875 0.021484375
0 0.845703125 0.486328125 0.0390625 0.03125
0 0.2998046875 0.4765625 0.025390625 0.02734375
0 0.4443359375 0.478515625 0.033203125 0.03515625
0 0.3759765625 0.470703125 0.025390625 0.0234375
0 0.1513671875 0.4697265625 0.033203125 0.029296875
0 0.5830078125 0.4619140625 0.033203125 0.017578125
0 0.5234375 0.4619140625 0.03125 0.017578125
0 0.4921875 0.455078125 0.01953125 0.02734375
0 0.400390625 0.42578125 0.02734375 0.02734375
0 0.19921875 0.4287109375 0.02734375 0.033203125
0 0.59765625 0.41015625 0.01953125 0.01953125
0 0.4990234375 0.416015625 0.021484375 0.03125
0 0.416015625 0.40234375 0.02734375 0.0234375
0 0.09765625 0.39453125 0.03515625 0.03515625
0 0.0107421875 0.37890625 0.021484375 0.0234375
0 0.9794921875 0.384765625 0.041015625 0.04296875
0 0.6005859375 0.3720703125 0.037109375 0.021484375
0 0.7265625 0.3916015625 0.078125 0.068359375
0 0.650390625 0.3642578125 0.0234375 0.025390625
0 0.5400390625 0.359375 0.017578125 0.02734375
0 0.4775390625 0.3544921875 0.021484375 0.029296875
0 0.3642578125 0.341796875 0.021484375 0.0234375
0 0.392578125 0.341796875 0.03125 0.02734375
0 0.048828125 0.322265625 0.02734375 0.03125
0 0.4599609375 0.3046875 0.029296875 0.03125
0 0.3759765625 0.2978515625 0.025390625 0.021484375
0 0.619140625 0.2958984375 0.02734375 0.021484375
0 0.1279296875 0.2998046875 0.044921875 0.048828125
0 0.6650390625 0.28125 0.033203125 0.02734375
0 0.7119140625 0.28125 0.025390625 0.03125
0 0.9013671875 0.2822265625 0.048828125 0.037109375
0 0.7685546875 0.2744140625 0.029296875 0.021484375
0 0.73828125 0.2783203125 0.02734375 0.029296875
0 0.37109375 0.2734375 0.02734375 0.0234375
0 0.8046875 0.28125 0.02734375 0.04296875
0 0.849609375 0.2705078125 0.02734375 0.025390625
0 0.0400390625 0.275390625 0.025390625 0.03515625
0 0.556640625 0.2626953125 0.02734375 0.029296875
0 0.98046875 0.2568359375 0.0390625 0.048828125
0 0.5302734375 0.24609375 0.025390625 0.02734375
0 0.3603515625 0.23828125 0.025390625 0.01953125
0 0.08984375 0.2412109375 0.03125 0.025390625
0 0.5107421875 0.2294921875 0.029296875 0.029296875
0 0.65234375 0.22265625 0.01953125 0.0234375
0 0.619140625 0.2197265625 0.0234375 0.017578125
0 0.9599609375 0.220703125 0.037109375 0.02734375
0 0.72265625 0.2177734375 0.01953125 0.025390625
0 0.091796875 0.212890625 0.03125 0.01953125
0 0.0244140625 0.216796875 0.025390625 0.02734375
0 0.583984375 0.2109375 0.03125 0.01953125
0 0.8876953125 0.208984375 0.021484375 0.01953125
0 0.810546875 0.2080078125 0.0234375 0.017578125
0 0.783203125 0.2099609375 0.01953125 0.021484375
0 0.3388671875 0.2138671875 0.029296875 0.029296875
0 0.0048828125 0.2041015625 0.009765625 0.025390625
0 0.8447265625 0.203125 0.017578125 0.02734375
0 0.751953125 0.2060546875 0.0234375 0.033203125
0 0.337890625 0.177734375 0.02734375 0.02734375
0 0.4716796875 0.1845703125 0.033203125 0.044921875
0 0.9501953125 0.17578125 0.037109375 0.03125
0 0.8720703125 0.1728515625 0.029296875 0.029296875
0 0.068359375 0.169921875 0.0390625 0.03125
0 0.1015625 0.1533203125 0.0234375 0.021484375
0 0.927734375 0.154296875 0.03125 0.02734375
0 0.5302734375 0.150390625 0.025390625 0.02734375
0 0.7734375 0.1416015625 0.02734375 0.017578125
0 0.1416015625 0.146484375 0.033203125 0.02734375
0 0.8125 0.1416015625 0.02734375 0.021484375
0 0.3359375 0.140625 0.0234375 0.01953125
0 0.8447265625 0.138671875 0.025390625 0.01953125
0 0.6396484375 0.134765625 0.025390625 0.0234375
0 0.6005859375 0.1376953125 0.021484375 0.029296875
0 0.998046875 0.1181640625 0.00390625 0.005859375
0 0.9189453125 0.126953125 0.033203125 0.0234375
0 0.4658203125 0.125 0.021484375 0.0234375
0 0.3125 0.119140625 0.02734375 0.0234375
0 0.0283203125 0.1162109375 0.029296875 0.033203125
0 0.2041015625 0.099609375 0.029296875 0.03515625
0 0.705078125 0.0888671875 0.01953125 0.017578125
0 0.3828125 0.0908203125 0.0234375 0.025390625
0 0.171875 0.0830078125 0.0234375 0.025390625
0 0.3173828125 0.0859375 0.025390625 0.0390625
0 0.73046875 0.0791015625 0.0234375 0.033203125
0 0.5380859375 0.0771484375 0.021484375 0.029296875
0 0.46875 0.078125 0.02734375 0.03125
0 0.8115234375 0.0751953125 0.037109375 0.029296875
0 0.5654296875 0.0732421875 0.025390625 0.025390625
0 0.8740234375 0.0693359375 0.029296875 0.021484375
0 0.6337890625 0.0732421875 0.021484375 0.029296875
0 0.1943359375 0.068359375 0.017578125 0.01953125
0 0.9189453125 0.0654296875 0.025390625 0.021484375
0 0.9794921875 0.048828125 0.029296875 0.02734375
0 0.5927734375 0.041015625 0.025390625 0.02734375
0 0.4775390625 0.0380859375 0.025390625 0.029296875
0 0.306640625 0.0380859375 0.03125 0.037109375
0 0.095703125 0.033203125 0.0390625 0.03125
0 0.939453125 0.0224609375 0.01953125 0.021484375
0 0.369140625 0.0185546875 0.0390625 0.029296875
0 0.5546875 0.015625 0.03125 0.02734375
0 0.98046875 0.0068359375 0.01953125 0.013671875
0 0.7451171875 0.0029296875 0.025390625 0.005859375
0 0.6708984375 0.0107421875 0.029296875 0.021484375
0 0.4794921875 0.0048828125 0.021484375 0.009765625
0 0.1806640625 0.0126953125 0.037109375 0.025390625