0 0.236328125 0.916015625 0.3203125 0.16796875
0 0.7275390625 0.8828125 0.103515625 0.1640625
0 0.908203125 0.88671875 0.18359375 0.2265625
0 0.1904296875 0.8154296875 0.169921875 0.123046875
0 0.1904296875 0.6181640625 0.142578125 0.111328125
0 0.8740234375 0.5634765625 0.029296875 0.021484375
0 0.7509765625 0.4443359375 0.017578125 0.017578125
0 0.107421875 0.4775390625 0.21484375 0.177734375
0 0.765625 0.396484375 0.03515625 0.0234375
0 0.8232421875 0.4091796875 0.068359375 0.091796875
0 0.9873046875 0.30859375 0.025390625 0.03515625
0 0.8564453125 0.2451171875 0.072265625 0.056640625
0 0.984375 0.2333984375 0.03125 0.044921875
0 0.5009765625 0.40234375 0.263671875 0.41015625
0 0.3515625 0.26171875 0.15234375 0.21875
0 0.970703125 0.16015625 0.05859375 0.0703125
0 0.998046875 0.1181640625 0.00390625 0.009765625
0 0.5498046875 0.0693359375 0.126953125 0.138671875