0 0.857421875 0.998046875 0.0078125 0.00390625
0 0.9970703125 0.99609375 0.005859375 0.0078125
0 0.6416015625 0.9931640625 0.021484375 0.013671875
0 0.2900390625 0.9931640625 0.033203125 0.013671875
0 0.3369140625 0.9921875 0.017578125 0.015625
0 0.0458984375 0.9912109375 0.029296875 0.017578125
0 0.53515625 0.990234375 0.03515625 0.01953125
0 0.2275390625 0.98828125 0.025390625 0.0234375
0 0.962890625 0.982421875 0.02734375 0.02734375
0 0.4052734375 0.9814453125 0.029296875 0.033203125
0 0.306640625 0.9765625 0.03125 0.0234375
0 0.7880859375 0.98046875 0.048828125 0.0390625
0 0.201171875 0.974609375 0.0234375 0.02734375
0 0.4619140625 0.9794921875 0.048828125 0.041015625
0 0.0390625 0.96875 0.0234375 0.0234375
0 0.7490234375 0.9677734375 0.033203125 0.029296875
0 0.3779296875 0.962890625 0.025390625 0.0234375
0 0.6083984375 0.970703125 0.052734375 0.05078125
0 0.09765625 0.9599609375 0.0234375 0.029296875
0 0.7236328125 0.9599609375 0.029296875 0.037109375
0 0.4853515625 0.9541015625 0.037109375 0.033203125
0 0.1630859375 0.9560546875 0.033203125 0.037109375
0 0.1240234375 0.94921875 0.021484375 0.02734375
0 0.7021484375 0.953125 0.029296875 0.0390625
0 0.2587890625 0.9453125 0.025390625 0.0234375
0 0.146484375 0.9404296875 0.01171875 0.013671875
0 0.88671875 0.94921875 0.02734375 0.03515625
0 0.9404296875 0.95703125 0.037109375 0.05859375
0 0.5283203125 0.9375 0.029296875 0.01953125
0 0.6845703125 0.943359375 0.025390625 0.03515625
0 0.580078125 0.9443359375 0.03515625 0.037109375
0 0.8564453125 0.9365234375 0.025390625 0.037109375
0 0.8251953125 0.9296875 0.025390625 0.0234375
0 0.6611328125 0.9267578125 0.029296875 0.037109375
0 0.2705078125 0.9208984375 0.021484375 0.025390625
0 0.7978515625 0.9189453125 0.025390625 0.029296875
0 0.63671875 0.91796875 0.02734375 0.03515625
0 0.2138671875 0.9130859375 0.029296875 0.025390625
0 0.3466796875 0.923828125 0.044921875 0.05859375
0 0.6044921875 0.904296875 0.025390625 0.03125
0 0.1875 0.896484375 0.01953125 0.01953125
0 0.0302734375 0.904296875 0.021484375 0.03515625
0 0.0595703125 0.9013671875 0.017578125 0.033203125
0 0.53515625 0.8974609375 0.015625 0.029296875
0 0.578125 0.89453125 0.0234375 0.02734375
0 0.4794921875 0.8896484375 0.021484375 0.025390625
0 0.423828125 0.890625 0.0234375 0.02734375
0 0.7578125 0.8916015625 0.04296875 0.033203125
0 0.3837890625 0.8857421875 0.029296875 0.021484375
0 0.7265625 0.8857421875 0.02734375 0.029296875
0 0.3076171875 0.8779296875 0.021484375 0.021484375
0 0.1201171875 0.8759765625 0.041015625 0.029296875
0 0.1826171875 0.8671875 0.021484375 0.01953125
0 0.0068359375 0.8623046875 0.013671875 0.013671875
0 0.0986328125 0.8544921875 0.013671875 0.009765625
0 0.7001953125 0.861328125 0.029296875 0.0390625
0 0.671875 0.8603515625 0.03125 0.037109375
0 0.642578125 0.853515625 0.0234375 0.0234375
0 0.1298828125 0.841796875 0.025390625 0.01953125
0 0.1904296875 0.8359375 0.029296875 0.01953125
0 0.4833984375 0.8310546875 0.021484375 0.025390625
0 0.447265625 0.830078125 0.015625 0.0234375
0 0.41796875 0.8310546875 0.02734375 0.025390625
0 0.033203125 0.83203125 0.02734375 0.02734375
0 0.0029296875 0.828125 0.005859375 0.01953125
0 0.6162109375 0.8369140625 0.025390625 0.041015625
0 0.30859375 0.8330078125 0.02734375 0.037109375
0 0.998046875 0.81640625 0.00390625 0.0078125
0 0.1298828125 0.814453125 0.025390625 0.01953125
0 0.53125 0.826171875 0.05859375 0.046875
0 0.48828125 0.8056640625 0.015625 0.013671875
0 0.06640625 0.806640625 0.0234375 0.0234375
0 0.1875 0.802734375 0.0234375 0.01953125
0 0.3310546875 0.7998046875 0.029296875 0.025390625
0 0.1318359375 0.78515625 0.025390625 0.0234375
0 0.0107421875 0.783203125 0.021484375 0.02734375
0 0.1875 0.77734375 0.0234375 0.01953125
0 0.9482421875 0.7744140625 0.029296875 0.025390625
0 0.6630859375 0.771484375 0.025390625 0.0234375
0 0.4619140625 0.7607421875 0.029296875 0.017578125
0 0.4091796875 0.7578125 0.025390625 0.03125
0 0.189453125 0.7451171875 0.02734375 0.025390625
0 0.322265625 0.7470703125 0.03125 0.037109375
0 0.1328125 0.7421875 0.01953125 0.046875
0 0.986328125 0.7216796875 0.02734375 0.021484375
0 0.8203125 0.7177734375 0.03125 0.021484375
0 0.478515625 0.7099609375 0.01953125 0.021484375
0 0.228515625 0.7109375 0.02734375 0.0234375
0 0.9599609375 0.705078125 0.025390625 0.02734375
0 0.171875 0.69921875 0.03125 0.03125
0 0.2998046875 0.6953125 0.033203125 0.03125
0 0.134765625 0.6865234375 0.0234375 0.021484375
0 0.3720703125 0.68359375 0.033203125 0.04296875
0 0.900390625 0.6748046875 0.03515625 0.029296875
0 0.1708984375 0.666015625 0.025390625 0.01953125
0 0.9931640625 0.6630859375 0.013671875 0.025390625
0 0.2412109375 0.669921875 0.029296875 0.0390625
0 0.271484375 0.66015625 0.01953125 0.02734375
0 0.6767578125 0.6630859375 0.037109375 0.037109375
0 0.4423828125 0.658203125 0.021484375 0.02734375
0 0.8662109375 0.654296875 0.025390625 0.02734375
0 0.1064453125 0.6484375 0.025390625 0.015625
0 0.5078125 0.6611328125 0.05078125 0.048828125
0 0.2001953125 0.6474609375 0.021484375 0.025390625
0 0.83984375 0.6376953125 0.02734375 0.029296875
0 0.5302734375 0.634765625 0.021484375 0.0234375
0 0.7939453125 0.6259765625 0.029296875 0.017578125
0 0.2197265625 0.6318359375 0.021484375 0.029296875
0 0.0185546875 0.6337890625 0.037109375 0.033203125
0 0.44921875 0.625 0.01953125 0.0234375
0 0.3447265625 0.6220703125 0.029296875 0.021484375
0 0.1201171875 0.619140625 0.029296875 0.01953125
0 0.548828125 0.6181640625 0.02734375 0.025390625
0 0.189453125 0.6162109375 0.01953125 0.025390625
0 0.7666015625 0.611328125 0.025390625 0.02734375
0 0.4462890625 0.6025390625 0.021484375 0.017578125
0 0.9912109375 0.6083984375 0.017578125 0.033203125
0 0.1689453125 0.60546875 0.025390625 0.02734375
0 0.5615234375 0.591796875 0.025390625 0.0234375
0 0.1357421875 0.5849609375 0.021484375 0.029296875
0 0.7412109375 0.58203125 0.025390625 0.02734375
0 0.24609375 0.5830078125 0.0234375 0.029296875
0 0.2939453125 0.5791015625 0.033203125 0.029296875
0 0.5703125 0.572265625 0.01953125 0.01953125
0 0.2177734375 0.568359375 0.025390625 0.0234375
0 0.0966796875 0.5703125 0.021484375 0.03125
0 0.5078125 0.564453125 0.0390625 0.02734375
0 0.3427734375 0.5654296875 0.033203125 0.029296875
0 0.5771484375 0.5537109375 0.025390625 0.021484375
0 0.720703125 0.544921875 0.03125 0.02734375
0 0.173828125 0.54296875 0.0234375 0.02734375
0 0.1171875 0.5146484375 0.02734375 0.033203125
0 0.5849609375 0.505859375 0.029296875 0.01953125
0 0.4716796875 0.5068359375 0.021484375 0.025390625
0 0.4482421875 0.5048828125 0.025390625 0.021484375
0 0.091796875 0.5048828125 0.03515625 0.033203125
0 0.2587890625 0.4892578125 0.025390625 0.033203125
0 0.5849609375 0.4814453125 0.029296875 0.021484375
0 0.3916015625 0.4833984375 0.021484375 0.029296875
0 0.056640625 0.482421875 0.02734375 0.03125
0 0.4716796875 0.4599609375 0.029296875 0.025390625
0 0.5341796875 0.4501953125 0.021484375 0.021484375
0 0.36328125 0.439453125 0.03125 0.03125
0 0.1689453125 0.4345703125 0.025390625 0.021484375
0 0.5439453125 0.4208984375 0.017578125 0.017578125
0 0.595703125 0.4228515625 0.01953125 0.025390625
0 0.49609375 0.396484375 0.01953125 0.01953125
0 0.55078125 0.39453125 0.01953125 0.03125
0 0.6025390625 0.3837890625 0.017578125 0.021484375
0 0.408203125 0.3876953125 0.01953125 0.029296875
0 0.349609375 0.3681640625 0.015625 0.017578125
0 0.3779296875 0.3720703125 0.017578125 0.029296875
0 0.435546875 0.365234375 0.015625 0.0234375
0 0.4677734375 0.3623046875 0.021484375 0.021484375
0 0.5126953125 0.3544921875 0.021484375 0.021484375
0 0.6083984375 0.3388671875 0.029296875 0.017578125
0 0.306640625 0.33203125 0.01953125 0.02734375
0 0.6279296875 0.318359375 0.037109375 0.03515625
0 0.345703125 0.3095703125 0.01171875 0.025390625
0 0.373046875 0.3076171875 0.03515625 0.025390625
0 0.4775390625 0.2978515625 0.017578125 0.017578125
0 0.4345703125 0.2998046875 0.017578125 0.021484375
0 0.6298828125 0.2861328125 0.025390625 0.025390625
0 0.53125 0.2841796875 0.01953125 0.025390625
0 0.375 0.2744140625 0.015625 0.017578125
0 0.56640625 0.2724609375 0.02734375 0.021484375
0 0.423828125 0.25390625 0.0234375 0.0234375
0 0.5888671875 0.2509765625 0.025390625 0.025390625
0 0.66015625 0.2490234375 0.02734375 0.025390625
0 0.5107421875 0.2470703125 0.025390625 0.025390625
0 0.6044921875 0.2265625 0.029296875 0.02734375
0 0.4951171875 0.2158203125 0.033203125 0.025390625
0 0.62890625 0.20703125 0.02734375 0.02734375
0 0.736328125 0.1982421875 0.03125 0.033203125
0 0.478515625 0.1904296875 0.02734375 0.025390625
0 0.40234375 0.203125 0.0546875 0.05078125
0 0.6455078125 0.1796875 0.029296875 0.03125
0 0.36328125 0.1650390625 0.03515625 0.037109375
0 0.65625 0.15625 0.03515625 0.02734375
0 0.7412109375 0.140625 0.029296875 0.0234375
0 0.3359375 0.1455078125 0.03515625 0.033203125
0 0.982421875 0.13671875 0.03515625 0.03515625
0 0.3095703125 0.12109375 0.029296875 0.03125
0 0.8037109375 0.11328125 0.033203125 0.03125
0 0.84765625 0.103515625 0.03125 0.03125
0 0.2861328125 0.09765625 0.029296875 0.03125
0 0.009765625 0.09765625 0.01953125 0.0390625
0 0.8740234375 0.0859375 0.021484375 0.0234375
0 0.7021484375 0.0830078125 0.029296875 0.029296875
0 0.2607421875 0.0732421875 0.033203125 0.033203125
0 0.9384765625 0.0634765625 0.025390625 0.025390625
0 0.7646484375 0.046875 0.021484375 0.0234375
0 0.021484375 0.03125 0.02734375 0.02734375
0 0.9873046875 0.0234375 0.025390625 0.0234375
0 0.8193359375 0.0224609375 0.021484375 0.021484375
0 0.865234375 0.013671875 0.0234375 0.0234375
0 0.3193359375 0.0029296875 0.009765625 0.005859375
0 0.23828125 0.0302734375 0.0390625 0.060546875
0 0.21484375 0.001953125 0.00390625 0.00390625