0 0.1591796875 0.998046875 0.005859375 0.00390625
0 0.8974609375 0.98046875 0.021484375 0.0390625
0 0.3544921875 0.935546875 0.146484375 0.09765625
0 0.5927734375 0.94140625 0.169921875 0.1171875
0 0.9345703125 0.8662109375 0.130859375 0.056640625
0 0.0791015625 0.890625 0.158203125 0.16015625
0 0.01171875 0.71484375 0.0234375 0.0234375
0 0.0458984375 0.693359375 0.025390625 0.02734375
0 0.896484375 0.7216796875 0.20703125 0.138671875
0 0.3984375 0.654296875 0.02734375 0.01953125
0 0.02734375 0.6572265625 0.02734375 0.025390625
0 0.125 0.6845703125 0.07421875 0.087890625
0 0.3935546875 0.6376953125 0.025390625 0.021484375
0 0.4248046875 0.634765625 0.021484375 0.02734375
0 0.4453125 0.6279296875 0.01953125 0.021484375
0 0.015625 0.6279296875 0.0234375 0.029296875
0 0.4658203125 0.6240234375 0.021484375 0.029296875
0 0.490234375 0.619140625 0.0234375 0.03125
0 0.509765625 0.611328125 0.0234375 0.0234375
0 0.1171875 0.599609375 0.0234375 0.01953125
0 0.537109375 0.6005859375 0.02734375 0.025390625
0 0.0849609375 0.5966796875 0.037109375 0.029296875
0 0.5693359375 0.5927734375 0.017578125 0.025390625
0 0.3798828125 0.5947265625 0.025390625 0.029296875
0 0.005859375 0.5908203125 0.01171875 0.021484375
0 0.41015625 0.587890625 0.0234375 0.02734375
0 0.59765625 0.587890625 0.01953125 0.03125
0 0.6181640625 0.5830078125 0.017578125 0.025390625
0 0.4384765625 0.5830078125 0.021484375 0.029296875
0 0.64453125 0.580078125 0.01953125 0.03125
0 0.478515625 0.5751953125 0.0390625 0.025390625
0 0.669921875 0.5703125 0.01953125 0.0234375
0 0.69140625 0.5673828125 0.01953125 0.025390625
0 0.3740234375 0.564453125 0.029296875 0.01953125
0 0.064453125 0.56640625 0.03125 0.02734375
0 0.2841796875 0.5908203125 0.111328125 0.083984375
0 0.103515625 0.5625 0.03515625 0.03125
0 0.4736328125 0.55078125 0.037109375 0.0234375
0 0.4189453125 0.544921875 0.033203125 0.02734375
0 0.3662109375 0.537109375 0.029296875 0.0234375
0 0.5302734375 0.533203125 0.025390625 0.01953125
0 0.0556640625 0.5400390625 0.044921875 0.033203125
0 0.583984375 0.5263671875 0.02734375 0.017578125
0 0.9892578125 0.5537109375 0.021484375 0.091796875
0 0.1630859375 0.548828125 0.072265625 0.08203125
0 0.416015625 0.5146484375 0.04296875 0.025390625
0 0.52734375 0.5087890625 0.02734375 0.021484375
0 0.6357421875 0.5126953125 0.044921875 0.033203125
0 0.5771484375 0.4990234375 0.025390625 0.017578125
0 0.0390625 0.49609375 0.03515625 0.0234375
0 0.3603515625 0.5048828125 0.041015625 0.048828125
0 0.64453125 0.4873046875 0.0234375 0.017578125
0 0.2470703125 0.486328125 0.029296875 0.01953125
0 0.5224609375 0.484375 0.025390625 0.01953125
0 0.4033203125 0.484375 0.021484375 0.0234375
0 0.615234375 0.478515625 0.015625 0.015625
0 0.5751953125 0.4755859375 0.029296875 0.017578125
0 0.291015625 0.482421875 0.0390625 0.04296875
0 0.63671875 0.4638671875 0.0234375 0.013671875
0 0.1640625 0.4716796875 0.0234375 0.029296875
0 0.1337890625 0.474609375 0.021484375 0.0390625
0 0.0927734375 0.46484375 0.021484375 0.01953125
0 0.3408203125 0.4677734375 0.033203125 0.033203125
0 0.06640625 0.466796875 0.01953125 0.03125
0 0.37109375 0.4599609375 0.02734375 0.025390625
0 0.0244140625 0.4638671875 0.037109375 0.033203125
0 0.40625 0.4560546875 0.03515625 0.029296875
0 0.451171875 0.44921875 0.01953125 0.02734375
0 0.6298828125 0.4453125 0.033203125 0.0234375
0 0.4716796875 0.4453125 0.017578125 0.02734375
0 0.7236328125 0.4384765625 0.025390625 0.017578125
0 0.49609375 0.4404296875 0.01953125 0.025390625
0 0.51953125 0.435546875 0.01953125 0.0234375
0 0.564453125 0.4296875 0.0234375 0.03125
0 0.59375 0.423828125 0.0234375 0.03125
0 0.62109375 0.419921875 0.0234375 0.03125
0 0.685546875 0.408203125 0.0234375 0.02734375
0 0.189453125 0.408203125 0.0234375 0.02734375
0 0.71484375 0.40625 0.0234375 0.03515625
0 0.1611328125 0.396484375 0.025390625 0.01953125
0 0.7431640625 0.3974609375 0.033203125 0.025390625
0 0.291015625 0.3955078125 0.0234375 0.021484375
0 0.0048828125 0.3955078125 0.009765625 0.021484375
0 0.2568359375 0.3955078125 0.025390625 0.025390625
0 0.0693359375 0.3974609375 0.052734375 0.029296875
0 0.0302734375 0.3935546875 0.013671875 0.021484375
0 0.3740234375 0.3935546875 0.017578125 0.025390625
0 0.3515625 0.3935546875 0.01953125 0.025390625
0 0.3984375 0.38671875 0.01953125 0.0234375
0 0.111328125 0.38671875 0.02734375 0.03125
0 0.423828125 0.3798828125 0.0234375 0.029296875
0 0.3466796875 0.3720703125 0.021484375 0.013671875
0 0.470703125 0.3720703125 0.0234375 0.021484375
0 0.4453125 0.375 0.01953125 0.02734375
0 0.5400390625 0.3662109375 0.017578125 0.029296875
0 0.1982421875 0.3623046875 0.033203125 0.029296875
0 0.560546875 0.3564453125 0.0234375 0.025390625
0 0.9228515625 0.384765625 0.154296875 0.08984375
0 0.5966796875 0.353515625 0.021484375 0.02734375
0 0.513671875 0.361328125 0.03515625 0.046875
0 0.2939453125 0.3466796875 0.021484375 0.017578125
0 0.630859375 0.3486328125 0.0234375 0.025390625
0 0.2705078125 0.3369140625 0.017578125 0.017578125
0 0.357421875 0.333984375 0.01953125 0.01953125
0 0.6923828125 0.3349609375 0.029296875 0.029296875
0 0.1708984375 0.3359375 0.029296875 0.03515625
0 0.740234375 0.328125 0.03125 0.0234375
0 0.7841796875 0.31640625 0.029296875 0.0234375
0 0.359375 0.3076171875 0.0234375 0.017578125
0 0.818359375 0.3076171875 0.02734375 0.025390625
0 0.1494140625 0.3125 0.041015625 0.0390625
0 0.291015625 0.2998046875 0.03125 0.017578125
0 0.228515625 0.2978515625 0.03515625 0.025390625
0 0.8740234375 0.2939453125 0.021484375 0.025390625
0 0.3623046875 0.2822265625 0.025390625 0.017578125
0 0.92578125 0.28125 0.02734375 0.0234375
0 0.9541015625 0.27734375 0.025390625 0.0234375
0 0.6611328125 0.2802734375 0.033203125 0.041015625
0 0.61328125 0.275390625 0.0234375 0.03125
0 0.5771484375 0.271484375 0.029296875 0.02734375
0 0.544921875 0.267578125 0.01953125 0.02734375
0 0.4560546875 0.26953125 0.021484375 0.03125
0 0.0849609375 0.2685546875 0.029296875 0.029296875
0 0.5205078125 0.265625 0.021484375 0.02734375
0 0.4873046875 0.2666015625 0.021484375 0.029296875
0 0.431640625 0.265625 0.01953125 0.02734375
0 0.40625 0.267578125 0.0234375 0.04296875
0 0.3642578125 0.2578125 0.037109375 0.0234375
0 0.287109375 0.255859375 0.03515625 0.03125
0 0.9931640625 0.248046875 0.013671875 0.01953125
0 0.0458984375 0.2548828125 0.029296875 0.033203125
0 0.15234375 0.251953125 0.03125 0.03125
0 0.01953125 0.2431640625 0.02734375 0.033203125
0 0.7177734375 0.2353515625 0.033203125 0.025390625
0 0.2099609375 0.232421875 0.021484375 0.01953125
0 0.1279296875 0.2275390625 0.025390625 0.025390625
0 0.29296875 0.220703125 0.02734375 0.0234375
0 0.1005859375 0.2158203125 0.025390625 0.025390625
0 0.2060546875 0.208984375 0.021484375 0.0234375
0 0.7197265625 0.2060546875 0.021484375 0.021484375
0 0.4794921875 0.2041015625 0.025390625 0.021484375
0 0.6669921875 0.1923828125 0.025390625 0.029296875
0 0.63671875 0.1943359375 0.0234375 0.033203125
0 0.419921875 0.1953125 0.02734375 0.03515625
0 0.0419921875 0.189453125 0.029296875 0.02734375
0 0.5625 0.1845703125 0.01953125 0.021484375
0 0.16015625 0.1826171875 0.01953125 0.021484375
0 0.125 0.181640625 0.01953125 0.0234375
0 0.1025390625 0.181640625 0.017578125 0.0234375
0 0.74609375 0.181640625 0.046875 0.02734375
0 0.5244140625 0.181640625 0.025390625 0.02734375
0 0.01171875 0.177734375 0.0234375 0.02734375
0 0.078125 0.171875 0.0234375 0.01953125
0 0.201171875 0.1708984375 0.01953125 0.021484375
0 0.3642578125 0.181640625 0.021484375 0.0546875
0 0.6708984375 0.1650390625 0.029296875 0.025390625
0 0.302734375 0.1640625 0.0234375 0.0234375
0 0.8994140625 0.1591796875 0.029296875 0.025390625
0 0.748046875 0.158203125 0.0390625 0.02734375
0 0.982421875 0.15234375 0.0234375 0.01953125
0 0.9423828125 0.1591796875 0.021484375 0.037109375
0 0.630859375 0.150390625 0.015625 0.01953125
0 0.3134765625 0.1435546875 0.029296875 0.021484375
0 0.19921875 0.142578125 0.01953125 0.01953125
0 0.39453125 0.14453125 0.0234375 0.02734375
0 0.1669921875 0.1416015625 0.029296875 0.021484375
0 0.1376953125 0.1416015625 0.017578125 0.021484375
0 0.1064453125 0.1396484375 0.025390625 0.021484375
0 0.556640625 0.1298828125 0.02734375 0.021484375
0 0.044921875 0.1298828125 0.0234375 0.025390625
0 0.1962890625 0.12109375 0.021484375 0.01171875
0 0.306640625 0.1259765625 0.03515625 0.025390625
0 0.6318359375 0.123046875 0.025390625 0.0234375
0 0.4189453125 0.1240234375 0.029296875 0.029296875
0 0.7626953125 0.119140625 0.037109375 0.0234375
0 0.8076171875 0.115234375 0.021484375 0.01953125
0 0.8935546875 0.107421875 0.025390625 0.01953125
0 0.8369140625 0.103515625 0.017578125 0.015625
0 0.447265625 0.107421875 0.03515625 0.03515625
0 0.5546875 0.09765625 0.03515625 0.0234375
0 0.9619140625 0.091796875 0.021484375 0.01953125
0 0.9912109375 0.09375 0.017578125 0.03125
0 0.8134765625 0.0859375 0.017578125 0.015625
0 0.630859375 0.087890625 0.03515625 0.01953125
0 0.1025390625 0.08984375 0.017578125 0.0234375
0 0.7783203125 0.0888671875 0.048828125 0.025390625
0 0.3447265625 0.09375 0.029296875 0.03515625
0 0.185546875 0.087890625 0.03515625 0.0234375
0 0.89453125 0.080078125 0.0234375 0.0234375
0 0.0419921875 0.0859375 0.025390625 0.046875
0 0.6953125 0.0751953125 0.03125 0.029296875
0 0.375 0.076171875 0.02734375 0.03125
0 0.630859375 0.064453125 0.03515625 0.0234375
0 0.1875 0.060546875 0.0234375 0.015625
0 0.779296875 0.0615234375 0.03515625 0.021484375
0 0.3994140625 0.0615234375 0.021484375 0.021484375
0 0.25 0.064453125 0.0234375 0.02734375
0 0.0986328125 0.05859375 0.033203125 0.015625
0 0.5478515625 0.0615234375 0.033203125 0.025390625
0 0.8935546875 0.0537109375 0.021484375 0.017578125
0 0.001953125 0.0478515625 0.00390625 0.005859375
0 0.322265625 0.0556640625 0.03515625 0.029296875
0 0.7099609375 0.0478515625 0.021484375 0.021484375
0 0.41796875 0.04296875 0.03125 0.02734375
0 0.9580078125 0.0341796875 0.021484375 0.017578125
0 0.03515625 0.03515625 0.01953125 0.01953125
0 0.77734375 0.03515625 0.0234375 0.0234375
0 0.099609375 0.033203125 0.0234375 0.01953125
0 0.8916015625 0.0302734375 0.025390625 0.017578125
0 0.1279296875 0.0361328125 0.017578125 0.029296875
0 0.29296875 0.03125 0.0234375 0.0234375
0 0.185546875 0.02734375 0.0234375 0.01953125
0 0.8310546875 0.0283203125 0.021484375 0.025390625
0 0.5576171875 0.02734375 0.021484375 0.0234375
0 0.251953125 0.017578125 0.0234375 0.01953125
0 0.9599609375 0.009765625 0.021484375 0.01953125
0 0.888671875 0.0048828125 0.03515625 0.009765625
0 0.796875 0.009765625 0.0390625 0.01953125
0 0.708984375 0.009765625 0.03515625 0.01953125
0 0.625 0.0205078125 0.03515625 0.041015625
0 0.5146484375 0.001953125 0.005859375 0.00390625
0 0.4990234375 0.017578125 0.033203125 0.03515625
0 0.427734375 0.0146484375 0.03515625 0.029296875