0 0.701171875 0.9931640625 0.03515625 0.013671875
0 0.771484375 0.9853515625 0.0546875 0.029296875
0 0.9951171875 0.9521484375 0.009765625 0.021484375
0 0.90625 0.9638671875 0.1015625 0.072265625
0 0.8115234375 0.943359375 0.068359375 0.07421875
0 0.39453125 0.943359375 0.19140625 0.11328125
0 0.6533203125 0.9375 0.095703125 0.125
0 0.7490234375 0.9296875 0.111328125 0.1328125
0 0.4296875 0.89453125 0.09375 0.0703125
0 0.8583984375 0.869140625 0.033203125 0.03515625
0 0.591796875 0.9208984375 0.11328125 0.146484375
0 0.994140625 0.8818359375 0.01171875 0.111328125
0 0.875 0.8408203125 0.03125 0.033203125
0 0.927734375 0.876953125 0.0546875 0.11328125
0 0.2314453125 0.853515625 0.091796875 0.0703125
0 0.50390625 0.8349609375 0.05078125 0.052734375
0 0.5322265625 0.8876953125 0.095703125 0.162109375
0 0.9931640625 0.787109375 0.013671875 0.0625
0 0.8955078125 0.7763671875 0.056640625 0.048828125
0 0.3857421875 0.8046875 0.111328125 0.1484375
0 0.623046875 0.8017578125 0.203125 0.146484375
0 0.99609375 0.732421875 0.0078125 0.01171875
0 0.8232421875 0.7939453125 0.087890625 0.134765625
0 0.48828125 0.7587890625 0.05078125 0.072265625
0 0.9072265625 0.7265625 0.068359375 0.0703125
0 0.328125 0.7705078125 0.08984375 0.162109375
0 0.154296875 0.7421875 0.15625 0.12890625
0 0.5830078125 0.7021484375 0.052734375 0.052734375
0 0.2314453125 0.6748046875 0.029296875 0.025390625
0 0.736328125 0.7265625 0.12109375 0.1328125
0 0.265625 0.7333984375 0.109375 0.146484375
0 0.9111328125 0.66015625 0.037109375 0.02734375
0 0.2353515625 0.6455078125 0.044921875 0.029296875
0 0.3935546875 0.6689453125 0.173828125 0.091796875
0 0.48046875 0.6455078125 0.0703125 0.056640625
0 0.5419921875 0.6513671875 0.056640625 0.080078125
0 0.935546875 0.619140625 0.01953125 0.03125
0 0.6748046875 0.6796875 0.103515625 0.15625
0 0.9912109375 0.640625 0.017578125 0.08203125
0 0.525390625 0.6044921875 0.0234375 0.021484375
0 0.490234375 0.6103515625 0.046875 0.033203125
0 0.5107421875 0.595703125 0.017578125 0.01953125
0 0.4921875 0.5791015625 0.0234375 0.021484375
0 0.990234375 0.568359375 0.01953125 0.01171875
0 0.623046875 0.6240234375 0.0703125 0.123046875
0 0.8310546875 0.6259765625 0.126953125 0.142578125
0 0.810546875 0.5595703125 0.02734375 0.021484375
0 0.662109375 0.552734375 0.02734375 0.0234375
0 0.58984375 0.5546875 0.05859375 0.08203125
0 0.68359375 0.51953125 0.0234375 0.0234375
0 0.990234375 0.529296875 0.01953125 0.0625
0 0.8447265625 0.5283203125 0.060546875 0.060546875
0 0.4296875 0.5078125 0.1015625 0.0703125
0 0.3076171875 0.5439453125 0.279296875 0.162109375
0 0.728515625 0.44140625 0.03125 0.02734375
0 0.779296875 0.408203125 0.078125 0.05859375
0 0.5908203125 0.455078125 0.123046875 0.18359375
0 0.9033203125 0.3935546875 0.076171875 0.099609375
0 0.68359375 0.3427734375 0.10546875 0.072265625
0 0.9873046875 0.287109375 0.025390625 0.078125
0 0.732421875 0.240234375 0.12109375 0.13671875
0 0.9853515625 0.177734375 0.029296875 0.07421875
0 0.8740234375 0.2509765625 0.126953125 0.322265625
0 0.806640625 0.115234375 0.16015625 0.14453125
0 0.9833984375 0.0087890625 0.033203125 0.017578125
0 0.75390625 0.0224609375 0.05078125 0.044921875
0 0.6806640625 0.0390625 0.095703125 0.078125