0 0.34375 0.9775390625 0.15625 0.044921875
0 0.1181640625 0.9384765625 0.185546875 0.123046875
0 0.0048828125 0.787109375 0.009765625 0.03515625
0 0.5576171875 0.8330078125 0.248046875 0.263671875
0 0.1357421875 0.7314453125 0.111328125 0.087890625
0 0.0810546875 0.65234375 0.115234375 0.125
0 0.701171875 0.6630859375 0.1640625 0.154296875
0 0.013671875 0.609375 0.02734375 0.07421875
0 0.2744140625 0.6435546875 0.189453125 0.177734375
0 0.8330078125 0.611328125 0.197265625 0.2265625
0 0.087890625 0.515625 0.0703125 0.0703125
0 0.3994140625 0.5341796875 0.126953125 0.134765625
0 0.927734375 0.5380859375 0.14453125 0.173828125
0 0.9970703125 0.4130859375 0.005859375 0.009765625
0 0.2734375 0.5048828125 0.2421875 0.244140625
0 0.490234375 0.4462890625 0.12109375 0.142578125
0 0.5400390625 0.3955078125 0.123046875 0.146484375
0 0.0546875 0.396484375 0.109375 0.2734375
0 0.1923828125 0.337890625 0.134765625 0.1875
0 0.5322265625 0.2255859375 0.087890625 0.095703125
0 0.671875 0.2880859375 0.27734375 0.271484375
0 0.380859375 0.2626953125 0.20703125 0.220703125
0 0.2607421875 0.1494140625 0.025390625 0.025390625
0 0.2998046875 0.1201171875 0.021484375 0.025390625
0 0.7958984375 0.1728515625 0.162109375 0.134765625
0 0.5078125 0.1171875 0.19140625 0.17578125
0 0.8017578125 0.0556640625 0.201171875 0.099609375
0 0.7314453125 0.0078125 0.056640625 0.015625
0 0.62109375 0.0361328125 0.125 0.072265625
0 0.4052734375 0.0439453125 0.166015625 0.087890625
0 0.1416015625 0.1123046875 0.126953125 0.224609375
0 0.0390625 0.119140625 0.078125 0.23828125