0 0.5849609375 0.9794921875 0.083984375 0.041015625
0 0.892578125 0.9296875 0.1796875 0.140625
0 0.62109375 0.8828125 0.046875 0.046875
0 0.45703125 0.92578125 0.15625 0.140625
0 0.3916015625 0.826171875 0.142578125 0.13671875
0 0.974609375 0.779296875 0.05078125 0.046875
0 0.921875 0.7333984375 0.03515625 0.037109375
0 0.0068359375 0.73046875 0.013671875 0.03125
0 0.9404296875 0.70703125 0.037109375 0.0390625
0 0.90625 0.6484375 0.12890625 0.09765625
0 0.3369140625 0.6279296875 0.083984375 0.068359375
0 0.7177734375 0.6357421875 0.099609375 0.099609375
0 0.2578125 0.5927734375 0.078125 0.048828125
0 0.9521484375 0.57421875 0.033203125 0.03515625
0 0.5654296875 0.6025390625 0.181640625 0.150390625
0 0.9833984375 0.5478515625 0.033203125 0.044921875
0 0.3603515625 0.546875 0.044921875 0.04296875
0 0.90625 0.533203125 0.04296875 0.0390625
0 0.80078125 0.5390625 0.07421875 0.0859375
0 0.7431640625 0.5078125 0.025390625 0.02734375
0 0.4541015625 0.5888671875 0.177734375 0.224609375
0 0.296875 0.4794921875 0.02734375 0.025390625
0 0.962890625 0.498046875 0.0703125 0.078125
0 0.5703125 0.474609375 0.04296875 0.04296875
0 0.3623046875 0.4912109375 0.091796875 0.095703125
0 0.62890625 0.4453125 0.02734375 0.02734375
0 0.51171875 0.435546875 0.03125 0.02734375
0 0.888671875 0.4287109375 0.03125 0.037109375
0 0.9140625 0.4169921875 0.03125 0.029296875
0 0.5966796875 0.419921875 0.044921875 0.04296875
0 0.14453125 0.43359375 0.1015625 0.09765625
0 0.6708984375 0.404296875 0.044921875 0.04296875
0 0.9150390625 0.3740234375 0.037109375 0.037109375
0 0.4365234375 0.3896484375 0.064453125 0.068359375
0 0.0888671875 0.375 0.138671875 0.13671875
0 0.818359375 0.3212890625 0.0390625 0.033203125
0 0.76953125 0.3876953125 0.16796875 0.189453125
0 0.541015625 0.3486328125 0.09765625 0.162109375
0 0.19140625 0.314453125 0.140625 0.109375
0 0.6953125 0.2568359375 0.03125 0.029296875
0 0.908203125 0.2607421875 0.0390625 0.041015625
0 0.408203125 0.283203125 0.09375 0.09765625
0 0.615234375 0.294921875 0.1484375 0.13671875
0 0.66796875 0.224609375 0.03515625 0.03125
0 0.224609375 0.212890625 0.0390625 0.03515625
0 0.64453125 0.197265625 0.03515625 0.03125
0 0.970703125 0.193359375 0.05859375 0.09375
0 0.927734375 0.1728515625 0.05859375 0.056640625
0 0.51953125 0.1513671875 0.02734375 0.060546875
0 0.3447265625 0.162109375 0.095703125 0.12890625
0 0.041015625 0.064453125 0.0703125 0.0625
0 0.8681640625 0.08984375 0.111328125 0.12890625
0 0.43359375 0.0732421875 0.0859375 0.119140625
0 0.92578125 0.0322265625 0.125 0.064453125
0 0.7294921875 0.1318359375 0.275390625 0.263671875
0 0.3974609375 0.0205078125 0.080078125 0.041015625
0 0.2529296875 0.1005859375 0.255859375 0.201171875