0 0.818359375 0.998046875 0.00390625 0.00390625
0 0.36328125 0.998046875 0.00390625 0.00390625
0 0.6435546875 0.9951171875 0.017578125 0.009765625
0 0.5986328125 0.994140625 0.025390625 0.01171875
0 0.62109375 0.9873046875 0.01953125 0.017578125
0 0.8359375 0.9833984375 0.04296875 0.033203125
0 0.7392578125 0.98046875 0.037109375 0.0390625
0 0.1923828125 0.9794921875 0.041015625 0.041015625
0 0.3056640625 0.96875 0.044921875 0.0390625
0 0.7109375 0.97265625 0.04296875 0.0546875
0 0.560546875 0.9501953125 0.0234375 0.021484375
0 0.4326171875 0.9697265625 0.130859375 0.060546875
0 0.626953125 0.94921875 0.046875 0.05078125
0 0.990234375 0.9365234375 0.01953125 0.029296875
0 0.935546875 0.9560546875 0.046875 0.068359375
0 0.521484375 0.953125 0.06640625 0.09375
0 0.9560546875 0.912109375 0.029296875 0.03125
0 0.5400390625 0.9052734375 0.029296875 0.029296875
0 0.40625 0.91015625 0.07421875 0.046875
0 0.8779296875 0.8974609375 0.041015625 0.029296875
0 0.279296875 0.9384765625 0.16796875 0.123046875
0 0.97265625 0.88671875 0.03515625 0.03515625
0 0.6796875 0.9208984375 0.05859375 0.103515625
0 0.90625 0.888671875 0.078125 0.05078125
0 0.5888671875 0.8876953125 0.041015625 0.052734375
0 0.0068359375 0.869140625 0.013671875 0.03125
0 0.775390625 0.8837890625 0.09765625 0.083984375
0 0.9189453125 0.859375 0.080078125 0.046875
0 0.470703125 0.8583984375 0.04296875 0.052734375
0 0.990234375 0.833984375 0.01953125 0.02734375
0 0.833984375 0.8349609375 0.03515625 0.029296875
0 0.2822265625 0.8369140625 0.033203125 0.044921875
0 0.794921875 0.830078125 0.04296875 0.04296875
0 0.3056640625 0.818359375 0.021484375 0.0234375
0 0.919921875 0.8251953125 0.046875 0.044921875
0 0.1123046875 0.8203125 0.033203125 0.0390625
0 0.76171875 0.8095703125 0.04296875 0.037109375
0 0.9296875 0.8017578125 0.05078125 0.029296875
0 0.001953125 0.7890625 0.00390625 0.00390625
0 0.7119140625 0.8193359375 0.080078125 0.080078125
0 0.98046875 0.794921875 0.02734375 0.03515625
0 0.3642578125 0.8212890625 0.111328125 0.115234375
0 0.9873046875 0.765625 0.025390625 0.0234375
0 0.798828125 0.771484375 0.078125 0.0625
0 0.546875 0.796875 0.12890625 0.125
0 0.41796875 0.7685546875 0.05859375 0.068359375
0 0.861328125 0.7724609375 0.06640625 0.080078125
0 0.1708984375 0.7431640625 0.029296875 0.029296875
0 0.142578125 0.7490234375 0.0390625 0.056640625
0 0.9560546875 0.7392578125 0.044921875 0.044921875
0 0.9892578125 0.7275390625 0.021484375 0.033203125
0 0.1513671875 0.716796875 0.021484375 0.02734375
0 0.169921875 0.705078125 0.0234375 0.0234375
0 0.3798828125 0.705078125 0.029296875 0.03125
0 0.2529296875 0.6962890625 0.021484375 0.017578125
0 0.63671875 0.6962890625 0.02734375 0.029296875
0 0.1865234375 0.6943359375 0.025390625 0.025390625
0 0.994140625 0.6875 0.01171875 0.01953125
0 0.3974609375 0.6904296875 0.025390625 0.025390625
0 0.662109375 0.6767578125 0.03125 0.033203125
0 0.4130859375 0.6767578125 0.033203125 0.041015625
0 0.21484375 0.693359375 0.046875 0.07421875
0 0.2724609375 0.6640625 0.037109375 0.046875
0 0.45703125 0.66015625 0.046875 0.05078125
0 0.6923828125 0.65234375 0.041015625 0.0390625
0 0.5673828125 0.6416015625 0.041015625 0.037109375
0 0.244140625 0.65234375 0.04296875 0.05859375
0 0.6201171875 0.6572265625 0.068359375 0.072265625
0 0.1318359375 0.6455078125 0.056640625 0.056640625
0 0.9912109375 0.6328125 0.017578125 0.03515625
0 0.3134765625 0.6171875 0.033203125 0.03125
0 0.45703125 0.6142578125 0.0390625 0.033203125
0 0.525390625 0.5966796875 0.0234375 0.021484375
0 0.630859375 0.59765625 0.03125 0.03515625
0 0.345703125 0.59375 0.02734375 0.02734375
0 0.76171875 0.59765625 0.03515625 0.0390625
0 0.1728515625 0.6083984375 0.060546875 0.060546875
0 0.3740234375 0.5771484375 0.025390625 0.025390625
0 0.185546875 0.580078125 0.02734375 0.03125
0 0.123046875 0.5771484375 0.03125 0.033203125
0 0.203125 0.5703125 0.02734375 0.03125
0 0.791015625 0.5712890625 0.046875 0.041015625
0 0.2822265625 0.57421875 0.048828125 0.046875
0 0.748046875 0.55859375 0.04296875 0.02734375
0 0.75390625 0.65625 0.2734375 0.23046875
0 0.5654296875 0.560546875 0.052734375 0.05078125
0 0.1064453125 0.5498046875 0.033203125 0.029296875
0 0.2529296875 0.546875 0.033203125 0.03125
0 0.6884765625 0.564453125 0.091796875 0.0703125
0 0.3984375 0.548828125 0.04296875 0.0390625
0 0.77734375 0.5390625 0.0234375 0.0234375
0 0.349609375 0.537109375 0.02734375 0.0234375
0 0.1650390625 0.5439453125 0.041015625 0.037109375
0 0.390625 0.5263671875 0.02734375 0.025390625
0 0.33203125 0.5263671875 0.03125 0.025390625
0 0.615234375 0.5302734375 0.05859375 0.048828125
0 0.294921875 0.529296875 0.046875 0.05078125
0 0.025390625 0.5458984375 0.05078125 0.095703125
0 0.099609375 0.515625 0.0390625 0.04296875
0 0.236328125 0.515625 0.0390625 0.05078125
0 0.7548828125 0.5068359375 0.037109375 0.037109375
0 0.80859375 0.5087890625 0.0546875 0.056640625
0 0.6435546875 0.4990234375 0.033203125 0.037109375
0 0.296875 0.4794921875 0.01953125 0.017578125
0 0.78515625 0.4716796875 0.03515625 0.037109375
0 0.279296875 0.458984375 0.01953125 0.01953125
0 0.6845703125 0.4677734375 0.052734375 0.048828125
0 0.32421875 0.453125 0.03125 0.03125
0 0.880859375 0.4482421875 0.04296875 0.044921875
0 0.2646484375 0.4365234375 0.021484375 0.021484375
0 0.30859375 0.4345703125 0.03125 0.033203125
0 0.7333984375 0.43359375 0.072265625 0.06640625
0 0.294921875 0.416015625 0.03515625 0.03125
0 0.103515625 0.45703125 0.1015625 0.11328125
0 0.931640625 0.4794921875 0.13671875 0.166015625
0 0.177734375 0.4453125 0.1171875 0.1171875
0 0.279296875 0.3857421875 0.02734375 0.021484375
0 0.1240234375 0.369140625 0.048828125 0.0390625
0 0.990234375 0.369140625 0.01953125 0.04296875
0 0.802734375 0.3740234375 0.07421875 0.072265625
0 0.9970703125 0.337890625 0.005859375 0.01171875
0 0.8681640625 0.33203125 0.041015625 0.04296875
0 0.205078125 0.3271484375 0.03515625 0.037109375
0 0.9326171875 0.3544921875 0.134765625 0.134765625
0 0.9501953125 0.2470703125 0.099609375 0.115234375
0 0.0908203125 0.2646484375 0.142578125 0.220703125
0 0.99609375 0.0078125 0.0078125 0.015625
0 0.7578125 0.1162109375 0.3203125 0.232421875
0 0.5546875 0.048828125 0.10546875 0.09765625
0 0.4892578125 0.0087890625 0.033203125 0.017578125
0 0.4228515625 0.1083984375 0.169921875 0.216796875
0 0.2978515625 0.017578125 0.068359375 0.03515625
0 0.3173828125 0.2421875 0.431640625 0.484375