0 0.89453125 0.998046875 0.00390625 0.00390625
0 0.7568359375 0.9853515625 0.044921875 0.029296875
0 0.92578125 0.984375 0.04296875 0.03125
0 0.8515625 0.927734375 0.04296875 0.04296875
0 0.787109375 0.8974609375 0.0546875 0.056640625
0 0.978515625 0.89453125 0.04296875 0.07421875
0 0.5166015625 0.89453125 0.173828125 0.2109375
0 0.037109375 0.8408203125 0.07421875 0.123046875
0 0.998046875 0.724609375 0.00390625 0.00390625
0 0.3984375 0.8603515625 0.27734375 0.279296875
0 0.01171875 0.7392578125 0.0234375 0.044921875
0 0.99609375 0.69140625 0.0078125 0.0234375
0 0.6416015625 0.72265625 0.111328125 0.109375
0 0.3701171875 0.6689453125 0.041015625 0.044921875
0 0.169921875 0.634765625 0.15625 0.16015625
0 0.62890625 0.5703125 0.05078125 0.05078125
0 0.171875 0.533203125 0.03125 0.03125
0 0.537109375 0.5029296875 0.0546875 0.056640625
0 0.9296875 0.486328125 0.05859375 0.0625
0 0.525390625 0.443359375 0.01953125 0.01953125
0 0.583984375 0.458984375 0.05859375 0.0546875
0 0.791015625 0.552734375 0.33203125 0.25390625
0 0.638671875 0.43359375 0.03515625 0.0390625
0 0.662109375 0.4248046875 0.0234375 0.025390625
0 0.4853515625 0.4296875 0.048828125 0.05078125
0 0.876953125 0.4140625 0.01953125 0.0390625
0 0.908203125 0.4130859375 0.0234375 0.044921875
0 0.681640625 0.4072265625 0.04296875 0.037109375
0 0.7216796875 0.3837890625 0.029296875 0.033203125
0 0.751953125 0.375 0.0234375 0.0234375
0 0.44921875 0.3828125 0.05859375 0.0625
0 0.7822265625 0.36328125 0.025390625 0.02734375
0 0.8125 0.353515625 0.02734375 0.03125
0 0.939453125 0.3447265625 0.015625 0.017578125
0 0.8828125 0.3466796875 0.015625 0.021484375
0 0.974609375 0.34375 0.03515625 0.02734375
0 0.8984375 0.3427734375 0.01171875 0.025390625
0 0.916015625 0.33984375 0.015625 0.0234375
0 0.958984375 0.330078125 0.02734375 0.0234375
0 0.009765625 0.333984375 0.01953125 0.03515625
0 0.9423828125 0.296875 0.025390625 0.0234375
0 0.5498046875 0.296875 0.033203125 0.03515625
0 0.998046875 0.28125 0.00390625 0.0078125
0 0.5341796875 0.2744140625 0.025390625 0.021484375
0 0.9228515625 0.265625 0.029296875 0.0234375
0 0.3359375 0.2666015625 0.0625 0.060546875
0 0.509765625 0.24609375 0.0234375 0.0234375
0 0.908203125 0.244140625 0.03515625 0.03125
0 0.9814453125 0.2275390625 0.037109375 0.060546875
0 0.4736328125 0.2001953125 0.021484375 0.021484375
0 0.0087890625 0.1943359375 0.017578125 0.017578125
0 0.0810546875 0.185546875 0.029296875 0.02734375
0 0.45703125 0.1796875 0.02734375 0.0234375
0 0.326171875 0.1748046875 0.02734375 0.033203125
0 0.953125 0.177734375 0.046875 0.04296875
0 0.2626953125 0.1943359375 0.091796875 0.076171875
0 0.01953125 0.1669921875 0.0234375 0.025390625
0 0.361328125 0.166015625 0.03125 0.02734375
0 0.5185546875 0.1591796875 0.033203125 0.044921875
0 0.544921875 0.1416015625 0.02734375 0.029296875
0 0.93359375 0.13671875 0.04296875 0.03515625
0 0.4169921875 0.1279296875 0.033203125 0.025390625
0 0.576171875 0.1279296875 0.02734375 0.029296875
0 0.326171875 0.1279296875 0.02734375 0.029296875
0 0.4794921875 0.1123046875 0.021484375 0.021484375
0 0.3515625 0.1171875 0.0234375 0.03125
0 0.0068359375 0.10546875 0.013671875 0.0234375
0 0.826171875 0.1015625 0.02734375 0.0234375
0 0.5068359375 0.099609375 0.021484375 0.0234375
0 0.3974609375 0.099609375 0.029296875 0.0234375
0 0.63671875 0.09765625 0.03515625 0.03125
0 0.8984375 0.087890625 0.0390625 0.03125
0 0.53125 0.0869140625 0.02734375 0.029296875
0 0.8076171875 0.0810546875 0.021484375 0.025390625
0 0.5556640625 0.0732421875 0.021484375 0.029296875
0 0.6982421875 0.0673828125 0.021484375 0.029296875
0 0.4580078125 0.06640625 0.025390625 0.03125
0 0.5791015625 0.0595703125 0.025390625 0.025390625
0 0.8837890625 0.056640625 0.044921875 0.03515625
0 0.7314453125 0.0546875 0.025390625 0.03125
0 0.490234375 0.052734375 0.0234375 0.02734375
0 0.7958984375 0.046875 0.025390625 0.0234375
0 0.05078125 0.05078125 0.03125 0.04296875
0 0.609375 0.04296875 0.02734375 0.03125
0 0.5166015625 0.0380859375 0.021484375 0.025390625
0 0.630859375 0.03515625 0.01953125 0.0234375
0 0.8642578125 0.03515625 0.037109375 0.03125
0 0.658203125 0.0234375 0.01953125 0.01953125
0 0.7744140625 0.0244140625 0.029296875 0.025390625
0 0.5380859375 0.0234375 0.021484375 0.0234375
0 0.5576171875 0.0185546875 0.021484375 0.025390625
0 0.8466796875 0.009765625 0.033203125 0.01953125
0 0.720703125 0.00390625 0.015625 0.0078125
0 0.685546875 0.01171875 0.01953125 0.0234375
0 0.6103515625 0.001953125 0.009765625 0.00390625
0 0.5859375 0.0107421875 0.0234375 0.021484375
0 0.458984375 0.0068359375 0.01953125 0.013671875