0 0.9873046875 0.728515625 0.025390625 0.0234375
0 0.4501953125 0.712890625 0.900390625 0.1171875
0 0.984375 0.646484375 0.03125 0.0546875
0 0.6513671875 0.57421875 0.021484375 0.015625
0 0.5537109375 0.56640625 0.076171875 0.02734375
0 0.3291015625 0.5703125 0.224609375 0.04296875
0 0.64453125 0.5537109375 0.03515625 0.017578125
0 0.880859375 0.548828125 0.01953125 0.01953125
0 0.8046875 0.544921875 0.1171875 0.0390625
0 0.064453125 0.5576171875 0.11328125 0.087890625
0 0.0205078125 0.5185546875 0.041015625 0.087890625
0 0.4130859375 0.412109375 0.033203125 0.0234375
0 0.4365234375 0.30859375 0.138671875 0.05859375
0 0.748046875 0.279296875 0.0234375 0.0234375
0 0.0029296875 0.267578125 0.005859375 0.01171875
0 0.5615234375 0.2841796875 0.064453125 0.083984375
0 0.6826171875 0.2890625 0.099609375 0.140625
0 0.9736328125 0.2607421875 0.052734375 0.107421875
0 0.189453125 0.310546875 0.25 0.265625
0 0.9521484375 0.126953125 0.095703125 0.05859375
0 0.046875 0.1357421875 0.09375 0.138671875