0 0.0615234375 0.21875 0.123046875 0.08984375
0 0.02734375 0.1220703125 0.02734375 0.029296875
0 0.158203125 0.1123046875 0.0234375 0.017578125
0 0.265625 0.1142578125 0.05859375 0.037109375
0 0.087890625 0.107421875 0.02734375 0.0234375
0 0.0205078125 0.0859375 0.041015625 0.01953125
0 0.0654296875 0.0927734375 0.044921875 0.052734375
0 0.41015625 0.0830078125 0.0234375 0.037109375
0 0.126953125 0.0703125 0.02734375 0.01953125
0 0.01171875 0.0615234375 0.0234375 0.025390625
0 0.0927734375 0.0546875 0.029296875 0.015625
0 0.2578125 0.056640625 0.0625 0.0234375
0 0.01171875 0.0322265625 0.0234375 0.021484375
0 0.2529296875 0.0107421875 0.037109375 0.021484375
0 0.1962890625 0.0673828125 0.041015625 0.134765625
0 0.1337890625 0.0166015625 0.048828125 0.033203125
0 0.0673828125 0.0126953125 0.052734375 0.025390625
0 0.0244140625 0.009765625 0.025390625 0.01953125