0 0.083984375 0.9951171875 0.01953125 0.009765625
0 0.203125 0.9931640625 0.01953125 0.013671875
0 0.1337890625 0.9931640625 0.048828125 0.013671875
0 0.056640625 0.9921875 0.03125 0.015625
0 0.0244140625 0.9921875 0.025390625 0.015625
0 0.2734375 0.9912109375 0.0390625 0.017578125
0 0.0166015625 0.943359375 0.033203125 0.02734375
0 0.048828125 0.935546875 0.02734375 0.03125
0 0.1484375 0.9287109375 0.0234375 0.044921875
0 0.080078125 0.9267578125 0.03125 0.048828125
0 0.2119140625 0.9248046875 0.033203125 0.048828125
0 0.1826171875 0.92578125 0.021484375 0.05078125
0 0.265625 0.921875 0.02734375 0.046875
0 0.1171875 0.9150390625 0.02734375 0.048828125
0 0.00390625 0.8994140625 0.0078125 0.025390625
0 0.0576171875 0.8857421875 0.017578125 0.013671875
0 0.216796875 0.8701171875 0.015625 0.013671875
0 0.119140625 0.8662109375 0.02734375 0.021484375
0 0.2646484375 0.869140625 0.041015625 0.0390625
0 0.01171875 0.8603515625 0.0234375 0.048828125
0 0.26171875 0.8349609375 0.03515625 0.025390625
0 0.0966796875 0.8193359375 0.017578125 0.021484375
0 0.04296875 0.8310546875 0.01953125 0.044921875
0 0.0654296875 0.8291015625 0.017578125 0.044921875
0 0.22265625 0.822265625 0.0234375 0.0390625
0 0.0146484375 0.8154296875 0.029296875 0.025390625
0 0.1591796875 0.82421875 0.099609375 0.05078125
0 0.259765625 0.8076171875 0.03515625 0.021484375
0 0.4326171875 0.783203125 0.017578125 0.015625
0 0.015625 0.7568359375 0.03125 0.041015625
0 0.140625 0.748046875 0.01953125 0.03515625
0 0.1123046875 0.751953125 0.017578125 0.04296875
0 0.259765625 0.744140625 0.0234375 0.03515625
0 0.22265625 0.7451171875 0.046875 0.041015625
0 0.05078125 0.7490234375 0.03515625 0.048828125
0 0.1767578125 0.7431640625 0.041015625 0.041015625
0 0.0107421875 0.7255859375 0.021484375 0.017578125
0 0.0849609375 0.720703125 0.029296875 0.0390625
0 0.009765625 0.70703125 0.01953125 0.015625
0 0.138671875 0.7021484375 0.01171875 0.013671875
0 0.1962890625 0.69921875 0.041015625 0.01953125
0 0.0068359375 0.689453125 0.013671875 0.015625
0 0.171875 0.681640625 0.015625 0.0078125
0 0.0419921875 0.6826171875 0.017578125 0.021484375
0 0.150390625 0.6552734375 0.04296875 0.029296875
0 0.2509765625 0.677734375 0.044921875 0.0859375
0 0.0546875 0.650390625 0.01953125 0.04296875
0 0.013671875 0.6513671875 0.02734375 0.056640625
0 0.02734375 0.638671875 0.0234375 0.03515625
0 0.251953125 0.625 0.046875 0.01953125
0 0.25390625 0.5576171875 0.04296875 0.017578125
0 0.255859375 0.537109375 0.04296875 0.015625
0 0.09765625 0.5458984375 0.08984375 0.037109375
0 0.21484375 0.5400390625 0.015625 0.041015625
0 0.193359375 0.541015625 0.015625 0.04296875
0 0.1650390625 0.5390625 0.029296875 0.0390625
0 0.2548828125 0.517578125 0.044921875 0.015625
0 0.14453125 0.5 0.03515625 0.015625
0 0.251953125 0.5 0.046875 0.01953125
0 0.0126953125 0.5087890625 0.025390625 0.041015625
0 0.193359375 0.4921875 0.05078125 0.02734375
0 0.25390625 0.4794921875 0.04296875 0.013671875
0 0.037109375 0.478515625 0.01953125 0.0234375
0 0.25390625 0.4609375 0.04296875 0.015625
0 0.2548828125 0.4423828125 0.044921875 0.017578125
0 0.0205078125 0.4384765625 0.013671875 0.025390625
0 0.0390625 0.44140625 0.015625 0.03515625
0 0.21484375 0.4384765625 0.015625 0.037109375
0 0.193359375 0.4384765625 0.015625 0.037109375
0 0.173828125 0.4384765625 0.01953125 0.037109375
0 0.1533203125 0.4384765625 0.017578125 0.037109375
0 0.095703125 0.439453125 0.08984375 0.0390625
0 0.25390625 0.421875 0.046875 0.01953125
0 0.1201171875 0.3662109375 0.029296875 0.021484375
0 0.0087890625 0.369140625 0.017578125 0.03125
0 0.0322265625 0.3681640625 0.021484375 0.033203125
0 0.2080078125 0.3642578125 0.017578125 0.029296875
0 0.0869140625 0.3623046875 0.017578125 0.029296875
0 0.2490234375 0.3623046875 0.044921875 0.033203125
0 0.0595703125 0.3603515625 0.017578125 0.037109375
0 0.162109375 0.3544921875 0.0234375 0.044921875
0 0.0849609375 0.32421875 0.021484375 0.015625
0 0.2255859375 0.3271484375 0.021484375 0.025390625
0 0.2529296875 0.326171875 0.029296875 0.02734375
0 0.193359375 0.3203125 0.015625 0.015625
0 0.001953125 0.2666015625 0.00390625 0.013671875
0 0.4775390625 0.333984375 0.150390625 0.17578125
0 0.08984375 0.2666015625 0.0546875 0.041015625
0 0.01953125 0.2548828125 0.02734375 0.033203125
0 0.216796875 0.26953125 0.11328125 0.07421875
0 0.4150390625 0.1865234375 0.037109375 0.017578125
0 0.0673828125 0.1455078125 0.134765625 0.017578125
0 0.068359375 0.1025390625 0.13671875 0.021484375
0 0.3623046875 0.1044921875 0.017578125 0.037109375
0 0.2080078125 0.125 0.091796875 0.09375
0 0.0390625 0.013671875 0.01171875 0.015625
0 0.064453125 0.01171875 0.01171875 0.015625
0 0.205078125 0.001953125 0.015625 0.00390625
0 0.1767578125 0.00390625 0.017578125 0.0078125