0 0.5966796875 0.9541015625 0.017578125 0.033203125
0 0.56640625 0.9541015625 0.01953125 0.033203125
0 0.5419921875 0.94921875 0.017578125 0.04296875
0 0.4677734375 0.9443359375 0.021484375 0.033203125
0 0.619140625 0.947265625 0.01953125 0.04296875
0 0.490234375 0.9443359375 0.015625 0.041015625
0 0.4423828125 0.9375 0.013671875 0.0390625
0 0.419921875 0.9306640625 0.015625 0.041015625
0 0.7236328125 0.9306640625 0.021484375 0.048828125
0 0.3974609375 0.9248046875 0.013671875 0.041015625
0 0.3701171875 0.9208984375 0.029296875 0.037109375
0 0.6875 0.92578125 0.02734375 0.05078125
0 0.3359375 0.9150390625 0.03125 0.033203125
0 0.751953125 0.9169921875 0.0234375 0.044921875
0 0.556640625 0.9111328125 0.046875 0.037109375
0 0.48046875 0.9013671875 0.03515625 0.017578125
0 0.2734375 0.900390625 0.03125 0.0234375
0 0.60546875 0.9013671875 0.03515625 0.033203125
0 0.78125 0.90234375 0.01953125 0.0390625
0 0.48046875 0.8818359375 0.03515625 0.013671875
0 0.8056640625 0.8916015625 0.021484375 0.037109375
0 0.6826171875 0.8798828125 0.041015625 0.021484375
0 0.17578125 0.8759765625 0.03515625 0.017578125
0 0.5458984375 0.8759765625 0.029296875 0.021484375
0 0.6015625 0.8720703125 0.04296875 0.017578125
0 0.3349609375 0.87890625 0.033203125 0.03125
0 0.208984375 0.8779296875 0.01953125 0.029296875
0 0.8623046875 0.8759765625 0.021484375 0.029296875
0 0.8359375 0.8798828125 0.0234375 0.041015625
0 0.2314453125 0.880859375 0.017578125 0.04296875
0 0.271484375 0.87109375 0.03515625 0.02734375
0 0.4794921875 0.86328125 0.033203125 0.015625
0 0.7158203125 0.8681640625 0.029296875 0.029296875
0 0.40625 0.8701171875 0.09375 0.041015625
0 0.6796875 0.853515625 0.0390625 0.01953125
0 0.33984375 0.8515625 0.046875 0.015625
0 0.546875 0.8505859375 0.03125 0.021484375
0 0.607421875 0.8486328125 0.03125 0.021484375
0 0.8896484375 0.857421875 0.021484375 0.04296875
0 0.478515625 0.84375 0.03515625 0.015625
0 0.7724609375 0.8408203125 0.013671875 0.017578125
0 0.8115234375 0.837890625 0.021484375 0.01953125
0 0.234375 0.8369140625 0.015625 0.017578125
0 0.8408203125 0.8359375 0.017578125 0.01953125
0 0.9189453125 0.8466796875 0.021484375 0.044921875
0 0.7099609375 0.83203125 0.017578125 0.01953125
0 0.1875 0.8330078125 0.015625 0.025390625
0 0.9453125 0.837890625 0.01953125 0.04296875
0 0.275390625 0.8291015625 0.01953125 0.025390625
0 0.6796875 0.826171875 0.0390625 0.0234375
0 0.603515625 0.8232421875 0.03515625 0.017578125
0 0.5478515625 0.8251953125 0.033203125 0.021484375
0 0.478515625 0.822265625 0.03515625 0.015625
0 0.3388671875 0.8271484375 0.044921875 0.029296875
0 0.091796875 0.83203125 0.01953125 0.0390625
0 0.8837890625 0.8203125 0.017578125 0.01953125
0 0.0654296875 0.830078125 0.017578125 0.0390625
0 0.0419921875 0.82421875 0.017578125 0.0390625
0 0.994140625 0.8154296875 0.01171875 0.029296875
0 0.9306640625 0.80859375 0.033203125 0.015625
0 0.76171875 0.80859375 0.015625 0.015625
0 0.271484375 0.806640625 0.0234375 0.015625
0 0.0185546875 0.818359375 0.017578125 0.0390625
0 0.4775390625 0.8037109375 0.033203125 0.013671875
0 0.603515625 0.8037109375 0.03515625 0.017578125
0 0.546875 0.8037109375 0.03515625 0.017578125
0 0.904296875 0.796875 0.015625 0.015625
0 0.6796875 0.7978515625 0.0390625 0.021484375
0 0.9365234375 0.7890625 0.037109375 0.01953125
0 0.015625 0.7841796875 0.03125 0.013671875
0 0.1025390625 0.7958984375 0.052734375 0.041015625
0 0.1728515625 0.7822265625 0.041015625 0.021484375
0 0.1416015625 0.7841796875 0.017578125 0.025390625
0 0.2255859375 0.78515625 0.025390625 0.03125
0 0.2041015625 0.7822265625 0.013671875 0.025390625
0 0.26953125 0.7802734375 0.02734375 0.025390625
0 0.3818359375 0.787109375 0.134765625 0.04296875
0 0.7275390625 0.7822265625 0.021484375 0.037109375
0 0.9052734375 0.7724609375 0.013671875 0.021484375
0 0.8056640625 0.779296875 0.017578125 0.03515625
0 0.77734375 0.7802734375 0.01953125 0.037109375
0 0.751953125 0.7802734375 0.01953125 0.037109375
0 0.6865234375 0.7744140625 0.056640625 0.025390625
0 0.5458984375 0.7763671875 0.033203125 0.029296875
0 0.4765625 0.7763671875 0.03515625 0.029296875
0 0.859375 0.77734375 0.01953125 0.03515625
0 0.8310546875 0.77734375 0.021484375 0.03515625
0 0.6005859375 0.775390625 0.041015625 0.03125
0 0.884765625 0.7763671875 0.01953125 0.037109375
0 0.9365234375 0.763671875 0.037109375 0.01953125
0 0.994140625 0.76171875 0.01171875 0.03125
0 0.3310546875 0.7255859375 0.033203125 0.017578125
0 0.599609375 0.720703125 0.04296875 0.01953125
0 0.376953125 0.72265625 0.01953125 0.0234375
0 0.265625 0.724609375 0.03515625 0.02734375
0 0.224609375 0.7216796875 0.02734375 0.033203125
0 0.005859375 0.71875 0.01171875 0.03515625
0 0.19921875 0.71875 0.015625 0.0390625
0 0.1796875 0.7197265625 0.015625 0.041015625
0 0.0712890625 0.716796875 0.017578125 0.03515625
0 0.0478515625 0.716796875 0.017578125 0.03515625
0 0.0244140625 0.716796875 0.017578125 0.03515625
0 0.671875 0.712890625 0.04296875 0.03125
0 0.162109375 0.7080078125 0.015625 0.021484375
0 0.140625 0.71484375 0.01953125 0.03515625
0 0.1201171875 0.71484375 0.017578125 0.03515625
0 0.0966796875 0.71484375 0.017578125 0.03515625
0 0.99609375 0.705078125 0.0078125 0.01953125
0 0.791015625 0.708984375 0.015625 0.02734375
0 0.873046875 0.70703125 0.01171875 0.02734375
0 0.8486328125 0.70703125 0.025390625 0.02734375
0 0.8125 0.70703125 0.0234375 0.02734375
0 0.9345703125 0.7060546875 0.041015625 0.029296875
0 0.7265625 0.70703125 0.015625 0.03515625
0 0.7109375 0.70703125 0.015625 0.03515625
0 0.8955078125 0.703125 0.025390625 0.03125
0 0.7587890625 0.7060546875 0.044921875 0.037109375
0 0.544921875 0.7080078125 0.0546875 0.041015625
0 0.4140625 0.7080078125 0.01953125 0.044921875
0 0.337890625 0.697265625 0.046875 0.02734375
0 0.2666015625 0.69140625 0.029296875 0.02734375
0 0.5986328125 0.6923828125 0.044921875 0.037109375
0 0.0419921875 0.6748046875 0.013671875 0.013671875
0 0.48046875 0.6728515625 0.03515625 0.017578125
0 0.1865234375 0.6748046875 0.025390625 0.021484375
0 0.087890625 0.671875 0.015625 0.015625
0 0.669921875 0.6787109375 0.04296875 0.033203125
0 0.9951171875 0.6708984375 0.009765625 0.025390625
0 0.3310546875 0.6669921875 0.037109375 0.017578125
0 0.3779296875 0.66796875 0.017578125 0.0234375
0 0.451171875 0.69140625 0.1015625 0.078125
0 0.1328125 0.6640625 0.03515625 0.02734375
0 0.8505859375 0.6640625 0.029296875 0.03125
0 0.8095703125 0.6640625 0.029296875 0.03125
0 0.4794921875 0.6552734375 0.037109375 0.013671875
0 0.5361328125 0.6630859375 0.037109375 0.033203125
0 0.669921875 0.65234375 0.04296875 0.015625
0 0.212890625 0.6611328125 0.01953125 0.033203125
0 0.9345703125 0.666015625 0.041015625 0.046875
0 0.263671875 0.658203125 0.03515625 0.03125
0 0.8896484375 0.654296875 0.021484375 0.02734375
0 0.994140625 0.6376953125 0.01171875 0.017578125
0 0.4794921875 0.6376953125 0.037109375 0.017578125
0 0.5361328125 0.6357421875 0.037109375 0.017578125
0 0.830078125 0.6318359375 0.046875 0.017578125
0 0.7900390625 0.6328125 0.013671875 0.01953125
0 0.767578125 0.6357421875 0.02734375 0.025390625
0 0.7431640625 0.63671875 0.017578125 0.02734375
0 0.5966796875 0.6435546875 0.044921875 0.056640625
0 0.90625 0.6171875 0.0234375 0.01953125
0 0.3984375 0.626953125 0.0234375 0.0390625
0 0.4296875 0.625 0.0234375 0.0390625
0 0.9931640625 0.6103515625 0.013671875 0.021484375
0 0.9375 0.61328125 0.03515625 0.02734375
0 0.595703125 0.6044921875 0.04296875 0.017578125
0 0.0029296875 0.6103515625 0.005859375 0.029296875
0 0.8115234375 0.60546875 0.025390625 0.0234375
0 0.6689453125 0.6181640625 0.044921875 0.048828125
0 0.197265625 0.6123046875 0.015625 0.037109375
0 0.177734375 0.611328125 0.015625 0.03515625
0 0.15625 0.6103515625 0.015625 0.033203125
0 0.1376953125 0.611328125 0.013671875 0.03515625
0 0.0830078125 0.6201171875 0.087890625 0.052734375
0 0.0205078125 0.615234375 0.021484375 0.04296875
0 0.26953125 0.615234375 0.0234375 0.046875
0 0.236328125 0.61328125 0.03125 0.046875
0 0.333984375 0.609375 0.046875 0.0546875
0 0.369140625 0.599609375 0.0234375 0.0390625
0 0.4892578125 0.59765625 0.017578125 0.0390625
0 0.4619140625 0.5986328125 0.033203125 0.041015625
0 0.5400390625 0.5966796875 0.052734375 0.041015625
0 0.595703125 0.583984375 0.04296875 0.01953125
0 0.734375 0.591796875 0.03515625 0.0390625
0 0.70703125 0.591796875 0.015625 0.0390625
0 0.66796875 0.58203125 0.04296875 0.01953125
0 0.9931640625 0.5810546875 0.013671875 0.021484375
0 0.7939453125 0.5830078125 0.025390625 0.025390625
0 0.7705078125 0.58984375 0.017578125 0.0390625
0 0.8916015625 0.5888671875 0.126953125 0.041015625
0 0.048828125 0.5419921875 0.09375 0.033203125
0 0.1552734375 0.537109375 0.013671875 0.03125
0 0.9248046875 0.5283203125 0.044921875 0.017578125
0 0.1728515625 0.5361328125 0.017578125 0.033203125
0 0.484375 0.533203125 0.02734375 0.03125
0 0.5166015625 0.53125 0.029296875 0.03125
0 0.4541015625 0.5322265625 0.029296875 0.033203125
0 0.5791015625 0.5283203125 0.076171875 0.037109375
0 0.193359375 0.5302734375 0.015625 0.041015625
0 0.1220703125 0.5322265625 0.048828125 0.044921875
0 0.76171875 0.5224609375 0.01953125 0.037109375
0 0.7841796875 0.521484375 0.017578125 0.0390625
0 0.9248046875 0.5078125 0.044921875 0.01953125
0 0.2548828125 0.5234375 0.041015625 0.0546875
0 0.8740234375 0.515625 0.037109375 0.04296875
0 0.013671875 0.5029296875 0.01953125 0.021484375
0 0.103515625 0.4892578125 0.015625 0.017578125
0 0.923828125 0.4873046875 0.04296875 0.017578125
0 0.3701171875 0.5166015625 0.119140625 0.076171875
0 0.4140625 0.4912109375 0.03515625 0.029296875
0 0.4560546875 0.4892578125 0.033203125 0.029296875
0 0.5146484375 0.4873046875 0.037109375 0.029296875
0 0.826171875 0.5048828125 0.0546875 0.068359375
0 0.6962890625 0.5078125 0.103515625 0.07421875
0 0.6005859375 0.48828125 0.029296875 0.03515625
0 0.01953125 0.4794921875 0.0390625 0.017578125
0 0.7421875 0.4755859375 0.0234375 0.021484375
0 0.9306640625 0.46875 0.037109375 0.015625
0 0.9892578125 0.49609375 0.021484375 0.078125
0 0.5576171875 0.48046875 0.033203125 0.05078125
0 0.35546875 0.4658203125 0.09375 0.021484375
0 0.9892578125 0.4462890625 0.021484375 0.017578125
0 0.853515625 0.4501953125 0.03125 0.025390625
0 0.6015625 0.4501953125 0.0234375 0.033203125
0 0.8095703125 0.44140625 0.025390625 0.04296875
0 0.7734375 0.4423828125 0.0234375 0.044921875
0 0.9892578125 0.4267578125 0.021484375 0.017578125
0 0.04296875 0.431640625 0.015625 0.046875
0 0.0166015625 0.4267578125 0.029296875 0.037109375
0 0.1103515625 0.4296875 0.025390625 0.046875
0 0.0791015625 0.4326171875 0.052734375 0.052734375
0 0.1875 0.4228515625 0.0546875 0.037109375
0 0.14453125 0.42578125 0.02734375 0.04296875
0 0.9296875 0.4296875 0.0390625 0.0546875
0 0.4697265625 0.419921875 0.021484375 0.03515625
0 0.40234375 0.41796875 0.03125 0.03125
0 0.2265625 0.41796875 0.015625 0.03125
0 0.4921875 0.421875 0.01953125 0.04296875
0 0.4404296875 0.419921875 0.025390625 0.0390625
0 0.251953125 0.447265625 0.046875 0.09375
0 0.5517578125 0.416015625 0.025390625 0.03515625
0 0.5185546875 0.4208984375 0.025390625 0.044921875
0 0.3291015625 0.416015625 0.044921875 0.03515625
0 0.5751953125 0.4169921875 0.013671875 0.041015625
0 0.6005859375 0.412109375 0.025390625 0.03515625
0 0.6630859375 0.4287109375 0.044921875 0.076171875
0 0.767578125 0.400390625 0.03125 0.0234375
0 0.7197265625 0.408203125 0.056640625 0.0390625
0 0.8232421875 0.40625 0.052734375 0.0390625
0 0.98828125 0.39453125 0.0234375 0.01953125
0 0.8896484375 0.40625 0.029296875 0.04296875
0 0.8642578125 0.4052734375 0.017578125 0.041015625
0 0.927734375 0.3916015625 0.0390625 0.017578125
0 0.38671875 0.3544921875 0.1015625 0.029296875
0 0.5654296875 0.3447265625 0.025390625 0.033203125
0 0.5986328125 0.3447265625 0.025390625 0.037109375
0 0.4931640625 0.3447265625 0.103515625 0.041015625
0 0.748046875 0.33984375 0.03515625 0.03515625
0 0.0771484375 0.349609375 0.154296875 0.0546875
0 0.71875 0.3388671875 0.01953125 0.037109375
0 0.697265625 0.33984375 0.01953125 0.0390625
0 0.84375 0.3359375 0.015625 0.03515625
0 0.6611328125 0.337890625 0.041015625 0.04296875
0 0.7880859375 0.3330078125 0.037109375 0.044921875
0 0.322265625 0.3408203125 0.03515625 0.060546875
0 0.880859375 0.330078125 0.0546875 0.046875
0 0.1884765625 0.33984375 0.056640625 0.06640625
0 0.3203125 0.30078125 0.03515625 0.015625
0 0.451171875 0.3056640625 0.015625 0.029296875
0 0.595703125 0.306640625 0.02734375 0.03515625
0 0.9287109375 0.3193359375 0.037109375 0.064453125
0 0.6572265625 0.30078125 0.033203125 0.02734375
0 0.158203125 0.3037109375 0.0390625 0.033203125
0 0.0888671875 0.29296875 0.033203125 0.015625
0 0.8173828125 0.2890625 0.021484375 0.015625
0 0.7607421875 0.291015625 0.017578125 0.01953125
0 0.330078125 0.283203125 0.0546875 0.01953125
0 0.3876953125 0.2822265625 0.021484375 0.021484375
0 0.5771484375 0.2724609375 0.064453125 0.029296875
0 0.6572265625 0.2705078125 0.037109375 0.029296875
0 0.2529296875 0.3134765625 0.041015625 0.115234375
0 0.85546875 0.265625 0.0234375 0.0234375
0 0.931640625 0.263671875 0.02734375 0.0390625
0 0.5888671875 0.2412109375 0.037109375 0.029296875
0 0.1201171875 0.2470703125 0.029296875 0.044921875
0 0.0830078125 0.24609375 0.033203125 0.04296875
0 0.037109375 0.263671875 0.0546875 0.078125
0 0.1904296875 0.2431640625 0.017578125 0.041015625
0 0.1591796875 0.244140625 0.037109375 0.04296875
0 0.9873046875 0.2861328125 0.025390625 0.130859375
0 0.3701171875 0.234375 0.017578125 0.03515625
0 0.3505859375 0.2314453125 0.017578125 0.029296875
0 0.2412109375 0.23828125 0.056640625 0.04296875
0 0.3232421875 0.2431640625 0.044921875 0.056640625
0 0.4990234375 0.236328125 0.017578125 0.046875
0 0.4794921875 0.228515625 0.017578125 0.03125
0 0.4248046875 0.23828125 0.087890625 0.05078125
0 0.5263671875 0.2373046875 0.033203125 0.052734375
0 0.7001953125 0.2314453125 0.126953125 0.048828125
0 0.5849609375 0.2158203125 0.044921875 0.017578125
0 0.8212890625 0.228515625 0.052734375 0.046875
0 0.7802734375 0.228515625 0.025390625 0.046875
0 0.896484375 0.2216796875 0.09375 0.041015625
0 0.986328125 0.2080078125 0.02734375 0.017578125
0 0.005859375 0.17578125 0.01171875 0.03515625
0 0.02734375 0.1728515625 0.015625 0.041015625
0 0.205078125 0.16796875 0.01953125 0.0390625
0 0.052734375 0.169921875 0.03125 0.04296875
0 0.16796875 0.16796875 0.046875 0.04296875
0 0.1162109375 0.16796875 0.048828125 0.046875
0 0.78515625 0.1572265625 0.02734375 0.033203125
0 0.7421875 0.158203125 0.04296875 0.03515625
0 0.5185546875 0.16015625 0.017578125 0.0390625
0 0.8662109375 0.154296875 0.076171875 0.03515625
0 0.814453125 0.1552734375 0.01953125 0.037109375
0 0.4248046875 0.1611328125 0.166015625 0.048828125
0 0.080078125 0.1640625 0.01953125 0.0546875
0 0.923828125 0.1474609375 0.03515625 0.052734375
0 0.01171875 0.12890625 0.0234375 0.015625
0 0.3154296875 0.154296875 0.029296875 0.0703125
0 0.3876953125 0.12890625 0.095703125 0.02734375
0 0.5703125 0.142578125 0.078125 0.07421875
0 0.51953125 0.1123046875 0.01953125 0.021484375
0 0.869140625 0.109375 0.05078125 0.01953125
0 0.830078125 0.1123046875 0.01953125 0.025390625
0 0.1904296875 0.1015625 0.025390625 0.03125
0 0.984375 0.125 0.03125 0.08984375
0 0.740234375 0.087890625 0.046875 0.0234375
0 0.9208984375 0.095703125 0.037109375 0.04296875
0 0.3876953125 0.0888671875 0.095703125 0.029296875
0 0.5830078125 0.0869140625 0.044921875 0.029296875
0 0.8115234375 0.083984375 0.021484375 0.02734375
0 0.78125 0.083984375 0.0234375 0.02734375
0 0.84375 0.08203125 0.0234375 0.02734375
0 0.009765625 0.0673828125 0.01953125 0.037109375
0 0.0380859375 0.068359375 0.029296875 0.04296875
0 0.1328125 0.0576171875 0.015625 0.025390625
0 0.1142578125 0.0625 0.013671875 0.03515625
0 0.0986328125 0.0625 0.013671875 0.03515625
0 0.0732421875 0.06640625 0.033203125 0.04296875
0 0.1943359375 0.060546875 0.037109375 0.03515625
0 0.158203125 0.0625 0.0234375 0.0390625
0 0.25390625 0.111328125 0.03125 0.15625
0 0.6708984375 0.099609375 0.072265625 0.13671875
0 0.59375 0.048828125 0.0234375 0.03515625
0 0.31640625 0.0673828125 0.0390625 0.072265625
0 0.55859375 0.0478515625 0.03515625 0.037109375
0 0.53125 0.0458984375 0.015625 0.033203125
0 0.427734375 0.0517578125 0.18359375 0.044921875
0 0.775390625 0.0400390625 0.02734375 0.033203125
0 0.7353515625 0.046875 0.033203125 0.046875
0 0.8115234375 0.0380859375 0.029296875 0.033203125
0 0.8701171875 0.0341796875 0.076171875 0.029296875
0 0.9794921875 0.046875 0.025390625 0.05859375
0 0.92578125 0.04296875 0.0234375 0.05078125
0 0.998046875 0.033203125 0.00390625 0.03515625
0 0.3720703125 0.001953125 0.013671875 0.00390625
0 0.35546875 0.001953125 0.015625 0.00390625
0 0.337890625 0.001953125 0.015625 0.00390625
0 0.3115234375 0.0029296875 0.033203125 0.005859375
0 0.251953125 0.00390625 0.02734375 0.0078125
0 0.2236328125 0.0029296875 0.025390625 0.005859375
0 0.197265625 0.0029296875 0.015625 0.005859375
0 0.171875 0.00390625 0.0234375 0.0078125
0 0.115234375 0.0048828125 0.0859375 0.009765625
0 0.0595703125 0.005859375 0.017578125 0.01171875
0 0.041015625 0.005859375 0.015625 0.01171875
0 0.01171875 0.0068359375 0.01953125 0.013671875