0 0.0107421875 0.9951171875 0.021484375 0.009765625
0 0.521484375 0.986328125 0.0234375 0.0234375
0 0.0859375 0.9873046875 0.02734375 0.025390625
0 0.0107421875 0.9814453125 0.013671875 0.013671875
0 0.0595703125 0.986328125 0.017578125 0.02734375
0 0.0400390625 0.984375 0.017578125 0.03125
0 0.982421875 0.9775390625 0.03125 0.021484375
0 0.5576171875 0.9814453125 0.033203125 0.029296875
0 0.23828125 0.9833984375 0.0546875 0.033203125
0 0.1962890625 0.9833984375 0.017578125 0.033203125
0 0.6953125 0.9775390625 0.046875 0.029296875
0 0.48828125 0.9794921875 0.03515625 0.037109375
0 0.45703125 0.9794921875 0.015625 0.037109375
0 0.439453125 0.98046875 0.015625 0.0390625
0 0.3623046875 0.98046875 0.134765625 0.0390625
0 0.1298828125 0.9794921875 0.056640625 0.041015625
0 0.8173828125 0.9736328125 0.025390625 0.033203125
0 0.791015625 0.974609375 0.01953125 0.03515625
0 0.873046875 0.9716796875 0.02734375 0.033203125
0 0.8447265625 0.9716796875 0.025390625 0.033203125
0 0.39453125 0.9521484375 0.0703125 0.017578125
0 0.982421875 0.951171875 0.03515625 0.02734375
0 0.91796875 0.962890625 0.03125 0.0546875
0 0.5791015625 0.955078125 0.044921875 0.05859375
0 0.54296875 0.9453125 0.01953125 0.0390625
0 0.5185546875 0.943359375 0.025390625 0.03515625
0 0.15625 0.9619140625 0.0703125 0.076171875
0 0.8681640625 0.927734375 0.021484375 0.015625
0 0.6474609375 0.95703125 0.033203125 0.07421875
0 0.9140625 0.9228515625 0.03515625 0.017578125
0 0.2392578125 0.9375 0.044921875 0.046875
0 0.9775390625 0.9228515625 0.025390625 0.025390625
0 0.69140625 0.927734375 0.046875 0.03515625
0 0.3076171875 0.9189453125 0.033203125 0.025390625
0 0.1396484375 0.9111328125 0.017578125 0.013671875
0 0.466796875 0.9287109375 0.07421875 0.052734375
0 0.7880859375 0.9130859375 0.017578125 0.041015625
0 0.828125 0.9140625 0.0546875 0.0546875
0 0.39453125 0.90625 0.06640625 0.04296875
0 0.912109375 0.8896484375 0.03125 0.029296875
0 0.982421875 0.8828125 0.03515625 0.03515625
0 0.3359375 0.8837890625 0.0234375 0.044921875
0 0.20703125 0.8876953125 0.02734375 0.052734375
0 0.1640625 0.8828125 0.01953125 0.046875
0 0.248046875 0.8759765625 0.03125 0.037109375
0 0.123046875 0.87890625 0.05078125 0.04296875
0 0.3056640625 0.87890625 0.033203125 0.046875
0 0.54296875 0.876953125 0.08984375 0.0625
0 0.4228515625 0.86328125 0.091796875 0.03515625
0 0.7080078125 0.8662109375 0.107421875 0.044921875
0 0.53515625 0.80078125 0.046875 0.0234375
0 0.4853515625 0.7939453125 0.048828125 0.041015625
0 0.998046875 0.7822265625 0.00390625 0.025390625
0 0.6982421875 0.7861328125 0.021484375 0.041015625
0 0.830078125 0.7822265625 0.03125 0.037109375
0 0.7685546875 0.7841796875 0.087890625 0.041015625
0 0.9716796875 0.779296875 0.029296875 0.0390625
0 0.8720703125 0.7783203125 0.033203125 0.041015625
0 0.31640625 0.7841796875 0.0390625 0.052734375
0 0.23046875 0.7744140625 0.0625 0.064453125
0 0.6611328125 0.7666015625 0.048828125 0.056640625
0 0.560546875 0.748046875 0.03515625 0.01953125
0 0.705078125 0.740234375 0.01953125 0.015625
0 0.3466796875 0.7392578125 0.017578125 0.017578125
0 0.8525390625 0.7373046875 0.009765625 0.017578125
0 0.9755859375 0.740234375 0.025390625 0.02734375
0 0.9111328125 0.7421875 0.033203125 0.03125
0 0.1728515625 0.7509765625 0.052734375 0.048828125
0 0.02734375 0.748046875 0.0546875 0.0546875
0 0.7822265625 0.7255859375 0.017578125 0.013671875
0 0.4755859375 0.71875 0.025390625 0.01953125
0 0.630859375 0.71875 0.0234375 0.02734375
0 0.5673828125 0.7001953125 0.013671875 0.013671875
0 0.0791015625 0.712890625 0.158203125 0.08203125
0 0.1826171875 0.6953125 0.044921875 0.05078125
0 0.3212890625 0.69140625 0.072265625 0.046875
0 0.2373046875 0.7021484375 0.041015625 0.068359375
0 0.470703125 0.681640625 0.02734375 0.03515625
0 0.4990234375 0.677734375 0.017578125 0.03125
0 0.3984375 0.71484375 0.078125 0.10546875
0 0.7392578125 0.6767578125 0.017578125 0.033203125
0 0.6396484375 0.6796875 0.037109375 0.0390625
0 0.56640625 0.673828125 0.015625 0.02734375
0 0.541015625 0.6806640625 0.03125 0.041015625
0 0.5166015625 0.6826171875 0.013671875 0.044921875
0 0.8251953125 0.6787109375 0.033203125 0.041015625
0 0.791015625 0.677734375 0.02734375 0.0390625
0 0.7607421875 0.68359375 0.017578125 0.05078125
0 0.6953125 0.681640625 0.06640625 0.046875
0 0.9150390625 0.6748046875 0.029296875 0.037109375
0 0.8876953125 0.6767578125 0.017578125 0.041015625
0 0.8623046875 0.6806640625 0.033203125 0.048828125
0 0.98046875 0.6806640625 0.03125 0.052734375
0 0.1396484375 0.6064453125 0.017578125 0.037109375
0 0.2177734375 0.6015625 0.076171875 0.046875
0 0.1650390625 0.6005859375 0.025390625 0.048828125
0 0.3115234375 0.5947265625 0.060546875 0.052734375
0 0.046875 0.599609375 0.09375 0.0625
0 0.001953125 0.5771484375 0.00390625 0.021484375
0 0.80859375 0.58203125 0.02734375 0.03515625
0 0.55859375 0.5888671875 0.04296875 0.048828125
0 0.9013671875 0.580078125 0.033203125 0.04296875
0 0.8408203125 0.5810546875 0.021484375 0.044921875
0 0.7060546875 0.58203125 0.169921875 0.0546875
0 0.2119140625 0.56640625 0.013671875 0.0234375
0 0.1357421875 0.5576171875 0.017578125 0.013671875
0 0.1689453125 0.55859375 0.021484375 0.0234375
0 0.2431640625 0.5576171875 0.021484375 0.025390625
0 0.634765625 0.546875 0.03125 0.0234375
0 0.2939453125 0.5546875 0.029296875 0.04296875
0 0.32421875 0.541015625 0.02734375 0.01953125
0 0.5517578125 0.52734375 0.029296875 0.01953125
0 0.7509765625 0.51953125 0.037109375 0.02734375
0 0.29296875 0.5126953125 0.0234375 0.021484375
0 0.2412109375 0.5205078125 0.025390625 0.037109375
0 0.0390625 0.490234375 0.03125 0.03515625
0 0.0078125 0.4931640625 0.015625 0.041015625
0 0.1748046875 0.4873046875 0.041015625 0.033203125
0 0.0751953125 0.490234375 0.029296875 0.0390625
0 0.23046875 0.482421875 0.046875 0.03125
0 0.3095703125 0.48046875 0.056640625 0.03125
0 0.6328125 0.4970703125 0.03125 0.072265625
0 0.4638671875 0.5380859375 0.146484375 0.154296875
0 0.6865234375 0.474609375 0.025390625 0.03125
0 0.6650390625 0.48046875 0.017578125 0.04296875
0 0.6435546875 0.470703125 0.017578125 0.0234375
0 0.4921875 0.4912109375 0.078125 0.064453125
0 0.779296875 0.47265625 0.015625 0.03125
0 0.7158203125 0.4736328125 0.029296875 0.033203125
0 0.83984375 0.49609375 0.0625 0.08203125
0 0.796875 0.474609375 0.015625 0.0390625
0 0.7451171875 0.4794921875 0.025390625 0.048828125
0 0.8984375 0.4921875 0.04296875 0.08203125
0 0.19140625 0.4306640625 0.03515625 0.021484375
0 0.1318359375 0.4306640625 0.052734375 0.025390625
0 0.087890625 0.4287109375 0.02734375 0.029296875
0 0.025390625 0.4296875 0.05078125 0.03125
0 0.3857421875 0.4208984375 0.013671875 0.021484375
0 0.30859375 0.421875 0.05859375 0.02734375
0 0.90234375 0.4111328125 0.03125 0.017578125
0 0.4111328125 0.416015625 0.017578125 0.03125
0 0.3662109375 0.416015625 0.017578125 0.0390625
0 0.34765625 0.416015625 0.01953125 0.0390625
0 0.83203125 0.4072265625 0.01953125 0.025390625
0 0.6337890625 0.41015625 0.037109375 0.03515625
0 0.4921875 0.4111328125 0.04296875 0.037109375
0 0.4482421875 0.4111328125 0.037109375 0.037109375
0 0.29296875 0.3994140625 0.02734375 0.013671875
0 0.8515625 0.404296875 0.015625 0.03125
0 0.9033203125 0.3935546875 0.021484375 0.013671875
0 0.00390625 0.3935546875 0.0078125 0.017578125
0 0.7021484375 0.404296875 0.091796875 0.046875
0 0.544921875 0.404296875 0.0546875 0.05078125
0 0.7861328125 0.3994140625 0.068359375 0.048828125
0 0.896484375 0.3720703125 0.03515625 0.025390625
0 0.29296875 0.3740234375 0.02734375 0.029296875
0 0.2177734375 0.388671875 0.060546875 0.07421875
0 0.287109375 0.3525390625 0.01953125 0.013671875
0 0.1142578125 0.353515625 0.021484375 0.02734375
0 0.6298828125 0.36328125 0.029296875 0.05078125
0 0.896484375 0.3427734375 0.03515625 0.025390625
0 0.55078125 0.3408203125 0.0390625 0.021484375
0 0.4716796875 0.3408203125 0.013671875 0.021484375
0 0.505859375 0.361328125 0.046875 0.06640625
0 0.1943359375 0.337890625 0.017578125 0.02734375
0 0.0390625 0.349609375 0.01953125 0.05078125
0 0.0771484375 0.3603515625 0.033203125 0.076171875
0 0.2939453125 0.3271484375 0.033203125 0.017578125
0 0.6318359375 0.3212890625 0.037109375 0.021484375
0 0.0302734375 0.3056640625 0.037109375 0.025390625
0 0.1220703125 0.30078125 0.025390625 0.01953125
0 0.080078125 0.2998046875 0.0390625 0.017578125
0 0.1826171875 0.3056640625 0.029296875 0.033203125
0 0.1455078125 0.30078125 0.013671875 0.0234375
0 0.2275390625 0.3076171875 0.037109375 0.044921875
0 0.2958984375 0.2939453125 0.044921875 0.025390625
0 0.5498046875 0.30078125 0.041015625 0.046875
0 0.498046875 0.29296875 0.0390625 0.03125
0 0.4033203125 0.318359375 0.146484375 0.08203125
0 0.625 0.2919921875 0.02734375 0.033203125
0 0.681640625 0.2900390625 0.015625 0.033203125
0 0.6611328125 0.2900390625 0.017578125 0.033203125
0 0.791015625 0.291015625 0.05078125 0.0390625
0 0.736328125 0.287109375 0.0546875 0.03125
0 0.837890625 0.287109375 0.03515625 0.03515625
0 0.8916015625 0.2978515625 0.041015625 0.060546875
0 0.2353515625 0.25 0.017578125 0.015625
0 0.28515625 0.2470703125 0.01953125 0.017578125
0 0.1015625 0.2451171875 0.01171875 0.029296875
0 0.1328125 0.2431640625 0.0390625 0.029296875
0 0.3369140625 0.2412109375 0.017578125 0.029296875
0 0.2333984375 0.2294921875 0.017578125 0.013671875
0 0.0185546875 0.2412109375 0.037109375 0.041015625
0 0.53515625 0.2333984375 0.015625 0.029296875
0 0.0478515625 0.240234375 0.017578125 0.04296875
0 0.28515625 0.22265625 0.0234375 0.02734375
0 0.80859375 0.220703125 0.015625 0.03515625
0 0.849609375 0.21875 0.05859375 0.03515625
0 0.7158203125 0.220703125 0.017578125 0.0390625
0 0.771484375 0.2197265625 0.0546875 0.041015625
0 0.6552734375 0.2197265625 0.091796875 0.052734375
0 0.2822265625 0.185546875 0.021484375 0.015625
0 0.533203125 0.1904296875 0.015625 0.029296875
0 0.8994140625 0.201171875 0.029296875 0.078125
0 0.1904296875 0.1943359375 0.103515625 0.126953125
0 0.154296875 0.1435546875 0.01953125 0.025390625
0 0.2314453125 0.15234375 0.021484375 0.046875
0 0.5537109375 0.1328125 0.025390625 0.02734375
0 0.0126953125 0.1474609375 0.025390625 0.076171875
0 0.1337890625 0.12890625 0.052734375 0.046875
0 0.1865234375 0.1162109375 0.025390625 0.025390625
0 0.23046875 0.1123046875 0.01953125 0.021484375
0 0.3525390625 0.1767578125 0.162109375 0.158203125
0 0.5546875 0.10546875 0.0234375 0.0234375
0 0.6533203125 0.13671875 0.087890625 0.09375
0 0.744140625 0.134765625 0.08203125 0.09375
0 0.06640625 0.052734375 0.0234375 0.02734375
0 0.9736328125 0.00390625 0.021484375 0.0078125
0 0.9384765625 0.00390625 0.025390625 0.0078125
0 0.8994140625 0.0263671875 0.017578125 0.052734375
0 0.7509765625 0.03125 0.240234375 0.0625
0 0.537109375 0.001953125 0.05078125 0.00390625
0 0.3330078125 0.0361328125 0.130859375 0.072265625
0 0.1875 0.033203125 0.09375 0.06640625
0 0.111328125 0.01171875 0.03125 0.0234375