0 0.810546875 0.998046875 0.00390625 0.00390625
0 0.5517578125 0.998046875 0.005859375 0.00390625
0 0.884765625 0.9951171875 0.015625 0.009765625
0 0.4404296875 0.9931640625 0.033203125 0.013671875
0 0.189453125 0.9931640625 0.02734375 0.013671875
0 0.76953125 0.9921875 0.0234375 0.015625
0 0.6376953125 0.9892578125 0.033203125 0.021484375
0 0.271484375 0.9892578125 0.03515625 0.021484375
0 0.8603515625 0.9873046875 0.037109375 0.025390625
0 0.35546875 0.9873046875 0.02734375 0.025390625
0 0.5302734375 0.9814453125 0.044921875 0.037109375
0 0.2060546875 0.9765625 0.033203125 0.03125
0 0.0576171875 0.9794921875 0.072265625 0.041015625
0 0.1162109375 0.962890625 0.017578125 0.015625
0 0.8173828125 0.970703125 0.037109375 0.03515625
0 0.513671875 0.96484375 0.03515625 0.03515625
0 0.689453125 0.96484375 0.03515625 0.0390625
0 0.6015625 0.966796875 0.04296875 0.04296875
0 0.28515625 0.9619140625 0.03515625 0.033203125
0 0.40625 0.970703125 0.0625 0.05859375
0 0.224609375 0.9521484375 0.04296875 0.033203125
0 0.015625 0.955078125 0.03125 0.04296875
0 0.95703125 0.95703125 0.07421875 0.0546875
0 0.8310546875 0.9423828125 0.029296875 0.025390625
0 0.04296875 0.943359375 0.02734375 0.02734375
0 0.2958984375 0.94140625 0.037109375 0.03125
0 0.8955078125 0.9365234375 0.033203125 0.029296875
0 0.109375 0.9384765625 0.03515625 0.033203125
0 0.5 0.94140625 0.046875 0.04296875
0 0.384765625 0.9365234375 0.03515625 0.033203125
0 0.720703125 0.9404296875 0.04296875 0.044921875
0 0.580078125 0.9365234375 0.0390625 0.037109375
0 0.9912109375 0.92578125 0.017578125 0.03125
0 0.0234375 0.9228515625 0.03125 0.029296875
0 0.482421875 0.921875 0.04296875 0.04296875
0 0.1513671875 0.9443359375 0.060546875 0.087890625
0 0.6591796875 0.91796875 0.041015625 0.0390625
0 0.8759765625 0.9072265625 0.025390625 0.029296875
0 0.7509765625 0.9150390625 0.044921875 0.044921875
0 0.5576171875 0.91015625 0.048828125 0.0390625
0 0.791015625 0.8974609375 0.02734375 0.025390625
0 0.314453125 0.9052734375 0.0546875 0.048828125
0 0.0771484375 0.9091796875 0.068359375 0.060546875
0 0.00390625 0.8857421875 0.0078125 0.013671875
0 0.9951171875 0.8828125 0.009765625 0.01953125
0 0.45703125 0.8974609375 0.04296875 0.048828125
0 0.7021484375 0.88671875 0.037109375 0.0390625
0 0.5400390625 0.8828125 0.044921875 0.03515625
0 0.91796875 0.8828125 0.0546875 0.04296875
0 0.7763671875 0.8759765625 0.033203125 0.029296875
0 0.6474609375 0.8857421875 0.056640625 0.048828125
0 0.1845703125 0.8818359375 0.041015625 0.044921875
0 0.7216796875 0.869140625 0.037109375 0.0390625
0 0.841796875 0.861328125 0.03515625 0.03125
0 0.525390625 0.8603515625 0.03515625 0.033203125
0 0.333984375 0.859375 0.0390625 0.03515625
0 0.9501953125 0.8623046875 0.044921875 0.048828125
0 0.1201171875 0.865234375 0.095703125 0.0546875
0 0.626953125 0.85546875 0.0546875 0.05078125
0 0.4443359375 0.8583984375 0.064453125 0.056640625
0 0.267578125 0.8837890625 0.09375 0.107421875
0 0.8232421875 0.837890625 0.037109375 0.03515625
0 0.7509765625 0.845703125 0.048828125 0.05078125
0 0.501953125 0.84765625 0.046875 0.0546875
0 0.13671875 0.8330078125 0.0234375 0.029296875
0 0.978515625 0.837890625 0.04296875 0.05078125
0 0.87890625 0.8232421875 0.02734375 0.041015625
0 0.810546875 0.8173828125 0.03125 0.029296875
0 0.994140625 0.8115234375 0.01171875 0.021484375
0 0.48828125 0.818359375 0.0390625 0.0390625
0 0.0126953125 0.8115234375 0.025390625 0.041015625
0 0.7080078125 0.8046875 0.037109375 0.0390625
0 0.638671875 0.8056640625 0.03515625 0.041015625
0 0.28515625 0.8017578125 0.04296875 0.044921875
0 0.6591796875 0.7900390625 0.037109375 0.041015625
0 0.7939453125 0.7861328125 0.037109375 0.037109375
0 0.2041015625 0.80859375 0.052734375 0.0859375
0 0.900390625 0.7939453125 0.05859375 0.060546875
0 0.5625 0.796875 0.07421875 0.06640625
0 0.162109375 0.7744140625 0.03515625 0.033203125
0 0.6904296875 0.76953125 0.033203125 0.03515625
0 0.875 0.759765625 0.0390625 0.03515625
0 0.4013671875 0.7802734375 0.099609375 0.076171875
0 0.4560546875 0.7548828125 0.033203125 0.041015625
0 0.7685546875 0.75390625 0.044921875 0.04296875
0 0.576171875 0.759765625 0.0625 0.0546875
0 0.66796875 0.74609375 0.04296875 0.0390625
0 0.8603515625 0.740234375 0.037109375 0.03515625
0 0.4765625 0.7392578125 0.0390625 0.041015625
0 0.61328125 0.73046875 0.02734375 0.03125
0 0.984375 0.7265625 0.03125 0.0390625
0 0.5048828125 0.72265625 0.033203125 0.03125
0 0.7978515625 0.7158203125 0.017578125 0.021484375
0 0.2158203125 0.732421875 0.060546875 0.0546875
0 0.953125 0.744140625 0.05859375 0.08203125
0 0.8408203125 0.71484375 0.033203125 0.02734375
0 0.9951171875 0.705078125 0.009765625 0.01953125
0 0.9677734375 0.7001953125 0.021484375 0.021484375
0 0.6455078125 0.7021484375 0.029296875 0.029296875
0 0.53515625 0.7021484375 0.02734375 0.029296875
0 0.4140625 0.703125 0.0390625 0.0390625
0 0.1025390625 0.7119140625 0.064453125 0.060546875
0 0.056640625 0.76953125 0.11328125 0.18359375
0 0.818359375 0.69140625 0.0390625 0.03515625
0 0.7939453125 0.6806640625 0.017578125 0.017578125
0 0.921875 0.6865234375 0.04296875 0.037109375
0 0.4287109375 0.681640625 0.029296875 0.02734375
0 0.740234375 0.6826171875 0.03125 0.037109375
0 0.486328125 0.673828125 0.0234375 0.0234375
0 0.07421875 0.6796875 0.03515625 0.03515625
0 0.94921875 0.666015625 0.0234375 0.02734375
0 0.5576171875 0.673828125 0.037109375 0.04296875
0 0.451171875 0.6669921875 0.02734375 0.029296875
0 0.99609375 0.654296875 0.0078125 0.01171875
0 0.0595703125 0.6650390625 0.033203125 0.033203125
0 0.6953125 0.66796875 0.0390625 0.04296875
0 0.18359375 0.68359375 0.09765625 0.078125
0 0.0478515625 0.6513671875 0.033203125 0.033203125
0 0.896484375 0.6513671875 0.04296875 0.037109375
0 0.7900390625 0.650390625 0.033203125 0.03515625
0 0.4775390625 0.6435546875 0.029296875 0.029296875
0 0.7255859375 0.642578125 0.029296875 0.03125
0 0.5888671875 0.650390625 0.052734375 0.05078125
0 0.36328125 0.6376953125 0.03125 0.033203125
0 0.98828125 0.6298828125 0.0234375 0.025390625
0 0.876953125 0.630859375 0.03125 0.0390625
0 0.748046875 0.6279296875 0.03515625 0.033203125
0 0.138671875 0.6240234375 0.0390625 0.037109375
0 0.0263671875 0.626953125 0.044921875 0.04296875
0 0.50390625 0.6181640625 0.03125 0.029296875
0 0.38671875 0.6162109375 0.03515625 0.041015625
0 0.76953125 0.6103515625 0.03125 0.033203125
0 0.6513671875 0.609375 0.037109375 0.03125
0 0.8544921875 0.609375 0.037109375 0.03515625
0 0.5341796875 0.6064453125 0.037109375 0.041015625
0 0.9697265625 0.5966796875 0.033203125 0.029296875
0 0.4150390625 0.5966796875 0.037109375 0.044921875
0 0.0107421875 0.59375 0.021484375 0.04296875
0 0.8359375 0.5859375 0.03515625 0.03125
0 0.1171875 0.5927734375 0.046875 0.052734375
0 0.6298828125 0.58203125 0.033203125 0.03515625
0 0.5595703125 0.591796875 0.052734375 0.0546875
0 0.9501953125 0.57421875 0.033203125 0.03515625
0 0.4306640625 0.57421875 0.044921875 0.046875
0 0.08984375 0.5625 0.03515625 0.03125
0 0.84765625 0.5556640625 0.0234375 0.021484375
0 0.720703125 0.55859375 0.03125 0.03125
0 0.814453125 0.5576171875 0.03515625 0.033203125
0 0.3857421875 0.5576171875 0.029296875 0.033203125
0 0.6181640625 0.55859375 0.041015625 0.04296875
0 0.45703125 0.55859375 0.04296875 0.04296875
0 0.9345703125 0.5458984375 0.025390625 0.021484375
0 0.1943359375 0.5625 0.052734375 0.0546875
0 0.4833984375 0.546875 0.029296875 0.03125
0 0.796875 0.5419921875 0.03515625 0.037109375
0 0.5927734375 0.5380859375 0.033203125 0.029296875
0 0.0703125 0.54296875 0.05078125 0.04296875
0 0.703125 0.5361328125 0.03515625 0.033203125
0 0.0126953125 0.541015625 0.025390625 0.05078125
0 0.396484375 0.5234375 0.0234375 0.01953125
0 0.916015625 0.521484375 0.02734375 0.02734375
0 0.7734375 0.521484375 0.03125 0.03125
0 0.1630859375 0.53125 0.056640625 0.05078125
0 0.994140625 0.513671875 0.01171875 0.01953125
0 0.6884765625 0.517578125 0.033203125 0.03125
0 0.638671875 0.5107421875 0.03125 0.033203125
0 0.046875 0.5146484375 0.046875 0.052734375
0 0.9013671875 0.498046875 0.021484375 0.0234375
0 0.416015625 0.49609375 0.01953125 0.01953125
0 0.494140625 0.5126953125 0.06640625 0.056640625
0 0.2998046875 0.552734375 0.064453125 0.140625
0 0.75390625 0.4970703125 0.03515625 0.033203125
0 0.6669921875 0.494140625 0.037109375 0.03515625
0 0.25 0.5859375 0.109375 0.21875
0 0.5966796875 0.4765625 0.021484375 0.01953125
0 0.47265625 0.478515625 0.0234375 0.0234375
0 0.5634765625 0.4853515625 0.037109375 0.041015625
0 0.4375 0.484375 0.03515625 0.0390625
0 0.8818359375 0.4765625 0.029296875 0.02734375
0 0.35546875 0.4765625 0.03125 0.02734375
0 0.9775390625 0.478515625 0.037109375 0.03515625
0 0.734375 0.47265625 0.03515625 0.03125
0 0.54296875 0.4677734375 0.0390625 0.037109375
0 0.2333984375 0.4619140625 0.021484375 0.025390625
0 0.9580078125 0.4560546875 0.037109375 0.025390625
0 0.455078125 0.45703125 0.02734375 0.02734375
0 0.30859375 0.4560546875 0.046875 0.029296875
0 0.0146484375 0.4609375 0.029296875 0.04296875
0 0.5224609375 0.451171875 0.033203125 0.03125
0 0.8583984375 0.4501953125 0.033203125 0.033203125
0 0.7109375 0.4443359375 0.03125 0.033203125
0 0.2685546875 0.4423828125 0.033203125 0.029296875
0 0.380859375 0.4326171875 0.01953125 0.025390625
0 0.9365234375 0.4326171875 0.033203125 0.029296875
0 0.8408203125 0.4287109375 0.037109375 0.033203125
0 0.1279296875 0.453125 0.068359375 0.08984375
0 0.595703125 0.4228515625 0.03125 0.033203125
0 0.5087890625 0.4228515625 0.037109375 0.037109375
0 0.2021484375 0.4150390625 0.033203125 0.033203125
0 0.3232421875 0.41015625 0.033203125 0.03125
0 0.82421875 0.408203125 0.03515625 0.03125
0 0.619140625 0.4111328125 0.03515625 0.041015625
0 0.1728515625 0.4033203125 0.029296875 0.033203125
0 0.9140625 0.40234375 0.03515625 0.03515625
0 0.0615234375 0.4111328125 0.052734375 0.052734375
0 0.3671875 0.4111328125 0.0390625 0.060546875
0 0.8916015625 0.3818359375 0.025390625 0.025390625
0 0.349609375 0.3837890625 0.02734375 0.029296875
0 0.8095703125 0.3779296875 0.029296875 0.029296875
0 0.24609375 0.3759765625 0.02734375 0.033203125
0 0.9716796875 0.3662109375 0.029296875 0.017578125
0 0.921875 0.361328125 0.03515625 0.0234375
0 0.875 0.3603515625 0.02734375 0.025390625
0 0.2236328125 0.365234375 0.029296875 0.03515625
0 0.509765625 0.3564453125 0.0234375 0.021484375
0 0.201171875 0.357421875 0.02734375 0.03125
0 0.7841796875 0.35546875 0.037109375 0.03125
0 0.294921875 0.353515625 0.02734375 0.03125
0 0.1064453125 0.361328125 0.052734375 0.05078125
0 0.48046875 0.3408203125 0.02734375 0.029296875
0 0.021484375 0.34765625 0.04296875 0.046875
0 0.0048828125 0.322265625 0.009765625 0.01953125
0 0.0390625 0.31640625 0.01953125 0.01953125
0 0.3818359375 0.3173828125 0.025390625 0.037109375
0 0.234375 0.3046875 0.02734375 0.02734375
0 0.068359375 0.3046875 0.03515625 0.03515625
0 0.689453125 0.3232421875 0.10546875 0.083984375
0 0.044921875 0.2841796875 0.0390625 0.037109375
0 0.19140625 0.2734375 0.03515625 0.03515625
0 0.0283203125 0.2646484375 0.037109375 0.037109375
0 0.3212890625 0.287109375 0.130859375 0.08984375
0 0.0166015625 0.2490234375 0.033203125 0.041015625
0 0.1611328125 0.24609375 0.033203125 0.046875
0 0.0068359375 0.22265625 0.013671875 0.0234375
0 0.0830078125 0.2177734375 0.029296875 0.029296875
0 0.1337890625 0.2080078125 0.033203125 0.033203125
0 0.9736328125 0.201171875 0.052734375 0.0390625
0 0.244140625 0.2021484375 0.04296875 0.041015625
0 0.8291015625 0.2470703125 0.341796875 0.185546875
0 0.0888671875 0.1552734375 0.044921875 0.048828125
0 0.3544921875 0.1240234375 0.029296875 0.029296875
0 0.0302734375 0.1474609375 0.060546875 0.076171875
0 0.7978515625 0.140625 0.216796875 0.10546875
0 0.990234375 0.0791015625 0.01953125 0.017578125
0 0.9541015625 0.0791015625 0.013671875 0.017578125
0 0.8388671875 0.095703125 0.060546875 0.05078125
0 0.0146484375 0.087890625 0.029296875 0.03515625
0 0.923828125 0.08203125 0.01953125 0.02734375
0 0.00390625 0.05078125 0.0078125 0.01171875
0 0.48828125 0.130859375 0.2578125 0.20703125
0 0.859375 0.0205078125 0.02734375 0.021484375
0 0.8134765625 0.0166015625 0.017578125 0.025390625
0 0.98828125 0.0166015625 0.0234375 0.033203125
0 0.962890625 0.005859375 0.0234375 0.01171875
0 0.8984375 0.0146484375 0.03125 0.029296875
0 0.783203125 0.0126953125 0.0234375 0.025390625
0 0.7509765625 0.0126953125 0.021484375 0.025390625