0 0.3515625 0.998046875 0.00390625 0.00390625
0 0.5703125 0.9970703125 0.0078125 0.005859375
0 0.3759765625 0.990234375 0.025390625 0.01953125
0 0.275390625 0.990234375 0.03515625 0.01953125
0 0.9541015625 0.9892578125 0.033203125 0.021484375
0 0.794921875 0.9892578125 0.03125 0.021484375
0 0.50390625 0.9892578125 0.03125 0.021484375
0 0.62890625 0.9873046875 0.02734375 0.025390625
0 0.4052734375 0.9833984375 0.029296875 0.029296875
0 0.984375 0.982421875 0.03125 0.03515625
0 0.302734375 0.9736328125 0.015625 0.017578125
0 0.5302734375 0.9814453125 0.041015625 0.037109375
0 0.8212890625 0.9755859375 0.033203125 0.033203125
0 0.2529296875 0.9755859375 0.041015625 0.033203125
0 0.99609375 0.9619140625 0.0078125 0.013671875
0 0.1240234375 0.9677734375 0.017578125 0.025390625
0 0.6103515625 0.9697265625 0.037109375 0.033203125
0 0.552734375 0.966796875 0.03125 0.03125
0 0.1552734375 0.958984375 0.017578125 0.01953125
0 0.8466796875 0.958984375 0.029296875 0.02734375
0 0.7294921875 0.9599609375 0.029296875 0.029296875
0 0.69921875 0.970703125 0.03125 0.05078125
0 0.9521484375 0.9404296875 0.017578125 0.017578125
0 0.75 0.9443359375 0.03125 0.029296875
0 0.0712890625 0.9423828125 0.017578125 0.029296875
0 0.8701171875 0.94140625 0.029296875 0.03125
0 0.462890625 0.9404296875 0.03125 0.029296875
0 0.6689453125 0.9365234375 0.041015625 0.033203125
0 0.5810546875 0.9384765625 0.037109375 0.037109375
0 0.41015625 0.9365234375 0.03515625 0.033203125
0 0.15234375 0.9287109375 0.03125 0.021484375
0 0.0185546875 0.9248046875 0.033203125 0.025390625
0 0.3115234375 0.9365234375 0.060546875 0.052734375
0 0.9736328125 0.9248046875 0.037109375 0.033203125
0 0.896484375 0.9248046875 0.03125 0.033203125
0 0.73828125 0.912109375 0.015625 0.01953125
0 0.216796875 0.91796875 0.0234375 0.03515625
0 0.4921875 0.9033203125 0.01953125 0.017578125
0 0.3466796875 0.9150390625 0.033203125 0.041015625
0 0.783203125 0.91796875 0.046875 0.05078125
0 0.9169921875 0.9033203125 0.029296875 0.029296875
0 0.640625 0.8955078125 0.02734375 0.025390625
0 0.513671875 0.8955078125 0.03515625 0.033203125
0 0.81640625 0.8896484375 0.03125 0.033203125
0 0.37890625 0.8876953125 0.03125 0.033203125
0 0.9453125 0.8818359375 0.02734375 0.029296875
0 0.666015625 0.8818359375 0.03125 0.029296875
0 0.2734375 0.87890625 0.0390625 0.0234375
0 0.21875 0.87890625 0.03515625 0.0234375
0 0.1435546875 0.87890625 0.021484375 0.03125
0 0.1005859375 0.8701171875 0.021484375 0.017578125
0 0.5439453125 0.875 0.029296875 0.03125
0 0.0517578125 0.8671875 0.041015625 0.01953125
0 0.009765625 0.865234375 0.01953125 0.015625
0 0.837890625 0.873046875 0.03515625 0.03515625
0 0.412109375 0.8681640625 0.03125 0.048828125
0 0.8642578125 0.853515625 0.033203125 0.03515625
0 0.6953125 0.859375 0.05078125 0.046875
0 0.5234375 0.845703125 0.0234375 0.02734375
0 0.990234375 0.8466796875 0.01953125 0.033203125
0 0.58984375 0.8349609375 0.03125 0.033203125
0 0.4423828125 0.8359375 0.041015625 0.0390625
0 0.8974609375 0.8291015625 0.044921875 0.033203125
0 0.501953125 0.822265625 0.03125 0.02734375
0 0.7392578125 0.818359375 0.033203125 0.0234375
0 0.310546875 0.81640625 0.02734375 0.02734375
0 0.2451171875 0.814453125 0.021484375 0.0234375
0 0.1162109375 0.8125 0.037109375 0.01953125
0 0.345703125 0.818359375 0.01953125 0.03515625
0 0.6279296875 0.810546875 0.029296875 0.02734375
0 0.07421875 0.8046875 0.0234375 0.01953125
0 0.8837890625 0.7998046875 0.029296875 0.029296875
0 0.484375 0.7978515625 0.0234375 0.025390625
0 0.359375 0.7939453125 0.01171875 0.017578125
0 0.2783203125 0.806640625 0.021484375 0.04296875
0 0.2158203125 0.8046875 0.025390625 0.0390625
0 0.953125 0.794921875 0.02734375 0.0234375
0 0.0107421875 0.794921875 0.021484375 0.0234375
0 0.775390625 0.7958984375 0.03125 0.037109375
0 0.044921875 0.796875 0.0234375 0.0390625
0 0.2978515625 0.7861328125 0.013671875 0.021484375
0 0.556640625 0.7958984375 0.03125 0.044921875
0 0.38671875 0.7841796875 0.03515625 0.029296875
0 0.6572265625 0.7861328125 0.037109375 0.037109375
0 0.802734375 0.7744140625 0.03125 0.029296875
0 0.125 0.7724609375 0.01953125 0.025390625
0 0.681640625 0.7724609375 0.0234375 0.029296875
0 0.861328125 0.771484375 0.03125 0.03125
0 0.9775390625 0.76953125 0.033203125 0.03515625
0 0.9287109375 0.7607421875 0.033203125 0.025390625
0 0.3115234375 0.7578125 0.013671875 0.01953125
0 0.703125 0.7587890625 0.02734375 0.025390625
0 0.6064453125 0.7568359375 0.017578125 0.021484375
0 0.5283203125 0.7578125 0.037109375 0.03125
0 0.41796875 0.75390625 0.0234375 0.03125
0 0.9921875 0.748046875 0.015625 0.03125
0 0.9306640625 0.7353515625 0.013671875 0.013671875
0 0.8359375 0.7392578125 0.03125 0.029296875
0 0.361328125 0.7353515625 0.03515625 0.021484375
0 0.3251953125 0.7353515625 0.021484375 0.021484375
0 0.2822265625 0.734375 0.033203125 0.01953125
0 0.7314453125 0.7353515625 0.025390625 0.025390625
0 0.904296875 0.734375 0.03125 0.02734375
0 0.640625 0.73046875 0.01953125 0.01953125
0 0.56640625 0.7333984375 0.02734375 0.025390625
0 0.23828125 0.73046875 0.0390625 0.01953125
0 0.1884765625 0.7412109375 0.029296875 0.041015625
0 0.1123046875 0.732421875 0.017578125 0.0234375
0 0.44140625 0.736328125 0.02734375 0.03515625
0 0.07421875 0.724609375 0.03125 0.015625
0 0.03515625 0.7216796875 0.03125 0.021484375
0 0.0048828125 0.716796875 0.009765625 0.01171875
0 0.6865234375 0.7138671875 0.017578125 0.017578125
0 0.748046875 0.716796875 0.03125 0.03125
0 0.7197265625 0.7080078125 0.017578125 0.017578125
0 0.5947265625 0.708984375 0.029296875 0.02734375
0 0.4150390625 0.7060546875 0.029296875 0.025390625
0 0.8828125 0.705078125 0.02734375 0.02734375
0 0.7685546875 0.7041015625 0.029296875 0.029296875
0 0.4814453125 0.703125 0.029296875 0.02734375
0 0.6708984375 0.689453125 0.021484375 0.01953125
0 0.62109375 0.6953125 0.03125 0.03515625
0 0.5068359375 0.68359375 0.029296875 0.02734375
0 0.923828125 0.677734375 0.0390625 0.03515625
0 0.3193359375 0.671875 0.044921875 0.0234375
0 0.642578125 0.6708984375 0.02734375 0.029296875
0 0.27734375 0.6669921875 0.02734375 0.021484375
0 0.0966796875 0.666015625 0.029296875 0.01953125
0 0.53125 0.66796875 0.02734375 0.03125
0 0.2431640625 0.6650390625 0.029296875 0.025390625
0 0.2080078125 0.6640625 0.029296875 0.0234375
0 0.376953125 0.6640625 0.03515625 0.02734375
0 0.046875 0.6591796875 0.03125 0.017578125
0 0.0087890625 0.6552734375 0.017578125 0.013671875
0 0.7802734375 0.66796875 0.048828125 0.0546875
0 0.6669921875 0.6533203125 0.029296875 0.029296875
0 0.2890625 0.646484375 0.015625 0.015625
0 0.9580078125 0.65234375 0.041015625 0.03515625
0 0.845703125 0.646484375 0.02734375 0.0234375
0 0.1708984375 0.6533203125 0.025390625 0.041015625
0 0.5576171875 0.64453125 0.029296875 0.02734375
0 0.4794921875 0.640625 0.021484375 0.01953125
0 0.6904296875 0.6416015625 0.029296875 0.033203125
0 0.095703125 0.6357421875 0.01953125 0.021484375
0 0.75390625 0.638671875 0.03515625 0.03125
0 0.5263671875 0.626953125 0.017578125 0.01953125
0 0.986328125 0.6318359375 0.02734375 0.041015625
0 0.4365234375 0.6259765625 0.037109375 0.029296875
0 0.7080078125 0.62109375 0.025390625 0.02734375
0 0.583984375 0.619140625 0.03125 0.03125
0 0.828125 0.6083984375 0.01953125 0.017578125
0 0.892578125 0.6083984375 0.03515625 0.037109375
0 0.7333984375 0.603515625 0.029296875 0.03125
0 0.607421875 0.6015625 0.03125 0.03125
0 0.4150390625 0.6005859375 0.041015625 0.037109375
0 0.9169921875 0.591796875 0.033203125 0.03515625
0 0.3173828125 0.599609375 0.029296875 0.05078125
0 0.2802734375 0.583984375 0.033203125 0.01953125
0 0.244140625 0.5830078125 0.0234375 0.025390625
0 0.185546875 0.5859375 0.01953125 0.03125
0 0.62890625 0.5830078125 0.02734375 0.029296875
0 0.2119140625 0.5810546875 0.021484375 0.025390625
0 0.1572265625 0.5791015625 0.021484375 0.021484375
0 0.0888671875 0.5810546875 0.021484375 0.029296875
0 0.0556640625 0.5732421875 0.025390625 0.017578125
0 0.650390625 0.57421875 0.01953125 0.0234375
0 0.0146484375 0.5712890625 0.029296875 0.021484375
0 0.9404296875 0.57421875 0.029296875 0.03515625
0 0.3984375 0.57421875 0.0390625 0.03515625
0 0.78125 0.5654296875 0.02734375 0.029296875
0 0.4423828125 0.564453125 0.033203125 0.03515625
0 0.9580078125 0.55859375 0.033203125 0.03515625
0 0.6787109375 0.5556640625 0.037109375 0.033203125
0 0.4755859375 0.556640625 0.033203125 0.0390625
0 0.5029296875 0.548828125 0.033203125 0.03515625
0 0.998046875 0.5234375 0.00390625 0.00390625
0 0.81640625 0.5400390625 0.0390625 0.037109375
0 0.619140625 0.5263671875 0.02734375 0.017578125
0 0.5263671875 0.5341796875 0.029296875 0.033203125
0 0.8466796875 0.5244140625 0.029296875 0.029296875
0 0.5478515625 0.521484375 0.033203125 0.03515625
0 0.7333984375 0.515625 0.025390625 0.02734375
0 0.8671875 0.505859375 0.0234375 0.02734375
0 0.6513671875 0.5029296875 0.021484375 0.021484375
0 0.5703125 0.5078125 0.03125 0.03515625
0 0.986328125 0.4970703125 0.02734375 0.029296875
0 0.7529296875 0.498046875 0.033203125 0.03515625
0 0.888671875 0.4912109375 0.0234375 0.029296875
0 0.5947265625 0.494140625 0.033203125 0.03515625
0 0.357421875 0.4970703125 0.0390625 0.041015625
0 0.4033203125 0.490234375 0.044921875 0.03125
0 0.9150390625 0.4677734375 0.021484375 0.021484375
0 0.779296875 0.4775390625 0.05078125 0.041015625
0 0.6259765625 0.46875 0.029296875 0.02734375
0 0.4736328125 0.4638671875 0.025390625 0.029296875
0 0.701171875 0.458984375 0.02734375 0.02734375
0 0.8115234375 0.4541015625 0.029296875 0.029296875
0 0.765625 0.4462890625 0.015625 0.017578125
0 0.3310546875 0.455078125 0.029296875 0.03515625
0 0.5 0.4501953125 0.02734375 0.029296875
0 0.3916015625 0.44921875 0.029296875 0.03125
0 0.9443359375 0.4443359375 0.029296875 0.029296875
0 0.998046875 0.4306640625 0.00390625 0.005859375
0 0.68359375 0.4326171875 0.02734375 0.025390625
0 0.53125 0.4345703125 0.03125 0.029296875
0 0.453125 0.4267578125 0.02734375 0.029296875
0 0.8369140625 0.4287109375 0.033203125 0.037109375
0 0.3740234375 0.4189453125 0.029296875 0.037109375
0 0.720703125 0.412109375 0.02734375 0.02734375
0 0.314453125 0.4140625 0.02734375 0.03515625
0 0.46875 0.40625 0.0234375 0.0234375
0 0.5673828125 0.4091796875 0.041015625 0.033203125
0 0.9853515625 0.3984375 0.025390625 0.0234375
0 0.8583984375 0.4052734375 0.037109375 0.041015625
0 0.435546875 0.392578125 0.01953125 0.02734375
0 0.7529296875 0.392578125 0.033203125 0.03515625
0 0.3583984375 0.3857421875 0.033203125 0.029296875
0 0.90625 0.376953125 0.02734375 0.0234375
0 0.6103515625 0.3798828125 0.044921875 0.041015625
0 0.2998046875 0.3779296875 0.025390625 0.037109375
0 0.41796875 0.365234375 0.0234375 0.0234375
0 0.7783203125 0.3642578125 0.025390625 0.025390625
0 0.888671875 0.349609375 0.01953125 0.01953125
0 0.947265625 0.3505859375 0.0234375 0.025390625
0 0.4462890625 0.34765625 0.021484375 0.01953125
0 0.6552734375 0.349609375 0.041015625 0.03515625
0 0.626953125 0.33984375 0.015625 0.01953125
0 0.8115234375 0.341796875 0.029296875 0.03125
0 0.966796875 0.3359375 0.02734375 0.02734375
0 0.4755859375 0.333984375 0.025390625 0.0234375
0 0.5224609375 0.3349609375 0.037109375 0.029296875
0 0.2919921875 0.3330078125 0.029296875 0.029296875
0 0.9267578125 0.326171875 0.017578125 0.01953125
0 0.8359375 0.330078125 0.03515625 0.0390625
0 0.349609375 0.33203125 0.03515625 0.046875
0 0.5712890625 0.3134765625 0.037109375 0.025390625
0 0.8564453125 0.314453125 0.033203125 0.03515625
0 0.3759765625 0.3046875 0.029296875 0.02734375
0 0.9833984375 0.3095703125 0.033203125 0.041015625
0 0.95703125 0.294921875 0.015625 0.015625
0 0.7578125 0.2890625 0.03125 0.02734375
0 0.615234375 0.2900390625 0.0390625 0.029296875
0 0.4091796875 0.2880859375 0.037109375 0.025390625
0 0.275390625 0.283203125 0.0390625 0.02734375
0 0.44140625 0.2724609375 0.03515625 0.025390625
0 0.3095703125 0.26953125 0.025390625 0.03125
0 0.98046875 0.259765625 0.015625 0.015625
0 0.7939453125 0.265625 0.029296875 0.02734375
0 0.92578125 0.279296875 0.078125 0.0703125
0 0.4951171875 0.2509765625 0.037109375 0.025390625
0 0.3349609375 0.25390625 0.033203125 0.03125
0 0.359375 0.2412109375 0.02734375 0.033203125
0 0.5595703125 0.2333984375 0.041015625 0.029296875
0 0.77734375 0.2216796875 0.01953125 0.021484375
0 0.3974609375 0.2353515625 0.044921875 0.048828125
0 0.9716796875 0.224609375 0.037109375 0.0390625
0 0.4189453125 0.2158203125 0.033203125 0.037109375
0 0.6015625 0.2099609375 0.03125 0.029296875
0 0.2470703125 0.2021484375 0.033203125 0.029296875
0 0.705078125 0.203125 0.0390625 0.03515625
0 0.9921875 0.197265625 0.015625 0.03125
0 0.4423828125 0.1982421875 0.029296875 0.033203125
0 0.4619140625 0.1904296875 0.021484375 0.025390625
0 0.34375 0.185546875 0.02734375 0.02734375
0 0.30859375 0.1943359375 0.04296875 0.048828125
0 0.4853515625 0.177734375 0.025390625 0.02734375
0 0.8310546875 0.203125 0.048828125 0.0859375
0 0.365234375 0.171875 0.0234375 0.02734375
0 0.5078125 0.1708984375 0.02734375 0.029296875
0 0.650390625 0.16796875 0.03515625 0.02734375
0 0.3935546875 0.16015625 0.025390625 0.03125
0 0.5322265625 0.1591796875 0.029296875 0.037109375
0 0.8828125 0.1669921875 0.02734375 0.056640625
0 0.9228515625 0.158203125 0.048828125 0.04296875
0 0.810546875 0.1494140625 0.02734375 0.025390625
0 0.3701171875 0.1455078125 0.013671875 0.017578125
0 0.9658203125 0.1455078125 0.029296875 0.037109375
0 0.41796875 0.142578125 0.03125 0.03515625
0 0.234375 0.142578125 0.03515625 0.0390625
0 0.560546875 0.1396484375 0.04296875 0.037109375
0 0.2587890625 0.1357421875 0.025390625 0.033203125
0 0.7900390625 0.1298828125 0.029296875 0.029296875
0 0.8681640625 0.1220703125 0.025390625 0.021484375
0 0.447265625 0.1298828125 0.03125 0.037109375
0 0.3955078125 0.119140625 0.017578125 0.01953125
0 0.5947265625 0.12109375 0.025390625 0.02734375
0 0.474609375 0.119140625 0.02734375 0.03125
0 0.2822265625 0.1201171875 0.033203125 0.037109375
0 0.7626953125 0.111328125 0.033203125 0.0390625
0 0.306640625 0.1083984375 0.03125 0.037109375
0 0.8603515625 0.0986328125 0.025390625 0.021484375
0 0.900390625 0.0947265625 0.03515625 0.017578125
0 0.7392578125 0.1005859375 0.029296875 0.029296875
0 0.6337890625 0.1015625 0.029296875 0.03125
0 0.5126953125 0.1005859375 0.029296875 0.029296875
0 0.994140625 0.09375 0.01171875 0.03515625
0 0.7119140625 0.0908203125 0.017578125 0.033203125
0 0.6630859375 0.0869140625 0.025390625 0.029296875
0 0.6865234375 0.0810546875 0.017578125 0.025390625
0 0.353515625 0.087890625 0.02734375 0.0390625
0 0.884765625 0.0712890625 0.015625 0.017578125
0 0.8515625 0.07421875 0.0234375 0.0234375
0 0.93359375 0.0712890625 0.0390625 0.029296875
0 0.5654296875 0.072265625 0.025390625 0.03125
0 0.380859375 0.0751953125 0.03125 0.044921875
0 0.2392578125 0.06640625 0.029296875 0.02734375
0 0.203125 0.0537109375 0.015625 0.013671875
0 0.4931640625 0.05859375 0.041015625 0.03125
0 0.9248046875 0.0498046875 0.037109375 0.025390625
0 0.4091796875 0.0556640625 0.033203125 0.037109375
0 0.84765625 0.046875 0.03515625 0.02734375
0 0.2314453125 0.037109375 0.025390625 0.01953125
0 0.4345703125 0.0498046875 0.029296875 0.048828125
0 0.556640625 0.0380859375 0.03125 0.029296875
0 0.296875 0.0400390625 0.02734375 0.033203125
0 0.486328125 0.0341796875 0.03125 0.025390625
0 0.775390625 0.0341796875 0.02734375 0.029296875
0 0.6298828125 0.0341796875 0.025390625 0.029296875
0 0.986328125 0.0283203125 0.02734375 0.025390625
0 0.322265625 0.0302734375 0.03515625 0.037109375
0 0.919921875 0.0224609375 0.03125 0.025390625
0 0.7021484375 0.0234375 0.037109375 0.02734375
0 0.4658203125 0.0205078125 0.029296875 0.025390625
0 0.2802734375 0.0126953125 0.017578125 0.017578125
0 0.978515625 0.0068359375 0.02734375 0.013671875
0 0.880859375 0.0029296875 0.015625 0.005859375
0 0.8349609375 0.013671875 0.037109375 0.02734375
0 0.767578125 0.0087890625 0.03125 0.017578125
0 0.6845703125 0.0078125 0.025390625 0.015625
0 0.57421875 0.0068359375 0.015625 0.013671875
0 0.5322265625 0.001953125 0.005859375 0.00390625
0 0.3642578125 0.01171875 0.029296875 0.0234375
0 0.3017578125 0.0048828125 0.021484375 0.009765625
0 0.2265625 0.0087890625 0.01953125 0.017578125