0 0.005859375 0.998046875 0.0078125 0.00390625
0 0.767578125 0.994140625 0.01953125 0.01171875
0 0.5126953125 0.9931640625 0.029296875 0.013671875
0 0.3623046875 0.9921875 0.033203125 0.015625
0 0.4326171875 0.9912109375 0.025390625 0.017578125
0 0.30078125 0.990234375 0.01953125 0.01953125
0 0.08984375 0.982421875 0.03125 0.01953125
0 0.6015625 0.9755859375 0.0234375 0.021484375
0 0.1513671875 0.9765625 0.033203125 0.0234375
0 0.724609375 0.9794921875 0.02734375 0.041015625
0 0.3681640625 0.966796875 0.033203125 0.0234375
0 0.4404296875 0.966796875 0.037109375 0.02734375
0 0.5595703125 0.9609375 0.017578125 0.01953125
0 0.306640625 0.958984375 0.03125 0.02734375
0 0.6806640625 0.96875 0.033203125 0.0625
0 0.1474609375 0.927734375 0.033203125 0.02734375
0 0.5302734375 0.935546875 0.037109375 0.046875
0 0.0791015625 0.927734375 0.037109375 0.0390625
0 0.453125 0.9169921875 0.04296875 0.037109375
0 0.2529296875 0.9091796875 0.033203125 0.025390625
0 0.3623046875 0.91796875 0.025390625 0.046875
0 0.6103515625 0.921875 0.029296875 0.06640625
0 0.5458984375 0.8974609375 0.044921875 0.025390625
0 0.1435546875 0.8955078125 0.033203125 0.025390625
0 0.0029296875 0.8916015625 0.005859375 0.021484375
0 0.1748046875 0.8857421875 0.013671875 0.013671875
0 0.0185546875 0.88671875 0.021484375 0.0234375
0 0.041015625 0.88671875 0.01953125 0.03125
0 0.7431640625 0.912109375 0.056640625 0.08984375
0 0.0751953125 0.873046875 0.021484375 0.0234375
0 0.5419921875 0.869140625 0.037109375 0.02734375
0 0.296875 0.87890625 0.046875 0.0625
0 0.1337890625 0.8583984375 0.021484375 0.025390625
0 0.453125 0.8583984375 0.046875 0.029296875
0 0.42578125 0.8369140625 0.015625 0.017578125
0 0.201171875 0.83984375 0.0390625 0.03515625
0 0.4580078125 0.8271484375 0.037109375 0.021484375
0 0.0087890625 0.83203125 0.017578125 0.0390625
0 0.5458984375 0.8173828125 0.033203125 0.021484375
0 0.666015625 0.837890625 0.05859375 0.08984375
0 0.2265625 0.8046875 0.03515625 0.03515625
0 0.54296875 0.7939453125 0.03515625 0.021484375
0 0.0537109375 0.80078125 0.037109375 0.03515625
0 0.6064453125 0.818359375 0.017578125 0.09375
0 0.3759765625 0.80859375 0.048828125 0.07421875
0 0.453125 0.7802734375 0.03515625 0.025390625
0 0.2548828125 0.7734375 0.025390625 0.0390625
0 0.1240234375 0.767578125 0.033203125 0.0390625
0 0.02734375 0.7607421875 0.02734375 0.029296875
0 0.4560546875 0.7529296875 0.037109375 0.025390625
0 0.5400390625 0.759765625 0.037109375 0.04296875
0 0.1845703125 0.7421875 0.033203125 0.0390625
0 0.0107421875 0.740234375 0.021484375 0.0390625
0 0.0810546875 0.728515625 0.033203125 0.03125
0 0.54296875 0.7216796875 0.0390625 0.025390625
0 0.78125 0.736328125 0.046875 0.0625
0 0.4462890625 0.70703125 0.037109375 0.0234375
0 0.0556640625 0.712890625 0.029296875 0.0390625
0 0.2021484375 0.70703125 0.029296875 0.03125
0 0.67578125 0.7333984375 0.0546875 0.087890625
0 0.541015625 0.6982421875 0.0390625 0.025390625
0 0.3916015625 0.69140625 0.029296875 0.01953125
0 0.16015625 0.701171875 0.0390625 0.0390625
0 0.3369140625 0.689453125 0.037109375 0.02734375
0 0.6171875 0.716796875 0.0546875 0.08984375
0 0.4453125 0.681640625 0.03125 0.01953125
0 0.53515625 0.67578125 0.0390625 0.0234375
0 0.0068359375 0.6728515625 0.013671875 0.021484375
0 0.1337890625 0.67578125 0.033203125 0.03515625
0 0.099609375 0.6552734375 0.03515625 0.029296875
0 0.4404296875 0.634765625 0.033203125 0.01953125
0 0.5537109375 0.6298828125 0.013671875 0.017578125
0 0.0703125 0.634765625 0.03125 0.02734375
0 0.29296875 0.669921875 0.04296875 0.1015625
0 0.3681640625 0.6298828125 0.029296875 0.025390625
0 0.52734375 0.623046875 0.03125 0.01953125
0 0.220703125 0.6259765625 0.03515625 0.033203125
0 0.44140625 0.6123046875 0.0234375 0.017578125
0 0.2900390625 0.6083984375 0.037109375 0.021484375
0 0.1904296875 0.611328125 0.033203125 0.03125
0 0.5224609375 0.5986328125 0.029296875 0.017578125
0 0.150390625 0.599609375 0.01953125 0.01953125
0 0.43359375 0.5869140625 0.046875 0.021484375
0 0.017578125 0.587890625 0.03125 0.03125
0 0.33984375 0.5712890625 0.0234375 0.021484375
0 0.283203125 0.5751953125 0.0234375 0.029296875
0 0.3701171875 0.5693359375 0.025390625 0.025390625
0 0.4326171875 0.5625 0.037109375 0.01953125
0 0.2099609375 0.572265625 0.033203125 0.0390625
0 0.130859375 0.5693359375 0.03515625 0.037109375
0 0.51953125 0.5517578125 0.03125 0.025390625
0 0.1943359375 0.5478515625 0.029296875 0.025390625
0 0.095703125 0.548828125 0.03515625 0.03515625
0 0.17578125 0.5322265625 0.02734375 0.025390625
0 0.1591796875 0.5166015625 0.025390625 0.025390625
0 0.30078125 0.509765625 0.0390625 0.02734375
0 0.3662109375 0.505859375 0.044921875 0.0234375
0 0.5087890625 0.50390625 0.025390625 0.0234375
0 0.2294921875 0.505859375 0.029296875 0.03125
0 0.4189453125 0.50390625 0.025390625 0.0390625
0 0.1416015625 0.4990234375 0.025390625 0.029296875
0 0.796875 0.583984375 0.10546875 0.20703125
0 0.04296875 0.5146484375 0.0625 0.068359375
0 0.115234375 0.478515625 0.0234375 0.0234375
0 0.01171875 0.48046875 0.0234375 0.03125
0 0.001953125 0.4560546875 0.00390625 0.005859375
0 0.1884765625 0.4658203125 0.029296875 0.033203125
0 0.5068359375 0.455078125 0.044921875 0.0234375
0 0.091796875 0.458984375 0.03125 0.03125
0 0.32421875 0.4462890625 0.02734375 0.033203125
0 0.060546875 0.443359375 0.03125 0.03515625
0 0.4140625 0.43359375 0.0390625 0.0234375
0 0.4921875 0.4189453125 0.03125 0.025390625
0 0.138671875 0.4228515625 0.03125 0.033203125
0 0.029296875 0.4091796875 0.02734375 0.029296875
0 0.3427734375 0.40625 0.041015625 0.04296875
0 0.4150390625 0.3994140625 0.029296875 0.041015625
0 0.4873046875 0.388671875 0.033203125 0.0234375
0 0.013671875 0.3818359375 0.02734375 0.033203125
0 0.0888671875 0.3740234375 0.029296875 0.025390625
0 0.40625 0.359375 0.02734375 0.01953125
0 0.6416015625 0.4833984375 0.158203125 0.306640625
0 0.375 0.3486328125 0.0546875 0.060546875
0 0.0517578125 0.3330078125 0.044921875 0.048828125
0 0.0244140625 0.3115234375 0.025390625 0.025390625
0 0.005859375 0.2646484375 0.01171875 0.021484375
0 0.4580078125 0.259765625 0.025390625 0.02734375
0 0.56640625 0.2802734375 0.0546875 0.091796875
0 0.3505859375 0.236328125 0.037109375 0.01953125
0 0.0185546875 0.2392578125 0.025390625 0.025390625
0 0.5234375 0.267578125 0.0546875 0.08984375
0 0.296875 0.2255859375 0.01953125 0.033203125
0 0.35546875 0.2138671875 0.03125 0.017578125
0 0.9921875 0.2177734375 0.015625 0.029296875
0 0.0439453125 0.21484375 0.025390625 0.02734375
0 0.32421875 0.203125 0.0234375 0.01953125
0 0.9814453125 0.1943359375 0.033203125 0.033203125
0 0.4912109375 0.2001953125 0.044921875 0.052734375
0 0.0625 0.18359375 0.03125 0.02734375
0 0.00390625 0.1689453125 0.0078125 0.013671875
0 0.4130859375 0.169921875 0.021484375 0.02734375
0 0.9638671875 0.169921875 0.029296875 0.03125
0 0.99609375 0.1396484375 0.0078125 0.013671875
0 0.162109375 0.16015625 0.0546875 0.0546875
0 0.9423828125 0.146484375 0.029296875 0.03125
0 0.56640625 0.1572265625 0.0859375 0.064453125
0 0.0947265625 0.1357421875 0.033203125 0.021484375
0 0.015625 0.1376953125 0.03125 0.033203125
0 0.43359375 0.1376953125 0.04296875 0.037109375
0 0.9208984375 0.1240234375 0.029296875 0.029296875
0 0.3193359375 0.1162109375 0.052734375 0.037109375
0 0.271484375 0.12109375 0.03515625 0.046875
0 0.474609375 0.1044921875 0.02734375 0.029296875
0 0.904296875 0.1005859375 0.03125 0.029296875
0 0.404296875 0.1025390625 0.04296875 0.033203125
0 0.0400390625 0.1005859375 0.029296875 0.029296875
0 0.009765625 0.095703125 0.01953125 0.01953125
0 0.126953125 0.0986328125 0.03515625 0.041015625
0 0.970703125 0.091796875 0.03125 0.03515625
0 0.2119140625 0.091796875 0.033203125 0.03515625
0 0.494140625 0.083984375 0.02734375 0.02734375
0 0.3212890625 0.0849609375 0.029296875 0.029296875
0 0.8818359375 0.078125 0.029296875 0.03125
0 0.3955078125 0.078125 0.037109375 0.03515625
0 0.06640625 0.076171875 0.03125 0.03125
0 0.083984375 0.0625 0.0234375 0.01953125
0 0.0087890625 0.0673828125 0.017578125 0.029296875
0 0.2470703125 0.052734375 0.021484375 0.01953125
0 0.86328125 0.0556640625 0.03125 0.029296875
0 0.3837890625 0.0556640625 0.033203125 0.029296875
0 0.2919921875 0.056640625 0.029296875 0.03125
0 0.193359375 0.0595703125 0.0390625 0.037109375
0 0.5224609375 0.048828125 0.033203125 0.03125
0 0.369140625 0.037109375 0.03125 0.03125
0 0.2265625 0.029296875 0.01953125 0.01953125
0 0.9228515625 0.0361328125 0.037109375 0.037109375
0 0.0283203125 0.0283203125 0.021484375 0.021484375
0 0.8330078125 0.029296875 0.029296875 0.03515625
0 0.50390625 0.0244140625 0.03125 0.029296875
0 0.259765625 0.025390625 0.03515625 0.03125
0 0.15625 0.025390625 0.03125 0.03125
0 0.2099609375 0.0146484375 0.017578125 0.017578125
0 0.98046875 0.01953125 0.03515625 0.03515625
0 0.7998046875 0.0166015625 0.021484375 0.029296875
0 0.353515625 0.0185546875 0.03515625 0.033203125
0 0.482421875 0.005859375 0.01953125 0.01171875
0 0.3369140625 0.0078125 0.029296875 0.015625
0 0.2431640625 0.0087890625 0.033203125 0.017578125
0 0.1240234375 0.0078125 0.025390625 0.015625
0 0.06640625 0.0146484375 0.04296875 0.029296875