0 0.1328125 0.99609375 0.01171875 0.0078125
0 0.224609375 0.9931640625 0.0234375 0.013671875
0 0.001953125 0.98828125 0.00390625 0.00390625
0 0.9208984375 0.9912109375 0.029296875 0.017578125
0 0.8330078125 0.990234375 0.033203125 0.01953125
0 0.10546875 0.9853515625 0.03515625 0.029296875
0 0.9921875 0.9814453125 0.015625 0.025390625
0 0.25390625 0.984375 0.03515625 0.03125
0 0.2138671875 0.9697265625 0.017578125 0.017578125
0 0.900390625 0.974609375 0.03515625 0.03125
0 0.8154296875 0.970703125 0.033203125 0.02734375
0 0.857421875 0.962890625 0.01953125 0.015625
0 0.125 0.9697265625 0.03125 0.033203125
0 0.279296875 0.96875 0.03515625 0.03515625
0 0.01171875 0.9638671875 0.0234375 0.033203125
0 0.9765625 0.95703125 0.0234375 0.0234375
0 0.2021484375 0.9541015625 0.017578125 0.017578125
0 0.3388671875 0.9521484375 0.033203125 0.029296875
0 0.14453125 0.9541015625 0.03125 0.033203125
0 0.8828125 0.9501953125 0.03125 0.029296875
0 0.798828125 0.94921875 0.03515625 0.02734375
0 0.2490234375 0.9443359375 0.021484375 0.021484375
0 0.2177734375 0.93359375 0.017578125 0.01953125
0 0.169921875 0.94140625 0.0390625 0.0390625
0 0.9580078125 0.9296875 0.025390625 0.03125
0 0.8671875 0.9287109375 0.0234375 0.029296875
0 0.322265625 0.9267578125 0.03125 0.033203125
0 0.056640625 0.923828125 0.03515625 0.03125
0 0.79296875 0.91796875 0.0234375 0.0234375
0 0.189453125 0.919921875 0.03125 0.03515625
0 0.421875 0.9111328125 0.02734375 0.025390625
0 0.3896484375 0.9140625 0.029296875 0.0390625
0 0.0830078125 0.91015625 0.029296875 0.03125
0 0.94140625 0.9072265625 0.02734375 0.029296875
0 0.8505859375 0.9033203125 0.029296875 0.029296875
0 0.2978515625 0.912109375 0.041015625 0.05078125
0 0.212890625 0.904296875 0.03515625 0.03515625
0 0.76171875 0.896484375 0.03515625 0.02734375
0 0.4345703125 0.8896484375 0.017578125 0.017578125
0 0.48046875 0.892578125 0.02734375 0.02734375
0 0.10546875 0.892578125 0.02734375 0.02734375
0 0.3720703125 0.888671875 0.029296875 0.02734375
0 0.7890625 0.880859375 0.01953125 0.01953125
0 0.921875 0.8837890625 0.02734375 0.029296875
0 0.83203125 0.87890625 0.03125 0.02734375
0 0.5400390625 0.8720703125 0.025390625 0.025390625
0 0.1279296875 0.8740234375 0.029296875 0.029296875
0 0.3515625 0.869140625 0.0234375 0.0234375
0 0.0732421875 0.8662109375 0.017578125 0.017578125
0 0.2421875 0.87890625 0.05078125 0.046875
0 0.4609375 0.8662109375 0.02734375 0.025390625
0 0.591796875 0.8564453125 0.01953125 0.017578125
0 0.333984375 0.853515625 0.015625 0.01171875
0 0.904296875 0.8603515625 0.02734375 0.029296875
0 0.810546875 0.8583984375 0.03515625 0.033203125
0 0.279296875 0.8671875 0.04296875 0.05078125
0 0.71484375 0.853515625 0.0234375 0.02734375
0 0.0107421875 0.853515625 0.021484375 0.02734375
0 0.154296875 0.8544921875 0.03125 0.033203125
0 0.5224609375 0.8486328125 0.025390625 0.025390625
0 0.4423828125 0.841796875 0.025390625 0.02734375
0 0.6220703125 0.8408203125 0.025390625 0.029296875
0 0.1103515625 0.833984375 0.017578125 0.01953125
0 0.6943359375 0.83203125 0.021484375 0.0234375
0 0.1728515625 0.833984375 0.037109375 0.0390625
0 0.0166015625 0.830078125 0.029296875 0.03125
0 0.5078125 0.8251953125 0.02734375 0.029296875
0 0.7470703125 0.8173828125 0.017578125 0.017578125
0 0.3154296875 0.8251953125 0.029296875 0.033203125
0 0.869140625 0.822265625 0.02734375 0.03125
0 0.607421875 0.8212890625 0.02734375 0.029296875
0 0.9912109375 0.8173828125 0.017578125 0.029296875
0 0.421875 0.8154296875 0.02734375 0.025390625
0 0.0419921875 0.8154296875 0.029296875 0.029296875
0 0.1953125 0.814453125 0.03515625 0.03515625
0 0.7724609375 0.8056640625 0.025390625 0.025390625
0 0.6767578125 0.8056640625 0.025390625 0.025390625
0 0.5302734375 0.8017578125 0.017578125 0.017578125
0 0.404296875 0.798828125 0.015625 0.015625
0 0.3388671875 0.806640625 0.033203125 0.03125
0 0.4912109375 0.8017578125 0.029296875 0.025390625
0 0.884765625 0.796875 0.02734375 0.02734375
0 0.587890625 0.79296875 0.0234375 0.01953125
0 0.2177734375 0.7998046875 0.029296875 0.037109375
0 0.06640625 0.796875 0.03125 0.03125
0 0.98046875 0.7939453125 0.03515625 0.033203125
0 0.150390625 0.7841796875 0.015625 0.017578125
0 0.3642578125 0.7890625 0.029296875 0.03125
0 0.7529296875 0.7841796875 0.029296875 0.025390625
0 0.66015625 0.7822265625 0.02734375 0.029296875
0 0.5712890625 0.77734375 0.033203125 0.0234375
0 0.4716796875 0.779296875 0.029296875 0.02734375
0 0.1953125 0.7724609375 0.015625 0.013671875
0 0.916015625 0.783203125 0.0390625 0.0390625
0 0.08984375 0.779296875 0.03515625 0.03125
0 0.9677734375 0.7724609375 0.025390625 0.025390625
0 0.279296875 0.771484375 0.02734375 0.02734375
0 0.3876953125 0.7734375 0.029296875 0.03515625
0 0.82421875 0.763671875 0.03125 0.03125
0 0.7333984375 0.76171875 0.025390625 0.02734375
0 0.1123046875 0.7626953125 0.033203125 0.033203125
0 0.640625 0.7568359375 0.02734375 0.025390625
0 0.5546875 0.7548828125 0.03125 0.033203125
0 0.9501953125 0.748046875 0.029296875 0.03125
0 0.2578125 0.7392578125 0.01953125 0.017578125
0 0.0107421875 0.75 0.021484375 0.0390625
0 0.3046875 0.7451171875 0.03515625 0.037109375
0 0.1376953125 0.7431640625 0.033203125 0.033203125
0 0.8046875 0.740234375 0.03125 0.03125
0 0.7109375 0.73828125 0.03125 0.03125
0 0.6201171875 0.7333984375 0.025390625 0.025390625
0 0.435546875 0.736328125 0.03125 0.03515625
0 0.2392578125 0.7275390625 0.025390625 0.021484375
0 0.533203125 0.7314453125 0.03515625 0.033203125
0 0.0244140625 0.7333984375 0.033203125 0.037109375
0 0.330078125 0.7265625 0.03125 0.03125
0 0.865234375 0.7236328125 0.03515625 0.033203125
0 0.1640625 0.72265625 0.03515625 0.03125
0 0.458984375 0.7177734375 0.03125 0.033203125
0 0.7900390625 0.7158203125 0.033203125 0.033203125
0 0.6953125 0.712890625 0.02734375 0.02734375
0 0.9951171875 0.7060546875 0.009765625 0.017578125
0 0.603515625 0.7099609375 0.02734375 0.025390625
0 0.5234375 0.7080078125 0.0234375 0.021484375
0 0.0498046875 0.712890625 0.033203125 0.03515625
0 0.35546875 0.708984375 0.02734375 0.03125
0 0.296875 0.7001953125 0.015625 0.017578125
0 0.8994140625 0.703125 0.044921875 0.03125
0 0.4794921875 0.7001953125 0.033203125 0.033203125
0 0.7685546875 0.6923828125 0.029296875 0.029296875
0 0.6748046875 0.6904296875 0.033203125 0.029296875
0 0.58203125 0.6884765625 0.02734375 0.025390625
0 0.6201171875 0.6845703125 0.021484375 0.021484375
0 0.376953125 0.69140625 0.03125 0.03515625
0 0.2666015625 0.685546875 0.025390625 0.02734375
0 0.208984375 0.685546875 0.03125 0.02734375
0 0.0751953125 0.6904296875 0.037109375 0.041015625
0 0.501953125 0.6845703125 0.03515625 0.033203125
0 0.888671875 0.6787109375 0.02734375 0.029296875
0 0.5703125 0.6689453125 0.015625 0.017578125
0 0.3984375 0.673828125 0.03125 0.03515625
0 0.658203125 0.666015625 0.03125 0.03125
0 0.7529296875 0.6650390625 0.037109375 0.037109375
0 0.2392578125 0.662109375 0.029296875 0.03125
0 0.61328125 0.65234375 0.015625 0.015625
0 0.109375 0.6552734375 0.0234375 0.029296875
0 0.8671875 0.65234375 0.03515625 0.03515625
0 0.5478515625 0.6455078125 0.029296875 0.025390625
0 0.73046875 0.64453125 0.02734375 0.02734375
0 0.423828125 0.6494140625 0.03515625 0.041015625
0 0.9697265625 0.650390625 0.048828125 0.046875
0 0.638671875 0.640625 0.02734375 0.02734375
0 0.2607421875 0.64453125 0.037109375 0.03515625
0 0.453125 0.6357421875 0.03125 0.029296875
0 0.94140625 0.6328125 0.02734375 0.02734375
0 0.0927734375 0.6337890625 0.033203125 0.029296875
0 0.5673828125 0.62890625 0.025390625 0.02734375
0 0.005859375 0.6298828125 0.01171875 0.029296875
0 0.625 0.6220703125 0.01953125 0.017578125
0 0.8544921875 0.6259765625 0.029296875 0.029296875
0 0.712890625 0.6240234375 0.02734375 0.025390625
0 0.421875 0.6162109375 0.01953125 0.017578125
0 0.2861328125 0.62890625 0.037109375 0.04296875
0 0.166015625 0.619140625 0.03515625 0.03125
0 0.4775390625 0.6171875 0.029296875 0.03125
0 0.962890625 0.607421875 0.015625 0.015625
0 0.921875 0.611328125 0.02734375 0.02734375
0 0.5888671875 0.611328125 0.029296875 0.02734375
0 0.0244140625 0.61328125 0.037109375 0.03515625
0 0.3115234375 0.6103515625 0.033203125 0.033203125
0 0.833984375 0.6044921875 0.03125 0.029296875
0 0.607421875 0.5986328125 0.0234375 0.025390625
0 0.193359375 0.6005859375 0.03125 0.037109375
0 0.6962890625 0.59375 0.025390625 0.03515625
0 0.775390625 0.5830078125 0.015625 0.017578125
0 0.99609375 0.578125 0.0078125 0.015625
0 0.333984375 0.5888671875 0.0390625 0.037109375
0 0.904296875 0.583984375 0.03125 0.03125
0 0.056640625 0.580078125 0.02734375 0.0234375
0 0.2158203125 0.5830078125 0.033203125 0.037109375
0 0.810546875 0.5771484375 0.02734375 0.029296875
0 0.6875 0.5732421875 0.0234375 0.025390625
0 0.12890625 0.572265625 0.02734375 0.02734375
0 0.5302734375 0.5673828125 0.029296875 0.029296875
0 0.4404296875 0.5693359375 0.029296875 0.033203125
0 0.94921875 0.560546875 0.01953125 0.01953125
0 0.240234375 0.5634765625 0.03515625 0.029296875
0 0.3642578125 0.564453125 0.033203125 0.03515625
0 0.8857421875 0.55859375 0.029296875 0.03125
0 0.6611328125 0.55859375 0.029296875 0.03125
0 0.4326171875 0.55078125 0.017578125 0.015625
0 0.1240234375 0.55078125 0.021484375 0.01953125
0 0.984375 0.5546875 0.03125 0.03125
0 0.91796875 0.548828125 0.01953125 0.01953125
0 0.7900390625 0.5556640625 0.037109375 0.033203125
0 0.3837890625 0.5498046875 0.033203125 0.029296875
0 0.1455078125 0.5419921875 0.017578125 0.017578125
0 0.5087890625 0.54296875 0.029296875 0.02734375
0 0.5615234375 0.54296875 0.029296875 0.03125
0 0.267578125 0.544921875 0.03125 0.03515625
0 0.681640625 0.5390625 0.02734375 0.02734375
0 0.1015625 0.5400390625 0.02734375 0.029296875
0 0.8681640625 0.5361328125 0.029296875 0.029296875
0 0.9677734375 0.53125 0.033203125 0.03125
0 0.412109375 0.529296875 0.03515625 0.03125
0 0.2861328125 0.5302734375 0.033203125 0.033203125
0 0.0126953125 0.5244140625 0.025390625 0.025390625
0 0.7724609375 0.529296875 0.037109375 0.0390625
0 0.703125 0.5224609375 0.0234375 0.025390625
0 0.5869140625 0.51953125 0.025390625 0.02734375
0 0.4873046875 0.5126953125 0.033203125 0.029296875
0 0.3046875 0.515625 0.03125 0.03515625
0 0.1455078125 0.5126953125 0.029296875 0.029296875
0 0.84765625 0.51171875 0.03125 0.03125
0 0.9482421875 0.509765625 0.033203125 0.03125
0 0.724609375 0.5048828125 0.03125 0.033203125
0 0.6171875 0.49609375 0.02734375 0.03125
0 0.3251953125 0.5 0.033203125 0.0390625
0 0.8271484375 0.4892578125 0.029296875 0.033203125
0 0.748046875 0.48828125 0.03125 0.03125
0 0.46484375 0.48828125 0.02734375 0.03125
0 0.927734375 0.486328125 0.03515625 0.03125
0 0.171875 0.486328125 0.03125 0.03125
0 0.064453125 0.4833984375 0.0234375 0.025390625
0 0.345703125 0.484375 0.03515625 0.03515625
0 0.9921875 0.4716796875 0.015625 0.029296875
0 0.6474609375 0.4716796875 0.029296875 0.033203125
0 0.49609375 0.46875 0.03125 0.02734375
0 0.197265625 0.474609375 0.03515625 0.0390625
0 0.3701171875 0.466796875 0.029296875 0.02734375
0 0.908203125 0.4619140625 0.03515625 0.029296875
0 0.087890625 0.4609375 0.03125 0.02734375
0 0.2177734375 0.4580078125 0.033203125 0.033203125
0 0.033203125 0.4541015625 0.03125 0.029296875
0 0.669921875 0.451171875 0.03515625 0.03125
0 0.525390625 0.4501953125 0.02734375 0.029296875
0 0.974609375 0.4443359375 0.0234375 0.025390625
0 0.7919921875 0.4501953125 0.037109375 0.037109375
0 0.890625 0.4404296875 0.03125 0.029296875
0 0.2373046875 0.443359375 0.037109375 0.03515625
0 0.11328125 0.4404296875 0.03125 0.033203125
0 0.4228515625 0.4365234375 0.037109375 0.033203125
0 0.55078125 0.4296875 0.02734375 0.03125
0 0.814453125 0.431640625 0.03515625 0.0390625
0 0.3359375 0.4267578125 0.03515625 0.029296875
0 0.0146484375 0.4287109375 0.029296875 0.033203125
0 0.7001953125 0.42578125 0.025390625 0.03125
0 0.3994140625 0.4189453125 0.017578125 0.017578125
0 0.8330078125 0.4150390625 0.017578125 0.017578125
0 0.2578125 0.42578125 0.03515625 0.0390625
0 0.13671875 0.421875 0.03125 0.03515625
0 0.318359375 0.4052734375 0.015625 0.013671875
0 0.8720703125 0.4150390625 0.037109375 0.037109375
0 0.7275390625 0.40625 0.025390625 0.02734375
0 0.5791015625 0.408203125 0.029296875 0.03125
0 0.2783203125 0.408203125 0.033203125 0.03515625
0 0.16015625 0.4052734375 0.03125 0.033203125
0 0.3935546875 0.3984375 0.033203125 0.03125
0 0.9423828125 0.3994140625 0.037109375 0.037109375
0 0.97265625 0.384765625 0.01953125 0.01953125
0 0.85546875 0.3935546875 0.0390625 0.037109375
0 0.607421875 0.3876953125 0.02734375 0.029296875
0 0.306640625 0.3857421875 0.03125 0.033203125
0 0.376953125 0.380859375 0.02734375 0.02734375
0 0.76171875 0.3779296875 0.02734375 0.025390625
0 0.193359375 0.3837890625 0.0390625 0.037109375
0 0.0263671875 0.3818359375 0.025390625 0.033203125
0 0.9248046875 0.376953125 0.041015625 0.03515625
0 0.63671875 0.3701171875 0.02734375 0.029296875
0 0.7861328125 0.3603515625 0.029296875 0.025390625
0 0.046875 0.36328125 0.03125 0.03125
0 0.9921875 0.3583984375 0.015625 0.025390625
0 0.3681640625 0.361328125 0.037109375 0.03515625
0 0.2177734375 0.359375 0.033203125 0.03515625
0 0.6640625 0.3505859375 0.03125 0.029296875
0 0.908203125 0.3505859375 0.0390625 0.037109375
0 0.76171875 0.341796875 0.015625 0.01953125
0 0.349609375 0.3466796875 0.02734375 0.029296875
0 0.0693359375 0.345703125 0.025390625 0.03125
0 0.80859375 0.341796875 0.0234375 0.02734375
0 0.2529296875 0.3330078125 0.037109375 0.033203125
0 0.9736328125 0.33203125 0.052734375 0.03515625
0 0.931640625 0.32421875 0.0234375 0.0234375
0 0.00390625 0.31640625 0.0078125 0.01171875
0 0.09375 0.3203125 0.02734375 0.0234375
0 0.80078125 0.314453125 0.01953125 0.01953125
0 0.701171875 0.3173828125 0.04296875 0.037109375
0 0.8623046875 0.3046875 0.025390625 0.0234375
0 0.314453125 0.3046875 0.03125 0.02734375
0 0.9658203125 0.3037109375 0.029296875 0.029296875
0 0.2333984375 0.306640625 0.044921875 0.0390625
0 0.77734375 0.298828125 0.03125 0.02734375
0 0.212890625 0.29296875 0.015625 0.015625
0 0.1298828125 0.30078125 0.041015625 0.0390625
0 0.7265625 0.2880859375 0.01953125 0.017578125
0 0.0185546875 0.28515625 0.033203125 0.03515625
0 0.84765625 0.2783203125 0.03515625 0.025390625
0 0.8994140625 0.271484375 0.017578125 0.01953125
0 0.7568359375 0.275390625 0.033203125 0.03125
0 0.212890625 0.26953125 0.03125 0.03125
0 0.162109375 0.2763671875 0.046875 0.044921875
0 0.05078125 0.26953125 0.03125 0.03125
0 0.2822265625 0.2626953125 0.029296875 0.037109375
0 0.9326171875 0.25 0.025390625 0.02734375
0 0.8310546875 0.2529296875 0.037109375 0.033203125
0 0.0771484375 0.25 0.029296875 0.03125
0 0.1953125 0.244140625 0.03125 0.03125
0 0.271484375 0.2373046875 0.03515625 0.033203125
0 0.0380859375 0.2333984375 0.025390625 0.025390625
0 0.9111328125 0.2275390625 0.025390625 0.025390625
0 0.8134765625 0.2294921875 0.044921875 0.029296875
0 0.720703125 0.2255859375 0.02734375 0.025390625
0 0.1181640625 0.2158203125 0.029296875 0.029296875
0 0.982421875 0.21484375 0.03515625 0.03515625
0 0.7900390625 0.208984375 0.029296875 0.02734375
0 0.09375 0.220703125 0.0390625 0.05078125
0 0.890625 0.208984375 0.03515625 0.03125
0 0.697265625 0.203125 0.03125 0.02734375
0 0.24609375 0.20703125 0.0390625 0.03515625
0 0.15625 0.1923828125 0.03125 0.025390625
0 0.0126953125 0.201171875 0.025390625 0.04296875
0 0.9638671875 0.1923828125 0.037109375 0.033203125
0 0.771484375 0.1845703125 0.03125 0.025390625
0 0.875 0.18359375 0.03125 0.02734375
0 0.681640625 0.181640625 0.01953125 0.0234375
0 0.1298828125 0.1708984375 0.041015625 0.041015625
0 0.9462890625 0.1669921875 0.037109375 0.037109375
0 0.8564453125 0.16015625 0.029296875 0.03125
0 0.75390625 0.1591796875 0.03125 0.029296875
0 0.658203125 0.15234375 0.0390625 0.0390625
0 0.0439453125 0.1611328125 0.060546875 0.060546875
0 0.923828125 0.1376953125 0.0390625 0.033203125
0 0.7294921875 0.1357421875 0.025390625 0.029296875
0 0.107421875 0.140625 0.04296875 0.0390625
0 0.8349609375 0.1357421875 0.037109375 0.033203125
0 0.7568359375 0.126953125 0.017578125 0.015625
0 0.990234375 0.1201171875 0.01953125 0.029296875
0 0.9052734375 0.1162109375 0.033203125 0.033203125
0 0.6318359375 0.119140625 0.037109375 0.0390625
0 0.814453125 0.11328125 0.03125 0.03125
0 0.7138671875 0.1123046875 0.033203125 0.029296875
0 0.087890625 0.1123046875 0.0546875 0.052734375
0 0.98828125 0.0888671875 0.0234375 0.025390625
0 0.884765625 0.08984375 0.03125 0.03125
0 0.0087890625 0.095703125 0.017578125 0.04296875
0 0.798828125 0.0888671875 0.03515625 0.033203125
0 0.607421875 0.087890625 0.03515625 0.0390625
0 0.7041015625 0.083984375 0.052734375 0.05078125
0 0.9697265625 0.0654296875 0.025390625 0.025390625
0 0.8671875 0.0634765625 0.03125 0.029296875
0 0.7802734375 0.064453125 0.033203125 0.03125
0 0.587890625 0.0615234375 0.02734375 0.025390625
0 0.0283203125 0.068359375 0.033203125 0.0390625
0 0.6845703125 0.05859375 0.052734375 0.046875
0 0.951171875 0.041015625 0.0234375 0.0234375
0 0.001953125 0.0322265625 0.00390625 0.005859375
0 0.8466796875 0.04296875 0.037109375 0.03125
0 0.7509765625 0.0556640625 0.056640625 0.068359375
0 0.0576171875 0.0361328125 0.029296875 0.041015625
0 0.6591796875 0.0302734375 0.033203125 0.041015625
0 0.029296875 0.017578125 0.01953125 0.01953125
0 0.826171875 0.0205078125 0.03125 0.029296875
0 0.3671875 0.029296875 0.05078125 0.05078125
0 0.9345703125 0.013671875 0.021484375 0.0234375
0 0.9921875 0.009765625 0.015625 0.01953125
0 0.908203125 0.0068359375 0.02734375 0.013671875
0 0.8076171875 0.0048828125 0.017578125 0.009765625
0 0.732421875 0.0234375 0.0546875 0.046875
0 0.7158203125 0.0029296875 0.009765625 0.005859375
0 0.6796875 0.0029296875 0.0078125 0.005859375
0 0.6201171875 0.0048828125 0.017578125 0.009765625
0 0.5498046875 0.00390625 0.013671875 0.0078125
0 0.55078125 0.0244140625 0.0625 0.048828125
0 0.34765625 0.0029296875 0.0078125 0.005859375
0 0.3037109375 0.0078125 0.021484375 0.015625
0 0.2158203125 0.064453125 0.134765625 0.12890625
0 0.0986328125 0.00390625 0.009765625 0.0078125