0 0.7890625 0.9873046875 0.03125 0.025390625
0 0.673828125 0.978515625 0.046875 0.04296875
0 0.8916015625 0.9599609375 0.025390625 0.025390625
0 0.6005859375 0.9609375 0.048828125 0.046875
0 0.0673828125 0.9248046875 0.134765625 0.150390625
0 0.3662109375 0.8515625 0.037109375 0.04296875
0 0.607421875 0.8642578125 0.09765625 0.072265625
0 0.4052734375 0.8154296875 0.025390625 0.025390625
0 0.603515625 0.8125 0.0703125 0.0546875
0 0.4638671875 0.7958984375 0.033203125 0.033203125
0 0.9072265625 0.8505859375 0.185546875 0.197265625
0 0.67578125 0.7451171875 0.0234375 0.025390625
0 0.7744140625 0.7255859375 0.021484375 0.025390625
0 0.708984375 0.716796875 0.01953125 0.01953125
0 0.0556640625 0.7607421875 0.111328125 0.123046875
0 0.79296875 0.7109375 0.01953125 0.03125
0 0.5615234375 0.7236328125 0.041015625 0.060546875
0 0.7177734375 0.7021484375 0.021484375 0.021484375
0 0.18359375 0.7080078125 0.0390625 0.041015625
0 0.7294921875 0.6875 0.025390625 0.0234375
0 0.63671875 0.701171875 0.046875 0.0546875
0 0.2802734375 0.6767578125 0.033203125 0.037109375
0 0.1416015625 0.67578125 0.037109375 0.0390625
0 0.7470703125 0.6689453125 0.033203125 0.029296875
0 0.30078125 0.6640625 0.0234375 0.02734375
0 0.0029296875 0.6494140625 0.005859375 0.009765625
0 0.7685546875 0.6474609375 0.017578125 0.017578125
0 0.6796875 0.65234375 0.04296875 0.03515625
0 0.1767578125 0.65234375 0.044921875 0.0390625
0 0.7412109375 0.640625 0.025390625 0.0234375
0 0.7001953125 0.62890625 0.037109375 0.04296875
0 0.5751953125 0.625 0.025390625 0.0390625
0 0.013671875 0.6201171875 0.02734375 0.044921875
0 0.107421875 0.626953125 0.09765625 0.06640625
0 0.7177734375 0.603515625 0.033203125 0.03125
0 0.0048828125 0.5859375 0.009765625 0.01953125
0 0.7333984375 0.5888671875 0.037109375 0.033203125
0 0.6240234375 0.599609375 0.068359375 0.0546875
0 0.0302734375 0.59375 0.033203125 0.04296875
0 0.1455078125 0.5712890625 0.037109375 0.041015625
0 0.1962890625 0.58203125 0.087890625 0.06640625
0 0.1787109375 0.53125 0.056640625 0.05078125
0 0.61328125 0.5048828125 0.0234375 0.029296875
0 0.638671875 0.4912109375 0.0234375 0.029296875
0 0.5576171875 0.5146484375 0.083984375 0.087890625
0 0.640625 0.462890625 0.015625 0.015625
0 0.5810546875 0.4560546875 0.048828125 0.044921875
0 0.609375 0.4384765625 0.01953125 0.025390625
0 0.6259765625 0.431640625 0.021484375 0.02734375
0 0.81640625 0.4013671875 0.02734375 0.033203125
0 0.330078125 0.4296875 0.1484375 0.10546875
0 0.7314453125 0.3994140625 0.087890625 0.095703125
0 0.38671875 0.3408203125 0.02734375 0.029296875
0 0.8017578125 0.3369140625 0.025390625 0.033203125
0 0.923828125 0.3515625 0.10546875 0.06640625
0 0.8173828125 0.330078125 0.021484375 0.03125
0 0.9794921875 0.322265625 0.021484375 0.02734375
0 0.8447265625 0.326171875 0.025390625 0.0390625
0 0.1904296875 0.3154296875 0.017578125 0.017578125
0 0.708984375 0.322265625 0.04296875 0.04296875
0 0.0224609375 0.3828125 0.044921875 0.1640625
0 0.865234375 0.3076171875 0.03515625 0.029296875
0 0.1181640625 0.36328125 0.064453125 0.14453125
0 0.1845703125 0.2939453125 0.017578125 0.017578125
0 0.8916015625 0.30078125 0.029296875 0.0390625
0 0.9130859375 0.2861328125 0.025390625 0.029296875
0 0.427734375 0.2939453125 0.0546875 0.052734375
0 0.177734375 0.2734375 0.015625 0.015625
0 0.9951171875 0.26953125 0.009765625 0.01953125
0 0.9462890625 0.27734375 0.064453125 0.0625
0 0.169921875 0.25390625 0.01953125 0.01953125
0 0.7802734375 0.28125 0.119140625 0.08203125
0 0.99609375 0.2333984375 0.0078125 0.013671875
0 0.4755859375 0.2392578125 0.052734375 0.052734375
0 0.3359375 0.2099609375 0.02734375 0.025390625
0 0.216796875 0.232421875 0.07421875 0.07421875
0 0.9228515625 0.2080078125 0.029296875 0.037109375
0 0.8994140625 0.1826171875 0.037109375 0.025390625
0 0.521484375 0.181640625 0.05078125 0.05078125
0 0.96484375 0.1806640625 0.046875 0.052734375
0 0.2470703125 0.16796875 0.041015625 0.03125
0 0.337890625 0.1640625 0.046875 0.046875
0 0.8515625 0.1611328125 0.04296875 0.056640625
0 0.07421875 0.1806640625 0.09765625 0.099609375
0 0.8798828125 0.13671875 0.029296875 0.0390625
0 0.408203125 0.1337890625 0.0390625 0.037109375
0 0.4580078125 0.1015625 0.029296875 0.03125
0 0.939453125 0.1142578125 0.0625 0.068359375
0 0.3759765625 0.08984375 0.021484375 0.0234375
0 0.59375 0.1005859375 0.0546875 0.056640625
0 0.9658203125 0.08984375 0.033203125 0.04296875
0 0.986328125 0.080078125 0.02734375 0.04296875
0 0.482421875 0.064453125 0.0234375 0.0234375
0 0.4384765625 0.0615234375 0.021484375 0.021484375
0 0.361328125 0.0458984375 0.02734375 0.025390625
0 0.2822265625 0.05859375 0.056640625 0.05859375
0 0.5068359375 0.03515625 0.025390625 0.0234375
0 0.4599609375 0.03515625 0.021484375 0.0234375
0 0.1572265625 0.0517578125 0.072265625 0.072265625
0 0.669921875 0.0107421875 0.05859375 0.021484375
0 0.4296875 0.0068359375 0.01953125 0.013671875
0 0.3974609375 0.0048828125 0.033203125 0.009765625
0 0.3427734375 0.0078125 0.021484375 0.015625