0 0.986328125 0.984375 0.02734375 0.03125
0 0.7216796875 0.978515625 0.033203125 0.03125
0 0.6279296875 0.966796875 0.033203125 0.03515625
0 0.8427734375 0.8564453125 0.029296875 0.025390625
0 0.9921875 0.841796875 0.015625 0.02734375
0 0.9501953125 0.8203125 0.029296875 0.03125
0 0.8994140625 0.7958984375 0.017578125 0.033203125
0 0.669921875 0.787109375 0.03515625 0.03125
0 0.6328125 0.7578125 0.02734375 0.03125
0 0.927734375 0.748046875 0.03125 0.03125
0 0.60546875 0.7431640625 0.03515625 0.037109375
0 0.71875 0.736328125 0.03515625 0.03515625
0 0.67578125 0.7314453125 0.03125 0.029296875
0 0.3837890625 0.7197265625 0.021484375 0.025390625
0 0.123046875 0.7724609375 0.109375 0.142578125
0 0.9912109375 0.7109375 0.017578125 0.02734375
0 0.1611328125 0.748046875 0.107421875 0.140625
0 0.572265625 0.685546875 0.03125 0.03125
0 0.193359375 0.728515625 0.0859375 0.1171875
0 0.63671875 0.681640625 0.03125 0.03515625
0 0.333984375 0.6728515625 0.02734375 0.037109375
0 0.953125 0.6669921875 0.0390625 0.041015625
0 0.3974609375 0.64453125 0.041015625 0.03515625
0 0.7021484375 0.646484375 0.041015625 0.04296875
0 0.591796875 0.6357421875 0.02734375 0.025390625
0 0.21484375 0.63671875 0.0234375 0.02734375
0 0.3115234375 0.630859375 0.037109375 0.04296875
0 0.98046875 0.623046875 0.0390625 0.0390625
0 0.275390625 0.6171875 0.0234375 0.02734375
0 0.484375 0.5927734375 0.02734375 0.025390625
0 0.5908203125 0.5712890625 0.017578125 0.033203125
0 0.38671875 0.5634765625 0.0234375 0.029296875
0 0.376953125 0.529296875 0.02734375 0.03125
0 0.3046875 0.5146484375 0.02734375 0.025390625
0 0.2265625 0.5009765625 0.03125 0.025390625
0 0.140625 0.552734375 0.0859375 0.12890625
0 0.41796875 0.4892578125 0.03515625 0.029296875
0 0.34765625 0.48828125 0.03125 0.02734375
0 0.2900390625 0.4892578125 0.029296875 0.029296875
0 0.3330078125 0.4619140625 0.029296875 0.025390625
0 0.275390625 0.4638671875 0.03125 0.029296875
0 0.3173828125 0.44140625 0.029296875 0.02734375
0 0.2607421875 0.44140625 0.029296875 0.02734375
0 0.302734375 0.416015625 0.02734375 0.02734375
0 0.0087890625 0.3984375 0.017578125 0.01953125
0 0.25 0.3818359375 0.05859375 0.048828125
0 0.236328125 0.3330078125 0.0390625 0.029296875
0 0.1767578125 0.3076171875 0.033203125 0.021484375
0 0.087890625 0.27734375 0.02734375 0.0234375
0 0.1953125 0.2705078125 0.03125 0.037109375
0 0.0244140625 0.294921875 0.048828125 0.09765625
0 0.080078125 0.203125 0.06640625 0.0546875
0 0.0625 0.15625 0.0546875 0.06640625
0 0.037109375 0.11328125 0.0234375 0.0234375
0 0.1142578125 0.107421875 0.033203125 0.03515625
0 0.3193359375 0.1435546875 0.119140625 0.138671875
0 0.38671875 0.05859375 0.046875 0.03515625
0 0.0234375 0.05078125 0.046875 0.05078125
0 0.33984375 0.0224609375 0.05078125 0.044921875