0 0.984375 0.9970703125 0.0078125 0.005859375
0 0.9951171875 0.99609375 0.009765625 0.0078125
0 0.9580078125 0.9931640625 0.025390625 0.013671875
0 0.8984375 0.974609375 0.0390625 0.02734375
0 0.8505859375 0.94921875 0.037109375 0.02734375
0 0.9580078125 0.9228515625 0.021484375 0.021484375
0 0.783203125 0.92578125 0.03125 0.02734375
0 0.9794921875 0.9150390625 0.017578125 0.017578125
0 0.7177734375 0.908203125 0.017578125 0.0234375
0 0.9931640625 0.890625 0.013671875 0.0234375
0 0.953125 0.888671875 0.05859375 0.03125
0 0.900390625 0.8828125 0.02734375 0.02734375
0 0.8701171875 0.8779296875 0.025390625 0.029296875
0 0.8359375 0.8740234375 0.03125 0.037109375
0 0.7958984375 0.853515625 0.025390625 0.03125
0 0.6767578125 0.8388671875 0.017578125 0.017578125
0 0.7724609375 0.8408203125 0.025390625 0.029296875
0 0.9970703125 0.8310546875 0.005859375 0.021484375
0 0.74609375 0.8271484375 0.02734375 0.033203125
0 0.923828125 0.81640625 0.03125 0.0234375
0 0.962890625 0.8173828125 0.0234375 0.029296875
0 0.71875 0.81640625 0.02734375 0.03125
0 0.6904296875 0.814453125 0.021484375 0.02734375
0 0.8818359375 0.806640625 0.025390625 0.01953125
0 0.828125 0.78515625 0.02734375 0.0234375
0 0.9970703125 0.771484375 0.005859375 0.01171875
0 0.611328125 0.7744140625 0.0234375 0.029296875
0 0.79296875 0.7666015625 0.02734375 0.029296875
0 0.759765625 0.76171875 0.02734375 0.02734375
0 0.982421875 0.75390625 0.02734375 0.03515625
0 0.7333984375 0.75 0.025390625 0.02734375
0 0.5693359375 0.7509765625 0.041015625 0.029296875
0 0.703125 0.736328125 0.03125 0.0234375
0 0.955078125 0.732421875 0.0234375 0.0234375
0 0.3564453125 0.7490234375 0.083984375 0.064453125
0 0.6728515625 0.7255859375 0.025390625 0.021484375
0 0.509765625 0.73046875 0.04296875 0.03125
0 0.9306640625 0.724609375 0.025390625 0.02734375
0 0.6474609375 0.71484375 0.025390625 0.0234375
0 0.8955078125 0.71484375 0.029296875 0.03125
0 0.6201171875 0.703125 0.025390625 0.0234375
0 0.4697265625 0.75390625 0.142578125 0.12890625
0 0.8525390625 0.69921875 0.021484375 0.0234375
0 0.58984375 0.6904296875 0.02734375 0.025390625
0 0.8251953125 0.6904296875 0.029296875 0.029296875
0 0.560546875 0.677734375 0.01953125 0.01953125
0 0.7958984375 0.677734375 0.025390625 0.03125
0 0.380859375 0.6904296875 0.0859375 0.064453125
0 0.98828125 0.6728515625 0.0234375 0.041015625
0 0.5322265625 0.6650390625 0.025390625 0.025390625
0 0.759765625 0.66796875 0.03125 0.03515625
0 0.9541015625 0.6640625 0.025390625 0.03515625
0 0.7373046875 0.6513671875 0.029296875 0.025390625
0 0.7041015625 0.6494140625 0.029296875 0.037109375
0 0.5048828125 0.6474609375 0.033203125 0.033203125
0 0.1640625 0.6787109375 0.03125 0.095703125
0 0.4716796875 0.63671875 0.021484375 0.0234375
0 0.2939453125 0.6435546875 0.029296875 0.037109375
0 0.8759765625 0.6357421875 0.033203125 0.025390625
0 0.6787109375 0.62890625 0.033203125 0.02734375
0 0.849609375 0.6220703125 0.03515625 0.029296875
0 0.81640625 0.6162109375 0.0234375 0.021484375
0 0.4169921875 0.6181640625 0.029296875 0.025390625
0 0.255859375 0.6337890625 0.0625 0.060546875
0 0.634765625 0.6142578125 0.05078125 0.037109375
0 0.7900390625 0.6044921875 0.025390625 0.021484375
0 0.447265625 0.609375 0.0234375 0.03125
0 0.3857421875 0.6064453125 0.025390625 0.025390625
0 0.5927734375 0.595703125 0.029296875 0.02734375
0 0.9775390625 0.6005859375 0.033203125 0.044921875
0 0.759765625 0.5908203125 0.02734375 0.029296875
0 0.732421875 0.583984375 0.02734375 0.0234375
0 0.5634765625 0.583984375 0.025390625 0.0234375
0 0.3603515625 0.587890625 0.029296875 0.03515625
0 0.703125 0.5712890625 0.0234375 0.021484375
0 0.3310546875 0.578125 0.037109375 0.03515625
0 0.5361328125 0.572265625 0.029296875 0.02734375
0 0.2978515625 0.5673828125 0.029296875 0.025390625
0 0.900390625 0.5625 0.0390625 0.02734375
0 0.6767578125 0.560546875 0.029296875 0.0234375
0 0.6455078125 0.5498046875 0.025390625 0.021484375
0 0.2646484375 0.548828125 0.025390625 0.0234375
0 0.771484375 0.544921875 0.01953125 0.01953125
0 0.8447265625 0.546875 0.033203125 0.02734375
0 0.6181640625 0.5400390625 0.025390625 0.021484375
0 0.4580078125 0.544921875 0.041015625 0.03125
0 0.81640625 0.533203125 0.0390625 0.03125
0 0.5888671875 0.5283203125 0.025390625 0.021484375
0 0.419921875 0.5302734375 0.03125 0.025390625
0 0.244140625 0.529296875 0.02734375 0.02734375
0 0.9833984375 0.5244140625 0.029296875 0.029296875
0 0.560546875 0.517578125 0.02734375 0.0234375
0 0.38671875 0.5205078125 0.03125 0.029296875
0 0.787109375 0.517578125 0.03125 0.0390625
0 0.759765625 0.505859375 0.03125 0.02734375
0 0.2275390625 0.5048828125 0.025390625 0.025390625
0 0.1787109375 0.5537109375 0.107421875 0.123046875
0 0.5361328125 0.5 0.025390625 0.0234375
0 0.9306640625 0.498046875 0.025390625 0.03125
0 0.73046875 0.4990234375 0.02734375 0.033203125
0 0.7021484375 0.4853515625 0.025390625 0.021484375
0 0.4677734375 0.490234375 0.041015625 0.03125
0 0.9052734375 0.48828125 0.033203125 0.04296875
0 0.99609375 0.4736328125 0.0078125 0.017578125
0 0.6728515625 0.4736328125 0.029296875 0.025390625
0 0.2060546875 0.4775390625 0.033203125 0.033203125
0 0.8740234375 0.48046875 0.033203125 0.04296875
0 0.8427734375 0.46875 0.029296875 0.02734375
0 0.6416015625 0.46875 0.025390625 0.02734375
0 0.4189453125 0.4638671875 0.037109375 0.029296875
0 0.1845703125 0.4560546875 0.025390625 0.025390625
0 0.818359375 0.4521484375 0.03515625 0.029296875
0 0.603515625 0.453125 0.0546875 0.0390625
0 0.9404296875 0.4462890625 0.029296875 0.029296875
0 0.787109375 0.4453125 0.02734375 0.02734375
0 0.4921875 0.439453125 0.03515625 0.03125
0 0.5615234375 0.43359375 0.033203125 0.02734375
0 0.1669921875 0.4345703125 0.029296875 0.029296875
0 0.7548828125 0.4267578125 0.029296875 0.033203125
0 0.7197265625 0.419921875 0.025390625 0.03125
0 0.4365234375 0.416015625 0.037109375 0.0390625
0 0.1484375 0.4091796875 0.02734375 0.029296875
0 0.69921875 0.408203125 0.03125 0.0390625
0 0.7841796875 0.3935546875 0.013671875 0.017578125
0 0.4052734375 0.3955078125 0.029296875 0.025390625
0 0.966796875 0.3916015625 0.03125 0.033203125
0 0.6708984375 0.3974609375 0.033203125 0.044921875
0 0.751953125 0.3818359375 0.0234375 0.021484375
0 0.634765625 0.3876953125 0.046875 0.033203125
0 0.9404296875 0.38671875 0.029296875 0.03515625
0 0.8046875 0.3720703125 0.015625 0.017578125
0 0.900390625 0.373046875 0.03515625 0.0234375
0 0.126953125 0.380859375 0.03515625 0.0390625
0 0.3681640625 0.3681640625 0.044921875 0.037109375
0 0.5830078125 0.3642578125 0.033203125 0.037109375
0 0.861328125 0.353515625 0.02734375 0.02734375
0 0.1044921875 0.3486328125 0.029296875 0.033203125
0 0.52734375 0.341796875 0.02734375 0.0390625
0 0.8271484375 0.33984375 0.033203125 0.0390625
0 0.59375 0.3330078125 0.03515625 0.029296875
0 0.9912109375 0.3251953125 0.017578125 0.025390625
0 0.798828125 0.328125 0.03125 0.03125
0 0.3369140625 0.3310546875 0.037109375 0.037109375
0 0.490234375 0.3291015625 0.0390625 0.041015625
0 0.765625 0.32421875 0.0390625 0.05078125
0 0.9658203125 0.3115234375 0.029296875 0.029296875
0 0.7392578125 0.3134765625 0.033203125 0.033203125
0 0.0751953125 0.30859375 0.029296875 0.02734375
0 0.4609375 0.3115234375 0.03515625 0.037109375
0 0.9404296875 0.3037109375 0.029296875 0.025390625
0 0.3154296875 0.3076171875 0.041015625 0.037109375
0 0.71484375 0.2939453125 0.02734375 0.025390625
0 0.435546875 0.29296875 0.03515625 0.03515625
0 0.5322265625 0.287109375 0.033203125 0.02734375
0 0.0595703125 0.2861328125 0.033203125 0.033203125
0 0.900390625 0.28515625 0.0390625 0.03515625
0 0.6806640625 0.2822265625 0.033203125 0.037109375
0 0.6455078125 0.2685546875 0.025390625 0.029296875
0 0.41015625 0.2685546875 0.05078125 0.041015625
0 0.8564453125 0.2626953125 0.033203125 0.041015625
0 0.28515625 0.2607421875 0.04296875 0.044921875
0 0.80859375 0.24609375 0.02734375 0.03515625
0 0.0185546875 0.2431640625 0.029296875 0.033203125
0 0.546875 0.23046875 0.0390625 0.03125
0 0.0078125 0.2197265625 0.015625 0.029296875
0 0.3642578125 0.2236328125 0.056640625 0.048828125
0 0.498046875 0.2001953125 0.03515625 0.033203125
0 0.23828125 0.2109375 0.06640625 0.06640625
0 0.8310546875 0.189453125 0.029296875 0.03515625
0 0.0517578125 0.189453125 0.033203125 0.03515625
0 0.998046875 0.171875 0.00390625 0.0078125
0 0.4736328125 0.1806640625 0.041015625 0.037109375
0 0.9814453125 0.1572265625 0.029296875 0.029296875
0 0.1943359375 0.1640625 0.044921875 0.046875
0 0.5693359375 0.15625 0.064453125 0.0390625
0 0.953125 0.146484375 0.02734375 0.02734375
0 0.92578125 0.140625 0.02734375 0.03125
0 0.013671875 0.142578125 0.02734375 0.03515625
0 0.8779296875 0.1279296875 0.044921875 0.029296875
0 0.4072265625 0.126953125 0.033203125 0.03515625
0 0.166015625 0.1298828125 0.046875 0.041015625
0 0.5927734375 0.115234375 0.037109375 0.02734375
0 0.365234375 0.111328125 0.0390625 0.03125
0 0.6904296875 0.0947265625 0.013671875 0.017578125
0 0.50390625 0.1005859375 0.05078125 0.037109375
0 0.5458984375 0.0947265625 0.029296875 0.029296875
0 0.8076171875 0.0927734375 0.029296875 0.037109375
0 0.134765625 0.0947265625 0.0390625 0.041015625
0 0.3173828125 0.091796875 0.025390625 0.0390625
0 0.7783203125 0.0869140625 0.025390625 0.033203125
0 0.6044921875 0.0859375 0.037109375 0.03125
0 0.98828125 0.0830078125 0.0234375 0.037109375
0 0.7490234375 0.0712890625 0.025390625 0.029296875
0 0.2841796875 0.076171875 0.048828125 0.0390625
0 0.4609375 0.0693359375 0.0390625 0.041015625
0 0.7177734375 0.0625 0.025390625 0.03125
0 0.2392578125 0.0625 0.029296875 0.03515625
0 0.017578125 0.060546875 0.03125 0.03515625
0 0.9228515625 0.060546875 0.068359375 0.0390625
0 0.697265625 0.046875 0.0234375 0.02734375
0 0.4140625 0.0458984375 0.046875 0.033203125
0 0.1962890625 0.048828125 0.044921875 0.0390625
0 0.8779296875 0.04296875 0.025390625 0.03515625
0 0.6640625 0.0400390625 0.03125 0.033203125
0 0.8544921875 0.0341796875 0.025390625 0.029296875
0 0.63671875 0.033203125 0.02734375 0.03125
0 0.607421875 0.0205078125 0.03125 0.033203125
0 0.0849609375 0.0205078125 0.060546875 0.037109375
0 0.8310546875 0.01953125 0.029296875 0.0390625
0 0.7919921875 0.0146484375 0.033203125 0.029296875
0 0.7626953125 0.0068359375 0.021484375 0.013671875
0 0.734375 0.0048828125 0.0234375 0.009765625
0 0.580078125 0.013671875 0.03125 0.02734375
0 0.548828125 0.0107421875 0.02734375 0.021484375
0 0.5263671875 0.0029296875 0.009765625 0.005859375
0 0.4599609375 0.00390625 0.017578125 0.0078125
0 0.3525390625 0.013671875 0.060546875 0.02734375
0 0.2919921875 0.0029296875 0.009765625 0.005859375
0 0.27734375 0.001953125 0.0078125 0.00390625