0 0.4873046875 0.998046875 0.013671875 0.00390625
0 0.9111328125 0.9970703125 0.013671875 0.005859375
0 0.744140625 0.994140625 0.0234375 0.01171875
0 0.654296875 0.994140625 0.03125 0.01171875
0 0.83984375 0.982421875 0.0234375 0.015625
0 0.9462890625 0.986328125 0.033203125 0.02734375
0 0.6455078125 0.9755859375 0.025390625 0.021484375
0 0.7880859375 0.974609375 0.025390625 0.02734375
0 0.818359375 0.9638671875 0.0234375 0.029296875
0 0.845703125 0.9541015625 0.02734375 0.029296875
0 0.8994140625 0.9375 0.013671875 0.015625
0 0.638671875 0.9462890625 0.02734375 0.033203125
0 0.875 0.947265625 0.03125 0.0390625
0 0.9150390625 0.92578125 0.021484375 0.0234375
0 0.95703125 0.9267578125 0.04296875 0.052734375
0 0.626953125 0.9130859375 0.0234375 0.029296875
0 0.6123046875 0.8798828125 0.029296875 0.033203125
0 0.599609375 0.8369140625 0.03515625 0.025390625
0 0.142578125 0.830078125 0.02734375 0.01953125
0 0.0947265625 0.7998046875 0.009765625 0.009765625
0 0.013671875 0.8095703125 0.02734375 0.029296875
0 0.595703125 0.806640625 0.0390625 0.03125
0 0.044921875 0.798828125 0.02734375 0.03515625
0 0.1708984375 0.791015625 0.037109375 0.02734375
0 0.0654296875 0.78125 0.029296875 0.02734375
0 0.107421875 0.7763671875 0.03125 0.037109375
0 0.25390625 0.7666015625 0.0234375 0.029296875
0 0.171875 0.763671875 0.0234375 0.0234375
0 0.1318359375 0.7578125 0.033203125 0.03515625
0 0.69921875 0.7470703125 0.01953125 0.021484375
0 0.2744140625 0.740234375 0.029296875 0.02734375
0 0.0166015625 0.736328125 0.033203125 0.0390625
0 0.0439453125 0.7265625 0.025390625 0.02734375
0 0.28125 0.716796875 0.03125 0.02734375
0 0.2080078125 0.7177734375 0.029296875 0.029296875
0 0.9091796875 0.7958984375 0.181640625 0.193359375
0 0.06640625 0.712890625 0.03125 0.03125
0 0.7412109375 0.720703125 0.041015625 0.0546875
0 0.5595703125 0.7333984375 0.060546875 0.083984375
0 0.1953125 0.7001953125 0.015625 0.017578125
0 0.5107421875 0.7060546875 0.033203125 0.041015625
0 0.6474609375 0.7041015625 0.033203125 0.041015625
0 0.291015625 0.6943359375 0.03125 0.025390625
0 0.162109375 0.69140625 0.03125 0.0234375
0 0.224609375 0.6826171875 0.0234375 0.029296875
0 0.0205078125 0.6806640625 0.025390625 0.025390625
0 0.1748046875 0.6591796875 0.033203125 0.025390625
0 0.0048828125 0.654296875 0.009765625 0.015625
0 0.306640625 0.662109375 0.03515625 0.03515625
0 0.203125 0.6474609375 0.01953125 0.017578125
0 0.0849609375 0.646484375 0.033203125 0.03125
0 0.51953125 0.640625 0.04296875 0.03125
0 0.318359375 0.625 0.04296875 0.02734375
0 0.2001953125 0.6162109375 0.033203125 0.021484375
0 0.0498046875 0.6181640625 0.033203125 0.033203125
0 0.21875 0.60546875 0.01171875 0.01171875
0 0.251953125 0.6103515625 0.03125 0.025390625
0 0.01953125 0.59765625 0.03125 0.01953125
0 0.7734375 0.6103515625 0.0390625 0.056640625
0 0.26171875 0.5888671875 0.03125 0.025390625
0 0.125 0.58984375 0.03125 0.03125
0 0.2099609375 0.58203125 0.025390625 0.03515625
0 0.4892578125 0.572265625 0.029296875 0.03125
0 0.09765625 0.5693359375 0.0234375 0.025390625
0 0.2724609375 0.56640625 0.029296875 0.0234375
0 0.6552734375 0.5908203125 0.076171875 0.087890625
0 0.005859375 0.548828125 0.01171875 0.01953125
0 0.28125 0.544921875 0.03125 0.0234375
0 0.0771484375 0.548828125 0.037109375 0.03125
0 0.1826171875 0.5400390625 0.029296875 0.025390625
0 0.0556640625 0.52734375 0.029296875 0.03125
0 0.2177734375 0.5078125 0.025390625 0.02734375
0 0.03515625 0.513671875 0.03125 0.0390625
0 0.134765625 0.5068359375 0.046875 0.033203125
0 0.076171875 0.4794921875 0.03515625 0.033203125
0 0.16015625 0.4716796875 0.02734375 0.025390625
0 0.6201171875 0.4951171875 0.076171875 0.095703125
0 0.1083984375 0.462890625 0.037109375 0.0390625
0 0.1826171875 0.4501953125 0.021484375 0.021484375
0 0.4892578125 0.4521484375 0.037109375 0.033203125
0 0.1259765625 0.4482421875 0.033203125 0.037109375
0 0.3984375 0.4697265625 0.09375 0.111328125
0 0.1484375 0.4296875 0.02734375 0.03125
0 0.28125 0.453125 0.08984375 0.11328125
0 0.1708984375 0.40625 0.025390625 0.0234375
0 0.0439453125 0.41796875 0.041015625 0.046875
0 0.0185546875 0.4033203125 0.025390625 0.029296875
0 0.4951171875 0.408203125 0.048828125 0.046875
0 0.0849609375 0.3955078125 0.029296875 0.025390625
0 0.197265625 0.388671875 0.0234375 0.0234375
0 0.0791015625 0.3701171875 0.017578125 0.017578125
0 0.1044921875 0.369140625 0.029296875 0.03125
0 0.1318359375 0.357421875 0.021484375 0.0234375
0 0.013671875 0.359375 0.02734375 0.03515625
0 0.0498046875 0.3154296875 0.033203125 0.033203125
0 0.087890625 0.302734375 0.04296875 0.05078125
0 0.53125 0.294921875 0.03125 0.04296875
0 0.2236328125 0.283203125 0.021484375 0.0234375
0 0.1328125 0.306640625 0.07421875 0.09375
0 0.1904296875 0.271484375 0.041015625 0.0390625
0 0.0244140625 0.216796875 0.048828125 0.046875
0 0.291015625 0.2216796875 0.046875 0.060546875
0 0.21484375 0.1796875 0.0390625 0.04296875
0 0.5390625 0.1708984375 0.14453125 0.193359375
0 0.0263671875 0.087890625 0.029296875 0.03515625
0 0.0498046875 0.076171875 0.029296875 0.03515625
0 0.2705078125 0.111328125 0.103515625 0.125
0 0.0751953125 0.06640625 0.029296875 0.0390625
0 0.103515625 0.0498046875 0.03125 0.033203125
0 0.126953125 0.0390625 0.02734375 0.0234375
0 0.2216796875 0.0341796875 0.021484375 0.021484375
0 0.0029296875 0.0283203125 0.005859375 0.009765625
0 0.24609375 0.01953125 0.0234375 0.0234375
0 0.1591796875 0.0263671875 0.029296875 0.037109375
0 0.974609375 0.14453125 0.05078125 0.28515625
0 0.4873046875 0.068359375 0.248046875 0.13671875
0 0.24609375 0.001953125 0.00390625 0.00390625
0 0.216796875 0.0107421875 0.02734375 0.021484375
0 0.1845703125 0.0146484375 0.029296875 0.029296875
0 0.044921875 0.0068359375 0.0234375 0.013671875
0 0.017578125 0.0126953125 0.02734375 0.025390625