0 0.34375 0.9970703125 0.015625 0.005859375
0 0.5380859375 0.9873046875 0.025390625 0.025390625
0 0.470703125 0.9775390625 0.01953125 0.017578125
0 0.408203125 0.982421875 0.0625 0.03515625
0 0.669921875 0.9794921875 0.0625 0.041015625
0 0.3759765625 0.962890625 0.013671875 0.01171875
0 0.423828125 0.9638671875 0.01953125 0.017578125
0 0.44921875 0.9541015625 0.01953125 0.021484375
0 0.994140625 0.943359375 0.01171875 0.0234375
0 0.125 0.958984375 0.0625 0.0625
0 0.4951171875 0.9453125 0.041015625 0.0390625
0 0.40234375 0.9404296875 0.03515625 0.033203125
0 0.5732421875 0.9296875 0.041015625 0.03515625
0 0.2275390625 0.943359375 0.060546875 0.0625
0 0.427734375 0.912109375 0.03125 0.03125
0 0.47265625 0.908203125 0.0234375 0.03515625
0 0.376953125 0.8984375 0.015625 0.015625
0 0.453125 0.890625 0.015625 0.015625
0 0.181640625 0.8955078125 0.0390625 0.037109375
0 0.3955078125 0.8779296875 0.017578125 0.017578125
0 0.234375 0.8779296875 0.0390625 0.037109375
0 0.326171875 0.8828125 0.0625 0.05859375
0 0.7353515625 0.8701171875 0.048828125 0.044921875
0 0.291015625 0.8310546875 0.03515625 0.037109375
0 0.330078125 0.80078125 0.01953125 0.015625
0 0.3701171875 0.7666015625 0.060546875 0.056640625
0 0.576171875 0.6982421875 0.2109375 0.251953125
0 0.58984375 0.5751953125 0.03125 0.029296875
0 0.65625 0.537109375 0.03125 0.0234375
0 0.7734375 0.546875 0.06640625 0.06640625
0 0.9326171875 0.6435546875 0.134765625 0.283203125
0 0.875 0.513671875 0.13671875 0.15234375
0 0.8447265625 0.4208984375 0.169921875 0.142578125
0 0.140625 0.29296875 0.125 0.0546875
0 0.2353515625 0.232421875 0.072265625 0.05859375
0 0.4970703125 0.1884765625 0.033203125 0.017578125
0 0.3515625 0.189453125 0.01171875 0.01953125
0 0.37890625 0.1865234375 0.0390625 0.029296875
0 0.3701171875 0.001953125 0.009765625 0.00390625
0 0.169921875 0.0595703125 0.09765625 0.119140625
0 0.046875 0.02734375 0.09375 0.0546875