0 0.18359375 0.99609375 0.01171875 0.0078125
0 0.013671875 0.9931640625 0.01953125 0.013671875
0 0.2099609375 0.98828125 0.029296875 0.0234375
0 0.0400390625 0.9873046875 0.025390625 0.025390625
0 0.2421875 0.982421875 0.03125 0.03515625
0 0.0693359375 0.9814453125 0.033203125 0.033203125
0 0.0078125 0.970703125 0.015625 0.01953125
0 0.2646484375 0.970703125 0.025390625 0.03125
0 0.126953125 0.9580078125 0.0234375 0.021484375
0 0.0966796875 0.96484375 0.033203125 0.0390625
0 0.287109375 0.9599609375 0.02734375 0.033203125
0 0.33984375 0.9462890625 0.01953125 0.021484375
0 0.3115234375 0.94921875 0.025390625 0.03125
0 0.16015625 0.9384765625 0.03125 0.033203125
0 0.18359375 0.923828125 0.0234375 0.02734375
0 0.080078125 0.91796875 0.01953125 0.01953125
0 0.4970703125 0.953125 0.212890625 0.09375
0 0.35546875 0.9189453125 0.02734375 0.029296875
0 0.2255859375 0.9091796875 0.029296875 0.037109375
0 0.0078125 0.9111328125 0.015625 0.041015625
0 0.2529296875 0.8994140625 0.025390625 0.025390625
0 0.0263671875 0.8984375 0.025390625 0.0390625
0 0.0498046875 0.8876953125 0.029296875 0.037109375
0 0.2919921875 0.87890625 0.025390625 0.02734375
0 0.1982421875 0.8759765625 0.021484375 0.021484375
0 0.4677734375 0.8798828125 0.029296875 0.037109375
0 0.078125 0.8720703125 0.02734375 0.029296875
0 0.3134765625 0.8671875 0.025390625 0.03125
0 0.109375 0.8583984375 0.02734375 0.029296875
0 0.2626953125 0.84765625 0.017578125 0.01953125
0 0.345703125 0.8525390625 0.02734375 0.033203125
0 0.1357421875 0.8427734375 0.021484375 0.021484375
0 0.5517578125 0.8310546875 0.021484375 0.025390625
0 0.509765625 0.8349609375 0.03515625 0.033203125
0 0.271484375 0.826171875 0.015625 0.01953125
0 0.1884765625 0.8212890625 0.037109375 0.021484375
0 0.3916015625 0.8291015625 0.029296875 0.041015625
0 0.009765625 0.82421875 0.01953125 0.0390625
0 0.5986328125 0.8017578125 0.017578125 0.017578125
0 0.361328125 0.798828125 0.01953125 0.01953125
0 0.22265625 0.806640625 0.03125 0.03515625
0 0.0537109375 0.7998046875 0.025390625 0.033203125
0 0.3349609375 0.7890625 0.017578125 0.015625
0 0.2490234375 0.796875 0.033203125 0.03515625
0 0.5517578125 0.7861328125 0.037109375 0.029296875
0 0.2734375 0.77734375 0.0234375 0.01953125
0 0.36328125 0.775390625 0.01953125 0.0234375
0 0.0244140625 0.7685546875 0.013671875 0.017578125
0 0.1083984375 0.775390625 0.025390625 0.03515625
0 0.3037109375 0.7666015625 0.025390625 0.029296875
0 0.56640625 0.76171875 0.02734375 0.02734375
0 0.3935546875 0.755859375 0.021484375 0.0234375
0 0.1357421875 0.76171875 0.025390625 0.03515625
0 0.0859375 0.75390625 0.01953125 0.01953125
0 0.0078125 0.751953125 0.015625 0.02734375
0 0.328125 0.7509765625 0.02734375 0.029296875
0 0.4775390625 0.7529296875 0.037109375 0.041015625
0 0.11328125 0.740234375 0.015625 0.015625
0 0.5859375 0.7431640625 0.03125 0.025390625
0 0.3603515625 0.740234375 0.029296875 0.03515625
0 0.03515625 0.7353515625 0.03125 0.025390625
0 0.1923828125 0.734375 0.021484375 0.03515625
0 0.6640625 0.7236328125 0.0234375 0.021484375
0 0.3798828125 0.7216796875 0.017578125 0.021484375
0 0.5029296875 0.7255859375 0.037109375 0.033203125
0 0.064453125 0.7236328125 0.01953125 0.029296875
0 0.6025390625 0.71875 0.029296875 0.02734375
0 0.2158203125 0.72265625 0.029296875 0.03515625
0 0.2353515625 0.7158203125 0.025390625 0.033203125
0 0.09375 0.708984375 0.02734375 0.0234375
0 0.5302734375 0.7021484375 0.025390625 0.025390625
0 0.0029296875 0.69140625 0.005859375 0.01171875
0 0.1259765625 0.6943359375 0.029296875 0.025390625
0 0.6259765625 0.697265625 0.037109375 0.03515625
0 0.443359375 0.6962890625 0.02734375 0.033203125
0 0.271484375 0.6953125 0.02734375 0.03515625
0 0.705078125 0.6787109375 0.01953125 0.017578125
0 0.662109375 0.6796875 0.02734375 0.03125
0 0.248046875 0.6748046875 0.01953125 0.021484375
0 0.478515625 0.6796875 0.02734375 0.03515625
0 0.1552734375 0.67578125 0.025390625 0.02734375
0 0.498046875 0.6689453125 0.0234375 0.021484375
0 0.306640625 0.6767578125 0.046875 0.048828125
0 0.017578125 0.6708984375 0.02734375 0.037109375
0 0.1806640625 0.6611328125 0.021484375 0.025390625
0 0.3466796875 0.66015625 0.029296875 0.02734375
0 0.044921875 0.6630859375 0.02734375 0.033203125
0 0.208984375 0.6533203125 0.0234375 0.029296875
0 0.5634765625 0.6484375 0.033203125 0.03125
0 0.0693359375 0.6474609375 0.025390625 0.033203125
0 0.669921875 0.6416015625 0.03515625 0.029296875
0 0.23828125 0.63671875 0.02734375 0.0234375
0 0.5859375 0.62890625 0.0390625 0.02734375
0 0.099609375 0.630859375 0.02734375 0.03125
0 0.265625 0.6240234375 0.0234375 0.025390625
0 0.41015625 0.6279296875 0.02734375 0.037109375
0 0.125 0.6181640625 0.02734375 0.033203125
0 0.1552734375 0.6103515625 0.025390625 0.025390625
0 0.01171875 0.6083984375 0.0234375 0.025390625
0 0.6728515625 0.607421875 0.025390625 0.02734375
0 0.6103515625 0.60546875 0.021484375 0.0234375
0 0.4384765625 0.61328125 0.025390625 0.0390625
0 0.302734375 0.6025390625 0.0546875 0.033203125
0 0.0361328125 0.595703125 0.021484375 0.01953125
0 0.1826171875 0.59375 0.025390625 0.03125
0 0.7021484375 0.58984375 0.029296875 0.02734375
0 0.763671875 0.58984375 0.0234375 0.03125
0 0.4951171875 0.58984375 0.025390625 0.03515625
0 0.3916015625 0.5869140625 0.033203125 0.029296875
0 0.4501953125 0.5771484375 0.025390625 0.021484375
0 0.068359375 0.5830078125 0.02734375 0.037109375
0 0.8603515625 0.572265625 0.025390625 0.02734375
0 0.2392578125 0.572265625 0.025390625 0.02734375
0 0.208984375 0.578125 0.02734375 0.0390625
0 0.0966796875 0.5693359375 0.021484375 0.033203125
0 0.716796875 0.5634765625 0.03125 0.025390625
0 0.5322265625 0.5703125 0.029296875 0.0390625
0 0.4404296875 0.560546875 0.021484375 0.0234375
0 0.3759765625 0.5625 0.025390625 0.02734375
0 0.5068359375 0.5537109375 0.017578125 0.013671875
0 0.126953125 0.5556640625 0.02734375 0.029296875
0 0.873046875 0.5498046875 0.02734375 0.025390625
0 0.2861328125 0.55078125 0.041015625 0.03125
0 0.005859375 0.54296875 0.01171875 0.015625
0 0.20703125 0.5400390625 0.02734375 0.021484375
0 0.5625 0.5478515625 0.03125 0.041015625
0 0.1572265625 0.5419921875 0.029296875 0.029296875
0 0.361328125 0.533203125 0.02734375 0.02734375
0 0.8857421875 0.529296875 0.025390625 0.0234375
0 0.8017578125 0.5302734375 0.033203125 0.033203125
0 0.18359375 0.5263671875 0.02734375 0.025390625
0 0.0439453125 0.5263671875 0.033203125 0.025390625
0 0.408203125 0.5166015625 0.02734375 0.021484375
0 0.26953125 0.51953125 0.04296875 0.03125
0 0.2109375 0.5126953125 0.02734375 0.029296875
0 0.90234375 0.5068359375 0.03515625 0.025390625
0 0.5361328125 0.509765625 0.025390625 0.0390625
0 0.4375 0.5009765625 0.01953125 0.021484375
0 0.0791015625 0.5048828125 0.033203125 0.029296875
0 0.6220703125 0.5146484375 0.029296875 0.052734375
0 0.7490234375 0.50390625 0.041015625 0.03515625
0 0.6015625 0.4951171875 0.01953125 0.021484375
0 0.8125 0.4970703125 0.0546875 0.029296875
0 0.2255859375 0.4912109375 0.017578125 0.021484375
0 0.119140625 0.494140625 0.03125 0.02734375
0 0.4658203125 0.490234375 0.025390625 0.02734375
0 0.337890625 0.4833984375 0.0234375 0.021484375
0 0.2568359375 0.48828125 0.037109375 0.03125
0 0.1630859375 0.4736328125 0.017578125 0.013671875
0 0.919921875 0.4853515625 0.046875 0.041015625
0 0.4912109375 0.474609375 0.013671875 0.01953125
0 0.7578125 0.4736328125 0.0234375 0.021484375
0 0.5908203125 0.4736328125 0.021484375 0.021484375
0 0.84375 0.4697265625 0.03125 0.025390625
0 0.5166015625 0.4658203125 0.025390625 0.025390625
0 0.98828125 0.4599609375 0.015625 0.017578125
0 0.6767578125 0.458984375 0.029296875 0.0234375
0 0.3837890625 0.4560546875 0.025390625 0.025390625
0 0.32421875 0.4541015625 0.02734375 0.025390625
0 0.580078125 0.4482421875 0.01953125 0.025390625
0 0.4140625 0.44140625 0.02734375 0.0234375
0 0.15234375 0.4375 0.015625 0.015625
0 0.845703125 0.4384765625 0.03515625 0.037109375
0 0.689453125 0.4267578125 0.03125 0.013671875
0 0.015625 0.4267578125 0.03125 0.029296875
0 0.4482421875 0.4228515625 0.025390625 0.025390625
0 0.5595703125 0.4208984375 0.021484375 0.025390625
0 0.048828125 0.4169921875 0.03125 0.029296875
0 0.4833984375 0.4091796875 0.025390625 0.025390625
0 0.083984375 0.4091796875 0.03515625 0.025390625
0 0.2119140625 0.4130859375 0.037109375 0.037109375
0 0.5263671875 0.40234375 0.025390625 0.01953125
0 0.123046875 0.4013671875 0.03125 0.025390625
0 0.783203125 0.4140625 0.04296875 0.0546875
0 0.5625 0.39453125 0.015625 0.015625
0 0.6923828125 0.3935546875 0.021484375 0.021484375
0 0.16015625 0.3896484375 0.02734375 0.021484375
0 0.2021484375 0.376953125 0.025390625 0.02734375
0 0.359375 0.369140625 0.03515625 0.03125
0 0.623046875 0.3662109375 0.03125 0.041015625
0 0.0146484375 0.349609375 0.029296875 0.0390625
0 0.2490234375 0.33984375 0.029296875 0.03125
0 0.08984375 0.337890625 0.03515625 0.03125
0 0.2861328125 0.341796875 0.021484375 0.046875
0 0.16796875 0.326171875 0.02734375 0.03125
0 0.53125 0.32421875 0.02734375 0.03515625
0 0.2392578125 0.3076171875 0.017578125 0.021484375
0 0.0126953125 0.310546875 0.025390625 0.03125
0 0.5029296875 0.3115234375 0.033203125 0.037109375
0 0.080078125 0.2978515625 0.02734375 0.029296875
0 0.5869140625 0.2841796875 0.029296875 0.017578125
0 0.4833984375 0.28515625 0.029296875 0.03515625
0 0.2255859375 0.2783203125 0.033203125 0.021484375
0 0.3564453125 0.2763671875 0.033203125 0.025390625
0 0.447265625 0.2705078125 0.03515625 0.025390625
0 0.283203125 0.283203125 0.0234375 0.05078125
0 0.1474609375 0.271484375 0.029296875 0.02734375
0 0.3994140625 0.267578125 0.037109375 0.0234375
0 0.0078125 0.2685546875 0.015625 0.029296875
0 0.0693359375 0.26171875 0.025390625 0.03125
0 0.21875 0.2509765625 0.03515625 0.021484375
0 0.001953125 0.240234375 0.00390625 0.0078125
0 0.5673828125 0.2412109375 0.041015625 0.037109375
0 0.279296875 0.2353515625 0.0234375 0.025390625
0 0.208984375 0.224609375 0.0234375 0.0234375
0 0.51171875 0.2265625 0.046875 0.03125
0 0.0625 0.2236328125 0.02734375 0.025390625
0 0.1337890625 0.21484375 0.041015625 0.02734375
0 0.4619140625 0.208984375 0.033203125 0.03125
0 0.39453125 0.2021484375 0.03125 0.021484375
0 0.33984375 0.203125 0.03125 0.04296875
0 0.1962890625 0.1728515625 0.029296875 0.025390625
0 0.056640625 0.1796875 0.03125 0.0390625
0 0.1259765625 0.1611328125 0.025390625 0.025390625
0 0.443359375 0.1572265625 0.0390625 0.033203125
0 0.01171875 0.1572265625 0.0234375 0.033203125
0 0.2607421875 0.150390625 0.029296875 0.03515625
0 0.1884765625 0.1455078125 0.029296875 0.025390625
0 0.1240234375 0.13671875 0.029296875 0.0234375
0 0.3671875 0.12890625 0.0234375 0.03125
0 0.341796875 0.1298828125 0.0234375 0.033203125
0 0.314453125 0.1259765625 0.0234375 0.025390625
0 0.39453125 0.1201171875 0.0234375 0.025390625
0 0.18359375 0.1201171875 0.03125 0.025390625
0 0.0419921875 0.12890625 0.060546875 0.0546875
0 0.255859375 0.111328125 0.02734375 0.03515625
0 0.1220703125 0.107421875 0.021484375 0.02734375
0 0.173828125 0.091796875 0.02734375 0.0234375
0 0.087890625 0.1005859375 0.02734375 0.041015625
0 0.1142578125 0.076171875 0.021484375 0.02734375
0 0.00390625 0.0673828125 0.0078125 0.013671875
0 0.1962890625 0.0546875 0.013671875 0.01953125
0 0.31640625 0.0673828125 0.046875 0.048828125
0 0.2529296875 0.0595703125 0.029296875 0.033203125
0 0.033203125 0.0458984375 0.0234375 0.025390625
0 0.169921875 0.044921875 0.02734375 0.03515625
0 0.201171875 0.029296875 0.0234375 0.02734375
0 0.23046875 0.025390625 0.03125 0.0234375
0 0.1025390625 0.01171875 0.033203125 0.0234375
0 0.0537109375 0.0146484375 0.029296875 0.029296875