0 0.3662109375 0.9970703125 0.009765625 0.005859375
0 0.2255859375 0.9970703125 0.021484375 0.005859375
0 0.76171875 0.9951171875 0.02734375 0.009765625
0 0.6826171875 0.9951171875 0.025390625 0.009765625
0 0.8818359375 0.994140625 0.021484375 0.01171875
0 0.572265625 0.994140625 0.015625 0.01171875
0 0.9775390625 0.9931640625 0.025390625 0.013671875
0 0.6142578125 0.9892578125 0.025390625 0.021484375
0 0.541015625 0.9892578125 0.03125 0.021484375
0 0.826171875 0.984375 0.03515625 0.02734375
0 0.7060546875 0.978515625 0.017578125 0.015625
0 0.7529296875 0.98046875 0.029296875 0.0234375
0 0.9033203125 0.978515625 0.029296875 0.0234375
0 0.412109375 0.9833984375 0.03515625 0.033203125
0 0.9697265625 0.9765625 0.025390625 0.0234375
0 0.6748046875 0.9755859375 0.029296875 0.021484375
0 0.21875 0.9765625 0.0234375 0.0234375
0 0.607421875 0.9677734375 0.0234375 0.021484375
0 0.8125 0.9599609375 0.02734375 0.025390625
0 0.892578125 0.95703125 0.03125 0.0234375
0 0.9619140625 0.955078125 0.025390625 0.0234375
0 0.7451171875 0.955078125 0.029296875 0.0234375
0 0.66796875 0.9521484375 0.0234375 0.025390625
0 0.2919921875 0.96875 0.041015625 0.0625
0 0.5986328125 0.94140625 0.025390625 0.02734375
0 0.9521484375 0.935546875 0.029296875 0.0234375
0 0.3251953125 0.9375 0.025390625 0.02734375
0 0.5244140625 0.9375 0.037109375 0.03125
0 0.8837890625 0.9306640625 0.033203125 0.025390625
0 0.455078125 0.9365234375 0.0234375 0.037109375
0 0.208984375 0.9248046875 0.02734375 0.021484375
0 0.7333984375 0.9248046875 0.029296875 0.025390625
0 0.345703125 0.923828125 0.03125 0.03125
0 0.80078125 0.9150390625 0.03125 0.025390625
0 0.9453125 0.912109375 0.03125 0.02734375
0 0.875 0.9111328125 0.02734375 0.025390625
0 0.3701171875 0.916015625 0.029296875 0.03515625
0 0.509765625 0.9091796875 0.03125 0.029296875
0 0.2021484375 0.9013671875 0.025390625 0.017578125
0 0.9951171875 0.89453125 0.009765625 0.01953125
0 0.3896484375 0.90234375 0.029296875 0.03515625
0 0.724609375 0.896484375 0.03125 0.02734375
0 0.2666015625 0.8935546875 0.025390625 0.029296875
0 0.9375 0.888671875 0.03125 0.0234375
0 0.830078125 0.8837890625 0.01953125 0.013671875
0 0.79296875 0.888671875 0.02734375 0.0234375
0 0.869140625 0.8857421875 0.02734375 0.021484375
0 0.4140625 0.8876953125 0.03125 0.037109375
0 0.5 0.880859375 0.03125 0.02734375
0 0.5703125 0.87890625 0.03515625 0.03125
0 0.4384765625 0.8818359375 0.029296875 0.041015625
0 0.2001953125 0.8740234375 0.025390625 0.025390625
0 0.7802734375 0.8681640625 0.025390625 0.021484375
0 0.9892578125 0.8671875 0.021484375 0.0234375
0 0.7138671875 0.865234375 0.025390625 0.0234375
0 0.9287109375 0.8642578125 0.033203125 0.025390625
0 0.861328125 0.86328125 0.02734375 0.0234375
0 0.2998046875 0.87109375 0.033203125 0.04296875
0 0.326171875 0.859375 0.02734375 0.02734375
0 0.771484375 0.8486328125 0.03125 0.025390625
0 0.8447265625 0.8447265625 0.033203125 0.025390625
0 0.546875 0.8408203125 0.015625 0.017578125
0 0.359375 0.8466796875 0.03125 0.029296875
0 0.9853515625 0.84375 0.029296875 0.02734375
0 0.4873046875 0.8447265625 0.037109375 0.033203125
0 0.919921875 0.83984375 0.02734375 0.02734375
0 0.70703125 0.837890625 0.0234375 0.0234375
0 0.1552734375 0.83203125 0.017578125 0.015625
0 0.6484375 0.8369140625 0.03125 0.033203125
0 0.1904296875 0.826171875 0.025390625 0.0234375
0 0.978515625 0.8193359375 0.03125 0.025390625
0 0.841796875 0.818359375 0.03515625 0.0234375
0 0.7578125 0.8173828125 0.02734375 0.021484375
0 0.2529296875 0.8173828125 0.029296875 0.021484375
0 0.3935546875 0.8212890625 0.041015625 0.041015625
0 0.912109375 0.810546875 0.03515625 0.02734375
0 0.556640625 0.80859375 0.03125 0.0390625
0 0.9501953125 0.794921875 0.017578125 0.015625
0 0.69140625 0.806640625 0.03125 0.0390625
0 0.6142578125 0.7998046875 0.033203125 0.025390625
0 0.181640625 0.798828125 0.01953125 0.0234375
0 0.2470703125 0.7958984375 0.033203125 0.021484375
0 0.4482421875 0.796875 0.029296875 0.02734375
0 0.8271484375 0.7919921875 0.037109375 0.025390625
0 0.78125 0.7880859375 0.01953125 0.017578125
0 0.3525390625 0.7978515625 0.041015625 0.041015625
0 0.9033203125 0.7861328125 0.033203125 0.025390625
0 0.7509765625 0.7841796875 0.037109375 0.025390625
0 0.333984375 0.7822265625 0.03125 0.029296875
0 0.2705078125 0.7783203125 0.017578125 0.021484375
0 0.673828125 0.77734375 0.03515625 0.0234375
0 0.4306640625 0.775390625 0.037109375 0.03515625
0 0.1728515625 0.76953125 0.021484375 0.0234375
0 0.08203125 0.787109375 0.05859375 0.05859375
0 0.9638671875 0.765625 0.029296875 0.0234375
0 0.734375 0.763671875 0.0234375 0.0234375
0 0.59375 0.765625 0.03125 0.02734375
0 0.2431640625 0.763671875 0.033203125 0.03125
0 0.509765625 0.763671875 0.05078125 0.03515625
0 0.3076171875 0.7666015625 0.037109375 0.041015625
0 0.4130859375 0.7548828125 0.033203125 0.033203125
0 0.611328125 0.7490234375 0.02734375 0.033203125
0 0.166015625 0.744140625 0.01953125 0.0234375
0 0.88671875 0.7412109375 0.02734375 0.025390625
0 0.8154296875 0.7451171875 0.025390625 0.037109375
0 0.2978515625 0.740234375 0.025390625 0.02734375
0 0.9970703125 0.7314453125 0.005859375 0.013671875
0 0.2392578125 0.734375 0.029296875 0.01953125
0 0.134765625 0.7353515625 0.01953125 0.021484375
0 0.3876953125 0.7373046875 0.033203125 0.033203125
0 0.7294921875 0.732421875 0.033203125 0.03125
0 0.6279296875 0.7275390625 0.021484375 0.021484375
0 0.4150390625 0.7255859375 0.021484375 0.021484375
0 0.947265625 0.716796875 0.0234375 0.01953125
0 0.4833984375 0.72265625 0.037109375 0.03515625
0 0.5556640625 0.7138671875 0.025390625 0.025390625
0 0.3662109375 0.716796875 0.029296875 0.03125
0 0.15234375 0.7138671875 0.03125 0.029296875
0 0.8798828125 0.708984375 0.033203125 0.02734375
0 0.6552734375 0.7177734375 0.041015625 0.044921875
0 0.720703125 0.7060546875 0.03125 0.025390625
0 0.7998046875 0.6982421875 0.017578125 0.021484375
0 0.5732421875 0.7001953125 0.025390625 0.025390625
0 0.3408203125 0.6962890625 0.029296875 0.025390625
0 0.2451171875 0.6943359375 0.033203125 0.025390625
0 0.5263671875 0.685546875 0.025390625 0.02734375
0 0.4384765625 0.6865234375 0.029296875 0.029296875
0 0.716796875 0.68359375 0.03515625 0.02734375
0 0.58984375 0.6767578125 0.03125 0.029296875
0 0.3232421875 0.6767578125 0.029296875 0.029296875
0 0.9912109375 0.673828125 0.017578125 0.02734375
0 0.931640625 0.6728515625 0.02734375 0.025390625
0 0.859375 0.671875 0.02734375 0.0234375
0 0.228515625 0.6748046875 0.02734375 0.029296875
0 0.787109375 0.662109375 0.01953125 0.0234375
0 0.705078125 0.6611328125 0.02734375 0.025390625
0 0.416015625 0.6650390625 0.03125 0.033203125
0 0.345703125 0.6591796875 0.01953125 0.021484375
0 0.607421875 0.6591796875 0.0234375 0.025390625
0 0.498046875 0.66015625 0.02734375 0.02734375
0 0.2978515625 0.6552734375 0.025390625 0.029296875
0 0.8525390625 0.650390625 0.025390625 0.0234375
0 0.390625 0.646484375 0.03125 0.03125
0 0.3251953125 0.6396484375 0.021484375 0.017578125
0 0.7001953125 0.6357421875 0.029296875 0.021484375
0 0.9111328125 0.62890625 0.029296875 0.01953125
0 0.57421875 0.630859375 0.02734375 0.02734375
0 0.4775390625 0.6337890625 0.029296875 0.033203125
0 0.9765625 0.62890625 0.0234375 0.02734375
0 0.373046875 0.623046875 0.0234375 0.0234375
0 0.6884765625 0.6162109375 0.029296875 0.021484375
0 0.7705078125 0.615234375 0.029296875 0.0234375
0 0.634765625 0.6162109375 0.0234375 0.025390625
0 0.55078125 0.611328125 0.02734375 0.02734375
0 0.8359375 0.6025390625 0.02734375 0.021484375
0 0.255859375 0.6123046875 0.03515625 0.041015625
0 0.4384765625 0.6015625 0.025390625 0.02734375
0 0.759765625 0.587890625 0.03125 0.0234375
0 0.6787109375 0.58984375 0.029296875 0.02734375
0 0.525390625 0.5908203125 0.02734375 0.029296875
0 0.958984375 0.5869140625 0.0234375 0.029296875
0 0.337890625 0.5888671875 0.04296875 0.041015625
0 0.998046875 0.568359375 0.00390625 0.0078125
0 0.59375 0.5771484375 0.02734375 0.025390625
0 0.228515625 0.5810546875 0.03515625 0.033203125
0 0.8896484375 0.5771484375 0.029296875 0.029296875
0 0.822265625 0.5751953125 0.01953125 0.025390625
0 0.5048828125 0.5703125 0.021484375 0.01953125
0 0.400390625 0.5693359375 0.02734375 0.025390625
0 0.669921875 0.5634765625 0.03125 0.025390625
0 0.2041015625 0.564453125 0.037109375 0.03125
0 0.5732421875 0.5546875 0.025390625 0.0234375
0 0.287109375 0.546875 0.03125 0.03125
0 0.4697265625 0.5400390625 0.025390625 0.025390625
0 0.7314453125 0.5380859375 0.029296875 0.025390625
0 0.548828125 0.5341796875 0.0234375 0.021484375
0 0.3603515625 0.5302734375 0.025390625 0.025390625
0 0.98828125 0.53125 0.0234375 0.03125
0 0.658203125 0.529296875 0.03125 0.02734375
0 0.2607421875 0.52734375 0.033203125 0.03125
0 0.447265625 0.5224609375 0.0234375 0.025390625
0 0.9345703125 0.5205078125 0.025390625 0.033203125
0 0.72265625 0.509765625 0.01953125 0.02734375
0 0.646484375 0.5048828125 0.0234375 0.025390625
0 0.5869140625 0.5 0.025390625 0.0234375
0 0.5087890625 0.4912109375 0.029296875 0.029296875
0 0.41015625 0.4892578125 0.0234375 0.025390625
0 0.3125 0.48828125 0.0234375 0.02734375
0 0.63671875 0.4775390625 0.0234375 0.021484375
0 0.705078125 0.47265625 0.01953125 0.0234375
0 0.4892578125 0.470703125 0.025390625 0.0234375
0 0.3896484375 0.4716796875 0.025390625 0.025390625
0 0.337890625 0.4697265625 0.0234375 0.021484375
0 0.9677734375 0.474609375 0.033203125 0.0390625
0 0.23046875 0.4638671875 0.03515625 0.029296875
0 0.6298828125 0.45703125 0.025390625 0.0234375
0 0.37109375 0.458984375 0.02734375 0.02734375
0 0.4677734375 0.4521484375 0.025390625 0.025390625
0 0.5673828125 0.4482421875 0.021484375 0.029296875
0 0.6220703125 0.435546875 0.021484375 0.0234375
0 0.4453125 0.435546875 0.02734375 0.02734375
0 0.2646484375 0.4365234375 0.033203125 0.033203125
0 0.5517578125 0.419921875 0.029296875 0.0234375
0 0.423828125 0.4189453125 0.0234375 0.021484375
0 0.6796875 0.421875 0.0234375 0.03515625
0 0.29296875 0.419921875 0.02734375 0.03515625
0 0.451171875 0.40625 0.01953125 0.0234375
0 0.3203125 0.4052734375 0.03125 0.037109375
0 0.4716796875 0.3955078125 0.021484375 0.021484375
0 0.50390625 0.384765625 0.0234375 0.0234375
0 0.3466796875 0.390625 0.029296875 0.03515625
0 0.6142578125 0.3828125 0.021484375 0.0234375
0 0.369140625 0.3779296875 0.02734375 0.033203125
0 0.5419921875 0.3837890625 0.033203125 0.056640625
0 0.396484375 0.3671875 0.0234375 0.02734375
0 0.6201171875 0.353515625 0.017578125 0.01171875
0 0.5927734375 0.3427734375 0.033203125 0.025390625
0 0.4228515625 0.34765625 0.029296875 0.03515625
0 0.451171875 0.3369140625 0.02734375 0.037109375
0 0.478515625 0.32421875 0.02734375 0.03515625
0 0.505859375 0.310546875 0.02734375 0.03125
0 0.53125 0.2998046875 0.0234375 0.029296875
0 0.5546875 0.2919921875 0.0234375 0.021484375
0 0.2431640625 0.1611328125 0.216796875 0.169921875
0 0.46875 0.103515625 0.21875 0.1953125
0 0.8193359375 0.048828125 0.130859375 0.09765625
0 0.0576171875 0.056640625 0.115234375 0.11328125