0 0.021484375 0.9775390625 0.04296875 0.044921875
0 0.2275390625 0.9111328125 0.322265625 0.177734375
0 0.029296875 0.865234375 0.03515625 0.08984375
0 0.009765625 0.765625 0.01953125 0.01953125
0 0.0087890625 0.724609375 0.017578125 0.015625
0 0.0146484375 0.70703125 0.029296875 0.01953125
0 0.01953125 0.6884765625 0.03515625 0.025390625
0 0.30859375 0.6708984375 0.0625 0.060546875
0 0.4443359375 0.7080078125 0.185546875 0.166015625
0 0.2158203125 0.6328125 0.134765625 0.1015625
0 0.0517578125 0.5986328125 0.041015625 0.052734375
0 0.0546875 0.556640625 0.03515625 0.02734375
0 0.0078125 0.548828125 0.015625 0.03125
0 0.0693359375 0.513671875 0.037109375 0.03125
0 0.4697265625 0.560546875 0.103515625 0.1328125
0 0.0166015625 0.4912109375 0.033203125 0.041015625
0 0.078125 0.482421875 0.0390625 0.03125
0 0.0869140625 0.447265625 0.041015625 0.02734375
0 0.7607421875 0.4775390625 0.052734375 0.103515625
0 0.09375 0.4189453125 0.0390625 0.029296875
0 0.68359375 0.416015625 0.078125 0.04296875
0 0.037109375 0.4111328125 0.03515625 0.041015625
0 0.0087890625 0.4052734375 0.017578125 0.041015625
0 0.1376953125 0.375 0.048828125 0.0390625
0 0.490234375 0.416015625 0.12109375 0.1328125
0 0.1005859375 0.365234375 0.025390625 0.03515625
0 0.0517578125 0.34765625 0.037109375 0.04296875
0 0.12109375 0.3310546875 0.03515625 0.025390625
0 0.017578125 0.3369140625 0.03515625 0.041015625
0 0.361328125 0.3701171875 0.10546875 0.115234375
0 0.12109375 0.291015625 0.03125 0.05078125
0 0.0791015625 0.2744140625 0.029296875 0.033203125
0 0.0068359375 0.2548828125 0.013671875 0.037109375
0 0.0791015625 0.220703125 0.017578125 0.015625
0 0.0595703125 0.2001953125 0.029296875 0.025390625
0 0.017578125 0.19140625 0.0234375 0.03125
0 0.00390625 0.1845703125 0.0078125 0.025390625
0 0.947265625 0.2109375 0.0859375 0.0859375
0 0.783203125 0.1708984375 0.0859375 0.083984375
0 0.2197265625 0.1982421875 0.142578125 0.162109375
0 0.4892578125 0.1962890625 0.224609375 0.189453125
0 0.162109375 0.10546875 0.09375 0.0859375
0 0.3193359375 0.12109375 0.080078125 0.1328125
0 0.9931640625 0.06640625 0.013671875 0.046875
0 0.57421875 0.0712890625 0.06640625 0.091796875
0 0.896484375 0.0439453125 0.05859375 0.056640625
0 0.7890625 0.021484375 0.0546875 0.04296875
0 0.384765625 0.02734375 0.08984375 0.0546875