0 0.0302734375 0.994140625 0.021484375 0.01171875
0 0.0029296875 0.96875 0.005859375 0.0078125
0 0.2353515625 0.9814453125 0.037109375 0.037109375
0 0.3564453125 0.9775390625 0.056640625 0.044921875
0 0.5634765625 0.96484375 0.134765625 0.0703125
0 0.015625 0.939453125 0.03125 0.05078125
0 0.2861328125 0.908203125 0.056640625 0.05859375
0 0.1279296875 0.9345703125 0.181640625 0.130859375
0 0.0048828125 0.8486328125 0.009765625 0.017578125
0 0.0546875 0.8798828125 0.109375 0.111328125
0 0.21484375 0.814453125 0.0234375 0.02734375
0 0.044921875 0.8173828125 0.03125 0.037109375
0 0.013671875 0.814453125 0.02734375 0.05078125
0 0.0244140625 0.7880859375 0.041015625 0.037109375
0 0.49609375 0.7255859375 0.140625 0.158203125
0 0.0927734375 0.744140625 0.185546875 0.19921875
0 0.537109375 0.490234375 0.03125 0.03515625
0 0.951171875 0.53515625 0.09765625 0.12890625
0 0.22265625 0.2568359375 0.0625 0.060546875
0 0.3330078125 0.1806640625 0.048828125 0.044921875
0 0.7607421875 0.203125 0.244140625 0.2421875
0 0.6845703125 0.10546875 0.064453125 0.08203125
0 0.001953125 0.0380859375 0.00390625 0.005859375
0 0.73828125 0.0341796875 0.11328125 0.068359375
0 0.3935546875 0.0791015625 0.146484375 0.158203125
0 0.0185546875 0.0166015625 0.037109375 0.033203125