0 0.96484375 0.998046875 0.0078125 0.00390625
0 0.7333984375 0.998046875 0.009765625 0.00390625
0 0.80078125 0.9970703125 0.01171875 0.005859375
0 0.517578125 0.994140625 0.01953125 0.01171875
0 0.6064453125 0.9912109375 0.021484375 0.017578125
0 0.0185546875 0.9912109375 0.025390625 0.017578125
0 0.8876953125 0.9892578125 0.029296875 0.021484375
0 0.7490234375 0.986328125 0.021484375 0.01953125
0 0.2392578125 0.98828125 0.025390625 0.0234375
0 0.4951171875 0.974609375 0.025390625 0.0234375
0 0.376953125 0.9775390625 0.03515625 0.041015625
0 0.6298828125 0.9677734375 0.025390625 0.025390625
0 0.94140625 0.962890625 0.02734375 0.0234375
0 0.2119140625 0.9619140625 0.029296875 0.025390625
0 0.0712890625 0.966796875 0.033203125 0.0390625
0 0.4716796875 0.94921875 0.025390625 0.0234375
0 0.568359375 0.947265625 0.0234375 0.0234375
0 0.30078125 0.94140625 0.02734375 0.0234375
0 0.0888671875 0.939453125 0.025390625 0.0234375
0 0.1962890625 0.939453125 0.025390625 0.02734375
0 0.009765625 0.9404296875 0.01953125 0.029296875
0 0.640625 0.935546875 0.0234375 0.0234375
0 0.5478515625 0.9296875 0.017578125 0.015625
0 0.4423828125 0.9267578125 0.029296875 0.033203125
0 0.2841796875 0.919921875 0.021484375 0.02734375
0 0.8603515625 0.9150390625 0.025390625 0.021484375
0 0.9130859375 0.9140625 0.029296875 0.03125
0 0.1748046875 0.912109375 0.033203125 0.03125
0 0.11328125 0.9072265625 0.03125 0.029296875
0 0.4111328125 0.90234375 0.029296875 0.03125
0 0.580078125 0.900390625 0.03515625 0.03515625
0 0.5224609375 0.900390625 0.029296875 0.03515625
0 0.2431640625 0.900390625 0.029296875 0.03515625
0 0.994140625 0.8974609375 0.01171875 0.044921875
0 0.6025390625 0.876953125 0.025390625 0.0234375
0 0.044921875 0.8779296875 0.01953125 0.029296875
0 0.1376953125 0.8720703125 0.029296875 0.025390625
0 0.498046875 0.875 0.04296875 0.04296875
0 0.3896484375 0.8662109375 0.029296875 0.029296875
0 0.2080078125 0.861328125 0.029296875 0.02734375
0 0.4619140625 0.859375 0.029296875 0.02734375
0 0.072265625 0.845703125 0.03125 0.03125
0 0.3623046875 0.8388671875 0.025390625 0.025390625
0 0.18359375 0.8330078125 0.015625 0.017578125
0 0.998046875 0.8271484375 0.00390625 0.009765625
0 0.43359375 0.8271484375 0.0234375 0.025390625
0 0.998046875 0.810546875 0.00390625 0.0078125
0 0.8828125 0.8271484375 0.04296875 0.048828125
0 0.103515625 0.814453125 0.02734375 0.03125
0 0.3271484375 0.8173828125 0.041015625 0.041015625
0 0.1845703125 0.80859375 0.029296875 0.02734375
0 0.4052734375 0.80078125 0.025390625 0.0234375
0 0.94140625 0.7919921875 0.03515625 0.021484375
0 0.3037109375 0.783203125 0.021484375 0.0234375
0 0.201171875 0.7841796875 0.02734375 0.033203125
0 0.376953125 0.7744140625 0.01953125 0.021484375
0 0.08984375 0.7607421875 0.03515625 0.033203125
0 0.2744140625 0.7548828125 0.033203125 0.041015625
0 0.1376953125 0.7490234375 0.029296875 0.033203125
0 0.2392578125 0.7333984375 0.033203125 0.029296875
0 0.921875 0.7275390625 0.0234375 0.021484375
0 0.3330078125 0.728515625 0.029296875 0.02734375
0 0.1591796875 0.712890625 0.033203125 0.03125
0 0.9619140625 0.7099609375 0.052734375 0.041015625
0 0.30859375 0.6962890625 0.03125 0.029296875
0 0.08984375 0.6884765625 0.0234375 0.017578125
0 0.7705078125 0.783203125 0.166015625 0.21484375
0 0.193359375 0.6875 0.02734375 0.03125
0 0.91015625 0.673828125 0.03125 0.02734375
0 0.275390625 0.6708984375 0.02734375 0.029296875
0 0.6123046875 0.7255859375 0.162109375 0.162109375
0 0.9931640625 0.5947265625 0.013671875 0.037109375
0 0.95703125 0.59375 0.0234375 0.03515625
0 0.9267578125 0.58984375 0.025390625 0.03515625
0 0.89453125 0.5888671875 0.0234375 0.033203125
0 0.86328125 0.5849609375 0.0234375 0.033203125
0 0.671875 0.568359375 0.03515625 0.02734375
0 0.8359375 0.51953125 0.03125 0.0234375
0 0.6318359375 0.525390625 0.033203125 0.0390625
0 0.728515625 0.5048828125 0.02734375 0.029296875
0 0.5732421875 0.4716796875 0.029296875 0.029296875
0 0.689453125 0.466796875 0.03125 0.0390625
0 0.859375 0.4345703125 0.02734375 0.021484375
0 0.8037109375 0.4345703125 0.017578125 0.021484375
0 0.30859375 0.421875 0.015625 0.015625
0 0.8564453125 0.3994140625 0.025390625 0.013671875
0 0.5595703125 0.40625 0.025390625 0.0390625
0 0.677734375 0.4033203125 0.0390625 0.041015625
0 0.2734375 0.380859375 0.0234375 0.02734375
0 0.8447265625 0.3642578125 0.029296875 0.021484375
0 0.6279296875 0.36328125 0.052734375 0.0234375
0 0.7900390625 0.3505859375 0.033203125 0.029296875
0 0.2978515625 0.326171875 0.029296875 0.0234375
0 0.7490234375 0.271484375 0.029296875 0.0234375
0 0.70703125 0.2509765625 0.0234375 0.025390625
0 0.6025390625 0.2451171875 0.029296875 0.029296875
0 0.6513671875 0.236328125 0.033203125 0.03125