0 0.24609375 0.994140625 0.0234375 0.01171875
0 0.33984375 0.9912109375 0.03125 0.017578125
0 0.0048828125 0.990234375 0.009765625 0.015625
0 0.4794921875 0.98828125 0.029296875 0.0234375
0 0.0615234375 0.9873046875 0.029296875 0.025390625
0 0.2275390625 0.982421875 0.029296875 0.02734375
0 0.1298828125 0.984375 0.041015625 0.03125
0 0.32421875 0.98046875 0.03515625 0.03125
0 0.7841796875 0.98046875 0.041015625 0.03515625
0 0.4541015625 0.9677734375 0.029296875 0.025390625
0 0.3056640625 0.96484375 0.025390625 0.0234375
0 0.9423828125 0.966796875 0.037109375 0.0390625
0 0.212890625 0.962890625 0.04296875 0.0390625
0 0.4267578125 0.951171875 0.029296875 0.0234375
0 0.013671875 0.9462890625 0.01953125 0.021484375
0 0.84375 0.951171875 0.03125 0.0390625
0 0.7001953125 0.94921875 0.033203125 0.03515625
0 0.7578125 0.9423828125 0.03125 0.025390625
0 0.3994140625 0.9375 0.029296875 0.0234375
0 0.1181640625 0.9384765625 0.033203125 0.033203125
0 0.3232421875 0.9365234375 0.033203125 0.033203125
0 0.0400390625 0.9345703125 0.029296875 0.029296875
0 0.1904296875 0.9326171875 0.029296875 0.029296875
0 0.375 0.921875 0.02734375 0.02734375
0 0.2939453125 0.912109375 0.017578125 0.01953125
0 0.814453125 0.9150390625 0.03125 0.033203125
0 0.7490234375 0.9140625 0.025390625 0.03125
0 0.0029296875 0.8935546875 0.005859375 0.009765625
0 0.3427734375 0.9033203125 0.041015625 0.033203125
0 0.4443359375 0.892578125 0.025390625 0.02734375
0 0.1650390625 0.9033203125 0.048828125 0.048828125
0 0.7353515625 0.88671875 0.025390625 0.02734375
0 0.41796875 0.8798828125 0.02734375 0.021484375
0 0.25390625 0.8984375 0.05078125 0.0625
0 0.671875 0.8818359375 0.0390625 0.033203125
0 0.93359375 0.8740234375 0.0390625 0.029296875
0 0.3896484375 0.865234375 0.025390625 0.0234375
0 0.7216796875 0.8603515625 0.025390625 0.025390625
0 0.06640625 0.876953125 0.05078125 0.06640625
0 0.365234375 0.8525390625 0.0234375 0.021484375
0 0.8857421875 0.8505859375 0.037109375 0.029296875
0 0.65625 0.84375 0.03515625 0.03515625
0 0.33984375 0.8369140625 0.02734375 0.021484375
0 0.0224609375 0.8388671875 0.029296875 0.029296875
0 0.1220703125 0.8359375 0.025390625 0.02734375
0 0.0029296875 0.814453125 0.005859375 0.01171875
0 0.3115234375 0.822265625 0.029296875 0.03515625
0 0.28125 0.810546875 0.0234375 0.02734375
0 0.7763671875 0.8095703125 0.044921875 0.029296875
0 0.25390625 0.8037109375 0.02734375 0.021484375
0 0.080078125 0.8076171875 0.03515625 0.029296875
0 0.5771484375 0.7939453125 0.033203125 0.025390625
0 0.9853515625 0.8037109375 0.029296875 0.064453125
0 0.2080078125 0.7841796875 0.021484375 0.025390625
0 0.0498046875 0.78515625 0.033203125 0.03125
0 0.77734375 0.775390625 0.015625 0.01953125
0 0.9541015625 0.7724609375 0.029296875 0.025390625
0 0.923828125 0.7666015625 0.03125 0.029296875
0 0.357421875 0.77734375 0.05078125 0.0625
0 0.0302734375 0.759765625 0.029296875 0.03125
0 0.89453125 0.755859375 0.02734375 0.03125
0 0.1201171875 0.7421875 0.048828125 0.03515625
0 0.8671875 0.73828125 0.0234375 0.03125
0 0.01171875 0.7412109375 0.0234375 0.041015625
0 0.8427734375 0.734375 0.033203125 0.0390625
0 0.810546875 0.736328125 0.03125 0.04296875
0 0.0634765625 0.7109375 0.025390625 0.02734375
0 0.7861328125 0.712890625 0.029296875 0.03515625
0 0.986328125 0.7099609375 0.02734375 0.033203125
0 0.7607421875 0.703125 0.025390625 0.03125
0 0.9619140625 0.7001953125 0.025390625 0.029296875
0 0.935546875 0.693359375 0.0234375 0.02734375
0 0.2626953125 0.703125 0.056640625 0.046875
0 0.0400390625 0.6953125 0.029296875 0.03515625
0 0.318359375 0.6845703125 0.01953125 0.021484375
0 0.12109375 0.6884765625 0.0625 0.041015625
0 0.904296875 0.6787109375 0.03125 0.037109375
0 0.013671875 0.66796875 0.02734375 0.02734375
0 0.27734375 0.6689453125 0.05078125 0.037109375
0 0.84375 0.66015625 0.02734375 0.0390625
0 0.2314453125 0.673828125 0.041015625 0.06640625
0 0.873046875 0.6572265625 0.02734375 0.041015625
0 0.005859375 0.6435546875 0.01171875 0.021484375
0 0.91015625 0.6357421875 0.0234375 0.017578125
0 0.826171875 0.6435546875 0.03125 0.033203125
0 0.7998046875 0.6396484375 0.021484375 0.025390625
0 0.6337890625 0.7041015625 0.158203125 0.166015625
0 0.2080078125 0.6318359375 0.037109375 0.029296875
0 0.8603515625 0.625 0.025390625 0.01953125
0 0.736328125 0.6162109375 0.03515625 0.033203125
0 0.1328125 0.623046875 0.04296875 0.046875
0 0.98828125 0.6123046875 0.0234375 0.037109375
0 0.2783203125 0.609375 0.037109375 0.03125
0 0.7861328125 0.6005859375 0.025390625 0.017578125
0 0.0078125 0.6044921875 0.015625 0.029296875
0 0.96875 0.6064453125 0.02734375 0.037109375
0 0.6982421875 0.6015625 0.033203125 0.02734375
0 0.9453125 0.6015625 0.02734375 0.0390625
0 0.5009765625 0.5986328125 0.029296875 0.033203125
0 0.4697265625 0.591796875 0.025390625 0.03515625
0 0.912109375 0.5849609375 0.03515625 0.029296875
0 0.6494140625 0.5830078125 0.037109375 0.029296875
0 0.0830078125 0.580078125 0.033203125 0.03515625
0 0.4375 0.572265625 0.0234375 0.03125
0 0.056640625 0.5703125 0.03125 0.03515625
0 0.884765625 0.5634765625 0.0234375 0.025390625
0 0.4130859375 0.5615234375 0.025390625 0.021484375
0 0.853515625 0.564453125 0.0234375 0.03125
0 0.8271484375 0.556640625 0.025390625 0.03125
0 0.798828125 0.548828125 0.02734375 0.03515625
0 0.5478515625 0.5478515625 0.029296875 0.041015625
0 0.5224609375 0.5400390625 0.021484375 0.025390625
0 0.2060546875 0.5361328125 0.029296875 0.021484375
0 0.990234375 0.5419921875 0.01953125 0.037109375
0 0.775390625 0.541015625 0.02734375 0.03515625
0 0.5732421875 0.53125 0.017578125 0.01953125
0 0.748046875 0.5302734375 0.02734375 0.033203125
0 0.49609375 0.5302734375 0.0234375 0.033203125
0 0.0068359375 0.5263671875 0.013671875 0.025390625
0 0.9697265625 0.529296875 0.025390625 0.03515625
0 0.7197265625 0.513671875 0.021484375 0.01953125
0 0.94140625 0.51953125 0.03125 0.03515625
0 0.693359375 0.5087890625 0.02734375 0.033203125
0 0.4033203125 0.501953125 0.033203125 0.0234375
0 0.91015625 0.5068359375 0.03125 0.037109375
0 0.8759765625 0.498046875 0.029296875 0.02734375
0 0.5419921875 0.4912109375 0.029296875 0.029296875
0 0.4931640625 0.4931640625 0.044921875 0.037109375
0 0.0654296875 0.494140625 0.033203125 0.0390625
0 0.8388671875 0.4853515625 0.033203125 0.025390625
0 0.5771484375 0.4794921875 0.025390625 0.029296875
0 0.1435546875 0.4794921875 0.041015625 0.029296875
0 0.8056640625 0.474609375 0.021484375 0.0234375
0 0.609375 0.47265625 0.03515625 0.0234375
0 0.21875 0.4736328125 0.01953125 0.029296875
0 0.0478515625 0.4716796875 0.029296875 0.029296875
0 0.9892578125 0.4609375 0.021484375 0.03125
0 0.021484375 0.45703125 0.02734375 0.02734375
0 0.125 0.4521484375 0.01953125 0.021484375
0 0.7529296875 0.44921875 0.041015625 0.03125
0 0.4140625 0.443359375 0.01953125 0.0234375
0 0.3623046875 0.4462890625 0.021484375 0.029296875
0 0.958984375 0.439453125 0.0234375 0.0234375
0 0.46484375 0.4365234375 0.015625 0.021484375
0 0.388671875 0.44140625 0.01953125 0.03125
0 0.103515625 0.4453125 0.03515625 0.0390625
0 0.810546875 0.44140625 0.02734375 0.03515625
0 0.8408203125 0.431640625 0.033203125 0.0234375
0 0.0166015625 0.43359375 0.033203125 0.02734375
0 0.2197265625 0.4287109375 0.029296875 0.021484375
0 0.8740234375 0.4267578125 0.029296875 0.025390625
0 0.359375 0.421875 0.015625 0.015625
0 0.9248046875 0.4326171875 0.029296875 0.041015625
0 0.4912109375 0.4267578125 0.021484375 0.029296875
0 0.9052734375 0.4169921875 0.025390625 0.021484375
0 0.0830078125 0.423828125 0.033203125 0.03515625
0 0.4619140625 0.404296875 0.013671875 0.015625
0 0.0595703125 0.4072265625 0.029296875 0.033203125
0 0.6484375 0.4033203125 0.0234375 0.029296875
0 0.150390625 0.39453125 0.01953125 0.0234375
0 0.6767578125 0.390625 0.029296875 0.02734375
0 0.58203125 0.388671875 0.03125 0.03515625
0 0.39453125 0.3857421875 0.0234375 0.029296875
0 0.78125 0.37890625 0.03515625 0.0234375
0 0.0361328125 0.376953125 0.025390625 0.02734375
0 0.3701171875 0.3798828125 0.025390625 0.037109375
0 0.736328125 0.376953125 0.04296875 0.03515625
0 0.53515625 0.376953125 0.03125 0.03515625
0 0.337890625 0.3701171875 0.046875 0.044921875
0 0.017578125 0.359375 0.02734375 0.02734375
0 0.482421875 0.359375 0.0234375 0.03125
0 0.14453125 0.3505859375 0.02734375 0.017578125
0 0.9482421875 0.345703125 0.021484375 0.01953125
0 0.9189453125 0.3486328125 0.025390625 0.025390625
0 0.974609375 0.341796875 0.01953125 0.01953125
0 0.9951171875 0.3388671875 0.009765625 0.021484375
0 0.8828125 0.341796875 0.02734375 0.03515625
0 0.6884765625 0.3388671875 0.033203125 0.029296875
0 0.0068359375 0.3349609375 0.013671875 0.021484375
0 0.087890625 0.3408203125 0.0390625 0.037109375
0 0.6474609375 0.3359375 0.021484375 0.03515625
0 0.8583984375 0.3359375 0.025390625 0.0390625
0 0.8359375 0.326171875 0.02734375 0.03515625
0 0.40625 0.32421875 0.046875 0.046875
0 0.6171875 0.3193359375 0.04296875 0.041015625
0 0.7880859375 0.3095703125 0.021484375 0.025390625
0 0.1318359375 0.3095703125 0.025390625 0.025390625
0 0.80859375 0.3125 0.0234375 0.03515625
0 0.45703125 0.330078125 0.04296875 0.07421875
0 0.359375 0.3115234375 0.046875 0.037109375
0 0.765625 0.302734375 0.0234375 0.02734375
0 0.0517578125 0.30078125 0.033203125 0.03125
0 0.986328125 0.294921875 0.02734375 0.03125
0 0.7421875 0.2958984375 0.02734375 0.033203125
0 0.5634765625 0.294921875 0.025390625 0.03515625
0 0.541015625 0.287109375 0.01953125 0.0234375
0 0.033203125 0.2802734375 0.0234375 0.021484375
0 0.9453125 0.279296875 0.03515625 0.0234375
0 0.3310546875 0.2802734375 0.025390625 0.029296875
0 0.5205078125 0.279296875 0.025390625 0.03515625
0 0.10546875 0.267578125 0.03125 0.02734375
0 0.912109375 0.2646484375 0.02734375 0.025390625
0 0.4814453125 0.2646484375 0.044921875 0.033203125
0 0.8857421875 0.259765625 0.025390625 0.03125
0 0.7138671875 0.2578125 0.037109375 0.03125
0 0.6259765625 0.251953125 0.025390625 0.03125
0 0.021484375 0.25 0.02734375 0.02734375
0 0.865234375 0.2509765625 0.02734375 0.033203125
0 0.662109375 0.24609375 0.03125 0.0234375
0 0.447265625 0.251953125 0.0234375 0.03515625
0 0.087890625 0.2470703125 0.03515625 0.033203125
0 0.8193359375 0.2333984375 0.025390625 0.037109375
0 0.0126953125 0.228515625 0.025390625 0.02734375
0 0.9921875 0.2265625 0.015625 0.02734375
0 0.58203125 0.23046875 0.02734375 0.03515625
0 0.0810546875 0.224609375 0.029296875 0.0234375
0 0.390625 0.232421875 0.046875 0.046875
0 0.7958984375 0.2255859375 0.025390625 0.037109375
0 0.974609375 0.21875 0.0234375 0.02734375
0 0.5576171875 0.22265625 0.025390625 0.03515625
0 0.525390625 0.21484375 0.04296875 0.02734375
0 0.00390625 0.20703125 0.0078125 0.015625
0 0.3544921875 0.212890625 0.025390625 0.03125
0 0.9541015625 0.2109375 0.025390625 0.03125
0 0.7607421875 0.2109375 0.044921875 0.03515625
0 0.3115234375 0.203125 0.025390625 0.03125
0 0.0634765625 0.201171875 0.033203125 0.02734375
0 0.4921875 0.1962890625 0.02734375 0.033203125
0 0.7080078125 0.19140625 0.029296875 0.02734375
0 0.90625 0.19140625 0.02734375 0.03515625
0 0.455078125 0.1904296875 0.0390625 0.037109375
0 0.884765625 0.1826171875 0.0234375 0.025390625
0 0.138671875 0.1845703125 0.02734375 0.033203125
0 0.0546875 0.173828125 0.0234375 0.0234375
0 0.423828125 0.1767578125 0.0234375 0.033203125
0 0.3984375 0.1708984375 0.0234375 0.025390625
0 0.6689453125 0.1689453125 0.029296875 0.025390625
0 0.8642578125 0.1708984375 0.025390625 0.033203125
0 0.984375 0.166015625 0.03125 0.02734375
0 0.8310546875 0.1630859375 0.048828125 0.037109375
0 0.123046875 0.158203125 0.0234375 0.02734375
0 0.0400390625 0.1552734375 0.033203125 0.029296875
0 0.6142578125 0.1484375 0.025390625 0.0234375
0 0.587890625 0.150390625 0.02734375 0.03515625
0 0.330078125 0.1474609375 0.02734375 0.029296875
0 0.9853515625 0.1376953125 0.029296875 0.025390625
0 0.3642578125 0.1513671875 0.041015625 0.052734375
0 0.91796875 0.13671875 0.03515625 0.02734375
0 0.568359375 0.1357421875 0.0234375 0.029296875
0 0.77734375 0.134765625 0.02734375 0.0390625
0 0.7529296875 0.1279296875 0.029296875 0.037109375
0 0.3076171875 0.12890625 0.029296875 0.0390625
0 0.2861328125 0.1240234375 0.025390625 0.029296875
0 0.9921875 0.1162109375 0.015625 0.017578125
0 0.53125 0.123046875 0.04296875 0.03125
0 0.1044921875 0.125 0.033203125 0.03515625
0 0.728515625 0.12109375 0.02734375 0.03515625
0 0.0234375 0.12109375 0.04296875 0.03515625
0 0.9248046875 0.115234375 0.037109375 0.02734375
0 0.845703125 0.11328125 0.0390625 0.02734375
0 0.498046875 0.1083984375 0.0234375 0.025390625
0 0.474609375 0.1015625 0.0234375 0.0234375
0 0.9951171875 0.0888671875 0.009765625 0.017578125
0 0.9365234375 0.0927734375 0.033203125 0.025390625
0 0.8642578125 0.091796875 0.025390625 0.0234375
0 0.4521484375 0.0947265625 0.025390625 0.029296875
0 0.0146484375 0.0947265625 0.029296875 0.029296875
0 0.6982421875 0.1005859375 0.044921875 0.052734375
0 0.615234375 0.087890625 0.03125 0.02734375
0 0.78515625 0.0859375 0.03515625 0.02734375
0 0.4267578125 0.0859375 0.029296875 0.03125
0 0.580078125 0.07421875 0.0234375 0.02734375
0 0.9453125 0.072265625 0.03125 0.03125
0 0.0107421875 0.06640625 0.021484375 0.0234375
0 0.857421875 0.0654296875 0.02734375 0.025390625
0 0.388671875 0.0673828125 0.03125 0.029296875
0 0.7919921875 0.0634765625 0.029296875 0.025390625
0 0.359375 0.0625 0.0234375 0.0234375
0 0.63671875 0.056640625 0.0234375 0.02734375
0 0.1025390625 0.0556640625 0.025390625 0.033203125
0 0.333984375 0.052734375 0.02734375 0.03125
0 0.5595703125 0.0546875 0.029296875 0.0390625
0 0.9482421875 0.044921875 0.037109375 0.02734375
0 0.8017578125 0.04296875 0.029296875 0.0234375
0 0.8740234375 0.04296875 0.037109375 0.02734375
0 0.3134765625 0.046875 0.025390625 0.03515625
0 0.71484375 0.0498046875 0.0390625 0.044921875
0 0.2890625 0.0390625 0.0234375 0.0234375
0 0.0712890625 0.041015625 0.037109375 0.02734375
0 0.0078125 0.0380859375 0.015625 0.021484375
0 0.49609375 0.0380859375 0.04296875 0.033203125
0 0.646484375 0.0302734375 0.02734375 0.025390625
0 0.9609375 0.0234375 0.0234375 0.0234375
0 0.46484375 0.02734375 0.02734375 0.03125
0 0.00390625 0.017578125 0.0078125 0.01953125
0 0.806640625 0.01953125 0.03515625 0.02734375
0 0.876953125 0.0185546875 0.03125 0.029296875
0 0.7265625 0.0166015625 0.03515625 0.025390625
0 0.974609375 0.0078125 0.02734375 0.015625
0 0.8896484375 0.0048828125 0.025390625 0.009765625
0 0.814453125 0.00390625 0.01953125 0.0078125
0 0.654296875 0.009765625 0.03125 0.01953125
0 0.60546875 0.0048828125 0.015625 0.009765625
0 0.423828125 0.0126953125 0.03515625 0.025390625
0 0.3916015625 0.0078125 0.021484375 0.015625
0 0.0595703125 0.0126953125 0.033203125 0.025390625