0 0.3896484375 0.91015625 0.064453125 0.1796875
0 0.9365234375 0.4072265625 0.060546875 0.060546875
0 0.69921875 0.39453125 0.03515625 0.03515625
0 0.8505859375 0.3896484375 0.060546875 0.060546875
0 0.7666015625 0.373046875 0.060546875 0.05859375
0 0.705078125 0.3427734375 0.02734375 0.029296875
0 0.6669921875 0.3369140625 0.021484375 0.033203125
0 0.63671875 0.3525390625 0.0390625 0.091796875
0 0.587890625 0.3173828125 0.0390625 0.029296875
0 0.5322265625 0.30078125 0.068359375 0.08203125
0 0.7626953125 0.2490234375 0.130859375 0.099609375
0 0.630859375 0.234375 0.109375 0.07421875
0 0.578125 0.2119140625 0.02734375 0.029296875
0 0.931640625 0.2607421875 0.10546875 0.130859375
0 0.6708984375 0.1904296875 0.044921875 0.021484375
0 0.5517578125 0.1826171875 0.037109375 0.048828125
0 0.5146484375 0.169921875 0.021484375 0.03125
0 0.671875 0.162109375 0.0546875 0.03125
0 0.9794921875 0.158203125 0.025390625 0.03515625
0 0.859375 0.134765625 0.01953125 0.02734375
0 0.6123046875 0.14453125 0.064453125 0.0625
0 0.9599609375 0.1142578125 0.021484375 0.021484375
0 0.841796875 0.1083984375 0.02734375 0.021484375
0 0.404296875 0.115234375 0.03125 0.03515625
0 0.5654296875 0.1142578125 0.041015625 0.041015625
0 0.9052734375 0.1025390625 0.029296875 0.021484375
0 0.6669921875 0.103515625 0.037109375 0.03515625
0 0.7001953125 0.0947265625 0.033203125 0.033203125
0 0.9892578125 0.0888671875 0.021484375 0.037109375
0 0.9443359375 0.078125 0.044921875 0.03515625
0 0.6318359375 0.0810546875 0.033203125 0.041015625
0 0.4130859375 0.080078125 0.041015625 0.0390625
0 0.880859375 0.0693359375 0.05078125 0.041015625
0 0.0263671875 0.0703125 0.033203125 0.04296875
0 0.50390625 0.078125 0.0703125 0.0625
0 0.8154296875 0.0595703125 0.060546875 0.041015625
0 0.6083984375 0.0546875 0.033203125 0.0390625
0 0.765625 0.0517578125 0.04296875 0.041015625
0 0.71484375 0.05859375 0.03515625 0.0546875
0 0.572265625 0.044921875 0.03515625 0.0390625
0 0.44140625 0.044921875 0.06640625 0.0546875
0 0.9755859375 0.021484375 0.044921875 0.04296875
0 0.900390625 0.0185546875 0.0859375 0.037109375
0 0.8310546875 0.009765625 0.021484375 0.01953125
0 0.806640625 0.0078125 0.01953125 0.015625
0 0.7763671875 0.005859375 0.029296875 0.01171875
0 0.658203125 0.0146484375 0.0546875 0.029296875
0 0.5556640625 0.013671875 0.029296875 0.02734375
0 0.5244140625 0.01953125 0.033203125 0.0390625
0 0.1884765625 0.0048828125 0.017578125 0.009765625
0 0.0869140625 0.009765625 0.091796875 0.01953125