0 0.9970703125 0.998046875 0.005859375 0.00390625
0 0.8984375 0.998046875 0.00390625 0.00390625
0 0.75 0.998046875 0.01953125 0.00390625
0 0.96484375 0.9892578125 0.03125 0.021484375
0 0.8759765625 0.9765625 0.021484375 0.01953125
0 0.8408203125 0.96484375 0.033203125 0.03125
0 0.9287109375 0.955078125 0.037109375 0.0390625
0 0.8095703125 0.9423828125 0.025390625 0.029296875
0 0.904296875 0.93359375 0.02734375 0.02734375
0 0.78515625 0.92578125 0.02734375 0.02734375
0 0.548828125 0.92578125 0.03515625 0.03515625
0 0.4560546875 0.9208984375 0.033203125 0.033203125
0 0.9931640625 0.9130859375 0.013671875 0.025390625
0 0.7607421875 0.9033203125 0.033203125 0.033203125
0 0.5234375 0.8955078125 0.02734375 0.029296875
0 0.4208984375 0.8896484375 0.029296875 0.025390625
0 0.3515625 0.892578125 0.05078125 0.03515625
0 0.865234375 0.8896484375 0.03515625 0.033203125
0 0.736328125 0.8837890625 0.03125 0.025390625
0 0.6806640625 0.8759765625 0.021484375 0.021484375
0 0.28515625 0.8779296875 0.0234375 0.029296875
0 0.83984375 0.8740234375 0.03125 0.029296875
0 0.505859375 0.8779296875 0.03515625 0.037109375
0 0.9609375 0.865234375 0.03125 0.03125
0 0.4033203125 0.857421875 0.021484375 0.01953125
0 0.248046875 0.865234375 0.02734375 0.03515625
0 0.1943359375 0.853515625 0.021484375 0.02734375
0 0.166015625 0.849609375 0.0234375 0.0234375
0 0.947265625 0.8466796875 0.02734375 0.033203125
0 0.693359375 0.84375 0.02734375 0.03125
0 0.361328125 0.8408203125 0.03515625 0.029296875
0 0.140625 0.83984375 0.0234375 0.02734375
0 0.11328125 0.830078125 0.0234375 0.02734375
0 0.908203125 0.8271484375 0.0625 0.033203125
0 0.861328125 0.8232421875 0.02734375 0.029296875
0 0.08203125 0.8232421875 0.03125 0.029296875
0 0.78515625 0.830078125 0.046875 0.046875
0 0.455078125 0.8271484375 0.046875 0.044921875
0 0.65625 0.818359375 0.03515625 0.03515625
0 0.333984375 0.8134765625 0.03515625 0.029296875
0 0.8310546875 0.8037109375 0.021484375 0.017578125
0 0.99609375 0.79296875 0.0078125 0.015625
0 0.7548828125 0.7978515625 0.029296875 0.029296875
0 0.283203125 0.791015625 0.01953125 0.02734375
0 0.6240234375 0.7890625 0.029296875 0.03125
0 0.2412109375 0.78125 0.025390625 0.01953125
0 0.041015625 0.7822265625 0.0234375 0.025390625
0 0.0107421875 0.783203125 0.021484375 0.02734375
0 0.4111328125 0.7861328125 0.041015625 0.037109375
0 0.8017578125 0.7783203125 0.025390625 0.025390625
0 0.2001953125 0.77734375 0.021484375 0.02734375
0 0.125 0.7763671875 0.0234375 0.033203125
0 0.08984375 0.76953125 0.03125 0.01953125
0 0.1640625 0.771484375 0.04296875 0.02734375
0 0.8564453125 0.779296875 0.052734375 0.046875
0 0.6015625 0.7724609375 0.0390625 0.041015625
0 0.974609375 0.759765625 0.03125 0.03515625
0 0.9580078125 0.75 0.025390625 0.02734375
0 0.578125 0.7509765625 0.03125 0.029296875
0 0.7216796875 0.7578125 0.052734375 0.05078125
0 0.82421875 0.7451171875 0.03125 0.033203125
0 0.6875 0.736328125 0.03125 0.03515625
0 0.9453125 0.734375 0.03125 0.03515625
0 0.5498046875 0.7294921875 0.033203125 0.033203125
0 0.7978515625 0.7275390625 0.033203125 0.033203125
0 0.0048828125 0.720703125 0.009765625 0.02734375
0 0.033203125 0.7177734375 0.0234375 0.025390625
0 0.9287109375 0.7197265625 0.033203125 0.033203125
0 0.6630859375 0.7158203125 0.033203125 0.033203125
0 0.068359375 0.7138671875 0.0234375 0.029296875
0 0.107421875 0.7109375 0.02734375 0.02734375
0 0.3564453125 0.7333984375 0.080078125 0.076171875
0 0.7744140625 0.71484375 0.041015625 0.04296875
0 0.52734375 0.7099609375 0.03125 0.033203125
0 0.27734375 0.7021484375 0.046875 0.029296875
0 0.751953125 0.69140625 0.03515625 0.03515625
0 0.50390625 0.689453125 0.03125 0.03515625
0 0.896484375 0.693359375 0.05859375 0.0625
0 0.61328125 0.681640625 0.03515625 0.0390625
0 0.7353515625 0.677734375 0.037109375 0.0390625
0 0.861328125 0.6650390625 0.04296875 0.044921875
0 0.591796875 0.6533203125 0.03515625 0.037109375
0 0.703125 0.650390625 0.0390625 0.03515625
0 0.8359375 0.6455078125 0.03125 0.029296875
0 0.4560546875 0.6455078125 0.025390625 0.029296875
0 0.56640625 0.6328125 0.02734375 0.02734375
0 0.6279296875 0.6259765625 0.017578125 0.017578125
0 0.822265625 0.630859375 0.03515625 0.03515625
0 0.6826171875 0.62890625 0.029296875 0.03125
0 0.43359375 0.62109375 0.0234375 0.0234375
0 0.0478515625 0.6220703125 0.017578125 0.029296875
0 0.0263671875 0.6220703125 0.017578125 0.029296875
0 0.541015625 0.6220703125 0.03125 0.033203125
0 0.9814453125 0.6416015625 0.037109375 0.080078125
0 0.41015625 0.6171875 0.03515625 0.03515625
0 0.0947265625 0.6162109375 0.033203125 0.041015625
0 0.6611328125 0.61328125 0.041015625 0.0390625
0 0.51171875 0.6064453125 0.02734375 0.025390625
0 0.16015625 0.607421875 0.01953125 0.03125
0 0.23046875 0.60546875 0.01953125 0.03125
0 0.203125 0.6083984375 0.03515625 0.037109375
0 0.2685546875 0.59765625 0.021484375 0.0390625
0 0.3740234375 0.6123046875 0.060546875 0.072265625
0 0.2880859375 0.5966796875 0.017578125 0.041015625
0 0.3173828125 0.5927734375 0.041015625 0.037109375
0 0.6328125 0.5869140625 0.03125 0.041015625
0 0.6083984375 0.578125 0.029296875 0.03125
0 0.50390625 0.5673828125 0.0234375 0.017578125
0 0.47265625 0.568359375 0.01953125 0.01953125
0 0.53125 0.56640625 0.01953125 0.01953125
0 0.5595703125 0.564453125 0.017578125 0.01953125
0 0.759765625 0.576171875 0.04296875 0.046875
0 0.5869140625 0.5625 0.021484375 0.01953125
0 0.724609375 0.5458984375 0.06640625 0.064453125
0 0.6904296875 0.5185546875 0.033203125 0.033203125
0 0.6640625 0.5009765625 0.03125 0.033203125
0 0.6435546875 0.486328125 0.029296875 0.03125
0 0.6279296875 0.470703125 0.029296875 0.03125
0 0.61328125 0.458984375 0.02734375 0.03125
0 0.765625 0.4775390625 0.15625 0.126953125
0 0.802734375 0.41796875 0.08984375 0.1171875
0 0.005859375 0.3701171875 0.01171875 0.041015625
0 0.099609375 0.3603515625 0.0234375 0.037109375
0 0.1318359375 0.357421875 0.021484375 0.03515625
0 0.1630859375 0.3515625 0.025390625 0.0390625
0 0.1904296875 0.34765625 0.021484375 0.04296875
0 0.2158203125 0.3447265625 0.021484375 0.041015625
0 0.9765625 0.345703125 0.046875 0.05078125
0 0.240234375 0.33984375 0.0234375 0.0390625
0 0.263671875 0.3349609375 0.01953125 0.037109375
0 0.0361328125 0.3486328125 0.048828125 0.080078125
0 0.8515625 0.3564453125 0.07421875 0.111328125
0 0.4248046875 0.291015625 0.021484375 0.03125
0 0.3388671875 0.287109375 0.060546875 0.05078125
0 0.4833984375 0.27734375 0.095703125 0.05859375
0 0.109375 0.2568359375 0.01953125 0.021484375
0 0.90234375 0.30859375 0.046875 0.12890625
0 0.2490234375 0.2373046875 0.025390625 0.017578125
0 0.302734375 0.2412109375 0.03515625 0.033203125
0 0.0146484375 0.2451171875 0.025390625 0.041015625
0 0.0380859375 0.23828125 0.021484375 0.03515625
0 0.072265625 0.2294921875 0.0390625 0.029296875
0 0.1123046875 0.224609375 0.021484375 0.03125
0 0.1376953125 0.224609375 0.025390625 0.0390625
0 0.5185546875 0.2138671875 0.025390625 0.029296875
0 0.1796875 0.216796875 0.0234375 0.03515625
0 0.4521484375 0.2099609375 0.044921875 0.033203125
0 0.208984375 0.2109375 0.0234375 0.03515625
0 0.2314453125 0.2041015625 0.021484375 0.029296875
0 0.322265625 0.201171875 0.05078125 0.0546875
0 0.57421875 0.2021484375 0.07421875 0.060546875
0 0.369140625 0.1962890625 0.05078125 0.068359375
0 0.4599609375 0.1748046875 0.037109375 0.029296875
0 0.0146484375 0.1708984375 0.021484375 0.033203125
0 0.04296875 0.1640625 0.03515625 0.04296875
0 0.11328125 0.1533203125 0.01953125 0.037109375
0 0.080078125 0.154296875 0.0234375 0.04296875
0 0.515625 0.15234375 0.05078125 0.0546875
0 0.2060546875 0.1357421875 0.021484375 0.033203125
0 0.1669921875 0.138671875 0.041015625 0.04296875
0 0.3427734375 0.12109375 0.033203125 0.01953125
0 0.0185546875 0.1181640625 0.029296875 0.021484375
0 0.474609375 0.1318359375 0.046875 0.060546875
0 0.095703125 0.111328125 0.03515625 0.01953125
0 0.2578125 0.1220703125 0.05859375 0.056640625
0 0.15625 0.103515625 0.0234375 0.01953125
0 0.36328125 0.099609375 0.015625 0.015625
0 0.6884765625 0.1044921875 0.029296875 0.029296875
0 0.013671875 0.0927734375 0.02734375 0.025390625
0 0.0947265625 0.0859375 0.033203125 0.01953125
0 0.6611328125 0.08984375 0.029296875 0.03125
0 0.3388671875 0.0869140625 0.029296875 0.025390625
0 0.4072265625 0.0986328125 0.044921875 0.060546875
0 0.2724609375 0.0791015625 0.037109375 0.021484375
0 0.1650390625 0.080078125 0.048828125 0.0234375
0 0.6376953125 0.0712890625 0.025390625 0.029296875
0 0.5693359375 0.103515625 0.126953125 0.1015625
0 0.4921875 0.064453125 0.0234375 0.02734375
0 0.091796875 0.060546875 0.03515625 0.01953125
0 0.3466796875 0.0576171875 0.033203125 0.021484375
0 0.2880859375 0.0556640625 0.025390625 0.021484375
0 0.15625 0.056640625 0.03515625 0.0234375
0 0.6005859375 0.052734375 0.029296875 0.02734375
0 0.4169921875 0.05078125 0.037109375 0.02734375
0 0.009765625 0.0478515625 0.01953125 0.021484375
0 0.498046875 0.0390625 0.02734375 0.0234375
0 0.087890625 0.037109375 0.0390625 0.0234375
0 0.287109375 0.029296875 0.02734375 0.01953125
0 0.1552734375 0.029296875 0.037109375 0.0234375
0 0.5634765625 0.0302734375 0.029296875 0.029296875
0 0.4287109375 0.0244140625 0.033203125 0.025390625
0 0.3642578125 0.0244140625 0.056640625 0.029296875
0 0.02734375 0.0078125 0.015625 0.01171875
0 0.7509765625 0.0390625 0.048828125 0.078125
0 0.7080078125 0.0263671875 0.033203125 0.052734375
0 0.66796875 0.015625 0.02734375 0.03125
0 0.5107421875 0.0068359375 0.029296875 0.013671875
0 0.4306640625 0.0048828125 0.025390625 0.009765625
0 0.361328125 0.0048828125 0.03125 0.009765625
0 0.298828125 0.0068359375 0.01953125 0.013671875
0 0.005859375 0.0068359375 0.01171875 0.013671875