0 0.1767578125 0.99609375 0.017578125 0.0078125
0 0.205078125 0.994140625 0.015625 0.01171875
0 0.2197265625 0.9765625 0.017578125 0.01171875
0 0.0263671875 0.970703125 0.052734375 0.05078125
0 0.109375 0.96484375 0.06640625 0.046875
0 0.0888671875 0.927734375 0.021484375 0.01953125
0 0.130859375 0.9228515625 0.01953125 0.021484375
0 0.318359375 0.916015625 0.0234375 0.03125
0 0.1044921875 0.9013671875 0.013671875 0.013671875
0 0.087890625 0.9013671875 0.015625 0.013671875
0 0.2109375 0.9248046875 0.0703125 0.072265625
0 0.021484375 0.9072265625 0.0390625 0.041015625
0 0.087890625 0.884765625 0.015625 0.01171875
0 0.1044921875 0.8837890625 0.013671875 0.013671875
0 0.4619140625 0.8466796875 0.142578125 0.044921875
0 0.55859375 0.8349609375 0.02734375 0.029296875
0 0.01953125 0.833984375 0.0390625 0.04296875
0 0.3037109375 0.8017578125 0.033203125 0.048828125
0 0.208984375 0.8134765625 0.0703125 0.072265625
0 0.015625 0.7431640625 0.03125 0.083984375
0 0.1025390625 0.794921875 0.060546875 0.203125
0 0.20703125 0.7001953125 0.0703125 0.072265625
0 0.08984375 0.66796875 0.0390625 0.0390625
0 0.296875 0.6357421875 0.015625 0.017578125
0 0.1171875 0.6328125 0.02734375 0.02734375
0 0.0859375 0.6298828125 0.03125 0.029296875
0 0.1591796875 0.6259765625 0.017578125 0.029296875
0 0.2197265625 0.6181640625 0.041015625 0.041015625
0 0.0146484375 0.625 0.029296875 0.0703125
0 0.103515625 0.580078125 0.0625 0.0625
0 0.3134765625 0.552734375 0.052734375 0.0390625
0 0.2001953125 0.5263671875 0.076171875 0.076171875
0 0.1884765625 0.4111328125 0.087890625 0.087890625
0 0.5390625 0.3154296875 0.015625 0.017578125
0 0.580078125 0.3173828125 0.0234375 0.025390625
0 0.5595703125 0.3115234375 0.013671875 0.017578125