0 0.8466796875 0.99609375 0.029296875 0.0078125
0 0.7900390625 0.9873046875 0.076171875 0.025390625
0 0.3662109375 0.9365234375 0.150390625 0.126953125
0 0.9921875 0.8740234375 0.015625 0.025390625
0 0.3037109375 0.8154296875 0.083984375 0.099609375
0 0.8271484375 0.8525390625 0.228515625 0.185546875
0 0.4970703125 0.8740234375 0.185546875 0.228515625
0 0.7001953125 0.765625 0.056640625 0.04296875
0 0.55859375 0.7451171875 0.015625 0.021484375
0 0.6123046875 0.74609375 0.072265625 0.04296875
0 0.5068359375 0.7265625 0.068359375 0.0546875
0 0.4404296875 0.7099609375 0.068359375 0.052734375
0 0.7705078125 0.71875 0.056640625 0.09375
0 0.875 0.638671875 0.0703125 0.09765625
0 0.7900390625 0.625 0.052734375 0.09375
0 0.8037109375 0.560546875 0.029296875 0.03515625
0 0.3935546875 0.5537109375 0.017578125 0.029296875
0 0.28515625 0.5498046875 0.03125 0.033203125
0 0.80078125 0.53125 0.01953125 0.01953125
0 0.328125 0.53515625 0.05078125 0.05078125
0 0.310546875 0.4970703125 0.05859375 0.052734375
0 0.3095703125 0.419921875 0.021484375 0.0234375