0 0.9921875 0.8798828125 0.015625 0.025390625
0 0.9892578125 0.833984375 0.021484375 0.03515625
0 0.9833984375 0.79296875 0.029296875 0.0390625
0 0.9794921875 0.744140625 0.021484375 0.03125
0 0.9736328125 0.7001953125 0.021484375 0.033203125
0 0.96484375 0.6181640625 0.01953125 0.033203125
0 0.955078125 0.56640625 0.02734375 0.0390625
0 0.7314453125 0.5185546875 0.029296875 0.025390625
0 0.94921875 0.515625 0.02734375 0.046875
0 0.6953125 0.4990234375 0.09375 0.041015625
0 0.0869140625 0.4970703125 0.123046875 0.080078125
0 0.1728515625 0.4599609375 0.017578125 0.017578125
0 0.244140625 0.466796875 0.03125 0.046875
0 0.3369140625 0.4609375 0.115234375 0.06640625
0 0.4833984375 0.4423828125 0.091796875 0.037109375
0 0.6162109375 0.4267578125 0.115234375 0.044921875
0 0.8583984375 0.416015625 0.029296875 0.02734375
0 0.955078125 0.4140625 0.01953125 0.02734375
0 0.791015625 0.41015625 0.078125 0.046875
0 0.91015625 0.4052734375 0.0390625 0.048828125
0 0.8740234375 0.3779296875 0.025390625 0.017578125
0 0.201171875 0.3701171875 0.04296875 0.021484375
0 0.25390625 0.3603515625 0.046875 0.029296875
0 0.529296875 0.34765625 0.046875 0.01953125
0 0.3564453125 0.35546875 0.048828125 0.046875
0 0.3076171875 0.3505859375 0.041015625 0.044921875
0 0.13671875 0.3447265625 0.046875 0.048828125
0 0.8896484375 0.3212890625 0.017578125 0.017578125
0 0.947265625 0.314453125 0.01953125 0.01953125
0 0.099609375 0.3056640625 0.03515625 0.033203125
0 0.8310546875 0.2978515625 0.044921875 0.025390625
0 0.568359375 0.30859375 0.01953125 0.046875
0 0.4921875 0.3076171875 0.0234375 0.044921875
0 0.3603515625 0.3046875 0.041015625 0.04296875
0 0.8935546875 0.2890625 0.021484375 0.0234375
0 0.7734375 0.2939453125 0.05078125 0.033203125
0 0.919921875 0.287109375 0.0234375 0.0234375
0 0.1796875 0.2900390625 0.03515625 0.029296875
0 0.9423828125 0.28515625 0.021484375 0.0234375
0 0.9638671875 0.283203125 0.021484375 0.0234375
0 0.998046875 0.2763671875 0.00390625 0.013671875
0 0.9853515625 0.28125 0.021484375 0.0234375
0 0.2294921875 0.2861328125 0.048828125 0.033203125
0 0.060546875 0.263671875 0.03125 0.03125
0 0.146484375 0.259765625 0.03125 0.03515625
0 0.7265625 0.2607421875 0.03515625 0.044921875
0 0.279296875 0.2568359375 0.04296875 0.041015625
0 0.5703125 0.2529296875 0.01953125 0.044921875
0 0.4921875 0.25 0.0234375 0.04296875
0 0.380859375 0.251953125 0.04296875 0.05078125
0 0.6220703125 0.234375 0.048828125 0.0234375
0 0.8818359375 0.2275390625 0.017578125 0.021484375
0 0.6796875 0.228515625 0.046875 0.0234375
0 0.443359375 0.2275390625 0.05078125 0.025390625
0 0.83203125 0.22265625 0.05078125 0.01953125
0 0.966796875 0.220703125 0.0234375 0.0234375
0 0.904296875 0.22265625 0.02734375 0.02734375
0 0.1103515625 0.2197265625 0.029296875 0.029296875
0 0.0263671875 0.2275390625 0.052734375 0.052734375
0 0.2919921875 0.20703125 0.033203125 0.03125
0 0.009765625 0.1962890625 0.01953125 0.025390625
0 0.962890625 0.19140625 0.0234375 0.0234375
0 0.2412109375 0.189453125 0.052734375 0.02734375
0 0.9013671875 0.181640625 0.025390625 0.01953125
0 0.875 0.1796875 0.015625 0.015625
0 0.7783203125 0.1962890625 0.041015625 0.048828125
0 0.998046875 0.16796875 0.00390625 0.0078125
0 0.1904296875 0.173828125 0.021484375 0.02734375
0 0.1552734375 0.1708984375 0.029296875 0.029296875
0 0.060546875 0.1708984375 0.03125 0.041015625
0 0.8994140625 0.1572265625 0.021484375 0.021484375
0 0.5537109375 0.1591796875 0.044921875 0.033203125
0 0.44921875 0.1552734375 0.046875 0.033203125
0 0.9609375 0.1474609375 0.03515625 0.025390625
0 0.9970703125 0.1357421875 0.005859375 0.013671875
0 0.892578125 0.1357421875 0.0234375 0.017578125
0 0.7158203125 0.1435546875 0.044921875 0.033203125
0 0.59375 0.1494140625 0.0234375 0.044921875
0 0.5009765625 0.134765625 0.048828125 0.0234375
0 0.8125 0.1474609375 0.0390625 0.052734375
0 0.666015625 0.1416015625 0.0234375 0.041015625
0 0.3974609375 0.140625 0.041015625 0.04296875
0 0.26953125 0.1240234375 0.05078125 0.025390625
0 0.44140625 0.1201171875 0.03515625 0.029296875
0 0.99609375 0.1064453125 0.0078125 0.017578125
0 0.9599609375 0.1142578125 0.041015625 0.033203125
0 0.6259765625 0.103515625 0.048828125 0.0234375
0 0.220703125 0.111328125 0.02734375 0.04296875
0 0.8876953125 0.0986328125 0.029296875 0.021484375
0 0.947265625 0.091796875 0.0234375 0.01953125
0 0.7548828125 0.1025390625 0.033203125 0.044921875
0 0.076171875 0.0927734375 0.02734375 0.029296875
0 0.966796875 0.07421875 0.015625 0.01171875
0 0.826171875 0.0908203125 0.0234375 0.044921875
0 0.3125 0.091796875 0.0234375 0.05078125
0 0.1787109375 0.0927734375 0.029296875 0.052734375
0 0.994140625 0.07421875 0.01171875 0.0234375
0 0.1201171875 0.083984375 0.029296875 0.04296875
0 0.9443359375 0.0625 0.021484375 0.015625
0 0.2646484375 0.064453125 0.044921875 0.0234375
0 0.384765625 0.0732421875 0.01953125 0.048828125
0 0.8828125 0.0576171875 0.02734375 0.021484375
0 0.994140625 0.0458984375 0.01171875 0.021484375
0 0.85546875 0.0439453125 0.01953125 0.017578125
0 0.943359375 0.04296875 0.01953125 0.01953125
0 0.9775390625 0.029296875 0.017578125 0.015625
0 0.8193359375 0.0390625 0.021484375 0.04296875
0 0.2216796875 0.0380859375 0.021484375 0.048828125
0 0.1298828125 0.029296875 0.025390625 0.04296875
0 0.9931640625 0.015625 0.013671875 0.01953125
0 0.876953125 0.0166015625 0.03515625 0.021484375
0 0.3798828125 0.0185546875 0.021484375 0.037109375
0 0.2587890625 0.0078125 0.044921875 0.015625
0 0.1875 0.001953125 0.0078125 0.00390625
0 0.017578125 0.041015625 0.03515625 0.08203125