0 0.01953125 0.623046875 0.03515625 0.01171875
0 0.234375 0.4833984375 0.015625 0.025390625
0 0.2919921875 0.4677734375 0.099609375 0.154296875
0 0.2412109375 0.3916015625 0.025390625 0.099609375
0 0.158203125 0.357421875 0.0390625 0.04296875
0 0.712890625 0.3466796875 0.04296875 0.041015625
0 0.0361328125 0.447265625 0.072265625 0.24609375
0 0.3583984375 0.3076171875 0.013671875 0.021484375
0 0.333984375 0.3076171875 0.03125 0.021484375
0 0.609375 0.3037109375 0.0234375 0.025390625
0 0.4541015625 0.310546875 0.044921875 0.0546875
0 0.2255859375 0.28515625 0.087890625 0.0546875
0 0.5322265625 0.263671875 0.025390625 0.03125
0 0.0654296875 0.26953125 0.130859375 0.06640625
0 0.421875 0.2783203125 0.05859375 0.087890625
0 0.494140625 0.2421875 0.03125 0.03515625
0 0.1796875 0.234375 0.01953125 0.0234375
0 0.4501953125 0.2158203125 0.037109375 0.041015625
0 0.349609375 0.208984375 0.10546875 0.03515625
0 0.25 0.2060546875 0.08984375 0.041015625
0 0.189453125 0.2001953125 0.03125 0.029296875
0 0.1123046875 0.201171875 0.115234375 0.05078125
0 0.0107421875 0.1796875 0.021484375 0.03125
0 0.00390625 0.1650390625 0.0078125 0.013671875
0 0.2998046875 0.1376953125 0.048828125 0.048828125
0 0.4482421875 0.1435546875 0.107421875 0.080078125
0 0.0966796875 0.1201171875 0.064453125 0.044921875
0 0.0380859375 0.115234375 0.029296875 0.0390625
0 0.6083984375 0.1650390625 0.103515625 0.142578125
0 0.50390625 0.1201171875 0.0546875 0.052734375
0 0.1630859375 0.099609375 0.017578125 0.01953125
0 0.015625 0.091796875 0.03125 0.03515625
0 0.201171875 0.1142578125 0.1484375 0.083984375
0 0.52734375 0.0771484375 0.0390625 0.037109375
0 0.1904296875 0.08203125 0.041015625 0.0546875
0 0.501953125 0.0634765625 0.01953125 0.021484375
0 0.00390625 0.0458984375 0.0078125 0.013671875
0 0.1455078125 0.044921875 0.060546875 0.04296875
0 0.91796875 0.0341796875 0.04296875 0.041015625
0 0.5322265625 0.021484375 0.029296875 0.03125
0 0.73828125 0.0498046875 0.11328125 0.099609375
0 0.658203125 0.025390625 0.06640625 0.05078125
0 0.578125 0.005859375 0.0234375 0.01171875
0 0.4833984375 0.00390625 0.013671875 0.0078125
0 0.4404296875 0.03515625 0.107421875 0.0703125
0 0.3603515625 0.00390625 0.017578125 0.0078125
0 0.34375 0.0107421875 0.02734375 0.021484375
0 0.287109375 0.0625 0.23046875 0.125
0 0.02734375 0.021484375 0.0546875 0.04296875