0 0.1064453125 0.6748046875 0.193359375 0.146484375
0 0.01171875 0.568359375 0.0234375 0.05078125
0 0.0390625 0.544921875 0.05859375 0.06640625
0 0.0751953125 0.5234375 0.041015625 0.05859375
0 0.1025390625 0.5068359375 0.048828125 0.056640625
0 0.1513671875 0.4794921875 0.041015625 0.056640625
0 0.1748046875 0.4580078125 0.037109375 0.044921875
0 0.0390625 0.447265625 0.05859375 0.046875
0 0.0234375 0.4091796875 0.046875 0.068359375
0 0.1318359375 0.396484375 0.056640625 0.05078125
0 0.2119140625 0.3740234375 0.052734375 0.025390625
0 0.1162109375 0.3681640625 0.052734375 0.044921875
0 0.0107421875 0.36328125 0.021484375 0.03515625
0 0.0029296875 0.33984375 0.005859375 0.0078125
0 0.4248046875 0.341796875 0.068359375 0.03515625
0 0.20703125 0.345703125 0.05859375 0.04296875
0 0.2861328125 0.33203125 0.021484375 0.0234375
0 0.3115234375 0.34765625 0.064453125 0.06640625
0 0.1044921875 0.3408203125 0.064453125 0.052734375
0 0.39453125 0.3173828125 0.015625 0.017578125
0 0.37890625 0.3134765625 0.015625 0.017578125
0 0.0859375 0.3173828125 0.0546875 0.048828125
0 0.181640625 0.3095703125 0.07421875 0.072265625
0 0.0712890625 0.2900390625 0.060546875 0.048828125
0 0.330078125 0.2822265625 0.05078125 0.076171875
0 0.158203125 0.2666015625 0.05859375 0.044921875
0 0.0478515625 0.265625 0.044921875 0.04296875
0 0.4580078125 0.2607421875 0.064453125 0.056640625
0 0.1416015625 0.2470703125 0.064453125 0.052734375
0 0.0322265625 0.2412109375 0.052734375 0.048828125
0 0.388671875 0.232421875 0.05859375 0.06640625
0 0.1259765625 0.2158203125 0.060546875 0.041015625
0 0.1064453125 0.1962890625 0.064453125 0.052734375
0 0.23828125 0.1796875 0.0703125 0.0859375
0 0.2939453125 0.1376953125 0.021484375 0.021484375
0 0.0537109375 0.1708984375 0.107421875 0.099609375
0 0.3779296875 0.16015625 0.056640625 0.09765625
0 0.4521484375 0.1201171875 0.083984375 0.037109375
0 0.4521484375 0.091796875 0.017578125 0.01953125
0 0.412109375 0.0908203125 0.01953125 0.017578125
0 0.0302734375 0.0947265625 0.060546875 0.068359375
0 0.302734375 0.0927734375 0.08203125 0.076171875
0 0.2099609375 0.095703125 0.052734375 0.08203125
0 0.25390625 0.0546875 0.0234375 0.015625
0 0.4521484375 0.0537109375 0.017578125 0.017578125
0 0.412109375 0.052734375 0.01953125 0.015625
0 0.5029296875 0.044921875 0.029296875 0.02734375
0 0.17578125 0.0361328125 0.0078125 0.017578125
0 0.2861328125 0.03515625 0.025390625 0.0234375
0 0.4599609375 0.021484375 0.083984375 0.03515625
0 0.40234375 0.021484375 0.03515625 0.04296875
0 0.3134765625 0.0234375 0.037109375 0.046875
0 0.1875 0.00390625 0.015625 0.0078125