0 0.0185546875 0.990234375 0.037109375 0.01953125
0 0.1689453125 0.9853515625 0.041015625 0.029296875
0 0.28515625 0.984375 0.04296875 0.03125
0 0.775390625 0.9814453125 0.11328125 0.037109375
0 0.193359375 0.9794921875 0.03125 0.033203125
0 0.22265625 0.966796875 0.0234375 0.0234375
0 0.072265625 0.9677734375 0.07421875 0.064453125
0 0.5263671875 0.953125 0.044921875 0.046875
0 0.904296875 0.943359375 0.05078125 0.0390625
0 0.0078125 0.9228515625 0.015625 0.029296875
0 0.3876953125 0.9462890625 0.119140625 0.107421875
0 0.1337890625 0.9296875 0.056640625 0.078125
0 0.2265625 0.9189453125 0.05859375 0.068359375
0 0.486328125 0.9033203125 0.05859375 0.052734375
0 0.9013671875 0.900390625 0.056640625 0.05859375
0 0.1767578125 0.8974609375 0.048828125 0.052734375
0 0.01953125 0.8994140625 0.0390625 0.056640625
0 0.552734375 0.8828125 0.06640625 0.046875
0 0.1953125 0.869140625 0.02734375 0.03125
0 0.4462890625 0.865234375 0.041015625 0.04296875
0 0.2880859375 0.87109375 0.087890625 0.0546875
0 0.0703125 0.865234375 0.04296875 0.04296875
0 0.998046875 0.84375 0.00390625 0.00390625
0 0.0029296875 0.84375 0.005859375 0.0078125
0 0.552734375 0.8515625 0.03125 0.02734375
0 0.0927734375 0.84765625 0.025390625 0.0234375
0 0.3232421875 0.8466796875 0.033203125 0.033203125
0 0.3623046875 0.8466796875 0.037109375 0.041015625
0 0.708984375 0.8818359375 0.1484375 0.130859375
0 0.4765625 0.8388671875 0.05078125 0.044921875
0 0.54296875 0.828125 0.0234375 0.02734375
0 0.1064453125 0.830078125 0.025390625 0.03125
0 0.0751953125 0.8212890625 0.033203125 0.033203125
0 0.5078125 0.8203125 0.03125 0.03515625
0 0.255859375 0.8193359375 0.03125 0.033203125
0 0.0107421875 0.8212890625 0.021484375 0.037109375
0 0.603515625 0.826171875 0.05078125 0.05078125
0 0.400390625 0.8232421875 0.0625 0.048828125
0 0.021484375 0.8076171875 0.02734375 0.029296875
0 0.3369140625 0.80078125 0.025390625 0.0234375
0 0.525390625 0.8017578125 0.02734375 0.029296875
0 0.287109375 0.80859375 0.03515625 0.046875
0 0.134765625 0.80859375 0.05859375 0.05859375
0 0.7841796875 0.7890625 0.033203125 0.0390625
0 0.3154296875 0.7841796875 0.029296875 0.029296875
0 0.046875 0.78515625 0.03125 0.03125
0 0.392578125 0.7841796875 0.03515625 0.033203125
0 0.4267578125 0.7783203125 0.033203125 0.033203125
0 0.1103515625 0.7734375 0.025390625 0.0234375
0 0.3515625 0.7744140625 0.04296875 0.044921875
0 0.076171875 0.7646484375 0.03515625 0.041015625
0 0.20703125 0.7607421875 0.04296875 0.041015625
0 0.08984375 0.7490234375 0.03125 0.029296875
0 0.0029296875 0.7353515625 0.005859375 0.009765625
0 0.587890625 0.751953125 0.08984375 0.0625
0 0.384765625 0.736328125 0.0546875 0.046875
0 0.240234375 0.7236328125 0.03515625 0.029296875
0 0.9462890625 0.72265625 0.033203125 0.04296875
0 0.2626953125 0.7119140625 0.033203125 0.033203125
0 0.8515625 0.7490234375 0.10546875 0.119140625
0 0.53515625 0.7060546875 0.02734375 0.033203125
0 0.015625 0.7109375 0.03125 0.04296875
0 0.658203125 0.7099609375 0.05859375 0.044921875
0 0.1630859375 0.7158203125 0.076171875 0.060546875
0 0.283203125 0.7001953125 0.03515625 0.033203125
0 0.8896484375 0.685546875 0.037109375 0.03125
0 0.5537109375 0.68359375 0.033203125 0.0390625
0 0.0390625 0.6845703125 0.0390625 0.044921875
0 0.3193359375 0.67578125 0.025390625 0.03515625
0 0.5751953125 0.669921875 0.033203125 0.03515625
0 0.19921875 0.6640625 0.02734375 0.03125
0 0.59765625 0.6591796875 0.03125 0.037109375
0 0.2900390625 0.658203125 0.029296875 0.03515625
0 0.919921875 0.6591796875 0.05859375 0.041015625
0 0.4462890625 0.6787109375 0.103515625 0.087890625
0 0.21875 0.6484375 0.02734375 0.03125
0 0.015625 0.6513671875 0.03125 0.037109375
0 0.615234375 0.6474609375 0.03125 0.033203125
0 0.3310546875 0.6494140625 0.037109375 0.037109375
0 0.095703125 0.640625 0.03515625 0.03125
0 0.6328125 0.6337890625 0.02734375 0.029296875
0 0.2451171875 0.6357421875 0.033203125 0.033203125
0 0.005859375 0.626953125 0.01171875 0.01953125
0 0.3583984375 0.6337890625 0.033203125 0.041015625
0 0.6484375 0.6201171875 0.02734375 0.021484375
0 0.5068359375 0.6259765625 0.037109375 0.037109375
0 0.12890625 0.6220703125 0.03515625 0.037109375
0 0.662109375 0.6044921875 0.02734375 0.021484375
0 0.267578125 0.6162109375 0.0390625 0.044921875
0 0.6015625 0.6015625 0.01953125 0.01953125
0 0.3798828125 0.6123046875 0.037109375 0.041015625
0 0.5458984375 0.60546875 0.044921875 0.0546875
0 0.166015625 0.5986328125 0.04296875 0.044921875
0 0.6162109375 0.5859375 0.021484375 0.0234375
0 0.408203125 0.5947265625 0.0390625 0.041015625
0 0.2900390625 0.5927734375 0.033203125 0.037109375
0 0.435546875 0.580078125 0.02734375 0.03515625
0 0.6796875 0.5791015625 0.0390625 0.044921875
0 0.3134765625 0.5771484375 0.037109375 0.041015625
0 0.5693359375 0.578125 0.044921875 0.05078125
0 0.0732421875 0.5810546875 0.060546875 0.056640625
0 0.1923828125 0.5693359375 0.041015625 0.041015625
0 0.7021484375 0.552734375 0.029296875 0.03125
0 0.3388671875 0.5615234375 0.048828125 0.048828125
0 0.220703125 0.5537109375 0.02734375 0.033203125
0 0.447265625 0.5537109375 0.046875 0.048828125
0 0.1064453125 0.546875 0.029296875 0.03515625
0 0.611328125 0.54296875 0.046875 0.0390625
0 0.2421875 0.53515625 0.03125 0.02734375
0 0.7763671875 0.6640625 0.228515625 0.2890625
0 0.482421875 0.5380859375 0.0390625 0.037109375
0 0.359375 0.5341796875 0.03125 0.033203125
0 0.1259765625 0.529296875 0.021484375 0.0234375
0 0.8876953125 0.5263671875 0.029296875 0.029296875
0 0.509765625 0.517578125 0.03125 0.03125
0 0.3818359375 0.5205078125 0.037109375 0.037109375
0 0.1474609375 0.51171875 0.029296875 0.02734375
0 0.482421875 0.5068359375 0.01953125 0.021484375
0 0.0107421875 0.5068359375 0.021484375 0.029296875
0 0.9677734375 0.564453125 0.064453125 0.15234375
0 0.2900390625 0.4990234375 0.033203125 0.033203125
0 0.177734375 0.4921875 0.02734375 0.02734375
0 0.8515625 0.4990234375 0.0390625 0.048828125
0 0.638671875 0.5068359375 0.05859375 0.064453125
0 0.6806640625 0.48828125 0.037109375 0.03515625
0 0.05078125 0.4873046875 0.03515625 0.033203125
0 0.53125 0.4912109375 0.046875 0.048828125
0 0.19921875 0.4716796875 0.01953125 0.021484375
0 0.7265625 0.49609375 0.06640625 0.078125
0 0.4384765625 0.4755859375 0.033203125 0.041015625
0 0.291015625 0.462890625 0.01953125 0.01953125
0 0.3271484375 0.46484375 0.033203125 0.03125
0 0.0751953125 0.4638671875 0.029296875 0.029296875
0 0.2197265625 0.4580078125 0.033203125 0.037109375
0 0.560546875 0.455078125 0.03125 0.03515625
0 0.4677734375 0.44921875 0.037109375 0.02734375
0 0.296875 0.435546875 0.015625 0.015625
0 0.673828125 0.4501953125 0.06640625 0.056640625
0 0.0986328125 0.4423828125 0.044921875 0.041015625
0 0.380859375 0.4365234375 0.0234375 0.033203125
0 0.4052734375 0.421875 0.017578125 0.01953125
0 0.2626953125 0.4287109375 0.033203125 0.041015625
0 0.1474609375 0.4140625 0.029296875 0.03125
0 0.748046875 0.4130859375 0.03125 0.033203125
0 0.501953125 0.4140625 0.03515625 0.03515625
0 0.791015625 0.4306640625 0.07421875 0.076171875
0 0.2822265625 0.4052734375 0.029296875 0.033203125
0 0.4189453125 0.40234375 0.033203125 0.03125
0 0.3603515625 0.4013671875 0.033203125 0.037109375
0 0.9765625 0.41796875 0.046875 0.07421875
0 0.6279296875 0.4013671875 0.037109375 0.041015625
0 0.173828125 0.3935546875 0.02734375 0.025390625
0 0.84765625 0.384765625 0.01953125 0.0234375
0 0.583984375 0.4072265625 0.06640625 0.068359375
0 0.09375 0.388671875 0.0234375 0.03125
0 0.064453125 0.3857421875 0.0234375 0.025390625
0 0.517578125 0.3857421875 0.03125 0.029296875
0 0.0361328125 0.380859375 0.025390625 0.01953125
0 0.126953125 0.3798828125 0.03125 0.033203125
0 0.4384765625 0.3740234375 0.033203125 0.029296875
0 0.7353515625 0.37890625 0.048828125 0.046875
0 0.341796875 0.37109375 0.02734375 0.03125
0 0.9716796875 0.3623046875 0.017578125 0.017578125
0 0.15234375 0.3662109375 0.0234375 0.029296875
0 0.9140625 0.4013671875 0.09375 0.111328125
0 0.40234375 0.3583984375 0.03125 0.025390625
0 0.2119140625 0.361328125 0.025390625 0.03125
0 0.8251953125 0.3525390625 0.025390625 0.021484375
0 0.3271484375 0.3515625 0.025390625 0.0234375
0 0.86328125 0.3525390625 0.02734375 0.029296875
0 0.4619140625 0.35546875 0.037109375 0.0390625
0 0.546875 0.3544921875 0.0546875 0.052734375
0 0.8876953125 0.337890625 0.025390625 0.02734375
0 0.4814453125 0.3310546875 0.025390625 0.025390625
0 0.7744140625 0.3310546875 0.056640625 0.048828125
0 0.666015625 0.3388671875 0.078125 0.068359375
0 0.98828125 0.3095703125 0.0234375 0.037109375
0 0.2822265625 0.306640625 0.029296875 0.0390625
0 0.251953125 0.30078125 0.02734375 0.02734375
0 0.8017578125 0.3017578125 0.037109375 0.033203125
0 0.6669921875 0.2880859375 0.017578125 0.017578125
0 0.5029296875 0.296875 0.041015625 0.046875
0 0.0087890625 0.2958984375 0.017578125 0.048828125
0 0.22265625 0.2890625 0.03125 0.0390625
0 0.1630859375 0.2763671875 0.025390625 0.029296875
0 0.1923828125 0.27734375 0.029296875 0.0390625
0 0.712890625 0.2822265625 0.05078125 0.056640625
0 0.130859375 0.267578125 0.0234375 0.02734375
0 0.5380859375 0.26171875 0.025390625 0.01953125
0 0.61328125 0.283203125 0.07421875 0.078125
0 0.2138671875 0.25 0.017578125 0.01953125
0 0.439453125 0.2548828125 0.03125 0.037109375
0 0.8330078125 0.2626953125 0.056640625 0.056640625
0 0.1845703125 0.2451171875 0.017578125 0.021484375
0 0.9248046875 0.271484375 0.076171875 0.078125
0 0.548828125 0.2421875 0.02734375 0.03125
0 0.748046875 0.2451171875 0.05859375 0.041015625
0 0.41796875 0.2353515625 0.03125 0.033203125
0 0.0576171875 0.2236328125 0.037109375 0.037109375
0 0.396484375 0.212890625 0.02734375 0.02734375
0 0.009765625 0.2109375 0.01953125 0.02734375
0 0.580078125 0.2060546875 0.03515625 0.029296875
0 0.50390625 0.20703125 0.0390625 0.0390625
0 0.5947265625 0.185546875 0.033203125 0.03125
0 0.3642578125 0.19140625 0.041015625 0.04296875
0 0.87890625 0.2099609375 0.078125 0.091796875
0 0.5224609375 0.1796875 0.033203125 0.03125
0 0.6123046875 0.1689453125 0.029296875 0.029296875
0 0.9951171875 0.1552734375 0.009765625 0.017578125
0 0.3203125 0.15625 0.0234375 0.02734375
0 0.625 0.1494140625 0.03125 0.029296875
0 0.744140625 0.1767578125 0.12109375 0.087890625
0 0.4501953125 0.154296875 0.044921875 0.05078125
0 0.8154296875 0.15234375 0.052734375 0.05078125
0 0.9443359375 0.1494140625 0.060546875 0.060546875
0 0.638671875 0.1337890625 0.03125 0.029296875
0 0.28125 0.1259765625 0.03125 0.033203125
0 0.580078125 0.1220703125 0.03125 0.029296875
0 0.654296875 0.1181640625 0.03125 0.029296875
0 0.2236328125 0.109375 0.021484375 0.0234375
0 0.1904296875 0.1064453125 0.021484375 0.021484375
0 0.669921875 0.103515625 0.02734375 0.0234375
0 0.591796875 0.10546875 0.03125 0.02734375
0 0.1630859375 0.099609375 0.025390625 0.03515625
0 0.134765625 0.095703125 0.01953125 0.02734375
0 0.0263671875 0.0908203125 0.021484375 0.025390625
0 0.0576171875 0.0927734375 0.021484375 0.033203125
0 0.9716796875 0.0986328125 0.052734375 0.048828125
0 0.6044921875 0.0859375 0.029296875 0.02734375
0 0.6845703125 0.083984375 0.029296875 0.03125
0 0.5146484375 0.0888671875 0.041015625 0.041015625
0 0.6181640625 0.0703125 0.029296875 0.03125
0 0.9921875 0.064453125 0.015625 0.0234375
0 0.6982421875 0.06640625 0.029296875 0.02734375
0 0.8603515625 0.0830078125 0.080078125 0.068359375
0 0.7109375 0.0498046875 0.02734375 0.025390625
0 0.6328125 0.0498046875 0.02734375 0.025390625
0 0.5458984375 0.046875 0.044921875 0.04296875
0 0.7236328125 0.03515625 0.029296875 0.02734375
0 0.646484375 0.03515625 0.02734375 0.02734375
0 0.900390625 0.04296875 0.0546875 0.046875
0 0.037109375 0.03125 0.0234375 0.0234375
0 0.5673828125 0.02734375 0.025390625 0.0234375
0 0.1787109375 0.033203125 0.037109375 0.0390625
0 0.927734375 0.0185546875 0.0546875 0.037109375
0 0.8408203125 0.0166015625 0.044921875 0.033203125
0 0.759765625 0.005859375 0.0234375 0.01171875
0 0.669921875 0.013671875 0.04296875 0.02734375
0 0.58203125 0.0107421875 0.03125 0.021484375
0 0.3447265625 0.0458984375 0.150390625 0.091796875
0 0.005859375 0.0087890625 0.01171875 0.017578125