0 0.7841796875 0.99609375 0.013671875 0.0078125
0 0.8173828125 0.990234375 0.021484375 0.01953125
0 0.99609375 0.966796875 0.0078125 0.01171875
0 0.8642578125 0.97265625 0.087890625 0.0546875
0 0.1142578125 0.9677734375 0.080078125 0.064453125
0 0.0751953125 0.955078125 0.041015625 0.04296875
0 0.765625 0.9453125 0.0234375 0.02734375
0 0.9833984375 0.9462890625 0.033203125 0.041015625
0 0.701171875 0.9482421875 0.07421875 0.076171875
0 0.806640625 0.9228515625 0.03125 0.033203125
0 0.6630859375 0.865234375 0.083984375 0.08984375
0 0.1669921875 0.837890625 0.083984375 0.0859375
0 0.220703125 0.76171875 0.03125 0.03125
0 0.3095703125 0.744140625 0.021484375 0.0234375
0 0.484375 0.7705078125 0.12890625 0.103515625
0 0.3408203125 0.7158203125 0.044921875 0.041015625
0 0.7939453125 0.740234375 0.158203125 0.15234375
0 0.5078125 0.646484375 0.046875 0.03515625
0 0.2119140625 0.6298828125 0.021484375 0.021484375
0 0.4775390625 0.6181640625 0.083984375 0.099609375
0 0.3017578125 0.6337890625 0.283203125 0.236328125
0 0.1298828125 0.4990234375 0.123046875 0.205078125
0 0.9560546875 0.33203125 0.033203125 0.04296875
0 0.8642578125 0.2509765625 0.138671875 0.076171875
0 0.98828125 0.125 0.0234375 0.04296875