0 0.6728515625 0.998046875 0.005859375 0.00390625
0 0.564453125 0.998046875 0.0078125 0.00390625
0 0.0205078125 0.998046875 0.005859375 0.00390625
0 0.9375 0.99609375 0.015625 0.0078125
0 0.6435546875 0.99609375 0.013671875 0.0078125
0 0.3466796875 0.990234375 0.029296875 0.01953125
0 0.171875 0.990234375 0.02734375 0.01953125
0 0.6162109375 0.9892578125 0.029296875 0.021484375
0 0.5009765625 0.986328125 0.060546875 0.02734375
0 0.84375 0.9853515625 0.0625 0.029296875
0 0.3779296875 0.984375 0.033203125 0.03125
0 0.716796875 0.982421875 0.0625 0.03515625
0 0.2001953125 0.9814453125 0.033203125 0.037109375
0 0.0283203125 0.978515625 0.052734375 0.03125
0 0.9853515625 0.9775390625 0.029296875 0.041015625
0 0.546875 0.9765625 0.0390625 0.0390625
0 0.90234375 0.9765625 0.046875 0.046875
0 0.431640625 0.962890625 0.03515625 0.03515625
0 0.404296875 0.9697265625 0.0390625 0.048828125
0 0.763671875 0.962890625 0.05078125 0.046875
0 0.072265625 0.96875 0.08203125 0.0625
0 0.9404296875 0.951171875 0.041015625 0.03125
0 0.0224609375 0.9453125 0.044921875 0.04296875
0 0.966796875 0.939453125 0.03515625 0.03515625
0 0.7294921875 0.93359375 0.021484375 0.0234375
0 0.4677734375 0.9453125 0.048828125 0.046875
0 0.048828125 0.927734375 0.01953125 0.02734375
0 0.501953125 0.9287109375 0.03125 0.037109375
0 0.28515625 0.955078125 0.109375 0.08984375
0 0.1875 0.9189453125 0.0625 0.056640625
0 0.013671875 0.9091796875 0.02734375 0.041015625
0 0.767578125 0.8994140625 0.02734375 0.029296875
0 0.646484375 0.931640625 0.140625 0.1015625
0 0.2275390625 0.8984375 0.033203125 0.04296875
0 0.732421875 0.8818359375 0.02734375 0.029296875
0 0.0537109375 0.8984375 0.064453125 0.0625
0 0.50390625 0.900390625 0.06640625 0.0703125
0 0.7763671875 0.8671875 0.029296875 0.0390625
0 0.125 0.90234375 0.07421875 0.1171875
0 0.005859375 0.8515625 0.01171875 0.01953125
0 0.9833984375 0.8515625 0.033203125 0.04296875
0 0.5615234375 0.837890625 0.025390625 0.02734375
0 0.4150390625 0.8798828125 0.166015625 0.115234375
0 0.8720703125 0.8837890625 0.173828125 0.126953125
0 0.02734375 0.833984375 0.02734375 0.03515625
0 0.5205078125 0.814453125 0.021484375 0.0234375
0 0.013671875 0.806640625 0.02734375 0.03515625
0 0.1748046875 0.826171875 0.119140625 0.078125
0 0.9736328125 0.8056640625 0.048828125 0.041015625
0 0.8515625 0.8271484375 0.14453125 0.095703125
0 0.3505859375 0.837890625 0.232421875 0.13671875
0 0.0078125 0.7763671875 0.015625 0.033203125
0 0.376953125 0.767578125 0.0234375 0.01953125
0 0.9541015625 0.7666015625 0.044921875 0.041015625
0 0.5185546875 0.7578125 0.021484375 0.0234375
0 0.9873046875 0.7529296875 0.025390625 0.044921875
0 0.29296875 0.7705078125 0.13671875 0.095703125
0 0.76171875 0.7353515625 0.03515625 0.033203125
0 0.548828125 0.7392578125 0.046875 0.044921875
0 0.1494140625 0.7275390625 0.021484375 0.021484375
0 0.361328125 0.7333984375 0.02734375 0.037109375
0 0.5849609375 0.724609375 0.021484375 0.0234375
0 0.1591796875 0.767578125 0.201171875 0.11328125
0 0.7939453125 0.71875 0.021484375 0.02734375
0 0.384765625 0.7216796875 0.03125 0.037109375
0 0.642578125 0.755859375 0.23046875 0.1328125
0 0.4228515625 0.7314453125 0.060546875 0.087890625
0 0.564453125 0.6884765625 0.07421875 0.017578125
0 0.1376953125 0.6962890625 0.154296875 0.033203125
0 0.6259765625 0.7021484375 0.060546875 0.048828125
0 0.5107421875 0.6904296875 0.029296875 0.025390625
0 0.4716796875 0.7060546875 0.041015625 0.056640625
0 0.2783203125 0.69140625 0.048828125 0.02734375
0 0.0380859375 0.7314453125 0.076171875 0.107421875
0 0.7080078125 0.796875 0.357421875 0.2421875
0 0.2314453125 0.693359375 0.029296875 0.03515625
0 0.068359375 0.6376953125 0.0234375 0.017578125
0 0.8095703125 0.623046875 0.017578125 0.03125
0 0.166015625 0.626953125 0.0234375 0.0390625
0 0.02734375 0.626953125 0.0546875 0.0390625
0 0.3173828125 0.623046875 0.025390625 0.03515625
0 0.1201171875 0.6259765625 0.056640625 0.041015625
0 0.974609375 0.6220703125 0.05078125 0.037109375
0 0.4072265625 0.6220703125 0.029296875 0.037109375
0 0.8427734375 0.62109375 0.033203125 0.04296875
0 0.20703125 0.619140625 0.03125 0.04296875
0 0.099609375 0.599609375 0.0234375 0.015625
0 0.169921875 0.5966796875 0.015625 0.017578125
0 0.0703125 0.599609375 0.0234375 0.0234375
0 0.3564453125 0.60546875 0.037109375 0.0625
0 0.0478515625 0.5849609375 0.017578125 0.021484375
0 0.400390625 0.5771484375 0.0390625 0.009765625
0 0.271484375 0.60546875 0.0546875 0.0703125
0 0.0185546875 0.5830078125 0.037109375 0.025390625
0 0.91015625 0.6005859375 0.03515625 0.064453125
0 0.84375 0.58203125 0.02734375 0.02734375
0 0.806640625 0.5810546875 0.01953125 0.025390625
0 0.3974609375 0.5615234375 0.044921875 0.017578125
0 0.9111328125 0.552734375 0.037109375 0.02734375
0 0.330078125 0.513671875 0.03125 0.03515625
0 0.2353515625 0.521484375 0.154296875 0.05078125
0 0.1298828125 0.515625 0.029296875 0.0390625
0 0.1064453125 0.515625 0.013671875 0.0390625
0 0.08984375 0.515625 0.015625 0.0390625
0 0.0556640625 0.517578125 0.048828125 0.04296875
0 0.01953125 0.517578125 0.01953125 0.04296875
0 0.9921875 0.51171875 0.015625 0.03515625
0 0.96875 0.51171875 0.015625 0.03515625
0 0.830078125 0.51953125 0.03515625 0.05078125
0 0.935546875 0.5078125 0.03125 0.03125
0 0.9033203125 0.5146484375 0.029296875 0.044921875
0 0.3896484375 0.521484375 0.060546875 0.05859375
0 0.6005859375 0.537109375 0.259765625 0.1640625
0 0.9033203125 0.4482421875 0.029296875 0.029296875
0 0.93359375 0.4462890625 0.02734375 0.033203125
0 0.0107421875 0.4443359375 0.021484375 0.033203125
0 0.9658203125 0.44140625 0.017578125 0.03125
0 0.3974609375 0.4443359375 0.048828125 0.037109375
0 0.3212890625 0.4443359375 0.044921875 0.037109375
0 0.2822265625 0.443359375 0.029296875 0.03515625
0 0.2451171875 0.443359375 0.017578125 0.03515625
0 0.8291015625 0.4404296875 0.033203125 0.033203125
0 0.193359375 0.4423828125 0.03125 0.037109375
0 0.12109375 0.443359375 0.04296875 0.0390625
0 0.0771484375 0.443359375 0.029296875 0.0390625
0 0.041015625 0.4423828125 0.03125 0.037109375
0 0.9912109375 0.4326171875 0.017578125 0.025390625
0 0.7734375 0.38671875 0.04296875 0.0234375
0 0.8447265625 0.373046875 0.029296875 0.02734375
0 0.8125 0.373046875 0.03125 0.02734375
0 0.72265625 0.3779296875 0.05078125 0.037109375
0 0.650390625 0.3818359375 0.03515625 0.044921875
0 0.6240234375 0.37890625 0.013671875 0.0390625
0 0.6005859375 0.3759765625 0.029296875 0.033203125
0 0.56640625 0.3759765625 0.03125 0.033203125
0 0.533203125 0.3759765625 0.03125 0.033203125
0 0.5068359375 0.3759765625 0.017578125 0.033203125
0 0.3173828125 0.376953125 0.029296875 0.03515625
0 0.2763671875 0.376953125 0.013671875 0.03515625
0 0.1494140625 0.3701171875 0.021484375 0.021484375
0 0.0673828125 0.37890625 0.013671875 0.0390625
0 0.0478515625 0.37890625 0.013671875 0.0390625
0 0.0322265625 0.37890625 0.013671875 0.0390625
0 0.0087890625 0.380859375 0.017578125 0.04296875
0 0.46484375 0.376953125 0.0390625 0.0390625
0 0.2265625 0.3759765625 0.015625 0.037109375
0 0.2080078125 0.3759765625 0.013671875 0.037109375
0 0.18359375 0.3759765625 0.02734375 0.037109375
0 0.123046875 0.376953125 0.015625 0.0390625
0 0.10546875 0.3759765625 0.015625 0.037109375
0 0.98828125 0.3740234375 0.01953125 0.037109375
0 0.935546875 0.3740234375 0.0625 0.037109375
0 0.89453125 0.369140625 0.015625 0.02734375
0 0.39453125 0.373046875 0.015625 0.03515625
0 0.3779296875 0.375 0.013671875 0.0390625
0 0.8935546875 0.3134765625 0.013671875 0.025390625
0 0.3671875 0.3115234375 0.015625 0.029296875
0 0.30078125 0.3125 0.015625 0.03125
0 0.9580078125 0.3095703125 0.041015625 0.033203125
0 0.8515625 0.3095703125 0.015625 0.033203125
0 0.8330078125 0.3095703125 0.017578125 0.033203125
0 0.3984375 0.3095703125 0.0234375 0.033203125
0 0.990234375 0.30859375 0.01953125 0.03515625
0 0.9208984375 0.30859375 0.029296875 0.03515625
0 0.107421875 0.30859375 0.015625 0.03515625
0 0.0888671875 0.30859375 0.017578125 0.03515625
0 0.0615234375 0.30859375 0.033203125 0.03515625
0 0.328125 0.30859375 0.03125 0.0390625
0 0.1318359375 0.30859375 0.029296875 0.0390625
0 0.6123046875 0.306640625 0.126953125 0.0390625
0 0.021484375 0.306640625 0.04296875 0.0390625
0 0.2783203125 0.306640625 0.013671875 0.04296875
0 0.2626953125 0.306640625 0.013671875 0.04296875
0 0.24609375 0.306640625 0.015625 0.04296875
0 0.712890625 0.3046875 0.0703125 0.04296875
0 0.4970703125 0.3037109375 0.095703125 0.041015625
0 0.2294921875 0.3056640625 0.013671875 0.044921875
0 0.1845703125 0.3056640625 0.013671875 0.044921875
0 0.1552734375 0.3056640625 0.013671875 0.044921875
0 0.20703125 0.3037109375 0.02734375 0.048828125
0 0.7841796875 0.2998046875 0.064453125 0.052734375
0 0.8427734375 0.28125 0.033203125 0.01953125
0 0.4052734375 0.2802734375 0.029296875 0.017578125
0 0.927734375 0.267578125 0.01953125 0.015625
0 0.8994140625 0.2734375 0.025390625 0.03125
0 0.46484375 0.2568359375 0.03125 0.033203125
0 0.248046875 0.236328125 0.015625 0.0234375
0 0.2978515625 0.23828125 0.025390625 0.03125
0 0.2744140625 0.2373046875 0.013671875 0.029296875
0 0.208984375 0.2353515625 0.02734375 0.025390625
0 0.79296875 0.2412109375 0.1328125 0.041015625
0 0.462890625 0.228515625 0.015625 0.015625
0 0.353515625 0.234375 0.015625 0.02734375
0 0.3271484375 0.232421875 0.029296875 0.0234375
0 0.2314453125 0.234375 0.013671875 0.02734375
0 0.177734375 0.234375 0.03125 0.02734375
0 0.1533203125 0.234375 0.013671875 0.02734375
0 0.1376953125 0.234375 0.013671875 0.02734375
0 0.1142578125 0.234375 0.029296875 0.02734375
0 0.078125 0.2275390625 0.015625 0.013671875
0 0.0498046875 0.2333984375 0.037109375 0.025390625
0 0.015625 0.240234375 0.015625 0.0390625
0 0.0029296875 0.240234375 0.005859375 0.0390625
0 0.998046875 0.244140625 0.00390625 0.05078125
0 0.9716796875 0.2333984375 0.013671875 0.029296875
0 0.94921875 0.232421875 0.02734375 0.02734375
0 0.90234375 0.2333984375 0.03125 0.029296875
0 0.4072265625 0.2333984375 0.033203125 0.029296875
0 0.60546875 0.1767578125 0.01953125 0.029296875
0 0.162109375 0.173828125 0.01953125 0.0234375
0 0.1416015625 0.1689453125 0.017578125 0.037109375
0 0.0146484375 0.1669921875 0.029296875 0.044921875
0 0.0458984375 0.166015625 0.029296875 0.046875
0 0.0966796875 0.158203125 0.068359375 0.05078125
0 0.5146484375 0.16015625 0.150390625 0.0625
0 0.0302734375 0.1123046875 0.060546875 0.041015625
0 0.287109375 0.1142578125 0.1015625 0.150390625
0 0.0400390625 0.0380859375 0.021484375 0.029296875
0 0.2216796875 0.0341796875 0.025390625 0.048828125
0 0.1953125 0.0341796875 0.0234375 0.048828125
0 0.384765625 0.095703125 0.0546875 0.19140625