0 0.7998046875 0.9892578125 0.041015625 0.021484375
0 0.0556640625 0.9521484375 0.111328125 0.095703125
0 0.2763671875 0.939453125 0.142578125 0.12109375
0 0.8310546875 0.7763671875 0.337890625 0.408203125
0 0.1484375 0.5166015625 0.1328125 0.130859375
0 0.9921875 0.330078125 0.015625 0.03125
0 0.5048828125 0.3046875 0.130859375 0.09375
0 0.248046875 0.27734375 0.0546875 0.06640625
0 0.7939453125 0.2998046875 0.181640625 0.123046875
0 0.296875 0.2607421875 0.05859375 0.060546875
0 0.3837890625 0.2412109375 0.021484375 0.025390625
0 0.884765625 0.232421875 0.03515625 0.03125
0 0.26953125 0.22265625 0.0234375 0.02734375
0 0.966796875 0.2197265625 0.03515625 0.033203125
0 0.4541015625 0.21484375 0.029296875 0.02734375
0 0.228515625 0.2119140625 0.0234375 0.025390625
0 0.2900390625 0.19921875 0.025390625 0.02734375
0 0.9951171875 0.19140625 0.009765625 0.015625
0 0.310546875 0.189453125 0.0234375 0.02734375
0 0.927734375 0.1865234375 0.02734375 0.025390625
0 0.646484375 0.181640625 0.01953125 0.015625
0 0.4296875 0.1884765625 0.0546875 0.037109375
0 0.3291015625 0.1796875 0.021484375 0.0234375
0 0.5107421875 0.1865234375 0.033203125 0.044921875
0 0.7373046875 0.177734375 0.041015625 0.03515625
0 0.357421875 0.1689453125 0.01953125 0.025390625
0 0.908203125 0.166015625 0.0234375 0.0234375
0 0.3798828125 0.1630859375 0.025390625 0.029296875
0 0.921875 0.1494140625 0.01953125 0.017578125
0 0.798828125 0.154296875 0.03515625 0.03515625
0 0.6435546875 0.150390625 0.041015625 0.02734375
0 0.4296875 0.150390625 0.03515625 0.03515625
0 0.8837890625 0.1416015625 0.021484375 0.021484375
0 0.2783203125 0.140625 0.048828125 0.0390625
0 0.8916015625 0.119140625 0.021484375 0.01953125
0 0.6962890625 0.1220703125 0.021484375 0.025390625
0 0.71484375 0.1162109375 0.01953125 0.021484375
0 0.6396484375 0.1162109375 0.029296875 0.021484375
0 0.849609375 0.1171875 0.02734375 0.02734375
0 0.353515625 0.1123046875 0.0234375 0.029296875
0 0.732421875 0.1083984375 0.01953125 0.025390625
0 0.3212890625 0.1201171875 0.041015625 0.048828125
0 0.74609375 0.095703125 0.0234375 0.03125
0 0.6298828125 0.0947265625 0.029296875 0.029296875
0 0.9716796875 0.119140625 0.056640625 0.08203125
0 0.4267578125 0.087890625 0.017578125 0.01953125
0 0.3876953125 0.0947265625 0.029296875 0.037109375
0 0.2763671875 0.087890625 0.029296875 0.03125
0 0.876953125 0.0791015625 0.03125 0.025390625
0 0.7744140625 0.0830078125 0.025390625 0.033203125
0 0.802734375 0.072265625 0.01953125 0.01953125
0 0.46875 0.06640625 0.01953125 0.0234375
0 0.6201171875 0.0654296875 0.029296875 0.029296875
0 0.9033203125 0.0625 0.033203125 0.03125
0 0.447265625 0.064453125 0.02734375 0.03515625
0 0.947265625 0.060546875 0.03125 0.03125
0 0.8271484375 0.0478515625 0.025390625 0.025390625
0 0.6728515625 0.052734375 0.033203125 0.03515625
0 0.703125 0.0400390625 0.0234375 0.029296875
0 0.84375 0.0283203125 0.03125 0.029296875
0 0.9267578125 0.0244140625 0.033203125 0.033203125
0 0.8681640625 0.013671875 0.052734375 0.02734375
0 0.8212890625 0.005859375 0.017578125 0.01171875
0 0.7880859375 0.0126953125 0.025390625 0.025390625
0 0.095703125 0.021484375 0.0703125 0.04296875