0 0.8525390625 0.99609375 0.017578125 0.0078125
0 0.681640625 0.99609375 0.015625 0.0078125
0 0.5771484375 0.99609375 0.009765625 0.0078125
0 0.4560546875 0.994140625 0.021484375 0.01171875
0 0.6103515625 0.9892578125 0.021484375 0.021484375
0 0.7177734375 0.98828125 0.021484375 0.0234375
0 0.6357421875 0.978515625 0.017578125 0.01953125
0 0.8359375 0.9794921875 0.03515625 0.029296875
0 0.5029296875 0.974609375 0.021484375 0.01953125
0 0.6640625 0.966796875 0.0234375 0.02734375
0 0.5302734375 0.9638671875 0.021484375 0.021484375
0 0.884765625 0.9599609375 0.0234375 0.025390625
0 0.908203125 0.9541015625 0.03125 0.025390625
0 0.6943359375 0.951171875 0.017578125 0.0234375
0 0.9384765625 0.939453125 0.017578125 0.01953125
0 0.548828125 0.9443359375 0.02734375 0.041015625
0 0.009765625 0.94921875 0.01953125 0.05078125
0 0.5888671875 0.9306640625 0.025390625 0.033203125
0 0.9638671875 0.919921875 0.021484375 0.0234375
0 0.734375 0.935546875 0.0546875 0.05859375
0 0.6376953125 0.9111328125 0.029296875 0.037109375
0 0.5009765625 0.9267578125 0.060546875 0.068359375
0 0.1396484375 0.916015625 0.041015625 0.0546875
0 0.669921875 0.8935546875 0.01953125 0.025390625
0 0.2353515625 0.89453125 0.119140625 0.0703125
0 0.53125 0.857421875 0.01953125 0.02734375
0 0.9326171875 0.857421875 0.044921875 0.03125
0 0.345703125 0.861328125 0.06640625 0.04296875
0 0.87890625 0.8466796875 0.01953125 0.021484375
0 0.263671875 0.8447265625 0.01953125 0.017578125
0 0.7158203125 0.8642578125 0.048828125 0.064453125
0 0.1220703125 0.8544921875 0.025390625 0.044921875
0 0.568359375 0.84765625 0.0234375 0.03515625
0 0.1875 0.8427734375 0.02734375 0.048828125
0 0.3828125 0.8310546875 0.03125 0.044921875
0 0.3291015625 0.8203125 0.041015625 0.0234375
0 0.615234375 0.8232421875 0.0234375 0.033203125
0 0.421875 0.8203125 0.03125 0.04296875
0 0.4453125 0.8125 0.02734375 0.03515625
0 0.9482421875 0.796875 0.029296875 0.0234375
0 0.8427734375 0.8515625 0.115234375 0.1328125
0 0.326171875 0.7958984375 0.0390625 0.021484375
0 0.111328125 0.806640625 0.02734375 0.04296875
0 0.4677734375 0.8037109375 0.029296875 0.041015625
0 0.490234375 0.7978515625 0.02734375 0.033203125
0 0.251953125 0.7900390625 0.02734375 0.017578125
0 0.677734375 0.8173828125 0.0859375 0.080078125
0 0.17578125 0.7958984375 0.02734375 0.041015625
0 0.560546875 0.779296875 0.01953125 0.0234375
0 0.3212890625 0.7724609375 0.041015625 0.025390625
0 0.890625 0.7646484375 0.01953125 0.013671875
0 0.94140625 0.763671875 0.02734375 0.0234375
0 0.587890625 0.767578125 0.02734375 0.03125
0 0.365234375 0.763671875 0.0390625 0.0234375
0 0.248046875 0.7578125 0.0234375 0.01953125
0 0.0791015625 0.763671875 0.033203125 0.04296875
0 0.779296875 0.7578125 0.078125 0.05859375
0 0.1728515625 0.7421875 0.025390625 0.04296875
0 0.30859375 0.72265625 0.02734375 0.0234375
0 0.2373046875 0.7216796875 0.033203125 0.029296875
0 0.9267578125 0.71484375 0.037109375 0.0234375
0 0.0888671875 0.7060546875 0.041015625 0.025390625
0 0.748046875 0.7060546875 0.04296875 0.029296875
0 0.35546875 0.70703125 0.03515625 0.03125
0 0.6279296875 0.72265625 0.091796875 0.0703125
0 0.302734375 0.69921875 0.02734375 0.0234375
0 0.9951171875 0.6923828125 0.009765625 0.013671875
0 0.15234375 0.6904296875 0.04296875 0.025390625
0 0.9228515625 0.6845703125 0.033203125 0.025390625
0 0.2041015625 0.677734375 0.025390625 0.02734375
0 0.7783203125 0.6708984375 0.021484375 0.025390625
0 0.7275390625 0.6796875 0.048828125 0.04296875
0 0.2314453125 0.677734375 0.025390625 0.0390625
0 0.6376953125 0.66796875 0.029296875 0.0234375
0 0.9912109375 0.662109375 0.017578125 0.0234375
0 0.8037109375 0.6630859375 0.025390625 0.025390625
0 0.83984375 0.6611328125 0.02734375 0.033203125
0 0.9150390625 0.654296875 0.029296875 0.02734375
0 0.38671875 0.65625 0.02734375 0.03125
0 0.28515625 0.65625 0.02734375 0.03125
0 0.423828125 0.6494140625 0.01953125 0.021484375
0 0.86328125 0.6435546875 0.015625 0.017578125
0 0.3154296875 0.6513671875 0.025390625 0.037109375
0 0.6279296875 0.6396484375 0.052734375 0.029296875
0 0.3447265625 0.642578125 0.025390625 0.03515625
0 0.9892578125 0.6318359375 0.021484375 0.025390625
0 0.05078125 0.642578125 0.03125 0.05078125
0 0.9169921875 0.6259765625 0.029296875 0.025390625
0 0.09375 0.6328125 0.02734375 0.04296875
0 0.7119140625 0.623046875 0.037109375 0.02734375
0 0.568359375 0.619140625 0.01953125 0.01953125
0 0.0703125 0.6162109375 0.015625 0.013671875
0 0.125 0.623046875 0.02734375 0.04296875
0 0.4375 0.6181640625 0.02734375 0.037109375
0 0.9794921875 0.6044921875 0.021484375 0.021484375
0 0.76953125 0.6044921875 0.01953125 0.021484375
0 0.1484375 0.6123046875 0.0234375 0.037109375
0 0.462890625 0.611328125 0.02734375 0.04296875
0 0.0927734375 0.603515625 0.033203125 0.02734375
0 0.0439453125 0.6015625 0.029296875 0.0234375
0 0.1708984375 0.60546875 0.025390625 0.03515625
0 0.4873046875 0.603515625 0.021484375 0.03515625
0 0.625 0.5966796875 0.0390625 0.029296875
0 0.7919921875 0.595703125 0.029296875 0.03125
0 0.20703125 0.5908203125 0.02734375 0.029296875
0 0.5107421875 0.59375 0.025390625 0.0390625
0 0.830078125 0.5869140625 0.0390625 0.033203125
0 0.533203125 0.58203125 0.01953125 0.0234375
0 0.263671875 0.5849609375 0.03125 0.029296875
0 0.69921875 0.587890625 0.046875 0.0390625
0 0.55859375 0.58203125 0.0234375 0.03515625
0 0.0341796875 0.5751953125 0.029296875 0.025390625
0 0.326171875 0.5732421875 0.0234375 0.029296875
0 0.87109375 0.572265625 0.03125 0.03515625
0 0.6201171875 0.55859375 0.029296875 0.0234375
0 0.1962890625 0.55859375 0.029296875 0.0234375
0 0.1484375 0.552734375 0.015625 0.01953125
0 0.1220703125 0.5517578125 0.013671875 0.017578125
0 0.1005859375 0.5517578125 0.017578125 0.017578125
0 0.349609375 0.560546875 0.02734375 0.0390625
0 0.9384765625 0.5546875 0.025390625 0.03125
0 0.9072265625 0.55859375 0.029296875 0.0390625
0 0.373046875 0.5546875 0.02734375 0.0390625
0 0.9677734375 0.5458984375 0.029296875 0.033203125
0 0.6904296875 0.5478515625 0.033203125 0.041015625
0 0.4169921875 0.541015625 0.033203125 0.0390625
0 0.1923828125 0.533203125 0.021484375 0.0234375
0 0.0224609375 0.5400390625 0.025390625 0.037109375
0 0.251953125 0.533203125 0.03515625 0.02734375
0 0.994140625 0.529296875 0.01171875 0.0234375
0 0.3330078125 0.52734375 0.017578125 0.01953125
0 0.0751953125 0.529296875 0.025390625 0.0234375
0 0.7490234375 0.5283203125 0.033203125 0.025390625
0 0.796875 0.5283203125 0.03125 0.029296875
0 0.462890625 0.5302734375 0.0234375 0.033203125
0 0.048828125 0.5341796875 0.03125 0.041015625
0 0.357421875 0.521484375 0.015625 0.01953125
0 0.0986328125 0.5234375 0.021484375 0.0234375
0 0.490234375 0.5224609375 0.02734375 0.029296875
0 0.1201171875 0.517578125 0.021484375 0.0234375
0 0.39453125 0.5126953125 0.015625 0.017578125
0 0.1455078125 0.51171875 0.021484375 0.03515625
0 0.16796875 0.50390625 0.0234375 0.0234375
0 0.8447265625 0.5078125 0.025390625 0.03515625
0 0.5283203125 0.5107421875 0.048828125 0.044921875
0 0.6025390625 0.4990234375 0.041015625 0.029296875
0 0.4306640625 0.4931640625 0.017578125 0.017578125
0 0.5625 0.5 0.02734375 0.04296875
0 0.888671875 0.48828125 0.02734375 0.0390625
0 0.2412109375 0.4853515625 0.037109375 0.033203125
0 0.4814453125 0.4755859375 0.017578125 0.017578125
0 0.28125 0.474609375 0.0234375 0.03125
0 0.935546875 0.478515625 0.03125 0.046875
0 0.595703125 0.466796875 0.0390625 0.02734375
0 0.3349609375 0.466796875 0.029296875 0.03125
0 0.0546875 0.462890625 0.0234375 0.0234375
0 0.6708984375 0.470703125 0.033203125 0.04296875
0 0.9716796875 0.4599609375 0.025390625 0.029296875
0 0.7177734375 0.4619140625 0.029296875 0.033203125
0 0.3681640625 0.458984375 0.021484375 0.02734375
0 0.9921875 0.453125 0.015625 0.02734375
0 0.400390625 0.451171875 0.01953125 0.02734375
0 0.76171875 0.451171875 0.02734375 0.03125
0 0.095703125 0.451171875 0.04296875 0.03515625
0 0.1396484375 0.439453125 0.025390625 0.02734375
0 0.5859375 0.4375 0.04296875 0.02734375
0 0.7900390625 0.439453125 0.029296875 0.0390625
0 0.4306640625 0.4404296875 0.041015625 0.041015625
0 0.658203125 0.431640625 0.02734375 0.02734375
0 0.1708984375 0.431640625 0.025390625 0.02734375
0 0.486328125 0.4228515625 0.0234375 0.025390625
0 0.224609375 0.419921875 0.01953125 0.01953125
0 0.822265625 0.42578125 0.03125 0.046875
0 0.0419921875 0.421875 0.037109375 0.0390625
0 0.8564453125 0.41796875 0.033203125 0.04296875
0 0.8916015625 0.412109375 0.025390625 0.03515625
0 0.580078125 0.408203125 0.0390625 0.02734375
0 0.6953125 0.3994140625 0.01953125 0.017578125
0 0.513671875 0.41015625 0.0234375 0.0390625
0 0.6533203125 0.404296875 0.033203125 0.03125
0 0.537109375 0.4052734375 0.0234375 0.037109375
0 0.2861328125 0.3994140625 0.021484375 0.025390625
0 0.7255859375 0.390625 0.017578125 0.015625
0 0.931640625 0.3974609375 0.02734375 0.033203125
0 0.0673828125 0.3994140625 0.041015625 0.041015625
0 0.748046875 0.384765625 0.01953125 0.015625
0 0.2470703125 0.3994140625 0.033203125 0.048828125
0 0.3115234375 0.3876953125 0.025390625 0.029296875
0 0.576171875 0.380859375 0.03515625 0.0234375
0 0.9970703125 0.37109375 0.005859375 0.01171875
0 0.970703125 0.3828125 0.03125 0.0390625
0 0.08984375 0.37890625 0.0390625 0.0390625
0 0.8203125 0.3662109375 0.01953125 0.025390625
0 0.6416015625 0.3720703125 0.029296875 0.037109375
0 0.9052734375 0.36328125 0.017578125 0.0234375
0 0.162109375 0.3603515625 0.02734375 0.025390625
0 0.845703125 0.35546875 0.01953125 0.01953125
0 0.67578125 0.3603515625 0.03515625 0.041015625
0 0.1220703125 0.361328125 0.052734375 0.04296875
0 0.703125 0.3505859375 0.02734375 0.041015625
0 0.73046875 0.3447265625 0.02734375 0.037109375
0 0.1328125 0.3388671875 0.02734375 0.029296875
0 0.7587890625 0.3427734375 0.029296875 0.044921875
0 0.2060546875 0.3291015625 0.029296875 0.029296875
0 0.79296875 0.328125 0.02734375 0.0390625
0 0.1533203125 0.3193359375 0.029296875 0.033203125
0 0.44921875 0.322265625 0.03125 0.04296875
0 0.4951171875 0.3212890625 0.029296875 0.044921875
0 0.5244140625 0.31640625 0.025390625 0.0390625
0 0.9658203125 0.3046875 0.021484375 0.0234375
0 0.8505859375 0.30859375 0.025390625 0.03125
0 0.5517578125 0.3056640625 0.029296875 0.025390625
0 0.2431640625 0.306640625 0.033203125 0.03125
0 0.8779296875 0.3056640625 0.029296875 0.041015625
0 0.177734375 0.298828125 0.02734375 0.02734375
0 0.4794921875 0.291015625 0.017578125 0.015625
0 0.90625 0.2998046875 0.03125 0.044921875
0 0.5478515625 0.283203125 0.021484375 0.015625
0 0.9375 0.296875 0.03125 0.046875
0 0.611328125 0.2890625 0.02734375 0.03515625
0 0.1953125 0.279296875 0.0234375 0.0234375
0 0.6435546875 0.28125 0.021484375 0.03125
0 0.431640625 0.27734375 0.02734375 0.02734375
0 0.9775390625 0.2734375 0.025390625 0.02734375
0 0.6748046875 0.2763671875 0.025390625 0.033203125
0 0.541015625 0.2646484375 0.0234375 0.025390625
0 0.216796875 0.2578125 0.02734375 0.02734375
0 0.701171875 0.2607421875 0.02734375 0.037109375
0 0.44921875 0.24609375 0.015625 0.01953125
0 0.73046875 0.25390625 0.03125 0.0390625
0 0.6005859375 0.2529296875 0.029296875 0.037109375
0 0.4208984375 0.24609375 0.025390625 0.0234375
0 0.759765625 0.24609375 0.03125 0.0390625
0 0.5341796875 0.2392578125 0.025390625 0.025390625
0 0.4755859375 0.2412109375 0.025390625 0.033203125
0 0.248046875 0.2412109375 0.0390625 0.037109375
0 0.2607421875 0.21875 0.025390625 0.0234375
0 0.8505859375 0.2197265625 0.025390625 0.029296875
0 0.7880859375 0.2265625 0.029296875 0.04296875
0 0.525390625 0.2138671875 0.02734375 0.021484375
0 0.908203125 0.208984375 0.02734375 0.03125
0 0.5888671875 0.2109375 0.029296875 0.0390625
0 0.9365234375 0.201171875 0.025390625 0.03515625
0 0.9658203125 0.1982421875 0.025390625 0.037109375
0 0.6484375 0.1845703125 0.0234375 0.021484375
0 0.408203125 0.1845703125 0.02734375 0.025390625
0 0.302734375 0.19140625 0.0390625 0.0390625
0 0.990234375 0.1875 0.01953125 0.03515625
0 0.67578125 0.17578125 0.0234375 0.0234375
0 0.451171875 0.1728515625 0.0234375 0.025390625
0 0.9697265625 0.1669921875 0.017578125 0.021484375
0 0.708984375 0.1767578125 0.02734375 0.041015625
0 0.99609375 0.1611328125 0.0078125 0.017578125
0 0.478515625 0.1650390625 0.01953125 0.025390625
0 0.7412109375 0.16796875 0.029296875 0.04296875
0 0.3271484375 0.166015625 0.037109375 0.04296875
0 0.767578125 0.150390625 0.0234375 0.0234375
0 0.39453125 0.1494140625 0.01953125 0.025390625
0 0.796875 0.142578125 0.0234375 0.0234375
0 0.5380859375 0.1484375 0.080078125 0.046875
0 0.8271484375 0.1376953125 0.025390625 0.029296875
0 0.857421875 0.1298828125 0.0234375 0.025390625
0 0.8857421875 0.1220703125 0.021484375 0.025390625
0 0.9140625 0.119140625 0.02734375 0.03515625
0 0.662109375 0.111328125 0.02734375 0.0234375
0 0.6318359375 0.1181640625 0.029296875 0.037109375
0 0.9775390625 0.1181640625 0.037109375 0.041015625
0 0.9423828125 0.1142578125 0.025390625 0.033203125
0 0.068359375 0.17578125 0.13671875 0.15625
0 0.69140625 0.103515625 0.0234375 0.0234375
0 0.7197265625 0.0947265625 0.025390625 0.025390625
0 0.22265625 0.099609375 0.03515625 0.03515625
0 0.994140625 0.09375 0.01171875 0.03125
0 0.7509765625 0.08203125 0.029296875 0.0390625
0 0.2431640625 0.0830078125 0.037109375 0.041015625
0 0.7802734375 0.0751953125 0.025390625 0.029296875
0 0.806640625 0.0654296875 0.0234375 0.029296875
0 0.83984375 0.0576171875 0.0234375 0.029296875
0 0.869140625 0.0517578125 0.0234375 0.025390625
0 0.9013671875 0.04296875 0.025390625 0.0234375
0 0.2783203125 0.0546875 0.060546875 0.0546875
0 0.9345703125 0.0341796875 0.025390625 0.025390625
0 0.9658203125 0.021484375 0.025390625 0.03125
0 0.9892578125 0.015625 0.021484375 0.02734375
0 0.767578125 0.0068359375 0.02734375 0.013671875
0 0.0927734375 0.029296875 0.138671875 0.05859375