0 0.0029296875 0.99609375 0.005859375 0.0078125
0 0.0263671875 0.9853515625 0.033203125 0.029296875
0 0.0517578125 0.9482421875 0.021484375 0.021484375
0 0.822265625 0.9619140625 0.140625 0.076171875
0 0.080078125 0.9052734375 0.05078125 0.064453125
0 0.984375 0.8515625 0.03125 0.03125
0 0.794921875 0.83203125 0.02734375 0.01953125
0 0.998046875 0.810546875 0.00390625 0.00390625
0 0.9091796875 0.78125 0.021484375 0.01953125
0 0.78125 0.7587890625 0.03125 0.025390625
0 0.6904296875 0.7509765625 0.029296875 0.021484375
0 0.8466796875 0.748046875 0.029296875 0.01953125
0 0.9111328125 0.7509765625 0.017578125 0.029296875
0 0.8798828125 0.7470703125 0.017578125 0.029296875
0 0.7841796875 0.728515625 0.025390625 0.015625
0 0.94921875 0.7265625 0.03125 0.02734375
0 0.6904296875 0.720703125 0.029296875 0.0234375
0 0.7822265625 0.693359375 0.025390625 0.01953125
0 0.986328125 0.693359375 0.0234375 0.02734375
0 0.607421875 0.720703125 0.03515625 0.0859375
0 0.84765625 0.6845703125 0.03125 0.017578125
0 0.6923828125 0.6875 0.021484375 0.02734375
0 0.2041015625 0.7080078125 0.048828125 0.068359375
0 0.77734375 0.6640625 0.03515625 0.0234375
0 0.6875 0.66015625 0.02734375 0.01953125
0 0.9287109375 0.658203125 0.017578125 0.0234375
0 0.9931640625 0.65234375 0.013671875 0.01953125
0 0.779296875 0.62890625 0.0234375 0.01953125
0 0.603515625 0.6474609375 0.0234375 0.056640625
0 0.689453125 0.626953125 0.02734375 0.01953125
0 0.84765625 0.6279296875 0.03125 0.029296875
0 0.9228515625 0.6181640625 0.029296875 0.017578125
0 0.689453125 0.60546875 0.015625 0.01953125
0 0.9921875 0.6083984375 0.015625 0.044921875
0 0.74609375 0.5703125 0.0234375 0.015625
0 0.6357421875 0.5751953125 0.017578125 0.029296875
0 0.8369140625 0.5693359375 0.021484375 0.025390625
0 0.6943359375 0.5712890625 0.017578125 0.029296875
0 0.8623046875 0.5654296875 0.017578125 0.021484375
0 0.78125 0.5673828125 0.015625 0.025390625
0 0.8974609375 0.56640625 0.017578125 0.02734375
0 0.927734375 0.5732421875 0.01953125 0.044921875
0 0.9892578125 0.5625 0.021484375 0.02734375
0 0.2861328125 0.5400390625 0.041015625 0.029296875
0 0.6181640625 0.50390625 0.017578125 0.0234375
0 0.6943359375 0.49609375 0.021484375 0.02734375
0 0.8818359375 0.490234375 0.025390625 0.0234375
0 0.8271484375 0.4912109375 0.017578125 0.025390625
0 0.921875 0.486328125 0.03125 0.01953125
0 0.2236328125 0.49609375 0.029296875 0.04296875
0 0.7548828125 0.48828125 0.025390625 0.03125
0 0.3583984375 0.4921875 0.017578125 0.0390625
0 0.3359375 0.4912109375 0.02734375 0.048828125
0 0.2998046875 0.4775390625 0.021484375 0.029296875
0 0.98046875 0.470703125 0.0390625 0.02734375
0 0.806640625 0.4609375 0.015625 0.01171875
0 0.8916015625 0.4599609375 0.013671875 0.013671875
0 0.705078125 0.458984375 0.015625 0.015625
0 0.841796875 0.4482421875 0.01953125 0.017578125
0 0.51171875 0.455078125 0.01953125 0.03125
0 0.326171875 0.443359375 0.0234375 0.01953125
0 0.6689453125 0.44140625 0.021484375 0.01953125
0 0.9453125 0.4365234375 0.0234375 0.017578125
0 0.81640625 0.435546875 0.0234375 0.01953125
0 0.236328125 0.435546875 0.0390625 0.0234375
0 0.7490234375 0.431640625 0.021484375 0.04296875
0 0.2880859375 0.4208984375 0.033203125 0.021484375
0 0.662109375 0.4111328125 0.01953125 0.017578125
0 0.8125 0.41015625 0.02734375 0.01953125
0 0.5244140625 0.453125 0.052734375 0.10546875
0 0.0458984375 0.4111328125 0.029296875 0.029296875
0 0.2607421875 0.392578125 0.033203125 0.02734375
0 0.7470703125 0.3759765625 0.021484375 0.017578125
0 0.576171875 0.427734375 0.01953125 0.125
0 0.8369140625 0.369140625 0.021484375 0.01171875
0 0.8896484375 0.380859375 0.029296875 0.04296875
0 0.9794921875 0.37890625 0.029296875 0.04296875
0 0.8125 0.3603515625 0.02734375 0.021484375
0 0.666015625 0.3623046875 0.03515625 0.037109375
0 0.7431640625 0.3427734375 0.025390625 0.025390625
0 0.490234375 0.34375 0.0390625 0.02734375
0 0.3671875 0.3388671875 0.0234375 0.021484375
0 0.806640625 0.33203125 0.01953125 0.02734375
0 0.625 0.3115234375 0.03125 0.025390625
0 0.16015625 0.2998046875 0.0234375 0.021484375
0 0.958984375 0.2958984375 0.04296875 0.025390625
0 0.8837890625 0.302734375 0.060546875 0.0390625
0 0.8046875 0.2919921875 0.01953125 0.021484375
0 0.7392578125 0.2861328125 0.025390625 0.017578125
0 0.544921875 0.30859375 0.0703125 0.11328125
0 0.80078125 0.255859375 0.0234375 0.03515625
0 0.873046875 0.2373046875 0.01953125 0.033203125
0 0.9384765625 0.2431640625 0.025390625 0.048828125
0 0.7216796875 0.224609375 0.037109375 0.03515625
0 0.46484375 0.2109375 0.0234375 0.015625
0 0.794921875 0.2119140625 0.01953125 0.033203125
0 0.576171875 0.2041015625 0.02734375 0.033203125
0 0.7783203125 0.1826171875 0.025390625 0.017578125
0 0.640625 0.197265625 0.0390625 0.046875
0 0.6923828125 0.173828125 0.017578125 0.01953125
0 0.6630859375 0.1787109375 0.025390625 0.029296875
0 0.4658203125 0.1669921875 0.029296875 0.017578125
0 0.927734375 0.16796875 0.03515625 0.0234375
0 0.720703125 0.16015625 0.01953125 0.0234375
0 0.7958984375 0.158203125 0.021484375 0.0234375
0 0.8349609375 0.15234375 0.017578125 0.015625
0 0.755859375 0.154296875 0.02734375 0.03515625
0 0.2568359375 0.154296875 0.107421875 0.0390625
0 0.927734375 0.142578125 0.03125 0.02734375
0 0.5625 0.13671875 0.02734375 0.0234375
0 0.80859375 0.134765625 0.0234375 0.02734375
0 0.3271484375 0.12890625 0.037109375 0.02734375
0 0.212890625 0.1240234375 0.02734375 0.017578125
0 0.8515625 0.125 0.0234375 0.03125
0 0.6025390625 0.12109375 0.025390625 0.02734375
0 0.9921875 0.1123046875 0.015625 0.029296875
0 0.9150390625 0.1064453125 0.025390625 0.021484375
0 0.646484375 0.1083984375 0.0234375 0.029296875
0 0.7041015625 0.09375 0.021484375 0.0234375
0 0.6787109375 0.099609375 0.021484375 0.03515625
0 0.2861328125 0.1025390625 0.087890625 0.041015625
0 0.751953125 0.080078125 0.0234375 0.02734375
0 0.779296875 0.072265625 0.0234375 0.03125
0 0.9853515625 0.072265625 0.021484375 0.03515625
0 0.4873046875 0.083984375 0.068359375 0.0703125
0 0.7509765625 0.048828125 0.017578125 0.015625
0 0.685546875 0.04296875 0.01953125 0.02734375
0 0.751953125 0.0283203125 0.04296875 0.025390625
0 0.8564453125 0.0380859375 0.048828125 0.048828125
0 0.962890625 0.02734375 0.03125 0.03125
0 0.8408203125 0.0048828125 0.017578125 0.009765625
0 0.80859375 0.0029296875 0.01171875 0.005859375
0 0.736328125 0.0068359375 0.0234375 0.013671875
0 0.671875 0.01171875 0.02734375 0.0234375
0 0.478515625 0.0234375 0.05859375 0.046875
0 0.2763671875 0.033203125 0.068359375 0.06640625