0 0.7421875 0.9794921875 0.12109375 0.041015625
0 0.03515625 0.974609375 0.0703125 0.05078125
0 0.4189453125 0.9677734375 0.103515625 0.064453125
0 0.25 0.9072265625 0.02734375 0.025390625
0 0.087890625 0.9150390625 0.04296875 0.041015625
0 0.8486328125 0.880859375 0.119140625 0.11328125
0 0.1591796875 0.841796875 0.041015625 0.04296875
0 0.1748046875 0.80078125 0.037109375 0.03515625
0 0.07421875 0.849609375 0.1484375 0.2109375
0 0.0029296875 0.7451171875 0.005859375 0.005859375
0 0.0048828125 0.7314453125 0.009765625 0.017578125
0 0.74609375 0.7705078125 0.140625 0.134765625
0 0.0478515625 0.763671875 0.095703125 0.125
0 0.0185546875 0.705078125 0.037109375 0.02734375
0 0.2353515625 0.716796875 0.060546875 0.0546875
0 0.05078125 0.693359375 0.0234375 0.0234375
0 0.2978515625 0.6728515625 0.029296875 0.029296875
0 0.1123046875 0.6728515625 0.041015625 0.044921875
0 0.0078125 0.6513671875 0.015625 0.025390625
0 0.3515625 0.5966796875 0.046875 0.044921875
0 0.22265625 0.6630859375 0.15234375 0.181640625
0 0.162109375 0.61328125 0.09765625 0.1015625
0 0.3857421875 0.5673828125 0.041015625 0.041015625
0 0.11328125 0.5908203125 0.12109375 0.123046875
0 0.4228515625 0.537109375 0.029296875 0.03125
0 0.0341796875 0.5576171875 0.068359375 0.080078125
0 0.9970703125 0.5048828125 0.005859375 0.005859375
0 0.404296875 0.51953125 0.04296875 0.046875
0 0.0556640625 0.5068359375 0.037109375 0.037109375
0 0.337890625 0.515625 0.06640625 0.07421875
0 0.4560546875 0.4853515625 0.041015625 0.044921875
0 0.1484375 0.4716796875 0.03125 0.029296875
0 0.013671875 0.4736328125 0.02734375 0.041015625
0 0.19921875 0.4931640625 0.0859375 0.095703125
0 0.1689453125 0.439453125 0.029296875 0.02734375
0 0.4091796875 0.439453125 0.052734375 0.0546875
0 0.2626953125 0.4921875 0.134765625 0.1640625
0 0.2587890625 0.427734375 0.041015625 0.03515625
0 0.1259765625 0.423828125 0.060546875 0.06640625
0 0.2060546875 0.4052734375 0.037109375 0.037109375
0 0.44140625 0.4033203125 0.046875 0.052734375
0 0.0556640625 0.4091796875 0.111328125 0.095703125
0 0.4658203125 0.3720703125 0.033203125 0.033203125
0 0.38671875 0.345703125 0.04296875 0.04296875
0 0.0205078125 0.3505859375 0.041015625 0.052734375
0 0.2099609375 0.357421875 0.091796875 0.07421875
0 0.05078125 0.3369140625 0.03515625 0.037109375
0 0.4072265625 0.32421875 0.044921875 0.04296875
0 0.4306640625 0.302734375 0.041015625 0.0390625
0 0.0986328125 0.3125 0.083984375 0.0625
0 0.001953125 0.2802734375 0.00390625 0.005859375
0 0.4296875 0.2626953125 0.03515625 0.037109375
0 0.474609375 0.2509765625 0.046875 0.052734375
0 0.1875 0.23828125 0.03125 0.03125
0 0.0263671875 0.2509765625 0.052734375 0.056640625
0 0.1337890625 0.2607421875 0.060546875 0.087890625
0 0.5615234375 0.3349609375 0.185546875 0.248046875
0 0.66796875 0.2265625 0.05078125 0.05078125
0 0.171875 0.2099609375 0.03125 0.029296875
0 0.0791015625 0.21484375 0.068359375 0.046875
0 0.7041015625 0.1953125 0.041015625 0.04296875
0 0.2685546875 0.2275390625 0.166015625 0.107421875
0 0.3544921875 0.177734375 0.025390625 0.0390625
0 0.3828125 0.2841796875 0.32421875 0.267578125
0 0.6982421875 0.16015625 0.025390625 0.0234375
0 0.73828125 0.1591796875 0.02734375 0.025390625
0 0.0341796875 0.17578125 0.068359375 0.06640625
0 0.279296875 0.1435546875 0.02734375 0.021484375
0 0.640625 0.1689453125 0.078125 0.095703125
0 0.875 0.1328125 0.03515625 0.0390625
0 0.2099609375 0.1533203125 0.138671875 0.091796875
0 0.8564453125 0.103515625 0.021484375 0.0234375
0 0.0673828125 0.12890625 0.064453125 0.0859375
0 0.3037109375 0.103515625 0.048828125 0.04296875
0 0.1162109375 0.0947265625 0.029296875 0.033203125
0 0.158203125 0.10546875 0.0859375 0.07421875
0 0.37109375 0.1142578125 0.078125 0.099609375
0 0.1103515625 0.07421875 0.033203125 0.02734375
0 0.02734375 0.0771484375 0.0546875 0.056640625
0 0.224609375 0.0673828125 0.07421875 0.064453125
0 0.8037109375 0.0830078125 0.103515625 0.107421875
0 0.7236328125 0.0771484375 0.095703125 0.103515625
0 0.087890625 0.046875 0.0390625 0.04296875
0 0.9638671875 0.080078125 0.072265625 0.11328125
0 0.77734375 0.033203125 0.01953125 0.02734375
0 0.3203125 0.0283203125 0.0234375 0.029296875
0 0.005859375 0.0234375 0.01171875 0.0234375
0 0.7939453125 0.0244140625 0.025390625 0.029296875
0 0.9248046875 0.0224609375 0.052734375 0.044921875
0 0.81640625 0.0126953125 0.0234375 0.025390625
0 0.67578125 0.00390625 0.01171875 0.0078125
0 0.58203125 0.05078125 0.17578125 0.1015625
0 0.353515625 0.0146484375 0.05859375 0.029296875
0 0.30078125 0.001953125 0.00390625 0.00390625
0 0.2841796875 0.0322265625 0.052734375 0.064453125
0 0.21484375 0.0166015625 0.0234375 0.033203125
0 0.146484375 0.02734375 0.08984375 0.0546875
0 0.05859375 0.0048828125 0.01953125 0.009765625
0 0.0166015625 0.013671875 0.025390625 0.02734375