0 0.068359375 0.998046875 0.00390625 0.00390625
0 0.736328125 0.9970703125 0.015625 0.005859375
0 0.439453125 0.9970703125 0.03125 0.005859375
0 0.052734375 0.99609375 0.0234375 0.0078125
0 0.330078125 0.9931640625 0.03515625 0.013671875
0 0.2587890625 0.98828125 0.037109375 0.01953125
0 0.171875 0.9873046875 0.03125 0.017578125
0 0.0048828125 0.9873046875 0.009765625 0.017578125
0 0.111328125 0.9814453125 0.0234375 0.017578125
0 0.3994140625 0.9765625 0.013671875 0.015625
0 0.048828125 0.9765625 0.01953125 0.01953125
0 0.9970703125 0.96875 0.005859375 0.0078125
0 0.9248046875 0.982421875 0.041015625 0.03515625
0 0.4306640625 0.97265625 0.044921875 0.03125
0 0.2568359375 0.9638671875 0.037109375 0.017578125
0 0.22265625 0.9638671875 0.015625 0.017578125
0 0.3251953125 0.9638671875 0.037109375 0.021484375
0 0.1689453125 0.962890625 0.025390625 0.01953125
0 0.5546875 0.962890625 0.03125 0.0234375
0 0.001953125 0.958984375 0.00390625 0.015625
0 0.896484375 0.9599609375 0.0234375 0.029296875
0 0.1025390625 0.9560546875 0.033203125 0.021484375
0 0.6005859375 0.955078125 0.037109375 0.02734375
0 0.5166015625 0.95703125 0.025390625 0.03515625
0 0.048828125 0.9453125 0.0234375 0.01953125
0 0.21875 0.9404296875 0.015625 0.017578125
0 0.9189453125 0.9423828125 0.025390625 0.025390625
0 0.255859375 0.939453125 0.03125 0.01953125
0 0.62890625 0.9345703125 0.015625 0.017578125
0 0.4287109375 0.9345703125 0.044921875 0.021484375
0 0.166015625 0.9326171875 0.0234375 0.021484375
0 0.9482421875 0.9375 0.029296875 0.03515625
0 0.322265625 0.9306640625 0.03515625 0.021484375
0 0.103515625 0.9267578125 0.02734375 0.025390625
0 0.7705078125 0.9306640625 0.033203125 0.041015625
0 0.501953125 0.919921875 0.01953125 0.0234375
0 0.0439453125 0.9130859375 0.021484375 0.017578125
0 0.9755859375 0.9228515625 0.025390625 0.041015625
0 0.251953125 0.9140625 0.0234375 0.0234375
0 0.361328125 0.9482421875 0.03125 0.103515625
0 0.5830078125 0.9111328125 0.029296875 0.033203125
0 0.8115234375 0.912109375 0.029296875 0.0390625
0 0.4287109375 0.9033203125 0.033203125 0.021484375
0 0.9931640625 0.9091796875 0.013671875 0.037109375
0 0.8427734375 0.9052734375 0.025390625 0.029296875
0 0.7744140625 0.8984375 0.021484375 0.01953125
0 0.3193359375 0.8984375 0.037109375 0.01953125
0 0.1640625 0.8984375 0.0234375 0.01953125
0 0.5498046875 0.896484375 0.025390625 0.03125
0 0.1044921875 0.890625 0.021484375 0.01953125
0 0.6826171875 0.8896484375 0.025390625 0.021484375
0 0.248046875 0.888671875 0.03125 0.0234375
0 0.0439453125 0.8857421875 0.033203125 0.021484375
0 0.1689453125 0.873046875 0.041015625 0.0234375
0 0.6552734375 0.873046875 0.025390625 0.02734375
0 0.5009765625 0.8759765625 0.029296875 0.033203125
0 0.4267578125 0.87109375 0.037109375 0.0234375
0 0.9091796875 0.875 0.033203125 0.03515625
0 0.7509765625 0.865234375 0.033203125 0.01953125
0 0.314453125 0.865234375 0.03125 0.0234375
0 0.0966796875 0.8671875 0.021484375 0.02734375
0 0.0390625 0.8623046875 0.02734375 0.017578125
0 0.35546875 0.859375 0.015625 0.015625
0 0.244140625 0.861328125 0.03125 0.01953125
0 0.9345703125 0.8583984375 0.029296875 0.037109375
0 0.900390625 0.8447265625 0.015625 0.017578125
0 0.8447265625 0.8447265625 0.029296875 0.017578125
0 0.615234375 0.8486328125 0.02734375 0.033203125
0 0.3740234375 0.83984375 0.013671875 0.015625
0 0.2392578125 0.8388671875 0.033203125 0.021484375
0 0.796875 0.8349609375 0.015625 0.017578125
0 0.7529296875 0.833984375 0.029296875 0.01953125
0 0.306640625 0.8369140625 0.0234375 0.025390625
0 0.09375 0.83203125 0.0234375 0.0234375
0 0.9775390625 0.837890625 0.029296875 0.0390625
0 0.15625 0.8369140625 0.03515625 0.044921875
0 0.4248046875 0.8291015625 0.025390625 0.033203125
0 0.615234375 0.81640625 0.015625 0.015625
0 0.994140625 0.818359375 0.01171875 0.0234375
0 0.2412109375 0.814453125 0.025390625 0.015625
0 0.6845703125 0.8134765625 0.021484375 0.017578125
0 0.03515625 0.8271484375 0.02734375 0.044921875
0 0.58203125 0.8271484375 0.03125 0.048828125
0 0.84765625 0.814453125 0.01953125 0.02734375
0 0.912109375 0.8076171875 0.02734375 0.017578125
0 0.9814453125 0.8037109375 0.017578125 0.017578125
0 0.7529296875 0.8037109375 0.025390625 0.017578125
0 0.396484375 0.8134765625 0.01953125 0.037109375
0 0.5556640625 0.8095703125 0.029296875 0.033203125
0 0.2431640625 0.7958984375 0.025390625 0.013671875
0 0.1474609375 0.7958984375 0.025390625 0.017578125
0 0.53125 0.798828125 0.02734375 0.03125
0 0.369140625 0.7998046875 0.0234375 0.037109375
0 0.0888671875 0.7919921875 0.021484375 0.021484375
0 0.7900390625 0.78515625 0.017578125 0.015625
0 0.681640625 0.7841796875 0.02734375 0.017578125
0 0.8505859375 0.7841796875 0.017578125 0.021484375
0 0.2421875 0.7783203125 0.0234375 0.013671875
0 0.3056640625 0.7890625 0.029296875 0.04296875
0 0.0244140625 0.775390625 0.021484375 0.01953125
0 0.7548828125 0.7734375 0.029296875 0.01953125
0 0.9453125 0.775390625 0.02734375 0.03125
0 0.509765625 0.771484375 0.02734375 0.02734375
0 0.9716796875 0.7646484375 0.025390625 0.021484375
0 0.65625 0.7607421875 0.015625 0.013671875
0 0.6904296875 0.755859375 0.017578125 0.0234375
0 0.9931640625 0.75390625 0.013671875 0.0234375
0 0.8447265625 0.75390625 0.025390625 0.0234375
0 0.0205078125 0.75 0.017578125 0.01953125
0 0.4345703125 0.751953125 0.029296875 0.02734375
0 0.2333984375 0.748046875 0.025390625 0.0234375
0 0.759765625 0.744140625 0.03125 0.01953125
0 0.1455078125 0.74609375 0.033203125 0.0234375
0 0.4638671875 0.748046875 0.021484375 0.03125
0 0.853515625 0.7255859375 0.01953125 0.021484375
0 0.6884765625 0.720703125 0.021484375 0.015625
0 0.9208984375 0.71875 0.033203125 0.01953125
0 0.5703125 0.7353515625 0.0625 0.052734375
0 0.0234375 0.7216796875 0.02734375 0.025390625
0 0.3818359375 0.7177734375 0.025390625 0.025390625
0 0.955078125 0.712890625 0.01171875 0.01953125
0 0.0712890625 0.7197265625 0.037109375 0.033203125
0 0.755859375 0.712890625 0.01953125 0.0234375
0 0.193359375 0.70703125 0.01171875 0.015625
0 0.2255859375 0.7060546875 0.021484375 0.017578125
0 0.1376953125 0.708984375 0.033203125 0.03125
0 0.697265625 0.693359375 0.01953125 0.01953125
0 0.3564453125 0.7001953125 0.025390625 0.033203125
0 0.9228515625 0.69140625 0.033203125 0.01953125
0 0.7900390625 0.689453125 0.013671875 0.015625
0 0.765625 0.6904296875 0.015625 0.017578125
0 0.8564453125 0.6904296875 0.017578125 0.029296875
0 0.3349609375 0.68359375 0.033203125 0.03125
0 0.1806640625 0.681640625 0.021484375 0.02734375
0 0.9873046875 0.681640625 0.025390625 0.0390625
0 0.0146484375 0.6748046875 0.025390625 0.029296875
0 0.298828125 0.6728515625 0.0234375 0.029296875
0 0.044921875 0.6640625 0.01953125 0.01953125
0 0.92578125 0.6630859375 0.03515625 0.021484375
0 0.712890625 0.6650390625 0.0234375 0.025390625
0 0.859375 0.662109375 0.01953125 0.0234375
0 0.0732421875 0.66796875 0.017578125 0.03515625
0 0.158203125 0.666015625 0.02734375 0.03515625
0 0.1337890625 0.658203125 0.017578125 0.0234375
0 0.927734375 0.63671875 0.03515625 0.01953125
0 0.740234375 0.638671875 0.02734375 0.02734375
0 0.9580078125 0.6298828125 0.013671875 0.021484375
0 0.7685546875 0.6298828125 0.021484375 0.021484375
0 0.2880859375 0.6337890625 0.033203125 0.048828125
0 0.79296875 0.6181640625 0.01953125 0.021484375
0 0.9970703125 0.6103515625 0.005859375 0.013671875
0 0.8203125 0.6064453125 0.01953125 0.021484375
0 0.0029296875 0.6015625 0.005859375 0.01953125
0 0.31640625 0.60546875 0.0234375 0.03125
0 0.025390625 0.5986328125 0.01953125 0.021484375
0 0.8466796875 0.59375 0.021484375 0.0234375
0 0.3427734375 0.595703125 0.025390625 0.03515625
0 0.3681640625 0.5908203125 0.025390625 0.037109375
0 0.2158203125 0.578125 0.013671875 0.015625
0 0.8681640625 0.5810546875 0.017578125 0.037109375
0 0.1806640625 0.576171875 0.021484375 0.02734375
0 0.3994140625 0.583984375 0.044921875 0.046875
0 0.4404296875 0.5615234375 0.021484375 0.029296875
0 0.2451171875 0.55859375 0.025390625 0.02734375
0 0.4697265625 0.5556640625 0.025390625 0.037109375
0 0.9921875 0.5458984375 0.015625 0.021484375
0 0.2724609375 0.544921875 0.021484375 0.0234375
0 0.931640625 0.5556640625 0.03515625 0.048828125
0 0.5859375 0.53515625 0.0234375 0.01953125
0 0.609375 0.5185546875 0.01953125 0.021484375
0 0.52734375 0.529296875 0.03515625 0.046875
0 0.3623046875 0.5205078125 0.060546875 0.033203125
0 0.7880859375 0.5205078125 0.056640625 0.044921875
0 0.7333984375 0.53125 0.021484375 0.06640625
0 0.548828125 0.5048828125 0.03125 0.033203125
0 0.576171875 0.49609375 0.03125 0.03125
0 0.431640625 0.4921875 0.02734375 0.02734375
0 0.4580078125 0.478515625 0.025390625 0.02734375
0 0.931640625 0.474609375 0.02734375 0.02734375
0 0.60546875 0.4775390625 0.03125 0.033203125
0 0.630859375 0.462890625 0.015625 0.02734375
0 0.8642578125 0.455078125 0.021484375 0.01953125
0 0.658203125 0.4443359375 0.02734375 0.025390625
0 0.9287109375 0.4345703125 0.017578125 0.021484375
0 0.998046875 0.421875 0.00390625 0.0078125
0 0.53515625 0.4345703125 0.02734375 0.033203125
0 0.498046875 0.43359375 0.0390625 0.05078125
0 0.69140625 0.4189453125 0.01953125 0.025390625
0 0.85546875 0.419921875 0.03125 0.03125
0 0.564453125 0.41796875 0.03125 0.03515625
0 0.5859375 0.4052734375 0.03125 0.029296875
0 0.931640625 0.3984375 0.03515625 0.01953125
0 0.7783203125 0.400390625 0.021484375 0.0234375
0 0.13671875 0.4541015625 0.1171875 0.138671875
0 0.861328125 0.3896484375 0.01953125 0.021484375
0 0.728515625 0.3994140625 0.03515625 0.041015625
0 0.9267578125 0.3720703125 0.029296875 0.017578125
0 0.61328125 0.3818359375 0.0390625 0.041015625
0 0.75 0.376953125 0.0390625 0.0390625
0 0.9970703125 0.361328125 0.005859375 0.01953125
0 0.30859375 0.3798828125 0.11328125 0.060546875
0 0.857421875 0.3603515625 0.015625 0.029296875
0 0.7734375 0.3564453125 0.0390625 0.037109375
0 0.6357421875 0.3525390625 0.029296875 0.029296875
0 0.798828125 0.33203125 0.03515625 0.03515625
0 0.9951171875 0.3203125 0.009765625 0.015625
0 0.921875 0.3232421875 0.02734375 0.025390625
0 0.8232421875 0.3095703125 0.029296875 0.029296875
0 0.603515625 0.3037109375 0.03125 0.033203125
0 0.9560546875 0.2939453125 0.021484375 0.017578125
0 0.9169921875 0.2939453125 0.037109375 0.021484375
0 0.734375 0.294921875 0.03515625 0.03125
0 0.6796875 0.2978515625 0.0390625 0.037109375
0 0.853515625 0.28125 0.03125 0.03125
0 0.994140625 0.2705078125 0.01171875 0.029296875
0 0.41015625 0.3095703125 0.06640625 0.115234375
0 0.197265625 0.3017578125 0.1328125 0.126953125
0 0.8076171875 0.23828125 0.025390625 0.02734375
0 0.98828125 0.2314453125 0.0234375 0.033203125
0 0.5390625 0.2216796875 0.03125 0.033203125
0 0.01953125 0.224609375 0.0390625 0.04296875
0 0.9326171875 0.232421875 0.056640625 0.06640625
0 0.9853515625 0.205078125 0.017578125 0.015625
0 0.501953125 0.1982421875 0.0234375 0.021484375
0 0.583984375 0.1826171875 0.0234375 0.021484375
0 0.9765625 0.1845703125 0.03515625 0.029296875
0 0.029296875 0.1865234375 0.04296875 0.044921875
0 0.9921875 0.1572265625 0.015625 0.029296875
0 0.8603515625 0.17578125 0.064453125 0.0703125
0 0.9052734375 0.1435546875 0.029296875 0.029296875
0 0.4033203125 0.1376953125 0.060546875 0.033203125
0 0.921875 0.12109375 0.03515625 0.0390625
0 0.5029296875 0.111328125 0.029296875 0.02734375
0 0.947265625 0.1103515625 0.02734375 0.029296875
0 0.2412109375 0.15625 0.115234375 0.1328125
0 0.4130859375 0.0947265625 0.029296875 0.025390625
0 0.97265625 0.0859375 0.0234375 0.03515625
0 0.4189453125 0.0703125 0.025390625 0.015625
0 0.5966796875 0.0751953125 0.041015625 0.029296875
0 0.486328125 0.068359375 0.0234375 0.03515625
0 0.6484375 0.0615234375 0.01953125 0.029296875
0 0.748046875 0.0537109375 0.03515625 0.033203125
0 0.9853515625 0.056640625 0.029296875 0.04296875
0 0.681640625 0.0458984375 0.0234375 0.021484375
0 0.533203125 0.0458984375 0.04296875 0.033203125
0 0.712890625 0.037109375 0.0234375 0.0234375
0 0.1083984375 0.0703125 0.142578125 0.09375
0 0.5849609375 0.0283203125 0.033203125 0.021484375
0 0.787109375 0.029296875 0.0390625 0.0390625
0 0.9052734375 0.0087890625 0.025390625 0.017578125
0 0.3857421875 0.01171875 0.064453125 0.0234375