0 0.939453125 0.4462890625 0.12109375 0.244140625
0 0.8486328125 0.2763671875 0.037109375 0.029296875
0 0.9619140625 0.2529296875 0.076171875 0.072265625
0 0.8837890625 0.23828125 0.060546875 0.06640625
0 0.8017578125 0.2041015625 0.029296875 0.025390625
0 0.9970703125 0.189453125 0.005859375 0.0078125
0 0.9248046875 0.1865234375 0.029296875 0.025390625
0 0.8662109375 0.1748046875 0.029296875 0.029296875
0 0.9794921875 0.1689453125 0.041015625 0.048828125
0 0.1845703125 0.15625 0.041015625 0.03125
0 0.9287109375 0.140625 0.064453125 0.0546875
0 0.998046875 0.095703125 0.00390625 0.0078125
0 0.73828125 0.099609375 0.03125 0.0390625
0 0.71484375 0.08984375 0.02734375 0.03515625
0 0.6923828125 0.0732421875 0.037109375 0.041015625
0 0.3466796875 0.0693359375 0.041015625 0.037109375
0 0.80078125 0.0771484375 0.21484375 0.138671875
0 0.99609375 0.0048828125 0.0078125 0.009765625
0 0.9423828125 0.0498046875 0.115234375 0.099609375
0 0.64453125 0.0205078125 0.09375 0.041015625
0 0.478515625 0.013671875 0.05859375 0.02734375