0 0.2138671875 0.98046875 0.064453125 0.0390625
0 0.3876953125 0.978515625 0.048828125 0.04296875
0 0.2890625 0.966796875 0.07421875 0.06640625
0 0.4345703125 0.9345703125 0.068359375 0.052734375
0 0.232421875 0.921875 0.0390625 0.0390625
0 0.318359375 0.884765625 0.0234375 0.0234375
0 0.46875 0.8701171875 0.046875 0.056640625
0 0.427734375 0.8662109375 0.046875 0.048828125
0 0.29296875 0.8505859375 0.06640625 0.056640625
0 0.3623046875 0.8505859375 0.052734375 0.068359375
0 0.2900390625 0.8125 0.017578125 0.015625
0 0.4248046875 0.8251953125 0.060546875 0.048828125
0 0.08984375 0.82421875 0.1796875 0.1875
0 0.3291015625 0.7646484375 0.048828125 0.083984375
0 0.2392578125 0.744140625 0.048828125 0.08984375
0 0.2919921875 0.685546875 0.064453125 0.046875