0 0.0478515625 0.822265625 0.068359375 0.06640625
0 0.4755859375 0.736328125 0.263671875 0.109375
0 0.939453125 0.7255859375 0.12109375 0.095703125
0 0.28515625 0.6044921875 0.03515625 0.033203125
0 0.634765625 0.580078125 0.09375 0.02734375
0 0.162109375 0.5458984375 0.03125 0.029296875
0 0.1767578125 0.525390625 0.029296875 0.0234375
0 0.974609375 0.5341796875 0.05078125 0.107421875
0 0.1728515625 0.439453125 0.099609375 0.11328125
0 0.357421875 0.447265625 0.17578125 0.1796875
0 0.8056640625 0.4755859375 0.212890625 0.244140625
0 0.59765625 0.4189453125 0.22265625 0.248046875
0 0.263671875 0.35546875 0.125 0.140625
0 0.1015625 0.271484375 0.1171875 0.0546875
0 0.9375 0.2841796875 0.125 0.134765625
0 0.482421875 0.2861328125 0.234375 0.232421875
0 0.02734375 0.119140625 0.02734375 0.0234375
0 0.9794921875 0.134765625 0.041015625 0.09375
0 0.798828125 0.109375 0.22265625 0.21875
0 0.265625 0.001953125 0.0078125 0.00390625