0 0.2578125 0.99609375 0.04296875 0.0078125
0 0.37890625 0.9931640625 0.01953125 0.013671875
0 0.9365234375 0.9873046875 0.021484375 0.017578125
0 0.9912109375 0.986328125 0.017578125 0.0234375
0 0.1689453125 0.986328125 0.052734375 0.02734375
0 0.37109375 0.962890625 0.01953125 0.015625
0 0.01953125 0.9755859375 0.0390625 0.048828125
0 0.93359375 0.9580078125 0.0234375 0.017578125
0 0.302734375 0.9697265625 0.0234375 0.041015625
0 0.845703125 0.9541015625 0.015625 0.013671875
0 0.990234375 0.9560546875 0.01953125 0.021484375
0 0.8046875 0.9482421875 0.03515625 0.021484375
0 0.169921875 0.9462890625 0.01953125 0.017578125
0 0.2548828125 0.9423828125 0.044921875 0.025390625
0 0.8740234375 0.9365234375 0.025390625 0.017578125
0 0.37890625 0.9365234375 0.0390625 0.021484375
0 0.9306640625 0.93359375 0.021484375 0.0234375
0 0.984375 0.9296875 0.01953125 0.0234375
0 0.203125 0.9345703125 0.0234375 0.041015625
0 0.7978515625 0.919921875 0.025390625 0.01953125
0 0.140625 0.9208984375 0.04296875 0.025390625
0 0.8642578125 0.9140625 0.041015625 0.0234375
0 0.3916015625 0.908203125 0.021484375 0.02734375
0 0.9619140625 0.90234375 0.013671875 0.01953125
0 0.92578125 0.900390625 0.0234375 0.01953125
0 0.7978515625 0.8935546875 0.033203125 0.021484375
0 0.9833984375 0.8896484375 0.025390625 0.017578125
0 0.921875 0.876953125 0.0234375 0.01953125
0 0.3671875 0.87109375 0.01953125 0.01953125
0 0.86328125 0.869140625 0.0234375 0.01953125
0 0.7900390625 0.8642578125 0.025390625 0.021484375
0 0.2607421875 0.8671875 0.044921875 0.02734375
0 0.98046875 0.8623046875 0.0234375 0.021484375
0 0.2060546875 0.8642578125 0.025390625 0.037109375
0 0.181640625 0.8603515625 0.02734375 0.037109375
0 0.1474609375 0.857421875 0.041015625 0.03125
0 0.9384765625 0.8466796875 0.013671875 0.013671875
0 0.302734375 0.849609375 0.01953125 0.02734375
0 0.9169921875 0.8388671875 0.025390625 0.021484375
0 0.78515625 0.8330078125 0.0234375 0.021484375
0 0.109375 0.84375 0.02734375 0.04296875
0 0.859375 0.8310546875 0.02734375 0.021484375
0 0.9755859375 0.8291015625 0.021484375 0.025390625
0 0.7861328125 0.802734375 0.029296875 0.01953125
0 0.365234375 0.8115234375 0.0234375 0.041015625
0 0.3017578125 0.802734375 0.029296875 0.0234375
0 0.8515625 0.7998046875 0.0390625 0.041015625
0 0.7998046875 0.78515625 0.017578125 0.01171875
0 0.2529296875 0.79296875 0.052734375 0.02734375
0 0.02734375 0.8134765625 0.0546875 0.068359375
0 0.970703125 0.787109375 0.02734375 0.02734375
0 0.1728515625 0.7783203125 0.029296875 0.037109375
0 0.78125 0.767578125 0.03125 0.01953125
0 0.912109375 0.7666015625 0.02734375 0.021484375
0 0.849609375 0.765625 0.0234375 0.01953125
0 0.1357421875 0.7666015625 0.044921875 0.037109375
0 0.9638671875 0.75390625 0.021484375 0.01953125
0 0.6357421875 0.8447265625 0.193359375 0.205078125
0 0.900390625 0.7353515625 0.0234375 0.021484375
0 0.958984375 0.7275390625 0.02734375 0.017578125
0 0.76953125 0.728515625 0.01953125 0.01953125
0 0.37109375 0.73046875 0.02734375 0.02734375
0 0.8447265625 0.7294921875 0.025390625 0.037109375
0 0.3193359375 0.72265625 0.033203125 0.02734375
0 0.197265625 0.705078125 0.01953125 0.0234375
0 0.2236328125 0.705078125 0.029296875 0.03125
0 0.412109375 0.6982421875 0.02734375 0.021484375
0 0.7705078125 0.693359375 0.021484375 0.0234375
0 0.84375 0.6904296875 0.015625 0.025390625
0 0.8095703125 0.6953125 0.021484375 0.03515625
0 0.0966796875 0.6923828125 0.033203125 0.029296875
0 0.3759765625 0.6904296875 0.025390625 0.033203125
0 0.90625 0.6826171875 0.015625 0.021484375
0 0.9326171875 0.6806640625 0.017578125 0.021484375
0 0.95703125 0.6826171875 0.0234375 0.029296875
0 0.0625 0.6787109375 0.02734375 0.033203125
0 0.3330078125 0.669921875 0.025390625 0.02734375
0 0.30859375 0.66015625 0.0234375 0.02734375
0 0.271484375 0.6591796875 0.01953125 0.025390625
0 0.091796875 0.65625 0.02734375 0.02734375
0 0.0107421875 0.6513671875 0.021484375 0.025390625
0 0.4189453125 0.6416015625 0.025390625 0.025390625
0 0.5947265625 0.6318359375 0.025390625 0.017578125
0 0.697265625 0.6259765625 0.02734375 0.025390625
0 0.6513671875 0.625 0.017578125 0.0234375
0 0.23828125 0.6337890625 0.03515625 0.041015625
0 0.787109375 0.62109375 0.02734375 0.01953125
0 0.83203125 0.619140625 0.03125 0.01953125
0 0.7392578125 0.62109375 0.029296875 0.0234375
0 0.193359375 0.6318359375 0.03515625 0.044921875
0 0.880859375 0.615234375 0.02734375 0.01953125
0 0.1201171875 0.626953125 0.048828125 0.046875
0 0.9658203125 0.607421875 0.017578125 0.015625
0 0.5654296875 0.623046875 0.021484375 0.046875
0 0.1611328125 0.615234375 0.029296875 0.0390625
0 0.9921875 0.603515625 0.015625 0.01953125
0 0.537109375 0.5869140625 0.0234375 0.029296875
0 0.48046875 0.5888671875 0.06640625 0.041015625
0 0.3369140625 0.58203125 0.021484375 0.02734375
0 0.25390625 0.5693359375 0.03125 0.033203125
0 0.208984375 0.55859375 0.0390625 0.0234375
0 0.087890625 0.5595703125 0.03515625 0.033203125
0 0.025390625 0.5556640625 0.03125 0.033203125
0 0.3310546875 0.5400390625 0.025390625 0.021484375
0 0.1083984375 0.5458984375 0.033203125 0.033203125
0 0.3828125 0.533203125 0.0234375 0.02734375
0 0.13671875 0.52734375 0.03125 0.0234375
0 0.408203125 0.517578125 0.02734375 0.0234375
0 0.3203125 0.5166015625 0.0234375 0.025390625
0 0.03515625 0.51953125 0.0390625 0.05859375
0 0.375 0.4970703125 0.0234375 0.021484375
0 0.3076171875 0.4873046875 0.025390625 0.029296875
0 0.2392578125 0.4892578125 0.033203125 0.037109375
0 0.0439453125 0.482421875 0.033203125 0.03125
0 0.3583984375 0.462890625 0.021484375 0.01953125
0 0.1552734375 0.466796875 0.029296875 0.03125
0 0.2978515625 0.4580078125 0.021484375 0.017578125
0 0.353515625 0.435546875 0.01953125 0.01953125
0 0.1376953125 0.42578125 0.025390625 0.03515625
0 0.0810546875 0.4248046875 0.037109375 0.041015625
0 0.34375 0.412109375 0.03515625 0.03125
0 0.2802734375 0.404296875 0.025390625 0.01953125
0 0.2666015625 0.376953125 0.025390625 0.01953125
0 0.146484375 0.380859375 0.03515625 0.03515625
0 0.1904296875 0.3681640625 0.029296875 0.029296875
0 0.005859375 0.3525390625 0.01171875 0.021484375
0 0.248046875 0.3310546875 0.0234375 0.021484375
0 0.0107421875 0.32421875 0.021484375 0.02734375
0 0.900390625 0.3447265625 0.109375 0.080078125
0 0.759765625 0.3720703125 0.08203125 0.134765625
0 0.3427734375 0.3232421875 0.025390625 0.037109375
0 0.23046875 0.3046875 0.0234375 0.0234375
0 0.2958984375 0.3017578125 0.029296875 0.025390625
0 0.623046875 0.337890625 0.08203125 0.1328125
0 0.02734375 0.267578125 0.03515625 0.02734375
0 0.9970703125 0.2197265625 0.005859375 0.009765625
0 0.501953125 0.2685546875 0.13671875 0.111328125
0 0.2451171875 0.216796875 0.029296875 0.02734375
0 0.177734375 0.2099609375 0.03125 0.033203125
0 0.2041015625 0.1943359375 0.029296875 0.033203125
0 0.1484375 0.126953125 0.01171875 0.015625
0 0.7041015625 0.126953125 0.033203125 0.01953125
0 0.099609375 0.1279296875 0.01953125 0.033203125
0 0.033203125 0.1064453125 0.02734375 0.025390625
0 0.7587890625 0.1025390625 0.041015625 0.041015625
0 0.6650390625 0.0927734375 0.029296875 0.033203125
0 0.01171875 0.0771484375 0.0234375 0.029296875
0 0.6494140625 0.044921875 0.025390625 0.02734375
0 0.1376953125 0.0439453125 0.037109375 0.033203125
0 0.1064453125 0.033203125 0.029296875 0.03515625
0 0.7451171875 0.033203125 0.037109375 0.0390625
0 0.0732421875 0.0244140625 0.029296875 0.029296875
0 0.6337890625 0.0185546875 0.029296875 0.025390625
0 0.9482421875 0.0244140625 0.048828125 0.048828125
0 0.7158203125 0.005859375 0.021484375 0.01171875
0 0.61328125 0.0068359375 0.01953125 0.013671875
0 0.56640625 0.015625 0.046875 0.03125
0 0.3779296875 0.017578125 0.072265625 0.03515625
0 0.3017578125 0.0283203125 0.048828125 0.056640625
0 0.19921875 0.0556640625 0.0859375 0.111328125
0 0.01171875 0.0068359375 0.0234375 0.013671875