0 0.2451171875 0.927734375 0.259765625 0.14453125
0 0.3583984375 0.7841796875 0.068359375 0.072265625
0 0.2919921875 0.7138671875 0.052734375 0.052734375
0 0.23828125 0.66796875 0.0546875 0.0546875
0 0.1826171875 0.619140625 0.052734375 0.05078125
0 0.1259765625 0.572265625 0.052734375 0.0546875
0 0.0302734375 0.5068359375 0.060546875 0.064453125
0 0.083984375 0.4619140625 0.0390625 0.037109375
0 0.0419921875 0.419921875 0.037109375 0.0390625
0 0.2392578125 0.4814453125 0.193359375 0.197265625
0 0.2763671875 0.337890625 0.033203125 0.03515625
0 0.5654296875 0.330078125 0.021484375 0.0234375
0 0.9658203125 0.2841796875 0.025390625 0.029296875
0 0.9970703125 0.26953125 0.005859375 0.0078125
0 0.603515625 0.2734375 0.02734375 0.02734375
0 0.4033203125 0.345703125 0.169921875 0.17578125
0 0.5859375 0.26171875 0.02734375 0.02734375
0 0.33203125 0.267578125 0.046875 0.046875
0 0.1982421875 0.2822265625 0.099609375 0.111328125
0 0.9072265625 0.2294921875 0.041015625 0.037109375
0 0.6123046875 0.21484375 0.044921875 0.02734375
0 0.5009765625 0.205078125 0.080078125 0.07421875
0 0.744140625 0.158203125 0.0390625 0.0390625
0 0.9599609375 0.1318359375 0.029296875 0.029296875
0 0.537109375 0.1171875 0.01953125 0.01953125
0 0.7890625 0.0048828125 0.015625 0.009765625
0 0.673828125 0.001953125 0.00390625 0.00390625
0 0.033203125 0.044921875 0.06640625 0.08984375