0 0.66015625 0.5322265625 0.1171875 0.083984375
0 0.5732421875 0.49609375 0.056640625 0.04296875
0 0.166015625 0.46875 0.0234375 0.0234375
0 0.0205078125 0.4443359375 0.033203125 0.033203125
0 0.5947265625 0.43359375 0.037109375 0.0390625
0 0.1318359375 0.4140625 0.025390625 0.046875
0 0.0283203125 0.396484375 0.033203125 0.03515625
0 0.662109375 0.404296875 0.078125 0.1171875
0 0.841796875 0.3408203125 0.05078125 0.041015625
0 0.373046875 0.3388671875 0.23828125 0.107421875
0 0.123046875 0.27734375 0.0546875 0.06640625
0 0.0595703125 0.1826171875 0.017578125 0.025390625
0 0.1279296875 0.1865234375 0.037109375 0.044921875
0 0.0478515625 0.130859375 0.017578125 0.01953125
0 0.18359375 0.1279296875 0.01953125 0.033203125
0 0.1630859375 0.1240234375 0.021484375 0.033203125
0 0.126953125 0.1259765625 0.05078125 0.056640625
0 0.0595703125 0.1083984375 0.044921875 0.041015625
0 0.5869140625 0.0927734375 0.048828125 0.037109375
0 0.0029296875 0.0869140625 0.005859375 0.029296875
0 0.544921875 0.2109375 0.52734375 0.28125
0 0.662109375 0.0966796875 0.03515625 0.056640625
0 0.1875 0.0771484375 0.03515625 0.021484375
0 0.53125 0.0791015625 0.046875 0.037109375
0 0.1494140625 0.0693359375 0.017578125 0.017578125
0 0.4833984375 0.0673828125 0.048828125 0.037109375
0 0.279296875 0.0751953125 0.0546875 0.052734375
0 0.7724609375 0.109375 0.166015625 0.12890625
0 0.2333984375 0.056640625 0.029296875 0.03125
0 0.125 0.0546875 0.01953125 0.03515625
0 0.205078125 0.0478515625 0.02734375 0.033203125
0 0.1845703125 0.0439453125 0.025390625 0.037109375
0 0.052734375 0.041015625 0.03125 0.0390625
0 0.67578125 0.0419921875 0.03125 0.044921875
0 0.4140625 0.0390625 0.03515625 0.046875
0 0.1611328125 0.03125 0.025390625 0.03515625
0 0.3076171875 0.0244140625 0.029296875 0.033203125
0 0.01171875 0.0166015625 0.0234375 0.021484375
0 0.6064453125 0.0205078125 0.048828125 0.033203125
0 0.1376953125 0.01953125 0.029296875 0.03125
0 0.9814453125 0.0166015625 0.037109375 0.033203125
0 0.8388671875 0.015625 0.083984375 0.03125
0 0.7529296875 0.0029296875 0.021484375 0.005859375
0 0.55078125 0.01171875 0.046875 0.0234375
0 0.5009765625 0.005859375 0.041015625 0.01171875
0 0.3232421875 0.001953125 0.005859375 0.00390625
0 0.2763671875 0.0146484375 0.025390625 0.029296875
0 0.2470703125 0.009765625 0.033203125 0.01953125
0 0.21484375 0.0048828125 0.01953125 0.009765625
0 0.1181640625 0.0126953125 0.021484375 0.025390625
0 0.0947265625 0.0146484375 0.025390625 0.029296875
0 0.0625 0.005859375 0.02734375 0.01171875