0 0.998046875 0.966796875 0.00390625 0.0078125
0 0.2041015625 0.859375 0.037109375 0.03125
0 0.1689453125 0.734375 0.052734375 0.05859375
0 0.0751953125 0.7841796875 0.150390625 0.169921875
0 0.8818359375 0.7021484375 0.236328125 0.419921875
0 0.5966796875 0.5693359375 0.302734375 0.201171875
0 0.1259765625 0.4931640625 0.076171875 0.068359375
0 0.904296875 0.3427734375 0.19140625 0.173828125
0 0.50390625 0.0888671875 0.05859375 0.060546875
0 0.4697265625 0.0458984375 0.048828125 0.052734375
0 0.7060546875 0.013671875 0.177734375 0.02734375