0 0.755859375 0.998046875 0.02734375 0.00390625
0 0.599609375 0.998046875 0.03515625 0.00390625
0 0.7880859375 0.9970703125 0.025390625 0.005859375
0 0.666015625 0.9970703125 0.0390625 0.005859375
0 0.82421875 0.99609375 0.04296875 0.0078125
0 0.7255859375 0.99609375 0.025390625 0.0078125
0 0.7001953125 0.99609375 0.017578125 0.0078125
0 0.8759765625 0.9951171875 0.044921875 0.009765625
0 0.9326171875 0.994140625 0.044921875 0.01171875
0 0.12109375 0.9677734375 0.03515625 0.021484375
0 0.0146484375 0.966796875 0.021484375 0.03125
0 0.0849609375 0.9638671875 0.017578125 0.029296875
0 0.31640625 0.9619140625 0.0234375 0.029296875
0 0.1494140625 0.962890625 0.017578125 0.03515625
0 0.5634765625 0.9560546875 0.037109375 0.025390625
0 0.177734375 0.9619140625 0.03125 0.037109375
0 0.3525390625 0.95703125 0.029296875 0.03515625
0 0.220703125 0.958984375 0.03515625 0.0390625
0 0.0517578125 0.9580078125 0.044921875 0.044921875
0 0.603515625 0.9482421875 0.0234375 0.037109375
0 0.5302734375 0.9482421875 0.017578125 0.041015625
0 0.4130859375 0.94921875 0.029296875 0.046875
0 0.3818359375 0.9501953125 0.029296875 0.048828125
0 0.9423828125 0.9423828125 0.029296875 0.037109375
0 0.2587890625 0.9501953125 0.033203125 0.052734375
0 0.4736328125 0.947265625 0.087890625 0.05078125
0 0.3154296875 0.931640625 0.021484375 0.02734375
0 0.826171875 0.9375 0.16015625 0.05078125
0 0.2158203125 0.921875 0.029296875 0.02734375
0 0.1806640625 0.9228515625 0.025390625 0.029296875
0 0.595703125 0.9140625 0.03515625 0.02734375
0 0.6796875 0.9228515625 0.05859375 0.052734375
0 0.9384765625 0.90625 0.021484375 0.02734375
0 0.990234375 0.9228515625 0.01953125 0.072265625
0 0.755859375 0.896484375 0.03125 0.01953125
0 0.212890625 0.8935546875 0.03125 0.025390625
0 0.5947265625 0.8857421875 0.033203125 0.025390625
0 0.9384765625 0.8779296875 0.021484375 0.021484375
0 0.01171875 0.8759765625 0.0234375 0.025390625
0 0.3193359375 0.8876953125 0.033203125 0.052734375
0 0.0390625 0.880859375 0.03125 0.04296875
0 0.080078125 0.880859375 0.0390625 0.0546875
0 0.1298828125 0.8671875 0.052734375 0.05078125
0 0.9912109375 0.861328125 0.017578125 0.046875
0 0.3955078125 0.865234375 0.052734375 0.0546875
0 0.1904296875 0.8486328125 0.072265625 0.037109375
0 0.251953125 0.873046875 0.046875 0.09765625
0 0.4443359375 0.83984375 0.021484375 0.03515625
0 0.470703125 0.8330078125 0.02734375 0.025390625
0 0.3330078125 0.845703125 0.064453125 0.05078125
0 0.517578125 0.8388671875 0.0546875 0.041015625
0 0.5791015625 0.8349609375 0.064453125 0.037109375
0 0.6982421875 0.8359375 0.119140625 0.0546875
0 0.77734375 0.830078125 0.03515625 0.046875
0 0.990234375 0.81640625 0.01953125 0.0234375
0 0.93359375 0.8349609375 0.0234375 0.060546875
0 0.8369140625 0.830078125 0.076171875 0.05078125
0 0.8955078125 0.828125 0.037109375 0.05078125
0 0.0126953125 0.78125 0.025390625 0.02734375
0 0.07421875 0.7783203125 0.02734375 0.033203125
0 0.04296875 0.7783203125 0.0234375 0.033203125
0 0.134765625 0.7763671875 0.0234375 0.033203125
0 0.1044921875 0.7763671875 0.025390625 0.033203125
0 0.65625 0.76953125 0.03125 0.02734375
0 0.2578125 0.76953125 0.03515625 0.04296875
0 0.1943359375 0.7705078125 0.087890625 0.044921875
0 0.7041015625 0.7626953125 0.060546875 0.037109375
0 0.5390625 0.7626953125 0.140625 0.048828125
0 0.9873046875 0.7568359375 0.025390625 0.041015625
0 0.75390625 0.755859375 0.03125 0.046875
0 0.818359375 0.751953125 0.08984375 0.05078125
0 0.6513671875 0.7373046875 0.025390625 0.029296875
0 0.595703125 0.728515625 0.01953125 0.015625
0 0.25390625 0.73046875 0.0390625 0.0234375
0 0.98828125 0.7255859375 0.0234375 0.017578125
0 0.470703125 0.7177734375 0.0234375 0.017578125
0 0.7373046875 0.7119140625 0.068359375 0.017578125
0 0.3427734375 0.73828125 0.041015625 0.07421875
0 0.9873046875 0.7080078125 0.025390625 0.017578125
0 0.015625 0.712890625 0.01953125 0.02734375
0 0.658203125 0.70703125 0.0390625 0.02734375
0 0.591796875 0.701171875 0.0234375 0.015625
0 0.98828125 0.6904296875 0.0234375 0.013671875
0 0.9873046875 0.671875 0.025390625 0.015625
0 0.908203125 0.720703125 0.08203125 0.11328125
0 0.583984375 0.6923828125 0.0546875 0.068359375
0 0.3515625 0.6630859375 0.05078125 0.025390625
0 0.1474609375 0.6806640625 0.248046875 0.060546875
0 0.423828125 0.69921875 0.04296875 0.10546875
0 0.470703125 0.66015625 0.046875 0.046875
0 0.8251953125 0.654296875 0.033203125 0.0390625
0 0.53515625 0.658203125 0.04296875 0.05078125
0 0.6494140625 0.65234375 0.029296875 0.04296875
0 0.5966796875 0.6435546875 0.013671875 0.025390625
0 0.572265625 0.642578125 0.02734375 0.0234375
0 0.8818359375 0.6513671875 0.064453125 0.044921875
0 0.685546875 0.6484375 0.02734375 0.0390625
0 0.7861328125 0.6513671875 0.033203125 0.048828125
0 0.7353515625 0.650390625 0.064453125 0.046875
0 0.9970703125 0.6416015625 0.005859375 0.037109375
0 0.9833984375 0.6416015625 0.017578125 0.037109375
0 0.9326171875 0.634765625 0.025390625 0.02734375
0 0.357421875 0.5673828125 0.01953125 0.037109375
0 0.427734375 0.5673828125 0.03515625 0.041015625
0 0.3798828125 0.5673828125 0.017578125 0.041015625
0 0.3984375 0.564453125 0.015625 0.04296875
0 0.462890625 0.564453125 0.03125 0.046875
0 0.49609375 0.5634765625 0.03125 0.048828125
0 0.8681640625 0.5556640625 0.029296875 0.037109375
0 0.8212890625 0.556640625 0.060546875 0.0390625
0 0.70703125 0.55859375 0.1484375 0.04296875
0 0.93359375 0.5546875 0.01953125 0.0390625
0 0.9013671875 0.5537109375 0.033203125 0.041015625
0 0.32421875 0.55859375 0.04296875 0.0546875
0 0.998046875 0.5107421875 0.00390625 0.037109375
0 0.33203125 0.50390625 0.0703125 0.04296875
0 0.388671875 0.4580078125 0.03125 0.041015625
0 0.3525390625 0.4580078125 0.029296875 0.041015625
0 0.3125 0.458984375 0.03125 0.04296875
0 0.5556640625 0.5048828125 0.080078125 0.138671875
0 0.458984375 0.4560546875 0.10546875 0.041015625
0 0.6748046875 0.453125 0.025390625 0.046875
0 0.64453125 0.486328125 0.03125 0.11328125
0 0.8623046875 0.4482421875 0.013671875 0.041015625
0 0.7802734375 0.4462890625 0.033203125 0.037109375
0 0.8251953125 0.44921875 0.056640625 0.046875
0 0.912109375 0.4775390625 0.0625 0.107421875
0 0.9853515625 0.453125 0.025390625 0.0625
0 0.31640625 0.392578125 0.0390625 0.03125
0 0.4150390625 0.3876953125 0.021484375 0.033203125
0 0.39453125 0.3818359375 0.01953125 0.033203125
0 0.4501953125 0.3837890625 0.044921875 0.041015625
0 0.9052734375 0.376953125 0.072265625 0.03125
0 0.806640625 0.3779296875 0.02734375 0.033203125
0 0.7744140625 0.37890625 0.029296875 0.03515625
0 0.3642578125 0.3837890625 0.037109375 0.044921875
0 0.537109375 0.3818359375 0.125 0.044921875
0 0.998046875 0.369140625 0.00390625 0.03125
0 0.98046875 0.3671875 0.01953125 0.0390625
0 0.3193359375 0.3515625 0.048828125 0.01953125
0 0.8447265625 0.3486328125 0.037109375 0.037109375
0 0.375 0.3388671875 0.01953125 0.017578125
0 0.583984375 0.3408203125 0.03125 0.033203125
0 0.9814453125 0.33203125 0.025390625 0.01953125
0 0.775390625 0.3359375 0.0234375 0.02734375
0 0.8046875 0.333984375 0.0234375 0.03125
0 0.3193359375 0.3232421875 0.052734375 0.037109375
0 0.6435546875 0.3447265625 0.037109375 0.107421875
0 0.9814453125 0.294921875 0.029296875 0.0390625
0 0.9833984375 0.267578125 0.033203125 0.015625
0 0.4365234375 0.2724609375 0.029296875 0.037109375
0 0.3564453125 0.2783203125 0.126953125 0.048828125
0 0.564453125 0.2880859375 0.06640625 0.080078125
0 0.5595703125 0.2685546875 0.029296875 0.041015625
0 0.4990234375 0.267578125 0.087890625 0.0390625
0 0.748046875 0.2822265625 0.05078125 0.080078125
0 0.802734375 0.2626953125 0.03125 0.044921875
0 0.9833984375 0.248046875 0.033203125 0.01953125
0 0.91015625 0.29296875 0.0625 0.109375
0 0.6376953125 0.205078125 0.033203125 0.02734375
0 0.455078125 0.2060546875 0.02734375 0.033203125
0 0.5263671875 0.2041015625 0.044921875 0.033203125
0 0.8134765625 0.197265625 0.013671875 0.0234375
0 0.478515625 0.203125 0.015625 0.03515625
0 0.74609375 0.197265625 0.046875 0.03515625
0 0.78125 0.193359375 0.015625 0.03515625
0 0.63671875 0.1806640625 0.03125 0.013671875
0 0.6728515625 0.1943359375 0.029296875 0.044921875
0 0.8876953125 0.189453125 0.095703125 0.0390625
0 0.46875 0.16796875 0.03125 0.01953125
0 0.2666015625 0.1689453125 0.009765625 0.021484375
0 0.982421875 0.1484375 0.03515625 0.015625
0 0.8525390625 0.1513671875 0.025390625 0.021484375
0 0.46484375 0.1455078125 0.03125 0.021484375
0 0.794921875 0.1572265625 0.046875 0.048828125
0 0.9140625 0.1455078125 0.04296875 0.029296875
0 0.634765625 0.1513671875 0.03125 0.041015625
0 0.5205078125 0.142578125 0.037109375 0.03125
0 0.462890625 0.1220703125 0.03515625 0.017578125
0 0.916015625 0.1181640625 0.03125 0.013671875
0 0.671875 0.1171875 0.01953125 0.0234375
0 0.6357421875 0.11328125 0.033203125 0.02734375
0 0.9814453125 0.103515625 0.037109375 0.01953125
0 0.6357421875 0.0859375 0.033203125 0.015625
0 0.8759765625 0.0791015625 0.025390625 0.021484375
0 0.671875 0.0810546875 0.01953125 0.025390625
0 0.4677734375 0.0869140625 0.029296875 0.037109375
0 0.4404296875 0.0869140625 0.017578125 0.037109375
0 0.5205078125 0.0849609375 0.048828125 0.037109375
0 0.57421875 0.1435546875 0.0390625 0.158203125
0 0.703125 0.099609375 0.0234375 0.078125
0 0.814453125 0.0947265625 0.078125 0.076171875
0 0.0849609375 0.033203125 0.033203125 0.03125
0 0.974609375 0.013671875 0.01171875 0.015625
0 0.91015625 0.013671875 0.04296875 0.02734375
0 0.0478515625 0.0029296875 0.017578125 0.005859375
0 0.009765625 0.0029296875 0.01953125 0.005859375