0 0.001953125 0.998046875 0.00390625 0.00390625
0 0.5791015625 0.99609375 0.013671875 0.0078125
0 0.9169921875 0.9921875 0.029296875 0.015625
0 0.6767578125 0.9912109375 0.033203125 0.017578125
0 0.8515625 0.990234375 0.03125 0.01953125
0 0.7548828125 0.9873046875 0.029296875 0.025390625
0 0.7724609375 0.9765625 0.029296875 0.02734375
0 0.7861328125 0.9609375 0.029296875 0.02734375
0 0.6162109375 0.9599609375 0.029296875 0.029296875
0 0.8818359375 0.9609375 0.048828125 0.05078125
0 0.7998046875 0.9462890625 0.029296875 0.029296875
0 0.7177734375 0.953125 0.041015625 0.04296875
0 0.064453125 0.9443359375 0.03125 0.033203125
0 0.8134765625 0.9296875 0.029296875 0.0234375
0 0.73828125 0.9296875 0.03125 0.03125
0 0.751953125 0.9140625 0.03125 0.02734375
0 0.154296875 0.9150390625 0.03125 0.033203125
0 0.04296875 0.9208984375 0.03125 0.044921875
0 0.826171875 0.9111328125 0.03125 0.029296875
0 0.01171875 0.9052734375 0.0234375 0.037109375
0 0.8408203125 0.8955078125 0.029296875 0.025390625
0 0.134765625 0.8935546875 0.02734375 0.029296875
0 0.9609375 0.93359375 0.078125 0.12890625
0 0.7802734375 0.8837890625 0.033203125 0.033203125
0 0.1181640625 0.880859375 0.025390625 0.02734375
0 0.85546875 0.87890625 0.03125 0.03125
0 0.390625 0.927734375 0.1953125 0.14453125
0 0.103515625 0.8681640625 0.02734375 0.029296875
0 0.80078125 0.8564453125 0.04296875 0.048828125
0 0.0732421875 0.841796875 0.033203125 0.03125
0 0.0537109375 0.8310546875 0.025390625 0.025390625
0 0.9833984375 0.8447265625 0.033203125 0.080078125
0 0.0400390625 0.8115234375 0.033203125 0.037109375
0 0.025390625 0.798828125 0.03125 0.03515625
0 0.0126953125 0.78515625 0.025390625 0.03515625
0 0.8857421875 0.8017578125 0.099609375 0.107421875
0 0.97265625 0.67578125 0.0546875 0.10546875
0 0.5078125 0.5029296875 0.04296875 0.044921875
0 0.62890625 0.4189453125 0.11328125 0.107421875
0 0.005859375 0.3310546875 0.01171875 0.021484375
0 0.150390625 0.4765625 0.30078125 0.46484375
0 0.431640625 0.2607421875 0.2421875 0.072265625
0 0.984375 0.015625 0.02734375 0.03125
0 0.9560546875 0.0087890625 0.025390625 0.017578125