0 0.9130859375 0.998046875 0.009765625 0.00390625
0 0.640625 0.9970703125 0.0078125 0.005859375
0 0.53125 0.9970703125 0.01171875 0.005859375
0 0.244140625 0.9970703125 0.0078125 0.005859375
0 0.2314453125 0.9970703125 0.005859375 0.005859375
0 0.330078125 0.99609375 0.015625 0.0078125
0 0.994140625 0.994140625 0.01171875 0.01171875
0 0.1611328125 0.994140625 0.021484375 0.01171875
0 0.48828125 0.9931640625 0.01953125 0.013671875
0 0.9462890625 0.9921875 0.025390625 0.015625
0 0.408203125 0.990234375 0.02734375 0.01953125
0 0.7177734375 0.98828125 0.033203125 0.0234375
0 0.3037109375 0.9873046875 0.025390625 0.025390625
0 0.810546875 0.9853515625 0.03515625 0.029296875
0 0.5263671875 0.9794921875 0.017578125 0.017578125
0 0.2138671875 0.984375 0.033203125 0.03125
0 0.9697265625 0.982421875 0.033203125 0.03515625
0 0.0625 0.982421875 0.046875 0.03515625
0 0.66796875 0.9814453125 0.04296875 0.037109375
0 0.3896484375 0.9736328125 0.033203125 0.029296875
0 0.4755859375 0.9716796875 0.029296875 0.029296875
0 0.0830078125 0.9677734375 0.025390625 0.025390625
0 0.98046875 0.9609375 0.0234375 0.0234375
0 0.8427734375 0.9658203125 0.033203125 0.033203125
0 0.2890625 0.9619140625 0.03515625 0.033203125
0 0.1943359375 0.9609375 0.033203125 0.03125
0 0.521484375 0.9521484375 0.01953125 0.017578125
0 0.1083984375 0.95703125 0.029296875 0.02734375
0 0.3779296875 0.9521484375 0.021484375 0.021484375
0 0.583984375 0.9501953125 0.03125 0.033203125
0 0.4580078125 0.947265625 0.037109375 0.03515625
0 0.267578125 0.943359375 0.03125 0.02734375
0 0.8642578125 0.9453125 0.033203125 0.03515625
0 0.1279296875 0.9384765625 0.021484375 0.025390625
0 0.359375 0.935546875 0.03515625 0.02734375
0 0.189453125 0.9306640625 0.01953125 0.017578125
0 0.490234375 0.92578125 0.015625 0.015625
0 0.61328125 0.9306640625 0.03125 0.033203125
0 0.5166015625 0.92578125 0.021484375 0.0234375
0 0.740234375 0.931640625 0.0390625 0.04296875
0 0.435546875 0.921875 0.02734375 0.03125
0 0.1474609375 0.921875 0.033203125 0.0390625
0 0.80859375 0.9072265625 0.01953125 0.021484375
0 0.34375 0.9111328125 0.03125 0.029296875
0 0.24609375 0.9130859375 0.03515625 0.033203125
0 0.5654296875 0.9091796875 0.029296875 0.029296875
0 0.7626953125 0.9130859375 0.037109375 0.041015625
0 0.505859375 0.9013671875 0.0234375 0.017578125
0 0.169921875 0.9052734375 0.03515625 0.037109375
0 0.63671875 0.9052734375 0.03515625 0.041015625
0 0.4150390625 0.8974609375 0.025390625 0.025390625
0 0.783203125 0.8916015625 0.03125 0.033203125
0 0.5029296875 0.880859375 0.021484375 0.015625
0 0.32421875 0.8876953125 0.03515625 0.029296875
0 0.662109375 0.8857421875 0.03515625 0.037109375
0 0.09375 0.87890625 0.0390625 0.03515625
0 0.3955078125 0.873046875 0.025390625 0.02734375
0 0.2080078125 0.8759765625 0.033203125 0.033203125
0 0.80859375 0.8701171875 0.03125 0.029296875
0 0.498046875 0.861328125 0.0234375 0.01953125
0 0.0302734375 0.9013671875 0.060546875 0.107421875
0 0.6884765625 0.8642578125 0.037109375 0.041015625
0 0.2275390625 0.8564453125 0.029296875 0.029296875
0 0.712890625 0.853515625 0.03125 0.03125
0 0.1240234375 0.8564453125 0.033203125 0.037109375
0 0.4921875 0.83984375 0.01953125 0.01953125
0 0.302734375 0.8525390625 0.0390625 0.048828125
0 0.25 0.8388671875 0.03125 0.029296875
0 0.7353515625 0.8330078125 0.033203125 0.033203125
0 0.375 0.8359375 0.046875 0.05078125
0 0.2783203125 0.8212890625 0.033203125 0.033203125
0 0.4736328125 0.8193359375 0.037109375 0.037109375
0 0.171875 0.81640625 0.03125 0.03125
0 0.7568359375 0.8154296875 0.033203125 0.033203125
0 0.029296875 0.8115234375 0.0234375 0.025390625
0 0.0869140625 0.810546875 0.037109375 0.03125
0 0.1982421875 0.7978515625 0.029296875 0.029296875
0 0.4599609375 0.796875 0.033203125 0.03125
0 0.7841796875 0.7958984375 0.033203125 0.033203125
0 0.2236328125 0.78515625 0.021484375 0.0234375
0 0.0693359375 0.7890625 0.033203125 0.03125
0 0.01171875 0.78125 0.01953125 0.01953125
0 0.9404296875 0.8330078125 0.119140625 0.130859375
0 0.3408203125 0.7939453125 0.048828125 0.052734375
0 0.75390625 0.7734375 0.02734375 0.0234375
0 0.1435546875 0.7744140625 0.025390625 0.025390625
0 0.80859375 0.7763671875 0.03515625 0.037109375
0 0.443359375 0.7685546875 0.02734375 0.025390625
0 0.2412109375 0.7646484375 0.025390625 0.025390625
0 0.0576171875 0.7587890625 0.029296875 0.029296875
0 0.1630859375 0.7490234375 0.021484375 0.021484375
0 0.3662109375 0.75390625 0.037109375 0.03515625
0 0.849609375 0.748046875 0.03515625 0.03515625
0 0.1328125 0.7431640625 0.0234375 0.025390625
0 0.29296875 0.736328125 0.0234375 0.0234375
0 0.3896484375 0.7333984375 0.025390625 0.025390625
0 0.1728515625 0.72265625 0.021484375 0.01953125
0 0.111328125 0.7255859375 0.03515625 0.033203125
0 0.201171875 0.73046875 0.03125 0.046875
0 0.025390625 0.732421875 0.05078125 0.0546875
0 0.4150390625 0.7177734375 0.033203125 0.029296875
0 0.8916015625 0.712890625 0.033203125 0.03515625
0 0.271484375 0.7099609375 0.03125 0.033203125
0 0.9111328125 0.7041015625 0.025390625 0.025390625
0 0.1259765625 0.7001953125 0.017578125 0.017578125
0 0.087890625 0.703125 0.03125 0.02734375
0 0.310546875 0.7060546875 0.0390625 0.044921875
0 0.1845703125 0.6962890625 0.029296875 0.025390625
0 0.9931640625 0.6904296875 0.013671875 0.021484375
0 0.0068359375 0.69140625 0.013671875 0.0234375
0 0.4638671875 0.685546875 0.029296875 0.03125
0 0.1328125 0.6796875 0.01953125 0.01953125
0 0.1669921875 0.67578125 0.029296875 0.02734375
0 0.068359375 0.6748046875 0.0234375 0.029296875
0 0.896484375 0.6630859375 0.0234375 0.025390625
0 0.48828125 0.6669921875 0.03515625 0.037109375
0 0.984375 0.6630859375 0.03125 0.033203125
0 0.248046875 0.66796875 0.046875 0.046875
0 0.1142578125 0.65234375 0.017578125 0.01953125
0 0.150390625 0.6494140625 0.02734375 0.025390625
0 0.9619140625 0.6416015625 0.025390625 0.025390625
0 0.515625 0.6484375 0.03515625 0.0390625
0 0.8798828125 0.6376953125 0.025390625 0.025390625
0 0.0830078125 0.6328125 0.025390625 0.0234375
0 0.2216796875 0.6337890625 0.033203125 0.033203125
0 0.044921875 0.630859375 0.03515625 0.02734375
0 0.1318359375 0.626953125 0.029296875 0.02734375
0 0.537109375 0.625 0.03125 0.03125
0 0.8642578125 0.6162109375 0.025390625 0.025390625
0 0.947265625 0.615234375 0.03125 0.03125
0 0.201171875 0.609375 0.0234375 0.0234375
0 0.5654296875 0.6103515625 0.033203125 0.037109375
0 0.1171875 0.59765625 0.01953125 0.01953125
0 0.849609375 0.5966796875 0.02734375 0.029296875
0 0.92578125 0.58984375 0.02734375 0.02734375
0 0.587890625 0.591796875 0.03515625 0.03515625
0 0.0224609375 0.58203125 0.037109375 0.02734375
0 0.99609375 0.5732421875 0.0078125 0.013671875
0 0.0986328125 0.5751953125 0.033203125 0.029296875
0 0.611328125 0.5751953125 0.03125 0.037109375
0 0.908203125 0.5673828125 0.03515625 0.029296875
0 0.1865234375 0.5703125 0.044921875 0.046875
0 0.8154296875 0.5537109375 0.021484375 0.021484375
0 0.634765625 0.556640625 0.03125 0.03515625
0 0.0244140625 0.5458984375 0.021484375 0.013671875
0 0.89453125 0.5458984375 0.03125 0.033203125
0 0.1572265625 0.5400390625 0.029296875 0.021484375
0 0.0830078125 0.5439453125 0.033203125 0.029296875
0 0.98828125 0.5419921875 0.0234375 0.029296875
0 0.662109375 0.5341796875 0.0234375 0.021484375
0 0.802734375 0.5341796875 0.02734375 0.025390625
0 0.6904296875 0.5205078125 0.021484375 0.025390625
0 0.97265625 0.5205078125 0.03515625 0.029296875
0 0.1416015625 0.5166015625 0.025390625 0.025390625
0 0.8720703125 0.517578125 0.041015625 0.0390625
0 0.06640625 0.5146484375 0.0390625 0.033203125
0 0.0224609375 0.5078125 0.017578125 0.01953125
0 0.712890625 0.501953125 0.02734375 0.02734375
0 0.955078125 0.4990234375 0.03125 0.033203125
0 0.857421875 0.5 0.03515625 0.03515625
0 0.78125 0.5048828125 0.0390625 0.044921875
0 0.8408203125 0.482421875 0.037109375 0.03125
0 0.7294921875 0.48046875 0.025390625 0.02734375
0 0.03125 0.4775390625 0.03515625 0.021484375
0 0.994140625 0.47265625 0.01171875 0.015625
0 0.12890625 0.4794921875 0.03515625 0.029296875
0 0.626953125 0.474609375 0.02734375 0.03125
0 0.9384765625 0.470703125 0.041015625 0.0390625
0 0.8291015625 0.458984375 0.029296875 0.0234375
0 0.755859375 0.45703125 0.02734375 0.0234375
0 0.11328125 0.45703125 0.03515625 0.03125
0 0.650390625 0.453125 0.02734375 0.02734375
0 0.970703125 0.4365234375 0.01953125 0.017578125
0 0.9189453125 0.4443359375 0.044921875 0.041015625
0 0.02734375 0.435546875 0.01953125 0.0234375
0 0.67578125 0.4365234375 0.02734375 0.033203125
0 0.0908203125 0.43359375 0.025390625 0.02734375
0 0.8193359375 0.43359375 0.033203125 0.03125
0 0.994140625 0.4248046875 0.01171875 0.021484375
0 0.85546875 0.4091796875 0.02734375 0.029296875
0 0.7197265625 0.40625 0.033203125 0.02734375
0 0.9853515625 0.3984375 0.025390625 0.0234375
0 0.10546875 0.390625 0.015625 0.015625
0 0.8798828125 0.392578125 0.025390625 0.0234375
0 0.06640625 0.3876953125 0.03125 0.041015625
0 0.908203125 0.3818359375 0.03125 0.033203125
0 0.7041015625 0.375 0.033203125 0.02734375
0 0.779296875 0.369140625 0.02734375 0.03125
0 0.947265625 0.361328125 0.03515625 0.03125
0 0.8037109375 0.3564453125 0.021484375 0.021484375
0 0.0869140625 0.36328125 0.037109375 0.03515625
0 0.4716796875 0.486328125 0.228515625 0.296875
0 0.765625 0.33984375 0.02734375 0.02734375
0 0.828125 0.3388671875 0.03125 0.033203125
0 0.1416015625 0.357421875 0.080078125 0.08203125
0 0.68359375 0.3310546875 0.03125 0.041015625
0 0.99609375 0.31640625 0.0078125 0.015625
0 0.8564453125 0.3212890625 0.029296875 0.033203125
0 0.80859375 0.3134765625 0.01953125 0.017578125
0 0.025390625 0.3203125 0.03125 0.03515625
0 0.8818359375 0.3076171875 0.025390625 0.025390625
0 0.783203125 0.3076171875 0.02734375 0.025390625
0 0.0556640625 0.29296875 0.021484375 0.0234375
0 0.9130859375 0.2919921875 0.037109375 0.033203125
0 0.3994140625 0.2880859375 0.025390625 0.025390625
0 0.8076171875 0.283203125 0.017578125 0.01953125
0 0.7451171875 0.2919921875 0.033203125 0.037109375
0 0.2939453125 0.283203125 0.025390625 0.02734375
0 0.0126953125 0.2802734375 0.025390625 0.025390625
0 0.9013671875 0.267578125 0.017578125 0.01953125
0 0.1611328125 0.2978515625 0.068359375 0.080078125
0 0.072265625 0.26953125 0.03515625 0.03125
0 0.78515625 0.265625 0.0234375 0.02734375
0 0.4443359375 0.26171875 0.025390625 0.02734375
0 0.982421875 0.2587890625 0.03515625 0.029296875
0 0.3154296875 0.2607421875 0.029296875 0.033203125
0 0.51171875 0.251953125 0.01953125 0.01953125
0 0.6396484375 0.2587890625 0.037109375 0.037109375
0 0.8115234375 0.25 0.025390625 0.02734375
0 0.466796875 0.2470703125 0.02734375 0.029296875
0 0.890625 0.2412109375 0.02734375 0.029296875
0 0.0556640625 0.2353515625 0.017578125 0.017578125
0 0.8515625 0.2353515625 0.01953125 0.021484375
0 0.48828125 0.2333984375 0.03125 0.029296875
0 0.998046875 0.21875 0.00390625 0.00390625
0 0.20703125 0.2333984375 0.03515625 0.037109375
0 0.279296875 0.224609375 0.0234375 0.0234375
0 0.09375 0.2333984375 0.0390625 0.041015625
0 0.9658203125 0.224609375 0.037109375 0.03125
0 0.7119140625 0.224609375 0.044921875 0.03515625
0 0.880859375 0.2158203125 0.02734375 0.025390625
0 0.5234375 0.216796875 0.02734375 0.03125
0 0.2255859375 0.21875 0.037109375 0.03515625
0 0.40234375 0.2138671875 0.03515625 0.029296875
0 0.013671875 0.2216796875 0.02734375 0.052734375
0 0.1240234375 0.2060546875 0.029296875 0.033203125
0 0.611328125 0.201171875 0.02734375 0.02734375
0 0.544921875 0.1962890625 0.0234375 0.021484375
0 0.2373046875 0.193359375 0.029296875 0.03125
0 0.7734375 0.189453125 0.0234375 0.02734375
0 0.7431640625 0.19140625 0.025390625 0.03125
0 0.69921875 0.189453125 0.03125 0.02734375
0 0.4609375 0.1787109375 0.02734375 0.021484375
0 0.3134765625 0.17578125 0.025390625 0.03125
0 0.8037109375 0.173828125 0.029296875 0.03125
0 0.1689453125 0.1728515625 0.029296875 0.029296875
0 0.583984375 0.1728515625 0.03515625 0.033203125
0 0.673828125 0.1669921875 0.03125 0.025390625
0 0.83203125 0.16015625 0.0234375 0.02734375
0 0.9580078125 0.15625 0.025390625 0.0234375
0 0.44140625 0.15625 0.0234375 0.02734375
0 0.3466796875 0.1572265625 0.029296875 0.029296875
0 0.98828125 0.1552734375 0.0234375 0.037109375
0 0.513671875 0.1494140625 0.0234375 0.025390625
0 0.1884765625 0.1494140625 0.025390625 0.025390625
0 0.9267578125 0.1513671875 0.017578125 0.037109375
0 0.8955078125 0.1513671875 0.017578125 0.037109375
0 0.857421875 0.14453125 0.01953125 0.02734375
0 0.271484375 0.146484375 0.03125 0.03125
0 0.416015625 0.1357421875 0.02734375 0.029296875
0 0.203125 0.12890625 0.03125 0.03125
0 0.654296875 0.1279296875 0.03125 0.033203125
0 0.5390625 0.1259765625 0.03515625 0.037109375
0 0.291015625 0.119140625 0.02734375 0.02734375
0 0.68359375 0.115234375 0.02734375 0.03125
0 0.396484375 0.115234375 0.03515625 0.03515625
0 0.763671875 0.1025390625 0.015625 0.017578125
0 0.5087890625 0.10546875 0.029296875 0.02734375
0 0.7099609375 0.103515625 0.025390625 0.02734375
0 0.2265625 0.1044921875 0.03125 0.033203125
0 0.7333984375 0.0947265625 0.025390625 0.029296875
0 0.9970703125 0.087890625 0.005859375 0.0234375
0 0.5966796875 0.091796875 0.029296875 0.03125
0 0.4765625 0.08984375 0.02734375 0.02734375
0 0.9765625 0.08984375 0.01953125 0.03125
0 0.3701171875 0.0908203125 0.033203125 0.033203125
0 0.9541015625 0.0869140625 0.017578125 0.029296875
0 0.9287109375 0.083984375 0.017578125 0.0234375
0 0.904296875 0.0830078125 0.01953125 0.021484375
0 0.8798828125 0.08203125 0.017578125 0.0234375
0 0.806640625 0.0810546875 0.01953125 0.025390625
0 0.7841796875 0.0849609375 0.021484375 0.033203125
0 0.4072265625 0.0791015625 0.021484375 0.021484375
0 0.8564453125 0.080078125 0.017578125 0.02734375
0 0.8330078125 0.0810546875 0.021484375 0.029296875
0 0.341796875 0.072265625 0.03515625 0.03515625
0 0.6318359375 0.0693359375 0.025390625 0.033203125
0 0.4501953125 0.064453125 0.025390625 0.0234375
0 0.65625 0.0595703125 0.02734375 0.025390625
0 0.201171875 0.06640625 0.05078125 0.04296875
0 0.5595703125 0.0595703125 0.033203125 0.033203125
0 0.67578125 0.0498046875 0.0234375 0.025390625
0 0.54296875 0.048828125 0.03125 0.02734375
0 0.3583984375 0.048828125 0.025390625 0.02734375
0 0.43359375 0.044921875 0.0234375 0.0234375
0 0.4013671875 0.044921875 0.021484375 0.0234375
0 0.7021484375 0.0419921875 0.025390625 0.029296875
0 0.998046875 0.0322265625 0.00390625 0.021484375
0 0.75 0.029296875 0.01953125 0.01953125
0 0.7255859375 0.0341796875 0.025390625 0.029296875
0 0.98046875 0.029296875 0.015625 0.0234375
0 0.9375 0.02734375 0.015625 0.01953125
0 0.1162109375 0.0537109375 0.056640625 0.072265625
0 0.9619140625 0.02734375 0.017578125 0.0234375
0 0.51953125 0.029296875 0.02734375 0.02734375
0 0.9091796875 0.025390625 0.021484375 0.0234375
0 0.8837890625 0.025390625 0.017578125 0.0234375
0 0.8603515625 0.0224609375 0.017578125 0.025390625
0 0.833984375 0.01953125 0.01953125 0.01953125
0 0.7783203125 0.0224609375 0.021484375 0.029296875
0 0.390625 0.015625 0.03515625 0.02734375
0 0.5888671875 0.005859375 0.025390625 0.01171875
0 0.556640625 0.0078125 0.01953125 0.015625
0 0.47265625 0.00390625 0.015625 0.0078125
0 0.2841796875 0.0234375 0.060546875 0.046875
0 0.1826171875 0.01171875 0.076171875 0.0234375