0 0.81640625 0.998046875 0.00390625 0.00390625
0 0.671875 0.9951171875 0.01953125 0.009765625
0 0.47265625 0.9921875 0.02734375 0.015625
0 0.5947265625 0.986328125 0.052734375 0.02734375
0 0.8525390625 0.9814453125 0.060546875 0.037109375
0 0.78125 0.974609375 0.04296875 0.046875
0 0.9609375 0.970703125 0.078125 0.05859375
0 0.8759765625 0.9599609375 0.044921875 0.048828125
0 0.51171875 0.9638671875 0.07421875 0.072265625
0 0.8955078125 0.9384765625 0.037109375 0.033203125
0 0.2041015625 0.9482421875 0.052734375 0.052734375
0 0.9873046875 0.9326171875 0.025390625 0.044921875
0 0.912109375 0.9189453125 0.03515625 0.033203125
0 0.583984375 0.9443359375 0.12109375 0.083984375
0 0.763671875 0.9423828125 0.11328125 0.091796875
0 0.8232421875 0.91796875 0.048828125 0.046875
0 0.99609375 0.8994140625 0.0078125 0.013671875
0 0.671875 0.90625 0.0390625 0.03515625
0 0.841796875 0.896484375 0.0390625 0.03515625
0 0.93359375 0.892578125 0.0390625 0.03515625
0 0.7724609375 0.89453125 0.048828125 0.046875
0 0.6884765625 0.8857421875 0.048828125 0.044921875
0 0.470703125 0.8896484375 0.078125 0.068359375
0 0.955078125 0.869140625 0.05078125 0.046875
0 0.80078125 0.859375 0.0546875 0.0546875
0 0.2822265625 0.8583984375 0.044921875 0.052734375
0 0.048828125 0.90234375 0.09765625 0.15234375
0 0.1572265625 0.912109375 0.158203125 0.17578125
0 0.71484375 0.8525390625 0.05859375 0.060546875
0 0.9775390625 0.84375 0.044921875 0.05078125
0 0.1103515625 0.84375 0.060546875 0.0625
0 0.7451171875 0.8203125 0.048828125 0.046875
0 0.9892578125 0.80859375 0.021484375 0.0390625
0 0.3271484375 0.7958984375 0.033203125 0.025390625
0 0.642578125 0.8203125 0.0859375 0.10546875
0 0.912109375 0.8056640625 0.08984375 0.095703125
0 0.7734375 0.78515625 0.0625 0.0625
0 0.1787109375 0.76171875 0.041015625 0.0390625
0 0.259765625 0.7861328125 0.09375 0.091796875
0 0.13671875 0.76953125 0.078125 0.07421875
0 0.8017578125 0.7490234375 0.048828125 0.048828125
0 0.056640625 0.7734375 0.11328125 0.1171875
0 0.208984375 0.728515625 0.0625 0.05859375
0 0.6552734375 0.703125 0.037109375 0.03515625
0 0.2041015625 0.69921875 0.029296875 0.03125
0 0.0576171875 0.69140625 0.060546875 0.05859375
0 0.1611328125 0.6787109375 0.072265625 0.064453125
0 0.59375 0.6435546875 0.03125 0.029296875
0 0.353515625 0.6943359375 0.109375 0.154296875
0 0.1298828125 0.6298828125 0.025390625 0.025390625
0 0.435546875 0.6201171875 0.0234375 0.025390625
0 0.224609375 0.634765625 0.05859375 0.0703125
0 0.787109375 0.65625 0.109375 0.125
0 0.025390625 0.626953125 0.05078125 0.08984375
0 0.451171875 0.666015625 0.15234375 0.17578125
0 0.9365234375 0.638671875 0.126953125 0.1484375
0 0.0078125 0.56640625 0.015625 0.01171875
0 0.6865234375 0.5830078125 0.087890625 0.087890625
0 0.181640625 0.5654296875 0.078125 0.080078125
0 0.333984375 0.5908203125 0.140625 0.162109375
0 0.0087890625 0.5322265625 0.017578125 0.052734375
0 0.42578125 0.478515625 0.05859375 0.0546875
0 0.59765625 0.49609375 0.09375 0.1015625
0 0.107421875 0.4462890625 0.0234375 0.021484375
0 0.4091796875 0.4443359375 0.029296875 0.029296875
0 0.0751953125 0.4833984375 0.119140625 0.111328125
0 0.314453125 0.4658203125 0.09765625 0.087890625
0 0.455078125 0.435546875 0.04296875 0.04296875
0 0.111328125 0.421875 0.03125 0.03125
0 0.384765625 0.41796875 0.0234375 0.02734375
0 0.359375 0.4384765625 0.08203125 0.076171875
0 0.5078125 0.4990234375 0.20703125 0.212890625
0 0.474609375 0.4140625 0.04296875 0.04296875
0 0.501953125 0.3876953125 0.0390625 0.037109375
0 0.095703125 0.396484375 0.07421875 0.07421875
0 0.3134765625 0.3759765625 0.052734375 0.060546875
0 0.1943359375 0.40234375 0.134765625 0.17578125
0 0.4423828125 0.3642578125 0.087890625 0.111328125
0 0.1572265625 0.3173828125 0.052734375 0.056640625
0 0.361328125 0.3095703125 0.0703125 0.076171875
0 0.279296875 0.2724609375 0.08984375 0.068359375
0 0.7646484375 0.291015625 0.115234375 0.125
0 0.6171875 0.2509765625 0.0625 0.068359375
0 0.8173828125 0.220703125 0.041015625 0.03515625
0 0.71484375 0.2529296875 0.1328125 0.146484375
0 0.9287109375 0.2265625 0.095703125 0.1015625
0 0.048828125 0.2353515625 0.09765625 0.126953125
0 0.671875 0.1845703125 0.04296875 0.033203125
0 0.60546875 0.1904296875 0.06640625 0.052734375
0 0.0107421875 0.1787109375 0.021484375 0.044921875
0 0.5419921875 0.1591796875 0.017578125 0.021484375
0 0.0927734375 0.1611328125 0.037109375 0.037109375
0 0.4970703125 0.16015625 0.048828125 0.046875
0 0.701171875 0.1494140625 0.0546875 0.056640625
0 0.87890625 0.166015625 0.0859375 0.109375
0 0.6845703125 0.119140625 0.021484375 0.01953125
0 0.6474609375 0.138671875 0.060546875 0.0625
0 0.716796875 0.1181640625 0.046875 0.041015625
0 0.1904296875 0.1328125 0.072265625 0.08203125
0 0.5322265625 0.1181640625 0.060546875 0.060546875
0 0.73046875 0.103515625 0.046875 0.04296875
0 0.06640625 0.09375 0.03125 0.03125
0 0.8349609375 0.115234375 0.103515625 0.11328125
0 0.083984375 0.0771484375 0.04296875 0.037109375
0 0.4267578125 0.0634765625 0.025390625 0.021484375
0 0.3837890625 0.056640625 0.037109375 0.03515625
0 0.4775390625 0.0927734375 0.119140625 0.126953125
0 0.3271484375 0.037109375 0.025390625 0.01953125
0 0.916015625 0.0693359375 0.09375 0.087890625
0 0.4033203125 0.0322265625 0.037109375 0.037109375
0 0.998046875 0.001953125 0.00390625 0.00390625
0 0.9912109375 0.0126953125 0.017578125 0.025390625
0 0.96875 0.03125 0.0625 0.0625
0 0.9287109375 0.009765625 0.041015625 0.01953125
0 0.7900390625 0.0546875 0.123046875 0.109375
0 0.546875 0.015625 0.0390625 0.03125
0 0.5205078125 0.00390625 0.013671875 0.0078125
0 0.4951171875 0.0107421875 0.021484375 0.021484375
0 0.4287109375 0.0107421875 0.044921875 0.021484375
0 0.3544921875 0.01171875 0.033203125 0.0234375
0 0.30859375 0.001953125 0.00390625 0.00390625
0 0.1650390625 0.0029296875 0.009765625 0.005859375
0 0.046875 0.033203125 0.09375 0.06640625