0 0.2880859375 0.998046875 0.013671875 0.00390625
0 0.7021484375 0.99609375 0.013671875 0.0078125
0 0.7841796875 0.9912109375 0.048828125 0.017578125
0 0.076171875 0.9912109375 0.03515625 0.017578125
0 0.3232421875 0.9697265625 0.056640625 0.052734375
0 0.1298828125 0.9658203125 0.068359375 0.060546875
0 0.796875 0.943359375 0.0546875 0.04296875
0 0.5537109375 0.9287109375 0.044921875 0.041015625
0 0.017578125 0.951171875 0.03515625 0.09765625
0 0.20703125 0.921875 0.0625 0.06640625
0 0.9560546875 0.9423828125 0.087890625 0.115234375
0 0.6376953125 0.94140625 0.142578125 0.1171875
0 0.009765625 0.8876953125 0.01953125 0.025390625
0 0.0029296875 0.8681640625 0.005859375 0.009765625
0 0.8720703125 0.923828125 0.103515625 0.1328125
0 0.474609375 0.9267578125 0.20703125 0.146484375
0 0.1650390625 0.8603515625 0.044921875 0.044921875
0 0.09765625 0.873046875 0.0703125 0.08984375
0 0.984375 0.84765625 0.03125 0.0546875
0 0.1416015625 0.8359375 0.037109375 0.03515625
0 0.609375 0.8515625 0.09375 0.078125
0 0.7265625 0.86328125 0.078125 0.11328125
0 0.2841796875 0.8623046875 0.087890625 0.111328125
0 0.0146484375 0.8232421875 0.029296875 0.048828125
0 0.328125 0.810546875 0.03125 0.03125
0 0.990234375 0.8037109375 0.01953125 0.029296875
0 0.505859375 0.8310546875 0.1015625 0.091796875
0 0.3525390625 0.7919921875 0.029296875 0.033203125
0 0.6826171875 0.8046875 0.095703125 0.09765625
0 0.072265625 0.7890625 0.12109375 0.10546875
0 0.8837890625 0.7744140625 0.158203125 0.134765625
0 0.0361328125 0.7041015625 0.044921875 0.044921875
0 0.7529296875 0.7470703125 0.095703125 0.150390625
0 0.642578125 0.7138671875 0.12109375 0.087890625
0 0.0029296875 0.65625 0.005859375 0.0078125
0 0.591796875 0.6591796875 0.03125 0.033203125
0 0.984375 0.66796875 0.03125 0.0625
0 0.8779296875 0.6474609375 0.033203125 0.033203125
0 0.701171875 0.625 0.0234375 0.0234375
0 0.2939453125 0.69921875 0.220703125 0.1796875
0 0.732421875 0.6513671875 0.09765625 0.095703125
0 0.6357421875 0.626953125 0.072265625 0.0625
0 0.1259765625 0.6240234375 0.064453125 0.068359375
0 0.6328125 0.57421875 0.0234375 0.0234375
0 0.951171875 0.6005859375 0.09765625 0.095703125
0 0.791015625 0.5849609375 0.07421875 0.076171875
0 0.70703125 0.5673828125 0.04296875 0.044921875
0 0.02734375 0.5654296875 0.0546875 0.068359375
0 0.740234375 0.54296875 0.03125 0.03125
0 0.767578125 0.5244140625 0.0390625 0.037109375
0 0.7529296875 0.5048828125 0.033203125 0.029296875
0 0.6962890625 0.521484375 0.087890625 0.08203125
0 0.8271484375 0.5107421875 0.068359375 0.076171875
0 0.916015625 0.509765625 0.0625 0.0859375
0 0.9814453125 0.47265625 0.029296875 0.03125
0 0.923828125 0.4580078125 0.03515625 0.044921875
0 0.666015625 0.4599609375 0.08984375 0.072265625
0 0.638671875 0.4384765625 0.03515625 0.033203125
0 0.9482421875 0.427734375 0.056640625 0.0703125
0 0.8642578125 0.4384765625 0.052734375 0.095703125
0 0.6630859375 0.4013671875 0.037109375 0.033203125
0 0.7802734375 0.4140625 0.115234375 0.12890625
0 0.6328125 0.36328125 0.03515625 0.03125
0 0.9833984375 0.3349609375 0.033203125 0.029296875
0 0.4404296875 0.3720703125 0.099609375 0.111328125
0 0.2021484375 0.4560546875 0.291015625 0.291015625
0 0.8623046875 0.2919921875 0.048828125 0.048828125
0 0.9892578125 0.2919921875 0.021484375 0.056640625
0 0.7451171875 0.248046875 0.044921875 0.04296875
0 0.8076171875 0.2568359375 0.068359375 0.064453125
0 0.783203125 0.2197265625 0.03515625 0.037109375
0 0.9365234375 0.2509765625 0.099609375 0.119140625
0 0.677734375 0.2001953125 0.01953125 0.021484375
0 0.84765625 0.1796875 0.03515625 0.03515625
0 0.71875 0.18359375 0.05859375 0.046875
0 0.640625 0.2109375 0.09375 0.1015625
0 0.8115234375 0.1650390625 0.033203125 0.037109375
0 0.580078125 0.1728515625 0.06640625 0.056640625
0 0.9052734375 0.1923828125 0.087890625 0.111328125
0 0.9853515625 0.1572265625 0.029296875 0.044921875
0 0.884765625 0.150390625 0.0546875 0.0546875
0 0.541015625 0.1376953125 0.0390625 0.037109375
0 0.775390625 0.1357421875 0.05859375 0.048828125
0 0.9521484375 0.1171875 0.029296875 0.0234375
0 0.7900390625 0.1064453125 0.025390625 0.025390625
0 0.521484375 0.1083984375 0.03515625 0.029296875
0 0.6728515625 0.123046875 0.076171875 0.0625
0 0.8642578125 0.10546875 0.056640625 0.05078125
0 0.8193359375 0.107421875 0.048828125 0.05859375
0 0.982421875 0.08984375 0.03515625 0.03125
0 0.6298828125 0.0810546875 0.033203125 0.033203125
0 0.998046875 0.0634765625 0.00390625 0.005859375
0 0.9248046875 0.0810546875 0.044921875 0.048828125
0 0.7197265625 0.0791015625 0.048828125 0.048828125
0 0.5048828125 0.0712890625 0.033203125 0.033203125
0 0.8310546875 0.07421875 0.041015625 0.04296875
0 0.8984375 0.0576171875 0.03125 0.029296875
0 0.607421875 0.0576171875 0.03125 0.033203125
0 0.4833984375 0.0458984375 0.029296875 0.029296875
0 0.939453125 0.037109375 0.02734375 0.02734375
0 0.873046875 0.0361328125 0.02734375 0.025390625
0 0.77734375 0.048828125 0.0625 0.0546875
0 0.6826171875 0.037109375 0.029296875 0.03125
0 0.58984375 0.0361328125 0.0390625 0.037109375
0 0.98828125 0.03125 0.0234375 0.03125
0 0.453125 0.0244140625 0.02734375 0.029296875
0 0.974609375 0.015625 0.03515625 0.03125
0 0.921875 0.0185546875 0.05859375 0.037109375
0 0.8427734375 0.0078125 0.029296875 0.015625
0 0.74609375 0.00390625 0.015625 0.0078125
0 0.7099609375 0.0234375 0.048828125 0.046875
0 0.6513671875 0.017578125 0.056640625 0.03515625
0 0.56640625 0.0146484375 0.03125 0.029296875
0 0.544921875 0.0087890625 0.03125 0.017578125
0 0.427734375 0.0087890625 0.03125 0.017578125