0 0.904296875 0.99609375 0.01953125 0.0078125
0 0.642578125 0.99609375 0.01953125 0.0078125
0 0.7001953125 0.9951171875 0.021484375 0.009765625
0 0.4638671875 0.9912109375 0.033203125 0.017578125
0 0.9521484375 0.990234375 0.021484375 0.01953125
0 0.7265625 0.990234375 0.0234375 0.01953125
0 0.751953125 0.9873046875 0.02734375 0.025390625
0 0.98046875 0.986328125 0.0234375 0.02734375
0 0.9951171875 0.9833984375 0.009765625 0.025390625
0 0.515625 0.9853515625 0.02734375 0.029296875
0 0.779296875 0.9794921875 0.02734375 0.025390625
0 0.5478515625 0.978515625 0.025390625 0.02734375
0 0.181640625 0.98046875 0.01953125 0.03125
0 0.037109375 0.982421875 0.05078125 0.03515625
0 0.8076171875 0.974609375 0.025390625 0.02734375
0 0.2138671875 0.9755859375 0.021484375 0.033203125
0 0.1201171875 0.9794921875 0.021484375 0.041015625
0 0.580078125 0.970703125 0.02734375 0.02734375
0 0.2412109375 0.97265625 0.025390625 0.03125
0 0.8291015625 0.9658203125 0.021484375 0.021484375
0 0.27734375 0.9658203125 0.01953125 0.033203125
0 0.1533203125 0.974609375 0.029296875 0.05078125
0 0.8564453125 0.958984375 0.021484375 0.0234375
0 0.6357421875 0.9599609375 0.025390625 0.029296875
0 0.302734375 0.9619140625 0.01953125 0.033203125
0 0.333984375 0.95703125 0.0234375 0.03125
0 0.6630859375 0.955078125 0.029296875 0.03125
0 0.892578125 0.951171875 0.0234375 0.02734375
0 0.3603515625 0.9521484375 0.021484375 0.033203125
0 0.2587890625 0.943359375 0.013671875 0.015625
0 0.458984375 0.9453125 0.02734375 0.0234375
0 0.6904296875 0.9443359375 0.021484375 0.025390625
0 0.9228515625 0.94140625 0.025390625 0.02734375
0 0.00390625 0.9365234375 0.0078125 0.025390625
0 0.751953125 0.9365234375 0.0546875 0.037109375
0 0.5185546875 0.9287109375 0.017578125 0.021484375
0 0.0380859375 0.93359375 0.025390625 0.03125
0 0.3037109375 0.919921875 0.017578125 0.015625
0 0.9716796875 0.9248046875 0.021484375 0.033203125
0 0.7958984375 0.9208984375 0.025390625 0.025390625
0 0.3388671875 0.9169921875 0.017578125 0.017578125
0 0.1015625 0.92578125 0.01953125 0.03515625
0 0.4912109375 0.916015625 0.013671875 0.01953125
0 0.8974609375 0.9140625 0.013671875 0.01953125
0 0.45703125 0.9140625 0.03125 0.01953125
0 0.37890625 0.93359375 0.04296875 0.05859375
0 0.8251953125 0.9150390625 0.025390625 0.025390625
0 0.1279296875 0.91796875 0.021484375 0.03125
0 0.58984375 0.912109375 0.0234375 0.02734375
0 0.56640625 0.9130859375 0.01953125 0.029296875
0 0.166015625 0.912109375 0.0234375 0.02734375
0 0.8515625 0.9091796875 0.0234375 0.025390625
0 0.1962890625 0.9111328125 0.021484375 0.033203125
0 0.62109375 0.9033203125 0.01953125 0.021484375
0 0.875 0.908203125 0.0234375 0.03515625
0 0.96484375 0.8955078125 0.015625 0.013671875
0 0.2314453125 0.9130859375 0.033203125 0.048828125
0 0.2666015625 0.8994140625 0.021484375 0.029296875
0 0.677734375 0.89453125 0.01953125 0.0234375
0 0.646484375 0.8955078125 0.0234375 0.033203125
0 0.294921875 0.89453125 0.01953125 0.03125
0 0.935546875 0.890625 0.0234375 0.02734375
0 0.3837890625 0.88671875 0.021484375 0.0234375
0 0.32421875 0.8896484375 0.0234375 0.033203125
0 0.357421875 0.8876953125 0.0234375 0.033203125
0 0.9912109375 0.876953125 0.017578125 0.0234375
0 0.4501953125 0.8779296875 0.033203125 0.025390625
0 0.705078125 0.8681640625 0.015625 0.017578125
0 0.4912109375 0.8740234375 0.025390625 0.029296875
0 0.0087890625 0.87109375 0.017578125 0.0234375
0 0.7841796875 0.869140625 0.025390625 0.0234375
0 0.755859375 0.8720703125 0.0234375 0.033203125
0 0.8095703125 0.865234375 0.021484375 0.02734375
0 0.52734375 0.8671875 0.03125 0.03125
0 0.728515625 0.8701171875 0.0234375 0.041015625
0 0.02734375 0.861328125 0.01953125 0.03125
0 0.5546875 0.85546875 0.0234375 0.02734375
0 0.0791015625 0.8583984375 0.029296875 0.033203125
0 0.8369140625 0.8515625 0.025390625 0.0234375
0 0.1064453125 0.8544921875 0.025390625 0.033203125
0 0.5810546875 0.849609375 0.021484375 0.02734375
0 0.1357421875 0.849609375 0.025390625 0.0390625
0 0.615234375 0.8447265625 0.02734375 0.033203125
0 0.6435546875 0.8408203125 0.021484375 0.033203125
0 0.1669921875 0.8408203125 0.025390625 0.037109375
0 0.9091796875 0.8330078125 0.025390625 0.025390625
0 0.67578125 0.8330078125 0.02734375 0.029296875
0 0.255859375 0.8330078125 0.0234375 0.029296875
0 0.2001953125 0.8359375 0.025390625 0.0390625
0 0.708984375 0.828125 0.02734375 0.03125
0 0.3486328125 0.8203125 0.021484375 0.01953125
0 0.318359375 0.8203125 0.01953125 0.01953125
0 0.943359375 0.8154296875 0.015625 0.013671875
0 0.0107421875 0.8271484375 0.021484375 0.037109375
0 0.974609375 0.818359375 0.0390625 0.0234375
0 0.287109375 0.8251953125 0.0234375 0.037109375
0 0.7412109375 0.8193359375 0.033203125 0.033203125
0 0.08984375 0.810546875 0.03125 0.0234375
0 0.4873046875 0.80859375 0.029296875 0.02734375
0 0.796875 0.8056640625 0.0234375 0.025390625
0 0.5185546875 0.802734375 0.029296875 0.02734375
0 0.3349609375 0.794921875 0.017578125 0.015625
0 0.884765625 0.794921875 0.01953125 0.01953125
0 0.224609375 0.818359375 0.03125 0.06640625
0 0.8525390625 0.794921875 0.021484375 0.0234375
0 0.4560546875 0.8037109375 0.048828125 0.048828125
0 0.58203125 0.7861328125 0.03515625 0.021484375
0 0.2890625 0.78515625 0.01171875 0.01953125
0 0.5478515625 0.79296875 0.025390625 0.0390625
0 0.1259765625 0.78515625 0.029296875 0.0234375
0 0.9130859375 0.7861328125 0.029296875 0.029296875
0 0.349609375 0.7783203125 0.015625 0.013671875
0 0.4375 0.7802734375 0.02734375 0.021484375
0 0.951171875 0.7822265625 0.03125 0.029296875
0 0.3740234375 0.796875 0.025390625 0.0625
0 0.6357421875 0.7734375 0.033203125 0.0234375
0 0.9912109375 0.775390625 0.017578125 0.03125
0 0.1533203125 0.7734375 0.021484375 0.03515625
0 0.7119140625 0.765625 0.021484375 0.0234375
0 0.1806640625 0.771484375 0.021484375 0.03515625
0 0.2138671875 0.7685546875 0.025390625 0.033203125
0 0.736328125 0.7578125 0.0234375 0.02734375
0 0.0341796875 0.7587890625 0.029296875 0.029296875
0 0.5029296875 0.7529296875 0.017578125 0.021484375
0 0.2412109375 0.7578125 0.021484375 0.03125
0 0.7646484375 0.75390625 0.021484375 0.02734375
0 0.53125 0.75 0.01171875 0.01953125
0 0.455078125 0.7490234375 0.01171875 0.017578125
0 0.33203125 0.75390625 0.0234375 0.03515625
0 0.2724609375 0.7529296875 0.025390625 0.033203125
0 0.302734375 0.751953125 0.0234375 0.03515625
0 0.0537109375 0.74609375 0.025390625 0.02734375
0 0.3642578125 0.74609375 0.021484375 0.03125
0 0.8095703125 0.73828125 0.037109375 0.03125
0 0.4326171875 0.7333984375 0.025390625 0.021484375
0 0.853515625 0.734375 0.0234375 0.02734375
0 0.8837890625 0.73046875 0.021484375 0.0234375
0 0.076171875 0.732421875 0.02734375 0.02734375
0 0.7392578125 0.724609375 0.013671875 0.015625
0 0.7705078125 0.7236328125 0.013671875 0.017578125
0 0.4755859375 0.7294921875 0.021484375 0.029296875
0 0.50390625 0.7236328125 0.0234375 0.025390625
0 0.099609375 0.7197265625 0.02734375 0.029296875
0 0.5732421875 0.716796875 0.044921875 0.02734375
0 0.533203125 0.7177734375 0.02734375 0.029296875
0 0.9482421875 0.7158203125 0.029296875 0.029296875
0 0.9716796875 0.7060546875 0.017578125 0.017578125
0 0.626953125 0.70703125 0.03125 0.02734375
0 0.005859375 0.705078125 0.01171875 0.0234375
0 0.90234375 0.6982421875 0.015625 0.013671875
0 0.119140625 0.703125 0.02734375 0.02734375
0 0.1923828125 0.701171875 0.017578125 0.02734375
0 0.0224609375 0.6953125 0.025390625 0.02734375
0 0.3486328125 0.685546875 0.025390625 0.01953125
0 0.6962890625 0.6875 0.021484375 0.02734375
0 0.2939453125 0.6875 0.029296875 0.03125
0 0.0419921875 0.68359375 0.021484375 0.0234375
0 0.72265625 0.681640625 0.0234375 0.02734375
0 0.005859375 0.6767578125 0.01171875 0.017578125
0 0.26171875 0.68359375 0.01953125 0.0390625
0 0.2236328125 0.685546875 0.021484375 0.046875
0 0.4228515625 0.6728515625 0.029296875 0.025390625
0 0.7509765625 0.6728515625 0.029296875 0.029296875
0 0.1552734375 0.6689453125 0.025390625 0.025390625
0 0.0234375 0.666015625 0.015625 0.01953125
0 0.7822265625 0.6669921875 0.025390625 0.025390625
0 0.4697265625 0.662109375 0.021484375 0.01953125
0 0.83984375 0.6572265625 0.0234375 0.021484375
0 0.80859375 0.6591796875 0.0234375 0.025390625
0 0.34375 0.6533203125 0.02734375 0.017578125
0 0.0546875 0.6650390625 0.0390625 0.041015625
0 0.4423828125 0.6494140625 0.017578125 0.013671875
0 0.87109375 0.65234375 0.0234375 0.0234375
0 0.5009765625 0.65234375 0.029296875 0.0234375
0 0.1708984375 0.654296875 0.029296875 0.02734375
0 0.53515625 0.6484375 0.02734375 0.01953125
0 0.0791015625 0.654296875 0.029296875 0.03125
0 0.2314453125 0.642578125 0.017578125 0.015625
0 0.921875 0.650390625 0.0390625 0.03515625
0 0.974609375 0.642578125 0.03515625 0.02734375
0 0.4150390625 0.6416015625 0.025390625 0.025390625
0 0.099609375 0.6435546875 0.02734375 0.029296875
0 0.5615234375 0.6396484375 0.025390625 0.025390625
0 0.341796875 0.62890625 0.02734375 0.01953125
0 0.6064453125 0.6298828125 0.048828125 0.025390625
0 0.181640625 0.6201171875 0.0234375 0.021484375
0 0.2099609375 0.611328125 0.017578125 0.015625
0 0.123046875 0.615234375 0.01953125 0.0234375
0 0.0185546875 0.6201171875 0.037109375 0.033203125
0 0.69140625 0.6123046875 0.03515625 0.025390625
0 0.337890625 0.603515625 0.02734375 0.01953125
0 0.767578125 0.6025390625 0.0234375 0.021484375
0 0.427734375 0.6064453125 0.03125 0.029296875
0 0.7958984375 0.59765625 0.021484375 0.0234375
0 0.0498046875 0.6025390625 0.037109375 0.033203125
0 0.85546875 0.5859375 0.0234375 0.0234375
0 0.826171875 0.5888671875 0.02734375 0.033203125
0 0.1923828125 0.5859375 0.041015625 0.02734375
0 0.08203125 0.5859375 0.03515625 0.03515625
0 0.3310546875 0.576171875 0.029296875 0.0234375
0 0.9189453125 0.5751953125 0.037109375 0.025390625
0 0.60546875 0.5751953125 0.02734375 0.025390625
0 0.541015625 0.5693359375 0.015625 0.017578125
0 0.490234375 0.5732421875 0.0234375 0.025390625
0 0.1103515625 0.576171875 0.037109375 0.04296875
0 0.5146484375 0.560546875 0.021484375 0.0234375
0 0.8916015625 0.5498046875 0.033203125 0.037109375
0 0.6962890625 0.5380859375 0.013671875 0.013671875
0 0.765625 0.5439453125 0.01953125 0.029296875
0 0.3876953125 0.5439453125 0.021484375 0.029296875
0 0.556640625 0.544921875 0.04296875 0.04296875
0 0.6650390625 0.533203125 0.021484375 0.0234375
0 0.4072265625 0.53515625 0.025390625 0.02734375
0 0.3154296875 0.5419921875 0.044921875 0.044921875
0 0.873046875 0.53125 0.03125 0.03515625
0 0.189453125 0.5419921875 0.08203125 0.064453125
0 0.58984375 0.51953125 0.0234375 0.02734375
0 0.4375 0.5126953125 0.0234375 0.033203125
0 0.705078125 0.50390625 0.01953125 0.01953125
0 0.2509765625 0.5048828125 0.025390625 0.025390625
0 0.66015625 0.50390625 0.0234375 0.02734375
0 0.4580078125 0.5048828125 0.025390625 0.029296875
0 0.361328125 0.498046875 0.02734375 0.02734375
0 0.279296875 0.4921875 0.0234375 0.0234375
0 0.4814453125 0.4892578125 0.029296875 0.029296875
0 0.583984375 0.4755859375 0.0234375 0.021484375
0 0.6533203125 0.4736328125 0.017578125 0.021484375
0 0.0185546875 0.4853515625 0.033203125 0.044921875
0 0.5048828125 0.46875 0.033203125 0.03125
0 0.3447265625 0.46484375 0.025390625 0.0234375
0 0.0439453125 0.470703125 0.033203125 0.04296875
0 0.0908203125 0.4609375 0.041015625 0.03125
0 0.3828125 0.451171875 0.0234375 0.0234375
0 0.412109375 0.439453125 0.0234375 0.01953125
0 0.5224609375 0.4404296875 0.033203125 0.033203125
0 0.4404296875 0.4296875 0.021484375 0.01953125
0 0.03515625 0.4296875 0.01953125 0.01953125
0 0.5458984375 0.4189453125 0.029296875 0.033203125
0 0.01171875 0.4150390625 0.0234375 0.037109375
0 0.525390625 0.3984375 0.03125 0.0234375
0 0.693359375 0.412109375 0.09375 0.0546875
0 0.314453125 0.34375 0.02734375 0.0234375
0 0.23046875 0.3330078125 0.05078125 0.072265625
0 0.3798828125 0.29296875 0.052734375 0.0703125
0 0.58203125 0.259765625 0.05078125 0.046875
0 0.423828125 0.2666015625 0.05078125 0.111328125
0 0.474609375 0.212890625 0.05859375 0.06640625
0 0.5322265625 0.197265625 0.068359375 0.125
0 0.5966796875 0.1689453125 0.076171875 0.123046875
0 0.44140625 0.0673828125 0.02734375 0.025390625
0 0.6181640625 0.0185546875 0.029296875 0.037109375
0 0.533203125 0.0341796875 0.0390625 0.068359375