0 0.8955078125 0.98828125 0.025390625 0.0234375
0 0.78515625 0.96484375 0.01953125 0.0234375
0 0.7265625 0.8544921875 0.03515625 0.033203125
0 0.6455078125 0.7119140625 0.021484375 0.021484375
0 0.8056640625 0.658203125 0.041015625 0.04296875
0 0.4150390625 0.638671875 0.025390625 0.0234375
0 0.7783203125 0.630859375 0.025390625 0.015625
0 0.640625 0.6181640625 0.07421875 0.025390625
0 0.7880859375 0.607421875 0.013671875 0.02734375
0 0.7138671875 0.5966796875 0.029296875 0.021484375
0 0.3681640625 0.572265625 0.060546875 0.0625
0 0.87109375 0.41796875 0.05078125 0.09375
0 0.8349609375 0.359375 0.087890625 0.0703125
0 0.791015625 0.2431640625 0.015625 0.021484375
0 0.80078125 0.2236328125 0.0234375 0.017578125
0 0.8544921875 0.2412109375 0.083984375 0.158203125
0 0.9296875 0.0791015625 0.1015625 0.111328125
0 0.97265625 0.0380859375 0.0546875 0.044921875
0 0.98828125 0.0068359375 0.0234375 0.013671875
0 0.833984375 0.0048828125 0.01953125 0.009765625