0 0.4248046875 0.98828125 0.044921875 0.0234375
0 0.5107421875 0.89453125 0.091796875 0.09765625
0 0.6953125 0.8408203125 0.0859375 0.111328125
0 0.591796875 0.771484375 0.1015625 0.140625
0 0.734375 0.6474609375 0.1640625 0.134765625
0 0.8134765625 0.5244140625 0.150390625 0.111328125
0 0.0625 0.3154296875 0.0546875 0.056640625
0 0.1025390625 0.2138671875 0.056640625 0.056640625
0 0.9228515625 0.2373046875 0.111328125 0.146484375
0 0.2490234375 0.1162109375 0.072265625 0.072265625
0 0.1162109375 0.103515625 0.056640625 0.05859375
0 0.021484375 0.0654296875 0.04296875 0.056640625
0 0.1630859375 0.0068359375 0.033203125 0.013671875