0 0.982421875 0.9736328125 0.03515625 0.037109375
0 0.87890625 0.9521484375 0.13671875 0.041015625
0 0.72265625 0.94921875 0.13671875 0.03515625
0 0.728515625 0.8759765625 0.12890625 0.033203125
0 0.8828125 0.87890625 0.1328125 0.046875
0 0.9765625 0.82421875 0.046875 0.04296875
0 0.8466796875 0.8037109375 0.134765625 0.037109375
0 0.6845703125 0.802734375 0.134765625 0.03515625
0 0.224609375 0.7705078125 0.3046875 0.419921875
0 0.0634765625 0.6171875 0.126953125 0.14453125
0 0.291015625 0.4130859375 0.0390625 0.044921875
0 0.9345703125 0.1806640625 0.052734375 0.060546875
0 0.611328125 0.1376953125 0.0390625 0.041015625
0 0.7958984375 0.099609375 0.041015625 0.0546875
0 0.9814453125 0.03125 0.037109375 0.05078125
0 0.791015625 0.0126953125 0.0546875 0.025390625