0 0.865234375 0.998046875 0.00390625 0.00390625
0 0.30078125 0.9970703125 0.0078125 0.005859375
0 0.5390625 0.99609375 0.01171875 0.0078125
0 0.1806640625 0.994140625 0.017578125 0.01171875
0 0.0634765625 0.9931640625 0.025390625 0.013671875
0 0.8408203125 0.9921875 0.029296875 0.015625
0 0.6396484375 0.9912109375 0.037109375 0.017578125
0 0.74609375 0.9892578125 0.0390625 0.021484375
0 0.95703125 0.986328125 0.03515625 0.02734375
0 0.5537109375 0.9833984375 0.033203125 0.033203125
0 0.154296875 0.98046875 0.0390625 0.0390625
0 0.8779296875 0.974609375 0.033203125 0.03515625
0 0.67578125 0.9716796875 0.03515625 0.033203125
0 0.361328125 0.9736328125 0.03515625 0.037109375
0 0.76953125 0.9697265625 0.03515625 0.033203125
0 0.4560546875 0.9765625 0.076171875 0.046875
0 0.0361328125 0.9736328125 0.044921875 0.044921875
0 0.5791015625 0.9658203125 0.033203125 0.033203125
0 0.248046875 0.9580078125 0.03515625 0.033203125
0 0.5068359375 0.953125 0.033203125 0.03125
0 0.79296875 0.9501953125 0.03125 0.029296875
0 0.9814453125 0.953125 0.037109375 0.0390625
0 0.6953125 0.9521484375 0.03515625 0.037109375
0 0.904296875 0.947265625 0.03125 0.03125
0 0.1259765625 0.951171875 0.037109375 0.0390625
0 0.3720703125 0.9404296875 0.025390625 0.025390625
0 0.40625 0.9423828125 0.03515625 0.033203125
0 0.013671875 0.94140625 0.02734375 0.0390625
0 0.3291015625 0.9306640625 0.041015625 0.037109375
0 0.8193359375 0.9267578125 0.033203125 0.033203125
0 0.7119140625 0.92578125 0.029296875 0.03125
0 0.220703125 0.927734375 0.0390625 0.0390625
0 0.9404296875 0.921875 0.033203125 0.03515625
0 0.43359375 0.9208984375 0.03125 0.033203125
0 0.529296875 0.9208984375 0.03515625 0.044921875
0 0.09765625 0.916015625 0.0390625 0.0390625
0 0.61328125 0.91015625 0.0703125 0.0390625
0 0.841796875 0.9052734375 0.03125 0.033203125
0 0.73828125 0.9052734375 0.03515625 0.033203125
0 0.4541015625 0.9013671875 0.033203125 0.033203125
0 0.3486328125 0.900390625 0.033203125 0.03515625
0 0.1953125 0.8935546875 0.03515625 0.037109375
0 0.4765625 0.8818359375 0.02734375 0.025390625
0 0.5625 0.88671875 0.0390625 0.0390625
0 0.0703125 0.884765625 0.0390625 0.0390625
0 0.98828125 0.875 0.0234375 0.0234375
0 0.763671875 0.8779296875 0.0390625 0.033203125
0 0.2998046875 0.8779296875 0.037109375 0.037109375
0 0.88671875 0.869140625 0.03125 0.03125
0 0.6787109375 0.8681640625 0.044921875 0.029296875
0 0.2763671875 0.8623046875 0.037109375 0.037109375
0 0.166015625 0.8623046875 0.0390625 0.037109375
0 0.79296875 0.8583984375 0.03515625 0.037109375
0 0.40234375 0.865234375 0.0625 0.05078125
0 0.494140625 0.8564453125 0.03515625 0.037109375
0 0.9931640625 0.8466796875 0.013671875 0.021484375
0 0.0419921875 0.8525390625 0.037109375 0.041015625
0 0.6083984375 0.84765625 0.037109375 0.03515625
0 0.7109375 0.83984375 0.03515625 0.0390625
0 0.5234375 0.8349609375 0.03515625 0.037109375
0 0.333984375 0.830078125 0.0390625 0.0390625
0 0.8212890625 0.8271484375 0.044921875 0.037109375
0 0.4404296875 0.8310546875 0.044921875 0.044921875
0 0.138671875 0.8291015625 0.0390625 0.041015625
0 0.6357421875 0.8203125 0.037109375 0.0390625
0 0.24609375 0.8154296875 0.02734375 0.029296875
0 0.0166015625 0.8193359375 0.033203125 0.041015625
0 0.931640625 0.8173828125 0.0390625 0.041015625
0 0.73046875 0.8115234375 0.02734375 0.029296875
0 0.556640625 0.8125 0.03125 0.03125
0 0.2626953125 0.7958984375 0.017578125 0.017578125
0 0.0029296875 0.7919921875 0.005859375 0.009765625
0 0.375 0.798828125 0.03125 0.03125
0 0.6640625 0.794921875 0.0390625 0.03515625
0 0.47265625 0.798828125 0.03515625 0.04296875
0 0.1103515625 0.796875 0.037109375 0.0390625
0 0.5869140625 0.779296875 0.029296875 0.02734375
0 0.294921875 0.7763671875 0.02734375 0.029296875
0 0.2119140625 0.7763671875 0.029296875 0.029296875
0 0.97265625 0.7783203125 0.0390625 0.037109375
0 0.765625 0.783203125 0.05078125 0.05078125
0 0.40234375 0.76953125 0.0390625 0.03125
0 0.693359375 0.7705078125 0.03515625 0.037109375
0 0.896484375 0.767578125 0.04296875 0.04296875
0 0.1875 0.7626953125 0.03125 0.033203125
0 0.50390625 0.7626953125 0.0390625 0.037109375
0 0.3232421875 0.7626953125 0.037109375 0.037109375
0 0.078125 0.7646484375 0.0390625 0.041015625
0 0.611328125 0.7529296875 0.0234375 0.025390625
0 0.998046875 0.740234375 0.00390625 0.00390625
0 0.7109375 0.7470703125 0.02734375 0.029296875
0 0.2412109375 0.7451171875 0.033203125 0.029296875
0 0.34765625 0.740234375 0.03125 0.03515625
0 0.9228515625 0.7373046875 0.033203125 0.037109375
0 0.052734375 0.734375 0.03515625 0.03515625
0 0.541015625 0.7353515625 0.04296875 0.044921875
0 0.822265625 0.7265625 0.03125 0.03125
0 0.7314453125 0.7255859375 0.029296875 0.029296875
0 0.44921875 0.728515625 0.03515625 0.03515625
0 0.6376953125 0.7255859375 0.037109375 0.037109375
0 0.16015625 0.72265625 0.03515625 0.03515625
0 0.9345703125 0.703125 0.017578125 0.01953125
0 0.572265625 0.7099609375 0.04296875 0.033203125
0 0.373046875 0.7119140625 0.03125 0.037109375
0 0.2734375 0.7109375 0.03515625 0.03515625
0 0.9599609375 0.693359375 0.025390625 0.0234375
0 0.4736328125 0.697265625 0.033203125 0.03515625
0 0.7861328125 0.6962890625 0.037109375 0.037109375
0 0.1962890625 0.6953125 0.033203125 0.03515625
0 0.861328125 0.69140625 0.03125 0.03125
0 0.015625 0.6875 0.03125 0.02734375
0 0.650390625 0.6875 0.02734375 0.03125
0 0.3076171875 0.68359375 0.033203125 0.03125
0 0.5927734375 0.681640625 0.037109375 0.03515625
0 0.9794921875 0.6728515625 0.029296875 0.029296875
0 0.6865234375 0.67578125 0.033203125 0.03515625
0 0.4970703125 0.67578125 0.037109375 0.03515625
0 0.2236328125 0.6767578125 0.033203125 0.037109375
0 0.00390625 0.6552734375 0.0078125 0.013671875
0 0.9951171875 0.6533203125 0.009765625 0.017578125
0 0.8056640625 0.6611328125 0.037109375 0.037109375
0 0.119140625 0.66796875 0.0546875 0.05078125
0 0.623046875 0.6591796875 0.03515625 0.037109375
0 0.421875 0.6630859375 0.04296875 0.044921875
0 0.326171875 0.6591796875 0.04296875 0.041015625
0 0.892578125 0.650390625 0.0390625 0.02734375
0 0.24609375 0.6513671875 0.03515625 0.037109375
0 0.7255859375 0.6416015625 0.033203125 0.033203125
0 0.1513671875 0.6416015625 0.037109375 0.037109375
0 0.830078125 0.6376953125 0.03515625 0.033203125
0 0.6455078125 0.6357421875 0.037109375 0.033203125
0 0.490234375 0.634765625 0.03125 0.03125
0 0.267578125 0.634765625 0.03125 0.03125
0 0.9326171875 0.6259765625 0.037109375 0.033203125
0 0.525390625 0.638671875 0.04296875 0.06640625
0 0.1728515625 0.62109375 0.037109375 0.03515625
0 0.2939453125 0.6142578125 0.025390625 0.025390625
0 0.0908203125 0.6181640625 0.033203125 0.033203125
0 0.8544921875 0.615234375 0.029296875 0.03125
0 0.365234375 0.625 0.06640625 0.05859375
0 0.5615234375 0.6103515625 0.033203125 0.033203125
0 0.1943359375 0.6005859375 0.029296875 0.029296875
0 0.6875 0.5966796875 0.03125 0.033203125
0 0.875 0.5947265625 0.03125 0.033203125
0 0.77734375 0.5908203125 0.0390625 0.041015625
0 0.0263671875 0.5849609375 0.029296875 0.029296875
0 0.1201171875 0.5849609375 0.033203125 0.033203125
0 0.5888671875 0.5849609375 0.037109375 0.037109375
0 0.41015625 0.5859375 0.03515625 0.0390625
0 0.314453125 0.5849609375 0.03515625 0.037109375
0 0.5068359375 0.580078125 0.037109375 0.03515625
0 0.216796875 0.5791015625 0.03125 0.033203125
0 0.978515625 0.5732421875 0.03125 0.029296875
0 0.8935546875 0.57421875 0.033203125 0.03515625
0 0.70703125 0.568359375 0.03125 0.03515625
0 0.796875 0.5634765625 0.04296875 0.033203125
0 0.2373046875 0.5595703125 0.033203125 0.029296875
0 0.0126953125 0.5595703125 0.025390625 0.033203125
0 0.5322265625 0.55859375 0.037109375 0.0390625
0 0.1533203125 0.5576171875 0.033203125 0.041015625
0 0.05859375 0.5517578125 0.03515625 0.033203125
0 0.7333984375 0.5419921875 0.025390625 0.025390625
0 0.822265625 0.5439453125 0.03515625 0.033203125
0 0.6328125 0.5439453125 0.03515625 0.033203125
0 0.2626953125 0.5400390625 0.033203125 0.029296875
0 0.931640625 0.537109375 0.03515625 0.03125
0 0.3505859375 0.548828125 0.052734375 0.0546875
0 0.8603515625 0.5244140625 0.037109375 0.037109375
0 0.7578125 0.5234375 0.0390625 0.03515625
0 0.654296875 0.5224609375 0.03515625 0.033203125
0 0.28125 0.5185546875 0.02734375 0.029296875
0 0.19140625 0.517578125 0.03515625 0.03125
0 0.3876953125 0.513671875 0.037109375 0.0390625
0 0.958984375 0.5107421875 0.03515625 0.037109375
0 0.4794921875 0.509765625 0.033203125 0.03515625
0 0.015625 0.5029296875 0.03125 0.033203125
0 0.5947265625 0.501953125 0.033203125 0.03515625
0 0.1025390625 0.5009765625 0.041015625 0.033203125
0 0.3017578125 0.4951171875 0.033203125 0.037109375
0 0.6865234375 0.4892578125 0.033203125 0.037109375
0 0.41796875 0.48828125 0.03515625 0.03515625
0 0.498046875 0.48828125 0.04296875 0.0390625
0 0.9833984375 0.4833984375 0.033203125 0.037109375
0 0.8828125 0.486328125 0.04296875 0.04296875
0 0.78515625 0.4892578125 0.0390625 0.048828125
0 0.6201171875 0.4814453125 0.037109375 0.033203125
0 0.037109375 0.4794921875 0.03125 0.029296875
0 0.234375 0.4814453125 0.0390625 0.041015625
0 0.8505859375 0.46875 0.017578125 0.01953125
0 0.328125 0.4716796875 0.03125 0.029296875
0 0.724609375 0.4638671875 0.03125 0.029296875
0 0.1396484375 0.466796875 0.033203125 0.03515625
0 0.9951171875 0.4560546875 0.009765625 0.017578125
0 0.921875 0.4580078125 0.0390625 0.033203125
0 0.82421875 0.4560546875 0.03515625 0.033203125
0 0.2578125 0.45703125 0.03515625 0.03515625
0 0.0654296875 0.4521484375 0.033203125 0.033203125
0 0.458984375 0.4453125 0.03125 0.03125
0 0.7470703125 0.443359375 0.033203125 0.03125
0 0.5458984375 0.447265625 0.033203125 0.0390625
0 0.2783203125 0.435546875 0.029296875 0.03125
0 0.5712890625 0.4296875 0.037109375 0.03515625
0 0.375 0.4296875 0.03515625 0.0390625
0 0.8544921875 0.423828125 0.033203125 0.03515625
0 0.7724609375 0.423828125 0.033203125 0.03515625
0 0.013671875 0.4189453125 0.02734375 0.041015625
0 0.2998046875 0.41015625 0.025390625 0.02734375
0 0.18359375 0.4140625 0.04296875 0.03515625
0 0.5029296875 0.408203125 0.037109375 0.03515625
0 0.6689453125 0.42578125 0.080078125 0.07421875
0 0.6025390625 0.3935546875 0.029296875 0.029296875
0 0.1240234375 0.3994140625 0.041015625 0.041015625
0 0.408203125 0.3935546875 0.0390625 0.037109375
0 0.326171875 0.390625 0.03515625 0.03125
0 0.0361328125 0.38671875 0.033203125 0.03515625
0 0.71484375 0.3857421875 0.03125 0.037109375
0 0.52734375 0.384765625 0.0390625 0.03515625
0 0.220703125 0.3828125 0.03515625 0.0390625
0 0.8125 0.3759765625 0.02734375 0.029296875
0 0.6220703125 0.375 0.033203125 0.03125
0 0.90234375 0.3779296875 0.04296875 0.041015625
0 0.34375 0.3701171875 0.0390625 0.033203125
0 0.5458984375 0.36328125 0.037109375 0.03515625
0 0.73828125 0.3603515625 0.03515625 0.033203125
0 0.8359375 0.35546875 0.03125 0.02734375
0 0.2568359375 0.359375 0.033203125 0.03515625
0 0.451171875 0.357421875 0.03515625 0.03515625
0 0.1630859375 0.3583984375 0.041015625 0.037109375
0 0.373046875 0.353515625 0.03125 0.03125
0 0.0615234375 0.3447265625 0.029296875 0.041015625
0 0.65625 0.341796875 0.0390625 0.0390625
0 0.2763671875 0.337890625 0.029296875 0.03125
0 0.4755859375 0.3359375 0.033203125 0.03515625
0 0.7685546875 0.33203125 0.033203125 0.03125
0 0.1953125 0.3291015625 0.0390625 0.037109375
0 0.5791015625 0.3369140625 0.048828125 0.064453125
0 0.0078125 0.31640625 0.015625 0.0234375
0 0.8671875 0.322265625 0.0390625 0.0390625
0 0.6767578125 0.3212890625 0.037109375 0.037109375
0 0.5068359375 0.31640625 0.029296875 0.02734375
0 0.3017578125 0.3212890625 0.033203125 0.037109375
0 0.4130859375 0.306640625 0.033203125 0.03125
0 0.3193359375 0.298828125 0.033203125 0.03125
0 0.978515625 0.3056640625 0.04296875 0.048828125
0 0.609375 0.2998046875 0.03515625 0.037109375
0 0.2412109375 0.2998046875 0.052734375 0.037109375
0 0.6943359375 0.2958984375 0.041015625 0.041015625
0 0.5224609375 0.291015625 0.033203125 0.03125
0 0.13671875 0.291015625 0.03515625 0.03125
0 0.8974609375 0.2880859375 0.029296875 0.029296875
0 0.435546875 0.2890625 0.03515625 0.03515625
0 0.033203125 0.28515625 0.03125 0.03125
0 0.716796875 0.2763671875 0.03125 0.029296875
0 0.63671875 0.279296875 0.0390625 0.03515625
0 0.541015625 0.271484375 0.0390625 0.0390625
0 0.2470703125 0.2578125 0.021484375 0.01953125
0 0.4609375 0.2607421875 0.0390625 0.037109375
0 0.7373046875 0.2548828125 0.033203125 0.033203125
0 0.65625 0.2578125 0.0390625 0.0390625
0 0.2763671875 0.2548828125 0.037109375 0.041015625
0 0.064453125 0.2529296875 0.04296875 0.041015625
0 0.802734375 0.2724609375 0.05859375 0.087890625
0 0.5615234375 0.248046875 0.037109375 0.0390625
0 0.1806640625 0.24609375 0.041015625 0.03515625
0 0.35546875 0.240234375 0.03125 0.03125
0 0.486328125 0.240234375 0.03515625 0.03515625
0 0.671875 0.23828125 0.0390625 0.03515625
0 0.392578125 0.2294921875 0.03125 0.033203125
0 0.755859375 0.2255859375 0.03515625 0.033203125
0 0.5849609375 0.2255859375 0.037109375 0.033203125
0 0.837890625 0.2197265625 0.02734375 0.025390625
0 0.5126953125 0.224609375 0.037109375 0.03515625
0 0.6982421875 0.2119140625 0.037109375 0.029296875
0 0.224609375 0.20703125 0.03125 0.03125
0 0.322265625 0.2060546875 0.03515625 0.033203125
0 0.7724609375 0.2001953125 0.029296875 0.029296875
0 0.4140625 0.197265625 0.03125 0.02734375
0 0.126953125 0.2021484375 0.0390625 0.048828125
0 0.5341796875 0.19140625 0.033203125 0.03125
0 0.7216796875 0.185546875 0.025390625 0.0234375
0 0.619140625 0.197265625 0.05078125 0.046875
0 0.89453125 0.2158203125 0.08203125 0.087890625
0 0.4375 0.181640625 0.0390625 0.0390625
0 0.3466796875 0.177734375 0.037109375 0.03515625
0 0.740234375 0.1708984375 0.02734375 0.025390625
0 0.2802734375 0.1630859375 0.037109375 0.037109375
0 0.1806640625 0.1611328125 0.033203125 0.033203125
0 0.5546875 0.166015625 0.04296875 0.046875
0 0.658203125 0.1611328125 0.046875 0.048828125
0 0.46484375 0.1552734375 0.0390625 0.037109375
0 0.376953125 0.146484375 0.03515625 0.03515625
0 0.587890625 0.140625 0.0390625 0.03515625
0 0.6826171875 0.1328125 0.037109375 0.03515625
0 0.4052734375 0.1318359375 0.041015625 0.037109375
0 0.30078125 0.12890625 0.03125 0.03125
0 0.49609375 0.1259765625 0.04296875 0.037109375
0 0.6083984375 0.1171875 0.037109375 0.03515625
0 0.228515625 0.1142578125 0.03125 0.033203125
0 0.80078125 0.134765625 0.08984375 0.08203125
0 0.7138671875 0.1123046875 0.037109375 0.037109375
0 0.3203125 0.1103515625 0.03515625 0.033203125
0 0.53515625 0.0986328125 0.0390625 0.044921875
0 0.634765625 0.091796875 0.03515625 0.03515625
0 0.341796875 0.0888671875 0.03125 0.033203125
0 0.451171875 0.080078125 0.03515625 0.03515625
0 0.734375 0.072265625 0.05078125 0.046875
0 0.564453125 0.0673828125 0.03515625 0.037109375
0 0.3623046875 0.0654296875 0.033203125 0.033203125
0 0.66796875 0.0595703125 0.03515625 0.033203125
0 0.3857421875 0.046875 0.033203125 0.03125
0 0.484375 0.0478515625 0.04296875 0.041015625
0 0.6962890625 0.0380859375 0.033203125 0.033203125
0 0.5966796875 0.037109375 0.033203125 0.03125
0 0.4140625 0.0302734375 0.03125 0.029296875
0 0.435546875 0.0126953125 0.0234375 0.021484375
0 0.865234375 0.0068359375 0.0234375 0.013671875
0 0.625 0.01171875 0.02734375 0.0234375
0 0.5966796875 0.005859375 0.017578125 0.01171875
0 0.5185546875 0.017578125 0.041015625 0.03515625
0 0.4580078125 0.0048828125 0.013671875 0.009765625