0 0.015625 0.6162109375 0.03125 0.044921875
0 0.4267578125 0.560546875 0.056640625 0.0390625
0 0.072265625 0.5546875 0.0390625 0.0390625
0 0.1142578125 0.533203125 0.037109375 0.04296875
0 0.0205078125 0.513671875 0.041015625 0.04296875
0 0.1552734375 0.509765625 0.033203125 0.0390625
0 0.005859375 0.4931640625 0.01171875 0.021484375
0 0.1826171875 0.494140625 0.041015625 0.04296875
0 0.05078125 0.4892578125 0.02734375 0.033203125
0 0.0673828125 0.4775390625 0.029296875 0.037109375
0 0.2314453125 0.47265625 0.068359375 0.05859375
0 0.125 0.451171875 0.03515625 0.03125
0 0.10546875 0.419921875 0.046875 0.03515625
0 0.0107421875 0.4189453125 0.021484375 0.041015625
0 0.2119140625 0.4111328125 0.029296875 0.041015625
0 0.0322265625 0.3974609375 0.029296875 0.029296875
0 0.1650390625 0.3916015625 0.033203125 0.025390625
0 0.0654296875 0.388671875 0.025390625 0.02734375
0 0.095703125 0.3818359375 0.03125 0.041015625
0 0.189453125 0.35546875 0.03125 0.03515625
0 0.1455078125 0.3349609375 0.037109375 0.037109375
0 0.056640625 0.3251953125 0.04296875 0.037109375
0 0.1728515625 0.3203125 0.025390625 0.03125
0 0.1904296875 0.3115234375 0.025390625 0.029296875
0 0.2109375 0.3037109375 0.02734375 0.033203125
0 0.1181640625 0.2822265625 0.056640625 0.056640625
0 0.1591796875 0.2607421875 0.037109375 0.033203125
0 0.2021484375 0.2421875 0.029296875 0.03515625
0 0.0615234375 0.1865234375 0.025390625 0.025390625
0 0.001953125 0.17578125 0.00390625 0.00390625
0 0.4375 0.2373046875 0.1015625 0.177734375
0 0.0400390625 0.1484375 0.021484375 0.0234375
0 0.0302734375 0.1171875 0.033203125 0.02734375
0 0.01171875 0.078125 0.0234375 0.0234375
0 0.0068359375 0.060546875 0.013671875 0.015625
0 0.041015625 0.05078125 0.03125 0.0234375
0 0.0888671875 0.044921875 0.044921875 0.046875