0 0.9423828125 0.998046875 0.009765625 0.00390625
0 0.0205078125 0.994140625 0.021484375 0.01171875
0 0.3935546875 0.9931640625 0.021484375 0.013671875
0 0.5029296875 0.9921875 0.033203125 0.015625
0 0.2060546875 0.9912109375 0.029296875 0.017578125
0 0.6416015625 0.9892578125 0.041015625 0.021484375
0 0.7548828125 0.9833984375 0.029296875 0.025390625
0 0.0625 0.9853515625 0.03125 0.029296875
0 0.830078125 0.984375 0.04296875 0.03125
0 0.2412109375 0.9794921875 0.029296875 0.025390625
0 0.59375 0.9775390625 0.03125 0.025390625
0 0.4169921875 0.9755859375 0.029296875 0.025390625
0 0.4921875 0.97265625 0.02734375 0.0234375
0 0.3154296875 0.9716796875 0.033203125 0.025390625
0 0.08984375 0.974609375 0.03125 0.03125
0 0.5732421875 0.958984375 0.017578125 0.015625
0 0.2138671875 0.96484375 0.037109375 0.02734375
0 0.8740234375 0.9658203125 0.033203125 0.041015625
0 0.55078125 0.9521484375 0.0234375 0.021484375
0 0.125 0.9599609375 0.03515625 0.041015625
0 0.48046875 0.947265625 0.02734375 0.0234375
0 0.73046875 0.947265625 0.03125 0.02734375
0 0.38671875 0.9443359375 0.03125 0.025390625
0 0.9814453125 0.943359375 0.017578125 0.02734375
0 0.9501953125 0.9453125 0.021484375 0.03125
0 0.919921875 0.9443359375 0.01953125 0.029296875
0 0.80859375 0.931640625 0.02734375 0.02734375
0 0.2978515625 0.931640625 0.033203125 0.02734375
0 0.0126953125 0.931640625 0.025390625 0.03515625
0 0.5400390625 0.921875 0.033203125 0.03125
0 0.4677734375 0.919921875 0.025390625 0.02734375
0 0.7490234375 0.91796875 0.033203125 0.02734375
0 0.185546875 0.9345703125 0.078125 0.072265625
0 0.0654296875 0.9052734375 0.025390625 0.025390625
0 0.3642578125 0.9072265625 0.033203125 0.037109375
0 0.2841796875 0.89453125 0.029296875 0.02734375
0 0.79296875 0.890625 0.02734375 0.0234375
0 0.447265625 0.8857421875 0.03125 0.033203125
0 0.853515625 0.880859375 0.01953125 0.03125
0 0.1064453125 0.880859375 0.025390625 0.03125
0 0.974609375 0.876953125 0.01953125 0.02734375
0 0.8837890625 0.8779296875 0.017578125 0.029296875
0 0.9423828125 0.876953125 0.017578125 0.03125
0 0.9072265625 0.876953125 0.021484375 0.03125
0 0.99609375 0.8740234375 0.0078125 0.037109375
0 0.1328125 0.8681640625 0.0234375 0.029296875
0 0.7880859375 0.8603515625 0.033203125 0.025390625
0 0.619140625 0.86328125 0.02734375 0.03125
0 0.2666015625 0.861328125 0.029296875 0.02734375
0 0.4287109375 0.85546875 0.041015625 0.03125
0 0.181640625 0.84375 0.0390625 0.02734375
0 0.873046875 0.837890625 0.015625 0.01953125
0 0.4990234375 0.8408203125 0.033203125 0.029296875
0 0.9208984375 0.8349609375 0.013671875 0.021484375
0 0.3076171875 0.8388671875 0.025390625 0.029296875
0 0.775390625 0.8359375 0.03125 0.02734375
0 0.4248046875 0.8310546875 0.025390625 0.025390625
0 0.701171875 0.8310546875 0.02734375 0.033203125
0 0.3525390625 0.8271484375 0.029296875 0.041015625
0 0.4814453125 0.8125 0.025390625 0.0234375
0 0.171875 0.810546875 0.0390625 0.02734375
0 0.7685546875 0.8076171875 0.033203125 0.025390625
0 0.59765625 0.8037109375 0.015625 0.017578125
0 0.9921875 0.8056640625 0.015625 0.025390625
0 0.3818359375 0.80859375 0.033203125 0.03515625
0 0.4111328125 0.7978515625 0.029296875 0.025390625
0 0.25 0.8037109375 0.04296875 0.037109375
0 0.46875 0.7900390625 0.02734375 0.025390625
0 0.1220703125 0.7841796875 0.029296875 0.025390625
0 0.1630859375 0.7841796875 0.037109375 0.033203125
0 0.7734375 0.7783203125 0.0390625 0.029296875
0 0.515625 0.7685546875 0.015625 0.017578125
0 0.2919921875 0.7783203125 0.029296875 0.041015625
0 0.3193359375 0.76953125 0.025390625 0.02734375
0 0.234375 0.7666015625 0.0390625 0.029296875
0 0.4638671875 0.7646484375 0.037109375 0.033203125
0 0.8232421875 0.7626953125 0.029296875 0.033203125
0 0.6826171875 0.751953125 0.021484375 0.01953125
0 0.01171875 0.7568359375 0.0234375 0.033203125
0 0.1494140625 0.7529296875 0.021484375 0.029296875
0 0.2861328125 0.7421875 0.017578125 0.01953125
0 0.515625 0.7421875 0.0234375 0.02734375
0 0.89453125 0.7392578125 0.0234375 0.025390625
0 0.861328125 0.7431640625 0.03515625 0.041015625
0 0.2236328125 0.732421875 0.037109375 0.02734375
0 0.34375 0.7431640625 0.03125 0.052734375
0 0.671875 0.7275390625 0.02734375 0.025390625
0 0.5400390625 0.7333984375 0.033203125 0.037109375
0 0.3798828125 0.73828125 0.037109375 0.046875
0 0.744140625 0.7255859375 0.03515625 0.029296875
0 0.5625 0.720703125 0.02734375 0.02734375
0 0.4326171875 0.712890625 0.029296875 0.02734375
0 0.5888671875 0.7109375 0.029296875 0.03125
0 0.3671875 0.7080078125 0.03125 0.025390625
0 0.76953125 0.7021484375 0.01953125 0.029296875
0 0.7294921875 0.6982421875 0.029296875 0.025390625
0 0.615234375 0.70703125 0.0390625 0.046875
0 0.4794921875 0.69140625 0.025390625 0.02734375
0 0.0986328125 0.6875 0.037109375 0.0234375
0 0.6376953125 0.685546875 0.025390625 0.03125
0 0.41796875 0.68359375 0.03125 0.02734375
0 0.3564453125 0.681640625 0.029296875 0.02734375
0 0.501953125 0.6796875 0.02734375 0.03125
0 0.216796875 0.685546875 0.03515625 0.046875
0 0.83984375 0.6728515625 0.0390625 0.025390625
0 0.6611328125 0.673828125 0.029296875 0.03125
0 0.716796875 0.6689453125 0.02734375 0.025390625
0 0.0107421875 0.6591796875 0.021484375 0.021484375
0 0.4072265625 0.658203125 0.033203125 0.02734375
0 0.9833984375 0.6552734375 0.029296875 0.029296875
0 0.103515625 0.6552734375 0.03515625 0.029296875
0 0.0380859375 0.6533203125 0.029296875 0.029296875
0 0.556640625 0.65234375 0.02734375 0.03515625
0 0.4912109375 0.6484375 0.037109375 0.03125
0 0.296875 0.6435546875 0.03125 0.021484375
0 0.5849609375 0.6376953125 0.029296875 0.033203125
0 0.392578125 0.6279296875 0.02734375 0.021484375
0 0.0888671875 0.62890625 0.033203125 0.0234375
0 0.611328125 0.62890625 0.0234375 0.02734375
0 0.224609375 0.6298828125 0.03515625 0.033203125
0 0.7626953125 0.6279296875 0.029296875 0.033203125
0 0.794921875 0.6142578125 0.02734375 0.033203125
0 0.1669921875 0.6103515625 0.033203125 0.025390625
0 0.001953125 0.6005859375 0.00390625 0.009765625
0 0.5341796875 0.6025390625 0.025390625 0.021484375
0 0.3779296875 0.603515625 0.025390625 0.0234375
0 0.9970703125 0.5947265625 0.005859375 0.009765625
0 0.2763671875 0.6044921875 0.041015625 0.052734375
0 0.685546875 0.5859375 0.0234375 0.02734375
0 0.0361328125 0.5859375 0.033203125 0.03125
0 0.3662109375 0.5810546875 0.025390625 0.025390625
0 0.5302734375 0.5791015625 0.029296875 0.029296875
0 0.142578125 0.576171875 0.02734375 0.0234375
0 0.865234375 0.5791015625 0.03515625 0.037109375
0 0.6064453125 0.57421875 0.029296875 0.02734375
0 0.416015625 0.56640625 0.0234375 0.01953125
0 0.7080078125 0.57421875 0.021484375 0.0390625
0 0.44921875 0.572265625 0.0390625 0.03515625
0 0.7578125 0.5595703125 0.0234375 0.025390625
0 0.728515625 0.5634765625 0.0234375 0.037109375
0 0.12890625 0.552734375 0.02734375 0.0234375
0 0.056640625 0.5517578125 0.0234375 0.021484375
0 0.919921875 0.5517578125 0.03125 0.029296875
0 0.5126953125 0.5478515625 0.029296875 0.025390625
0 0.4052734375 0.5419921875 0.013671875 0.013671875
0 0.3515625 0.5478515625 0.02734375 0.025390625
0 0.4404296875 0.546875 0.029296875 0.02734375
0 0.59375 0.54296875 0.02734375 0.0234375
0 0.1767578125 0.5322265625 0.025390625 0.021484375
0 0.6640625 0.5322265625 0.0234375 0.037109375
0 0.498046875 0.5224609375 0.02734375 0.025390625
0 0.3388671875 0.5224609375 0.029296875 0.025390625
0 0.5810546875 0.5205078125 0.029296875 0.025390625
0 0.037109375 0.517578125 0.0234375 0.01953125
0 0.42578125 0.5205078125 0.02734375 0.029296875
0 0.5224609375 0.505859375 0.017578125 0.01953125
0 0.3583984375 0.498046875 0.017578125 0.015625
0 0.794921875 0.501953125 0.0234375 0.02734375
0 0.4814453125 0.494140625 0.025390625 0.0234375
0 0.412109375 0.49609375 0.03515625 0.02734375
0 0.328125 0.4951171875 0.02734375 0.025390625
0 0.0234375 0.494140625 0.0234375 0.0234375
0 0.564453125 0.4931640625 0.02734375 0.025390625
0 0.96875 0.4921875 0.02734375 0.02734375
0 0.8623046875 0.4970703125 0.044921875 0.037109375
0 0.7158203125 0.4921875 0.033203125 0.03515625
0 0.470703125 0.46484375 0.0234375 0.0234375
0 0.9345703125 0.4638671875 0.025390625 0.033203125
0 0.306640625 0.458984375 0.0234375 0.0234375
0 0.7744140625 0.4501953125 0.021484375 0.021484375
0 0.55078125 0.455078125 0.02734375 0.03515625
0 0.3896484375 0.4560546875 0.033203125 0.037109375
0 0.00390625 0.4443359375 0.0078125 0.013671875
0 0.8544921875 0.4453125 0.025390625 0.02734375
0 0.455078125 0.4375 0.0234375 0.0234375
0 0.2177734375 0.4775390625 0.126953125 0.111328125
0 0.0634765625 0.423828125 0.029296875 0.02734375
0 0.0927734375 0.419921875 0.025390625 0.0234375
0 0.9130859375 0.416015625 0.029296875 0.03515625
0 0.4384765625 0.40625 0.025390625 0.03125
0 0.5283203125 0.4111328125 0.033203125 0.044921875
0 0.1103515625 0.4013671875 0.021484375 0.025390625
0 0.1357421875 0.3876953125 0.025390625 0.025390625
0 0.1640625 0.3759765625 0.02734375 0.025390625
0 0.1953125 0.361328125 0.02734375 0.02734375
0 0.0341796875 0.3603515625 0.025390625 0.029296875
0 0.919921875 0.359375 0.0234375 0.03125
0 0.0654296875 0.3466796875 0.025390625 0.029296875
0 0.0888671875 0.333984375 0.025390625 0.02734375
0 0.0419921875 0.3232421875 0.017578125 0.025390625
0 0.125 0.32421875 0.0234375 0.03125
0 0.853515625 0.3056640625 0.02734375 0.025390625
0 0.1435546875 0.302734375 0.033203125 0.03515625
0 0.021484375 0.2958984375 0.0390625 0.025390625
0 0.171875 0.2939453125 0.02734375 0.029296875
0 0.9521484375 0.2890625 0.017578125 0.02734375
0 0.228515625 0.267578125 0.0234375 0.0234375
0 0.0048828125 0.2578125 0.009765625 0.01953125
0 0.2861328125 0.2412109375 0.021484375 0.025390625
0 0.3076171875 0.2265625 0.021484375 0.0234375
0 0.943359375 0.2275390625 0.0234375 0.048828125
0 0.625 0.2998046875 0.234375 0.193359375
0 0.3359375 0.2119140625 0.02734375 0.025390625
0 0.3662109375 0.201171875 0.029296875 0.02734375
0 0.3955078125 0.185546875 0.029296875 0.02734375
0 0.99609375 0.166015625 0.0078125 0.0390625
0 0.0791015625 0.158203125 0.037109375 0.02734375
0 0.46875 0.1474609375 0.02734375 0.029296875
0 0.5146484375 0.12109375 0.037109375 0.03125
0 0.337890625 0.111328125 0.03125 0.02734375
0 0.02734375 0.1064453125 0.03125 0.048828125
0 0.92578125 0.1005859375 0.0390625 0.041015625
0 0.5634765625 0.0947265625 0.037109375 0.041015625
0 0.0771484375 0.0908203125 0.025390625 0.033203125
0 0.990234375 0.0830078125 0.01953125 0.021484375
0 0.3779296875 0.0869140625 0.033203125 0.037109375
0 0.115234375 0.0859375 0.03125 0.03515625
0 0.6083984375 0.068359375 0.037109375 0.046875
0 0.9580078125 0.048828125 0.021484375 0.01953125
0 0.912109375 0.044921875 0.02734375 0.02734375
0 0.7041015625 0.033203125 0.025390625 0.0234375
0 0.6650390625 0.03515625 0.025390625 0.02734375
0 0.4072265625 0.0380859375 0.037109375 0.033203125
0 0.0068359375 0.02734375 0.013671875 0.01953125
0 0.0400390625 0.02734375 0.017578125 0.03125
0 0.5517578125 0.0224609375 0.029296875 0.025390625
0 0.9931640625 0.0205078125 0.013671875 0.033203125
0 0.939453125 0.0068359375 0.01953125 0.013671875
0 0.50390625 0.0087890625 0.03125 0.017578125
0 0.4541015625 0.0126953125 0.033203125 0.025390625
0 0.3046875 0.013671875 0.04296875 0.02734375
0 0.0693359375 0.005859375 0.017578125 0.01171875