0 0.64453125 0.99609375 0.01953125 0.0078125
0 0.86328125 0.9951171875 0.01953125 0.009765625
0 0.5810546875 0.9951171875 0.029296875 0.009765625
0 0.2236328125 0.9951171875 0.017578125 0.009765625
0 0.9462890625 0.9921875 0.017578125 0.015625
0 0.3232421875 0.9921875 0.033203125 0.015625
0 0.5419921875 0.9912109375 0.025390625 0.017578125
0 0.1025390625 0.9912109375 0.033203125 0.017578125
0 0.0234375 0.9912109375 0.02734375 0.017578125
0 0.2529296875 0.990234375 0.029296875 0.01953125
0 0.5146484375 0.9892578125 0.025390625 0.021484375
0 0.7509765625 0.98828125 0.037109375 0.0234375
0 0.65625 0.9775390625 0.0390625 0.029296875
0 0.486328125 0.9765625 0.0234375 0.02734375
0 0.837890625 0.9716796875 0.0390625 0.025390625
0 0.4248046875 0.970703125 0.021484375 0.02734375
0 0.4013671875 0.96484375 0.025390625 0.02734375
0 0.1044921875 0.9619140625 0.037109375 0.021484375
0 0.3759765625 0.9619140625 0.021484375 0.029296875
0 0.158203125 0.962890625 0.01953125 0.03125
0 0.1845703125 0.962890625 0.021484375 0.03515625
0 0.0244140625 0.95703125 0.029296875 0.0234375
0 0.2109375 0.953125 0.01953125 0.0234375
0 0.3388671875 0.9619140625 0.044921875 0.044921875
0 0.7607421875 0.9521484375 0.044921875 0.029296875
0 0.6591796875 0.9501953125 0.037109375 0.025390625
0 0.8486328125 0.9501953125 0.044921875 0.029296875
0 0.59375 0.943359375 0.02734375 0.01953125
0 0.2607421875 0.955078125 0.033203125 0.04296875
0 0.3251953125 0.9462890625 0.025390625 0.029296875
0 0.5634765625 0.9375 0.029296875 0.02734375
0 0.5419921875 0.9248046875 0.021484375 0.025390625
0 0.02734375 0.9228515625 0.03125 0.025390625
0 0.7666015625 0.91796875 0.029296875 0.03125
0 0.583984375 0.912109375 0.015625 0.01953125
0 0.517578125 0.916015625 0.0234375 0.03515625
0 0.8486328125 0.9130859375 0.037109375 0.033203125
0 0.6640625 0.912109375 0.0390625 0.05078125
0 0.4921875 0.908203125 0.03125 0.04296875
0 0.1123046875 0.8974609375 0.021484375 0.021484375
0 0.3857421875 0.8955078125 0.021484375 0.021484375
0 0.189453125 0.890625 0.0234375 0.01953125
0 0.412109375 0.8955078125 0.02734375 0.037109375
0 0.4384765625 0.8955078125 0.025390625 0.048828125
0 0.3349609375 0.8818359375 0.021484375 0.025390625
0 0.1591796875 0.8857421875 0.029296875 0.033203125
0 0.212890625 0.884765625 0.01953125 0.03515625
0 0.365234375 0.8818359375 0.0234375 0.033203125
0 0.509765625 0.873046875 0.0390625 0.02734375
0 0.27734375 0.873046875 0.01953125 0.03515625
0 0.8681640625 0.865234375 0.029296875 0.0234375
0 0.5986328125 0.8779296875 0.041015625 0.052734375
0 0.232421875 0.859375 0.015625 0.015625
0 0.6708984375 0.8623046875 0.025390625 0.029296875
0 0.787109375 0.8544921875 0.0234375 0.025390625
0 0.1123046875 0.8505859375 0.033203125 0.017578125
0 0.03515625 0.8671875 0.0390625 0.078125
0 0.8642578125 0.83984375 0.029296875 0.02734375
0 0.6123046875 0.837890625 0.017578125 0.02734375
0 0.4521484375 0.8349609375 0.021484375 0.021484375
0 0.517578125 0.8388671875 0.0234375 0.033203125
0 0.119140625 0.826171875 0.03125 0.0234375
0 0.6826171875 0.8251953125 0.056640625 0.029296875
0 0.162109375 0.822265625 0.0234375 0.02734375
0 0.794921875 0.8173828125 0.02734375 0.025390625
0 0.18359375 0.8173828125 0.01953125 0.025390625
0 0.900390625 0.814453125 0.03515625 0.0234375
0 0.20703125 0.81640625 0.01953125 0.02734375
0 0.4326171875 0.810546875 0.025390625 0.01953125
0 0.275390625 0.8115234375 0.03125 0.021484375
0 0.236328125 0.806640625 0.0234375 0.01953125
0 0.7734375 0.80078125 0.015625 0.01171875
0 0.6142578125 0.80859375 0.017578125 0.02734375
0 0.3505859375 0.7978515625 0.041015625 0.021484375
0 0.6865234375 0.7939453125 0.033203125 0.025390625
0 0.798828125 0.7890625 0.03125 0.02734375
0 0.40234375 0.791015625 0.01953125 0.03125
0 0.443359375 0.783203125 0.03515625 0.0234375
0 0.5322265625 0.7744140625 0.041015625 0.025390625
0 0.9873046875 0.775390625 0.025390625 0.04296875
0 0.603515625 0.7666015625 0.04296875 0.025390625
0 0.0556640625 0.7626953125 0.033203125 0.029296875
0 0.0244140625 0.76171875 0.025390625 0.02734375
0 0.126953125 0.7529296875 0.02734375 0.025390625
0 0.8779296875 0.7568359375 0.025390625 0.037109375
0 0.2041015625 0.748046875 0.025390625 0.01953125
0 0.701171875 0.76171875 0.05078125 0.05078125
0 0.1650390625 0.7490234375 0.029296875 0.025390625
0 0.71875 0.7490234375 0.0234375 0.033203125
0 0.80859375 0.7490234375 0.02734375 0.037109375
0 0.2421875 0.740234375 0.03515625 0.0234375
0 0.765625 0.7392578125 0.0234375 0.029296875
0 0.291015625 0.728515625 0.0390625 0.03125
0 0.3720703125 0.72265625 0.033203125 0.0234375
0 0.8134765625 0.7158203125 0.044921875 0.029296875
0 0.462890625 0.7119140625 0.03515625 0.025390625
0 0.412109375 0.71484375 0.03515625 0.03125
0 0.5546875 0.6962890625 0.01953125 0.025390625
0 0.53125 0.697265625 0.0234375 0.03125
0 0.3017578125 0.689453125 0.029296875 0.02734375
0 0.83203125 0.685546875 0.04296875 0.02734375
0 0.5771484375 0.6884765625 0.025390625 0.033203125
0 0.6591796875 0.6787109375 0.033203125 0.029296875
0 0.6064453125 0.6787109375 0.029296875 0.033203125
0 0.7099609375 0.6748046875 0.033203125 0.029296875
0 0.4482421875 0.6728515625 0.025390625 0.025390625
0 0.37890625 0.666015625 0.0234375 0.02734375
0 0.3046875 0.6640625 0.03125 0.0234375
0 0.548828125 0.6484375 0.0390625 0.02734375
0 0.3095703125 0.640625 0.033203125 0.0234375
0 0.3828125 0.6357421875 0.0234375 0.025390625
0 0.314453125 0.6171875 0.02734375 0.0234375
0 0.38671875 0.6064453125 0.0234375 0.025390625
0 0.3193359375 0.591796875 0.033203125 0.0234375
0 0.1416015625 0.5703125 0.283203125 0.2265625
0 0.0087890625 0.4501953125 0.017578125 0.021484375
0 0.107421875 0.419921875 0.01953125 0.04296875
0 0.048828125 0.416015625 0.02734375 0.0390625
0 0.0146484375 0.392578125 0.029296875 0.03515625
0 0.0927734375 0.37109375 0.037109375 0.04296875
0 0.05859375 0.326171875 0.03515625 0.0390625
0 0.1201171875 0.2998046875 0.025390625 0.029296875
0 0.201171875 0.3017578125 0.0390625 0.037109375
0 0.16015625 0.2939453125 0.04296875 0.041015625
0 0.03125 0.2880859375 0.04296875 0.037109375
0 0.462890625 0.2802734375 0.03515625 0.033203125
0 0.00390625 0.26171875 0.0078125 0.015625
0 0.435546875 0.26171875 0.02734375 0.0390625
0 0.140625 0.2587890625 0.02734375 0.037109375
0 0.41015625 0.251953125 0.03125 0.03515625
0 0.2294921875 0.23828125 0.033203125 0.03125
0 0.388671875 0.240234375 0.03515625 0.04296875
0 0.087890625 0.228515625 0.02734375 0.02734375
0 0.3681640625 0.2236328125 0.025390625 0.025390625
0 0.5087890625 0.2177734375 0.033203125 0.037109375
0 0.3447265625 0.21484375 0.029296875 0.03125
0 0.466796875 0.2080078125 0.03515625 0.033203125
0 0.265625 0.1982421875 0.015625 0.017578125
0 0.1845703125 0.205078125 0.029296875 0.03515625
0 0.046875 0.201171875 0.02734375 0.02734375
0 0.142578125 0.1923828125 0.01953125 0.021484375
0 0.439453125 0.19140625 0.02734375 0.03125
0 0.009765625 0.177734375 0.01953125 0.02734375
0 0.4169921875 0.1767578125 0.029296875 0.033203125
0 0.2841796875 0.1748046875 0.025390625 0.033203125
0 0.1064453125 0.169921875 0.025390625 0.02734375
0 0.2568359375 0.16015625 0.025390625 0.0234375
0 0.9970703125 0.2041015625 0.005859375 0.115234375
0 0.78125 0.1611328125 0.0234375 0.037109375
0 0.384765625 0.158203125 0.04296875 0.04296875
0 0.22265625 0.1484375 0.03125 0.03125
0 0.0576171875 0.146484375 0.037109375 0.03515625
0 0.02734375 0.12890625 0.0234375 0.0234375
0 0.193359375 0.1318359375 0.03125 0.037109375
0 0.4775390625 0.1259765625 0.029296875 0.033203125
0 0.341796875 0.123046875 0.04296875 0.04296875
0 0.3134765625 0.115234375 0.025390625 0.02734375
0 0.2890625 0.1083984375 0.0234375 0.025390625
0 0.173828125 0.11328125 0.03125 0.03515625
0 0.01171875 0.111328125 0.0234375 0.03125
0 0.4599609375 0.111328125 0.029296875 0.03515625
0 0.1513671875 0.1025390625 0.033203125 0.029296875
0 0.435546875 0.1025390625 0.03125 0.041015625
0 0.2685546875 0.0947265625 0.021484375 0.025390625
0 0.609375 0.205078125 0.109375 0.25
0 0.4189453125 0.0830078125 0.025390625 0.029296875
0 0.7919921875 0.0966796875 0.052734375 0.060546875
0 0.2509765625 0.0791015625 0.033203125 0.037109375
0 0.119140625 0.0810546875 0.046875 0.041015625
0 0.2275390625 0.0673828125 0.029296875 0.037109375
0 0.08984375 0.05859375 0.0234375 0.0234375
0 0.375 0.05859375 0.02734375 0.03125
0 0.2060546875 0.0576171875 0.029296875 0.033203125
0 0.0615234375 0.052734375 0.033203125 0.03125
0 0.185546875 0.0439453125 0.02734375 0.037109375
0 0.1640625 0.0361328125 0.02734375 0.025390625
0 0.310546875 0.0263671875 0.02734375 0.033203125
0 0.01953125 0.025390625 0.03125 0.03125
0 0.1416015625 0.0224609375 0.025390625 0.029296875
0 0.3779296875 0.00390625 0.013671875 0.0078125
0 0.2900390625 0.0166015625 0.029296875 0.033203125
0 0.2666015625 0.009765625 0.029296875 0.01953125
0 0.1630859375 0.00390625 0.013671875 0.0078125
0 0.1201171875 0.013671875 0.029296875 0.02734375
0 0.0732421875 0.0029296875 0.009765625 0.005859375