0 0.9326171875 0.99609375 0.013671875 0.0078125
0 0.513671875 0.99609375 0.015625 0.0078125
0 0.46484375 0.9921875 0.03515625 0.015625
0 0.232421875 0.9912109375 0.0234375 0.017578125
0 0.2763671875 0.974609375 0.041015625 0.05078125
0 0.888671875 0.9609375 0.03515625 0.03515625
0 0.31640625 0.966796875 0.04296875 0.0625
0 0.9755859375 0.9619140625 0.048828125 0.068359375
0 0.8681640625 0.9404296875 0.033203125 0.033203125
0 0.4326171875 0.9453125 0.068359375 0.04296875
0 0.84765625 0.923828125 0.03515625 0.03515625
0 0.3505859375 0.9453125 0.056640625 0.0859375
0 0.9462890625 0.9150390625 0.037109375 0.037109375
0 0.822265625 0.892578125 0.03515625 0.03125
0 0.88671875 0.8818359375 0.02734375 0.029296875
0 0.8291015625 0.8583984375 0.033203125 0.029296875
0 0.46875 0.87890625 0.0390625 0.0703125
0 0.78515625 0.859375 0.03515625 0.03515625
0 0.3974609375 0.890625 0.080078125 0.1015625
0 0.76171875 0.8330078125 0.0390625 0.037109375
0 0.953125 0.826171875 0.03125 0.04296875
0 0.9814453125 0.826171875 0.033203125 0.046875
0 0.92578125 0.8095703125 0.03125 0.041015625
0 0.8671875 0.794921875 0.0234375 0.0234375
0 0.98828125 0.7880859375 0.01953125 0.021484375
0 0.8955078125 0.798828125 0.033203125 0.04296875
0 0.9599609375 0.783203125 0.013671875 0.015625
0 0.83984375 0.78125 0.03125 0.02734375
0 0.8095703125 0.765625 0.025390625 0.02734375
0 0.583984375 0.78515625 0.07421875 0.0859375
0 0.787109375 0.7451171875 0.02734375 0.041015625
0 0.810546875 0.7177734375 0.015625 0.017578125
0 0.7607421875 0.7333984375 0.041015625 0.048828125
0 0.9765625 0.71484375 0.046875 0.04296875
0 0.7060546875 0.7060546875 0.025390625 0.025390625
0 0.7744140625 0.7021484375 0.021484375 0.021484375
0 0.931640625 0.7021484375 0.03515625 0.041015625
0 0.75 0.6875 0.0234375 0.01953125
0 0.900390625 0.6826171875 0.0234375 0.029296875
0 0.2900390625 0.734375 0.169921875 0.14453125
0 0.1689453125 0.6923828125 0.056640625 0.060546875
0 0.8740234375 0.673828125 0.025390625 0.03515625
0 0.9931640625 0.662109375 0.013671875 0.0234375
0 0.662109375 0.66796875 0.0390625 0.03515625
0 0.84375 0.6640625 0.02734375 0.0390625
0 0.970703125 0.65234375 0.0234375 0.03125
0 0.6337890625 0.6513671875 0.029296875 0.033203125
0 0.81640625 0.6455078125 0.03125 0.033203125
0 0.599609375 0.6416015625 0.04296875 0.029296875
0 0.654296875 0.619140625 0.015625 0.01953125
0 0.6240234375 0.619140625 0.029296875 0.03125
0 0.9140625 0.59375 0.0234375 0.03125
0 0.986328125 0.58984375 0.02734375 0.03125
0 0.857421875 0.583984375 0.0234375 0.02734375
0 0.94921875 0.576171875 0.02734375 0.02734375
0 0.697265625 0.5810546875 0.05078125 0.041015625
0 0.8037109375 0.5810546875 0.068359375 0.052734375
0 0.5478515625 0.572265625 0.037109375 0.0390625
0 0.6552734375 0.5615234375 0.025390625 0.029296875
0 0.591796875 0.55078125 0.0234375 0.01953125
0 0.888671875 0.5546875 0.02734375 0.03125
0 0.7568359375 0.5517578125 0.025390625 0.025390625
0 0.6201171875 0.5390625 0.021484375 0.0234375
0 0.861328125 0.5390625 0.02734375 0.02734375
0 0.9951171875 0.529296875 0.009765625 0.03125
0 0.7001953125 0.517578125 0.025390625 0.03125
0 0.9765625 0.515625 0.02734375 0.0390625
0 0.44921875 0.509765625 0.0234375 0.02734375
0 0.9482421875 0.50390625 0.029296875 0.0390625
0 0.9189453125 0.4921875 0.029296875 0.0390625
0 0.5166015625 0.478515625 0.021484375 0.0234375
0 0.8935546875 0.48046875 0.029296875 0.03515625
0 0.6396484375 0.484375 0.060546875 0.046875
0 0.48046875 0.4697265625 0.03125 0.029296875
0 0.8662109375 0.46875 0.029296875 0.03515625
0 0.841796875 0.4638671875 0.0234375 0.025390625
0 0.8154296875 0.453125 0.021484375 0.0234375
0 0.416015625 0.4384765625 0.04296875 0.037109375
0 0.5732421875 0.447265625 0.083984375 0.05859375
0 0.7451171875 0.4189453125 0.037109375 0.033203125
0 0.5048828125 0.408203125 0.033203125 0.02734375
0 0.9970703125 0.388671875 0.005859375 0.015625
0 0.6962890625 0.3916015625 0.044921875 0.041015625
0 0.4658203125 0.38671875 0.037109375 0.03125
0 0.439453125 0.373046875 0.0234375 0.02734375
0 0.9833984375 0.3720703125 0.025390625 0.041015625
0 0.41015625 0.3603515625 0.02734375 0.025390625
0 0.955078125 0.361328125 0.02734375 0.0390625
0 0.3818359375 0.3447265625 0.029296875 0.029296875
0 0.92578125 0.341796875 0.02734375 0.03125
0 0.8974609375 0.33203125 0.025390625 0.02734375
0 0.3544921875 0.3291015625 0.029296875 0.029296875
0 0.7314453125 0.3193359375 0.021484375 0.017578125
0 0.8662109375 0.318359375 0.033203125 0.02734375
0 0.8427734375 0.3076171875 0.025390625 0.029296875
0 0.7041015625 0.3037109375 0.025390625 0.021484375
0 0.3271484375 0.306640625 0.025390625 0.03515625
0 0.7998046875 0.2900390625 0.052734375 0.044921875
0 0.6748046875 0.28125 0.025390625 0.03125
0 0.310546875 0.283203125 0.0390625 0.03515625
0 0.9697265625 0.27734375 0.033203125 0.0390625
0 0.7548828125 0.2666015625 0.029296875 0.025390625
0 0.9375 0.259765625 0.05078125 0.0390625
0 0.7314453125 0.248046875 0.025390625 0.02734375
0 0.8818359375 0.2470703125 0.033203125 0.037109375
0 0.8515625 0.2373046875 0.03125 0.033203125
0 0.697265625 0.23828125 0.02734375 0.03515625
0 0.927734375 0.228515625 0.02734375 0.0234375
0 0.671875 0.216796875 0.0234375 0.0234375
0 0.646484375 0.203125 0.0234375 0.0234375
0 0.134765625 0.197265625 0.05078125 0.0390625
0 0.607421875 0.185546875 0.05078125 0.03515625
0 0.9892578125 0.173828125 0.021484375 0.01953125
0 0.935546875 0.1748046875 0.015625 0.021484375
0 0.8486328125 0.173828125 0.025390625 0.01953125
0 0.7880859375 0.1748046875 0.025390625 0.021484375
0 0.8173828125 0.169921875 0.025390625 0.03125
0 0.8828125 0.1689453125 0.01953125 0.037109375
0 0.708984375 0.1611328125 0.0234375 0.025390625
0 0.763671875 0.1640625 0.046875 0.0625
0 0.6669921875 0.1376953125 0.029296875 0.025390625
0 0.7861328125 0.08984375 0.068359375 0.0234375
0 0.6943359375 0.08984375 0.072265625 0.0234375
0 0.966796875 0.0888671875 0.06640625 0.025390625
0 0.87890625 0.0888671875 0.0703125 0.025390625
0 0.1826171875 0.083984375 0.037109375 0.03515625
0 0.6171875 0.029296875 0.140625 0.03125
0 0.927734375 0.0234375 0.125 0.03515625
0 0.76171875 0.0224609375 0.12890625 0.037109375