0 0.2607421875 0.998046875 0.005859375 0.00390625
0 0.029296875 0.9951171875 0.01953125 0.009765625
0 0.00390625 0.9912109375 0.0078125 0.017578125
0 0.294921875 0.9892578125 0.0390625 0.021484375
0 0.0185546875 0.92578125 0.021484375 0.03125
0 0.0205078125 0.873046875 0.021484375 0.0234375
0 0.2041015625 0.912109375 0.060546875 0.12109375
0 0.1416015625 0.90234375 0.056640625 0.1328125
0 0.02734375 0.837890625 0.0234375 0.02734375
0 0.076171875 0.8828125 0.05078125 0.125
0 0.037109375 0.8095703125 0.0234375 0.025390625
0 0.248046875 0.666015625 0.0703125 0.07421875
0 0.60546875 0.6171875 0.05078125 0.03515625
0 0.5625 0.6142578125 0.0234375 0.029296875
0 0.650390625 0.6123046875 0.02734375 0.037109375
0 0.7392578125 0.5966796875 0.037109375 0.029296875
0 0.6962890625 0.6015625 0.052734375 0.04296875
0 0.4560546875 0.6005859375 0.029296875 0.041015625
0 0.42578125 0.5927734375 0.03125 0.037109375
0 0.796875 0.5810546875 0.0234375 0.021484375
0 0.74609375 0.564453125 0.04296875 0.03515625
0 0.8134765625 0.5546875 0.037109375 0.02734375
0 0.70703125 0.5498046875 0.03515625 0.025390625
0 0.63671875 0.5400390625 0.03125 0.025390625
0 0.3359375 0.5576171875 0.1171875 0.072265625
0 0.4892578125 0.568359375 0.142578125 0.09765625
0 0.8623046875 0.5283203125 0.033203125 0.029296875
0 0.822265625 0.5244140625 0.03125 0.025390625
0 0.904296875 0.525390625 0.03515625 0.03125
0 0.712890625 0.5224609375 0.03125 0.025390625
0 0.740234375 0.5146484375 0.015625 0.013671875
0 0.22265625 0.5234375 0.03125 0.03515625
0 0.388671875 0.5126953125 0.03515625 0.029296875
0 0.7734375 0.501953125 0.0234375 0.0234375
0 0.169921875 0.5087890625 0.04296875 0.037109375
0 0.7197265625 0.4921875 0.021484375 0.01953125
0 0.837890625 0.494140625 0.02734375 0.02734375
0 0.6494140625 0.4931640625 0.029296875 0.025390625
0 0.328125 0.4921875 0.0390625 0.03515625
0 0.484375 0.4853515625 0.04296875 0.025390625
0 0.53515625 0.4912109375 0.02734375 0.041015625
0 0.5751953125 0.49609375 0.056640625 0.0625
0 0.10546875 0.48046875 0.0390625 0.03515625
0 0.779296875 0.4755859375 0.02734375 0.029296875
0 0.2880859375 0.4716796875 0.037109375 0.029296875
0 0.1962890625 0.46484375 0.017578125 0.01953125
0 0.7392578125 0.46875 0.033203125 0.03125
0 0.40625 0.46484375 0.0390625 0.03125
0 0.0556640625 0.46484375 0.037109375 0.03515625
0 0.4931640625 0.4580078125 0.041015625 0.025390625
0 0.673828125 0.4521484375 0.02734375 0.029296875
0 0.2392578125 0.4560546875 0.048828125 0.037109375
0 0.646484375 0.44140625 0.03125 0.02734375
0 0.0224609375 0.4453125 0.033203125 0.03515625
0 0.6201171875 0.4404296875 0.025390625 0.029296875
0 0.416015625 0.439453125 0.04296875 0.03125
0 0.828125 0.431640625 0.02734375 0.0234375
0 0.853515625 0.4345703125 0.02734375 0.033203125
0 0.955078125 0.443359375 0.05078125 0.05859375
0 0.58984375 0.4306640625 0.0234375 0.033203125
0 0.5009765625 0.42578125 0.029296875 0.0234375
0 0.3564453125 0.435546875 0.041015625 0.04296875
0 0.1904296875 0.4306640625 0.033203125 0.041015625
0 0.560546875 0.423828125 0.02734375 0.0390625
0 0.80078125 0.4150390625 0.0234375 0.029296875
0 0.7734375 0.4140625 0.0234375 0.02734375
0 0.3212890625 0.4140625 0.033203125 0.03515625
0 0.421875 0.4091796875 0.046875 0.029296875
0 0.517578125 0.40234375 0.0390625 0.01953125
0 0.15234375 0.41015625 0.04296875 0.03515625
0 0.86328125 0.404296875 0.02734375 0.03125
0 0.984375 0.40234375 0.03125 0.05078125
0 0.111328125 0.39453125 0.03515625 0.03515625
0 0.7060546875 0.3857421875 0.056640625 0.037109375
0 0.8671875 0.3779296875 0.02734375 0.025390625
0 0.4326171875 0.37890625 0.044921875 0.03125
0 0.2529296875 0.3779296875 0.037109375 0.029296875
0 0.6640625 0.376953125 0.03125 0.03515625
0 0.6376953125 0.369140625 0.029296875 0.02734375
0 0.060546875 0.3720703125 0.04296875 0.033203125
0 0.61328125 0.3623046875 0.0234375 0.025390625
0 0.21484375 0.361328125 0.02734375 0.0234375
0 0.8056640625 0.361328125 0.029296875 0.02734375
0 0.001953125 0.3515625 0.00390625 0.0078125
0 0.927734375 0.3779296875 0.04296875 0.068359375
0 0.3857421875 0.3623046875 0.029296875 0.041015625
0 0.6787109375 0.3515625 0.044921875 0.02734375
0 0.185546875 0.34765625 0.02734375 0.0234375
0 0.587890625 0.3505859375 0.03125 0.037109375
0 0.951171875 0.3359375 0.03125 0.02734375
0 0.3388671875 0.3388671875 0.052734375 0.033203125
0 0.8154296875 0.3330078125 0.029296875 0.025390625
0 0.8720703125 0.337890625 0.056640625 0.0390625
0 0.15234375 0.333984375 0.03515625 0.03125
0 0.5361328125 0.3349609375 0.033203125 0.037109375
0 0.296875 0.328125 0.02734375 0.02734375
0 0.12109375 0.3212890625 0.02734375 0.029296875
0 0.748046875 0.3173828125 0.02734375 0.029296875
0 0.462890625 0.3193359375 0.02734375 0.033203125
0 0.2578125 0.3134765625 0.046875 0.037109375
0 0.9580078125 0.3076171875 0.029296875 0.029296875
0 0.826171875 0.3046875 0.03125 0.0234375
0 0.8525390625 0.2978515625 0.017578125 0.013671875
0 0.427734375 0.30078125 0.01953125 0.01953125
0 0.892578125 0.3017578125 0.03515625 0.025390625
0 0.076171875 0.2978515625 0.03515625 0.029296875
0 0.1953125 0.2939453125 0.04296875 0.029296875
0 0.474609375 0.287109375 0.0234375 0.0234375
0 0.400390625 0.2890625 0.02734375 0.03125
0 0.638671875 0.2958984375 0.0390625 0.048828125
0 0.8349609375 0.2802734375 0.025390625 0.021484375
0 0.9716796875 0.279296875 0.037109375 0.03125
0 0.3740234375 0.2802734375 0.025390625 0.033203125
0 0.904296875 0.2744140625 0.0390625 0.025390625
0 0.138671875 0.27734375 0.03515625 0.03125
0 0.01171875 0.28125 0.0234375 0.0390625
0 0.5625 0.2724609375 0.03125 0.037109375
0 0.48046875 0.2587890625 0.03515625 0.029296875
0 0.9833984375 0.2529296875 0.033203125 0.029296875
0 0.8427734375 0.251953125 0.029296875 0.02734375
0 0.3349609375 0.25 0.037109375 0.03515625
0 0.7666015625 0.25390625 0.025390625 0.046875
0 0.0830078125 0.2490234375 0.041015625 0.037109375
0 0.9169921875 0.2412109375 0.029296875 0.029296875
0 0.689453125 0.2451171875 0.0234375 0.037109375
0 0.275390625 0.23828125 0.046875 0.03515625
0 0.490234375 0.2314453125 0.04296875 0.025390625
0 0.375 0.2275390625 0.015625 0.017578125
0 0.8515625 0.2265625 0.0234375 0.0234375
0 0.986328125 0.224609375 0.02734375 0.02734375
0 0.0166015625 0.228515625 0.025390625 0.03515625
0 0.2333984375 0.2216796875 0.044921875 0.029296875
0 0.4365234375 0.2177734375 0.025390625 0.025390625
0 0.7822265625 0.212890625 0.033203125 0.03125
0 0.923828125 0.2060546875 0.04296875 0.029296875
0 0.8623046875 0.201171875 0.029296875 0.0234375
0 0.3974609375 0.2060546875 0.029296875 0.037109375
0 0.142578125 0.2021484375 0.0390625 0.029296875
0 0.740234375 0.1982421875 0.03125 0.037109375
0 0.677734375 0.193359375 0.02734375 0.03125
0 0.595703125 0.1884765625 0.04296875 0.021484375
0 0.369140625 0.197265625 0.02734375 0.0390625
0 0.9931640625 0.1875 0.013671875 0.0234375
0 0.79296875 0.189453125 0.03515625 0.03125
0 0.640625 0.19140625 0.03515625 0.046875
0 0.1611328125 0.17578125 0.025390625 0.02734375
0 0.8681640625 0.173828125 0.021484375 0.02734375
0 0.9326171875 0.173828125 0.056640625 0.03125
0 0.328125 0.1845703125 0.0546875 0.052734375
0 0.0947265625 0.177734375 0.044921875 0.0390625
0 0.59375 0.1640625 0.0234375 0.01953125
0 0.806640625 0.1611328125 0.03125 0.025390625
0 0.2861328125 0.1708984375 0.033203125 0.044921875
0 0.4873046875 0.1640625 0.048828125 0.03515625
0 0.2568359375 0.1572265625 0.033203125 0.037109375
0 0.1328125 0.146484375 0.01953125 0.015625
0 0.876953125 0.1484375 0.0234375 0.0234375
0 0.947265625 0.146484375 0.03515625 0.0234375
0 0.025390625 0.1513671875 0.03515625 0.033203125
0 0.0927734375 0.1435546875 0.029296875 0.021484375
0 0.1650390625 0.1396484375 0.037109375 0.021484375
0 0.44921875 0.1474609375 0.02734375 0.041015625
0 0.2236328125 0.138671875 0.021484375 0.0234375
0 0.818359375 0.1328125 0.0234375 0.0234375
0 0.73828125 0.1298828125 0.046875 0.021484375
0 0.4150390625 0.134765625 0.033203125 0.0390625
0 0.4931640625 0.1298828125 0.044921875 0.033203125
0 0.958984375 0.1220703125 0.0234375 0.025390625
0 0.6689453125 0.1220703125 0.033203125 0.029296875
0 0.3818359375 0.126953125 0.025390625 0.0390625
0 0.0927734375 0.119140625 0.029296875 0.0234375
0 0.8916015625 0.1181640625 0.029296875 0.025390625
0 0.173828125 0.109375 0.03125 0.01953125
0 0.9189453125 0.1064453125 0.021484375 0.017578125
0 0.5361328125 0.1103515625 0.025390625 0.025390625
0 0.3583984375 0.1171875 0.029296875 0.0390625
0 0.3349609375 0.11328125 0.025390625 0.03515625
0 0.8291015625 0.10546875 0.025390625 0.0234375
0 0.3115234375 0.1025390625 0.025390625 0.033203125
0 0.2822265625 0.0947265625 0.025390625 0.025390625
0 0.0966796875 0.0947265625 0.021484375 0.025390625
0 0.6240234375 0.0986328125 0.025390625 0.037109375
0 0.9638671875 0.0908203125 0.037109375 0.029296875
0 0.8984375 0.0888671875 0.02734375 0.029296875
0 0.029296875 0.087890625 0.0234375 0.02734375
0 0.2392578125 0.0830078125 0.029296875 0.025390625
0 0.17578125 0.083984375 0.03515625 0.03125
0 0.8388671875 0.080078125 0.037109375 0.02734375
0 0.5166015625 0.083984375 0.041015625 0.03515625
0 0.7734375 0.08203125 0.03125 0.03515625
0 0.0048828125 0.0751953125 0.009765625 0.021484375
0 0.5927734375 0.078125 0.044921875 0.03125
0 0.10546875 0.0703125 0.03125 0.0234375
0 0.97265625 0.0625 0.0390625 0.02734375
0 0.2421875 0.0595703125 0.0234375 0.021484375
0 0.435546875 0.0615234375 0.02734375 0.033203125
0 0.845703125 0.05078125 0.03125 0.0234375
0 0.1787109375 0.0498046875 0.037109375 0.021484375
0 0.10546875 0.044921875 0.02734375 0.0234375
0 0.4912109375 0.048828125 0.048828125 0.03515625
0 0.7841796875 0.0439453125 0.021484375 0.029296875
0 0.6201171875 0.0439453125 0.025390625 0.029296875
0 0.5810546875 0.0458984375 0.041015625 0.033203125
0 0.0458984375 0.033203125 0.025390625 0.0234375
0 0.353515625 0.037109375 0.0234375 0.04296875
0 0.85546875 0.025390625 0.02734375 0.0234375
0 0.6982421875 0.02734375 0.025390625 0.03125
0 0.408203125 0.033203125 0.0390625 0.04296875
0 0.111328125 0.0205078125 0.01953125 0.021484375
0 0.4775390625 0.0244140625 0.037109375 0.037109375
0 0.271484375 0.0224609375 0.0234375 0.033203125
0 0.9853515625 0.025390625 0.029296875 0.04296875
0 0.244140625 0.0185546875 0.0234375 0.033203125
0 0.93359375 0.0078125 0.02734375 0.015625
0 0.86328125 0.0048828125 0.02734375 0.009765625
0 0.7822265625 0.0087890625 0.025390625 0.017578125
0 0.5634765625 0.0166015625 0.037109375 0.033203125
0 0.4619140625 0.0126953125 0.037109375 0.025390625
0 0.3310546875 0.01953125 0.033203125 0.0390625
0 0.2978515625 0.0166015625 0.029296875 0.033203125
0 0.197265625 0.013671875 0.0234375 0.02734375
0 0.146484375 0.0107421875 0.04296875 0.021484375
0 0.0517578125 0.0087890625 0.021484375 0.017578125