0 0.9326171875 0.998046875 0.005859375 0.00390625
0 0.6708984375 0.9921875 0.029296875 0.015625
0 0.3193359375 0.990234375 0.025390625 0.01953125
0 0.9833984375 0.9873046875 0.033203125 0.025390625
0 0.916015625 0.9853515625 0.0234375 0.025390625
0 0.1494140625 0.986328125 0.037109375 0.02734375
0 0.2578125 0.9794921875 0.03125 0.029296875
0 0.4091796875 0.9814453125 0.041015625 0.037109375
0 0.5029296875 0.97265625 0.029296875 0.02734375
0 0.8916015625 0.9658203125 0.021484375 0.021484375
0 0.8212890625 0.9658203125 0.041015625 0.029296875
0 0.6337890625 0.9599609375 0.029296875 0.029296875
0 0.197265625 0.95703125 0.02734375 0.0234375
0 0.349609375 0.958984375 0.0390625 0.03125
0 0.859375 0.9482421875 0.01953125 0.021484375
0 0.1142578125 0.947265625 0.017578125 0.01953125
0 0.4287109375 0.9501953125 0.033203125 0.029296875
0 0.2744140625 0.951171875 0.033203125 0.03125
0 0.529296875 0.947265625 0.03515625 0.03125
0 0.5556640625 0.9384765625 0.017578125 0.017578125
0 0.611328125 0.9423828125 0.02734375 0.029296875
0 0.2060546875 0.939453125 0.025390625 0.0234375
0 0.236328125 0.927734375 0.01953125 0.015625
0 0.443359375 0.9306640625 0.03125 0.025390625
0 0.365234375 0.9287109375 0.03125 0.033203125
0 0.1337890625 0.9208984375 0.029296875 0.025390625
0 0.5830078125 0.921875 0.033203125 0.03125
0 0.2958984375 0.9150390625 0.033203125 0.029296875
0 0.94140625 0.9072265625 0.0234375 0.025390625
0 0.421875 0.9013671875 0.01953125 0.017578125
0 0.05859375 0.9033203125 0.02734375 0.021484375
0 0.1455078125 0.904296875 0.029296875 0.02734375
0 0.4619140625 0.900390625 0.029296875 0.02734375
0 0.546875 0.8984375 0.02734375 0.02734375
0 0.974609375 0.9052734375 0.03515625 0.044921875
0 0.2646484375 0.892578125 0.021484375 0.01953125
0 0.236328125 0.890625 0.03125 0.02734375
0 0.8173828125 0.888671875 0.021484375 0.02734375
0 0.3837890625 0.88671875 0.025390625 0.0234375
0 0.9931640625 0.880859375 0.013671875 0.0234375
0 0.318359375 0.8798828125 0.02734375 0.025390625
0 0.7880859375 0.890625 0.029296875 0.0546875
0 0.8779296875 0.8720703125 0.025390625 0.029296875
0 0.6943359375 0.8740234375 0.037109375 0.033203125
0 0.0869140625 0.8662109375 0.037109375 0.029296875
0 0.9072265625 0.861328125 0.025390625 0.0234375
0 0.00390625 0.85546875 0.0078125 0.015625
0 0.484375 0.859375 0.0234375 0.02734375
0 0.173828125 0.857421875 0.02734375 0.0234375
0 0.330078125 0.8544921875 0.02734375 0.025390625
0 0.26171875 0.845703125 0.02734375 0.02734375
0 0.9326171875 0.8466796875 0.029296875 0.033203125
0 0.4580078125 0.84375 0.025390625 0.03125
0 0.16015625 0.8369140625 0.01953125 0.017578125
0 0.099609375 0.8427734375 0.03515625 0.033203125
0 0.958984375 0.837890625 0.0234375 0.02734375
0 0.6884765625 0.8330078125 0.029296875 0.029296875
0 0.302734375 0.8291015625 0.01953125 0.021484375
0 0.2763671875 0.826171875 0.025390625 0.02734375
0 0.86328125 0.8212890625 0.02734375 0.021484375
0 0.427734375 0.8291015625 0.03125 0.037109375
0 0.1953125 0.8203125 0.02734375 0.0234375
0 0.7998046875 0.8310546875 0.033203125 0.048828125
0 0.115234375 0.8154296875 0.03125 0.029296875
0 0.0166015625 0.8125 0.033203125 0.03125
0 0.6005859375 0.822265625 0.060546875 0.0546875
0 0.2890625 0.80078125 0.0234375 0.0234375
0 0.37109375 0.7919921875 0.02734375 0.025390625
0 0.2158203125 0.7900390625 0.021484375 0.021484375
0 0.134765625 0.7880859375 0.02734375 0.025390625
0 0.03125 0.7900390625 0.03515625 0.029296875
0 0.935546875 0.7783203125 0.03125 0.025390625
0 0.787109375 0.7744140625 0.02734375 0.025390625
0 0.0517578125 0.7685546875 0.021484375 0.021484375
0 0.994140625 0.7685546875 0.01171875 0.025390625
0 0.5419921875 0.7763671875 0.037109375 0.041015625
0 0.853515625 0.765625 0.01953125 0.0234375
0 0.1513671875 0.7646484375 0.025390625 0.021484375
0 0.337890625 0.767578125 0.03125 0.03125
0 0.6708984375 0.7763671875 0.044921875 0.060546875
0 0.232421875 0.7568359375 0.0234375 0.025390625
0 0.310546875 0.75390625 0.02734375 0.03125
0 0.939453125 0.7451171875 0.01953125 0.021484375
0 0.6005859375 0.7578125 0.044921875 0.05859375
0 0.07421875 0.7392578125 0.02734375 0.025390625
0 0.84765625 0.734375 0.01953125 0.0234375
0 0.1708984375 0.7333984375 0.033203125 0.025390625
0 0.7802734375 0.7314453125 0.021484375 0.025390625
0 0.2021484375 0.7294921875 0.021484375 0.021484375
0 0.4609375 0.7314453125 0.02734375 0.029296875
0 0.2587890625 0.724609375 0.029296875 0.03125
0 0.48046875 0.71484375 0.015625 0.01953125
0 0.9306640625 0.71484375 0.021484375 0.0234375
0 0.1806640625 0.7099609375 0.017578125 0.017578125
0 0.0966796875 0.7119140625 0.021484375 0.021484375
0 0.236328125 0.7080078125 0.0234375 0.025390625
0 0.986328125 0.703125 0.02734375 0.02734375
0 0.4375 0.708984375 0.03125 0.046875
0 0.2119140625 0.6982421875 0.029296875 0.033203125
0 0.923828125 0.6845703125 0.0234375 0.021484375
0 0.1923828125 0.6845703125 0.029296875 0.033203125
0 0.986328125 0.6748046875 0.02734375 0.021484375
0 0.1220703125 0.677734375 0.025390625 0.02734375
0 0.8359375 0.671875 0.02734375 0.02734375
0 0.3740234375 0.6767578125 0.029296875 0.041015625
0 0.5146484375 0.66015625 0.017578125 0.01953125
0 0.466796875 0.6640625 0.02734375 0.02734375
0 0.91015625 0.66015625 0.02734375 0.0234375
0 0.34765625 0.666015625 0.03125 0.03515625
0 0.759765625 0.658203125 0.03515625 0.02734375
0 0.0078125 0.65234375 0.015625 0.01953125
0 0.7275390625 0.6494140625 0.017578125 0.017578125
0 0.64453125 0.6630859375 0.0390625 0.056640625
0 0.14453125 0.6474609375 0.03125 0.029296875
0 0.3076171875 0.646484375 0.025390625 0.03515625
0 0.9755859375 0.6396484375 0.025390625 0.029296875
0 0.8515625 0.6357421875 0.0234375 0.021484375
0 0.482421875 0.6376953125 0.02734375 0.025390625
0 0.9169921875 0.6279296875 0.025390625 0.025390625
0 0.3984375 0.6279296875 0.0234375 0.025390625
0 0.283203125 0.6298828125 0.03125 0.033203125
0 0.111328125 0.6220703125 0.03515625 0.029296875
0 0.8203125 0.6123046875 0.03515625 0.037109375
0 0.0078125 0.6083984375 0.015625 0.044921875
0 0.896484375 0.5927734375 0.02734375 0.021484375
0 0.4150390625 0.595703125 0.044921875 0.03515625
0 0.3125 0.5908203125 0.02734375 0.033203125
0 0.220703125 0.59375 0.03125 0.0390625
0 0.513671875 0.583984375 0.03125 0.02734375
0 0.0888671875 0.5849609375 0.033203125 0.033203125
0 0.1875 0.5732421875 0.03125 0.033203125
0 0.4404296875 0.5673828125 0.033203125 0.029296875
0 0.2421875 0.5615234375 0.0234375 0.021484375
0 0.7314453125 0.5615234375 0.029296875 0.029296875
0 0.533203125 0.5595703125 0.03515625 0.029296875
0 0.01953125 0.5576171875 0.0234375 0.025390625
0 0.0595703125 0.55078125 0.029296875 0.01953125
0 0.2685546875 0.541015625 0.021484375 0.01953125
0 0.8720703125 0.5390625 0.025390625 0.01953125
0 0.814453125 0.544921875 0.03125 0.03125
0 0.169921875 0.546875 0.03515625 0.03515625
0 0.91796875 0.537109375 0.03125 0.02734375
0 0.96875 0.5361328125 0.03125 0.029296875
0 0.546875 0.5341796875 0.03125 0.029296875
0 0.9970703125 0.52734375 0.005859375 0.01953125
0 0.462890625 0.53125 0.03515625 0.03125
0 0.2783203125 0.5234375 0.021484375 0.01953125
0 0.7197265625 0.5205078125 0.029296875 0.029296875
0 0.3427734375 0.5341796875 0.048828125 0.060546875
0 0.5576171875 0.5068359375 0.033203125 0.029296875
0 0.4833984375 0.501953125 0.029296875 0.02734375
0 0.1240234375 0.50390625 0.033203125 0.03515625
0 0.2939453125 0.4931640625 0.025390625 0.025390625
0 0.3740234375 0.4892578125 0.033203125 0.029296875
0 0.7958984375 0.4736328125 0.029296875 0.021484375
0 0.4931640625 0.4775390625 0.048828125 0.029296875
0 0.0068359375 0.47265625 0.013671875 0.0234375
0 0.7119140625 0.4736328125 0.025390625 0.029296875
0 0.8408203125 0.4677734375 0.033203125 0.025390625
0 0.89453125 0.4609375 0.03515625 0.02734375
0 0.0966796875 0.4619140625 0.048828125 0.029296875
0 0.3095703125 0.455078125 0.025390625 0.0234375
0 0.44921875 0.447265625 0.01171875 0.015625
0 0.5087890625 0.443359375 0.037109375 0.01953125
0 0.576171875 0.4404296875 0.03125 0.017578125
0 0.376953125 0.4453125 0.02734375 0.02734375
0 0.1201171875 0.435546875 0.017578125 0.0234375
0 0.2587890625 0.439453125 0.021484375 0.03515625
0 0.3046875 0.4296875 0.03125 0.01953125
0 0.228515625 0.4365234375 0.02734375 0.033203125
0 0.69921875 0.4267578125 0.03125 0.033203125
0 0.0849609375 0.4208984375 0.041015625 0.029296875
0 0.822265625 0.412109375 0.04296875 0.0234375
0 0.58203125 0.41015625 0.03515625 0.01953125
0 0.8837890625 0.412109375 0.029296875 0.02734375
0 0.9345703125 0.4111328125 0.025390625 0.029296875
0 0.98828125 0.4091796875 0.0234375 0.033203125
0 0.078125 0.3818359375 0.03515625 0.025390625
0 0.693359375 0.37109375 0.0234375 0.02734375
0 0.3974609375 0.3681640625 0.021484375 0.021484375
0 0.30859375 0.3681640625 0.01953125 0.025390625
0 0.3642578125 0.361328125 0.021484375 0.0234375
0 0.2255859375 0.3662109375 0.041015625 0.037109375
0 0.4853515625 0.3525390625 0.041015625 0.021484375
0 0.443359375 0.3544921875 0.03515625 0.025390625
0 0.1240234375 0.34375 0.013671875 0.015625
0 0.5400390625 0.3486328125 0.021484375 0.037109375
0 0.76953125 0.3408203125 0.02734375 0.029296875
0 0.572265625 0.341796875 0.015625 0.03125
0 0.9521484375 0.333984375 0.029296875 0.01953125
0 0.8623046875 0.337890625 0.025390625 0.02734375
0 0.8134765625 0.3388671875 0.025390625 0.029296875
0 0.994140625 0.33203125 0.01171875 0.01953125
0 0.0595703125 0.3310546875 0.025390625 0.021484375
0 0.908203125 0.333984375 0.03125 0.03125
0 0.6796875 0.3232421875 0.03125 0.029296875
0 0.0986328125 0.3203125 0.041015625 0.04296875
0 0.212890625 0.3076171875 0.0234375 0.021484375
0 0.1787109375 0.306640625 0.021484375 0.02734375
0 0.296875 0.30859375 0.02734375 0.0390625
0 0.248046875 0.302734375 0.01953125 0.02734375
0 0.3583984375 0.294921875 0.025390625 0.01953125
0 0.48046875 0.2939453125 0.03125 0.029296875
0 0.4375 0.2919921875 0.0234375 0.025390625
0 0.3916015625 0.2890625 0.021484375 0.02734375
0 0.7490234375 0.2578125 0.025390625 0.03125
0 0.1396484375 0.248046875 0.021484375 0.01953125
0 0.09765625 0.248046875 0.01953125 0.0234375
0 0.228515625 0.234375 0.0234375 0.01953125
0 0.4033203125 0.232421875 0.021484375 0.01953125
0 0.0693359375 0.2294921875 0.017578125 0.017578125
0 0.36328125 0.23046875 0.03125 0.0234375
0 0.2822265625 0.2314453125 0.037109375 0.033203125
0 0.1728515625 0.2314453125 0.033203125 0.048828125
0 0.22265625 0.2119140625 0.015625 0.017578125
0 0.041015625 0.2353515625 0.0390625 0.072265625
0 0.50390625 0.1884765625 0.03125 0.029296875
0 0.287109375 0.1865234375 0.03125 0.025390625
0 0.544921875 0.19140625 0.02734375 0.04296875
0 0.2236328125 0.1826171875 0.021484375 0.029296875
0 0.1171875 0.171875 0.02734375 0.0234375
0 0.783203125 0.171875 0.01953125 0.03515625
0 0.75390625 0.1689453125 0.0234375 0.029296875
0 0.8173828125 0.1806640625 0.037109375 0.056640625
0 0.8974609375 0.1611328125 0.025390625 0.021484375
0 0.8544921875 0.1630859375 0.017578125 0.025390625
0 0.99609375 0.15625 0.0078125 0.0234375
0 0.9755859375 0.1611328125 0.025390625 0.033203125
0 0.47265625 0.1591796875 0.0390625 0.041015625
0 0.15625 0.1650390625 0.03515625 0.052734375
0 0.0625 0.146484375 0.01953125 0.015625
0 0.3740234375 0.1533203125 0.033203125 0.033203125
0 0.2861328125 0.1513671875 0.029296875 0.033203125
0 0.650390625 0.1435546875 0.03515625 0.021484375
0 0.021484375 0.1455078125 0.02734375 0.025390625
0 0.431640625 0.1240234375 0.02734375 0.025390625
0 0.2431640625 0.1220703125 0.025390625 0.029296875
0 0.6435546875 0.1103515625 0.033203125 0.021484375
0 0.0126953125 0.1171875 0.025390625 0.03515625
0 0.5126953125 0.1064453125 0.029296875 0.025390625
0 0.404296875 0.107421875 0.02734375 0.02734375
0 0.716796875 0.099609375 0.02734375 0.0234375
0 0.875 0.095703125 0.015625 0.02734375
0 0.78125 0.0947265625 0.02734375 0.025390625
0 0.3115234375 0.1005859375 0.041015625 0.041015625
0 0.9814453125 0.08984375 0.017578125 0.0234375
0 0.9501953125 0.0888671875 0.021484375 0.021484375
0 0.9208984375 0.0888671875 0.025390625 0.021484375
0 0.837890625 0.095703125 0.01953125 0.03515625
0 0.1474609375 0.08984375 0.044921875 0.04296875
0 0.4921875 0.0810546875 0.03125 0.029296875
0 0.6396484375 0.0751953125 0.021484375 0.025390625
0 0.7177734375 0.0673828125 0.029296875 0.029296875
0 0.3515625 0.0693359375 0.02734375 0.033203125
0 0.466796875 0.0634765625 0.02734375 0.029296875
0 0.07421875 0.0625 0.03125 0.03125
0 0.4423828125 0.046875 0.029296875 0.03125
0 0.2568359375 0.046875 0.029296875 0.03125
0 0.6044921875 0.037109375 0.025390625 0.0234375
0 0.2451171875 0.037109375 0.029296875 0.03125
0 0.1416015625 0.0322265625 0.029296875 0.033203125
0 0.421875 0.0283203125 0.03515625 0.033203125
0 0.7177734375 0.01953125 0.029296875 0.02734375
0 0.9580078125 0.0029296875 0.021484375 0.005859375
0 0.9267578125 0.00390625 0.017578125 0.0078125
0 0.865234375 0.0048828125 0.02734375 0.009765625
0 0.8203125 0.005859375 0.015625 0.01171875
0 0.7998046875 0.005859375 0.013671875 0.01171875
0 0.2841796875 0.0087890625 0.029296875 0.017578125
0 0.2451171875 0.0087890625 0.021484375 0.017578125
0 0.03515625 0.013671875 0.0234375 0.02734375