0 0.2978515625 0.998046875 0.009765625 0.00390625
0 0.05078125 0.9970703125 0.01171875 0.005859375
0 0.3349609375 0.99609375 0.017578125 0.0078125
0 0.19921875 0.99609375 0.01953125 0.0078125
0 0.935546875 0.9931640625 0.02734375 0.013671875
0 0.8642578125 0.9931640625 0.029296875 0.013671875
0 0.572265625 0.9931640625 0.01953125 0.013671875
0 0.99609375 0.9921875 0.0078125 0.015625
0 0.46875 0.9921875 0.02734375 0.015625
0 0.7861328125 0.9912109375 0.025390625 0.017578125
0 0.1484375 0.9873046875 0.04296875 0.025390625
0 0.53515625 0.9833984375 0.02734375 0.025390625
0 0.115234375 0.98046875 0.0234375 0.03515625
0 0.9453125 0.9716796875 0.03125 0.021484375
0 0.4150390625 0.978515625 0.056640625 0.03515625
0 0.8740234375 0.9677734375 0.037109375 0.025390625
0 0.80078125 0.9697265625 0.03515625 0.029296875
0 0.064453125 0.9677734375 0.0234375 0.025390625
0 0.7255859375 0.96484375 0.037109375 0.0390625
0 0.3349609375 0.943359375 0.021484375 0.0234375
0 0.296875 0.9482421875 0.03125 0.033203125
0 0.6943359375 0.9462890625 0.029296875 0.033203125
0 0.8837890625 0.94140625 0.033203125 0.02734375
0 0.8369140625 0.939453125 0.025390625 0.0234375
0 0.9794921875 0.947265625 0.041015625 0.04296875
0 0.94921875 0.9326171875 0.02734375 0.037109375
0 0.23046875 0.931640625 0.03125 0.0390625
0 0.6650390625 0.9296875 0.037109375 0.0390625
0 0.2685546875 0.931640625 0.044921875 0.05078125
0 0.20703125 0.9228515625 0.04296875 0.044921875
0 0.7998046875 0.91796875 0.029296875 0.04296875
0 0.6416015625 0.9150390625 0.033203125 0.037109375
0 0.1708984375 0.91796875 0.033203125 0.04296875
0 0.435546875 0.9091796875 0.03515625 0.029296875
0 0.396484375 0.9189453125 0.04296875 0.056640625
0 0.1416015625 0.908203125 0.029296875 0.03515625
0 0.314453125 0.90625 0.03515625 0.0390625
0 0.6220703125 0.8974609375 0.029296875 0.033203125
0 0.8876953125 0.90234375 0.048828125 0.046875
0 0.1103515625 0.896484375 0.021484375 0.03515625
0 0.5341796875 0.919921875 0.072265625 0.0859375
0 0.0322265625 0.8837890625 0.021484375 0.025390625
0 0.28515625 0.884765625 0.03125 0.0390625
0 0.205078125 0.8740234375 0.015625 0.017578125
0 0.8466796875 0.8828125 0.037109375 0.0390625
0 0.4599609375 0.8828125 0.037109375 0.0390625
0 0.08203125 0.8857421875 0.02734375 0.044921875
0 0.0625 0.8798828125 0.03125 0.037109375
0 0.0029296875 0.8671875 0.005859375 0.01171875
0 0.1728515625 0.865234375 0.021484375 0.01953125
0 0.693359375 0.87109375 0.03515625 0.0390625
0 0.5849609375 0.8740234375 0.060546875 0.048828125
0 0.107421875 0.859375 0.01953125 0.01953125
0 0.3671875 0.869140625 0.046875 0.04296875
0 0.8095703125 0.86328125 0.029296875 0.0390625
0 0.6669921875 0.857421875 0.037109375 0.0390625
0 0.2314453125 0.845703125 0.025390625 0.03125
0 0.4794921875 0.8466796875 0.033203125 0.037109375
0 0.353515625 0.8447265625 0.04296875 0.033203125
0 0.6376953125 0.8427734375 0.033203125 0.033203125
0 0.41015625 0.833984375 0.01953125 0.01953125
0 0.2021484375 0.8369140625 0.025390625 0.033203125
0 0.0205078125 0.8349609375 0.041015625 0.033203125
0 0.9697265625 0.853515625 0.060546875 0.078125
0 0.1728515625 0.8291015625 0.029296875 0.033203125
0 0.9248046875 0.8310546875 0.033203125 0.041015625
0 0.458984375 0.8212890625 0.0390625 0.033203125
0 0.115234375 0.822265625 0.03515625 0.03515625
0 0.7490234375 0.8544921875 0.091796875 0.107421875
0 0.140625 0.8291015625 0.03515625 0.056640625
0 0.4423828125 0.8046875 0.037109375 0.03515625
0 0.0849609375 0.8037109375 0.033203125 0.037109375
0 0.892578125 0.8046875 0.03125 0.04296875
0 0.3203125 0.8125 0.0546875 0.06640625
0 0.056640625 0.787109375 0.02734375 0.02734375
0 0.6171875 0.8037109375 0.0625 0.068359375
0 0.4296875 0.7861328125 0.03125 0.033203125
0 0.9208984375 0.7763671875 0.021484375 0.021484375
0 0.861328125 0.7880859375 0.0390625 0.044921875
0 0.703125 0.7958984375 0.0703125 0.060546875
0 0.02734375 0.791015625 0.03515625 0.0546875
0 0.998046875 0.765625 0.00390625 0.0078125
0 0.51953125 0.77734375 0.0546875 0.046875
0 0.2900390625 0.7626953125 0.041015625 0.037109375
0 0.400390625 0.7607421875 0.0390625 0.037109375
0 0.9833984375 0.7470703125 0.025390625 0.029296875
0 0.9560546875 0.73046875 0.025390625 0.0234375
0 0.3798828125 0.7373046875 0.041015625 0.041015625
0 0.279296875 0.7373046875 0.06640625 0.044921875
0 0.1669921875 0.73828125 0.060546875 0.0625
0 0.9296875 0.7255859375 0.03515625 0.041015625
0 0.4560546875 0.716796875 0.037109375 0.03515625
0 0.2529296875 0.71484375 0.041015625 0.03515625
0 0.36328125 0.708984375 0.02734375 0.02734375
0 0.8974609375 0.7060546875 0.033203125 0.041015625
0 0.33203125 0.6953125 0.0390625 0.02734375
0 0.4423828125 0.69140625 0.029296875 0.03125
0 0.98828125 0.6767578125 0.0234375 0.029296875
0 0.4228515625 0.669921875 0.033203125 0.03125
0 0.9658203125 0.666015625 0.025390625 0.02734375
0 0.244140625 0.6787109375 0.06640625 0.064453125
0 0.7607421875 0.6845703125 0.134765625 0.083984375
0 0.314453125 0.6591796875 0.04296875 0.037109375
0 0.9453125 0.650390625 0.0234375 0.02734375
0 0.529296875 0.650390625 0.03515625 0.0390625
0 0.4111328125 0.6455078125 0.041015625 0.037109375
0 0.2958984375 0.6328125 0.033203125 0.03125
0 0.443359375 0.625 0.01953125 0.01953125
0 0.50390625 0.6259765625 0.0390625 0.029296875
0 0.0185546875 0.6611328125 0.037109375 0.099609375
0 0.609375 0.6337890625 0.05859375 0.048828125
0 0.9716796875 0.6220703125 0.033203125 0.029296875
0 0.3916015625 0.6240234375 0.037109375 0.037109375
0 0.4248046875 0.6064453125 0.021484375 0.017578125
0 0.48828125 0.6064453125 0.046875 0.041015625
0 0.375 0.6044921875 0.0390625 0.037109375
0 0.6416015625 0.6064453125 0.080078125 0.072265625
0 0.353515625 0.5849609375 0.0234375 0.029296875
0 0.9794921875 0.5849609375 0.029296875 0.033203125
0 0.2392578125 0.611328125 0.091796875 0.09375
0 0.677734375 0.5849609375 0.05078125 0.048828125
0 0.4677734375 0.5732421875 0.033203125 0.025390625
0 0.4052734375 0.576171875 0.029296875 0.03125
0 0.5625 0.587890625 0.0625 0.0703125
0 0.705078125 0.5595703125 0.03125 0.029296875
0 0.4541015625 0.556640625 0.037109375 0.03125
0 0.3427734375 0.55859375 0.037109375 0.03515625
0 0.0390625 0.57421875 0.05859375 0.0703125
0 0.0107421875 0.5546875 0.021484375 0.0390625
0 0.6494140625 0.5517578125 0.041015625 0.044921875
0 0.169921875 0.5673828125 0.078125 0.095703125
0 0.53125 0.5341796875 0.04296875 0.037109375
0 0.728515625 0.5234375 0.0234375 0.01953125
0 0.3095703125 0.5361328125 0.064453125 0.044921875
0 0.4375 0.529296875 0.0390625 0.03515625
0 0.83203125 0.5322265625 0.046875 0.048828125
0 0.748046875 0.5146484375 0.01953125 0.017578125
0 0.6298828125 0.5205078125 0.029296875 0.029296875
0 0.3173828125 0.5087890625 0.017578125 0.021484375
0 0.513671875 0.509765625 0.03515625 0.03125
0 0.60546875 0.505859375 0.03125 0.03515625
0 0.2705078125 0.501953125 0.037109375 0.0390625
0 0.94921875 0.5 0.03125 0.0390625
0 0.416015625 0.4970703125 0.0390625 0.033203125
0 0.69140625 0.486328125 0.0234375 0.0234375
0 0.75390625 0.4912109375 0.03515625 0.037109375
0 0.5009765625 0.48828125 0.037109375 0.03125
0 0.916015625 0.484375 0.02734375 0.02734375
0 0.578125 0.4833984375 0.03515625 0.037109375
0 0.24609375 0.4765625 0.04296875 0.03515625
0 0.4013671875 0.47265625 0.037109375 0.03125
0 0.6630859375 0.4638671875 0.025390625 0.025390625
0 0.9921875 0.4609375 0.015625 0.02734375
0 0.54296875 0.462890625 0.03125 0.03125
0 0.4853515625 0.458984375 0.037109375 0.03515625
0 0.0498046875 0.4873046875 0.091796875 0.095703125
0 0.2314453125 0.4521484375 0.041015625 0.033203125
0 0.8818359375 0.4560546875 0.060546875 0.048828125
0 0.3876953125 0.447265625 0.041015625 0.03125
0 0.5234375 0.4404296875 0.0234375 0.029296875
0 0.9619140625 0.4365234375 0.029296875 0.025390625
0 0.640625 0.4423828125 0.03125 0.037109375
0 0.0263671875 0.44140625 0.033203125 0.03515625
0 0.4658203125 0.4345703125 0.037109375 0.033203125
0 0.61328125 0.4267578125 0.03125 0.033203125
0 0.900390625 0.423828125 0.0390625 0.03515625
0 0.7861328125 0.41796875 0.037109375 0.03125
0 0.3701171875 0.4189453125 0.037109375 0.033203125
0 0.4443359375 0.404296875 0.029296875 0.02734375
0 0.005859375 0.400390625 0.01171875 0.01953125
0 0.91796875 0.4033203125 0.03515625 0.033203125
0 0.5869140625 0.4072265625 0.033203125 0.041015625
0 0.5556640625 0.3935546875 0.021484375 0.025390625
0 0.0029296875 0.3837890625 0.005859375 0.005859375
0 0.8095703125 0.39453125 0.037109375 0.03515625
0 0.537109375 0.37890625 0.0234375 0.0234375
0 0.34375 0.3935546875 0.0625 0.056640625
0 0.0849609375 0.3974609375 0.064453125 0.064453125
0 0.9560546875 0.3876953125 0.052734375 0.048828125
0 0.8271484375 0.373046875 0.037109375 0.03125
0 0.705078125 0.38671875 0.0625 0.06640625
0 0.9814453125 0.37109375 0.025390625 0.0390625
0 0.4111328125 0.361328125 0.033203125 0.03515625
0 0.5205078125 0.3583984375 0.033203125 0.037109375
0 0.28125 0.337890625 0.01953125 0.01953125
0 0.853515625 0.341796875 0.046875 0.046875
0 0.68359375 0.322265625 0.01953125 0.01953125
0 0.4609375 0.3212890625 0.03125 0.033203125
0 0.3203125 0.33203125 0.05078125 0.0625
0 0.806640625 0.3193359375 0.0390625 0.041015625
0 0.1044921875 0.3447265625 0.072265625 0.091796875
0 0.1611328125 0.314453125 0.041015625 0.04296875
0 0.7841796875 0.3076171875 0.033203125 0.037109375
0 0.96484375 0.2939453125 0.02734375 0.029296875
0 0.9921875 0.291015625 0.015625 0.03125
0 0.763671875 0.29296875 0.03515625 0.03515625
0 0.4501953125 0.29296875 0.052734375 0.05078125
0 0.87109375 0.283203125 0.03125 0.03515625
0 0.4189453125 0.28515625 0.041015625 0.0390625
0 0.7392578125 0.2783203125 0.033203125 0.033203125
0 0.3935546875 0.2685546875 0.029296875 0.033203125
0 0.7109375 0.263671875 0.03515625 0.03515625
0 0.2470703125 0.3447265625 0.146484375 0.216796875
0 0.1240234375 0.2587890625 0.044921875 0.044921875
0 0.9892578125 0.244140625 0.021484375 0.0234375
0 0.869140625 0.2421875 0.02734375 0.01953125
0 0.6787109375 0.2470703125 0.033203125 0.037109375
0 0.34765625 0.2509765625 0.0546875 0.044921875
0 0.107421875 0.240234375 0.04296875 0.04296875
0 0.3134765625 0.228515625 0.029296875 0.02734375
0 0.7998046875 0.228515625 0.033203125 0.0390625
0 0.826171875 0.2353515625 0.03515625 0.056640625
0 0.990234375 0.21484375 0.01953125 0.01953125
0 0.1708984375 0.2509765625 0.072265625 0.091796875
0 0.9326171875 0.2373046875 0.029296875 0.068359375
0 0.646484375 0.2236328125 0.046875 0.041015625
0 0.7705078125 0.2158203125 0.029296875 0.029296875
0 0.873046875 0.208984375 0.01953125 0.02734375
0 0.50390625 0.2041015625 0.0234375 0.021484375
0 0.3408203125 0.2001953125 0.037109375 0.029296875
0 0.7451171875 0.1962890625 0.033203125 0.033203125
0 0.4814453125 0.19140625 0.025390625 0.0234375
0 0.595703125 0.1962890625 0.03125 0.037109375
0 0.3994140625 0.1904296875 0.029296875 0.037109375
0 0.7216796875 0.1865234375 0.029296875 0.037109375
0 0.4609375 0.1787109375 0.01953125 0.021484375
0 0.29296875 0.1943359375 0.05078125 0.068359375
0 0.0751953125 0.1962890625 0.064453125 0.076171875
0 0.994140625 0.1669921875 0.01171875 0.025390625
0 0.935546875 0.171875 0.03515625 0.03515625
0 0.4365234375 0.1669921875 0.025390625 0.025390625
0 0.69921875 0.169921875 0.02734375 0.03515625
0 0.521484375 0.16015625 0.03125 0.03515625
0 0.8583984375 0.1611328125 0.037109375 0.044921875
0 0.828125 0.1533203125 0.0234375 0.029296875
0 0.6826171875 0.15234375 0.029296875 0.03125
0 0.330078125 0.16015625 0.0703125 0.0546875
0 0.9365234375 0.138671875 0.033203125 0.01953125
0 0.6533203125 0.146484375 0.037109375 0.03515625
0 0.4990234375 0.146484375 0.029296875 0.03515625
0 0.9931640625 0.13671875 0.013671875 0.01953125
0 0.794921875 0.1435546875 0.03125 0.033203125
0 0.0283203125 0.1455078125 0.044921875 0.044921875
0 0.7705078125 0.1298828125 0.025390625 0.025390625
0 0.32421875 0.126953125 0.03515625 0.03125
0 0.9375 0.119140625 0.03515625 0.01953125
0 0.744140625 0.1171875 0.01953125 0.01953125
0 0.4697265625 0.1298828125 0.048828125 0.048828125
0 0.8671875 0.1103515625 0.03515625 0.021484375
0 0.677734375 0.109375 0.03125 0.02734375
0 0.62890625 0.115234375 0.05078125 0.046875
0 0.2294921875 0.1533203125 0.083984375 0.123046875
0 0.0654296875 0.09765625 0.017578125 0.015625
0 0.576171875 0.1025390625 0.02734375 0.033203125
0 0.8203125 0.0986328125 0.0234375 0.033203125
0 0.9970703125 0.08984375 0.005859375 0.0234375
0 0.037109375 0.0859375 0.015625 0.01953125
0 0.7880859375 0.0859375 0.025390625 0.03515625
0 0.728515625 0.083984375 0.03125 0.03125
0 0.8642578125 0.078125 0.037109375 0.0234375
0 0.119140625 0.095703125 0.0546875 0.0625
0 0.9375 0.072265625 0.03515625 0.01953125
0 0.998046875 0.05859375 0.00390625 0.015625
0 0.7177734375 0.0556640625 0.017578125 0.017578125
0 0.0654296875 0.0625 0.025390625 0.03125
0 0.0322265625 0.05859375 0.025390625 0.03125
0 0.9267578125 0.0478515625 0.029296875 0.021484375
0 0.5068359375 0.0556640625 0.041015625 0.037109375
0 0.8603515625 0.0458984375 0.037109375 0.021484375
0 0.3603515625 0.068359375 0.064453125 0.0703125
0 0.5556640625 0.06640625 0.076171875 0.0703125
0 0.01171875 0.046875 0.0234375 0.04296875
0 0.4775390625 0.0380859375 0.037109375 0.037109375
0 0.283203125 0.0478515625 0.05078125 0.064453125
0 0.4462890625 0.0244140625 0.025390625 0.025390625
0 0.7783203125 0.0234375 0.029296875 0.03125
0 0.9326171875 0.0126953125 0.029296875 0.025390625
0 0.8349609375 0.00390625 0.021484375 0.0078125
0 0.6962890625 0.0107421875 0.037109375 0.021484375
0 0.5048828125 0.009765625 0.029296875 0.01953125
0 0.46875 0.005859375 0.01953125 0.01171875
0 0.4013671875 0.009765625 0.041015625 0.01953125
0 0.3046875 0.01171875 0.03125 0.0234375
0 0.224609375 0.0263671875 0.0703125 0.052734375