0 0.7958984375 0.9951171875 0.017578125 0.009765625
0 0.572265625 0.9931640625 0.01953125 0.013671875
0 0.8994140625 0.9912109375 0.037109375 0.017578125
0 0.130859375 0.9912109375 0.02734375 0.017578125
0 0.8154296875 0.990234375 0.021484375 0.01953125
0 0.208984375 0.990234375 0.05078125 0.01953125
0 0.482421875 0.9892578125 0.0234375 0.021484375
0 0.3203125 0.9892578125 0.0390625 0.021484375
0 0.2783203125 0.9873046875 0.029296875 0.025390625
0 0.9658203125 0.9853515625 0.041015625 0.029296875
0 0.8349609375 0.9853515625 0.029296875 0.029296875
0 0.1630859375 0.984375 0.037109375 0.03125
0 0.8515625 0.978515625 0.01953125 0.02734375
0 0.521484375 0.98046875 0.03125 0.0390625
0 0.6298828125 0.978515625 0.087890625 0.04296875
0 0.359375 0.9716796875 0.03125 0.033203125
0 0.990234375 0.9658203125 0.01953125 0.029296875
0 0.5390625 0.9716796875 0.03125 0.041015625
0 0.2001953125 0.9619140625 0.029296875 0.025390625
0 0.556640625 0.9638671875 0.02734375 0.037109375
0 0.88671875 0.9638671875 0.04296875 0.041015625
0 0.396484375 0.9619140625 0.03125 0.041015625
0 0.267578125 0.955078125 0.0390625 0.02734375
0 0.578125 0.9521484375 0.02734375 0.029296875
0 0.4150390625 0.9501953125 0.033203125 0.041015625
0 0.4375 0.943359375 0.0234375 0.03125
0 0.96875 0.9365234375 0.046875 0.037109375
0 0.2548828125 0.9287109375 0.037109375 0.029296875
0 0.4560546875 0.9306640625 0.033203125 0.044921875
0 0.990234375 0.91796875 0.01953125 0.03515625
0 0.4912109375 0.9130859375 0.029296875 0.037109375
0 0.759765625 0.927734375 0.12890625 0.07421875
0 0.251953125 0.9072265625 0.046875 0.033203125
0 0.505859375 0.90625 0.02734375 0.0390625
0 0.0634765625 0.9267578125 0.126953125 0.087890625
0 0.2392578125 0.8916015625 0.037109375 0.025390625
0 0.5244140625 0.8974609375 0.029296875 0.041015625
0 0.703125 0.896484375 0.04296875 0.0546875
0 0.552734375 0.8818359375 0.0390625 0.044921875
0 0.205078125 0.8681640625 0.015625 0.021484375
0 0.8232421875 0.876953125 0.064453125 0.05078125
0 0.158203125 0.8623046875 0.01953125 0.021484375
0 0.189453125 0.8642578125 0.01953125 0.029296875
0 0.4833984375 0.849609375 0.017578125 0.02734375
0 0.8857421875 0.8525390625 0.029296875 0.041015625
0 0.458984375 0.84375 0.0234375 0.03125
0 0.9072265625 0.8427734375 0.029296875 0.037109375
0 0.4130859375 0.83984375 0.025390625 0.03515625
0 0.76171875 0.8544921875 0.09375 0.068359375
0 0.0791015625 0.833984375 0.033203125 0.02734375
0 0.392578125 0.8310546875 0.015625 0.025390625
0 0.119140625 0.8310546875 0.0234375 0.033203125
0 0.8232421875 0.8291015625 0.029296875 0.037109375
0 0.9775390625 0.8134765625 0.021484375 0.025390625
0 0.865234375 0.814453125 0.0234375 0.02734375
0 0.5732421875 0.810546875 0.017578125 0.02734375
0 0.3466796875 0.8212890625 0.080078125 0.052734375
0 0.9912109375 0.8037109375 0.017578125 0.029296875
0 0.6572265625 0.8193359375 0.107421875 0.064453125
0 0.06640625 0.80078125 0.0234375 0.02734375
0 0.546875 0.8017578125 0.0390625 0.037109375
0 0.884765625 0.796875 0.02734375 0.03515625
0 0.2890625 0.7939453125 0.01953125 0.029296875
0 0.255859375 0.7978515625 0.02734375 0.037109375
0 0.4384765625 0.7822265625 0.017578125 0.025390625
0 0.75390625 0.7900390625 0.09765625 0.048828125
0 0.486328125 0.779296875 0.0234375 0.0390625
0 0.4619140625 0.775390625 0.021484375 0.03515625
0 0.193359375 0.7734375 0.03125 0.03125
0 0.171875 0.7666015625 0.01953125 0.029296875
0 0.078125 0.76171875 0.02734375 0.01953125
0 0.69140625 0.7626953125 0.0234375 0.041015625
0 0.1474609375 0.7548828125 0.033203125 0.025390625
0 0.39453125 0.7578125 0.0234375 0.0390625
0 0.9365234375 0.7685546875 0.095703125 0.064453125
0 0.1103515625 0.75 0.021484375 0.03515625
0 0.6591796875 0.751953125 0.052734375 0.04296875
0 0.3369140625 0.748046875 0.025390625 0.0390625
0 0.0830078125 0.740234375 0.017578125 0.0234375
0 0.9873046875 0.74609375 0.025390625 0.0390625
0 0.99609375 0.7294921875 0.0078125 0.017578125
0 0.830078125 0.7373046875 0.0234375 0.033203125
0 0.7783203125 0.724609375 0.025390625 0.0234375
0 0.80078125 0.724609375 0.0234375 0.03125
0 0.7548828125 0.7197265625 0.021484375 0.021484375
0 0.2802734375 0.73046875 0.095703125 0.0625
0 0.3486328125 0.7060546875 0.025390625 0.025390625
0 0.2158203125 0.7099609375 0.021484375 0.033203125
0 0.703125 0.708984375 0.03515625 0.03515625
0 0.56640625 0.724609375 0.14453125 0.0703125
0 0.185546875 0.697265625 0.0234375 0.04296875
0 0.91015625 0.705078125 0.09375 0.0625
0 0.62109375 0.6787109375 0.01953125 0.013671875
0 0.1640625 0.689453125 0.0234375 0.0390625
0 0.138671875 0.681640625 0.0234375 0.03515625
0 0.9931640625 0.66796875 0.013671875 0.01953125
0 0.6572265625 0.681640625 0.048828125 0.046875
0 0.5966796875 0.669921875 0.021484375 0.02734375
0 0.5751953125 0.66015625 0.025390625 0.03515625
0 0.853515625 0.6640625 0.078125 0.0703125
0 0.52734375 0.64453125 0.07421875 0.0546875
0 0.7861328125 0.6416015625 0.048828125 0.072265625
0 0.5732421875 0.61328125 0.037109375 0.02734375
0 0.4580078125 0.623046875 0.056640625 0.046875
0 0.7177734375 0.62890625 0.080078125 0.0625
0 0.3134765625 0.65234375 0.318359375 0.125
0 0.4111328125 0.6025390625 0.025390625 0.041015625
0 0.3623046875 0.5986328125 0.021484375 0.033203125
0 0.6591796875 0.5947265625 0.037109375 0.033203125
0 0.34765625 0.5859375 0.0234375 0.0390625
0 0.6298828125 0.578125 0.017578125 0.02734375
0 0.3271484375 0.580078125 0.025390625 0.0390625
0 0.5966796875 0.572265625 0.021484375 0.03125
0 0.560546875 0.560546875 0.02734375 0.03125
0 0.27734375 0.568359375 0.0859375 0.0546875
0 0.2099609375 0.5498046875 0.037109375 0.041015625
0 0.466796875 0.541015625 0.03125 0.0390625
0 0.4384765625 0.529296875 0.033203125 0.0234375
0 0.396484375 0.5185546875 0.03515625 0.025390625
0 0.357421875 0.5078125 0.0390625 0.04296875
0 0.3291015625 0.4892578125 0.021484375 0.025390625
0 0.302734375 0.49609375 0.02734375 0.046875
0 0.0439453125 0.5439453125 0.087890625 0.166015625
0 0.25 0.484375 0.05078125 0.06640625
0 0.5439453125 0.443359375 0.623046875 0.23046875
0 0.994140625 0.3056640625 0.01171875 0.021484375
0 0.90625 0.3017578125 0.12109375 0.076171875
0 0.95703125 0.2412109375 0.05859375 0.037109375
0 0.96484375 0.18359375 0.0703125 0.0546875
0 0.9091796875 0.1201171875 0.025390625 0.025390625
0 0.92578125 0.107421875 0.02734375 0.02734375
0 0.3740234375 0.0693359375 0.033203125 0.033203125
0 0.6845703125 0.12109375 0.181640625 0.16796875
0 0.423828125 0.009765625 0.03515625 0.01953125