0 0.0732421875 0.9970703125 0.009765625 0.005859375
0 0.30078125 0.9951171875 0.015625 0.009765625
0 0.734375 0.9931640625 0.03515625 0.013671875
0 0.5556640625 0.9912109375 0.029296875 0.017578125
0 0.6767578125 0.9873046875 0.048828125 0.025390625
0 0.0029296875 0.9765625 0.005859375 0.01171875
0 0.2421875 0.9833984375 0.07421875 0.033203125
0 0.638671875 0.9775390625 0.02734375 0.029296875
0 0.611328125 0.9658203125 0.02734375 0.021484375
0 0.521484375 0.96875 0.02734375 0.02734375
0 0.4091796875 0.9658203125 0.033203125 0.029296875
0 0.55859375 0.9521484375 0.03515625 0.025390625
0 0.486328125 0.94921875 0.01953125 0.01953125
0 0.359375 0.94921875 0.0234375 0.0234375
0 0.5224609375 0.9375 0.033203125 0.01953125
0 0.4912109375 0.931640625 0.021484375 0.015625
0 0.1318359375 0.9423828125 0.126953125 0.056640625
0 0.265625 0.91015625 0.1328125 0.05078125
0 0.1162109375 0.8671875 0.134765625 0.05078125
0 0.0087890625 0.8359375 0.017578125 0.02734375
0 0.4150390625 0.5498046875 0.087890625 0.087890625
0 0.56640625 0.486328125 0.05078125 0.05078125
0 0.1845703125 0.4150390625 0.103515625 0.103515625
0 0.435546875 0.3974609375 0.07421875 0.072265625
0 0.658203125 0.3740234375 0.06640625 0.064453125
0 0.2763671875 0.283203125 0.072265625 0.0703125
0 0.515625 0.275390625 0.07421875 0.07421875
0 0.744140625 0.234375 0.0703125 0.0703125
0 0.126953125 0.197265625 0.046875 0.046875
0 0.3544921875 0.1630859375 0.064453125 0.064453125
0 0.6171875 0.1474609375 0.0546875 0.056640625
0 0.1806640625 0.1171875 0.048828125 0.046875
0 0.4912109375 0.0615234375 0.060546875 0.060546875
0 0.048828125 0.0634765625 0.09765625 0.087890625
0 0.23828125 0.0390625 0.05078125 0.046875
0 0.365234375 0.001953125 0.0078125 0.00390625