0 0.1630859375 0.990234375 0.033203125 0.01953125
0 0.091796875 0.978515625 0.0390625 0.0390625
0 0.20703125 0.900390625 0.03125 0.02734375
0 0.1591796875 0.890625 0.060546875 0.03515625
0 0.0654296875 0.7724609375 0.029296875 0.029296875
0 0.0048828125 0.7607421875 0.009765625 0.048828125
0 0.171875 0.732421875 0.02734375 0.03125
0 0.2822265625 0.7119140625 0.080078125 0.080078125
0 0.052734375 0.685546875 0.07421875 0.07421875
0 0.9951171875 0.642578125 0.009765625 0.01953125
0 0.04296875 0.4990234375 0.04296875 0.025390625
0 0.0166015625 0.4384765625 0.033203125 0.029296875
0 0.0234375 0.2890625 0.046875 0.0625
0 0.0830078125 0.2607421875 0.029296875 0.033203125
0 0.0087890625 0.205078125 0.017578125 0.06640625
0 0.02734375 0.1328125 0.046875 0.0625
0 0.060546875 0.056640625 0.08203125 0.05078125
0 0.009765625 0.0263671875 0.01953125 0.033203125