0 0.3310546875 0.99609375 0.013671875 0.0078125
0 0.634765625 0.9951171875 0.015625 0.009765625
0 0.4423828125 0.994140625 0.021484375 0.01171875
0 0.140625 0.994140625 0.01953125 0.01171875
0 0.2431640625 0.990234375 0.033203125 0.01953125
0 0.53125 0.98828125 0.02734375 0.0234375
0 0.2744140625 0.9833984375 0.029296875 0.033203125
0 0.16796875 0.982421875 0.0390625 0.03515625
0 0.3623046875 0.98046875 0.033203125 0.03515625
0 0.75390625 0.9765625 0.05859375 0.046875
0 0.00390625 0.9599609375 0.0078125 0.013671875
0 0.3828125 0.9599609375 0.03125 0.033203125
0 0.1953125 0.95703125 0.03125 0.02734375
0 0.2958984375 0.95703125 0.021484375 0.03125
0 0.5498046875 0.9453125 0.044921875 0.046875
0 0.4140625 0.9384765625 0.0390625 0.037109375
0 0.31640625 0.9326171875 0.02734375 0.025390625
0 0.7763671875 0.939453125 0.041015625 0.04296875
0 0.1865234375 0.9287109375 0.021484375 0.021484375
0 0.6953125 0.935546875 0.0390625 0.04296875
0 0.1015625 0.943359375 0.0625 0.0625
0 0.2255859375 0.92578125 0.033203125 0.03125
0 0.04296875 0.91796875 0.03125 0.03125
0 0.341796875 0.9111328125 0.02734375 0.029296875
0 0.8916015625 0.947265625 0.142578125 0.10546875
0 0.4404296875 0.908203125 0.033203125 0.03515625
0 0.2490234375 0.900390625 0.033203125 0.0234375
0 0.1484375 0.9052734375 0.0234375 0.037109375
0 0.00390625 0.8798828125 0.0078125 0.013671875
0 0.3681640625 0.884765625 0.021484375 0.03125
0 0.2783203125 0.876953125 0.025390625 0.02734375
0 0.1865234375 0.875 0.033203125 0.03125
0 0.388671875 0.86328125 0.01953125 0.02734375
0 0.78515625 0.875 0.05859375 0.05859375
0 0.66015625 0.873046875 0.0546875 0.0546875
0 0.296875 0.853515625 0.02734375 0.02734375
0 0.203125 0.849609375 0.0234375 0.02734375
0 0.1025390625 0.84765625 0.021484375 0.0234375
0 0.01171875 0.8486328125 0.0234375 0.037109375
0 0.458984375 0.85546875 0.046875 0.0546875
0 0.615234375 0.8466796875 0.046875 0.048828125
0 0.416015625 0.8359375 0.0234375 0.02734375
0 0.32421875 0.83203125 0.02734375 0.02734375
0 0.2265625 0.8271484375 0.0234375 0.029296875
0 0.0263671875 0.822265625 0.021484375 0.01953125
0 0.4404296875 0.8154296875 0.021484375 0.017578125
0 0.1279296875 0.8212890625 0.033203125 0.033203125
0 0.07421875 0.810546875 0.0234375 0.01953125
0 0.3427734375 0.80859375 0.021484375 0.02734375
0 0.2470703125 0.8046875 0.025390625 0.0234375
0 0.0478515625 0.80078125 0.021484375 0.0234375
0 0.162109375 0.7900390625 0.02734375 0.025390625
0 0.9716796875 0.8291015625 0.056640625 0.107421875
0 0.068359375 0.7841796875 0.0234375 0.021484375
0 0.2744140625 0.7802734375 0.021484375 0.021484375
0 0.6591796875 0.802734375 0.080078125 0.07421875
0 0.3623046875 0.783203125 0.044921875 0.03515625
0 0.3212890625 0.771484375 0.017578125 0.01953125
0 0.390625 0.7666015625 0.015625 0.021484375
0 0.1875 0.7666015625 0.0234375 0.025390625
0 0.294921875 0.7607421875 0.02734375 0.029296875
0 0.0927734375 0.7587890625 0.025390625 0.025390625
0 0.568359375 0.7783203125 0.05859375 0.072265625
0 0.20703125 0.748046875 0.0234375 0.0234375
0 0.11328125 0.7412109375 0.0234375 0.025390625
0 0.3203125 0.734375 0.0234375 0.0234375
0 0.013671875 0.740234375 0.02734375 0.03515625
0 0.23046875 0.724609375 0.0234375 0.0234375
0 0.6064453125 0.744140625 0.068359375 0.0703125
0 0.744140625 0.755859375 0.1015625 0.09765625
0 0.13671875 0.716796875 0.01953125 0.01953125
0 0.35546875 0.7197265625 0.0390625 0.029296875
0 0.048828125 0.70703125 0.0234375 0.0234375
0 0.251953125 0.705078125 0.02734375 0.0234375
0 0.158203125 0.697265625 0.02734375 0.0234375
0 0.0693359375 0.6865234375 0.025390625 0.025390625
0 0.279296875 0.6806640625 0.02734375 0.025390625
0 0.6630859375 0.6875 0.068359375 0.0703125
0 0.0927734375 0.662109375 0.025390625 0.02734375
0 0.298828125 0.6591796875 0.01953125 0.025390625
0 0.1923828125 0.662109375 0.044921875 0.04296875
0 0.0078125 0.65234375 0.015625 0.0234375
0 0.1142578125 0.6435546875 0.025390625 0.025390625
0 0.810546875 0.6640625 0.07421875 0.07421875
0 0.0244140625 0.6337890625 0.025390625 0.025390625
0 0.2275390625 0.6279296875 0.021484375 0.021484375
0 0.1357421875 0.6201171875 0.029296875 0.029296875
0 0.251953125 0.611328125 0.0234375 0.015625
0 0.0439453125 0.6123046875 0.025390625 0.025390625
0 0.724609375 0.626953125 0.07421875 0.07421875
0 0.1572265625 0.6005859375 0.033203125 0.029296875
0 0.8544921875 0.619140625 0.076171875 0.07421875
0 0.0654296875 0.591796875 0.025390625 0.02734375
0 0.49609375 0.6220703125 0.07421875 0.091796875
0 0.18359375 0.578125 0.03125 0.03125
0 0.087890625 0.5712890625 0.02734375 0.029296875
0 0.205078125 0.5537109375 0.01953125 0.025390625
0 0.109375 0.55078125 0.02734375 0.02734375
0 0.7841796875 0.5634765625 0.076171875 0.076171875
0 0.1328125 0.529296875 0.02734375 0.02734375
0 0.029296875 0.5341796875 0.0390625 0.037109375
0 0.1552734375 0.5048828125 0.025390625 0.021484375
0 0.0517578125 0.5 0.037109375 0.04296875
0 0.00390625 0.48046875 0.0078125 0.01171875
0 0.1171875 0.4619140625 0.04296875 0.037109375
0 0.0166015625 0.4619140625 0.033203125 0.037109375
0 0.80859375 0.458984375 0.0390625 0.0390625
0 0.94921875 0.494140625 0.1015625 0.12890625
0 0.064453125 0.3955078125 0.046875 0.044921875
0 0.2158203125 0.345703125 0.044921875 0.046875
0 0.9052734375 0.388671875 0.150390625 0.15234375
0 0.001953125 0.3076171875 0.00390625 0.005859375
0 0.98046875 0.2783203125 0.0390625 0.068359375
0 0.15234375 0.2109375 0.0234375 0.0234375
0 0.0732421875 0.1865234375 0.044921875 0.044921875
0 0.8076171875 0.173828125 0.134765625 0.13671875
0 0.9599609375 0.13671875 0.080078125 0.1015625
0 0.5751953125 0.2890625 0.287109375 0.4453125
0 0.8779296875 0.0478515625 0.119140625 0.095703125
0 0.3798828125 0.095703125 0.263671875 0.19140625
0 0.0224609375 0.001953125 0.005859375 0.00390625