0 0.1650390625 0.99609375 0.017578125 0.0078125
0 0.7275390625 0.982421875 0.017578125 0.01953125
0 0.048828125 0.85546875 0.09765625 0.14453125
0 0.1865234375 0.6826171875 0.158203125 0.158203125
0 0.1279296875 0.6259765625 0.158203125 0.158203125
0 0.0234375 0.4482421875 0.046875 0.076171875
0 0.298828125 0.4375 0.15625 0.16015625
0 0.2890625 0.283203125 0.05078125 0.05078125
0 0.0712890625 0.341796875 0.142578125 0.171875
0 0.1240234375 0.2509765625 0.189453125 0.220703125
0 0.009765625 0.1416015625 0.01953125 0.037109375