0 0.009765625 0.9619140625 0.01953125 0.029296875
0 0.5224609375 0.9404296875 0.029296875 0.029296875
0 0.0048828125 0.921875 0.009765625 0.0234375
0 0.52734375 0.904296875 0.03125 0.0390625
0 0.0234375 0.890625 0.01953125 0.01953125
0 0.552734375 0.876953125 0.03125 0.03125
0 0.0537109375 0.8818359375 0.048828125 0.044921875
0 0.087890625 0.86328125 0.02734375 0.03125
0 0.1142578125 0.8544921875 0.021484375 0.029296875
0 0.1533203125 0.84375 0.029296875 0.0390625
0 0.16796875 0.8349609375 0.02734375 0.037109375
0 0.1845703125 0.828125 0.025390625 0.0390625
0 0.00390625 0.8076171875 0.0078125 0.013671875
0 0.2099609375 0.8154296875 0.041015625 0.044921875
0 0.234375 0.8017578125 0.02734375 0.033203125
0 0.251953125 0.7958984375 0.02734375 0.033203125
0 0.26953125 0.7880859375 0.02734375 0.037109375
0 0.05859375 0.779296875 0.02734375 0.03125
0 0.2861328125 0.7802734375 0.029296875 0.037109375
0 0.001953125 0.7587890625 0.00390625 0.005859375
0 0.3037109375 0.771484375 0.029296875 0.0390625
0 0.083984375 0.7646484375 0.02734375 0.033203125
0 0.1220703125 0.7509765625 0.041015625 0.033203125
0 0.3525390625 0.75 0.025390625 0.03515625
0 0.373046875 0.7392578125 0.02734375 0.033203125
0 0.392578125 0.7314453125 0.02734375 0.033203125
0 0.166015625 0.7294921875 0.04296875 0.033203125
0 0.0205078125 0.73046875 0.041015625 0.046875
0 0.412109375 0.7197265625 0.02734375 0.033203125
0 0.4345703125 0.7109375 0.025390625 0.03125
0 0.205078125 0.7109375 0.03515625 0.03125
0 0.4541015625 0.7021484375 0.025390625 0.033203125
0 0.064453125 0.703125 0.0234375 0.03515625
0 0.0888671875 0.701171875 0.033203125 0.04296875
0 0.2412109375 0.6943359375 0.041015625 0.033203125
0 0.4736328125 0.6923828125 0.025390625 0.033203125
0 0.494140625 0.68359375 0.02734375 0.03125
0 0.515625 0.6728515625 0.02734375 0.033203125
0 0.01171875 0.6611328125 0.0234375 0.025390625
0 0.5341796875 0.662109375 0.025390625 0.03515625
0 0.5556640625 0.654296875 0.025390625 0.03515625
0 0.0439453125 0.642578125 0.021484375 0.02734375
0 0.57421875 0.6435546875 0.02734375 0.033203125
0 0.0625 0.6357421875 0.0234375 0.029296875
0 0.080078125 0.626953125 0.0234375 0.02734375
0 0.3486328125 0.6328125 0.072265625 0.05859375
0 0.1787109375 0.6484375 0.123046875 0.09375
0 0.4130859375 0.607421875 0.029296875 0.03515625
0 0.26953125 0.5947265625 0.01953125 0.029296875
0 0.4326171875 0.59765625 0.029296875 0.0390625
0 0.4501953125 0.58984375 0.029296875 0.0390625
0 0.2939453125 0.5810546875 0.017578125 0.021484375
0 0.4794921875 0.578125 0.048828125 0.046875
0 0.15234375 0.5849609375 0.12109375 0.083984375
0 0.515625 0.5615234375 0.046875 0.048828125
0 0.7744140625 0.560546875 0.095703125 0.05078125
0 0.337890625 0.5673828125 0.078125 0.064453125
0 0.5419921875 0.5478515625 0.029296875 0.037109375
0 0.3876953125 0.5458984375 0.029296875 0.037109375
0 0.560546875 0.5400390625 0.02734375 0.037109375
0 0.416015625 0.53125 0.02734375 0.03125
0 0.5888671875 0.5234375 0.029296875 0.02734375
0 0.4345703125 0.5126953125 0.021484375 0.029296875
0 0.849609375 0.5126953125 0.02734375 0.037109375
0 0.4521484375 0.5078125 0.029296875 0.0390625
0 0.470703125 0.5 0.02734375 0.0390625
0 0.490234375 0.4921875 0.03125 0.0390625
0 0.3037109375 0.5078125 0.111328125 0.0703125
0 0.91796875 0.490234375 0.03515625 0.0390625
0 0.509765625 0.482421875 0.03125 0.0390625
0 0.52734375 0.4716796875 0.02734375 0.037109375
0 0.283203125 0.4697265625 0.109375 0.068359375
0 0.9873046875 0.4501953125 0.025390625 0.037109375
0 0.578125 0.4462890625 0.03125 0.033203125
0 0.3642578125 0.4443359375 0.048828125 0.068359375
0 0.6982421875 0.4404296875 0.060546875 0.076171875
0 0.26953125 0.421875 0.125 0.08203125
0 0.3994140625 0.4111328125 0.072265625 0.111328125
0 0.1083984375 0.37109375 0.052734375 0.046875
0 0.439453125 0.3916015625 0.078125 0.119140625
0 0.2373046875 0.361328125 0.111328125 0.0703125
0 0.6162109375 0.34765625 0.072265625 0.05078125
0 0.962890625 0.349609375 0.07421875 0.06640625
0 0.7900390625 0.359375 0.119140625 0.10546875
0 0.5009765625 0.3564453125 0.099609375 0.115234375
0 0.0478515625 0.333984375 0.095703125 0.078125
0 0.2275390625 0.3134765625 0.091796875 0.060546875
0 0.865234375 0.296875 0.03515625 0.0390625
0 0.3203125 0.318359375 0.0625 0.08984375
0 0.9150390625 0.27734375 0.076171875 0.046875
0 0.548828125 0.271484375 0.03515625 0.046875
0 0.9736328125 0.2646484375 0.048828125 0.041015625
0 0.4130859375 0.265625 0.134765625 0.08203125
0 0.59765625 0.2744140625 0.0625 0.111328125
0 0.203125 0.2333984375 0.0234375 0.048828125
0 0.3740234375 0.23828125 0.095703125 0.0625
0 0.892578125 0.2021484375 0.03125 0.033203125
0 0.1474609375 0.234375 0.041015625 0.1015625
0 0.8271484375 0.2060546875 0.068359375 0.064453125
0 0.03515625 0.205078125 0.02734375 0.0625
0 0.2880859375 0.2060546875 0.126953125 0.076171875
0 0.9267578125 0.1875 0.048828125 0.046875
0 0.0087890625 0.166015625 0.017578125 0.02734375
0 0.95703125 0.1669921875 0.0390625 0.052734375
0 0.1015625 0.203125 0.04296875 0.13671875
0 0.435546875 0.1728515625 0.0546875 0.083984375
0 0.494140625 0.1474609375 0.046875 0.064453125
0 0.2158203125 0.15234375 0.033203125 0.08984375
0 0.1630859375 0.1396484375 0.029296875 0.068359375
0 0.5419921875 0.1533203125 0.087890625 0.119140625
0 0.0849609375 0.11328125 0.087890625 0.046875
0 0.8955078125 0.1005859375 0.037109375 0.041015625
0 0.9921875 0.0859375 0.015625 0.02734375
0 0.318359375 0.1015625 0.06640625 0.1015625
0 0.984375 0.0654296875 0.03125 0.041015625
0 0.4423828125 0.0625 0.037109375 0.05078125
0 0.3896484375 0.0810546875 0.068359375 0.087890625
0 0.970703125 0.0498046875 0.03125 0.029296875
0 0.197265625 0.052734375 0.07421875 0.05078125
0 0.953125 0.02734375 0.0390625 0.0390625
0 0.9306640625 0.013671875 0.037109375 0.02734375
0 0.4970703125 0.056640625 0.087890625 0.11328125
0 0.4482421875 0.017578125 0.072265625 0.03515625
0 0.2890625 0.0087890625 0.0234375 0.017578125
0 0.244140625 0.01953125 0.03515625 0.0390625