0 0.7099609375 0.998046875 0.005859375 0.00390625
0 0.669921875 0.998046875 0.00390625 0.00390625
0 0.517578125 0.998046875 0.00390625 0.00390625
0 0.07421875 0.99609375 0.0234375 0.0078125
0 0.2587890625 0.9931640625 0.025390625 0.013671875
0 0.919921875 0.9921875 0.0390625 0.015625
0 0.4951171875 0.9912109375 0.021484375 0.017578125
0 0.2197265625 0.9912109375 0.037109375 0.017578125
0 0.650390625 0.990234375 0.0234375 0.01953125
0 0.05078125 0.990234375 0.0234375 0.01953125
0 0.8798828125 0.986328125 0.025390625 0.02734375
0 0.6904296875 0.9853515625 0.025390625 0.025390625
0 0.6279296875 0.986328125 0.025390625 0.02734375
0 0.75390625 0.9794921875 0.01953125 0.017578125
0 0.4716796875 0.9853515625 0.025390625 0.029296875
0 0.60546875 0.9794921875 0.01953125 0.021484375
0 0.85546875 0.98046875 0.0234375 0.03125
0 0.2255859375 0.97265625 0.025390625 0.0234375
0 0.1572265625 0.974609375 0.033203125 0.02734375
0 0.734375 0.966796875 0.015625 0.015625
0 0.671875 0.96875 0.02734375 0.0234375
0 0.830078125 0.97265625 0.02734375 0.03515625
0 0.5849609375 0.966796875 0.025390625 0.02734375
0 0.4306640625 0.9765625 0.064453125 0.046875
0 0.8056640625 0.962890625 0.029296875 0.03515625
0 0.560546875 0.958984375 0.0234375 0.02734375
0 0.5390625 0.953125 0.0234375 0.0234375
0 0.779296875 0.955078125 0.03125 0.03515625
0 0.65625 0.9501953125 0.02734375 0.025390625
0 0.37109375 0.9638671875 0.05078125 0.052734375
0 0.1015625 0.951171875 0.04296875 0.03515625
0 0.3359375 0.94140625 0.0234375 0.0234375
0 0.75390625 0.9453125 0.03125 0.03515625
0 0.2412109375 0.94140625 0.033203125 0.03515625
0 0.1689453125 0.9404296875 0.037109375 0.041015625
0 0.6396484375 0.931640625 0.033203125 0.02734375
0 0.72265625 0.9306640625 0.0390625 0.033203125
0 0.3134765625 0.9267578125 0.025390625 0.025390625
0 0.06640625 0.9326171875 0.03125 0.037109375
0 0.041015625 0.9267578125 0.0234375 0.029296875
0 0.4990234375 0.9306640625 0.033203125 0.041015625
0 0.470703125 0.923828125 0.0234375 0.03515625
0 0.4443359375 0.916015625 0.021484375 0.02734375
0 0.2890625 0.916015625 0.02734375 0.02734375
0 0.62890625 0.9111328125 0.02734375 0.029296875
0 0.015625 0.9111328125 0.03125 0.041015625
0 0.400390625 0.8984375 0.02734375 0.03125
0 0.83203125 0.892578125 0.03125 0.0234375
0 0.6142578125 0.892578125 0.025390625 0.0234375
0 0.42578125 0.90234375 0.02734375 0.04296875
0 0.3759765625 0.8935546875 0.021484375 0.025390625
0 0.1826171875 0.8896484375 0.037109375 0.033203125
0 0.578125 0.876953125 0.046875 0.03125
0 0.35546875 0.87890625 0.02734375 0.0390625
0 0.3203125 0.869140625 0.03125 0.0234375
0 0.541015625 0.8740234375 0.02734375 0.041015625
0 0.142578125 0.8671875 0.0234375 0.02734375
0 0.265625 0.8564453125 0.0234375 0.021484375
0 0.1162109375 0.865234375 0.033203125 0.0390625
0 0.51953125 0.8603515625 0.02734375 0.037109375
0 0.078125 0.85546875 0.03515625 0.03125
0 0.4970703125 0.8505859375 0.029296875 0.037109375
0 0.4716796875 0.8427734375 0.021484375 0.029296875
0 0.0478515625 0.84375 0.025390625 0.03515625
0 0.73046875 0.861328125 0.1640625 0.08203125
0 0.19921875 0.8359375 0.03515625 0.03125
0 0.0234375 0.8359375 0.02734375 0.0390625
0 0.4541015625 0.8310546875 0.025390625 0.033203125
0 0.0068359375 0.8271484375 0.013671875 0.033203125
0 0.4296875 0.8232421875 0.0234375 0.029296875
0 0.2822265625 0.8271484375 0.029296875 0.037109375
0 0.216796875 0.81640625 0.03515625 0.0234375
0 0.4072265625 0.8193359375 0.029296875 0.037109375
0 0.13671875 0.7978515625 0.0234375 0.025390625
0 0.3720703125 0.806640625 0.044921875 0.046875
0 0.1650390625 0.80078125 0.029296875 0.0390625
0 0.1142578125 0.791015625 0.021484375 0.0234375
0 0.5478515625 0.7880859375 0.029296875 0.033203125
0 0.3359375 0.78515625 0.02734375 0.02734375
0 0.0908203125 0.7822265625 0.025390625 0.025390625
0 0.0703125 0.775390625 0.01953125 0.0234375
0 0.5234375 0.7802734375 0.02734375 0.037109375
0 0.4990234375 0.7783203125 0.029296875 0.033203125
0 0.2958984375 0.76953125 0.025390625 0.03125
0 0.044921875 0.7666015625 0.0234375 0.025390625
0 0.4765625 0.7626953125 0.02734375 0.041015625
0 0.025390625 0.7548828125 0.0234375 0.033203125
0 0.517578125 0.7451171875 0.015625 0.017578125
0 0.0068359375 0.75 0.013671875 0.02734375
0 0.998046875 0.736328125 0.00390625 0.00390625
0 0.21875 0.7607421875 0.0546875 0.060546875
0 0.4921875 0.7333984375 0.02734375 0.017578125
0 0.4111328125 0.7373046875 0.029296875 0.041015625
0 0.361328125 0.7265625 0.0234375 0.02734375
0 0.1728515625 0.7373046875 0.060546875 0.048828125
0 0.3857421875 0.728515625 0.029296875 0.0390625
0 0.984375 0.716796875 0.03125 0.02734375
0 0.1416015625 0.7177734375 0.025390625 0.029296875
0 0.048828125 0.7119140625 0.015625 0.017578125
0 0.5654296875 0.72265625 0.044921875 0.046875
0 0.4794921875 0.70703125 0.033203125 0.02734375
0 0.9560546875 0.70703125 0.029296875 0.03515625
0 0.3408203125 0.705078125 0.029296875 0.03515625
0 0.318359375 0.7041015625 0.02734375 0.037109375
0 0.095703125 0.703125 0.07421875 0.046875
0 0.9248046875 0.697265625 0.033203125 0.0390625
0 0.2685546875 0.6943359375 0.029296875 0.033203125
0 0.56640625 0.689453125 0.0390625 0.02734375
0 0.4111328125 0.6875 0.041015625 0.02734375
0 0.4951171875 0.68359375 0.037109375 0.02734375
0 0.05078125 0.685546875 0.0234375 0.03125
0 0.8974609375 0.68359375 0.029296875 0.0390625
0 0.8740234375 0.681640625 0.029296875 0.046875
0 0.2451171875 0.677734375 0.033203125 0.0390625
0 0.0078125 0.6708984375 0.015625 0.029296875
0 0.5791015625 0.66796875 0.041015625 0.03125
0 0.21875 0.669921875 0.02734375 0.03515625
0 0.853515625 0.6669921875 0.03125 0.037109375
0 0.41796875 0.662109375 0.0390625 0.03125
0 0.3447265625 0.6611328125 0.044921875 0.033203125
0 0.99609375 0.6484375 0.0078125 0.01953125
0 0.1796875 0.6484375 0.0234375 0.03125
0 0.5849609375 0.64453125 0.041015625 0.02734375
0 0.50390625 0.6513671875 0.04296875 0.048828125
0 0.4296875 0.63671875 0.04296875 0.02734375
0 0.3544921875 0.6357421875 0.044921875 0.029296875
0 0.2763671875 0.6337890625 0.033203125 0.025390625
0 0.1328125 0.634765625 0.03125 0.03515625
0 0.9541015625 0.6298828125 0.025390625 0.029296875
0 0.982421875 0.6298828125 0.02734375 0.037109375
0 0.599609375 0.62109375 0.0234375 0.0234375
0 0.103515625 0.625 0.02734375 0.03515625
0 0.56640625 0.615234375 0.01953125 0.01953125
0 0.41015625 0.6142578125 0.0234375 0.017578125
0 0.291015625 0.6142578125 0.02734375 0.021484375
0 0.3623046875 0.6142578125 0.033203125 0.025390625
0 0.2060546875 0.609375 0.037109375 0.02734375
0 0.0263671875 0.609375 0.029296875 0.02734375
0 0.51953125 0.6123046875 0.03125 0.037109375
0 0.0810546875 0.6142578125 0.029296875 0.041015625
0 0.0576171875 0.609375 0.025390625 0.03125
0 0.8916015625 0.603515625 0.033203125 0.02734375
0 0.9619140625 0.59765625 0.025390625 0.0234375
0 0.3720703125 0.58984375 0.033203125 0.02734375
0 0.2958984375 0.5908203125 0.033203125 0.029296875
0 0.8427734375 0.5869140625 0.025390625 0.029296875
0 0.216796875 0.5869140625 0.03515625 0.029296875
0 0.419921875 0.5849609375 0.02734375 0.029296875
0 0.13671875 0.58203125 0.0390625 0.03125
0 0.0888671875 0.5732421875 0.025390625 0.025390625
0 0.8203125 0.576171875 0.0234375 0.03515625
0 0.99609375 0.5625 0.0078125 0.015625
0 0.453125 0.568359375 0.03515625 0.02734375
0 0.3798828125 0.568359375 0.033203125 0.02734375
0 0.04296875 0.5673828125 0.03125 0.025390625
0 0.001953125 0.55859375 0.00390625 0.0078125
0 0.9091796875 0.5615234375 0.017578125 0.017578125
0 0.7998046875 0.5673828125 0.021484375 0.029296875
0 0.865234375 0.560546875 0.01953125 0.01953125
0 0.2265625 0.5615234375 0.03515625 0.025390625
0 0.7529296875 0.5556640625 0.025390625 0.025390625
0 0.775390625 0.5576171875 0.0234375 0.033203125
0 0.05078125 0.548828125 0.01953125 0.01953125
0 0.9794921875 0.5546875 0.025390625 0.03515625
0 0.7294921875 0.5478515625 0.025390625 0.025390625
0 0.611328125 0.5693359375 0.04296875 0.072265625
0 0.5322265625 0.5595703125 0.037109375 0.052734375
0 0.4697265625 0.5458984375 0.029296875 0.025390625
0 0.7060546875 0.5419921875 0.021484375 0.021484375
0 0.3125 0.5439453125 0.03515625 0.025390625
0 0.3876953125 0.5419921875 0.029296875 0.025390625
0 0.1630859375 0.5390625 0.033203125 0.0234375
0 0.931640625 0.537109375 0.02734375 0.03515625
0 0.6865234375 0.533203125 0.021484375 0.02734375
0 0.06640625 0.5302734375 0.0390625 0.029296875
0 0.0048828125 0.529296875 0.009765625 0.02734375
0 0.6298828125 0.5263671875 0.029296875 0.025390625
0 0.544921875 0.5234375 0.02734375 0.0234375
0 0.89453125 0.521484375 0.02734375 0.02734375
0 0.3212890625 0.5224609375 0.037109375 0.029296875
0 0.1123046875 0.5166015625 0.017578125 0.017578125
0 0.392578125 0.515625 0.02734375 0.0234375
0 0.248046875 0.525390625 0.03515625 0.04296875
0 0.076171875 0.5068359375 0.0390625 0.029296875
0 0.6337890625 0.5048828125 0.037109375 0.029296875
0 0.552734375 0.4990234375 0.03125 0.025390625
0 0.4765625 0.51171875 0.03515625 0.05078125
0 0.333984375 0.4951171875 0.0234375 0.021484375
0 0.8544921875 0.501953125 0.037109375 0.0390625
0 0.708984375 0.4970703125 0.03125 0.029296875
0 0.3974609375 0.4931640625 0.025390625 0.021484375
0 0.2529296875 0.494140625 0.037109375 0.03125
0 0.8154296875 0.4892578125 0.029296875 0.029296875
0 0.083984375 0.484375 0.0390625 0.02734375
0 0.646484375 0.482421875 0.02734375 0.02734375
0 0.013671875 0.4833984375 0.02734375 0.029296875
0 0.5615234375 0.4765625 0.033203125 0.02734375
0 0.41015625 0.46875 0.02734375 0.01953125
0 0.33984375 0.470703125 0.02734375 0.0234375
0 0.7783203125 0.474609375 0.029296875 0.03515625
0 0.7529296875 0.470703125 0.029296875 0.03125
0 0.1787109375 0.4794921875 0.044921875 0.048828125
0 0.259765625 0.4677734375 0.04296875 0.029296875
0 0.9912109375 0.4677734375 0.017578125 0.037109375
0 0.970703125 0.46484375 0.02734375 0.03125
0 0.658203125 0.4609375 0.03125 0.0234375
0 0.01953125 0.4619140625 0.03125 0.025390625
0 0.08984375 0.458984375 0.03125 0.0234375
0 0.494140625 0.4677734375 0.04296875 0.044921875
0 0.5712890625 0.4521484375 0.037109375 0.025390625
0 0.70703125 0.4501953125 0.03125 0.033203125
0 0.1904296875 0.447265625 0.037109375 0.02734375
0 0.947265625 0.4501953125 0.03125 0.037109375
0 0.2626953125 0.4453125 0.037109375 0.02734375
0 0.4189453125 0.44140625 0.025390625 0.02734375
0 0.912109375 0.4423828125 0.03125 0.033203125
0 0.0986328125 0.4375 0.037109375 0.02734375
0 0.3505859375 0.4375 0.037109375 0.03125
0 0.509765625 0.431640625 0.03125 0.0234375
0 0.67578125 0.4296875 0.0234375 0.0234375
0 0.9892578125 0.4267578125 0.021484375 0.025390625
0 0.9658203125 0.423828125 0.017578125 0.01953125
0 0.2724609375 0.423828125 0.037109375 0.03125
0 0.646484375 0.4169921875 0.015625 0.021484375
0 0.201171875 0.4228515625 0.03515625 0.033203125
0 0.8193359375 0.4150390625 0.025390625 0.029296875
0 0.0322265625 0.4150390625 0.037109375 0.029296875
0 0.9404296875 0.4091796875 0.021484375 0.025390625
0 0.853515625 0.416015625 0.02734375 0.0390625
0 0.6083984375 0.412109375 0.029296875 0.03125
0 0.11328125 0.412109375 0.03125 0.03515625
0 0.58203125 0.408203125 0.03125 0.03515625
0 0.4765625 0.3994140625 0.01953125 0.017578125
0 0.3662109375 0.40234375 0.033203125 0.0234375
0 0.435546875 0.4013671875 0.03125 0.025390625
0 0.20703125 0.3984375 0.0390625 0.02734375
0 0.2802734375 0.3974609375 0.037109375 0.029296875
0 0.044921875 0.392578125 0.03515625 0.02734375
0 0.78125 0.3935546875 0.0390625 0.041015625
0 0.8740234375 0.3798828125 0.017578125 0.017578125
0 0.529296875 0.3916015625 0.03125 0.041015625
0 0.2177734375 0.37890625 0.029296875 0.0234375
0 0.1591796875 0.380859375 0.025390625 0.02734375
0 0.369140625 0.3798828125 0.03515625 0.029296875
0 0.5048828125 0.37890625 0.025390625 0.03125
0 0.123046875 0.380859375 0.02734375 0.03515625
0 0.9833984375 0.3779296875 0.033203125 0.041015625
0 0.4853515625 0.3720703125 0.025390625 0.033203125
0 0.7470703125 0.375 0.033203125 0.04296875
0 0.7080078125 0.3701171875 0.025390625 0.033203125
0 0.8095703125 0.361328125 0.021484375 0.02734375
0 0.462890625 0.3623046875 0.0234375 0.029296875
0 0.296875 0.359375 0.0390625 0.03125
0 0.2275390625 0.3544921875 0.033203125 0.025390625
0 0.4423828125 0.3564453125 0.029296875 0.033203125
0 0.6845703125 0.3564453125 0.021484375 0.041015625
0 0.05078125 0.3544921875 0.03125 0.037109375
0 0.95703125 0.3466796875 0.02734375 0.033203125
0 0.75390625 0.337890625 0.02734375 0.0234375
0 0.9326171875 0.337890625 0.025390625 0.03515625
0 0.392578125 0.3466796875 0.02734375 0.052734375
0 0.001953125 0.3232421875 0.00390625 0.005859375
0 0.236328125 0.33203125 0.03125 0.02734375
0 0.646484375 0.337890625 0.0234375 0.04296875
0 0.615234375 0.333984375 0.02734375 0.03515625
0 0.3720703125 0.3291015625 0.025390625 0.033203125
0 0.1396484375 0.3359375 0.044921875 0.046875
0 0.064453125 0.326171875 0.03125 0.02734375
0 0.5849609375 0.32421875 0.025390625 0.03125
0 0.88671875 0.326171875 0.03125 0.0390625
0 0.8583984375 0.3203125 0.025390625 0.03515625
0 0.33984375 0.31640625 0.046875 0.03125
0 0.552734375 0.3095703125 0.03125 0.025390625
0 0.8310546875 0.3076171875 0.025390625 0.033203125
0 0.158203125 0.3056640625 0.04296875 0.029296875
0 0.080078125 0.3056640625 0.04296875 0.029296875
0 0.306640625 0.3076171875 0.03125 0.037109375
0 0.80859375 0.3017578125 0.0234375 0.029296875
0 0.0458984375 0.2958984375 0.017578125 0.017578125
0 0.5283203125 0.298828125 0.025390625 0.03125
0 0.2607421875 0.2841796875 0.029296875 0.025390625
0 0.78125 0.287109375 0.02734375 0.03515625
0 0.0888671875 0.2802734375 0.041015625 0.025390625
0 0.0146484375 0.2841796875 0.029296875 0.037109375
0 0.5029296875 0.2841796875 0.029296875 0.041015625
0 0.990234375 0.275390625 0.01953125 0.03515625
0 0.7529296875 0.2705078125 0.025390625 0.029296875
0 0.056640625 0.265625 0.01953125 0.01953125
0 0.44921875 0.2724609375 0.0234375 0.037109375
0 0.7236328125 0.259765625 0.025390625 0.03125
0 0.419921875 0.263671875 0.03125 0.0390625
0 0.2001953125 0.2666015625 0.052734375 0.044921875
0 0.6943359375 0.25390625 0.033203125 0.02734375
0 0.0166015625 0.2529296875 0.033203125 0.029296875
0 0.9677734375 0.2646484375 0.037109375 0.056640625
0 0.4599609375 0.244140625 0.017578125 0.01953125
0 0.1640625 0.251953125 0.03125 0.03515625
0 0.380859375 0.25 0.02734375 0.03515625
0 0.91796875 0.2451171875 0.03125 0.033203125
0 0.66015625 0.2431640625 0.03125 0.029296875
0 0.48046875 0.2294921875 0.0234375 0.025390625
0 0.87890625 0.232421875 0.046875 0.04296875
0 0.1015625 0.228515625 0.046875 0.0390625
0 0.6259765625 0.224609375 0.029296875 0.03515625
0 0.5947265625 0.216796875 0.037109375 0.03125
0 0.0634765625 0.2177734375 0.025390625 0.033203125
0 0.806640625 0.2119140625 0.02734375 0.033203125
0 0.986328125 0.208984375 0.02734375 0.03125
0 0.55859375 0.208984375 0.02734375 0.03515625
0 0.837890625 0.20703125 0.03515625 0.046875
0 0.392578125 0.2001953125 0.0390625 0.033203125
0 0.0224609375 0.201171875 0.029296875 0.0390625
0 0.775390625 0.1953125 0.02734375 0.03515625
0 0.52734375 0.1982421875 0.02734375 0.041015625
0 0.931640625 0.1904296875 0.0234375 0.029296875
0 0.2001953125 0.1865234375 0.025390625 0.025390625
0 0.7509765625 0.1865234375 0.029296875 0.033203125
0 0.490234375 0.177734375 0.02734375 0.0390625
0 0.716796875 0.169921875 0.02734375 0.0390625
0 0.6865234375 0.1669921875 0.029296875 0.033203125
0 0.150390625 0.1650390625 0.02734375 0.033203125
0 0.4052734375 0.15234375 0.041015625 0.0234375
0 0.107421875 0.1533203125 0.0390625 0.033203125
0 0.7177734375 0.1357421875 0.017578125 0.017578125
0 0.654296875 0.1474609375 0.03125 0.041015625
0 0.9951171875 0.1328125 0.009765625 0.0234375
0 0.400390625 0.1279296875 0.01953125 0.017578125
0 0.611328125 0.134765625 0.02734375 0.03515625
0 0.3154296875 0.181640625 0.076171875 0.12890625
0 0.216796875 0.125 0.01953125 0.01953125
0 0.068359375 0.1318359375 0.03515625 0.048828125
0 0.978515625 0.1181640625 0.02734375 0.033203125
0 0.0302734375 0.12109375 0.029296875 0.0390625
0 0.005859375 0.1162109375 0.01171875 0.029296875
0 0.5859375 0.1240234375 0.03515625 0.048828125
0 0.6396484375 0.109375 0.021484375 0.0234375
0 0.1748046875 0.111328125 0.029296875 0.02734375
0 0.525390625 0.109375 0.0234375 0.02734375
0 0.5517578125 0.099609375 0.025390625 0.02734375
0 0.462890625 0.09375 0.01953125 0.0234375
0 0.853515625 0.0947265625 0.05078125 0.033203125
0 0.2421875 0.0908203125 0.02734375 0.029296875
0 0.7900390625 0.087890625 0.044921875 0.0390625
0 0.595703125 0.08203125 0.02734375 0.03125
0 0.494140625 0.08984375 0.03515625 0.05078125
0 0.1201171875 0.1005859375 0.044921875 0.072265625
0 0.4228515625 0.0732421875 0.025390625 0.033203125
0 0.5654296875 0.0673828125 0.029296875 0.025390625
0 0.1923828125 0.0673828125 0.025390625 0.029296875
0 0.4599609375 0.060546875 0.017578125 0.01953125
0 0.73046875 0.05859375 0.046875 0.03125
0 0.9091796875 0.05859375 0.044921875 0.0390625
0 0.521484375 0.0517578125 0.046875 0.029296875
0 0.142578125 0.052734375 0.0390625 0.03515625
0 0.4482421875 0.0400390625 0.021484375 0.021484375
0 0.9736328125 0.0458984375 0.052734375 0.041015625
0 0.6630859375 0.0361328125 0.048828125 0.025390625
0 0.0966796875 0.041015625 0.037109375 0.0390625
0 0.3134765625 0.033203125 0.025390625 0.03515625
0 0.0634765625 0.02734375 0.029296875 0.03515625
0 0.0419921875 0.021484375 0.021484375 0.02734375
0 0.4560546875 0.0185546875 0.029296875 0.025390625
0 0.7919921875 0.0029296875 0.009765625 0.005859375
0 0.77734375 0.001953125 0.0078125 0.00390625
0 0.619140625 0.0107421875 0.0234375 0.021484375
0 0.46875 0.00390625 0.015625 0.0078125
0 0.28125 0.0185546875 0.02734375 0.037109375
0 0.251953125 0.0146484375 0.03515625 0.029296875
0 0.216796875 0.0078125 0.0234375 0.015625
0 0.1875 0.0029296875 0.01171875 0.005859375
0 0.0185546875 0.0146484375 0.029296875 0.029296875