0 0.7646484375 0.966796875 0.115234375 0.06640625
0 0.8828125 0.87890625 0.0390625 0.01953125
0 0.962890625 0.53515625 0.07421875 0.1484375
0 0.228515625 0.3037109375 0.13671875 0.076171875
0 0.0771484375 0.1796875 0.029296875 0.03125
0 0.0546875 0.1435546875 0.02734375 0.033203125
0 0.0771484375 0.1240234375 0.033203125 0.033203125
0 0.12890625 0.0908203125 0.03125 0.037109375
0 0.0341796875 0.0732421875 0.068359375 0.048828125
0 0.05859375 0.0146484375 0.03125 0.025390625
0 0.2509765625 0.0390625 0.146484375 0.078125
0 0.0986328125 0.013671875 0.037109375 0.02734375
0 0.02734375 0.0078125 0.01953125 0.015625
0 0.0029296875 0.00390625 0.005859375 0.0078125