0 0.3232421875 0.99609375 0.017578125 0.0078125
0 0.5693359375 0.9951171875 0.021484375 0.009765625
0 0.0966796875 0.9931640625 0.021484375 0.013671875
0 0.87890625 0.9921875 0.03125 0.015625
0 0.009765625 0.990234375 0.01953125 0.01953125
0 0.294921875 0.98828125 0.03125 0.0234375
0 0.064453125 0.9853515625 0.02734375 0.029296875
0 0.2626953125 0.982421875 0.037109375 0.03515625
0 0.6357421875 0.98046875 0.029296875 0.03515625
0 0.56640625 0.9755859375 0.0390625 0.029296875
0 0.9033203125 0.9736328125 0.033203125 0.029296875
0 0.462890625 0.9794921875 0.0703125 0.041015625
0 0.2314453125 0.9677734375 0.029296875 0.037109375
0 0.4150390625 0.96484375 0.033203125 0.0390625
0 0.021484375 0.9619140625 0.02734375 0.033203125
0 0.005859375 0.9521484375 0.01171875 0.029296875
0 0.37890625 0.953125 0.05078125 0.0390625
0 0.57421875 0.943359375 0.03515625 0.03125
0 0.9130859375 0.9384765625 0.029296875 0.041015625
0 0.3603515625 0.9267578125 0.037109375 0.033203125
0 0.1884765625 0.9345703125 0.060546875 0.060546875
0 0.4921875 0.921875 0.05859375 0.05078125
0 0.662109375 0.9111328125 0.03125 0.037109375
0 0.103515625 0.9091796875 0.03125 0.033203125
0 0.294921875 0.8994140625 0.03125 0.029296875
0 0.6337890625 0.900390625 0.029296875 0.03515625
0 0.5146484375 0.9013671875 0.025390625 0.037109375
0 0.4482421875 0.892578125 0.025390625 0.03125
0 0.5859375 0.8896484375 0.03515625 0.033203125
0 0.001953125 0.8740234375 0.00390625 0.005859375
0 0.2548828125 0.8828125 0.037109375 0.03125
0 0.041015625 0.8896484375 0.06640625 0.060546875
0 0.1201171875 0.8720703125 0.033203125 0.033203125
0 0.3798828125 0.8681640625 0.033203125 0.033203125
0 0.595703125 0.8583984375 0.0390625 0.029296875
0 0.517578125 0.8564453125 0.04296875 0.025390625
0 0.4560546875 0.8564453125 0.029296875 0.033203125
0 0.712890625 0.853515625 0.02734375 0.03515625
0 0.2109375 0.8515625 0.04296875 0.03125
0 0.337890625 0.845703125 0.0390625 0.03125
0 0.6796875 0.8388671875 0.03515625 0.037109375
0 0.603515625 0.83203125 0.03125 0.02734375
0 0.1416015625 0.8349609375 0.025390625 0.033203125
0 0.3935546875 0.83203125 0.025390625 0.03515625
0 0.287109375 0.822265625 0.03125 0.03125
0 0.1025390625 0.8232421875 0.029296875 0.041015625
0 0.98828125 0.8251953125 0.0234375 0.048828125
0 0.53125 0.8134765625 0.03125 0.025390625
0 0.46875 0.8203125 0.03125 0.0390625
0 0.083984375 0.8056640625 0.02734375 0.029296875
0 0.6171875 0.8046875 0.0390625 0.03125
0 0.2314453125 0.7978515625 0.025390625 0.033203125
0 0.3994140625 0.7939453125 0.037109375 0.037109375
0 0.544921875 0.7783203125 0.02734375 0.025390625
0 0.0380859375 0.77734375 0.025390625 0.0234375
0 0.7275390625 0.78125 0.033203125 0.03515625
0 0.34765625 0.7734375 0.03515625 0.02734375
0 0.16796875 0.763671875 0.03125 0.03125
0 0.01171875 0.763671875 0.0234375 0.03125
0 0.548828125 0.75390625 0.03125 0.02734375
0 0.69921875 0.7626953125 0.03125 0.048828125
0 0.314453125 0.75 0.03125 0.03125
0 0.484375 0.767578125 0.03515625 0.0703125
0 0.255859375 0.755859375 0.046875 0.0546875
0 0.7587890625 0.7333984375 0.021484375 0.021484375
0 0.1171875 0.7431640625 0.03125 0.041015625
0 0.5537109375 0.7275390625 0.037109375 0.021484375
0 0.6328125 0.7421875 0.03515625 0.0546875
0 0.41796875 0.732421875 0.04296875 0.0390625
0 0.2744140625 0.724609375 0.037109375 0.03125
0 0.6640625 0.71875 0.0234375 0.0234375
0 0.4990234375 0.71875 0.033203125 0.03515625
0 0.3798828125 0.7158203125 0.033203125 0.029296875
0 0.2060546875 0.7138671875 0.033203125 0.041015625
0 0.0634765625 0.7119140625 0.033203125 0.041015625
0 0.5615234375 0.7001953125 0.037109375 0.021484375
0 0.17578125 0.6982421875 0.03125 0.037109375
0 0.7392578125 0.6962890625 0.072265625 0.041015625
0 0.3583984375 0.6923828125 0.029296875 0.033203125
0 0.00390625 0.6767578125 0.0078125 0.013671875
0 0.1513671875 0.6845703125 0.033203125 0.033203125
0 0.0517578125 0.677734375 0.025390625 0.02734375
0 0.5087890625 0.677734375 0.029296875 0.03515625
0 0.685546875 0.66796875 0.01953125 0.01953125
0 0.02734375 0.6708984375 0.0234375 0.025390625
0 0.302734375 0.6708984375 0.03125 0.029296875
0 0.57421875 0.6708984375 0.03515625 0.033203125
0 0.6513671875 0.66796875 0.037109375 0.03515625
0 0.130859375 0.6669921875 0.02734375 0.033203125
0 0.7724609375 0.64453125 0.037109375 0.02734375
0 0.236328125 0.6435546875 0.0234375 0.025390625
0 0.5810546875 0.638671875 0.029296875 0.01953125
0 0.1005859375 0.65234375 0.041015625 0.046875
0 0.4423828125 0.6591796875 0.048828125 0.087890625
0 0.5234375 0.6279296875 0.03125 0.029296875
0 0.2177734375 0.6337890625 0.029296875 0.041015625
0 0.7080078125 0.6279296875 0.021484375 0.033203125
0 0.0419921875 0.6220703125 0.033203125 0.041015625
0 0.673828125 0.6162109375 0.0390625 0.033203125
0 0.01953125 0.609375 0.03125 0.0390625
0 0.3134765625 0.60546875 0.025390625 0.03515625
0 0.166015625 0.60546875 0.05078125 0.05078125
0 0.4560546875 0.5869140625 0.037109375 0.033203125
0 0.6865234375 0.5791015625 0.044921875 0.029296875
0 0.5986328125 0.578125 0.021484375 0.02734375
0 0.5615234375 0.568359375 0.029296875 0.0234375
0 0.0986328125 0.5732421875 0.044921875 0.044921875
0 0.1796875 0.5625 0.03125 0.02734375
0 0.0625 0.560546875 0.0234375 0.02734375
0 0.8203125 0.560546875 0.0234375 0.03125
0 0.3330078125 0.552734375 0.029296875 0.0234375
0 0.7958984375 0.552734375 0.025390625 0.03125
0 0.2509765625 0.5673828125 0.041015625 0.060546875
0 0.041015625 0.548828125 0.0234375 0.0234375
0 0.5283203125 0.548828125 0.021484375 0.03515625
0 0.6103515625 0.537109375 0.021484375 0.0234375
0 0.017578125 0.537109375 0.0234375 0.0234375
0 0.4853515625 0.5380859375 0.037109375 0.029296875
0 0.1953125 0.537109375 0.02734375 0.02734375
0 0.767578125 0.537109375 0.03125 0.03515625
0 0.123046875 0.5302734375 0.0390625 0.033203125
0 0.263671875 0.5166015625 0.0234375 0.029296875
0 0.7021484375 0.5166015625 0.052734375 0.048828125
0 0.88671875 0.5048828125 0.0234375 0.029296875
0 0.3974609375 0.5009765625 0.021484375 0.025390625
0 0.06640625 0.50390625 0.0390625 0.03125
0 0.2099609375 0.501953125 0.025390625 0.03515625
0 0.5419921875 0.490234375 0.013671875 0.015625
0 0.3662109375 0.4921875 0.025390625 0.02734375
0 0.6240234375 0.4892578125 0.033203125 0.037109375
0 0.3369140625 0.478515625 0.025390625 0.01953125
0 0.1396484375 0.4970703125 0.037109375 0.056640625
0 0.818359375 0.478515625 0.05078125 0.03125
0 0.0751953125 0.478515625 0.041015625 0.03125
0 0.5888671875 0.4736328125 0.029296875 0.025390625
0 0.5615234375 0.47265625 0.025390625 0.02734375
0 0.9072265625 0.46875 0.041015625 0.0234375
0 0.009765625 0.4638671875 0.01953125 0.029296875
0 0.7734375 0.4638671875 0.02734375 0.033203125
0 0.3076171875 0.4609375 0.025390625 0.03125
0 0.1552734375 0.4609375 0.029296875 0.03125
0 0.525390625 0.453125 0.0234375 0.0234375
0 0.7197265625 0.4482421875 0.033203125 0.021484375
0 0.28125 0.4501953125 0.0234375 0.029296875
0 0.486328125 0.443359375 0.01953125 0.0234375
0 0.251953125 0.439453125 0.02734375 0.01953125
0 0.1025390625 0.4423828125 0.021484375 0.025390625
0 0.0283203125 0.4384765625 0.021484375 0.021484375
0 0.8330078125 0.4375 0.037109375 0.0234375
0 0.2236328125 0.435546875 0.021484375 0.01953125
0 0.64453125 0.4365234375 0.03125 0.025390625
0 0.455078125 0.4375 0.0234375 0.02734375
0 0.91796875 0.4296875 0.046875 0.0234375
0 0.4228515625 0.4345703125 0.033203125 0.033203125
0 0.1923828125 0.4248046875 0.017578125 0.025390625
0 0.609375 0.419921875 0.01953125 0.01953125
0 0.0439453125 0.4150390625 0.021484375 0.021484375
0 0.7265625 0.416015625 0.03515625 0.03125
0 0.8447265625 0.408203125 0.017578125 0.01953125
0 0.3857421875 0.4140625 0.025390625 0.03515625
0 0.9228515625 0.3994140625 0.033203125 0.025390625
0 0.6552734375 0.3955078125 0.025390625 0.025390625
0 0.353515625 0.4013671875 0.0234375 0.037109375
0 0.576171875 0.39453125 0.02734375 0.02734375
0 0.2958984375 0.3994140625 0.025390625 0.037109375
0 0.3251953125 0.3935546875 0.025390625 0.029296875
0 0.2734375 0.388671875 0.02734375 0.02734375
0 0.2451171875 0.38671875 0.021484375 0.0234375
0 0.1767578125 0.388671875 0.029296875 0.03515625
0 0.541015625 0.3818359375 0.0234375 0.025390625
0 0.740234375 0.380859375 0.0390625 0.02734375
0 0.203125 0.3857421875 0.0234375 0.037109375
0 0.150390625 0.380859375 0.02734375 0.03515625
0 0.4765625 0.37109375 0.01953125 0.0234375
0 0.5078125 0.373046875 0.02734375 0.0390625
0 0.6591796875 0.3671875 0.037109375 0.03125
0 0.96484375 0.359375 0.03125 0.03125
0 0.4541015625 0.3603515625 0.025390625 0.033203125
0 0.0263671875 0.3642578125 0.041015625 0.044921875
0 0.091796875 0.3515625 0.04296875 0.04296875
0 0.3779296875 0.337890625 0.021484375 0.02734375
0 0.5771484375 0.330078125 0.017578125 0.01953125
0 0.3193359375 0.33203125 0.017578125 0.0234375
0 0.41015625 0.3388671875 0.02734375 0.041015625
0 0.8232421875 0.330078125 0.033203125 0.02734375
0 0.7802734375 0.3310546875 0.021484375 0.029296875
0 0.7412109375 0.3310546875 0.025390625 0.033203125
0 0.3408203125 0.33203125 0.017578125 0.03515625
0 0.2802734375 0.3251953125 0.029296875 0.021484375
0 0.861328125 0.3251953125 0.02734375 0.025390625
0 0.6767578125 0.328125 0.033203125 0.03125
0 0.6396484375 0.322265625 0.029296875 0.03125
0 0.5078125 0.3134765625 0.02734375 0.021484375
0 0.2001953125 0.3134765625 0.048828125 0.025390625
0 0.603515625 0.3095703125 0.0234375 0.025390625
0 0.3662109375 0.30078125 0.013671875 0.015625
0 0.5693359375 0.30078125 0.025390625 0.02734375
0 0.5390625 0.29296875 0.02734375 0.02734375
0 0.0029296875 0.2900390625 0.005859375 0.029296875
0 0.28125 0.2802734375 0.01171875 0.017578125
0 0.0556640625 0.2763671875 0.025390625 0.025390625
0 0.5078125 0.2802734375 0.0390625 0.037109375
0 0.46875 0.2783203125 0.03125 0.060546875
0 0.2978515625 0.2646484375 0.017578125 0.033203125
0 0.4345703125 0.2666015625 0.029296875 0.041015625
0 0.2705078125 0.2578125 0.017578125 0.0234375
0 0.3291015625 0.263671875 0.021484375 0.0390625
0 0.3603515625 0.2578125 0.025390625 0.03515625
0 0.060546875 0.2490234375 0.0234375 0.017578125
0 0.4013671875 0.25390625 0.033203125 0.03125
0 0.005859375 0.244140625 0.01171875 0.0234375
0 0.6416015625 0.248046875 0.033203125 0.03515625
0 0.595703125 0.2421875 0.03515625 0.02734375
0 0.84375 0.2421875 0.02734375 0.03125
0 0.69140625 0.2392578125 0.03125 0.033203125
0 0.060546875 0.2314453125 0.02734375 0.017578125
0 0.775390625 0.2392578125 0.046875 0.044921875
0 0.0078125 0.216796875 0.015625 0.01953125
0 0.8818359375 0.220703125 0.021484375 0.03125
0 0.8212890625 0.2109375 0.021484375 0.01953125
0 0.06640625 0.2109375 0.0234375 0.0234375
0 0.177734375 0.2138671875 0.02734375 0.033203125
0 0.69921875 0.2041015625 0.01953125 0.021484375
0 0.603515625 0.205078125 0.03515625 0.02734375
0 0.5400390625 0.2080078125 0.029296875 0.041015625
0 0.12890625 0.2197265625 0.04296875 0.076171875
0 0.7841796875 0.1875 0.029296875 0.0234375
0 0.076171875 0.181640625 0.03125 0.0234375
0 0.8935546875 0.1796875 0.033203125 0.0234375
0 0.17578125 0.17578125 0.015625 0.02734375
0 0.7041015625 0.171875 0.037109375 0.02734375
0 0.3759765625 0.17578125 0.025390625 0.03515625
0 0.447265625 0.177734375 0.04296875 0.04296875
0 0.0087890625 0.16796875 0.017578125 0.0234375
0 0.611328125 0.1611328125 0.0234375 0.025390625
0 0.2158203125 0.16015625 0.037109375 0.02734375
0 0.5439453125 0.1552734375 0.033203125 0.029296875
0 0.314453125 0.1689453125 0.08203125 0.056640625
0 0.796875 0.150390625 0.03515625 0.0234375
0 0.0771484375 0.150390625 0.037109375 0.0234375
0 0.8994140625 0.1484375 0.041015625 0.02734375
0 0.1875 0.138671875 0.01953125 0.01953125
0 0.009765625 0.1376953125 0.01953125 0.021484375
0 0.974609375 0.146484375 0.03515625 0.04296875
0 0.4609375 0.1328125 0.02734375 0.0234375
0 0.7158203125 0.1328125 0.033203125 0.02734375
0 0.2216796875 0.1318359375 0.029296875 0.025390625
0 0.619140625 0.12890625 0.0234375 0.0234375
0 0.298828125 0.1279296875 0.0390625 0.025390625
0 0.8388671875 0.1240234375 0.025390625 0.021484375
0 0.7998046875 0.125 0.037109375 0.02734375
0 0.3828125 0.119140625 0.02734375 0.01953125
0 0.0849609375 0.1201171875 0.037109375 0.025390625
0 0.0126953125 0.1123046875 0.021484375 0.013671875
0 0.87109375 0.119140625 0.02734375 0.0390625
0 0.9140625 0.1103515625 0.02734375 0.025390625
0 0.9794921875 0.109375 0.025390625 0.02734375
0 0.228515625 0.1044921875 0.02734375 0.021484375
0 0.5498046875 0.107421875 0.029296875 0.03125
0 0.466796875 0.103515625 0.0390625 0.02734375
0 0.302734375 0.0966796875 0.03515625 0.021484375
0 0.724609375 0.09765625 0.0390625 0.03125
0 0.0146484375 0.091796875 0.029296875 0.0234375
0 0.09375 0.0927734375 0.046875 0.029296875
0 0.8095703125 0.0771484375 0.029296875 0.021484375
0 0.6328125 0.080078125 0.0234375 0.02734375
0 0.5615234375 0.0771484375 0.025390625 0.021484375
0 0.470703125 0.076171875 0.02734375 0.0234375
0 0.2333984375 0.07421875 0.037109375 0.02734375
0 0.3154296875 0.0703125 0.044921875 0.0234375
0 0.921875 0.0703125 0.04296875 0.03125
0 0.3955078125 0.064453125 0.037109375 0.0234375
0 0.7392578125 0.0654296875 0.025390625 0.029296875
0 0.0166015625 0.05859375 0.033203125 0.01953125
0 0.1025390625 0.0595703125 0.029296875 0.025390625
0 0.5703125 0.0478515625 0.0234375 0.021484375
0 0.4697265625 0.0478515625 0.025390625 0.021484375
0 0.244140625 0.0458984375 0.03125 0.021484375
0 0.8193359375 0.046875 0.041015625 0.03125
0 0.359375 0.0439453125 0.03515625 0.025390625
0 0.4013671875 0.0400390625 0.044921875 0.025390625
0 0.1357421875 0.0380859375 0.017578125 0.021484375
0 0.9296875 0.0380859375 0.0390625 0.029296875
0 0.6396484375 0.0380859375 0.021484375 0.029296875
0 0.017578125 0.0322265625 0.02734375 0.025390625
0 0.474609375 0.0224609375 0.02734375 0.021484375
0 0.7392578125 0.0263671875 0.044921875 0.033203125
0 0.322265625 0.0244140625 0.04296875 0.029296875
0 0.2451171875 0.021484375 0.037109375 0.0234375
0 0.1015625 0.021484375 0.04296875 0.0234375
0 0.375 0.01171875 0.015625 0.015625
0 0.822265625 0.013671875 0.02734375 0.0234375
0 0.9365234375 0.0126953125 0.037109375 0.025390625
0 0.86328125 0.0048828125 0.01953125 0.009765625
0 0.7548828125 0.0029296875 0.025390625 0.005859375
0 0.642578125 0.0087890625 0.0234375 0.017578125
0 0.578125 0.0185546875 0.03515625 0.037109375
0 0.541015625 0.00390625 0.0234375 0.0078125
0 0.4111328125 0.0126953125 0.029296875 0.025390625
0 0.3232421875 0.00390625 0.033203125 0.0078125
0 0.2568359375 0.0048828125 0.017578125 0.009765625
0 0.22265625 0.00390625 0.015625 0.0078125
0 0.115234375 0.001953125 0.0078125 0.00390625
0 0.0224609375 0.00390625 0.029296875 0.0078125