0 0.189453125 0.99609375 0.01171875 0.0078125
0 0.421875 0.9951171875 0.01953125 0.009765625
0 0.55859375 0.9931640625 0.03125 0.013671875
0 0.728515625 0.9921875 0.02734375 0.015625
0 0.3154296875 0.9912109375 0.029296875 0.017578125
0 0.00390625 0.9892578125 0.0078125 0.013671875
0 0.1708984375 0.9892578125 0.025390625 0.021484375
0 0.806640625 0.9873046875 0.03125 0.025390625
0 0.111328125 0.984375 0.01953125 0.01953125
0 0.2900390625 0.9833984375 0.033203125 0.033203125
0 0.6904296875 0.9638671875 0.033203125 0.033203125
0 0.3916015625 0.962890625 0.033203125 0.03515625
0 0.97265625 0.953125 0.03125 0.02734375
0 0.2451171875 0.9541015625 0.029296875 0.029296875
0 0.052734375 0.9560546875 0.03125 0.033203125
0 0.2822265625 0.9521484375 0.029296875 0.029296875
0 0.66796875 0.939453125 0.03515625 0.03125
0 0.2216796875 0.9375 0.029296875 0.03125
0 0.341796875 0.927734375 0.03515625 0.03125
0 0.9873046875 0.9189453125 0.025390625 0.029296875
0 0.20703125 0.91796875 0.01953125 0.02734375
0 0.787109375 0.9228515625 0.04296875 0.041015625
0 0.646484375 0.9150390625 0.03125 0.033203125
0 0.9970703125 0.89453125 0.005859375 0.0078125
0 0.291015625 0.8857421875 0.03515625 0.037109375
0 0.615234375 0.880859375 0.03125 0.03125
0 0.708984375 0.873046875 0.0234375 0.02734375
0 0.4443359375 0.861328125 0.033203125 0.03515625
0 0.6904296875 0.853515625 0.037109375 0.03515625
0 0.591796875 0.853515625 0.03515625 0.03515625
0 0.0048828125 0.83984375 0.009765625 0.01953125
0 0.15625 0.84375 0.02734375 0.03125
0 0.1201171875 0.8359375 0.021484375 0.02734375
0 0.6640625 0.830078125 0.03125 0.03125
0 0.16015625 0.8115234375 0.01953125 0.021484375
0 0.0693359375 0.8037109375 0.021484375 0.021484375
0 0.361328125 0.8115234375 0.04296875 0.041015625
0 0.5322265625 0.80859375 0.033203125 0.0390625
0 0.23046875 0.7958984375 0.0234375 0.017578125
0 0.9482421875 0.8369140625 0.068359375 0.126953125
0 0.4013671875 0.7802734375 0.037109375 0.037109375
0 0.8427734375 0.8623046875 0.029296875 0.208984375
0 0.515625 0.767578125 0.04296875 0.03125
0 0.0400390625 0.765625 0.033203125 0.03515625
0 0.58203125 0.7509765625 0.03515625 0.037109375
0 0.67578125 0.7412109375 0.03515625 0.033203125
0 0.4423828125 0.7314453125 0.029296875 0.029296875
0 0.04296875 0.73046875 0.02734375 0.02734375
0 0.0078125 0.7158203125 0.015625 0.025390625
0 0.2490234375 0.6923828125 0.033203125 0.033203125
0 0.416015625 0.677734375 0.0390625 0.04296875
0 0.52734375 0.67578125 0.04296875 0.05078125
0 0.3525390625 0.6591796875 0.021484375 0.021484375
0 0.279296875 0.65625 0.03515625 0.03515625
0 0.3857421875 0.64453125 0.033203125 0.0390625
0 0.00390625 0.62109375 0.0078125 0.01171875
0 0.4853515625 0.6318359375 0.033203125 0.037109375
0 0.3115234375 0.6279296875 0.037109375 0.033203125
0 0.1806640625 0.6142578125 0.033203125 0.029296875
0 0.23046875 0.6015625 0.02734375 0.0234375
0 0.349609375 0.59375 0.02734375 0.02734375
0 0.4375 0.5869140625 0.03125 0.033203125
0 0.2685546875 0.5703125 0.033203125 0.0390625
0 0.4140625 0.556640625 0.0390625 0.03515625
0 0.30078125 0.54296875 0.02734375 0.02734375
0 0.951171875 0.517578125 0.03125 0.015625
0 0.921875 0.5029296875 0.01953125 0.013671875
0 0.3486328125 0.5048828125 0.033203125 0.025390625
0 0.9541015625 0.47265625 0.025390625 0.02734375
0 0.955078125 0.4423828125 0.0234375 0.017578125
0 0.9501953125 0.3955078125 0.029296875 0.021484375
0 0.9541015625 0.34765625 0.025390625 0.0546875
0 0.9482421875 0.298828125 0.029296875 0.015625
0 0.9501953125 0.2724609375 0.029296875 0.021484375
0 0.9140625 0.232421875 0.01953125 0.0234375
0 0.9873046875 0.1904296875 0.025390625 0.029296875
0 0.9609375 0.1728515625 0.02734375 0.033203125
0 0.98828125 0.130859375 0.0234375 0.02734375
0 0.9248046875 0.1142578125 0.025390625 0.025390625
0 0.9423828125 0.0830078125 0.029296875 0.029296875
0 0.9560546875 0.052734375 0.025390625 0.03125
0 0.9326171875 0.029296875 0.013671875 0.015625
0 0.95703125 0.0205078125 0.0234375 0.021484375