0 0.9501953125 0.982421875 0.025390625 0.02734375
0 0.9560546875 0.9248046875 0.025390625 0.021484375
0 0.9521484375 0.89453125 0.029296875 0.01953125
0 0.9541015625 0.8671875 0.029296875 0.01953125
0 0.9091796875 0.845703125 0.017578125 0.015625
0 0.955078125 0.8359375 0.02734375 0.0234375
0 0.955078125 0.806640625 0.02734375 0.01953125
0 0.95703125 0.7763671875 0.0234375 0.021484375
0 0.3623046875 0.7568359375 0.029296875 0.029296875
0 0.958984375 0.7470703125 0.01953125 0.021484375
0 0.953125 0.7138671875 0.03125 0.017578125
0 0.5380859375 0.689453125 0.017578125 0.01953125
0 0.9619140625 0.68359375 0.021484375 0.01953125
0 0.564453125 0.6796875 0.01953125 0.01953125
0 0.701171875 0.701171875 0.1171875 0.07421875
0 0.6025390625 0.6650390625 0.029296875 0.021484375
0 0.95703125 0.650390625 0.01953125 0.01953125
0 0.64453125 0.6484375 0.02734375 0.02734375
0 0.90625 0.6279296875 0.015625 0.021484375
0 0.6962890625 0.6298828125 0.021484375 0.025390625
0 0.9443359375 0.6240234375 0.029296875 0.017578125
0 0.720703125 0.619140625 0.02734375 0.02734375
0 0.7509765625 0.607421875 0.025390625 0.03125
0 0.9970703125 0.59765625 0.005859375 0.01953125
0 0.7724609375 0.6015625 0.025390625 0.0390625
0 0.578125 0.59375 0.0234375 0.0234375
0 0.5390625 0.5986328125 0.03515625 0.037109375
0 0.8046875 0.5908203125 0.03125 0.037109375
0 0.6083984375 0.576171875 0.033203125 0.03515625
0 0.9921875 0.5625 0.015625 0.01953125
0 0.658203125 0.560546875 0.02734375 0.0234375
0 0.916015625 0.5791015625 0.08203125 0.076171875
0 0.9931640625 0.54296875 0.013671875 0.015625
0 0.701171875 0.5419921875 0.03515625 0.025390625
0 0.732421875 0.53125 0.03125 0.02734375
0 0.669921875 0.5302734375 0.02734375 0.025390625
0 0.9091796875 0.5283203125 0.056640625 0.041015625
0 0.7666015625 0.5146484375 0.029296875 0.033203125
0 0.99609375 0.501953125 0.0078125 0.015625
0 0.9697265625 0.517578125 0.041015625 0.0546875
0 0.798828125 0.50390625 0.0234375 0.02734375
0 0.90234375 0.451171875 0.07421875 0.05859375
0 0.958984375 0.44140625 0.046875 0.046875
0 0.935546875 0.3984375 0.03515625 0.0234375
0 0.890625 0.3818359375 0.015625 0.017578125
0 0.9287109375 0.3798828125 0.029296875 0.021484375
0 0.9140625 0.3564453125 0.03515625 0.025390625
0 0.33203125 0.3310546875 0.03515625 0.033203125
0 0.984375 0.3203125 0.03125 0.03125
0 0.8955078125 0.3125 0.037109375 0.0234375
0 0.87890625 0.267578125 0.02734375 0.0234375
0 0.9599609375 0.25 0.029296875 0.0390625
0 0.3525390625 0.25 0.029296875 0.0390625
0 0.2587890625 0.2431640625 0.033203125 0.033203125
0 0.99609375 0.2099609375 0.0078125 0.013671875
0 0.931640625 0.2099609375 0.03515625 0.029296875
0 0.857421875 0.2080078125 0.0234375 0.029296875
0 0.2861328125 0.19921875 0.025390625 0.02734375
0 0.3662109375 0.19921875 0.029296875 0.03515625
0 0.9892578125 0.1806640625 0.021484375 0.017578125
0 0.9150390625 0.18359375 0.029296875 0.0234375
0 0.3974609375 0.1552734375 0.033203125 0.029296875
0 0.9814453125 0.1494140625 0.033203125 0.021484375
0 0.9130859375 0.1552734375 0.044921875 0.033203125
0 0.2314453125 0.154296875 0.029296875 0.0390625
0 0.16015625 0.142578125 0.02734375 0.0234375
0 0.306640625 0.1494140625 0.03515625 0.041015625
0 0.896484375 0.1298828125 0.03125 0.021484375
0 0.4150390625 0.12890625 0.041015625 0.03125
0 0.96875 0.1240234375 0.03515625 0.025390625
0 0.24609375 0.119140625 0.02734375 0.02734375
0 0.33984375 0.109375 0.0234375 0.0234375
0 0.1826171875 0.103515625 0.025390625 0.01953125
0 0.4267578125 0.1044921875 0.033203125 0.029296875
0 0.2587890625 0.0908203125 0.029296875 0.025390625
0 0.435546875 0.080078125 0.02734375 0.02734375
0 0.34765625 0.0791015625 0.0390625 0.033203125
0 0.2021484375 0.07421875 0.025390625 0.0234375
0 0.7412109375 0.087890625 0.060546875 0.05859375
0 0.9541015625 0.080078125 0.037109375 0.05078125
0 0.865234375 0.0703125 0.03125 0.0390625
0 0.28515625 0.0654296875 0.03125 0.041015625
0 0.3681640625 0.0537109375 0.029296875 0.025390625
0 0.4599609375 0.052734375 0.037109375 0.03125
0 0.9951171875 0.0419921875 0.009765625 0.017578125
0 0.220703125 0.0458984375 0.02734375 0.025390625
0 0.8935546875 0.0400390625 0.021484375 0.021484375
0 0.9375 0.0439453125 0.03125 0.033203125
0 0.845703125 0.0380859375 0.04296875 0.033203125
0 0.5078125 0.02734375 0.0234375 0.0234375
0 0.380859375 0.0263671875 0.03515625 0.029296875
0 0.4697265625 0.0234375 0.029296875 0.02734375
0 0.3056640625 0.0263671875 0.029296875 0.037109375
0 0.98828125 0.01953125 0.0234375 0.02734375
0 0.2392578125 0.017578125 0.025390625 0.0234375
0 0.9765625 0.0029296875 0.01171875 0.005859375
0 0.9306640625 0.01171875 0.025390625 0.0234375
0 0.6787109375 0.0224609375 0.041015625 0.044921875
0 0.3994140625 0.0087890625 0.029296875 0.017578125
0 0.3212890625 0.0029296875 0.009765625 0.005859375
0 0.15625 0.0029296875 0.01171875 0.005859375