0 0.1396484375 0.966796875 0.072265625 0.05859375
0 0.2060546875 0.8486328125 0.154296875 0.126953125
0 0.0869140625 0.806640625 0.173828125 0.140625
0 0.0166015625 0.505859375 0.033203125 0.109375
0 0.2158203125 0.458984375 0.267578125 0.19140625
0 0.0146484375 0.392578125 0.029296875 0.05859375
0 0.6953125 0.3623046875 0.0625 0.041015625
0 0.5693359375 0.357421875 0.072265625 0.0390625
0 0.5126953125 0.3486328125 0.021484375 0.033203125
0 0.7421875 0.3388671875 0.0390625 0.044921875
0 0.462890625 0.337890625 0.05078125 0.04296875
0 0.8486328125 0.3232421875 0.017578125 0.017578125
0 0.4033203125 0.326171875 0.033203125 0.02734375
0 0.2265625 0.31640625 0.015625 0.01953125
0 0.0400390625 0.3310546875 0.044921875 0.052734375
0 0.3447265625 0.3134765625 0.025390625 0.037109375
0 0.31640625 0.3076171875 0.0234375 0.029296875
0 0.009765625 0.306640625 0.01953125 0.02734375
0 0.7939453125 0.3134765625 0.041015625 0.048828125
0 0.8798828125 0.2919921875 0.017578125 0.017578125
0 0.6123046875 0.2978515625 0.021484375 0.033203125
0 0.2861328125 0.2998046875 0.025390625 0.037109375
0 0.1279296875 0.2880859375 0.033203125 0.021484375
0 0.2548828125 0.298828125 0.033203125 0.046875
0 0.826171875 0.2890625 0.03125 0.03515625
0 0.58203125 0.2900390625 0.01953125 0.037109375
0 0.5537109375 0.28515625 0.021484375 0.03125
0 0.228515625 0.2822265625 0.01953125 0.025390625
0 0.201171875 0.28125 0.0234375 0.03515625
0 0.0146484375 0.2744140625 0.025390625 0.021484375
0 0.6962890625 0.2822265625 0.041015625 0.041015625
0 0.5234375 0.2763671875 0.0234375 0.033203125
0 0.8515625 0.271484375 0.02734375 0.03125
0 0.4873046875 0.2734375 0.033203125 0.03515625
0 0.140625 0.2607421875 0.046875 0.029296875
0 0.7294921875 0.2626953125 0.037109375 0.037109375
0 0.876953125 0.2548828125 0.02734375 0.033203125
0 0.7548828125 0.2470703125 0.025390625 0.025390625
0 0.46875 0.2421875 0.015625 0.01953125
0 0.4091796875 0.25 0.021484375 0.046875
0 0.3681640625 0.2470703125 0.041015625 0.041015625
0 0.3212890625 0.2412109375 0.021484375 0.037109375
0 0.904296875 0.240234375 0.03515625 0.0390625
0 0.669921875 0.232421875 0.0234375 0.02734375
0 0.9833984375 0.236328125 0.033203125 0.0390625
0 0.48046875 0.2216796875 0.015625 0.013671875
0 0.5087890625 0.220703125 0.013671875 0.01953125
0 0.939453125 0.23828125 0.05859375 0.06640625
0 0.60546875 0.2236328125 0.0234375 0.037109375
0 0.271484375 0.2216796875 0.03515625 0.033203125
0 0.22265625 0.220703125 0.03125 0.03515625
0 0.5771484375 0.21875 0.025390625 0.03515625
0 0.1484375 0.2021484375 0.02734375 0.025390625
0 0.548828125 0.2021484375 0.02734375 0.029296875
0 0.94921875 0.2001953125 0.03125 0.033203125
0 0.505859375 0.193359375 0.05078125 0.03515625
0 0.822265625 0.189453125 0.01953125 0.03125
0 0.8037109375 0.18359375 0.017578125 0.0234375
0 0.8603515625 0.1806640625 0.025390625 0.025390625
0 0.4365234375 0.181640625 0.021484375 0.03515625
0 0.25390625 0.1728515625 0.01953125 0.017578125
0 0.73828125 0.173828125 0.01953125 0.02734375
0 0.7080078125 0.166015625 0.017578125 0.0234375
0 0.3955078125 0.1767578125 0.025390625 0.044921875
0 0.1611328125 0.1650390625 0.037109375 0.033203125
0 0.7744140625 0.1689453125 0.029296875 0.044921875
0 0.3525390625 0.1611328125 0.021484375 0.033203125
0 0.6787109375 0.15625 0.021484375 0.03125
0 0.646484375 0.1513671875 0.01953125 0.025390625
0 0.5888671875 0.1484375 0.025390625 0.02734375
0 0.3154296875 0.154296875 0.033203125 0.04296875
0 0.16796875 0.138671875 0.04296875 0.01953125
0 0.2802734375 0.1376953125 0.021484375 0.025390625
0 0.0263671875 0.154296875 0.052734375 0.06640625
0 0.9443359375 0.1337890625 0.033203125 0.029296875
0 0.2490234375 0.1376953125 0.025390625 0.037109375
0 0.55859375 0.134765625 0.02734375 0.03515625
0 0.220703125 0.1298828125 0.01953125 0.033203125
0 0.900390625 0.130859375 0.0234375 0.0390625
0 0.587890625 0.12109375 0.01953125 0.01953125
0 0.203125 0.123046875 0.01953125 0.03125
0 0.875 0.1171875 0.0234375 0.0234375
0 0.84375 0.1142578125 0.0234375 0.029296875
0 0.166015625 0.1083984375 0.0390625 0.021484375
0 0.8115234375 0.1083984375 0.021484375 0.033203125
0 0.458984375 0.1025390625 0.0234375 0.029296875
0 0.7841796875 0.103515625 0.021484375 0.03515625
0 0.4296875 0.1005859375 0.01953125 0.029296875
0 0.390625 0.0986328125 0.02734375 0.025390625
0 0.5224609375 0.09765625 0.041015625 0.03515625
0 0.755859375 0.095703125 0.0234375 0.03515625
0 0.3349609375 0.091796875 0.017578125 0.02734375
0 0.72265625 0.08984375 0.0234375 0.03515625
0 0.2998046875 0.0830078125 0.029296875 0.033203125
0 0.6953125 0.0830078125 0.0234375 0.037109375
0 0.0859375 0.0869140625 0.04296875 0.044921875
0 0.666015625 0.08203125 0.02734375 0.04296875
0 0.9814453125 0.076171875 0.037109375 0.03515625
0 0.2705078125 0.076171875 0.029296875 0.03515625
0 0.0078125 0.0703125 0.015625 0.0234375
0 0.634765625 0.0712890625 0.02734375 0.037109375
0 0.1884765625 0.0634765625 0.048828125 0.025390625
0 0.9482421875 0.0634765625 0.025390625 0.033203125
0 0.23046875 0.064453125 0.01953125 0.03515625
0 0.09375 0.064453125 0.0390625 0.03515625
0 0.603515625 0.0615234375 0.0234375 0.033203125
0 0.916015625 0.0576171875 0.0234375 0.033203125
0 0.5732421875 0.060546875 0.025390625 0.0390625
0 0.5146484375 0.0517578125 0.021484375 0.029296875
0 0.013671875 0.0498046875 0.02734375 0.025390625
0 0.5439453125 0.05078125 0.021484375 0.03125
0 0.884765625 0.05078125 0.0234375 0.03515625
0 0.826171875 0.0439453125 0.0234375 0.025390625
0 0.85546875 0.0419921875 0.03125 0.037109375
0 0.0244140625 0.03515625 0.025390625 0.0234375
0 0.466796875 0.03515625 0.02734375 0.03125
0 0.2275390625 0.0302734375 0.013671875 0.021484375
0 0.1064453125 0.0400390625 0.037109375 0.044921875
0 0.4384765625 0.0283203125 0.029296875 0.029296875
0 0.1904296875 0.0234375 0.021484375 0.01953125
0 0.7431640625 0.0234375 0.025390625 0.0234375
0 0.4091796875 0.0234375 0.029296875 0.03125
0 0.0390625 0.021484375 0.03125 0.02734375
0 0.7861328125 0.029296875 0.048828125 0.046875
0 0.9921875 0.00390625 0.015625 0.0078125
0 0.96484375 0.00390625 0.0234375 0.0078125
0 0.8974609375 0.0078125 0.021484375 0.015625
0 0.814453125 0.005859375 0.015625 0.01171875
0 0.708984375 0.0166015625 0.02734375 0.033203125
0 0.6806640625 0.0087890625 0.021484375 0.017578125
0 0.650390625 0.009765625 0.01953125 0.01953125
0 0.6279296875 0.0048828125 0.017578125 0.009765625
0 0.6025390625 0.005859375 0.017578125 0.01171875
0 0.37109375 0.015625 0.04296875 0.03125
0 0.33984375 0.00390625 0.015625 0.0078125
0 0.3232421875 0.0068359375 0.013671875 0.013671875
0 0.3076171875 0.00390625 0.005859375 0.0078125
0 0.298828125 0.001953125 0.00390625 0.00390625
0 0.1943359375 0.005859375 0.017578125 0.01171875
0 0.12109375 0.01171875 0.02734375 0.0234375
0 0.0712890625 0.0029296875 0.009765625 0.005859375
0 0.0537109375 0.009765625 0.033203125 0.01953125