0 0.333984375 0.9892578125 0.04296875 0.021484375
0 0.2802734375 0.912109375 0.041015625 0.02734375
0 0.41015625 0.91796875 0.0625 0.05078125
0 0.673828125 0.9013671875 0.02734375 0.033203125
0 0.5322265625 0.8876953125 0.021484375 0.025390625
0 0.8994140625 0.875 0.044921875 0.05078125
0 0.7646484375 0.8564453125 0.025390625 0.029296875
0 0.65234375 0.8310546875 0.03515625 0.033203125
0 0.2958984375 0.833984375 0.033203125 0.0390625
0 0.3818359375 0.8251953125 0.044921875 0.033203125
0 0.2080078125 0.8232421875 0.044921875 0.044921875
0 0.2666015625 0.7607421875 0.025390625 0.017578125
0 0.3359375 0.76171875 0.04296875 0.0390625
0 0.8515625 0.7509765625 0.0390625 0.041015625
0 0.12109375 0.7470703125 0.03515625 0.041015625
0 0.900390625 0.7392578125 0.0234375 0.029296875
0 0.216796875 0.7294921875 0.03125 0.029296875
0 0.484375 0.7294921875 0.046875 0.037109375
0 0.091796875 0.7236328125 0.04296875 0.037109375
0 0.9931640625 0.708984375 0.013671875 0.0234375
0 0.0390625 0.6982421875 0.03125 0.029296875
0 0.1513671875 0.6923828125 0.025390625 0.025390625
0 0.337890625 0.6787109375 0.02734375 0.021484375
0 0.4248046875 0.681640625 0.029296875 0.03515625
0 0.279296875 0.650390625 0.0390625 0.04296875
0 0.11328125 0.640625 0.0390625 0.0390625
0 0.0029296875 0.6240234375 0.005859375 0.009765625
0 0.474609375 0.587890625 0.03125 0.03125
0 0.6689453125 0.58203125 0.025390625 0.02734375
0 0.701171875 0.587890625 0.05078125 0.046875
0 0.396484375 0.5693359375 0.01953125 0.021484375
0 0.2109375 0.5791015625 0.0390625 0.041015625
0 0.548828125 0.5673828125 0.01953125 0.021484375
0 0.0703125 0.5693359375 0.03125 0.025390625
0 0.12109375 0.5615234375 0.0390625 0.037109375
0 0.29296875 0.5537109375 0.03515625 0.033203125
0 0.162109375 0.54296875 0.03515625 0.03515625
0 0.03515625 0.5205078125 0.02734375 0.029296875
0 0.259765625 0.509765625 0.0390625 0.04296875
0 0.0810546875 0.5009765625 0.029296875 0.033203125
0 0.3349609375 0.4892578125 0.025390625 0.025390625
0 0.015625 0.48828125 0.03125 0.03125
0 0.90234375 0.47265625 0.015625 0.015625
0 0.2958984375 0.4794921875 0.033203125 0.029296875
0 0.1328125 0.4736328125 0.02734375 0.041015625
0 0.208984375 0.4482421875 0.0234375 0.021484375
0 0.4140625 0.4326171875 0.0390625 0.029296875
0 0.7197265625 0.4189453125 0.029296875 0.033203125
0 0.8056640625 0.412109375 0.025390625 0.02734375
0 0.3291015625 0.39453125 0.044921875 0.02734375
0 0.240234375 0.396484375 0.03125 0.03125
0 0.8359375 0.3876953125 0.02734375 0.025390625
0 0.017578125 0.3828125 0.02734375 0.0234375
0 0.9296875 0.3720703125 0.0625 0.044921875
0 0.625 0.36328125 0.02734375 0.03125
0 0.1669921875 0.3388671875 0.041015625 0.025390625
0 0.4912109375 0.337890625 0.033203125 0.02734375
0 0.26953125 0.3232421875 0.02734375 0.037109375
0 0.66796875 0.3134765625 0.03125 0.029296875
0 0.537109375 0.3134765625 0.05078125 0.037109375
0 0.4404296875 0.302734375 0.029296875 0.03125
0 0.703125 0.2939453125 0.015625 0.017578125
0 0.07421875 0.2998046875 0.0390625 0.029296875
0 0.7275390625 0.2939453125 0.029296875 0.025390625
0 0.1201171875 0.28515625 0.025390625 0.0234375
0 0.76171875 0.2890625 0.03125 0.0390625
0 0.01171875 0.2841796875 0.0234375 0.029296875
0 0.8779296875 0.2958984375 0.060546875 0.068359375
0 0.7861328125 0.2724609375 0.021484375 0.025390625
0 0.5341796875 0.259765625 0.029296875 0.02734375
0 0.9462890625 0.26171875 0.041015625 0.0390625
0 0.1328125 0.2548828125 0.03125 0.029296875
0 0.6494140625 0.2548828125 0.025390625 0.033203125
0 0.03515625 0.23828125 0.03515625 0.0390625
0 0.69140625 0.2314453125 0.03125 0.033203125
0 0.3896484375 0.2373046875 0.037109375 0.048828125
0 0.474609375 0.2255859375 0.0390625 0.033203125
0 0.05859375 0.216796875 0.0234375 0.0234375
0 0.7373046875 0.2177734375 0.037109375 0.029296875
0 0.2724609375 0.2109375 0.029296875 0.0234375
0 0.1865234375 0.21875 0.044921875 0.0390625
0 0.8837890625 0.201171875 0.021484375 0.01953125
0 0.5517578125 0.2060546875 0.025390625 0.029296875
0 0.8056640625 0.1953125 0.029296875 0.0234375
0 0.876953125 0.1845703125 0.01953125 0.017578125
0 0.6181640625 0.181640625 0.025390625 0.02734375
0 0.4892578125 0.177734375 0.029296875 0.03125
0 0.7841796875 0.1669921875 0.041015625 0.029296875
0 0.4111328125 0.166015625 0.033203125 0.0390625
0 0.86328125 0.1591796875 0.03125 0.041015625
0 0.751953125 0.1474609375 0.02734375 0.029296875
0 0.7021484375 0.1455078125 0.033203125 0.025390625
0 0.9072265625 0.1474609375 0.044921875 0.041015625
0 0.3388671875 0.1337890625 0.033203125 0.033203125
0 0.8447265625 0.1123046875 0.037109375 0.029296875
0 0.5849609375 0.1044921875 0.029296875 0.029296875
0 0.4345703125 0.109375 0.033203125 0.04296875
0 0.6494140625 0.0947265625 0.041015625 0.033203125
0 0.892578125 0.091796875 0.0390625 0.046875
0 0.740234375 0.072265625 0.03125 0.01953125
0 0.361328125 0.0771484375 0.02734375 0.041015625
0 0.0048828125 0.06640625 0.009765625 0.01953125
0 0.9423828125 0.0615234375 0.033203125 0.033203125
0 0.4990234375 0.0654296875 0.033203125 0.041015625
0 0.0302734375 0.05859375 0.021484375 0.02734375
0 0.6005859375 0.0400390625 0.025390625 0.025390625
0 0.9912109375 0.0361328125 0.017578125 0.033203125
0 0.080078125 0.0322265625 0.03515625 0.029296875
0 0.8056640625 0.0341796875 0.033203125 0.037109375
0 0.8671875 0.0263671875 0.0390625 0.037109375
0 0.7255859375 0.0224609375 0.029296875 0.033203125
0 0.9150390625 0.0048828125 0.025390625 0.009765625
0 0.61328125 0.0068359375 0.02734375 0.013671875
0 0.4482421875 0.013671875 0.033203125 0.02734375
0 0.3525390625 0.0087890625 0.025390625 0.017578125
0 0.1416015625 0.0078125 0.025390625 0.015625