0 0.7060546875 0.998046875 0.009765625 0.00390625
0 0.890625 0.99609375 0.03515625 0.0078125
0 0.810546875 0.9951171875 0.01953125 0.009765625
0 0.73828125 0.9951171875 0.01953125 0.009765625
0 0.6640625 0.9921875 0.02734375 0.015625
0 0.9580078125 0.990234375 0.025390625 0.01953125
0 0.505859375 0.9892578125 0.01953125 0.017578125
0 0.89453125 0.9794921875 0.01953125 0.017578125
0 0.8203125 0.97265625 0.03515625 0.0234375
0 0.7421875 0.9697265625 0.03125 0.021484375
0 0.591796875 0.9775390625 0.0390625 0.037109375
0 0.9638671875 0.96484375 0.033203125 0.0234375
0 0.6640625 0.962890625 0.0234375 0.0234375
0 0.8916015625 0.955078125 0.037109375 0.0234375
0 0.712890625 0.9482421875 0.015625 0.013671875
0 0.818359375 0.9365234375 0.03515625 0.017578125
0 0.7412109375 0.94140625 0.025390625 0.02734375
0 0.6728515625 0.9345703125 0.029296875 0.021484375
0 0.8935546875 0.927734375 0.025390625 0.01953125
0 0.5927734375 0.9326171875 0.037109375 0.037109375
0 0.955078125 0.916015625 0.0234375 0.0234375
0 0.390625 0.912109375 0.01171875 0.0234375
0 0.74609375 0.912109375 0.03125 0.02734375
0 0.7138671875 0.904296875 0.013671875 0.015625
0 0.2529296875 0.9072265625 0.017578125 0.021484375
0 0.6728515625 0.9013671875 0.029296875 0.021484375
0 0.814453125 0.8984375 0.01953125 0.0234375
0 0.998046875 0.890625 0.00390625 0.015625
0 0.88671875 0.8935546875 0.03515625 0.021484375
0 0.9658203125 0.888671875 0.048828125 0.02734375
0 0.607421875 0.85546875 0.03515625 0.01953125
0 0.4443359375 0.845703125 0.072265625 0.015625
0 0.5703125 0.845703125 0.03515625 0.03515625
0 0.380859375 0.8349609375 0.01953125 0.013671875