0 0.021484375 0.326171875 0.01953125 0.01171875
0 0.017578125 0.30078125 0.03515625 0.0390625
0 0.0166015625 0.2392578125 0.033203125 0.048828125
0 0.455078125 0.2392578125 0.046875 0.083984375
0 0.0166015625 0.201171875 0.029296875 0.0234375
0 0.001953125 0.169921875 0.00390625 0.03515625
0 0.107421875 0.1728515625 0.03515625 0.044921875
0 0.0146484375 0.1640625 0.017578125 0.02734375
0 0.001953125 0.1083984375 0.00390625 0.029296875
0 0.103515625 0.1005859375 0.12109375 0.037109375
0 0.056640625 0.0859375 0.0234375 0.01953125
0 0.5107421875 0.1123046875 0.048828125 0.083984375
0 0.0107421875 0.07421875 0.021484375 0.03125
0 0.0595703125 0.060546875 0.029296875 0.015625
0 0.119140625 0.0556640625 0.015625 0.021484375
0 0.0615234375 0.0439453125 0.029296875 0.013671875
0 0.0869140625 0.05078125 0.017578125 0.03125
0 0.009765625 0.0390625 0.01953125 0.03515625
0 0.193359375 0.037109375 0.02734375 0.03515625
0 0.16015625 0.0263671875 0.03515625 0.029296875
0 0.0546875 0.0087890625 0.0234375 0.013671875
0 0.4931640625 0.0029296875 0.009765625 0.005859375
0 0.1982421875 0.0087890625 0.029296875 0.017578125
0 0.1484375 0.0048828125 0.01953125 0.009765625
0 0.001953125 0.001953125 0.00390625 0.00390625