0 0.00390625 0.9267578125 0.0078125 0.017578125
0 0.0517578125 0.9091796875 0.025390625 0.033203125
0 0.0078125 0.8974609375 0.015625 0.033203125
0 0.0693359375 0.875 0.025390625 0.01953125
0 0.0185546875 0.86328125 0.033203125 0.03125
0 0.0908203125 0.8427734375 0.029296875 0.037109375
0 0.0419921875 0.80078125 0.021484375 0.0234375
0 0.11328125 0.7958984375 0.04296875 0.029296875
0 0.24609375 0.7978515625 0.046875 0.037109375
0 0.9521484375 0.77734375 0.033203125 0.03125
0 0.2880859375 0.7939453125 0.044921875 0.064453125
0 0.1748046875 0.7744140625 0.037109375 0.029296875
0 0.0498046875 0.7685546875 0.044921875 0.033203125
0 0.9189453125 0.76171875 0.033203125 0.03125
0 0.0029296875 0.75390625 0.005859375 0.015625
0 0.8828125 0.75390625 0.03515625 0.04296875
0 0.189453125 0.7421875 0.03515625 0.03125
0 0.8525390625 0.7353515625 0.033203125 0.033203125
0 0.0673828125 0.732421875 0.029296875 0.02734375
0 0.1259765625 0.7470703125 0.056640625 0.072265625
0 0.8173828125 0.7197265625 0.029296875 0.029296875
0 0.013671875 0.71484375 0.02734375 0.03125
0 0.9765625 0.7158203125 0.046875 0.041015625
0 0.78515625 0.7109375 0.0234375 0.03515625
0 0.3271484375 0.6865234375 0.025390625 0.029296875
0 0.265625 0.697265625 0.04296875 0.05859375
0 0.2060546875 0.6787109375 0.025390625 0.029296875
0 0.9169921875 0.6865234375 0.076171875 0.052734375
0 0.1455078125 0.6787109375 0.029296875 0.037109375
0 0.0791015625 0.6796875 0.072265625 0.04296875
0 0.720703125 0.671875 0.0390625 0.03515625
0 0.0234375 0.6806640625 0.03515625 0.052734375
0 0.681640625 0.66796875 0.02734375 0.03125
0 0.962890625 0.6572265625 0.046875 0.037109375
0 0.8701171875 0.654296875 0.021484375 0.03515625
0 0.419921875 0.6474609375 0.04296875 0.025390625
0 0.65234375 0.640625 0.03125 0.0390625
0 0.353515625 0.6279296875 0.01953125 0.021484375
0 0.904296875 0.62109375 0.03125 0.01953125
0 0.767578125 0.6259765625 0.03125 0.029296875
0 0.80078125 0.623046875 0.0234375 0.02734375
0 0.220703125 0.619140625 0.0234375 0.0234375
0 0.97265625 0.6123046875 0.03125 0.021484375
0 0.3330078125 0.6201171875 0.033203125 0.037109375
0 0.2998046875 0.619140625 0.041015625 0.0390625
0 0.615234375 0.6181640625 0.0390625 0.041015625
0 0.0498046875 0.607421875 0.025390625 0.03125
0 0.431640625 0.607421875 0.02734375 0.03515625
0 0.1708984375 0.6123046875 0.033203125 0.044921875
0 0.0771484375 0.5966796875 0.025390625 0.029296875
0 0.83984375 0.6005859375 0.03125 0.041015625
0 0.90234375 0.5908203125 0.03125 0.025390625
0 0.2451171875 0.5927734375 0.029296875 0.033203125
0 0.1083984375 0.5927734375 0.033203125 0.033203125
0 0.3779296875 0.5869140625 0.029296875 0.025390625
0 0.548828125 0.59375 0.03125 0.04296875
0 0.6806640625 0.587890625 0.037109375 0.03515625
0 0.0634765625 0.5732421875 0.021484375 0.025390625
0 0.498046875 0.5751953125 0.0390625 0.033203125
0 0.3232421875 0.5615234375 0.029296875 0.021484375
0 0.25390625 0.5625 0.0234375 0.0234375
0 0.3857421875 0.5625 0.025390625 0.02734375
0 0.1279296875 0.5615234375 0.033203125 0.025390625
0 0.64453125 0.56640625 0.03125 0.04296875
0 0.20703125 0.568359375 0.0390625 0.0546875
0 0.607421875 0.5546875 0.03515625 0.03125
0 0.455078125 0.5517578125 0.02734375 0.029296875
0 0.740234375 0.544921875 0.0234375 0.03125
0 0.7177734375 0.5439453125 0.021484375 0.029296875
0 0.6796875 0.5400390625 0.0234375 0.021484375
0 0.0791015625 0.541015625 0.025390625 0.0234375
0 0.7841796875 0.54296875 0.017578125 0.03125
0 0.279296875 0.5380859375 0.02734375 0.021484375
0 0.8447265625 0.5400390625 0.025390625 0.029296875
0 0.5712890625 0.5380859375 0.029296875 0.025390625
0 0.91796875 0.537109375 0.01953125 0.02734375
0 0.8037109375 0.5419921875 0.017578125 0.037109375
0 0.8935546875 0.533203125 0.017578125 0.0234375
0 0.34375 0.53515625 0.03515625 0.02734375
0 0.96484375 0.5439453125 0.04296875 0.048828125
0 0.9345703125 0.5263671875 0.013671875 0.013671875
0 0.1455078125 0.5361328125 0.029296875 0.033203125
0 0.4091796875 0.52734375 0.021484375 0.01953125
0 0.01953125 0.537109375 0.03125 0.046875
0 0.6328125 0.5234375 0.02734375 0.0234375
0 0.15234375 0.509765625 0.03515625 0.02734375
0 0.21875 0.513671875 0.03515625 0.0390625
0 0.349609375 0.5048828125 0.02734375 0.029296875
0 0.5849609375 0.505859375 0.029296875 0.03515625
0 0.0361328125 0.49609375 0.029296875 0.0390625
0 0.943359375 0.4794921875 0.015625 0.017578125
0 0.9697265625 0.4794921875 0.025390625 0.021484375
0 0.7099609375 0.4814453125 0.021484375 0.033203125
0 0.6416015625 0.478515625 0.021484375 0.02734375
0 0.16796875 0.4755859375 0.02734375 0.021484375
0 0.41796875 0.4833984375 0.03125 0.041015625
0 0.7724609375 0.4794921875 0.029296875 0.037109375
0 0.8974609375 0.4716796875 0.017578125 0.025390625
0 0.83984375 0.4638671875 0.02734375 0.017578125
0 0.103515625 0.4931640625 0.05078125 0.080078125
0 0.6025390625 0.4677734375 0.029296875 0.037109375
0 0.365234375 0.466796875 0.03125 0.03515625
0 0.0498046875 0.462890625 0.029296875 0.03515625
0 0.271484375 0.4814453125 0.109375 0.080078125
0 0.4326171875 0.4521484375 0.021484375 0.025390625
0 0.97265625 0.4443359375 0.02734375 0.013671875
0 0.837890625 0.4423828125 0.0234375 0.017578125
0 0.505859375 0.44140625 0.02734375 0.02734375
0 0.009765625 0.4365234375 0.01953125 0.021484375
0 0.8955078125 0.43359375 0.021484375 0.0234375
0 0.5263671875 0.462890625 0.076171875 0.08203125
0 0.6171875 0.4326171875 0.03125 0.025390625
0 0.7763671875 0.427734375 0.037109375 0.01953125
0 0.4404296875 0.427734375 0.021484375 0.02734375
0 0.1240234375 0.423828125 0.025390625 0.0234375
0 0.6689453125 0.427734375 0.052734375 0.03515625
0 0.5166015625 0.4140625 0.025390625 0.03125
0 0.837890625 0.404296875 0.03125 0.015625
0 0.7724609375 0.4033203125 0.029296875 0.017578125
0 0.3984375 0.408203125 0.03125 0.02734375
0 0.1953125 0.4130859375 0.03515625 0.037109375
0 0.962890625 0.4111328125 0.04296875 0.037109375
0 0.8994140625 0.3994140625 0.037109375 0.021484375
0 0.630859375 0.40234375 0.03125 0.03125
0 0.0126953125 0.40234375 0.025390625 0.03515625
0 0.572265625 0.4052734375 0.03515625 0.044921875
0 0.14453125 0.39453125 0.03125 0.0234375
0 0.708984375 0.388671875 0.03125 0.015625
0 0.775390625 0.3828125 0.03515625 0.015625
0 0.455078125 0.3935546875 0.0390625 0.037109375
0 0.2685546875 0.4033203125 0.033203125 0.056640625
0 0.8359375 0.3798828125 0.0390625 0.017578125
0 0.9658203125 0.3779296875 0.025390625 0.017578125
0 0.896484375 0.3759765625 0.03125 0.013671875
0 0.5322265625 0.3798828125 0.033203125 0.029296875
0 0.07421875 0.4013671875 0.06640625 0.091796875
0 0.4072265625 0.36328125 0.025390625 0.01953125
0 0.9697265625 0.3564453125 0.025390625 0.017578125
0 0.58203125 0.359375 0.03125 0.0234375
0 0.8427734375 0.3544921875 0.025390625 0.017578125
0 0.470703125 0.359375 0.02734375 0.02734375
0 0.703125 0.357421875 0.0390625 0.03515625
0 0.646484375 0.35546875 0.02734375 0.03125
0 0.0263671875 0.35546875 0.037109375 0.0390625
0 0.416015625 0.3408203125 0.02734375 0.029296875
0 0.96875 0.3349609375 0.03125 0.021484375
0 0.9033203125 0.3427734375 0.041015625 0.037109375
0 0.5458984375 0.3369140625 0.029296875 0.037109375
0 0.7705078125 0.3330078125 0.025390625 0.033203125
0 0.7099609375 0.3271484375 0.025390625 0.021484375
0 0.3017578125 0.337890625 0.052734375 0.05859375
0 0.90625 0.314453125 0.0234375 0.015625
0 0.482421875 0.3271484375 0.0390625 0.041015625
0 0.962890625 0.310546875 0.0390625 0.015625
0 0.666015625 0.310546875 0.03125 0.02734375
0 0.833984375 0.3095703125 0.0390625 0.033203125
0 0.611328125 0.30859375 0.03125 0.03125
0 0.9033203125 0.2958984375 0.021484375 0.013671875
0 0.9609375 0.2900390625 0.02734375 0.021484375
0 0.7109375 0.2841796875 0.02734375 0.017578125
0 0.771484375 0.2890625 0.0234375 0.03125
0 0.8994140625 0.2724609375 0.025390625 0.017578125
0 0.833984375 0.2763671875 0.0390625 0.025390625
0 0.3193359375 0.2841796875 0.033203125 0.041015625
0 0.56640625 0.275390625 0.0390625 0.03125
0 0.3583984375 0.2529296875 0.044921875 0.048828125
0 0.4189453125 0.24609375 0.044921875 0.046875
0 0.51171875 0.24609375 0.07421875 0.0546875
0 0.587890625 0.2421875 0.0546875 0.0546875
0 0.8916015625 0.2255859375 0.021484375 0.033203125
0 0.771484375 0.236328125 0.046875 0.0546875
0 0.703125 0.228515625 0.0390625 0.0390625
0 0.642578125 0.23046875 0.0390625 0.04296875
0 0.841796875 0.22265625 0.0234375 0.0390625
0 0.9609375 0.21484375 0.0390625 0.03125
0 0.93359375 0.23046875 0.05859375 0.0625
0 0.125 0.2646484375 0.12890625 0.134765625
0 0.31640625 0.1787109375 0.0390625 0.033203125
0 0.427734375 0.1728515625 0.01953125 0.025390625
0 0.67578125 0.1708984375 0.0234375 0.025390625
0 0.380859375 0.1787109375 0.04296875 0.048828125
0 0.8740234375 0.16015625 0.017578125 0.02734375
0 0.2841796875 0.166015625 0.029296875 0.0390625
0 0.4892578125 0.1669921875 0.060546875 0.052734375
0 0.7978515625 0.158203125 0.025390625 0.0390625
0 0.927734375 0.1513671875 0.03515625 0.037109375
0 0.83203125 0.1533203125 0.03515625 0.041015625
0 0.7451171875 0.15625 0.044921875 0.046875
0 0.984375 0.1474609375 0.02734375 0.033203125
0 0.5732421875 0.16015625 0.080078125 0.05859375
0 0.3876953125 0.138671875 0.017578125 0.01953125
0 0.7001953125 0.1201171875 0.021484375 0.025390625
0 0.4775390625 0.1171875 0.025390625 0.01953125
0 0.8837890625 0.1181640625 0.029296875 0.025390625
0 0.826171875 0.1142578125 0.0234375 0.021484375
0 0.755859375 0.1201171875 0.0390625 0.033203125
0 0.228515625 0.125 0.03515625 0.05078125
0 0.1982421875 0.1162109375 0.025390625 0.033203125
0 0.5205078125 0.111328125 0.033203125 0.02734375
0 0.3359375 0.1181640625 0.0390625 0.044921875
0 0.29296875 0.111328125 0.02734375 0.03515625
0 0.412109375 0.1083984375 0.02734375 0.033203125
0 0.642578125 0.11328125 0.0234375 0.046875
0 0.16796875 0.109375 0.03515625 0.0390625
0 0.9013671875 0.0888671875 0.033203125 0.025390625
0 0.482421875 0.0888671875 0.0234375 0.029296875
0 0.3544921875 0.087890625 0.033203125 0.03125
0 0.2421875 0.08203125 0.03125 0.03125
0 0.1123046875 0.08203125 0.033203125 0.03125
0 0.7734375 0.0849609375 0.0390625 0.044921875
0 0.7119140625 0.080078125 0.033203125 0.03515625
0 0.58984375 0.08984375 0.046875 0.0546875
0 0.962890625 0.087890625 0.04296875 0.05859375
0 0.0673828125 0.0712890625 0.029296875 0.029296875
0 0.53125 0.0751953125 0.0390625 0.041015625
0 0.189453125 0.0693359375 0.03515625 0.033203125
0 0.845703125 0.076171875 0.0390625 0.0546875
0 0.6591796875 0.060546875 0.029296875 0.0234375
0 0.4248046875 0.0615234375 0.033203125 0.025390625
0 0.3125 0.05859375 0.03125 0.02734375
0 0.9765625 0.048828125 0.02734375 0.0234375
0 0.4970703125 0.0498046875 0.033203125 0.025390625
0 0.25390625 0.05078125 0.02734375 0.02734375
0 0.3662109375 0.0517578125 0.041015625 0.033203125
0 0.9150390625 0.0478515625 0.037109375 0.029296875
0 0.8583984375 0.0439453125 0.029296875 0.025390625
0 0.1328125 0.041015625 0.02734375 0.01953125
0 0.4375 0.041015625 0.02734375 0.02734375
0 0.7294921875 0.041015625 0.033203125 0.03125
0 0.1982421875 0.03515625 0.025390625 0.0234375
0 0.6083984375 0.0361328125 0.037109375 0.029296875
0 0.3251953125 0.033203125 0.025390625 0.02734375
0 0.5556640625 0.029296875 0.033203125 0.02734375
0 0.091796875 0.0283203125 0.03125 0.029296875
0 0.1513671875 0.017578125 0.017578125 0.015625
0 0.86328125 0.0185546875 0.03515625 0.025390625
0 0.3798828125 0.021484375 0.037109375 0.03125
0 0.509765625 0.013671875 0.02734375 0.0234375
0 0.9833984375 0.0185546875 0.033203125 0.037109375
0 0.8017578125 0.0146484375 0.025390625 0.029296875
0 0.744140625 0.0107421875 0.03515625 0.021484375
0 0.6220703125 0.0087890625 0.029296875 0.017578125
0 0.5615234375 0.0068359375 0.021484375 0.013671875
0 0.4443359375 0.0146484375 0.037109375 0.029296875
0 0.3349609375 0.0107421875 0.033203125 0.021484375
0 0.265625 0.009765625 0.02734375 0.01953125
0 0.2099609375 0.0126953125 0.029296875 0.025390625
0 0.099609375 0.0068359375 0.0234375 0.013671875
0 0.0419921875 0.0048828125 0.021484375 0.009765625