0 0.8525390625 0.919921875 0.029296875 0.03515625
0 0.8984375 0.908203125 0.05859375 0.03125
0 0.712890625 0.943359375 0.0859375 0.11328125
0 0.775390625 0.86328125 0.02734375 0.02734375
0 0.9326171875 0.8408203125 0.029296875 0.033203125
0 0.9833984375 0.826171875 0.033203125 0.05859375
0 0.9658203125 0.7861328125 0.068359375 0.099609375
0 0.0498046875 0.7294921875 0.060546875 0.064453125
0 0.94921875 0.7392578125 0.1015625 0.138671875
0 0.9208984375 0.69921875 0.138671875 0.16015625
0 0.0908203125 0.6484375 0.056640625 0.05859375
0 0.0146484375 0.6455078125 0.029296875 0.072265625
0 0.8779296875 0.6591796875 0.138671875 0.154296875
0 0.8447265625 0.6064453125 0.111328125 0.126953125
0 0.9873046875 0.5380859375 0.025390625 0.033203125
0 0.8173828125 0.5546875 0.083984375 0.09375
0 0.7802734375 0.5078125 0.068359375 0.07421875
0 0.736328125 0.4716796875 0.06640625 0.072265625
0 0.9482421875 0.466796875 0.103515625 0.1484375
0 0.921875 0.4267578125 0.13671875 0.158203125
0 0.87890625 0.390625 0.13671875 0.16015625
0 0.833984375 0.3544921875 0.13671875 0.158203125
0 0.263671875 0.1728515625 0.03125 0.025390625
0 0.349609375 0.130859375 0.015625 0.0234375
0 0.1962890625 0.13671875 0.072265625 0.0546875
0 0.9892578125 0.02734375 0.021484375 0.02734375
0 0.9638671875 0.0283203125 0.017578125 0.029296875
0 0.939453125 0.0283203125 0.02734375 0.029296875
0 0.009765625 0.0283203125 0.01953125 0.048828125