0 0.6923828125 0.123046875 0.037109375 0.0390625
0 0.8818359375 0.087890625 0.029296875 0.03125
0 0.724609375 0.068359375 0.01171875 0.01171875
0 0.8466796875 0.0771484375 0.021484375 0.041015625
0 0.7685546875 0.0771484375 0.041015625 0.056640625
0 0.8154296875 0.060546875 0.021484375 0.02734375
0 0.71484375 0.0498046875 0.02734375 0.017578125
0 0.7802734375 0.04296875 0.033203125 0.03125
0 0.94921875 0.029296875 0.02734375 0.02734375
0 0.65234375 0.029296875 0.0234375 0.03125
0 0.7138671875 0.017578125 0.025390625 0.01953125
0 0.8779296875 0.013671875 0.029296875 0.0234375
0 0.9150390625 0.0146484375 0.029296875 0.029296875
0 0.849609375 0.0107421875 0.0234375 0.021484375
0 0.6865234375 0.0107421875 0.025390625 0.021484375
0 0.6279296875 0.0048828125 0.017578125 0.009765625