0 0.0029296875 0.931640625 0.005859375 0.01953125
0 0.0283203125 0.92578125 0.044921875 0.04296875
0 0.0625 0.9140625 0.015625 0.0234375
0 0.2890625 0.9462890625 0.2421875 0.107421875
0 0.1015625 0.896484375 0.01953125 0.0234375
0 0.5595703125 0.8935546875 0.044921875 0.037109375
0 0.060546875 0.8740234375 0.01953125 0.021484375
0 0.1220703125 0.87109375 0.017578125 0.0234375
0 0.0390625 0.87109375 0.01953125 0.0234375
0 0.6689453125 0.876953125 0.037109375 0.0390625
0 0.8076171875 0.8603515625 0.029296875 0.025390625
0 0.578125 0.861328125 0.03125 0.03125
0 0.88671875 0.8525390625 0.02734375 0.025390625
0 0.6005859375 0.8427734375 0.041015625 0.041015625
0 0.93359375 0.83984375 0.05078125 0.0390625
0 0.8349609375 0.837890625 0.037109375 0.0390625
0 0.0107421875 0.8173828125 0.021484375 0.017578125
0 0.19140625 0.81640625 0.015625 0.01953125
0 0.623046875 0.822265625 0.03515625 0.0390625
0 0.302734375 0.80859375 0.0234375 0.01953125
0 0.7373046875 0.818359375 0.041015625 0.04296875
0 0.1669921875 0.8115234375 0.017578125 0.029296875
0 0.103515625 0.8125 0.015625 0.03125
0 0.08203125 0.8115234375 0.01953125 0.033203125
0 0.2333984375 0.806640625 0.021484375 0.02734375
0 0.1259765625 0.810546875 0.017578125 0.03515625
0 0.763671875 0.8046875 0.03125 0.02734375
0 0.259765625 0.8076171875 0.015625 0.033203125
0 0.0595703125 0.8095703125 0.017578125 0.037109375
0 0.0400390625 0.810546875 0.017578125 0.0390625
0 0.9716796875 0.8056640625 0.033203125 0.033203125
0 0.8642578125 0.8076171875 0.033203125 0.037109375
0 0.2109375 0.8076171875 0.015625 0.037109375
0 0.33984375 0.783203125 0.02734375 0.01953125
0 0.990234375 0.783203125 0.01953125 0.03125
0 0.7841796875 0.779296875 0.033203125 0.03125
0 0.890625 0.779296875 0.03515625 0.03515625
0 0.2978515625 0.7568359375 0.017578125 0.021484375
0 0.2763671875 0.755859375 0.017578125 0.0234375
0 0.251953125 0.7626953125 0.01953125 0.037109375
0 0.2314453125 0.76171875 0.017578125 0.03515625
0 0.3525390625 0.755859375 0.029296875 0.02734375
0 0.9169921875 0.7587890625 0.037109375 0.037109375
0 0.142578125 0.7509765625 0.04296875 0.025390625
0 0.19140625 0.7529296875 0.0234375 0.033203125
0 0.109375 0.7509765625 0.015625 0.029296875
0 0.0859375 0.75 0.015625 0.02734375
0 0.0419921875 0.7509765625 0.021484375 0.029296875
0 0.8056640625 0.7509765625 0.029296875 0.033203125
0 0.759765625 0.7421875 0.0234375 0.0234375
0 0.00390625 0.748046875 0.0078125 0.0390625
0 0.6982421875 0.765625 0.044921875 0.08203125
0 0.935546875 0.734375 0.03515625 0.03515625
0 0.529296875 0.7705078125 0.125 0.107421875
0 0.8271484375 0.73046875 0.033203125 0.03125
0 0.7353515625 0.720703125 0.033203125 0.03125
0 0.955078125 0.708984375 0.03515625 0.03515625
0 0.755859375 0.7021484375 0.03125 0.029296875
0 0.5263671875 0.701171875 0.029296875 0.03125
0 0.4453125 0.697265625 0.02734375 0.03515625
0 0.978515625 0.6904296875 0.03125 0.033203125
0 0.8349609375 0.68359375 0.021484375 0.01953125
0 0.373046875 0.6884765625 0.01953125 0.041015625
0 0.4736328125 0.68359375 0.033203125 0.0390625
0 0.408203125 0.68359375 0.0234375 0.0390625
0 0.2919921875 0.681640625 0.025390625 0.0390625
0 0.3232421875 0.6806640625 0.029296875 0.044921875
0 0.169921875 0.677734375 0.0234375 0.0390625
0 0.111328125 0.6767578125 0.0234375 0.037109375
0 0.7802734375 0.6748046875 0.037109375 0.037109375
0 0.2607421875 0.677734375 0.025390625 0.046875
0 0.85546875 0.6611328125 0.015625 0.017578125
0 0.0791015625 0.666015625 0.021484375 0.03515625
0 0.2099609375 0.6708984375 0.029296875 0.052734375
0 0.7998046875 0.6533203125 0.041015625 0.041015625
0 0.0556640625 0.6376953125 0.017578125 0.017578125
0 0.91796875 0.640625 0.03515625 0.03125
0 0.4765625 0.640625 0.0234375 0.03125
0 0.025390625 0.64453125 0.0234375 0.0390625
0 0.2646484375 0.6298828125 0.033203125 0.013671875
0 0.3154296875 0.6220703125 0.021484375 0.017578125
0 0.0029296875 0.6162109375 0.005859375 0.013671875
0 0.830078125 0.6279296875 0.0625 0.044921875
0 0.5869140625 0.625 0.041015625 0.0390625
0 0.1083984375 0.607421875 0.021484375 0.015625
0 0.076171875 0.607421875 0.01953125 0.015625
0 0.439453125 0.611328125 0.03515625 0.0390625
0 0.9853515625 0.6064453125 0.029296875 0.052734375
0 0.8564453125 0.595703125 0.037109375 0.03515625
0 0.408203125 0.591796875 0.03515625 0.04296875
0 0.3759765625 0.578125 0.025390625 0.0390625
0 0.6201171875 0.5830078125 0.060546875 0.052734375
0 0.3515625 0.568359375 0.02734375 0.0390625
0 0.3203125 0.5654296875 0.0234375 0.044921875
0 0.173828125 0.55859375 0.0234375 0.03125
0 0.12890625 0.560546875 0.03125 0.03515625
0 0.2060546875 0.5556640625 0.025390625 0.033203125
0 0.2958984375 0.5615234375 0.021484375 0.048828125
0 0.23828125 0.546875 0.03125 0.0234375
0 0.0849609375 0.5546875 0.025390625 0.0390625
0 0.7216796875 0.5947265625 0.119140625 0.123046875
0 0.5322265625 0.55078125 0.021484375 0.03515625
0 0.0244140625 0.5498046875 0.017578125 0.037109375
0 0.505859375 0.5458984375 0.03125 0.037109375
0 0.9072265625 0.5498046875 0.060546875 0.052734375
0 0.482421875 0.5380859375 0.03125 0.037109375
0 0.4541015625 0.517578125 0.048828125 0.046875
0 0.4013671875 0.4970703125 0.056640625 0.044921875
0 0.2822265625 0.4853515625 0.033203125 0.021484375
0 0.583984375 0.4892578125 0.02734375 0.041015625
0 0.12109375 0.4765625 0.03125 0.0234375
0 0.2373046875 0.48046875 0.041015625 0.03515625
0 0.1875 0.470703125 0.05859375 0.02734375
0 0.361328125 0.4677734375 0.0390625 0.041015625
0 0.3330078125 0.453125 0.025390625 0.03125
0 0.1103515625 0.4462890625 0.017578125 0.017578125
0 0.4765625 0.4541015625 0.0625 0.052734375
0 0.3095703125 0.4404296875 0.025390625 0.029296875
0 0.072265625 0.4345703125 0.03515625 0.033203125
0 0.8544921875 0.431640625 0.037109375 0.03515625
0 0.185546875 0.423828125 0.02734375 0.02734375
0 0.44140625 0.419921875 0.02734375 0.0234375
0 0.287109375 0.42578125 0.02734375 0.03515625
0 0.01171875 0.4228515625 0.0234375 0.037109375
0 0.41015625 0.4140625 0.03515625 0.03125
0 0.5546875 0.4052734375 0.0234375 0.017578125
0 0.2646484375 0.4130859375 0.033203125 0.033203125
0 0.12890625 0.40234375 0.02734375 0.03125
0 0.5234375 0.392578125 0.02734375 0.02734375
0 0.2412109375 0.3935546875 0.033203125 0.033203125
0 0.380859375 0.3916015625 0.03515625 0.037109375
0 0.8076171875 0.384765625 0.033203125 0.03125
0 0.505859375 0.3798828125 0.03125 0.033203125
0 0.357421875 0.37109375 0.01953125 0.01953125
0 0.2021484375 0.376953125 0.041015625 0.03515625
0 0.0869140625 0.380859375 0.056640625 0.05078125
0 0.4755859375 0.365234375 0.025390625 0.03125
0 0.5078125 0.349609375 0.01953125 0.01953125
0 0.333984375 0.3544921875 0.02734375 0.029296875
0 0.1640625 0.3515625 0.03515625 0.02734375
0 0.046875 0.3525390625 0.02734375 0.033203125
0 0.44921875 0.341796875 0.02734375 0.03125
0 0.310546875 0.3388671875 0.02734375 0.029296875
0 0.0234375 0.341796875 0.02734375 0.03515625
0 0.1279296875 0.3310546875 0.025390625 0.029296875
0 0.001953125 0.318359375 0.00390625 0.0078125
0 0.2822265625 0.3251953125 0.025390625 0.025390625
0 0.3984375 0.322265625 0.02734375 0.02734375
0 0.4375 0.3125 0.015625 0.015625
0 0.2568359375 0.3125 0.029296875 0.02734375
0 0.10546875 0.3125 0.0234375 0.02734375
0 0.083984375 0.3017578125 0.03515625 0.029296875
0 0.232421875 0.2978515625 0.03125 0.037109375
0 0.0556640625 0.2802734375 0.033203125 0.037109375
0 0.3466796875 0.2802734375 0.072265625 0.052734375
0 0.1728515625 0.259765625 0.029296875 0.03125
0 0.0302734375 0.2607421875 0.033203125 0.037109375
0 0.0087890625 0.2529296875 0.017578125 0.033203125
0 0.29296875 0.248046875 0.03125 0.03515625
0 0.1220703125 0.2314453125 0.025390625 0.025390625
0 0.25390625 0.22265625 0.046875 0.0390625
0 0.0927734375 0.2158203125 0.037109375 0.029296875
0 0.2109375 0.20703125 0.0234375 0.0234375
0 0.0556640625 0.1904296875 0.033203125 0.033203125
0 0.177734375 0.177734375 0.046875 0.04296875
0 0.130859375 0.1455078125 0.05078125 0.056640625
0 0.068359375 0.1123046875 0.0390625 0.033203125
0 0.037109375 0.0869140625 0.03515625 0.037109375
0 0.0087890625 0.0791015625 0.017578125 0.029296875