0 0.62890625 0.271484375 0.0234375 0.0234375
0 0.654296875 0.265625 0.01953125 0.015625
0 0.5673828125 0.2568359375 0.021484375 0.025390625
0 0.64453125 0.2392578125 0.03125 0.029296875
0 0.5478515625 0.2412109375 0.029296875 0.037109375
0 0.5224609375 0.228515625 0.029296875 0.03515625
0 0.658203125 0.216796875 0.0390625 0.02734375
0 0.498046875 0.216796875 0.03125 0.03125
0 0.5830078125 0.2041015625 0.037109375 0.033203125
0 0.66796875 0.1943359375 0.02734375 0.021484375
0 0.6904296875 0.1708984375 0.021484375 0.017578125
0 0.4541015625 0.1826171875 0.033203125 0.041015625
0 0.6025390625 0.169921875 0.021484375 0.0234375
0 0.52734375 0.173828125 0.02734375 0.03125
0 0.4345703125 0.1669921875 0.033203125 0.041015625
0 0.46484375 0.1484375 0.01953125 0.01953125
0 0.412109375 0.1552734375 0.03125 0.041015625
0 0.7900390625 0.1376953125 0.025390625 0.017578125
0 0.69140625 0.1416015625 0.0234375 0.025390625
0 0.54296875 0.142578125 0.02734375 0.02734375
0 0.390625 0.1328125 0.02734375 0.03125
0 0.4716796875 0.1279296875 0.033203125 0.025390625
0 0.6328125 0.125 0.0234375 0.0234375
0 0.55078125 0.119140625 0.01953125 0.01953125
0 0.703125 0.1162109375 0.0234375 0.025390625
0 0.5849609375 0.1044921875 0.029296875 0.033203125
0 0.4130859375 0.1025390625 0.041015625 0.029296875
0 0.3486328125 0.1015625 0.033203125 0.04296875
0 0.71484375 0.08984375 0.02734375 0.02734375
0 0.5625 0.083984375 0.02734375 0.03125
0 0.326171875 0.087890625 0.03125 0.0390625
0 0.423828125 0.0810546875 0.0390625 0.033203125
0 0.509765625 0.0732421875 0.03125 0.037109375
0 0.3017578125 0.0732421875 0.029296875 0.041015625
0 0.7314453125 0.064453125 0.029296875 0.02734375
0 0.4853515625 0.06640625 0.033203125 0.0390625
0 0.66015625 0.0576171875 0.03125 0.025390625
0 0.361328125 0.05078125 0.0390625 0.03125
0 0.279296875 0.0537109375 0.03125 0.037109375
0 0.669921875 0.0400390625 0.01953125 0.017578125
0 0.4580078125 0.05078125 0.033203125 0.04296875
0 0.4345703125 0.0400390625 0.033203125 0.041015625
0 0.6240234375 0.0341796875 0.033203125 0.041015625
0 0.7431640625 0.029296875 0.033203125 0.0390625
0 0.302734375 0.021484375 0.0390625 0.03125
0 0.2373046875 0.0234375 0.029296875 0.03515625
0 0.6025390625 0.0234375 0.033203125 0.0390625
0 0.689453125 0.01171875 0.02734375 0.0234375
0 0.6640625 0.0068359375 0.0234375 0.013671875
0 0.580078125 0.0166015625 0.03515625 0.033203125
0 0.5556640625 0.01171875 0.025390625 0.0234375
0 0.53125 0.005859375 0.0234375 0.01171875
0 0.3896484375 0.0166015625 0.033203125 0.033203125
0 0.365234375 0.0146484375 0.02734375 0.029296875
0 0.3388671875 0.0029296875 0.013671875 0.005859375
0 0.2578125 0.001953125 0.00390625 0.00390625
0 0.212890625 0.015625 0.03515625 0.03125