0 0.6123046875 0.9208984375 0.068359375 0.044921875
0 0.0576171875 0.9111328125 0.037109375 0.033203125
0 0.5166015625 0.8818359375 0.041015625 0.029296875
0 0.5419921875 0.859375 0.025390625 0.02734375
0 0.48046875 0.841796875 0.05859375 0.05078125
0 0.66015625 0.8408203125 0.0546875 0.052734375
0 0.4345703125 0.8193359375 0.025390625 0.021484375
0 0.580078125 0.8037109375 0.02734375 0.029296875
0 0.392578125 0.806640625 0.0234375 0.03515625
0 0.6953125 0.7958984375 0.0234375 0.017578125
0 0.19140625 0.7978515625 0.03125 0.025390625
0 0.3720703125 0.798828125 0.021484375 0.03125
0 0.6533203125 0.798828125 0.044921875 0.0390625
0 0.3447265625 0.787109375 0.037109375 0.03515625
0 0.537109375 0.7900390625 0.03515625 0.048828125
0 0.4892578125 0.783203125 0.029296875 0.03515625
0 0.703125 0.77734375 0.02734375 0.02734375
0 0.5859375 0.775390625 0.03515625 0.0234375
0 0.2978515625 0.771484375 0.037109375 0.0390625
0 0.455078125 0.763671875 0.01953125 0.03515625
0 0.4169921875 0.7568359375 0.021484375 0.025390625
0 0.533203125 0.7509765625 0.0234375 0.021484375
0 0.2744140625 0.7607421875 0.033203125 0.041015625
0 0.14453125 0.7607421875 0.0390625 0.041015625
0 0.572265625 0.75 0.03125 0.0234375
0 0.443359375 0.7548828125 0.0234375 0.033203125
0 0.7021484375 0.748046875 0.048828125 0.03515625
0 0.3798828125 0.740234375 0.021484375 0.0234375
0 0.521484375 0.736328125 0.02734375 0.0234375
0 0.5634765625 0.7314453125 0.025390625 0.021484375
0 0.64453125 0.7265625 0.03515625 0.03125
0 0.0185546875 0.728515625 0.037109375 0.0390625
0 0.55078125 0.71875 0.03125 0.0234375
0 0.3564453125 0.72265625 0.033203125 0.046875
0 0.162109375 0.7109375 0.0234375 0.03125
0 0.3134765625 0.7041015625 0.029296875 0.033203125
0 0.5009765625 0.69921875 0.021484375 0.0390625
0 0.4765625 0.69921875 0.01953125 0.0390625
0 0.291015625 0.693359375 0.03125 0.03515625
0 0.265625 0.689453125 0.0234375 0.02734375
0 0.6611328125 0.685546875 0.013671875 0.0234375
0 0.44921875 0.6884765625 0.01953125 0.029296875
0 0.421875 0.685546875 0.01953125 0.03515625
0 0.6875 0.67578125 0.015625 0.03125
0 0.2392578125 0.67578125 0.033203125 0.03515625
0 0.7373046875 0.6806640625 0.044921875 0.048828125
0 0.03125 0.66796875 0.0234375 0.0390625
0 0.375 0.6708984375 0.03515625 0.052734375
0 0.1875 0.6611328125 0.03125 0.037109375
0 0.3466796875 0.6572265625 0.037109375 0.048828125
0 0.3203125 0.6435546875 0.0234375 0.033203125
0 0.6015625 0.6337890625 0.015625 0.017578125
0 0.5 0.6337890625 0.0390625 0.025390625
0 0.619140625 0.62890625 0.015625 0.0234375
0 0.654296875 0.626953125 0.015625 0.02734375
0 0.267578125 0.62890625 0.03125 0.03515625
0 0.6767578125 0.623046875 0.017578125 0.03125
0 0.576171875 0.62109375 0.03515625 0.02734375
0 0.6376953125 0.623046875 0.017578125 0.03515625
0 0.75 0.619140625 0.01953125 0.03515625
0 0.7255859375 0.619140625 0.021484375 0.03515625
0 0.42578125 0.6201171875 0.03125 0.037109375
0 0.201171875 0.611328125 0.03125 0.02734375
0 0.5634765625 0.60546875 0.025390625 0.0234375
0 0.4833984375 0.6015625 0.029296875 0.0234375
0 0.0302734375 0.599609375 0.017578125 0.02734375
0 0.865234375 0.587890625 0.0234375 0.0390625
0 0.4697265625 0.58203125 0.033203125 0.03125
0 0.388671875 0.5947265625 0.046875 0.060546875
0 0.5458984375 0.5751953125 0.025390625 0.025390625
0 0.2177734375 0.5751953125 0.029296875 0.033203125
0 0.361328125 0.576171875 0.03125 0.0390625
0 0.3212890625 0.5712890625 0.037109375 0.029296875
0 0.0322265625 0.5615234375 0.021484375 0.025390625
0 0.5400390625 0.55859375 0.033203125 0.0234375
0 0.587890625 0.560546875 0.03515625 0.03125
0 0.65234375 0.5576171875 0.015625 0.029296875
0 0.6259765625 0.55859375 0.033203125 0.03125
0 0.7080078125 0.556640625 0.017578125 0.03125
0 0.6748046875 0.5576171875 0.025390625 0.033203125
0 0.74609375 0.5595703125 0.01953125 0.041015625
0 0.78125 0.5576171875 0.015625 0.041015625
0 0.3330078125 0.55078125 0.033203125 0.02734375
0 0.9052734375 0.55078125 0.025390625 0.03125
0 0.44921875 0.5498046875 0.03515625 0.033203125
0 0.2353515625 0.5478515625 0.033203125 0.029296875
0 0.0322265625 0.529296875 0.029296875 0.02734375
0 0.2490234375 0.5185546875 0.033203125 0.029296875
0 0.3447265625 0.521484375 0.060546875 0.0390625
0 0.4306640625 0.51953125 0.041015625 0.04296875
0 0.5810546875 0.5087890625 0.021484375 0.025390625
0 0.5576171875 0.5087890625 0.021484375 0.029296875
0 0.6328125 0.505859375 0.015625 0.02734375
0 0.5087890625 0.5048828125 0.033203125 0.029296875
0 0.37109375 0.501953125 0.03125 0.02734375
0 0.767578125 0.5 0.01953125 0.02734375
0 0.615234375 0.5029296875 0.015625 0.033203125
0 0.89453125 0.4921875 0.015625 0.03515625
0 0.8623046875 0.4912109375 0.013671875 0.037109375
0 0.7451171875 0.4931640625 0.021484375 0.044921875
0 0.724609375 0.4931640625 0.01953125 0.044921875
0 0.41796875 0.486328125 0.03125 0.03125
0 0.341796875 0.4833984375 0.0234375 0.025390625
0 0.94140625 0.48828125 0.01953125 0.0390625
0 0.279296875 0.4765625 0.03515625 0.03125
0 0.693359375 0.4638671875 0.0234375 0.009765625
0 0.9140625 0.4716796875 0.0234375 0.048828125
0 0.0322265625 0.4541015625 0.041015625 0.017578125
0 0.9658203125 0.4501953125 0.017578125 0.017578125
0 0.3994140625 0.4560546875 0.029296875 0.029296875
0 0.294921875 0.44921875 0.03515625 0.03125
0 0.474609375 0.443359375 0.0234375 0.0234375
0 0.5224609375 0.4443359375 0.017578125 0.029296875
0 0.5576171875 0.4423828125 0.017578125 0.029296875
0 0.6337890625 0.443359375 0.017578125 0.03515625
0 0.603515625 0.4453125 0.03515625 0.0390625
0 0.6591796875 0.4404296875 0.021484375 0.033203125
0 0.6953125 0.4375 0.0234375 0.03125
0 0.7724609375 0.43359375 0.017578125 0.02734375
0 0.755859375 0.4423828125 0.05078125 0.044921875
0 0.8486328125 0.443359375 0.033203125 0.05078125
0 0.9697265625 0.42578125 0.013671875 0.0234375
0 0.9150390625 0.42578125 0.013671875 0.0234375
0 0.03125 0.412109375 0.02734375 0.01953125
0 0.36328125 0.4130859375 0.0234375 0.025390625
0 0.396484375 0.4072265625 0.0234375 0.021484375
0 0.6123046875 0.3837890625 0.021484375 0.025390625
0 0.3994140625 0.3779296875 0.017578125 0.017578125
0 0.673828125 0.376953125 0.03125 0.02734375
0 0.4833984375 0.380859375 0.021484375 0.0390625
0 0.919921875 0.3720703125 0.015625 0.025390625
0 0.7666015625 0.373046875 0.021484375 0.02734375
0 0.962890625 0.3701171875 0.0234375 0.025390625
0 0.6484375 0.3759765625 0.015625 0.037109375
0 0.45703125 0.3798828125 0.02734375 0.044921875
0 0.0322265625 0.3671875 0.029296875 0.01953125
0 0.986328125 0.369140625 0.01953125 0.02734375
0 0.5419921875 0.3779296875 0.080078125 0.044921875
0 0.9365234375 0.369140625 0.017578125 0.03125
0 0.8955078125 0.3701171875 0.017578125 0.033203125
0 0.7216796875 0.3701171875 0.021484375 0.037109375
0 0.849609375 0.3662109375 0.04296875 0.048828125
0 0.029296875 0.3291015625 0.02734375 0.021484375
0 0.93359375 0.3271484375 0.015625 0.021484375
0 0.46484375 0.33203125 0.046875 0.046875
0 0.5341796875 0.3193359375 0.017578125 0.025390625
0 0.5087890625 0.32421875 0.033203125 0.03515625
0 0.5703125 0.3212890625 0.01953125 0.037109375
0 0.2666015625 0.3134765625 0.037109375 0.021484375
0 0.2197265625 0.3193359375 0.029296875 0.037109375
0 0.69921875 0.3134765625 0.01953125 0.029296875
0 0.64453125 0.3232421875 0.05078125 0.048828125
0 0.7275390625 0.3203125 0.033203125 0.046875
0 0.755859375 0.3173828125 0.0234375 0.044921875
0 0.931640625 0.3017578125 0.015625 0.021484375
0 0.90625 0.3154296875 0.03515625 0.048828125
0 0.953125 0.302734375 0.01953125 0.02734375
0 0.8466796875 0.3017578125 0.044921875 0.025390625
0 0.9921875 0.3017578125 0.015625 0.037109375
0 0.4755859375 0.2685546875 0.017578125 0.025390625
0 0.44921875 0.2646484375 0.01953125 0.037109375
0 0.61328125 0.259765625 0.03125 0.03515625
0 0.552734375 0.2578125 0.01953125 0.03515625
0 0.53125 0.25 0.01953125 0.02734375
0 0.8779296875 0.248046875 0.025390625 0.03515625
0 0.486328125 0.25 0.0390625 0.0390625
0 0.7041015625 0.2451171875 0.021484375 0.037109375
0 0.9775390625 0.2431640625 0.044921875 0.037109375
0 0.923828125 0.244140625 0.046875 0.0390625
0 0.748046875 0.244140625 0.046875 0.0390625
0 0.5478515625 0.2216796875 0.017578125 0.017578125
0 0.1474609375 0.228515625 0.025390625 0.03125
0 0.8916015625 0.212890625 0.017578125 0.015625
0 0.072265625 0.2568359375 0.109375 0.111328125
0 0.451171875 0.212890625 0.02734375 0.04296875
0 0.2255859375 0.21875 0.052734375 0.0546875
0 0.759765625 0.2021484375 0.02734375 0.025390625
0 0.302734375 0.212890625 0.08984375 0.0625
0 0.6474609375 0.1943359375 0.021484375 0.037109375
0 0.611328125 0.19140625 0.0234375 0.0390625
0 0.5732421875 0.19140625 0.041015625 0.0390625
0 0.50390625 0.1865234375 0.06640625 0.033203125
0 0.9091796875 0.1865234375 0.017578125 0.037109375
0 0.8720703125 0.193359375 0.048828125 0.05078125
0 0.677734375 0.1796875 0.015625 0.0390625
0 0.72265625 0.1875 0.03515625 0.05859375
0 0.990234375 0.169921875 0.01953125 0.03515625
0 0.955078125 0.1787109375 0.0390625 0.052734375
0 0.1162109375 0.1474609375 0.017578125 0.021484375
0 0.1357421875 0.14453125 0.017578125 0.01953125
0 0.083984375 0.142578125 0.0390625 0.03515625
0 0.3388671875 0.1298828125 0.017578125 0.021484375
0 0.267578125 0.12890625 0.01953125 0.01953125
0 0.2431640625 0.1298828125 0.025390625 0.021484375
0 0.3623046875 0.130859375 0.017578125 0.02734375
0 0.2138671875 0.12890625 0.017578125 0.0234375
0 0.447265625 0.1279296875 0.01953125 0.033203125
0 0.2666015625 0.109375 0.017578125 0.015625
0 0.14453125 0.1142578125 0.02734375 0.025390625
0 0.537109375 0.1201171875 0.03515625 0.041015625
0 0.5048828125 0.12109375 0.025390625 0.04296875
0 0.013671875 0.1083984375 0.02734375 0.021484375
0 0.84375 0.11328125 0.02734375 0.03515625
0 0.744140625 0.111328125 0.0234375 0.04296875
0 0.9736328125 0.1064453125 0.052734375 0.037109375
0 0.8935546875 0.1083984375 0.068359375 0.041015625
0 0.083984375 0.0986328125 0.03125 0.025390625
0 0.2890625 0.0986328125 0.03515625 0.033203125
0 0.626953125 0.09765625 0.0234375 0.0390625
0 0.5888671875 0.0986328125 0.029296875 0.041015625
0 0.5341796875 0.0859375 0.033203125 0.01953125
0 0.474609375 0.109375 0.03125 0.06640625
0 0.359375 0.08984375 0.02734375 0.02734375
0 0.1396484375 0.087890625 0.021484375 0.0234375
0 0.8701171875 0.07421875 0.021484375 0.015625
0 0.2294921875 0.0888671875 0.033203125 0.044921875
0 0.7470703125 0.076171875 0.033203125 0.0234375
0 0.376953125 0.0751953125 0.0234375 0.025390625
0 0.029296875 0.0751953125 0.0234375 0.025390625
0 0.9921875 0.07421875 0.015625 0.03125
0 0.2978515625 0.0751953125 0.037109375 0.033203125
0 0.896484375 0.0625 0.0234375 0.0234375
0 0.107421875 0.07421875 0.0546875 0.046875
0 0.6796875 0.0869140625 0.0390625 0.076171875
0 0.1640625 0.0693359375 0.05078125 0.041015625
0 0.595703125 0.0517578125 0.03515625 0.017578125
0 0.4951171875 0.052734375 0.021484375 0.01953125
0 0.9921875 0.0478515625 0.015625 0.017578125
0 0.033203125 0.052734375 0.03125 0.02734375
0 0.9599609375 0.044921875 0.033203125 0.03515625
0 0.626953125 0.0400390625 0.03125 0.025390625
0 0.5302734375 0.0341796875 0.037109375 0.021484375
0 0.9912109375 0.029296875 0.017578125 0.015625
0 0.3173828125 0.04296875 0.044921875 0.04296875
0 0.1904296875 0.0400390625 0.041015625 0.044921875
0 0.58984375 0.02734375 0.02734375 0.0234375
0 0.259765625 0.041015625 0.0546875 0.05078125
0 0.1103515625 0.029296875 0.033203125 0.02734375
0 0.7880859375 0.025390625 0.037109375 0.03125
0 0.0478515625 0.0224609375 0.029296875 0.025390625
0 0.744140625 0.0341796875 0.03125 0.056640625
0 0.513671875 0.013671875 0.01953125 0.01953125
0 0.33203125 0.013671875 0.03515625 0.0234375
0 0.9921875 0.001953125 0.015625 0.00390625
0 0.9609375 0.0107421875 0.03515625 0.021484375
0 0.908203125 0.0234375 0.0234375 0.046875
0 0.396484375 0.0341796875 0.0625 0.068359375
0 0.349609375 0.0029296875 0.01171875 0.005859375
0 0.2958984375 0.0029296875 0.009765625 0.005859375
0 0.2705078125 0.0087890625 0.025390625 0.017578125
0 0.2119140625 0.0107421875 0.021484375 0.021484375
0 0.1337890625 0.0068359375 0.037109375 0.013671875
0 0.0087890625 0.0107421875 0.017578125 0.021484375