0 0.6064453125 0.998046875 0.005859375 0.00390625
0 0.5380859375 0.99609375 0.013671875 0.0078125
0 0.978515625 0.9951171875 0.02734375 0.009765625
0 0.8251953125 0.9951171875 0.021484375 0.009765625
0 0.6953125 0.9931640625 0.02734375 0.013671875
0 0.35546875 0.9931640625 0.02734375 0.013671875
0 0.560546875 0.984375 0.03515625 0.03125
0 0.775390625 0.982421875 0.0390625 0.03125
0 0.7109375 0.98046875 0.03125 0.02734375
0 0.666015625 0.9755859375 0.02734375 0.033203125
0 0.498046875 0.974609375 0.0390625 0.03125
0 0.7294921875 0.9443359375 0.037109375 0.037109375
0 0.6884765625 0.9375 0.021484375 0.02734375
0 0.384765625 0.939453125 0.03515625 0.0390625
0 0.607421875 0.9423828125 0.109375 0.064453125
0 0.857421875 0.8984375 0.0390625 0.03125
0 0.712890625 0.892578125 0.03515625 0.03125
0 0.6181640625 0.896484375 0.041015625 0.04296875
0 0.7529296875 0.8876953125 0.033203125 0.033203125
0 0.955078125 0.9296875 0.08984375 0.140625
0 0.443359375 0.8583984375 0.01953125 0.013671875
0 0.998046875 0.8505859375 0.00390625 0.005859375
0 0.474609375 0.85546875 0.02734375 0.01953125
0 0.4130859375 0.841796875 0.037109375 0.03515625
0 0.4609375 0.83203125 0.0234375 0.0234375
0 0.8251953125 0.853515625 0.044921875 0.07421875
0 0.6259765625 0.818359375 0.021484375 0.02734375
0 0.7734375 0.80859375 0.03515625 0.03125
0 0.6513671875 0.8037109375 0.041015625 0.037109375
0 0.5888671875 0.80859375 0.041015625 0.046875
0 0.494140625 0.8037109375 0.0390625 0.041015625
0 0.4404296875 0.796875 0.033203125 0.03125
0 0.6083984375 0.7763671875 0.021484375 0.025390625
0 0.6376953125 0.7431640625 0.029296875 0.033203125
0 0.55078125 0.724609375 0.0234375 0.0234375
0 0.408203125 0.712890625 0.03515625 0.02734375
0 0.728515625 0.6962890625 0.03125 0.025390625
0 0.697265625 0.703125 0.0390625 0.04296875
0 0.52734375 0.6728515625 0.03515625 0.037109375
0 0.431640625 0.669921875 0.03515625 0.03515625
0 0.7490234375 0.669921875 0.048828125 0.04296875
0 0.6767578125 0.66015625 0.029296875 0.02734375
0 0.5654296875 0.6787109375 0.087890625 0.072265625
0 0.5068359375 0.6572265625 0.029296875 0.029296875
0 0.3935546875 0.6220703125 0.025390625 0.021484375
0 0.7197265625 0.623046875 0.056640625 0.03515625
0 0.7822265625 0.630859375 0.048828125 0.0546875
0 0.4697265625 0.61328125 0.033203125 0.03515625
0 0.62890625 0.599609375 0.02734375 0.0234375
0 0.802734375 0.59765625 0.03125 0.03125
0 0.5458984375 0.6103515625 0.056640625 0.060546875
0 0.443359375 0.5908203125 0.03515625 0.037109375
0 0.751953125 0.5859375 0.046875 0.03515625
0 0.1640625 0.57421875 0.015625 0.015625
0 0.609375 0.580078125 0.0390625 0.04296875
0 0.783203125 0.5654296875 0.046875 0.033203125
0 0.5107421875 0.5712890625 0.052734375 0.044921875
0 0.66796875 0.5615234375 0.02734375 0.029296875
0 0.4912109375 0.5537109375 0.029296875 0.029296875
0 0.337890625 0.56640625 0.0625 0.05859375
0 0.640625 0.5380859375 0.03125 0.025390625
0 0.8544921875 0.5517578125 0.064453125 0.056640625
0 0.435546875 0.5361328125 0.02734375 0.025390625
0 0.58203125 0.5458984375 0.05078125 0.048828125
0 0.1357421875 0.5263671875 0.029296875 0.029296875
0 0.8115234375 0.51953125 0.029296875 0.0234375
0 0.37890625 0.5224609375 0.03125 0.029296875
0 0.4609375 0.533203125 0.04296875 0.07421875
0 0.705078125 0.505859375 0.03125 0.03125
0 0.5478515625 0.5048828125 0.029296875 0.033203125
0 0.1552734375 0.50390625 0.037109375 0.03125
0 0.6708984375 0.4921875 0.029296875 0.03125
0 0.521484375 0.4931640625 0.03515625 0.037109375
0 0.3955078125 0.4931640625 0.044921875 0.044921875
0 0.09765625 0.4833984375 0.0390625 0.029296875
0 0.5966796875 0.498046875 0.060546875 0.06640625
0 0.853515625 0.4794921875 0.04296875 0.033203125
0 0.4130859375 0.466796875 0.029296875 0.0234375
0 0.8955078125 0.455078125 0.013671875 0.01171875
0 0.6533203125 0.46484375 0.037109375 0.03515625
0 0.1787109375 0.4814453125 0.052734375 0.068359375
0 0.4833984375 0.4619140625 0.029296875 0.033203125
0 0.279296875 0.4609375 0.03125 0.03515625
0 0.6318359375 0.451171875 0.029296875 0.03125
0 0.5439453125 0.45703125 0.044921875 0.046875
0 0.2578125 0.44921875 0.03125 0.03515625
0 0.1328125 0.4443359375 0.02734375 0.029296875
0 0.205078125 0.4345703125 0.01953125 0.021484375
0 0.2353515625 0.4375 0.033203125 0.03515625
0 0.5166015625 0.4306640625 0.021484375 0.025390625
0 0.0986328125 0.4296875 0.041015625 0.04296875
0 0.6044921875 0.427734375 0.044921875 0.04296875
0 0.1865234375 0.419921875 0.021484375 0.02734375
0 0.4365234375 0.419921875 0.037109375 0.03125
0 0.3935546875 0.41015625 0.017578125 0.015625
0 0.2216796875 0.4150390625 0.021484375 0.025390625
0 0.279296875 0.404296875 0.04296875 0.03515625
0 0.44921875 0.3974609375 0.03515625 0.029296875
0 0.0498046875 0.3974609375 0.025390625 0.029296875
0 0.2919921875 0.3798828125 0.041015625 0.033203125
0 0.1357421875 0.380859375 0.037109375 0.0390625
0 0.6376953125 0.38671875 0.060546875 0.0546875
0 0.4619140625 0.3740234375 0.037109375 0.029296875
0 0.759765625 0.4072265625 0.09375 0.099609375
0 0.2314453125 0.380859375 0.041015625 0.05078125
0 0.548828125 0.3828125 0.046875 0.05859375
0 0.171875 0.361328125 0.02734375 0.0234375
0 0.306640625 0.361328125 0.03125 0.02734375
0 0.09375 0.3642578125 0.03515625 0.033203125
0 0.5927734375 0.3662109375 0.052734375 0.041015625
0 0.240234375 0.3486328125 0.03125 0.025390625
0 0.55859375 0.3330078125 0.03125 0.025390625
0 0.4921875 0.330078125 0.0390625 0.03125
0 0.6572265625 0.33203125 0.048828125 0.046875
0 0.1875 0.3232421875 0.03515625 0.033203125
0 0.255859375 0.3193359375 0.0390625 0.041015625
0 0.0673828125 0.3056640625 0.013671875 0.013671875
0 0.0498046875 0.3056640625 0.017578125 0.017578125
0 0.6240234375 0.302734375 0.029296875 0.03125
0 0.19921875 0.30078125 0.03515625 0.03125
0 0.46484375 0.294921875 0.03125 0.0234375
0 0.2724609375 0.2900390625 0.029296875 0.025390625
0 0.08203125 0.28515625 0.02734375 0.02734375
0 0.515625 0.28515625 0.04296875 0.03125
0 0.2109375 0.279296875 0.03515625 0.03125
0 0.5927734375 0.275390625 0.041015625 0.02734375
0 0.0458984375 0.2744140625 0.025390625 0.025390625
0 0.486328125 0.263671875 0.03125 0.01953125
0 0.1591796875 0.2705078125 0.037109375 0.037109375
0 0.2880859375 0.263671875 0.037109375 0.03515625
0 0.021484375 0.2470703125 0.0234375 0.029296875
0 0.609375 0.2451171875 0.0234375 0.029296875
0 0.5302734375 0.25390625 0.044921875 0.046875
0 0.5029296875 0.22265625 0.021484375 0.01953125
0 0.0908203125 0.232421875 0.033203125 0.0390625
0 0.3251953125 0.21875 0.056640625 0.04296875
0 0.0615234375 0.2158203125 0.033203125 0.037109375
0 0.255859375 0.2099609375 0.0390625 0.037109375
0 0.17578125 0.21484375 0.05078125 0.05859375
0 0.0380859375 0.19921875 0.029296875 0.03125
0 0.8251953125 0.2607421875 0.158203125 0.158203125
0 0.119140625 0.201171875 0.046875 0.05859375
0 0.0166015625 0.1865234375 0.025390625 0.029296875
0 0.3369140625 0.17578125 0.044921875 0.046875
0 0.0048828125 0.1640625 0.009765625 0.0234375
0 0.20703125 0.166015625 0.03515625 0.03515625
0 0.078125 0.16796875 0.03125 0.0546875
0 0.369140625 0.150390625 0.03515625 0.02734375
0 0.1630859375 0.1474609375 0.025390625 0.029296875
0 0.2890625 0.14453125 0.03125 0.02734375
0 0.0478515625 0.146484375 0.033203125 0.04296875
0 0.0087890625 0.1318359375 0.017578125 0.033203125
0 0.02734375 0.1298828125 0.02734375 0.033203125
0 0.3662109375 0.12109375 0.037109375 0.03515625
0 0.17578125 0.1142578125 0.02734375 0.021484375
0 0.2412109375 0.126953125 0.048828125 0.05078125
0 0.1259765625 0.1240234375 0.052734375 0.052734375
0 0.1513671875 0.1015625 0.025390625 0.0234375
0 0.310546875 0.099609375 0.0234375 0.02734375
0 0.17578125 0.091796875 0.03515625 0.02734375
0 0.2939453125 0.0810546875 0.013671875 0.017578125
0 0.0537109375 0.0869140625 0.037109375 0.037109375
0 0.19921875 0.072265625 0.03515625 0.0390625
0 0.0126953125 0.0703125 0.025390625 0.03515625
0 0.2626953125 0.0751953125 0.041015625 0.052734375
0 0.0546875 0.0439453125 0.01953125 0.017578125