0 0.6748046875 0.99609375 0.021484375 0.0078125
0 0.5390625 0.99609375 0.01953125 0.0078125
0 0.46875 0.9951171875 0.01953125 0.009765625
0 0.0888671875 0.9921875 0.025390625 0.015625
0 0.8408203125 0.9912109375 0.037109375 0.017578125
0 0.396484375 0.9912109375 0.0234375 0.017578125
0 0.1533203125 0.990234375 0.033203125 0.01953125
0 0.9638671875 0.9873046875 0.033203125 0.021484375
0 0.232421875 0.986328125 0.02734375 0.01953125
0 0.0224609375 0.9853515625 0.025390625 0.025390625
0 0.328125 0.9736328125 0.0234375 0.021484375
0 0.7783203125 0.9697265625 0.025390625 0.021484375
0 0.607421875 0.970703125 0.0234375 0.0234375
0 0.6787109375 0.9658203125 0.029296875 0.021484375
0 0.1591796875 0.9638671875 0.037109375 0.021484375
0 0.072265625 0.966796875 0.02734375 0.02734375
0 0.5390625 0.962890625 0.01953125 0.0234375
0 0.2294921875 0.9609375 0.021484375 0.01953125
0 0.466796875 0.9609375 0.01953125 0.0234375
0 0.39453125 0.9541015625 0.0234375 0.021484375
0 0.0205078125 0.955078125 0.025390625 0.02734375
0 0.8427734375 0.95703125 0.029296875 0.03515625
0 0.912109375 0.95703125 0.01953125 0.04296875
0 0.2236328125 0.939453125 0.025390625 0.01953125
0 0.3291015625 0.9423828125 0.017578125 0.029296875
0 0.162109375 0.9345703125 0.0234375 0.017578125
0 0.7734375 0.93359375 0.03125 0.01953125
0 0.609375 0.93359375 0.01953125 0.0234375
0 0.068359375 0.9345703125 0.0234375 0.025390625
0 0.732421875 0.9296875 0.0390625 0.01953125
0 0.93359375 0.9248046875 0.015625 0.013671875
0 0.677734375 0.9296875 0.03515625 0.0234375
0 0.5341796875 0.921875 0.021484375 0.02734375
0 0.4697265625 0.9208984375 0.017578125 0.025390625
0 0.0166015625 0.921875 0.021484375 0.02734375
0 0.876953125 0.91796875 0.0703125 0.02734375
0 0.3896484375 0.916015625 0.017578125 0.02734375
0 0.4267578125 0.9208984375 0.025390625 0.048828125
0 0.158203125 0.90234375 0.02734375 0.015625
0 0.326171875 0.9033203125 0.01953125 0.021484375
0 0.2255859375 0.9033203125 0.037109375 0.029296875
0 0.068359375 0.8984375 0.0234375 0.0234375
0 0.9580078125 0.892578125 0.037109375 0.02734375
0 0.013671875 0.8896484375 0.02734375 0.025390625
0 0.955078125 0.865234375 0.03125 0.01953125
0 0.7197265625 0.8642578125 0.029296875 0.025390625
0 0.7978515625 0.8583984375 0.025390625 0.017578125
0 0.7587890625 0.8623046875 0.029296875 0.025390625
0 0.6767578125 0.857421875 0.033203125 0.02734375
0 0.595703125 0.853515625 0.046875 0.03515625
0 0.8330078125 0.8447265625 0.037109375 0.037109375
0 0.8740234375 0.83203125 0.033203125 0.03125
0 0.91796875 0.8037109375 0.05078125 0.041015625
0 0.966796875 0.66796875 0.06640625 0.1171875