0 0.55078125 0.30859375 0.07421875 0.0859375
0 0.4345703125 0.228515625 0.029296875 0.0234375
0 0.396484375 0.2255859375 0.0234375 0.021484375
0 0.46875 0.2236328125 0.0234375 0.021484375
0 0.3671875 0.224609375 0.02734375 0.02734375
0 0.650390625 0.2109375 0.03515625 0.0234375
0 0.2919921875 0.2099609375 0.025390625 0.025390625
0 0.5419921875 0.20703125 0.025390625 0.02734375
0 0.251953125 0.2060546875 0.046875 0.033203125
0 0.7666015625 0.1982421875 0.025390625 0.033203125
0 0.8125 0.1865234375 0.02734375 0.021484375
0 0.1982421875 0.177734375 0.037109375 0.03125
0 0.6513671875 0.1689453125 0.025390625 0.025390625
0 0.86328125 0.1640625 0.03125 0.0234375
0 0.7646484375 0.16015625 0.025390625 0.0234375
0 0.8994140625 0.1572265625 0.025390625 0.025390625
0 0.9326171875 0.15234375 0.021484375 0.01953125
0 0.5478515625 0.1552734375 0.033203125 0.025390625
0 0.443359375 0.150390625 0.0234375 0.0234375
0 0.4736328125 0.1494140625 0.021484375 0.025390625
0 0.369140625 0.1484375 0.0234375 0.0234375
0 0.4091796875 0.146484375 0.021484375 0.03125
0 0.6474609375 0.1376953125 0.029296875 0.025390625
0 0.7587890625 0.130859375 0.029296875 0.01953125
0 0.8017578125 0.1318359375 0.021484375 0.025390625
0 0.4296875 0.123046875 0.01171875 0.015625
0 0.3017578125 0.126953125 0.021484375 0.03515625
0 0.779296875 0.1142578125 0.015625 0.013671875
0 0.55078125 0.1162109375 0.0390625 0.025390625
0 0.1279296875 0.115234375 0.021484375 0.02734375
0 0.6044921875 0.1005859375 0.013671875 0.017578125
0 0.376953125 0.103515625 0.03125 0.02734375
0 0.86328125 0.1015625 0.01953125 0.02734375
0 0.8916015625 0.0986328125 0.021484375 0.025390625
0 0.46484375 0.09765625 0.03515625 0.0234375
0 0.7978515625 0.0927734375 0.021484375 0.021484375
0 0.7548828125 0.0986328125 0.025390625 0.033203125
0 0.232421875 0.09765625 0.0390625 0.03125
0 0.43359375 0.0849609375 0.015625 0.017578125
0 0.4140625 0.0771484375 0.01953125 0.017578125
0 0.646484375 0.080078125 0.0234375 0.02734375
0 0.5439453125 0.07421875 0.025390625 0.0234375
0 0.9462890625 0.07421875 0.025390625 0.02734375
0 0.9677734375 0.06640625 0.013671875 0.015625
0 0.1298828125 0.07421875 0.033203125 0.03125
0 0.7880859375 0.0625 0.029296875 0.0234375
0 0.748046875 0.0615234375 0.0234375 0.021484375
0 0.380859375 0.064453125 0.0234375 0.02734375
0 0.890625 0.0615234375 0.01953125 0.025390625
0 0.861328125 0.060546875 0.01953125 0.02734375
0 0.302734375 0.0625 0.0234375 0.03125
0 0.9580078125 0.046875 0.033203125 0.01953125
0 0.640625 0.0478515625 0.0234375 0.025390625
0 0.10546875 0.041015625 0.015625 0.015625
0 0.13671875 0.0419921875 0.03125 0.025390625
0 0.466796875 0.044921875 0.01953125 0.03515625
0 0.2216796875 0.0419921875 0.041015625 0.029296875
0 0.263671875 0.0341796875 0.015625 0.017578125
0 0.7890625 0.0341796875 0.0234375 0.021484375
0 0.5419921875 0.0380859375 0.029296875 0.033203125
0 0.7470703125 0.033203125 0.029296875 0.02734375
0 0.986328125 0.025390625 0.015625 0.015625
0 0.8935546875 0.0263671875 0.017578125 0.017578125
0 0.380859375 0.0283203125 0.0234375 0.021484375
0 0.078125 0.0341796875 0.0390625 0.037109375
0 0.013671875 0.0322265625 0.02734375 0.037109375
0 0.9560546875 0.017578125 0.025390625 0.01953125
0 0.8583984375 0.013671875 0.017578125 0.0234375
0 0.8935546875 0.00390625 0.009765625 0.0078125
0 0.62890625 0.0107421875 0.02734375 0.021484375
0 0.5517578125 0.0029296875 0.029296875 0.005859375
0 0.4638671875 0.00390625 0.033203125 0.0078125
0 0.384765625 0.001953125 0.02734375 0.00390625
0 0.310546875 0.0146484375 0.01953125 0.029296875
0 0.2705078125 0.00390625 0.017578125 0.0078125
0 0.24609375 0.0068359375 0.01953125 0.013671875
0 0.22265625 0.005859375 0.01953125 0.01171875