0 0.6279296875 0.994140625 0.021484375 0.01171875
0 0.857421875 0.9931640625 0.04296875 0.013671875
0 0.666015625 0.9931640625 0.04296875 0.013671875
0 0.919921875 0.9873046875 0.03125 0.025390625
0 0.998046875 0.9697265625 0.00390625 0.005859375
0 0.9501953125 0.9833984375 0.029296875 0.033203125
0 0.982421875 0.9794921875 0.02734375 0.037109375
0 0.998046875 0.9609375 0.00390625 0.0078125
0 0.740234375 0.9677734375 0.02734375 0.029296875
0 0.771484375 0.9609375 0.02734375 0.03125
0 0.794921875 0.9482421875 0.03125 0.037109375
0 0.6162109375 0.9150390625 0.017578125 0.021484375
0 0.6669921875 0.9345703125 0.052734375 0.064453125
0 0.634765625 0.875 0.03125 0.0234375
0 0.99609375 0.830078125 0.0078125 0.0234375
0 0.6689453125 0.818359375 0.048828125 0.02734375
0 0.748046875 0.806640625 0.02734375 0.01953125
0 0.9072265625 0.869140625 0.173828125 0.16015625
0 0.6748046875 0.7880859375 0.033203125 0.017578125
0 0.986328125 0.78515625 0.02734375 0.0234375
0 0.75 0.783203125 0.02734375 0.01953125
0 0.7509765625 0.755859375 0.029296875 0.01953125
0 0.671875 0.7568359375 0.04296875 0.021484375
0 0.7568359375 0.732421875 0.037109375 0.01953125
0 0.6767578125 0.7255859375 0.033203125 0.021484375
0 0.7568359375 0.70703125 0.037109375 0.01953125
0 0.8701171875 0.6826171875 0.021484375 0.029296875
0 0.84375 0.68359375 0.0234375 0.03125
0 0.814453125 0.68359375 0.0234375 0.03125
0 0.7568359375 0.6767578125 0.025390625 0.017578125
0 0.9248046875 0.6796875 0.021484375 0.03125
0 0.896484375 0.6796875 0.01953125 0.03515625
0 0.78515625 0.6728515625 0.01953125 0.021484375
0 0.951171875 0.6796875 0.02734375 0.0390625
0 0.9794921875 0.673828125 0.021484375 0.03515625
0 0.7763671875 0.62109375 0.056640625 0.0234375
0 0.85546875 0.6123046875 0.01953125 0.025390625
0 0.8232421875 0.611328125 0.025390625 0.03125
0 0.9208984375 0.6083984375 0.025390625 0.029296875
0 0.8876953125 0.607421875 0.025390625 0.03515625
0 0.771484375 0.5927734375 0.0390625 0.021484375
0 0.953125 0.5966796875 0.0234375 0.044921875
0 0.9853515625 0.59375 0.025390625 0.04296875
0 0.7705078125 0.5654296875 0.021484375 0.017578125
0 0.6826171875 0.5849609375 0.083984375 0.107421875
0 0.7685546875 0.5322265625 0.021484375 0.017578125
0 0.833984375 0.5322265625 0.0234375 0.033203125
0 0.798828125 0.5322265625 0.01953125 0.033203125
0 0.8603515625 0.5224609375 0.021484375 0.029296875
0 0.88671875 0.5224609375 0.01953125 0.033203125
0 0.91796875 0.5185546875 0.0234375 0.033203125
0 0.9482421875 0.513671875 0.021484375 0.03125
0 0.9775390625 0.5126953125 0.021484375 0.033203125
0 0.783203125 0.470703125 0.0390625 0.0234375
0 0.828125 0.46484375 0.03515625 0.0234375
0 0.890625 0.4599609375 0.0234375 0.021484375
0 0.9443359375 0.4541015625 0.021484375 0.025390625
0 0.99609375 0.447265625 0.0078125 0.015625
0 0.693359375 0.4775390625 0.0703125 0.091796875
0 0.8896484375 0.41796875 0.064453125 0.02734375
0 0.8046875 0.408203125 0.046875 0.03125
0 0.9501953125 0.3896484375 0.025390625 0.060546875
0 0.814453125 0.3388671875 0.015625 0.017578125
0 0.931640625 0.3271484375 0.0390625 0.021484375
0 0.8486328125 0.3486328125 0.025390625 0.064453125
0 0.7939453125 0.3154296875 0.029296875 0.021484375
0 0.6533203125 0.306640625 0.021484375 0.015625
0 0.6279296875 0.3046875 0.021484375 0.015625
0 0.93359375 0.302734375 0.0390625 0.01953125
0 0.8603515625 0.29296875 0.037109375 0.01953125
0 0.98828125 0.2685546875 0.0234375 0.033203125
0 0.955078125 0.265625 0.01953125 0.0390625
0 0.9267578125 0.26171875 0.025390625 0.04296875
0 0.8701171875 0.2490234375 0.017578125 0.025390625
0 0.8408203125 0.25 0.021484375 0.04296875
0 0.796875 0.2578125 0.02734375 0.0625
0 0.6767578125 0.2666015625 0.080078125 0.080078125
0 0.7001953125 0.2451171875 0.060546875 0.060546875
0 0.49609375 0.2451171875 0.15234375 0.072265625
0 0.138671875 0.203125 0.0390625 0.03125
0 0.0654296875 0.2021484375 0.033203125 0.048828125
0 0.9931640625 0.1845703125 0.013671875 0.025390625
0 0.9111328125 0.177734375 0.021484375 0.02734375
0 0.1123046875 0.171875 0.025390625 0.01953125
0 0.8818359375 0.173828125 0.017578125 0.02734375
0 0.1826171875 0.171875 0.029296875 0.03515625
0 0.22265625 0.1630859375 0.0234375 0.021484375
0 0.9658203125 0.173828125 0.025390625 0.046875
0 0.853515625 0.1640625 0.01953125 0.03125
0 0.994140625 0.150390625 0.01171875 0.01171875
0 0.8251953125 0.1591796875 0.025390625 0.033203125
0 0.142578125 0.150390625 0.02734375 0.01953125
0 0.79296875 0.15625 0.0234375 0.0390625
0 0.736328125 0.1552734375 0.03515625 0.044921875
0 0.61328125 0.1435546875 0.01953125 0.025390625
0 0.64453125 0.14453125 0.01953125 0.03125
0 0.9677734375 0.1357421875 0.029296875 0.021484375
0 0.7021484375 0.146484375 0.017578125 0.04296875
0 0.90625 0.1298828125 0.0234375 0.017578125
0 0.673828125 0.1435546875 0.01953125 0.048828125
0 0.58984375 0.1357421875 0.0234375 0.033203125
0 0.4921875 0.130859375 0.02734375 0.03125
0 0.42578125 0.123046875 0.03125 0.03125
0 0.9658203125 0.111328125 0.021484375 0.01953125
0 0.8994140625 0.103515625 0.044921875 0.0234375
0 0.97265625 0.0869140625 0.03515625 0.021484375
0 0.744140625 0.0927734375 0.01953125 0.033203125
0 0.5498046875 0.1103515625 0.060546875 0.072265625
0 0.833984375 0.080078125 0.01953125 0.01953125
0 0.8984375 0.0791015625 0.03125 0.025390625
0 0.7998046875 0.0732421875 0.021484375 0.025390625
0 0.962890625 0.064453125 0.02734375 0.0234375
0 0.7021484375 0.0634765625 0.021484375 0.029296875
0 0.8359375 0.052734375 0.01953125 0.01171875
0 0.8759765625 0.0537109375 0.017578125 0.017578125
0 0.4638671875 0.060546875 0.091796875 0.03125
0 0.671875 0.0546875 0.03125 0.0234375
0 0.626953125 0.052734375 0.0390625 0.03125
0 0.8046875 0.0380859375 0.01953125 0.021484375
0 0.8896484375 0.03125 0.041015625 0.01953125
0 0.966796875 0.0126953125 0.03515625 0.021484375
0 0.890625 0.0087890625 0.03515625 0.017578125
0 0.8095703125 0.009765625 0.021484375 0.01953125
0 0.7431640625 0.0087890625 0.029296875 0.017578125
0 0.7060546875 0.0068359375 0.013671875 0.013671875
0 0.6640625 0.0048828125 0.02734375 0.009765625