0 0.1259765625 0.369140625 0.048828125 0.05078125
0 0.181640625 0.2744140625 0.05078125 0.056640625
0 0.2021484375 0.2509765625 0.052734375 0.060546875
0 0.23046875 0.23828125 0.04296875 0.04296875
0 0.1630859375 0.2236328125 0.021484375 0.017578125
0 0.2568359375 0.2197265625 0.041015625 0.044921875
0 0.2802734375 0.201171875 0.048828125 0.046875
0 0.2998046875 0.1748046875 0.037109375 0.044921875
0 0.326171875 0.1611328125 0.03125 0.033203125
0 0.3515625 0.1318359375 0.0390625 0.037109375
0 0.3974609375 0.0869140625 0.041015625 0.037109375
0 0.3642578125 0.080078125 0.025390625 0.02734375
0 0.4384765625 0.05859375 0.037109375 0.046875
0 0.4619140625 0.037109375 0.033203125 0.0390625
0 0.482421875 0.0166015625 0.0390625 0.033203125