0 0.6162109375 0.998046875 0.005859375 0.00390625
0 0.666015625 0.9912109375 0.03515625 0.017578125
0 0.2529296875 0.9892578125 0.029296875 0.021484375
0 0.71875 0.9677734375 0.0234375 0.021484375
0 0.15625 0.974609375 0.03125 0.03515625
0 0.30078125 0.974609375 0.0546875 0.0390625
0 0.8994140625 0.9765625 0.181640625 0.046875
0 0.0458984375 0.955078125 0.033203125 0.0234375
0 0.3447265625 0.955078125 0.037109375 0.0390625
0 0.3701171875 0.9404296875 0.025390625 0.037109375
0 0.765625 0.9365234375 0.03515625 0.033203125
0 0.130859375 0.9384765625 0.02734375 0.037109375
0 0.2646484375 0.9248046875 0.041015625 0.041015625
0 0.40625 0.9228515625 0.03515625 0.048828125
0 0.78515625 0.912109375 0.03515625 0.03515625
0 0.2080078125 0.90625 0.033203125 0.03125
0 0.3017578125 0.9033203125 0.037109375 0.037109375
0 0.6142578125 0.904296875 0.037109375 0.04296875
0 0.6845703125 0.88671875 0.041015625 0.02734375
0 0.3525390625 0.8779296875 0.033203125 0.029296875
0 0.103515625 0.880859375 0.03125 0.03515625
0 0.2783203125 0.8720703125 0.037109375 0.033203125
0 0.7802734375 0.8662109375 0.033203125 0.033203125
0 0.8837890625 0.8671875 0.048828125 0.046875
0 0.1845703125 0.853515625 0.029296875 0.0234375
0 0.7119140625 0.8486328125 0.025390625 0.021484375
0 0.7607421875 0.845703125 0.033203125 0.03125
0 0.0791015625 0.84375 0.025390625 0.02734375
0 0.92578125 0.8369140625 0.046875 0.044921875
0 0.5732421875 0.84375 0.060546875 0.05859375
0 0.8232421875 0.83203125 0.041015625 0.04296875
0 0.349609375 0.8271484375 0.02734375 0.033203125
0 0.7431640625 0.82421875 0.033203125 0.03125
0 0.17578125 0.8173828125 0.02734375 0.021484375
0 0.3759765625 0.8154296875 0.029296875 0.029296875
0 0.0556640625 0.8037109375 0.029296875 0.033203125
0 0.646484375 0.791015625 0.03515625 0.03515625
0 0.5556640625 0.7822265625 0.017578125 0.017578125
0 0.423828125 0.7861328125 0.03125 0.029296875
0 0.2216796875 0.7900390625 0.033203125 0.037109375
0 0.904296875 0.791015625 0.046875 0.04296875
0 0.701171875 0.783203125 0.03125 0.03125
0 0.4501953125 0.7763671875 0.025390625 0.029296875
0 0.77734375 0.771484375 0.02734375 0.02734375
0 0.5341796875 0.7734375 0.025390625 0.03125
0 0.2568359375 0.771484375 0.033203125 0.03515625
0 0.3388671875 0.76953125 0.029296875 0.03515625
0 0.1279296875 0.7646484375 0.021484375 0.025390625
0 0.876953125 0.7578125 0.03515625 0.03515625
0 0.484375 0.75390625 0.0234375 0.02734375
0 0.283203125 0.7568359375 0.02734375 0.033203125
0 0.7548828125 0.7470703125 0.029296875 0.029296875
0 0.380859375 0.74609375 0.02734375 0.03125
0 0.17578125 0.7431640625 0.03125 0.029296875
0 0.01953125 0.7451171875 0.03125 0.037109375
0 0.8125 0.7353515625 0.01953125 0.021484375
0 0.5869140625 0.7333984375 0.029296875 0.029296875
0 0.4013671875 0.736328125 0.033203125 0.03515625
0 0.33984375 0.7255859375 0.03125 0.033203125
0 0.4296875 0.71875 0.0234375 0.0234375
0 0.7275390625 0.7197265625 0.029296875 0.029296875
0 0.9482421875 0.7216796875 0.041015625 0.041015625
0 0.001953125 0.703125 0.00390625 0.00390625
0 0.25390625 0.708984375 0.02734375 0.02734375
0 0.828125 0.7060546875 0.03515625 0.033203125
0 0.462890625 0.7001953125 0.04296875 0.033203125
0 0.6083984375 0.693359375 0.029296875 0.02734375
0 0.279296875 0.693359375 0.03125 0.03515625
0 0.8095703125 0.6875 0.033203125 0.03125
0 0.51171875 0.673828125 0.02734375 0.02734375
0 0.6787109375 0.6728515625 0.033203125 0.033203125
0 0.2998046875 0.673828125 0.041015625 0.0390625
0 0.7939453125 0.669921875 0.033203125 0.03515625
0 0.5478515625 0.65625 0.025390625 0.03125
0 0.7724609375 0.646484375 0.033203125 0.03125
0 0.4677734375 0.65234375 0.041015625 0.046875
0 0.357421875 0.640625 0.05078125 0.03515625
0 0.3974609375 0.6279296875 0.025390625 0.021484375
0 0.7529296875 0.6337890625 0.041015625 0.037109375
0 0.6669921875 0.6298828125 0.033203125 0.029296875
0 0.6259765625 0.6201171875 0.033203125 0.033203125
0 0.419921875 0.615234375 0.02734375 0.0234375
0 0.8984375 0.634765625 0.06640625 0.06640625
0 0.5419921875 0.61328125 0.025390625 0.03125
0 0.712890625 0.6181640625 0.0546875 0.056640625
0 0.4482421875 0.6005859375 0.017578125 0.021484375
0 0.5810546875 0.587890625 0.033203125 0.03515625
0 0.7060546875 0.57421875 0.033203125 0.03515625
0 0.6181640625 0.5693359375 0.021484375 0.025390625
0 0.529296875 0.55078125 0.03125 0.02734375
0 0.666015625 0.54296875 0.05078125 0.046875
0 0.9853515625 0.537109375 0.029296875 0.0546875
0 0.787109375 0.5283203125 0.04296875 0.060546875
0 0.6318359375 0.5078125 0.021484375 0.0234375
0 0.84375 0.455078125 0.05859375 0.0546875
0 0.5546875 0.4482421875 0.04296875 0.048828125
0 0.115234375 0.5458984375 0.23046875 0.267578125
0 0.974609375 0.373046875 0.05078125 0.0546875
0 0.3134765625 0.3134765625 0.080078125 0.087890625
0 0.6025390625 0.3232421875 0.115234375 0.111328125
0 0.84375 0.267578125 0.05859375 0.05859375
0 0.474609375 0.2333984375 0.02734375 0.029296875
0 0.6904296875 0.2978515625 0.173828125 0.177734375
0 0.490234375 0.19140625 0.05078125 0.046875
0 0.470703125 0.1328125 0.06640625 0.05859375
0 0.005859375 0.1142578125 0.01171875 0.041015625
0 0.60546875 0.1005859375 0.03515625 0.041015625
0 0.3984375 0.08984375 0.03125 0.03125
0 0.359375 0.0908203125 0.03125 0.033203125
0 0.54296875 0.07421875 0.02734375 0.03515625
0 0.0927734375 0.119140625 0.134765625 0.13671875
0 0.369140625 0.056640625 0.0234375 0.0234375
0 0.8955078125 0.06640625 0.056640625 0.05859375
0 0.6181640625 0.037109375 0.041015625 0.02734375
0 0.16015625 0.03515625 0.078125 0.05859375
0 0.5771484375 0.009765625 0.044921875 0.01953125
0 0.4580078125 0.0078125 0.029296875 0.015625
0 0.3076171875 0.01171875 0.029296875 0.0234375
0 0.2587890625 0.00390625 0.013671875 0.0078125
0 0.0283203125 0.0029296875 0.009765625 0.005859375