0 0.1875 0.884765625 0.02734375 0.02734375
0 0.228515625 0.80859375 0.01953125 0.0234375
0 0.265625 0.7900390625 0.02734375 0.025390625
0 0.037109375 0.787109375 0.03125 0.02734375
0 0.1796875 0.7607421875 0.03125 0.029296875
0 0.3330078125 0.7255859375 0.037109375 0.029296875
0 0.0244140625 0.7158203125 0.025390625 0.025390625
0 0.10546875 0.7099609375 0.03125 0.041015625
0 0.369140625 0.693359375 0.03515625 0.03125
0 0.0078125 0.685546875 0.015625 0.02734375
0 0.6982421875 0.69140625 0.052734375 0.04296875
0 0.24609375 0.681640625 0.03515625 0.03515625
0 0.5185546875 0.6845703125 0.056640625 0.052734375
0 0.0732421875 0.6572265625 0.033203125 0.033203125
0 0.4169921875 0.642578125 0.021484375 0.0234375
0 0.2861328125 0.642578125 0.041015625 0.0390625
0 0.3232421875 0.6083984375 0.041015625 0.029296875
0 0.0400390625 0.607421875 0.052734375 0.04296875
0 0.3779296875 0.5693359375 0.037109375 0.041015625
0 0.5283203125 0.5625 0.033203125 0.03125
0 0.009765625 0.5673828125 0.01953125 0.041015625
0 0.4326171875 0.552734375 0.025390625 0.0234375
0 0.4873046875 0.4794921875 0.033203125 0.033203125
0 0.5927734375 0.474609375 0.025390625 0.03515625
0 0.51953125 0.4580078125 0.02734375 0.029296875
0 0.353515625 0.4599609375 0.05078125 0.041015625
0 0.1904296875 0.4453125 0.041015625 0.03515625
0 0.7197265625 0.4384765625 0.037109375 0.033203125
0 0.6201171875 0.435546875 0.033203125 0.03125
0 0.046875 0.427734375 0.03515625 0.0390625
0 0.1142578125 0.4072265625 0.037109375 0.041015625
0 0.552734375 0.392578125 0.03125 0.03125
0 0.3447265625 0.400390625 0.033203125 0.046875
0 0.6396484375 0.38671875 0.033203125 0.02734375
0 0.44140625 0.3828125 0.03125 0.04296875
0 0.1953125 0.3623046875 0.02734375 0.025390625
0 0.5732421875 0.3486328125 0.033203125 0.033203125
0 0.322265625 0.3349609375 0.03515625 0.037109375
0 0.0146484375 0.33203125 0.029296875 0.0390625
0 0.671875 0.3154296875 0.02734375 0.029296875
0 0.060546875 0.3154296875 0.02734375 0.041015625
0 0.583984375 0.306640625 0.02734375 0.02734375
0 0.447265625 0.318359375 0.03515625 0.0546875
0 0.23828125 0.29296875 0.02734375 0.04296875
0 0.5048828125 0.28515625 0.033203125 0.03515625
0 0.3427734375 0.283203125 0.029296875 0.0390625
0 0.673828125 0.2705078125 0.02734375 0.025390625
0 0.59375 0.25390625 0.0234375 0.02734375
0 0.1396484375 0.25390625 0.029296875 0.02734375
0 0.1650390625 0.2412109375 0.021484375 0.021484375
0 0.6962890625 0.2255859375 0.017578125 0.017578125
0 0.5029296875 0.2216796875 0.029296875 0.037109375
0 0.3544921875 0.220703125 0.021484375 0.04296875
0 0.60546875 0.2119140625 0.0234375 0.029296875
0 0.220703125 0.2138671875 0.046875 0.056640625
0 0.705078125 0.1953125 0.03125 0.03125
0 0.021484375 0.1875 0.03125 0.0390625
0 0.6103515625 0.1640625 0.033203125 0.0234375
0 0.1298828125 0.1708984375 0.025390625 0.044921875
0 0.4794921875 0.1572265625 0.021484375 0.041015625
0 0.3154296875 0.1591796875 0.029296875 0.044921875
0 0.7177734375 0.1376953125 0.029296875 0.037109375
0 0.04296875 0.130859375 0.05078125 0.04296875
0 0.3359375 0.1123046875 0.046875 0.037109375
0 0.1533203125 0.111328125 0.037109375 0.04296875
0 0.6416015625 0.107421875 0.025390625 0.0390625
0 0.5654296875 0.0986328125 0.025390625 0.033203125
0 0.3974609375 0.0947265625 0.044921875 0.033203125
0 0.470703125 0.1015625 0.046875 0.0546875
0 0.7529296875 0.0703125 0.033203125 0.03515625
0 0.1826171875 0.0615234375 0.048828125 0.052734375
0 0.6455078125 0.046875 0.025390625 0.03515625
0 0.4150390625 0.01953125 0.025390625 0.03125
0 0.037109375 0.01953125 0.0390625 0.03515625
0 0.7734375 0.013671875 0.02734375 0.02734375
0 0.658203125 0.0107421875 0.0234375 0.021484375
0 0.326171875 0.0205078125 0.0234375 0.041015625
0 0.2138671875 0.0146484375 0.029296875 0.029296875
0 0.0986328125 0.0068359375 0.017578125 0.013671875