0 0.8037109375 0.990234375 0.044921875 0.01953125
0 0.1494140625 0.990234375 0.068359375 0.01953125
0 0.298828125 0.9892578125 0.0234375 0.021484375
0 0.3828125 0.9072265625 0.08203125 0.048828125
0 0.9384765625 0.9384765625 0.123046875 0.123046875
0 0.4853515625 0.826171875 0.025390625 0.02734375
0 0.458984375 0.818359375 0.0234375 0.0234375
0 0.43359375 0.80859375 0.0234375 0.0234375
0 0.1162109375 0.798828125 0.173828125 0.15234375
0 0.193359375 0.71875 0.0234375 0.0234375
0 0.17578125 0.69140625 0.05078125 0.046875
0 0.0078125 0.6650390625 0.015625 0.029296875
0 0.119140625 0.6767578125 0.0859375 0.126953125
0 0.4208984375 0.50390625 0.025390625 0.0234375
0 0.263671875 0.4921875 0.0234375 0.0234375
0 0.015625 0.0068359375 0.03125 0.013671875