0 0.568359375 0.9921875 0.02734375 0.015625
0 0.0849609375 0.9921875 0.029296875 0.015625
0 0.462890625 0.9912109375 0.01953125 0.017578125
0 0.3701171875 0.9912109375 0.025390625 0.017578125
0 0.2353515625 0.9912109375 0.021484375 0.017578125
0 0.67578125 0.9833984375 0.04296875 0.033203125
0 0.853515625 0.978515625 0.0234375 0.04296875
0 0.775390625 0.9755859375 0.0234375 0.044921875
0 0.2734375 0.958984375 0.03515625 0.03515625
0 0.55859375 0.9560546875 0.03125 0.041015625
0 0.3603515625 0.953125 0.033203125 0.03515625
0 0.4404296875 0.9541015625 0.033203125 0.044921875
0 0.1611328125 0.9384765625 0.033203125 0.033203125
0 0.1162109375 0.951171875 0.044921875 0.0625
0 0.6416015625 0.93359375 0.033203125 0.04296875
0 0.3017578125 0.921875 0.037109375 0.0390625
0 0.208984375 0.90625 0.0390625 0.03515625
0 0.541015625 0.8994140625 0.02734375 0.037109375
0 0.7744140625 0.9033203125 0.021484375 0.052734375
0 0.857421875 0.896484375 0.02734375 0.046875
0 0.4375 0.8828125 0.03515625 0.04296875
0 0.6240234375 0.873046875 0.033203125 0.05078125
0 0.361328125 0.8564453125 0.0390625 0.029296875
0 0.2412109375 0.861328125 0.041015625 0.0390625
0 0.5302734375 0.8447265625 0.033203125 0.033203125
0 0.7734375 0.8408203125 0.01953125 0.041015625
0 0.845703125 0.8251953125 0.01953125 0.048828125
0 0.4375 0.8076171875 0.02734375 0.025390625
0 0.609375 0.8125 0.03125 0.0390625
0 0.2744140625 0.8056640625 0.029296875 0.041015625
0 0.3818359375 0.8037109375 0.037109375 0.044921875
0 0.2255859375 0.791015625 0.029296875 0.0234375
0 0.189453125 0.78515625 0.03515625 0.01953125
0 0.1435546875 0.7900390625 0.041015625 0.041015625
0 0.0869140625 0.771484375 0.033203125 0.0234375
0 0.7724609375 0.775390625 0.021484375 0.04296875
0 0.0478515625 0.7626953125 0.025390625 0.029296875
0 0.009765625 0.7587890625 0.01953125 0.029296875
0 0.9677734375 0.7626953125 0.033203125 0.044921875
0 0.513671875 0.765625 0.0390625 0.0546875
0 0.392578125 0.7587890625 0.03125 0.041015625
0 0.927734375 0.75 0.0390625 0.03125
0 0.8466796875 0.748046875 0.017578125 0.0390625
0 0.5927734375 0.7470703125 0.037109375 0.041015625
0 0.30859375 0.728515625 0.03125 0.03515625
0 0.1884765625 0.7158203125 0.025390625 0.021484375
0 0.12890625 0.705078125 0.02734375 0.0234375
0 0.40625 0.708984375 0.02734375 0.03515625
0 0.7705078125 0.70703125 0.025390625 0.04296875
0 0.076171875 0.6962890625 0.03125 0.021484375
0 0.02734375 0.6875 0.02734375 0.01953125
0 0.9970703125 0.6884765625 0.005859375 0.025390625
0 0.3193359375 0.6865234375 0.041015625 0.037109375
0 0.9443359375 0.6767578125 0.025390625 0.025390625
0 0.9765625 0.677734375 0.0234375 0.03515625
0 0.01171875 0.6640625 0.0078125 0.01171875
0 0.49609375 0.6787109375 0.02734375 0.048828125
0 0.578125 0.677734375 0.0390625 0.0546875
0 0.9130859375 0.6669921875 0.025390625 0.044921875
0 0.2451171875 0.66015625 0.033203125 0.03125
0 0.8486328125 0.6572265625 0.021484375 0.041015625
0 0.4296875 0.6494140625 0.01953125 0.037109375
0 0.7685546875 0.64453125 0.025390625 0.03125
0 0.3408203125 0.6064453125 0.044921875 0.029296875
0 0.55859375 0.607421875 0.02734375 0.0390625
0 0.9794921875 0.5859375 0.029296875 0.0234375
0 0.46875 0.587890625 0.02734375 0.02734375
0 0.771484375 0.583984375 0.01953125 0.03515625
0 0.9462890625 0.5830078125 0.021484375 0.041015625
0 0.9140625 0.5712890625 0.0234375 0.021484375
0 0.8544921875 0.580078125 0.033203125 0.0625
0 0.525390625 0.533203125 0.03125 0.02734375
0 0.1845703125 0.53125 0.060546875 0.0546875
0 0.9541015625 0.50390625 0.021484375 0.02734375
0 0.8095703125 0.5029296875 0.044921875 0.033203125
0 0.587890625 0.505859375 0.03515625 0.0390625
0 0.2607421875 0.5146484375 0.060546875 0.056640625
0 0.916015625 0.494140625 0.01953125 0.03125
0 0.990234375 0.4990234375 0.01953125 0.048828125
0 0.669921875 0.4833984375 0.03125 0.021484375
0 0.3779296875 0.482421875 0.033203125 0.0234375
0 0.9716796875 0.4716796875 0.009765625 0.017578125
0 0.8203125 0.466796875 0.015625 0.015625
0 0.8740234375 0.4541015625 0.013671875 0.017578125
0 0.9033203125 0.4501953125 0.017578125 0.017578125
0 0.158203125 0.462890625 0.0625 0.05859375
0 0.775390625 0.4404296875 0.0390625 0.025390625
0 0.962890625 0.4365234375 0.01953125 0.021484375
0 0.2373046875 0.447265625 0.060546875 0.05859375
0 0.833984375 0.421875 0.03125 0.03125
0 0.419921875 0.4287109375 0.0625 0.060546875
0 0.8837890625 0.41015625 0.025390625 0.03515625
0 0.3369140625 0.40234375 0.060546875 0.0625
0 0.9580078125 0.3837890625 0.029296875 0.033203125
0 0.044921875 0.369140625 0.05859375 0.05859375
0 0.9931640625 0.357421875 0.013671875 0.0390625
0 0.4345703125 0.35546875 0.060546875 0.0625
0 0.1181640625 0.3544921875 0.060546875 0.060546875
0 0.6748046875 0.337890625 0.060546875 0.05859375
0 0.3251953125 0.3251953125 0.060546875 0.060546875
0 0.74609375 0.2998046875 0.0625 0.056640625
0 0.0302734375 0.29296875 0.060546875 0.05859375
0 0.5283203125 0.29296875 0.115234375 0.08984375
0 0.1923828125 0.2783203125 0.060546875 0.060546875
0 0.9033203125 0.2666015625 0.056640625 0.056640625
0 0.1064453125 0.26953125 0.060546875 0.0625
0 0.8134765625 0.244140625 0.056640625 0.05859375
0 0.96875 0.228515625 0.0546875 0.05859375
0 0.0244140625 0.216796875 0.048828125 0.05859375
0 0.3203125 0.2099609375 0.0625 0.056640625
0 0.0966796875 0.1953125 0.060546875 0.0625
0 0.3984375 0.1923828125 0.0625 0.060546875
0 0.25 0.1884765625 0.05859375 0.060546875
0 0.6689453125 0.1708984375 0.052734375 0.041015625
0 0.8486328125 0.1728515625 0.056640625 0.060546875
0 0.9306640625 0.1591796875 0.056640625 0.056640625
0 0.01953125 0.138671875 0.0390625 0.0625
0 0.66796875 0.1162109375 0.05078125 0.037109375
0 0.369140625 0.126953125 0.05859375 0.05859375
0 0.0966796875 0.1162109375 0.060546875 0.060546875
0 0.6650390625 0.0595703125 0.052734375 0.037109375
0 0.52734375 0.052734375 0.0234375 0.0234375
0 0.7314453125 0.056640625 0.052734375 0.0390625
0 0.0185546875 0.0673828125 0.037109375 0.060546875
0 0.5791015625 0.0458984375 0.025390625 0.021484375
0 0.5166015625 0.029296875 0.013671875 0.015625
0 0.5234375 0.013671875 0.01953125 0.01171875
0 0.6337890625 0.001953125 0.025390625 0.00390625
0 0.6044921875 0.00390625 0.013671875 0.0078125
0 0.56640625 0.005859375 0.01953125 0.01171875
0 0.4609375 0.0107421875 0.01953125 0.021484375