0 0.1875 0.9970703125 0.015625 0.005859375
0 0.310546875 0.9931640625 0.01953125 0.013671875
0 0.0576171875 0.9921875 0.025390625 0.015625
0 0.2744140625 0.9892578125 0.017578125 0.021484375
0 0.2275390625 0.9853515625 0.033203125 0.029296875
0 0.1591796875 0.9814453125 0.029296875 0.025390625
0 0.8212890625 0.96875 0.037109375 0.04296875
0 0.9873046875 0.95703125 0.025390625 0.02734375
0 0.05859375 0.955078125 0.03125 0.02734375
0 0.4775390625 0.951171875 0.021484375 0.0234375
0 0.4404296875 0.9443359375 0.025390625 0.025390625
0 0.0283203125 0.935546875 0.013671875 0.015625
0 0.966796875 0.9306640625 0.015625 0.013671875
0 0.296875 0.9228515625 0.0390625 0.025390625
0 0.7763671875 0.9169921875 0.021484375 0.025390625
0 0.236328125 0.9091796875 0.03125 0.025390625
0 0.9248046875 0.9013671875 0.025390625 0.021484375
0 0.447265625 0.9072265625 0.015625 0.033203125
0 0.3515625 0.916015625 0.0390625 0.05078125
0 0.0830078125 0.8984375 0.025390625 0.02734375
0 0.1787109375 0.892578125 0.033203125 0.03125
0 0.859375 0.888671875 0.03125 0.02734375
0 0.8212890625 0.8779296875 0.029296875 0.029296875
0 0.0908203125 0.865234375 0.025390625 0.03515625
0 0.9853515625 0.857421875 0.029296875 0.0234375
0 0.775390625 0.8583984375 0.02734375 0.025390625
0 0.3759765625 0.8603515625 0.025390625 0.029296875
0 0.451171875 0.8583984375 0.03125 0.029296875
0 0.3134765625 0.84765625 0.029296875 0.03125
0 0.2587890625 0.8427734375 0.037109375 0.033203125
0 0.9931640625 0.8271484375 0.013671875 0.021484375
0 0.458984375 0.822265625 0.02734375 0.02734375
0 0.1923828125 0.8251953125 0.037109375 0.033203125
0 0.1005859375 0.818359375 0.025390625 0.0390625
0 0.9072265625 0.814453125 0.025390625 0.04296875
0 0.484375 0.7978515625 0.015625 0.013671875
0 0.8427734375 0.798828125 0.025390625 0.01953125
0 0.994140625 0.7978515625 0.01171875 0.021484375
0 0.08203125 0.7890625 0.015625 0.015625
0 0.3876953125 0.7861328125 0.021484375 0.025390625
0 0.109375 0.78125 0.03125 0.02734375
0 0.4609375 0.78125 0.01953125 0.03125
0 0.806640625 0.7783203125 0.02734375 0.037109375
0 0.05078125 0.7822265625 0.04296875 0.048828125
0 0.9970703125 0.765625 0.005859375 0.01953125
0 0.27734375 0.767578125 0.02734375 0.0234375
0 0.328125 0.7685546875 0.03125 0.033203125
0 0.0302734375 0.7646484375 0.025390625 0.025390625
0 0.771484375 0.7626953125 0.02734375 0.041015625
0 0.736328125 0.7568359375 0.03125 0.037109375
0 0.2041015625 0.75390625 0.033203125 0.03125
0 0.232421875 0.74609375 0.01953125 0.01953125
0 0.701171875 0.74609375 0.0234375 0.03125
0 0.6708984375 0.7373046875 0.021484375 0.021484375
0 0.8203125 0.716796875 0.01953125 0.01171875
0 0.6103515625 0.712890625 0.017578125 0.015625
0 0.9970703125 0.705078125 0.005859375 0.015625
0 0.375 0.71484375 0.0546875 0.03515625
0 0.1220703125 0.7099609375 0.025390625 0.025390625
0 0.6357421875 0.71484375 0.029296875 0.0390625
0 0.203125 0.7041015625 0.0234375 0.025390625
0 0.572265625 0.7021484375 0.01953125 0.025390625
0 0.0751953125 0.6962890625 0.021484375 0.029296875
0 0.044921875 0.6923828125 0.02734375 0.029296875
0 0.0107421875 0.6884765625 0.021484375 0.025390625
0 0.283203125 0.6875 0.03125 0.03125
0 0.5 0.67578125 0.01953125 0.02734375
0 0.9560546875 0.6728515625 0.029296875 0.029296875
0 0.1328125 0.671875 0.0234375 0.02734375
0 0.576171875 0.6611328125 0.01953125 0.021484375
0 0.45703125 0.6611328125 0.0234375 0.025390625
0 0.2158203125 0.6630859375 0.037109375 0.033203125
0 0.4169921875 0.6494140625 0.025390625 0.029296875
0 0.935546875 0.642578125 0.01953125 0.01953125
0 0.025390625 0.62890625 0.0078125 0.015625
0 0.3583984375 0.630859375 0.029296875 0.0234375
0 0.09765625 0.6279296875 0.01171875 0.017578125
0 0.1171875 0.625 0.01171875 0.015625
0 0.5849609375 0.6259765625 0.029296875 0.021484375
0 0.32421875 0.61328125 0.0390625 0.0390625
0 0.5 0.6015625 0.01953125 0.0234375
0 0.1357421875 0.6064453125 0.021484375 0.033203125
0 0.2802734375 0.603515625 0.029296875 0.03125
0 0.0859375 0.599609375 0.02734375 0.02734375
0 0.3583984375 0.5908203125 0.013671875 0.017578125
0 0.0537109375 0.5908203125 0.025390625 0.029296875
0 0.234375 0.58984375 0.03515625 0.03125
0 0.013671875 0.587890625 0.01953125 0.03515625
0 0.314453125 0.5791015625 0.01953125 0.021484375
0 0.26953125 0.5654296875 0.01953125 0.017578125
0 0.50390625 0.5595703125 0.0234375 0.025390625
0 0.9951171875 0.5439453125 0.009765625 0.025390625
0 0.470703125 0.5302734375 0.015625 0.013671875
0 0.15234375 0.5302734375 0.01953125 0.017578125
0 0.7724609375 0.5283203125 0.025390625 0.025390625
0 0.2451171875 0.517578125 0.029296875 0.0234375
0 0.1318359375 0.51171875 0.021484375 0.02734375
0 0.5087890625 0.5087890625 0.033203125 0.033203125
0 0.0810546875 0.51171875 0.037109375 0.0390625
0 0.0322265625 0.509765625 0.021484375 0.03515625
0 0.9013671875 0.4912109375 0.021484375 0.025390625
0 0.005859375 0.4990234375 0.01171875 0.048828125
0 0.3017578125 0.4833984375 0.025390625 0.021484375
0 0.7880859375 0.4755859375 0.021484375 0.025390625
0 0.1630859375 0.474609375 0.025390625 0.0234375
0 0.10546875 0.4755859375 0.02734375 0.037109375
0 0.3232421875 0.4619140625 0.017578125 0.017578125
0 0.5263671875 0.4638671875 0.017578125 0.025390625
0 0.26171875 0.4599609375 0.0390625 0.025390625
0 0.849609375 0.4482421875 0.01953125 0.021484375
0 0.31640625 0.4404296875 0.015625 0.013671875
0 0.8046875 0.4140625 0.01953125 0.0234375
0 0.515625 0.421875 0.046875 0.0390625
0 0.16015625 0.423828125 0.05078125 0.046875
0 0.2646484375 0.4111328125 0.033203125 0.025390625
0 0.7919921875 0.392578125 0.013671875 0.01171875
0 0.8662109375 0.3916015625 0.021484375 0.017578125
0 0.5322265625 0.384765625 0.037109375 0.01953125
0 0.806640625 0.3818359375 0.0234375 0.025390625
0 0.271484375 0.3671875 0.03125 0.01953125
0 0.1669921875 0.3681640625 0.037109375 0.025390625
0 0.462890625 0.3681640625 0.05078125 0.029296875
0 0.0087890625 0.3564453125 0.017578125 0.041015625
0 0.806640625 0.3408203125 0.02734375 0.017578125
0 0.109375 0.3349609375 0.015625 0.013671875
0 0.5380859375 0.33984375 0.041015625 0.02734375
0 0.8701171875 0.3330078125 0.029296875 0.025390625
0 0.27734375 0.3291015625 0.03125 0.025390625
0 0.1787109375 0.326171875 0.021484375 0.01953125
0 0.4638671875 0.318359375 0.021484375 0.01953125
0 0.9443359375 0.3173828125 0.017578125 0.021484375
0 0.044921875 0.326171875 0.03515625 0.04296875
0 0.4736328125 0.2978515625 0.033203125 0.025390625
0 0.8134765625 0.2939453125 0.021484375 0.033203125
0 0.951171875 0.2841796875 0.015625 0.017578125
0 0.869140625 0.283203125 0.0234375 0.01953125
0 0.5537109375 0.287109375 0.025390625 0.02734375
0 0.994140625 0.2939453125 0.01171875 0.048828125
0 0.521484375 0.267578125 0.015625 0.015625
0 0.201171875 0.275390625 0.03515625 0.0390625
0 0.802734375 0.2568359375 0.01953125 0.021484375
0 0.150390625 0.2568359375 0.02734375 0.029296875
0 0.9521484375 0.2568359375 0.021484375 0.033203125
0 0.55859375 0.25 0.0234375 0.02734375
0 0.8642578125 0.2392578125 0.017578125 0.025390625
0 0.806640625 0.2177734375 0.01953125 0.017578125
0 0.955078125 0.21875 0.03125 0.0234375
0 0.2021484375 0.220703125 0.041015625 0.0390625
0 0.72265625 0.203125 0.015625 0.015625
0 0.875 0.1953125 0.0234375 0.0234375
0 0.6953125 0.1806640625 0.015625 0.017578125
0 0.8125 0.1787109375 0.01953125 0.017578125
0 0.10546875 0.1875 0.0390625 0.03515625
0 0.9619140625 0.1748046875 0.025390625 0.025390625
0 0.8740234375 0.162109375 0.021484375 0.01953125
0 0.80078125 0.1552734375 0.015625 0.017578125
0 0.4697265625 0.162109375 0.025390625 0.0390625
0 0.55859375 0.166015625 0.03515625 0.0546875
0 0.5048828125 0.16015625 0.025390625 0.04296875
0 0.1455078125 0.1552734375 0.025390625 0.033203125
0 0.96484375 0.1455078125 0.0234375 0.021484375
0 0.2080078125 0.140625 0.021484375 0.0234375
0 0.1845703125 0.1357421875 0.009765625 0.013671875
0 0.6357421875 0.1650390625 0.041015625 0.087890625
0 0.7275390625 0.1337890625 0.029296875 0.033203125
0 0.669921875 0.1298828125 0.04296875 0.033203125
0 0.8076171875 0.126953125 0.021484375 0.03125
0 0.2626953125 0.1142578125 0.044921875 0.021484375
0 0.97265625 0.109375 0.01953125 0.01953125
0 0.2041015625 0.1044921875 0.017578125 0.021484375
0 0.95703125 0.0810546875 0.015625 0.017578125
0 0.8779296875 0.09375 0.025390625 0.05078125
0 0.3515625 0.0712890625 0.0078125 0.013671875
0 0.3740234375 0.078125 0.025390625 0.03125
0 0.3310546875 0.076171875 0.021484375 0.02734375
0 0.447265625 0.078125 0.0234375 0.03515625
0 0.3935546875 0.0693359375 0.009765625 0.017578125
0 0.9306640625 0.0654296875 0.025390625 0.025390625
0 0.505859375 0.0654296875 0.02734375 0.029296875
0 0.6416015625 0.056640625 0.029296875 0.02734375
0 0.689453125 0.0498046875 0.03515625 0.025390625
0 0.22265625 0.048828125 0.02734375 0.02734375
0 0.7314453125 0.0400390625 0.029296875 0.025390625
0 0.5810546875 0.04296875 0.037109375 0.05078125
0 0.9326171875 0.001953125 0.009765625 0.00390625
0 0.892578125 0.0126953125 0.0390625 0.025390625
0 0.8447265625 0.01171875 0.025390625 0.0234375
0 0.7548828125 0.0087890625 0.029296875 0.017578125
0 0.173828125 0.0107421875 0.02734375 0.021484375