0 0.01171875 0.9970703125 0.015625 0.005859375
0 0.4541015625 0.99609375 0.033203125 0.0078125
0 0.2001953125 0.9833984375 0.021484375 0.017578125
0 0.3740234375 0.9775390625 0.033203125 0.025390625
0 0.4580078125 0.9697265625 0.041015625 0.021484375
0 0.0234375 0.9697265625 0.01953125 0.041015625
0 0.0595703125 0.95703125 0.029296875 0.02734375
0 0.873046875 0.953125 0.04296875 0.04296875
0 0.314453125 0.9482421875 0.02734375 0.033203125
0 0.5068359375 0.9443359375 0.037109375 0.029296875
0 0.275390625 0.9521484375 0.0234375 0.044921875
0 0.5458984375 0.9375 0.017578125 0.02734375
0 0.4560546875 0.9375 0.041015625 0.02734375
0 0.388671875 0.9345703125 0.0234375 0.021484375
0 0.0322265625 0.9052734375 0.021484375 0.025390625
0 0.0107421875 0.9052734375 0.017578125 0.029296875
0 0.3916015625 0.890625 0.029296875 0.01953125
0 0.3212890625 0.8857421875 0.021484375 0.021484375
0 0.3671875 0.8837890625 0.015625 0.025390625
0 0.2802734375 0.8837890625 0.017578125 0.025390625
0 0.244140625 0.8876953125 0.0390625 0.033203125
0 0.16015625 0.8857421875 0.04296875 0.033203125
0 0.4833984375 0.873046875 0.013671875 0.015625
0 0.458984375 0.8798828125 0.0234375 0.029296875
0 0.5830078125 0.869140625 0.013671875 0.015625
0 0.5185546875 0.8779296875 0.029296875 0.033203125
0 0.384765625 0.8701171875 0.015625 0.017578125
0 0.5595703125 0.8720703125 0.021484375 0.041015625
0 0.62890625 0.8701171875 0.0234375 0.041015625
0 0.4599609375 0.845703125 0.025390625 0.01953125
0 0.2646484375 0.8427734375 0.037109375 0.021484375
0 0.390625 0.8427734375 0.02734375 0.033203125
0 0.50390625 0.8271484375 0.01953125 0.017578125
0 0.060546875 0.8583984375 0.12109375 0.095703125
0 0.2763671875 0.81640625 0.037109375 0.0234375
0 0.466796875 0.8076171875 0.03515625 0.017578125
0 0.3974609375 0.8076171875 0.025390625 0.017578125
0 0.1630859375 0.828125 0.083984375 0.05859375
0 0.591796875 0.80859375 0.02734375 0.03515625
0 0.533203125 0.794921875 0.03125 0.0234375
0 0.462890625 0.7880859375 0.0234375 0.017578125
0 0.283203125 0.7861328125 0.0234375 0.017578125
0 0.5947265625 0.77734375 0.025390625 0.015625
0 0.005859375 0.7724609375 0.01171875 0.021484375
0 0.0478515625 0.767578125 0.021484375 0.0234375
0 0.5380859375 0.7646484375 0.033203125 0.021484375
0 0.078125 0.7646484375 0.0234375 0.021484375
0 0.603515625 0.7548828125 0.02734375 0.017578125
0 0.2900390625 0.7568359375 0.029296875 0.025390625
0 0.11328125 0.7587890625 0.0234375 0.029296875
0 0.15234375 0.751953125 0.0234375 0.03515625
0 0.47265625 0.7490234375 0.046875 0.052734375
0 0.609375 0.73046875 0.01953125 0.01953125
0 0.544921875 0.732421875 0.02734375 0.0234375
0 0.017578125 0.7265625 0.015625 0.01171875
0 0.291015625 0.728515625 0.02734375 0.0234375
0 0.068359375 0.724609375 0.015625 0.015625
0 0.9912109375 0.7255859375 0.017578125 0.025390625
0 0.2119140625 0.71484375 0.037109375 0.01953125
0 0.3896484375 0.7373046875 0.048828125 0.072265625
0 0.54296875 0.705078125 0.0234375 0.0234375
0 0.3349609375 0.705078125 0.025390625 0.0234375
0 0.15234375 0.6982421875 0.0234375 0.017578125
0 0.4755859375 0.6943359375 0.029296875 0.017578125
0 0.2958984375 0.697265625 0.029296875 0.02734375
0 0.111328125 0.6962890625 0.01953125 0.025390625
0 0.03515625 0.6943359375 0.01953125 0.021484375
0 0.009765625 0.6943359375 0.01953125 0.021484375
0 0.6142578125 0.6953125 0.021484375 0.02734375
0 0.1826171875 0.69140625 0.017578125 0.01953125
0 0.0869140625 0.6962890625 0.021484375 0.029296875
0 0.220703125 0.69140625 0.03515625 0.0234375
0 0.5478515625 0.6728515625 0.017578125 0.025390625
0 0.4755859375 0.6640625 0.025390625 0.0234375
0 0.4091796875 0.65234375 0.021484375 0.01953125
0 0.3681640625 0.6494140625 0.021484375 0.017578125
0 0.318359375 0.640625 0.015625 0.0234375
0 0.294921875 0.63671875 0.0234375 0.01953125
0 0.0537109375 0.6357421875 0.017578125 0.021484375
0 0.4765625 0.6337890625 0.02734375 0.021484375
0 0.224609375 0.6337890625 0.03125 0.021484375
0 0.1005859375 0.6337890625 0.017578125 0.025390625
0 0.34375 0.623046875 0.015625 0.015625
0 0.1279296875 0.630859375 0.017578125 0.03125
0 0.01953125 0.62890625 0.01953125 0.03125
0 0.544921875 0.6318359375 0.04296875 0.041015625
0 0.4091796875 0.6220703125 0.025390625 0.021484375
0 0.173828125 0.6298828125 0.01953125 0.037109375
0 0.0029296875 0.60546875 0.005859375 0.01171875
0 0.4736328125 0.599609375 0.021484375 0.015625
0 0.3056640625 0.6064453125 0.041015625 0.029296875
0 0.2119140625 0.6015625 0.013671875 0.01953125
0 0.4091796875 0.595703125 0.033203125 0.01953125
0 0.234375 0.5849609375 0.01953125 0.029296875
0 0.138671875 0.58203125 0.02734375 0.0234375
0 0.33984375 0.5712890625 0.015625 0.017578125
0 0.48046875 0.5751953125 0.02734375 0.029296875
0 0.3076171875 0.57421875 0.033203125 0.02734375
0 0.1708984375 0.5791015625 0.021484375 0.037109375
0 0.5908203125 0.5771484375 0.037109375 0.041015625
0 0.4130859375 0.5673828125 0.025390625 0.021484375
0 0.0908203125 0.5771484375 0.037109375 0.044921875
0 0.068359375 0.5634765625 0.01953125 0.021484375
0 0.0224609375 0.5625 0.021484375 0.03125
0 0.00390625 0.5537109375 0.0078125 0.017578125
0 0.7705078125 0.658203125 0.236328125 0.2421875
0 0.302734375 0.5419921875 0.0234375 0.017578125
0 0.5302734375 0.5302734375 0.033203125 0.037109375
0 0.6318359375 0.52734375 0.033203125 0.03515625
0 0.3056640625 0.5126953125 0.025390625 0.017578125
0 0.2236328125 0.5185546875 0.029296875 0.033203125
0 0.130859375 0.505859375 0.0234375 0.02734375
0 0.158203125 0.5068359375 0.0234375 0.033203125
0 0.6083984375 0.5029296875 0.033203125 0.033203125
0 0.1015625 0.5029296875 0.02734375 0.033203125
0 0.076171875 0.4990234375 0.0234375 0.033203125
0 0.0498046875 0.4970703125 0.025390625 0.029296875
0 0.0068359375 0.4921875 0.013671875 0.0234375
0 0.3935546875 0.50390625 0.052734375 0.05859375
0 0.306640625 0.48046875 0.02734375 0.015625
0 0.3408203125 0.4794921875 0.021484375 0.025390625
0 0.5859375 0.4833984375 0.03515625 0.037109375
0 0.2353515625 0.4736328125 0.041015625 0.021484375
0 0.6826171875 0.466796875 0.037109375 0.03515625
0 0.009765625 0.455078125 0.015625 0.015625
0 0.0732421875 0.4541015625 0.052734375 0.021484375
0 0.5615234375 0.455078125 0.033203125 0.03125
0 0.2587890625 0.4423828125 0.029296875 0.021484375
0 0.6494140625 0.443359375 0.037109375 0.03515625
0 0.005859375 0.431640625 0.01171875 0.01953125
0 0.5322265625 0.4306640625 0.037109375 0.033203125
0 0.0673828125 0.423828125 0.037109375 0.0234375
0 0.322265625 0.4375 0.05078125 0.06640625
0 0.7158203125 0.4267578125 0.044921875 0.048828125
0 0.5048828125 0.4609375 0.130859375 0.1171875
0 0.40625 0.419921875 0.0390625 0.04296875
0 0.603515625 0.4091796875 0.03125 0.033203125
0 0.375 0.4033203125 0.046875 0.044921875
0 0.2666015625 0.404296875 0.025390625 0.046875
0 0.1455078125 0.3935546875 0.025390625 0.029296875
0 0.18359375 0.390625 0.01953125 0.03125
0 0.1171875 0.3896484375 0.02734375 0.033203125
0 0.0908203125 0.38671875 0.025390625 0.03125
0 0.427734375 0.380859375 0.02734375 0.02734375
0 0.0634765625 0.3828125 0.025390625 0.03125
0 0.7021484375 0.390625 0.080078125 0.0625
0 0.01171875 0.376953125 0.0234375 0.0390625
0 0.4052734375 0.3525390625 0.033203125 0.033203125
0 0.5478515625 0.3505859375 0.048828125 0.060546875
0 0.451171875 0.3466796875 0.08984375 0.072265625
0 0.8671875 0.3115234375 0.01171875 0.017578125
0 0.234375 0.314453125 0.02734375 0.0234375
0 0.7470703125 0.3115234375 0.025390625 0.021484375
0 0.2001953125 0.3125 0.021484375 0.02734375
0 0.71484375 0.3076171875 0.02734375 0.021484375
0 0.171875 0.3125 0.02734375 0.03125
0 0.92578125 0.3095703125 0.02734375 0.029296875
0 0.841796875 0.3076171875 0.02734375 0.025390625
0 0.9853515625 0.314453125 0.021484375 0.04296875
0 0.9580078125 0.3125 0.021484375 0.0390625
0 0.11328125 0.30859375 0.0234375 0.03125
0 0.8037109375 0.3046875 0.029296875 0.02734375
0 0.0458984375 0.3037109375 0.029296875 0.025390625
0 0.8955078125 0.3056640625 0.029296875 0.033203125
0 0.685546875 0.294921875 0.02734375 0.0234375
0 0.318359375 0.3173828125 0.0703125 0.072265625
0 0.083984375 0.296875 0.02734375 0.0390625
0 0.5009765625 0.30078125 0.064453125 0.0625
0 0.546875 0.2880859375 0.046875 0.044921875
0 0.2333984375 0.2744140625 0.025390625 0.029296875
0 0.6650390625 0.275390625 0.033203125 0.0390625
0 0.1728515625 0.2626953125 0.033203125 0.021484375
0 0.0419921875 0.2626953125 0.037109375 0.021484375
0 0.1103515625 0.2548828125 0.029296875 0.021484375
0 0.3955078125 0.2607421875 0.068359375 0.044921875
0 0.7470703125 0.24609375 0.044921875 0.03125
0 0.9912109375 0.248046875 0.017578125 0.0390625
0 0.9697265625 0.244140625 0.029296875 0.04296875
0 0.169921875 0.2314453125 0.0390625 0.021484375
0 0.1064453125 0.23046875 0.037109375 0.01953125
0 0.041015625 0.2314453125 0.03515625 0.021484375
0 0.2265625 0.23046875 0.0234375 0.03125
0 0.291015625 0.2529296875 0.05078125 0.080078125
0 0.9462890625 0.22265625 0.021484375 0.0234375
0 0.4169921875 0.220703125 0.029296875 0.02734375
0 0.755859375 0.2177734375 0.02734375 0.025390625
0 0.9091796875 0.216796875 0.029296875 0.03515625
0 0.4873046875 0.220703125 0.048828125 0.046875
0 0.166015625 0.205078125 0.03125 0.0234375
0 0.1025390625 0.2021484375 0.029296875 0.021484375
0 0.0390625 0.2021484375 0.03515625 0.021484375
0 0.876953125 0.208984375 0.03125 0.0390625
0 0.626953125 0.2314453125 0.08984375 0.083984375
0 0.396484375 0.2001953125 0.02734375 0.025390625
0 0.4658203125 0.193359375 0.017578125 0.015625
0 0.2177734375 0.189453125 0.021484375 0.01953125
0 0.07421875 0.1875 0.015625 0.015625
0 0.671875 0.1923828125 0.03515625 0.041015625
0 0.55859375 0.185546875 0.02734375 0.02734375
0 0.83984375 0.193359375 0.0546875 0.046875
0 0.3798828125 0.177734375 0.025390625 0.02734375
0 0.1025390625 0.1728515625 0.025390625 0.021484375
0 0.16015625 0.1728515625 0.03125 0.025390625
0 0.0390625 0.171875 0.03515625 0.0234375
0 0.69921875 0.1748046875 0.03515625 0.044921875
0 0.939453125 0.1611328125 0.03125 0.021484375
0 0.76953125 0.1708984375 0.03125 0.044921875
0 0.4453125 0.1611328125 0.03515625 0.037109375
0 0.36328125 0.1572265625 0.02734375 0.029296875
0 0.2099609375 0.1513671875 0.021484375 0.017578125
0 0.1025390625 0.146484375 0.021484375 0.01953125
0 0.5048828125 0.162109375 0.052734375 0.0546875
0 0.7236328125 0.1572265625 0.044921875 0.048828125
0 0.5302734375 0.1455078125 0.025390625 0.025390625
0 0.2783203125 0.1748046875 0.048828125 0.083984375
0 0.03515625 0.140625 0.03515625 0.01953125
0 0.4208984375 0.142578125 0.029296875 0.02734375
0 0.16015625 0.142578125 0.03515625 0.02734375
0 0.4775390625 0.1337890625 0.021484375 0.021484375
0 0.34375 0.1328125 0.02734375 0.02734375
0 0.267578125 0.1259765625 0.04296875 0.021484375
0 0.8740234375 0.126953125 0.025390625 0.03515625
0 0.2041015625 0.119140625 0.025390625 0.0234375
0 0.4033203125 0.119140625 0.029296875 0.02734375
0 0.0986328125 0.115234375 0.021484375 0.01953125
0 0.9169921875 0.123046875 0.037109375 0.0390625
0 0.15625 0.1142578125 0.03125 0.021484375
0 0.033203125 0.1142578125 0.03125 0.021484375
0 0.8505859375 0.1181640625 0.029296875 0.037109375
0 0.328125 0.10546875 0.02734375 0.02734375
0 0.486328125 0.103515625 0.03515625 0.03125
0 0.3876953125 0.095703125 0.029296875 0.03515625
0 0.26171875 0.09765625 0.046875 0.04296875
0 0.15234375 0.0869140625 0.0234375 0.021484375
0 0.09765625 0.0830078125 0.01953125 0.017578125
0 0.0341796875 0.0859375 0.029296875 0.0234375
0 0.3076171875 0.0830078125 0.025390625 0.029296875
0 0.1875 0.0712890625 0.015625 0.013671875
0 0.8701171875 0.0791015625 0.025390625 0.033203125
0 0.8095703125 0.08203125 0.060546875 0.046875
0 0.9853515625 0.072265625 0.029296875 0.03515625
0 0.0927734375 0.05859375 0.021484375 0.015625
0 0.033203125 0.0576171875 0.03125 0.021484375
0 0.150390625 0.052734375 0.02734375 0.01953125
0 0.951171875 0.05859375 0.03515625 0.03515625
0 0.8046875 0.0478515625 0.03125 0.025390625
0 0.9111328125 0.046875 0.029296875 0.03125
0 0.251953125 0.05078125 0.04296875 0.046875
0 0.8828125 0.0380859375 0.02734375 0.033203125
0 0.85546875 0.025390625 0.02734375 0.03125
0 0.9873046875 0.0107421875 0.025390625 0.021484375
0 0.9609375 0.0029296875 0.015625 0.005859375
0 0.818359375 0.015625 0.02734375 0.03125
0 0.611328125 0.0205078125 0.05859375 0.041015625
0 0.478515625 0.01171875 0.046875 0.0234375
0 0.390625 0.02734375 0.08203125 0.0546875
0 0.240234375 0.005859375 0.02734375 0.01171875
0 0.1044921875 0.01171875 0.029296875 0.0234375
0 0.0576171875 0.0087890625 0.021484375 0.017578125
0 0.025390625 0.0087890625 0.02734375 0.017578125