0 0.068359375 0.9921875 0.01953125 0.015625
0 0.2890625 0.9912109375 0.0625 0.017578125
0 0.1416015625 0.986328125 0.021484375 0.01953125
0 0.005859375 0.9814453125 0.01171875 0.013671875
0 0.2294921875 0.986328125 0.037109375 0.02734375
0 0.060546875 0.974609375 0.02734375 0.0234375
0 0.2060546875 0.951171875 0.044921875 0.03125
0 0.275390625 0.958984375 0.07421875 0.05859375
0 0.0107421875 0.9326171875 0.021484375 0.037109375
0 0.2587890625 0.92578125 0.044921875 0.03125
0 0.0322265625 0.923828125 0.029296875 0.0390625
0 0.2021484375 0.9111328125 0.037109375 0.033203125
0 0.0595703125 0.912109375 0.033203125 0.0390625
0 0.083984375 0.9033203125 0.02734375 0.033203125
0 0.109375 0.8876953125 0.03515625 0.041015625
0 0.2353515625 0.875 0.033203125 0.02734375
0 0.1337890625 0.8681640625 0.021484375 0.025390625
0 0.01171875 0.869140625 0.0234375 0.03125
0 0.2255859375 0.857421875 0.033203125 0.0234375
0 0.1572265625 0.8623046875 0.029296875 0.037109375
0 0.1806640625 0.8544921875 0.025390625 0.029296875
0 0.0556640625 0.84765625 0.021484375 0.0234375
0 0.0302734375 0.8486328125 0.033203125 0.044921875
0 0.2158203125 0.833984375 0.033203125 0.02734375
0 0.0751953125 0.83203125 0.029296875 0.03515625
0 0.0947265625 0.8193359375 0.029296875 0.041015625
0 0.125 0.80859375 0.04296875 0.04296875
0 0.1552734375 0.7998046875 0.025390625 0.029296875
0 0.01171875 0.8056640625 0.0234375 0.041015625
0 0.0263671875 0.791015625 0.029296875 0.03125
0 0.193359375 0.7822265625 0.03515625 0.025390625
0 0.0498046875 0.7841796875 0.029296875 0.033203125
0 0.072265625 0.7724609375 0.03125 0.037109375
0 0.0888671875 0.7626953125 0.025390625 0.033203125
0 0.1767578125 0.7529296875 0.044921875 0.044921875
0 0.0068359375 0.744140625 0.013671875 0.03125
0 0.12109375 0.7421875 0.0390625 0.03515625
0 0.0224609375 0.7294921875 0.029296875 0.037109375
0 0.162109375 0.7216796875 0.03515625 0.025390625
0 0.044921875 0.720703125 0.02734375 0.03515625
0 0.0654296875 0.70703125 0.029296875 0.0390625
0 0.08984375 0.6962890625 0.03125 0.037109375
0 0.115234375 0.6904296875 0.0234375 0.033203125
0 0.1484375 0.6865234375 0.0390625 0.029296875
0 0.02734375 0.6845703125 0.03125 0.029296875
0 0.0654296875 0.6669921875 0.033203125 0.033203125
0 0.13671875 0.6630859375 0.0390625 0.033203125
0 0.126953125 0.640625 0.02734375 0.0234375
0 0.0126953125 0.642578125 0.025390625 0.03125
0 0.0478515625 0.625 0.044921875 0.0390625
0 0.107421875 0.6005859375 0.03515625 0.029296875
0 0.01171875 0.5849609375 0.0234375 0.029296875
0 0.0380859375 0.5751953125 0.029296875 0.037109375
0 0.083984375 0.564453125 0.0390625 0.05078125
0 0.001953125 0.5341796875 0.00390625 0.005859375
0 0.0146484375 0.513671875 0.029296875 0.03125
0 0.060546875 0.494140625 0.0390625 0.03125
0 0.0458984375 0.4697265625 0.041015625 0.029296875
0 0.001953125 0.455078125 0.00390625 0.0078125
0 0.03515625 0.44140625 0.0390625 0.02734375
0 0.0263671875 0.41796875 0.037109375 0.03125
0 0.0126953125 0.359375 0.025390625 0.03125
0 0.005859375 0.3251953125 0.01171875 0.025390625