0 0.79296875 0.994140625 0.02734375 0.01171875
0 0.9111328125 0.990234375 0.025390625 0.01953125
0 0.5849609375 0.9892578125 0.021484375 0.017578125
0 0.9482421875 0.9716796875 0.037109375 0.037109375
0 0.560546875 0.93359375 0.0234375 0.02734375
0 0.978515625 0.931640625 0.0390625 0.03515625
0 0.8681640625 0.92578125 0.025390625 0.03125
0 0.755859375 0.9345703125 0.0390625 0.048828125
0 0.50390625 0.89453125 0.01953125 0.01953125
0 0.9072265625 0.8935546875 0.033203125 0.025390625
0 0.998046875 0.8818359375 0.00390625 0.005859375
0 0.92578125 0.8623046875 0.02734375 0.025390625
0 0.8310546875 0.8583984375 0.037109375 0.037109375
0 0.732421875 0.859375 0.0390625 0.046875
0 0.9599609375 0.818359375 0.033203125 0.02734375
0 0.9892578125 0.7978515625 0.021484375 0.033203125
0 0.8857421875 0.7744140625 0.029296875 0.041015625
0 0.7998046875 0.76171875 0.037109375 0.0625
0 0.7353515625 0.732421875 0.044921875 0.03125
0 0.94140625 0.71484375 0.03125 0.0390625
0 0.5341796875 0.69921875 0.044921875 0.04296875
0 0.8193359375 0.6806640625 0.025390625 0.025390625
0 0.87109375 0.6484375 0.0390625 0.03125
0 0.6005859375 0.6484375 0.044921875 0.04296875
0 0.458984375 0.57421875 0.0234375 0.05078125
0 0.578125 0.5703125 0.0234375 0.05078125
0 0.4716796875 0.50390625 0.048828125 0.05078125
0 0.5869140625 0.4921875 0.025390625 0.05078125
0 0.79296875 0.451171875 0.05078125 0.02734375
0 0.4765625 0.4384765625 0.02734375 0.037109375
0 0.609375 0.4228515625 0.0234375 0.048828125
0 0.4765625 0.3623046875 0.0390625 0.041015625
0 0.888671875 0.341796875 0.0234375 0.0234375
0 0.5625 0.341796875 0.0390625 0.0234375
0 0.9345703125 0.3388671875 0.029296875 0.021484375
0 0.8359375 0.33203125 0.03125 0.02734375
0 0.9833984375 0.328125 0.025390625 0.0234375
0 0.7958984375 0.30859375 0.025390625 0.0234375
0 0.759765625 0.283203125 0.02734375 0.0234375
0 0.9150390625 0.2705078125 0.025390625 0.017578125
0 0.8828125 0.2666015625 0.02734375 0.025390625
0 0.94921875 0.259765625 0.0234375 0.03125
0 0.8515625 0.2568359375 0.0234375 0.025390625
0 0.9794921875 0.2470703125 0.025390625 0.029296875
0 0.8232421875 0.240234375 0.033203125 0.02734375
0 0.9970703125 0.2255859375 0.005859375 0.017578125
0 0.791015625 0.21484375 0.01953125 0.01953125
0 0.94140625 0.19140625 0.03125 0.0234375
0 0.8974609375 0.1943359375 0.033203125 0.037109375
0 0.765625 0.1865234375 0.0234375 0.025390625
0 0.970703125 0.15234375 0.01953125 0.0234375
0 0.8642578125 0.1591796875 0.025390625 0.037109375
0 0.9658203125 0.1162109375 0.017578125 0.021484375
0 0.8671875 0.119140625 0.0234375 0.03125
0 0.9453125 0.076171875 0.01953125 0.0234375
0 0.8740234375 0.0751953125 0.025390625 0.021484375
0 0.8759765625 0.044921875 0.029296875 0.0234375
0 0.9892578125 0.03515625 0.021484375 0.01953125
0 0.958984375 0.0302734375 0.02734375 0.029296875
0 0.8828125 0.0107421875 0.01953125 0.021484375