0 0.4794921875 0.9970703125 0.009765625 0.005859375
0 0.5048828125 0.9765625 0.037109375 0.03515625
0 0.5859375 0.9248046875 0.0390625 0.048828125
0 0.6171875 0.8935546875 0.03125 0.033203125
0 0.638671875 0.873046875 0.03515625 0.0390625
0 0.662109375 0.8525390625 0.04296875 0.044921875
0 0.63671875 0.8330078125 0.01953125 0.021484375
0 0.6845703125 0.83203125 0.041015625 0.04296875
0 0.7060546875 0.806640625 0.041015625 0.04296875
0 0.740234375 0.78515625 0.0390625 0.03515625
0 0.7216796875 0.7578125 0.021484375 0.0234375
0 0.7880859375 0.7392578125 0.064453125 0.060546875
0 0.7705078125 0.7109375 0.017578125 0.015625
0 0.8232421875 0.7099609375 0.033203125 0.033203125
0 0.498046875 0.69921875 0.0390625 0.046875
0 0.845703125 0.6875 0.03515625 0.03515625
0 0.51953125 0.6865234375 0.03515625 0.033203125
0 0.81640625 0.671875 0.01953125 0.0234375
0 0.54296875 0.66796875 0.0234375 0.0234375
0 0.8681640625 0.66796875 0.029296875 0.03125
0 0.890625 0.646484375 0.03515625 0.03515625
0 0.5673828125 0.6357421875 0.041015625 0.037109375
0 0.9130859375 0.6279296875 0.033203125 0.033203125
0 0.4931640625 0.6259765625 0.025390625 0.052734375
0 0.5380859375 0.6083984375 0.029296875 0.029296875
0 0.9384765625 0.6083984375 0.033203125 0.033203125
0 0.6181640625 0.6005859375 0.025390625 0.025390625
0 0.908203125 0.5908203125 0.0234375 0.021484375
0 0.9619140625 0.58984375 0.033203125 0.03515625
0 0.6396484375 0.580078125 0.025390625 0.03125
0 0.9326171875 0.5673828125 0.021484375 0.021484375
0 0.5068359375 0.5654296875 0.029296875 0.021484375
0 0.587890625 0.5654296875 0.02734375 0.029296875
0 0.9794921875 0.5654296875 0.041015625 0.044921875
0 0.6552734375 0.5556640625 0.037109375 0.029296875
0 0.9931640625 0.5498046875 0.013671875 0.025390625
0 0.564453125 0.541015625 0.0234375 0.0234375
0 0.5859375 0.537109375 0.01953125 0.01953125
0 0.974609375 0.525390625 0.01953125 0.01953125
0 0.6337890625 0.52734375 0.025390625 0.02734375
0 0.703125 0.51953125 0.03125 0.03125
0 0.9912109375 0.5126953125 0.017578125 0.029296875
0 0.529296875 0.505859375 0.0234375 0.03125
0 0.7294921875 0.5009765625 0.029296875 0.033203125
0 0.5986328125 0.49609375 0.044921875 0.046875
0 0.6943359375 0.482421875 0.052734375 0.03125
0 0.5458984375 0.4775390625 0.025390625 0.029296875
0 0.751953125 0.4765625 0.02734375 0.03125
0 0.65625 0.458984375 0.03515625 0.02734375
0 0.7197265625 0.4501953125 0.025390625 0.029296875
0 0.56640625 0.44921875 0.03125 0.03125
0 0.7958984375 0.439453125 0.029296875 0.02734375
0 0.787109375 0.4248046875 0.01953125 0.021484375
0 0.6328125 0.4296875 0.03125 0.03125
0 0.6923828125 0.4248046875 0.029296875 0.025390625
0 0.818359375 0.4111328125 0.0390625 0.037109375
0 0.76953125 0.40625 0.03125 0.03125
0 0.6025390625 0.3974609375 0.025390625 0.025390625
0 0.666015625 0.396484375 0.03125 0.03125
0 0.8447265625 0.3896484375 0.029296875 0.029296875
0 0.744140625 0.3779296875 0.0390625 0.029296875
0 0.8115234375 0.3662109375 0.025390625 0.029296875
0 0.6298828125 0.3662109375 0.037109375 0.033203125
0 0.712890625 0.349609375 0.03515625 0.0390625
0 0.7802734375 0.337890625 0.025390625 0.02734375
0 0.90625 0.3203125 0.03125 0.0234375
0 0.8662109375 0.3310546875 0.060546875 0.056640625
0 0.748046875 0.3095703125 0.02734375 0.025390625
0 0.7021484375 0.30859375 0.025390625 0.0234375
0 0.6728515625 0.3037109375 0.029296875 0.029296875
0 0.8271484375 0.296875 0.025390625 0.0234375
0 0.83203125 0.2705078125 0.01953125 0.017578125
0 0.798828125 0.2734375 0.0234375 0.0234375
0 0.91015625 0.283203125 0.0625 0.05078125
0 0.7041015625 0.2646484375 0.025390625 0.033203125
0 0.8671875 0.2509765625 0.03125 0.029296875
0 0.9638671875 0.2451171875 0.025390625 0.029296875
0 0.767578125 0.2451171875 0.03125 0.033203125
0 0.83203125 0.2265625 0.03125 0.02734375
0 0.9296875 0.2177734375 0.03125 0.029296875
0 0.982421875 0.21484375 0.0234375 0.02734375
0 0.953125 0.2060546875 0.015625 0.017578125
0 0.8037109375 0.208984375 0.029296875 0.0234375
0 0.73828125 0.2119140625 0.03125 0.033203125
0 0.900390625 0.1953125 0.03515625 0.03125
0 0.994140625 0.1875 0.01171875 0.0234375
0 0.76171875 0.1787109375 0.02734375 0.029296875
0 0.869140625 0.17578125 0.03125 0.03125
0 0.890625 0.1669921875 0.01953125 0.021484375
0 0.9638671875 0.1669921875 0.025390625 0.029296875
0 0.841796875 0.1552734375 0.03125 0.029296875
0 0.9326171875 0.1474609375 0.025390625 0.025390625
0 0.9033203125 0.130859375 0.033203125 0.02734375
0 0.7978515625 0.1259765625 0.021484375 0.029296875
0 0.9912109375 0.1171875 0.017578125 0.02734375
0 0.8701171875 0.1123046875 0.025390625 0.025390625
0 0.974609375 0.1044921875 0.0234375 0.025390625
0 0.9541015625 0.091796875 0.025390625 0.02734375
0 0.828125 0.0947265625 0.03515625 0.044921875
0 0.9140625 0.0673828125 0.02734375 0.025390625
0 0.9384765625 0.0732421875 0.033203125 0.041015625
0 0.9970703125 0.0556640625 0.005859375 0.009765625
0 0.986328125 0.03515625 0.0234375 0.0234375
0 0.8623046875 0.0322265625 0.025390625 0.025390625
0 0.9609375 0.0244140625 0.0234375 0.025390625
0 0.9287109375 0.02734375 0.033203125 0.0546875
0 0.8935546875 0.0078125 0.025390625 0.015625