0 0.5234375 0.53125 0.04296875 0.02734375
0 0.5849609375 0.4619140625 0.041015625 0.037109375
0 0.62109375 0.4521484375 0.0234375 0.025390625
0 0.453125 0.44140625 0.0234375 0.03125
0 0.6650390625 0.3857421875 0.037109375 0.044921875
0 0.4833984375 0.376953125 0.044921875 0.04296875
0 0.0595703125 0.419921875 0.119140625 0.1484375
0 0.58203125 0.326171875 0.03515625 0.05859375
0 0.677734375 0.2890625 0.03125 0.046875
0 0.60546875 0.2529296875 0.0234375 0.037109375
0 0.6904296875 0.228515625 0.033203125 0.0546875
0 0.3583984375 0.2138671875 0.044921875 0.025390625
0 0.46875 0.2138671875 0.05859375 0.041015625
0 0.7041015625 0.15234375 0.029296875 0.05078125
0 0.625 0.1318359375 0.01953125 0.033203125
0 0.2353515625 0.119140625 0.048828125 0.0234375
0 0.3017578125 0.115234375 0.041015625 0.02734375
0 0.498046875 0.1201171875 0.0234375 0.044921875
0 0.1455078125 0.1083984375 0.052734375 0.029296875
0 0.068359375 0.1083984375 0.0390625 0.033203125
0 0.00390625 0.0791015625 0.0078125 0.017578125
0 0.392578125 0.0947265625 0.05859375 0.052734375
0 0.0791015625 0.0458984375 0.021484375 0.013671875
0 0.7236328125 0.0556640625 0.041015625 0.048828125
0 0.5234375 0.0458984375 0.0625 0.052734375
0 0.6357421875 0.037109375 0.029296875 0.0390625
0 0.7314453125 0.0029296875 0.017578125 0.005859375
0 0.4228515625 0.0205078125 0.025390625 0.041015625