0 0.8798828125 0.998046875 0.009765625 0.00390625
0 0.83203125 0.986328125 0.03125 0.02734375
0 0.9853515625 0.95703125 0.025390625 0.0234375
0 0.947265625 0.951171875 0.0234375 0.0234375
0 0.79296875 0.9560546875 0.03125 0.033203125
0 0.916015625 0.9423828125 0.0234375 0.017578125
0 0.87890625 0.927734375 0.0234375 0.02734375
0 0.75390625 0.9169921875 0.02734375 0.025390625
0 0.84375 0.9033203125 0.0234375 0.021484375
0 0.9912109375 0.8955078125 0.017578125 0.017578125
0 0.9580078125 0.88671875 0.025390625 0.01953125
0 0.9296875 0.8759765625 0.0234375 0.021484375
0 0.6201171875 0.8740234375 0.037109375 0.029296875
0 0.6826171875 0.8701171875 0.021484375 0.025390625
0 0.888671875 0.8681640625 0.0234375 0.029296875
0 0.8046875 0.865234375 0.0234375 0.0234375
0 0.8544921875 0.857421875 0.025390625 0.03125
0 0.529296875 0.8642578125 0.03125 0.048828125
0 0.7578125 0.8349609375 0.03125 0.029296875
0 0.9892578125 0.828125 0.021484375 0.0234375
0 0.9609375 0.81640625 0.02734375 0.0234375
0 0.8212890625 0.8056640625 0.013671875 0.021484375
0 0.6796875 0.8017578125 0.0390625 0.017578125
0 0.6181640625 0.7978515625 0.044921875 0.025390625
0 0.8828125 0.7890625 0.015625 0.0234375
0 0.93359375 0.7841796875 0.01953125 0.017578125
0 0.537109375 0.7890625 0.02734375 0.03515625
0 0.8203125 0.7685546875 0.015625 0.017578125
0 0.677734375 0.7548828125 0.01953125 0.017578125
0 0.98828125 0.7529296875 0.0234375 0.029296875
0 0.76171875 0.7490234375 0.03125 0.025390625
0 0.8857421875 0.73828125 0.017578125 0.01953125
0 0.5400390625 0.7431640625 0.029296875 0.037109375
0 0.6884765625 0.7333984375 0.017578125 0.021484375
0 0.8203125 0.73046875 0.01953125 0.01953125
0 0.611328125 0.7353515625 0.0234375 0.033203125
0 0.9765625 0.70703125 0.02734375 0.02734375
0 0.892578125 0.69921875 0.02734375 0.0234375
0 0.8251953125 0.6953125 0.021484375 0.01953125
0 0.7646484375 0.7021484375 0.025390625 0.041015625
0 0.54296875 0.6962890625 0.0234375 0.033203125
0 0.6865234375 0.6943359375 0.029296875 0.033203125
0 0.9521484375 0.6806640625 0.025390625 0.025390625
0 0.615234375 0.681640625 0.0234375 0.03515625
0 0.82421875 0.6591796875 0.02734375 0.025390625
0 0.8916015625 0.6611328125 0.021484375 0.033203125
0 0.7626953125 0.6513671875 0.017578125 0.025390625
0 0.9208984375 0.6484375 0.029296875 0.0234375
0 0.689453125 0.65234375 0.02734375 0.03125
0 0.548828125 0.6494140625 0.02734375 0.037109375
0 0.9892578125 0.623046875 0.021484375 0.0234375
0 0.619140625 0.6279296875 0.02734375 0.033203125
0 0.8291015625 0.619140625 0.025390625 0.0234375
0 0.9716796875 0.6015625 0.025390625 0.0234375
0 0.556640625 0.6044921875 0.01953125 0.029296875
0 0.7646484375 0.6015625 0.025390625 0.03125
0 0.6943359375 0.6044921875 0.029296875 0.037109375
0 0.9482421875 0.578125 0.021484375 0.0234375
0 0.849609375 0.58203125 0.02734375 0.03125
0 0.625 0.572265625 0.01953125 0.03515625
0 0.8994140625 0.5625 0.037109375 0.01953125
0 0.703125 0.5537109375 0.0234375 0.029296875
0 0.5625 0.5546875 0.01953125 0.03125
0 0.7724609375 0.5458984375 0.029296875 0.029296875
0 0.6298828125 0.5224609375 0.017578125 0.029296875
0 0.705078125 0.5107421875 0.02734375 0.029296875
0 0.5634765625 0.5048828125 0.025390625 0.037109375
0 0.775390625 0.490234375 0.0234375 0.03125
0 0.6376953125 0.4736328125 0.029296875 0.041015625
0 0.7099609375 0.4580078125 0.025390625 0.029296875
0 0.572265625 0.453125 0.01953125 0.03515625
0 0.779296875 0.4404296875 0.0234375 0.033203125
0 0.998046875 0.4345703125 0.00390625 0.025390625
0 0.6416015625 0.431640625 0.029296875 0.0390625
0 0.572265625 0.4033203125 0.03125 0.037109375
0 0.720703125 0.3955078125 0.01953125 0.025390625
0 0.814453125 0.375 0.015625 0.01171875
0 0.6416015625 0.384765625 0.021484375 0.03125
0 0.8447265625 0.37109375 0.013671875 0.01171875
0 0.7900390625 0.388671875 0.029296875 0.046875
0 0.7265625 0.3525390625 0.01953125 0.033203125
0 0.58203125 0.3466796875 0.0234375 0.037109375
0 0.798828125 0.3408203125 0.03125 0.037109375
0 0.650390625 0.3408203125 0.03515625 0.037109375
0 0.8818359375 0.294921875 0.021484375 0.015625
0 0.9345703125 0.29296875 0.029296875 0.01953125
0 0.740234375 0.3017578125 0.02734375 0.037109375
0 0.583984375 0.2978515625 0.02734375 0.033203125
0 0.654296875 0.296875 0.02734375 0.03515625
0 0.9794921875 0.2890625 0.029296875 0.02734375
0 0.828125 0.28515625 0.04296875 0.02734375
0 0.5869140625 0.2509765625 0.029296875 0.033203125
0 0.7744140625 0.244140625 0.029296875 0.03125
0 0.6572265625 0.2451171875 0.021484375 0.033203125
0 0.923828125 0.228515625 0.02734375 0.0234375
0 0.876953125 0.2255859375 0.02734375 0.025390625
0 0.9716796875 0.2216796875 0.025390625 0.025390625
0 0.734375 0.212890625 0.02734375 0.0234375
0 0.83203125 0.2021484375 0.02734375 0.021484375
0 0.5947265625 0.197265625 0.025390625 0.046875
0 0.6923828125 0.1875 0.025390625 0.03125
0 0.7861328125 0.169921875 0.025390625 0.02734375
0 0.734375 0.1357421875 0.02734375 0.029296875
0 0.6376953125 0.1328125 0.025390625 0.02734375
0 0.703125 0.1044921875 0.02734375 0.033203125
0 0.6162109375 0.0888671875 0.025390625 0.033203125
0 0.6845703125 0.0625 0.029296875 0.03125
0 0.666015625 0.0234375 0.0234375 0.0234375
0 0.58203125 0.0048828125 0.01953125 0.009765625