0 0.73046875 0.9794921875 0.02734375 0.041015625
0 0.431640625 0.9296875 0.02734375 0.03125
0 0.5458984375 0.927734375 0.044921875 0.03125
0 0.6279296875 0.8974609375 0.044921875 0.033203125
0 0.7578125 0.8984375 0.03515625 0.0390625
0 0.6728515625 0.798828125 0.033203125 0.03515625
0 0.7646484375 0.8037109375 0.033203125 0.048828125
0 0.7666015625 0.7255859375 0.021484375 0.033203125
0 0.68359375 0.7216796875 0.0234375 0.048828125
0 0.0439453125 0.6728515625 0.021484375 0.021484375
0 0.0146484375 0.669921875 0.025390625 0.03125
0 0.693359375 0.6494140625 0.03515625 0.037109375
0 0.0322265625 0.6259765625 0.025390625 0.029296875
0 0.783203125 0.5986328125 0.0234375 0.037109375
0 0.6943359375 0.5625 0.033203125 0.03515625
0 0.0712890625 0.5595703125 0.037109375 0.041015625
0 0.802734375 0.5185546875 0.0234375 0.033203125
0 0.078125 0.5068359375 0.02734375 0.041015625
0 0.712890625 0.4873046875 0.02734375 0.037109375
0 0.3837890625 0.4853515625 0.029296875 0.033203125
0 0.07421875 0.4619140625 0.0234375 0.029296875
0 0.001953125 0.4296875 0.00390625 0.01171875
0 0.0869140625 0.4228515625 0.025390625 0.033203125
0 0.82421875 0.408203125 0.0234375 0.03515625
0 0.0078125 0.392578125 0.015625 0.03125
0 0.7392578125 0.37890625 0.033203125 0.0546875
0 0.01171875 0.349609375 0.0234375 0.03515625
0 0.095703125 0.361328125 0.03125 0.078125
0 0.8330078125 0.314453125 0.025390625 0.04296875
0 0.0146484375 0.3076171875 0.029296875 0.029296875
0 0.1103515625 0.294921875 0.025390625 0.03125
0 0.0263671875 0.26171875 0.021484375 0.02734375
0 0.7568359375 0.2607421875 0.033203125 0.041015625
0 0.119140625 0.2568359375 0.03125 0.033203125
0 0.3876953125 0.21875 0.013671875 0.015625
0 0.83984375 0.2197265625 0.01953125 0.048828125
0 0.1328125 0.2060546875 0.05078125 0.037109375
0 0.4228515625 0.2060546875 0.033203125 0.041015625
0 0.2099609375 0.1884765625 0.044921875 0.025390625
0 0.0234375 0.197265625 0.046875 0.04296875
0 0.35546875 0.1865234375 0.02734375 0.029296875
0 0.041015625 0.169921875 0.0234375 0.02734375
0 0.3203125 0.1845703125 0.03515625 0.060546875
0 0.771484375 0.1650390625 0.01953125 0.033203125
0 0.84765625 0.1552734375 0.0234375 0.033203125
0 0.12890625 0.1220703125 0.0390625 0.021484375
0 0.04296875 0.123046875 0.0234375 0.03515625
0 0.443359375 0.1162109375 0.03515625 0.029296875
0 0.3828125 0.10546875 0.02734375 0.0234375
0 0.3212890625 0.08984375 0.021484375 0.01953125
0 0.8623046875 0.09765625 0.037109375 0.0390625
0 0.296875 0.08984375 0.0234375 0.0234375
0 0.7880859375 0.0869140625 0.025390625 0.033203125
0 0.54296875 0.1103515625 0.05859375 0.087890625
0 0.9892578125 0.0888671875 0.021484375 0.052734375
0 0.1455078125 0.0751953125 0.033203125 0.033203125
0 0.0400390625 0.0732421875 0.029296875 0.041015625
0 0.2216796875 0.068359375 0.052734375 0.0390625
0 0.88671875 0.033203125 0.01953125 0.01953125
0 0.15234375 0.0361328125 0.03125 0.033203125
0 0.9921875 0.0361328125 0.015625 0.041015625
0 0.458984375 0.0263671875 0.03125 0.025390625
0 0.798828125 0.0263671875 0.02734375 0.033203125
0 0.3837890625 0.021484375 0.029296875 0.02734375
0 0.025390625 0.0087890625 0.015625 0.013671875
0 0.8916015625 0.01171875 0.021484375 0.0234375
0 0.3095703125 0.0078125 0.021484375 0.015625
0 0.234375 0.00390625 0.01171875 0.0078125
0 0.1865234375 0.0068359375 0.017578125 0.013671875
0 0.056640625 0.005859375 0.0234375 0.01171875