0 0.037109375 0.994140625 0.02734375 0.01171875
0 0.2216796875 0.984375 0.037109375 0.03125
0 0.08984375 0.982421875 0.0234375 0.02734375
0 0.095703125 0.9560546875 0.01953125 0.021484375
0 0.12890625 0.94921875 0.015625 0.015625
0 0.2431640625 0.9541015625 0.044921875 0.029296875
0 0.0107421875 0.939453125 0.021484375 0.015625
0 0.03515625 0.9541015625 0.0234375 0.048828125
0 0.095703125 0.9287109375 0.02734375 0.021484375
0 0.166015625 0.912109375 0.04296875 0.03515625
0 0.001953125 0.8955078125 0.00390625 0.005859375
0 0.09375 0.8974609375 0.04296875 0.021484375
0 0.0517578125 0.8818359375 0.017578125 0.041015625
0 0.068359375 0.857421875 0.015625 0.015625
0 0.0048828125 0.8466796875 0.009765625 0.017578125
0 0.4404296875 0.6318359375 0.013671875 0.013671875
0 0.3681640625 0.6328125 0.013671875 0.015625
0 0.4716796875 0.6357421875 0.029296875 0.033203125
0 0.4921875 0.6083984375 0.0234375 0.021484375
0 0.4375 0.603515625 0.01953125 0.03125
0 0.4150390625 0.6005859375 0.025390625 0.037109375
0 0.390625 0.595703125 0.02734375 0.0390625
0 0.3564453125 0.5947265625 0.029296875 0.037109375
0 0.318359375 0.5888671875 0.01953125 0.025390625
0 0.2890625 0.5888671875 0.0234375 0.037109375
0 0.26171875 0.578125 0.02734375 0.03125
0 0.626953125 0.568359375 0.01171875 0.01953125
0 0.2275390625 0.576171875 0.025390625 0.03515625
0 0.544921875 0.5673828125 0.0234375 0.021484375
0 0.5888671875 0.560546875 0.025390625 0.01953125
0 0.197265625 0.5625 0.02734375 0.02734375
0 0.48046875 0.556640625 0.02734375 0.01953125
0 0.162109375 0.5556640625 0.0234375 0.029296875
0 0.7041015625 0.5439453125 0.013671875 0.013671875
0 0.44140625 0.5478515625 0.0234375 0.025390625
0 0.6640625 0.5439453125 0.02734375 0.021484375
0 0.416015625 0.544921875 0.0234375 0.02734375
0 0.72265625 0.5341796875 0.015625 0.021484375
0 0.384765625 0.5380859375 0.0234375 0.029296875
0 0.5849609375 0.5302734375 0.025390625 0.017578125
0 0.486328125 0.5322265625 0.0234375 0.021484375
0 0.3291015625 0.5263671875 0.025390625 0.021484375
0 0.5478515625 0.5263671875 0.021484375 0.025390625
0 0.3564453125 0.5283203125 0.021484375 0.033203125
0 0.845703125 0.515625 0.02734375 0.015625
0 0.28515625 0.5185546875 0.0234375 0.029296875
0 0.6591796875 0.4921875 0.025390625 0.03125
0 0.623046875 0.4912109375 0.01953125 0.029296875
0 0.6943359375 0.4931640625 0.037109375 0.041015625
0 0.10546875 0.50390625 0.08203125 0.0625
0 0.9150390625 0.4912109375 0.041015625 0.041015625
0 0.734375 0.486328125 0.02734375 0.03125
0 0.86328125 0.4853515625 0.0234375 0.033203125
0 0.8271484375 0.486328125 0.029296875 0.03515625
0 0.78125 0.48828125 0.02734375 0.0390625
0 0.5849609375 0.4873046875 0.021484375 0.037109375
0 0.9580078125 0.4873046875 0.029296875 0.041015625
0 0.5517578125 0.4794921875 0.029296875 0.025390625
0 0.25390625 0.4873046875 0.03515625 0.041015625
0 0.4765625 0.4716796875 0.01953125 0.021484375
0 0.5029296875 0.4736328125 0.025390625 0.029296875
0 0.4462890625 0.47265625 0.021484375 0.03515625
0 0.4189453125 0.4658203125 0.025390625 0.025390625
0 0.39453125 0.46875 0.0234375 0.03125
0 0.369140625 0.4609375 0.0234375 0.0234375
0 0.3134765625 0.4599609375 0.021484375 0.025390625
0 0.1435546875 0.4853515625 0.142578125 0.080078125
0 0.0595703125 0.4443359375 0.013671875 0.013671875
0 0.291015625 0.4541015625 0.0234375 0.037109375
0 0.2646484375 0.443359375 0.021484375 0.0234375
0 0.2109375 0.4423828125 0.0234375 0.044921875
0 0.181640625 0.439453125 0.0234375 0.04296875
0 0.14453125 0.4287109375 0.02734375 0.037109375
0 0.994140625 0.419921875 0.01171875 0.02734375
0 0.580078125 0.4189453125 0.04296875 0.025390625
0 0.0908203125 0.4169921875 0.033203125 0.029296875
0 0.970703125 0.416015625 0.01953125 0.03125
0 0.9052734375 0.412109375 0.025390625 0.0234375
0 0.6259765625 0.412109375 0.025390625 0.03125
0 0.689453125 0.41015625 0.03125 0.03125
0 0.6572265625 0.4111328125 0.025390625 0.033203125
0 0.0537109375 0.4091796875 0.021484375 0.029296875
0 0.0205078125 0.404296875 0.041015625 0.02734375
0 0.427734375 0.3984375 0.01953125 0.0234375
0 0.9345703125 0.4033203125 0.025390625 0.037109375
0 0.8037109375 0.4013671875 0.021484375 0.033203125
0 0.5966796875 0.390625 0.013671875 0.01171875
0 0.8359375 0.4013671875 0.02734375 0.041015625
0 0.7685546875 0.3994140625 0.029296875 0.041015625
0 0.5517578125 0.3896484375 0.037109375 0.029296875
0 0.470703125 0.400390625 0.0625 0.05078125
0 0.4013671875 0.3896484375 0.025390625 0.029296875
0 0.6826171875 0.380859375 0.017578125 0.0234375
0 0.322265625 0.3837890625 0.03125 0.029296875
0 0.359375 0.3828125 0.03125 0.0390625
0 0.861328125 0.3876953125 0.05078125 0.064453125
0 0.216796875 0.365234375 0.01953125 0.01953125
0 0.986328125 0.3642578125 0.0234375 0.025390625
0 0.611328125 0.357421875 0.015625 0.015625
0 0.28125 0.3662109375 0.03125 0.033203125
0 0.4560546875 0.3544921875 0.029296875 0.025390625
0 0.7705078125 0.3486328125 0.033203125 0.017578125
0 0.673828125 0.3525390625 0.0390625 0.025390625
0 0.17578125 0.3564453125 0.03515625 0.033203125
0 0.9326171875 0.34375 0.037109375 0.0234375
0 0.8271484375 0.33984375 0.029296875 0.015625
0 0.1357421875 0.349609375 0.029296875 0.03515625
0 0.8837890625 0.337890625 0.025390625 0.01953125
0 0.361328125 0.3388671875 0.01953125 0.021484375
0 0.3154296875 0.33984375 0.029296875 0.03125
0 0.0126953125 0.3359375 0.021484375 0.02734375
0 0.529296875 0.3408203125 0.04296875 0.041015625
0 0.0537109375 0.337890625 0.029296875 0.03515625
0 0.44140625 0.326171875 0.03125 0.02734375
0 0.9384765625 0.314453125 0.033203125 0.01953125
0 0.8359375 0.3115234375 0.015625 0.013671875
0 0.513671875 0.3203125 0.04296875 0.03515625
0 0.6591796875 0.3115234375 0.025390625 0.021484375
0 0.8994140625 0.3154296875 0.041015625 0.033203125
0 0.7919921875 0.30859375 0.033203125 0.01953125
0 0.4287109375 0.30078125 0.037109375 0.02734375
0 0.28125 0.302734375 0.03515625 0.03515625
0 0.6123046875 0.2900390625 0.013671875 0.013671875
0 0.0615234375 0.2998046875 0.029296875 0.033203125
0 0.4990234375 0.2939453125 0.033203125 0.029296875
0 0.1904296875 0.2958984375 0.033203125 0.033203125
0 0.654296875 0.2841796875 0.046875 0.021484375
0 0.525390625 0.2763671875 0.01953125 0.017578125
0 0.9951171875 0.2802734375 0.009765625 0.029296875
0 0.796875 0.275390625 0.03125 0.01953125
0 0.2333984375 0.28125 0.037109375 0.03515625
0 0.4111328125 0.2783203125 0.037109375 0.033203125
0 0.3056640625 0.2744140625 0.033203125 0.025390625
0 0.0048828125 0.265625 0.009765625 0.01171875
0 0.94921875 0.26171875 0.02734375 0.01953125
0 0.9140625 0.26171875 0.0234375 0.01953125
0 0.552734375 0.2705078125 0.03515625 0.037109375
0 0.0439453125 0.26171875 0.041015625 0.02734375
0 0.998046875 0.24609375 0.00390625 0.015625
0 0.5732421875 0.2548828125 0.029296875 0.033203125
0 0.4765625 0.2529296875 0.03515625 0.033203125
0 0.91796875 0.2373046875 0.015625 0.017578125
0 0.7978515625 0.240234375 0.025390625 0.02734375
0 0.6630859375 0.2431640625 0.041015625 0.033203125
0 0.6025390625 0.2451171875 0.044921875 0.041015625
0 0.3623046875 0.2724609375 0.091796875 0.095703125
0 0.1533203125 0.2333984375 0.033203125 0.021484375
0 0.255859375 0.240234375 0.0390625 0.0390625
0 0.9482421875 0.224609375 0.037109375 0.01953125
0 0.0087890625 0.22265625 0.017578125 0.015625
0 0.83984375 0.220703125 0.01953125 0.015625
0 0.1943359375 0.21484375 0.037109375 0.03125
0 0.916015625 0.2021484375 0.015625 0.013671875
0 0.4560546875 0.21484375 0.044921875 0.0390625
0 0.66796875 0.2041015625 0.0234375 0.021484375
0 0.2822265625 0.208984375 0.033203125 0.03125
0 0.798828125 0.2041015625 0.01953125 0.025390625
0 0.5302734375 0.2119140625 0.041015625 0.048828125
0 0.1259765625 0.203125 0.033203125 0.03125
0 0.0078125 0.1962890625 0.015625 0.025390625
0 0.3505859375 0.2177734375 0.060546875 0.072265625
0 0.955078125 0.1923828125 0.0390625 0.025390625
0 0.068359375 0.193359375 0.02734375 0.02734375
0 0.8408203125 0.185546875 0.017578125 0.015625
0 0.4423828125 0.18359375 0.041015625 0.03125
0 0.583984375 0.1865234375 0.04296875 0.044921875
0 0.3076171875 0.1787109375 0.029296875 0.029296875
0 0.4970703125 0.17578125 0.029296875 0.02734375
0 0.1611328125 0.17578125 0.041015625 0.03515625
0 0.7978515625 0.16796875 0.029296875 0.02734375
0 0.6767578125 0.1689453125 0.017578125 0.029296875
0 0.9716796875 0.1630859375 0.029296875 0.021484375
0 0.603515625 0.1708984375 0.03515625 0.044921875
0 0.21875 0.166015625 0.0390625 0.04296875
0 0.01171875 0.1572265625 0.0234375 0.025390625
0 0.5185546875 0.158203125 0.025390625 0.03125
0 0.34375 0.158203125 0.03515625 0.03515625
0 0.083984375 0.1630859375 0.04296875 0.044921875
0 0.416015625 0.15234375 0.03515625 0.03515625
0 0.24609375 0.1474609375 0.03125 0.029296875
0 0.84765625 0.138671875 0.015625 0.015625
0 0.634765625 0.1396484375 0.01953125 0.021484375
0 0.8017578125 0.1357421875 0.037109375 0.017578125
0 0.12109375 0.140625 0.0234375 0.02734375
0 0.6767578125 0.12890625 0.033203125 0.02734375
0 0.544921875 0.134765625 0.03515625 0.0390625
0 0.9462890625 0.134765625 0.033203125 0.04296875
0 0.5751953125 0.126953125 0.033203125 0.02734375
0 0.2744140625 0.126953125 0.033203125 0.02734375
0 0.189453125 0.126953125 0.03125 0.03125
0 0.9775390625 0.1298828125 0.021484375 0.041015625
0 0.9140625 0.1240234375 0.0234375 0.029296875
0 0.8857421875 0.1201171875 0.029296875 0.025390625
0 0.431640625 0.1259765625 0.03515625 0.037109375
0 0.029296875 0.125 0.03125 0.0390625
0 0.484375 0.1103515625 0.015625 0.017578125
0 0.1455078125 0.11328125 0.029296875 0.02734375
0 0.8486328125 0.1103515625 0.021484375 0.025390625
0 0.4501953125 0.107421875 0.029296875 0.03125
0 0.0576171875 0.1083984375 0.029296875 0.033203125
0 0.78125 0.1005859375 0.03125 0.029296875
0 0.595703125 0.1044921875 0.03515625 0.037109375
0 0.689453125 0.0966796875 0.0390625 0.033203125
0 0.8271484375 0.0908203125 0.025390625 0.029296875
0 0.302734375 0.0947265625 0.04296875 0.037109375
0 0.0888671875 0.091796875 0.033203125 0.03515625
0 0.4833984375 0.0849609375 0.029296875 0.029296875
0 0.21875 0.087890625 0.03515625 0.03515625
0 0.615234375 0.080078125 0.04296875 0.03515625
0 0.794921875 0.0791015625 0.0390625 0.037109375
0 0.103515625 0.078125 0.03515625 0.03515625
0 0.3828125 0.076171875 0.0390625 0.03515625
0 0.9580078125 0.068359375 0.044921875 0.03515625
0 0.509765625 0.0654296875 0.03125 0.029296875
0 0.990234375 0.0673828125 0.01953125 0.041015625
0 0.28515625 0.0625 0.0390625 0.03515625
0 0.9189453125 0.052734375 0.025390625 0.03515625
0 0.37109375 0.0517578125 0.0390625 0.033203125
0 0.5361328125 0.05078125 0.033203125 0.03515625
0 0.015625 0.05078125 0.03125 0.03515625
0 0.15234375 0.048828125 0.0390625 0.04296875
0 0.7265625 0.056640625 0.05859375 0.0625
0 0.41796875 0.04296875 0.03515625 0.03515625
0 0.224609375 0.03515625 0.0234375 0.02734375
0 0.0380859375 0.0380859375 0.029296875 0.033203125
0 0.5576171875 0.0283203125 0.029296875 0.029296875
0 0.916015625 0.01953125 0.01953125 0.015625
0 0.84375 0.029296875 0.03125 0.03515625
0 0.3564453125 0.029296875 0.037109375 0.03515625
0 0.1728515625 0.033203125 0.037109375 0.046875
0 0.2666015625 0.0263671875 0.044921875 0.037109375
0 0.693359375 0.0263671875 0.0390625 0.041015625
0 0.4443359375 0.0224609375 0.033203125 0.033203125
0 0.8232421875 0.01953125 0.029296875 0.03125
0 0.9912109375 0.00390625 0.017578125 0.0078125
0 0.939453125 0.0048828125 0.015625 0.009765625
0 0.767578125 0.00390625 0.015625 0.0078125
0 0.66015625 0.017578125 0.03515625 0.03515625
0 0.6298828125 0.005859375 0.021484375 0.01171875
0 0.5810546875 0.013671875 0.029296875 0.02734375
0 0.4951171875 0.00390625 0.013671875 0.0078125
0 0.470703125 0.01171875 0.03125 0.0234375
0 0.4169921875 0.005859375 0.017578125 0.01171875
0 0.392578125 0.0048828125 0.015625 0.009765625
0 0.2490234375 0.0068359375 0.029296875 0.013671875
0 0.1953125 0.0166015625 0.03515625 0.033203125
0 0.0869140625 0.013671875 0.033203125 0.02734375
0 0.068359375 0.00390625 0.01171875 0.0078125