0 0.6591796875 0.9970703125 0.021484375 0.005859375
0 0.3251953125 0.9951171875 0.021484375 0.009765625
0 0.2197265625 0.9873046875 0.029296875 0.025390625
0 0.1044921875 0.9814453125 0.025390625 0.037109375
0 0.416015625 0.9638671875 0.02734375 0.033203125
0 0.6650390625 0.962890625 0.021484375 0.0390625
0 0.755859375 0.9521484375 0.01953125 0.021484375
0 0.3291015625 0.9560546875 0.021484375 0.037109375
0 0.033203125 0.947265625 0.02734375 0.03515625
0 0.20703125 0.92578125 0.046875 0.05078125
0 0.8349609375 0.8994140625 0.037109375 0.021484375
0 0.408203125 0.9033203125 0.0234375 0.041015625
0 0.1318359375 0.9033203125 0.044921875 0.044921875
0 0.759765625 0.8955078125 0.02734375 0.044921875
0 0.3251953125 0.8896484375 0.025390625 0.041015625
0 0.0361328125 0.890625 0.033203125 0.04296875
0 0.5576171875 0.865234375 0.021484375 0.0546875
0 0.640625 0.8388671875 0.02734375 0.025390625
0 0.3203125 0.833984375 0.0234375 0.04296875
0 0.09765625 0.833984375 0.05078125 0.04296875
0 0.40625 0.8154296875 0.0390625 0.025390625
0 0.1533203125 0.810546875 0.044921875 0.0390625
0 0.216796875 0.7998046875 0.0390625 0.029296875
0 0.2763671875 0.798828125 0.044921875 0.03125
0 0.8154296875 0.7900390625 0.033203125 0.021484375
0 0.728515625 0.7734375 0.03515625 0.05078125
0 0.052734375 0.759765625 0.03125 0.046875
0 0.4033203125 0.7451171875 0.033203125 0.044921875
0 0.1337890625 0.71875 0.041015625 0.01953125
0 0.2001953125 0.716796875 0.041015625 0.0234375
0 0.263671875 0.7119140625 0.0390625 0.029296875
0 0.0732421875 0.712890625 0.044921875 0.03125
0 0.7197265625 0.7001953125 0.033203125 0.029296875
0 0.3984375 0.6796875 0.03125 0.04296875
0 0.3173828125 0.685546875 0.025390625 0.06640625
0 0.6552734375 0.65234375 0.029296875 0.01953125
0 0.140625 0.623046875 0.046875 0.0390625
0 0.3203125 0.6181640625 0.03515625 0.033203125
0 0.4091796875 0.62109375 0.033203125 0.046875
0 0.7900390625 0.6015625 0.029296875 0.02734375
0 0.0625 0.5849609375 0.01953125 0.060546875
0 0.42578125 0.5654296875 0.0234375 0.044921875
0 0.7802734375 0.5537109375 0.025390625 0.025390625
0 0.57421875 0.5439453125 0.03125 0.017578125
0 0.69921875 0.5400390625 0.01953125 0.025390625
0 0.1708984375 0.5458984375 0.044921875 0.041015625
0 0.34765625 0.5390625 0.05078125 0.03125
0 0.6376953125 0.5107421875 0.013671875 0.013671875
0 0.4384765625 0.5107421875 0.029296875 0.037109375
0 0.791015625 0.5 0.04296875 0.02734375
0 0.6826171875 0.4833984375 0.017578125 0.021484375
0 0.6513671875 0.484375 0.021484375 0.0234375
0 0.576171875 0.4853515625 0.046875 0.037109375
0 0.359375 0.4873046875 0.03125 0.041015625
0 0.7060546875 0.4794921875 0.025390625 0.037109375
0 0.4716796875 0.46875 0.041015625 0.0234375
0 0.03125 0.4638671875 0.03515625 0.021484375
0 0.20703125 0.4619140625 0.03515625 0.021484375
0 0.15234375 0.46484375 0.04296875 0.02734375
0 0.08203125 0.45703125 0.0390625 0.01953125
0 0.2734375 0.462890625 0.0390625 0.03515625
0 0.787109375 0.4580078125 0.0234375 0.033203125
0 0.3486328125 0.4423828125 0.044921875 0.033203125
0 0.7841796875 0.41015625 0.021484375 0.02734375
0 0.8193359375 0.404296875 0.009765625 0.01953125
0 0.5869140625 0.4033203125 0.033203125 0.021484375
0 0.626953125 0.3994140625 0.0234375 0.017578125
0 0.537109375 0.400390625 0.02734375 0.01953125
0 0.001953125 0.3876953125 0.00390625 0.005859375
0 0.6923828125 0.3984375 0.025390625 0.03125
0 0.48828125 0.3916015625 0.04296875 0.017578125
0 0.984375 0.4345703125 0.03125 0.119140625
0 0.1611328125 0.3857421875 0.037109375 0.021484375
0 0.1015625 0.384765625 0.04296875 0.01953125
0 0.2294921875 0.3818359375 0.033203125 0.029296875
0 0.287109375 0.3740234375 0.03515625 0.021484375
0 0.0419921875 0.373046875 0.041015625 0.03515625
0 0.3720703125 0.357421875 0.041015625 0.0234375
0 0.7900390625 0.3525390625 0.033203125 0.029296875
0 0.6904296875 0.3291015625 0.017578125 0.029296875
0 0.3564453125 0.302734375 0.033203125 0.02734375
0 0.7666015625 0.30078125 0.017578125 0.03125
0 0.4560546875 0.298828125 0.029296875 0.03515625
0 0.5087890625 0.26171875 0.044921875 0.04296875
0 0.1513671875 0.2529296875 0.044921875 0.033203125
0 0.70703125 0.2470703125 0.01953125 0.025390625
0 0.7802734375 0.24609375 0.021484375 0.02734375
0 0.0859375 0.240234375 0.04296875 0.03515625
0 0.37109375 0.2421875 0.0390625 0.046875
0 0.2099609375 0.2294921875 0.041015625 0.037109375
0 0.5791015625 0.2265625 0.037109375 0.03515625
0 0.7900390625 0.203125 0.025390625 0.03125
0 0.7060546875 0.19140625 0.033203125 0.04296875
0 0.4208984375 0.193359375 0.044921875 0.046875
0 0.806640625 0.1640625 0.03125 0.02734375
0 0.21875 0.1591796875 0.02734375 0.029296875
0 0.556640625 0.154296875 0.02734375 0.05078125
0 0.28515625 0.142578125 0.0234375 0.03515625
0 0.47265625 0.1396484375 0.02734375 0.037109375
0 0.9365234375 0.134765625 0.033203125 0.046875
0 0.8251953125 0.1005859375 0.037109375 0.025390625
0 0.72265625 0.1015625 0.04296875 0.02734375
0 0.3486328125 0.0927734375 0.048828125 0.033203125
0 0.439453125 0.0830078125 0.04296875 0.029296875
0 0.5419921875 0.08984375 0.037109375 0.05078125
0 0.9736328125 0.0712890625 0.052734375 0.048828125
0 0.138671875 0.0732421875 0.046875 0.056640625
0 0.21484375 0.0693359375 0.0546875 0.052734375
0 0.8369140625 0.052734375 0.025390625 0.02734375
0 0.310546875 0.0400390625 0.03515625 0.037109375
0 0.755859375 0.03125 0.02734375 0.03125
0 0.0810546875 0.0341796875 0.052734375 0.048828125
0 0.501953125 0.0263671875 0.04296875 0.037109375
0 0.8818359375 0.0166015625 0.021484375 0.021484375
0 0.74609375 0.001953125 0.01171875 0.00390625
0 0.44140625 0.0126953125 0.04296875 0.025390625