0 0.6025390625 0.990234375 0.044921875 0.01953125
0 0.4306640625 0.984375 0.076171875 0.03125
0 0.681640625 0.982421875 0.0546875 0.03515625
0 0.8291015625 0.9609375 0.072265625 0.0703125
0 0.5146484375 0.939453125 0.064453125 0.05859375
0 0.7919921875 0.921875 0.041015625 0.0390625
0 0.0146484375 0.8974609375 0.029296875 0.025390625
0 0.0673828125 0.8828125 0.021484375 0.01953125
0 0.98046875 0.888671875 0.0390625 0.05078125
0 0.3701171875 0.8994140625 0.056640625 0.072265625
0 0.7666015625 0.861328125 0.021484375 0.01953125
0 0.1181640625 0.8603515625 0.021484375 0.021484375
0 0.5302734375 0.8642578125 0.052734375 0.052734375
0 0.8017578125 0.8447265625 0.041015625 0.044921875
0 0.455078125 0.8515625 0.0625 0.05859375
0 0.9404296875 0.8134765625 0.052734375 0.052734375
0 0.7490234375 0.7958984375 0.076171875 0.080078125
0 0.162109375 0.751953125 0.05078125 0.05078125
0 0.2353515625 0.734375 0.025390625 0.02734375
0 0.5029296875 0.7333984375 0.060546875 0.037109375
0 0.2041015625 0.7216796875 0.017578125 0.021484375
0 0.3720703125 0.732421875 0.052734375 0.06640625
0 0.5517578125 0.7265625 0.025390625 0.05859375
0 0.619140625 0.720703125 0.0234375 0.0625
0 0.42578125 0.6904296875 0.05859375 0.056640625
0 0.8193359375 0.7021484375 0.056640625 0.087890625
0 0.3359375 0.66796875 0.03125 0.03515625
0 0.5048828125 0.6640625 0.060546875 0.03515625
0 0.7392578125 0.6630859375 0.044921875 0.048828125
0 0.56640625 0.6513671875 0.05859375 0.025390625
0 0.3681640625 0.6513671875 0.025390625 0.033203125
0 0.38671875 0.6376953125 0.0234375 0.029296875
0 0.625 0.634765625 0.02734375 0.02734375
0 0.4931640625 0.611328125 0.021484375 0.015625
0 0.6904296875 0.525390625 0.044921875 0.0390625
0 0.72265625 0.4384765625 0.03515625 0.033203125
0 0.4306640625 0.4404296875 0.103515625 0.095703125
0 0.716796875 0.3955078125 0.0703125 0.056640625
0 0.5439453125 0.4091796875 0.185546875 0.166015625
0 0.431640625 0.28125 0.046875 0.046875
0 0.3720703125 0.2158203125 0.037109375 0.041015625
0 0.5380859375 0.2333984375 0.119140625 0.115234375
0 0.201171875 0.2666015625 0.203125 0.240234375
0 0.4287109375 0.1357421875 0.056640625 0.044921875
0 0.8642578125 0.140625 0.154296875 0.12890625
0 0.025390625 0.091796875 0.03125 0.046875
0 0.5712890625 0.029296875 0.076171875 0.05859375
0 0.51953125 0.0078125 0.03125 0.015625
0 0.498046875 0.048828125 0.1015625 0.09765625
0 0.3525390625 0.05078125 0.103515625 0.1015625