0 0.4228515625 0.9873046875 0.029296875 0.025390625
0 0.40625 0.943359375 0.015625 0.01953125
0 0.4443359375 0.9345703125 0.044921875 0.056640625
0 0.42578125 0.890625 0.02734375 0.02734375
0 0.4599609375 0.884765625 0.037109375 0.03125
0 0.4697265625 0.83984375 0.041015625 0.046875
0 0.4541015625 0.7939453125 0.037109375 0.025390625
0 0.4482421875 0.75 0.041015625 0.05859375
0 0.5537109375 0.7236328125 0.048828125 0.041015625
0 0.5146484375 0.7021484375 0.021484375 0.021484375
0 0.498046875 0.681640625 0.01953125 0.015625
0 0.62109375 0.6826171875 0.04296875 0.029296875
0 0.5478515625 0.669921875 0.041015625 0.03515625
0 0.49609375 0.65625 0.02734375 0.03125
0 0.41015625 0.625 0.03125 0.03125
0 0.6318359375 0.619140625 0.029296875 0.03125
0 0.5986328125 0.6123046875 0.025390625 0.033203125
0 0.5615234375 0.599609375 0.021484375 0.03515625
0 0.5341796875 0.59375 0.029296875 0.03515625
0 0.3720703125 0.58984375 0.048828125 0.046875
0 0.470703125 0.576171875 0.03125 0.03515625
0 0.3408203125 0.564453125 0.029296875 0.02734375
0 0.44140625 0.5576171875 0.03125 0.033203125
0 0.314453125 0.548828125 0.02734375 0.02734375
0 0.6025390625 0.5458984375 0.029296875 0.025390625
0 0.416015625 0.548828125 0.03125 0.03125
0 0.6455078125 0.5439453125 0.048828125 0.037109375
0 0.5673828125 0.548828125 0.029296875 0.046875
0 0.2880859375 0.533203125 0.029296875 0.03125
0 0.48828125 0.5166015625 0.03125 0.029296875
0 0.3984375 0.5078125 0.0234375 0.02734375
0 0.4306640625 0.5068359375 0.025390625 0.033203125
0 0.2470703125 0.4921875 0.037109375 0.03515625
0 0.6728515625 0.4892578125 0.025390625 0.033203125
0 0.35546875 0.4921875 0.05859375 0.0390625
0 0.30859375 0.4794921875 0.02734375 0.021484375
0 0.576171875 0.4716796875 0.03515625 0.033203125
0 0.69140625 0.466796875 0.03125 0.02734375
0 0.5361328125 0.4658203125 0.029296875 0.029296875
0 0.62109375 0.4560546875 0.03125 0.029296875
0 0.5 0.455078125 0.02734375 0.04296875
0 0.47265625 0.453125 0.02734375 0.0390625
0 0.4462890625 0.44921875 0.029296875 0.03515625
0 0.4130859375 0.4462890625 0.033203125 0.029296875
0 0.7021484375 0.4365234375 0.021484375 0.021484375
0 0.3193359375 0.431640625 0.033203125 0.02734375
0 0.4755859375 0.4189453125 0.021484375 0.021484375
0 0.2568359375 0.4208984375 0.037109375 0.037109375
0 0.7158203125 0.412109375 0.029296875 0.03125
0 0.634765625 0.4189453125 0.0546875 0.052734375
0 0.2255859375 0.4072265625 0.029296875 0.033203125
0 0.5869140625 0.4052734375 0.029296875 0.033203125
0 0.328125 0.3984375 0.03515625 0.02734375
0 0.501953125 0.3984375 0.02734375 0.03125
0 0.546875 0.3994140625 0.0234375 0.037109375
0 0.462890625 0.3974609375 0.0234375 0.041015625
0 0.2666015625 0.390625 0.037109375 0.02734375
0 0.4326171875 0.3837890625 0.025390625 0.021484375
0 0.3916015625 0.388671875 0.029296875 0.03515625
0 0.740234375 0.37890625 0.0234375 0.02734375
0 0.35546875 0.38671875 0.03515625 0.04296875
0 0.2099609375 0.376953125 0.033203125 0.0234375
0 0.673828125 0.35546875 0.03125 0.02734375
0 0.2255859375 0.35546875 0.033203125 0.02734375
0 0.279296875 0.359375 0.0390625 0.0546875
0 0.630859375 0.34765625 0.03125 0.0390625
0 0.7529296875 0.3408203125 0.025390625 0.029296875
0 0.1630859375 0.34375 0.037109375 0.04296875
0 0.51171875 0.337890625 0.03125 0.03515625
0 0.5908203125 0.3369140625 0.041015625 0.044921875
0 0.322265625 0.3310546875 0.0390625 0.033203125
0 0.3994140625 0.3271484375 0.025390625 0.029296875
0 0.466796875 0.330078125 0.02734375 0.0390625
0 0.42578125 0.328125 0.0234375 0.03515625
0 0.6845703125 0.322265625 0.044921875 0.0390625
0 0.3681640625 0.314453125 0.033203125 0.04296875
0 0.759765625 0.302734375 0.02734375 0.03125
0 0.701171875 0.298828125 0.01953125 0.0234375
0 0.134765625 0.2900390625 0.02734375 0.017578125
0 0.2607421875 0.3125 0.072265625 0.06640625
0 0.02734375 0.291015625 0.0546875 0.046875
0 0.5146484375 0.28125 0.021484375 0.03125
0 0.470703125 0.2763671875 0.02734375 0.025390625
0 0.3076171875 0.27734375 0.029296875 0.03515625
0 0.1865234375 0.2685546875 0.017578125 0.017578125
0 0.55859375 0.271484375 0.0390625 0.03515625
0 0.44140625 0.2685546875 0.0234375 0.029296875
0 0.4091796875 0.26171875 0.021484375 0.02734375
0 0.380859375 0.2626953125 0.0234375 0.029296875
0 0.3525390625 0.2646484375 0.025390625 0.033203125
0 0.2177734375 0.2685546875 0.037109375 0.041015625
0 0.7021484375 0.2626953125 0.021484375 0.033203125
0 0.630859375 0.2529296875 0.046875 0.041015625
0 0.1474609375 0.251953125 0.033203125 0.0390625
0 0.046875 0.240234375 0.01953125 0.015625
0 0.2470703125 0.244140625 0.037109375 0.0390625
0 0.6640625 0.2373046875 0.02734375 0.029296875
0 0.17578125 0.2275390625 0.0390625 0.037109375
0 0.6845703125 0.22265625 0.025390625 0.03125
0 0.51953125 0.21875 0.01953125 0.03515625
0 0.4921875 0.21875 0.0234375 0.03515625
0 0.4326171875 0.212890625 0.025390625 0.02734375
0 0.76171875 0.2255859375 0.02734375 0.056640625
0 0.546875 0.2158203125 0.0234375 0.037109375
0 0.4638671875 0.212890625 0.025390625 0.03125
0 0.400390625 0.208984375 0.0234375 0.02734375
0 0.583984375 0.208984375 0.0234375 0.03125
0 0.3427734375 0.2099609375 0.033203125 0.033203125
0 0.1982421875 0.2080078125 0.033203125 0.037109375
0 0.708984375 0.2001953125 0.02734375 0.029296875
0 0.0537109375 0.1845703125 0.029296875 0.013671875
0 0.28125 0.2060546875 0.03515625 0.068359375
0 0.33984375 0.1826171875 0.03515625 0.025390625
0 0.2216796875 0.1884765625 0.033203125 0.037109375
0 0.6435546875 0.1787109375 0.025390625 0.033203125
0 0.142578125 0.181640625 0.078125 0.0546875
0 0.5703125 0.16796875 0.01953125 0.03515625
0 0.541015625 0.1669921875 0.01953125 0.037109375
0 0.4794921875 0.1650390625 0.025390625 0.041015625
0 0.4189453125 0.1630859375 0.021484375 0.037109375
0 0.4521484375 0.15234375 0.021484375 0.01953125
0 0.3896484375 0.154296875 0.025390625 0.03125
0 0.330078125 0.1435546875 0.03515625 0.033203125
0 0.3623046875 0.13671875 0.021484375 0.02734375
0 0.748046875 0.1357421875 0.03125 0.033203125
0 0.1484375 0.1357421875 0.0390625 0.033203125
0 0.63671875 0.125 0.02734375 0.01953125
0 0.21875 0.125 0.03125 0.0234375
0 0.6796875 0.1240234375 0.04296875 0.025390625
0 0.19140625 0.1357421875 0.03515625 0.052734375
0 0.603515625 0.11328125 0.02734375 0.03125
0 0.5361328125 0.1083984375 0.029296875 0.029296875
0 0.158203125 0.1064453125 0.04296875 0.029296875
0 0.5712890625 0.107421875 0.021484375 0.03515625
0 0.5048828125 0.1025390625 0.021484375 0.025390625
0 0.4814453125 0.1005859375 0.021484375 0.025390625
0 0.455078125 0.0966796875 0.0234375 0.029296875
0 0.7265625 0.09765625 0.0390625 0.0390625
0 0.4228515625 0.087890625 0.029296875 0.03515625
0 0.3193359375 0.08203125 0.048828125 0.03515625
0 0.70703125 0.0732421875 0.02734375 0.029296875
0 0.548828125 0.056640625 0.02734375 0.015625
0 0.2578125 0.04296875 0.0234375 0.01953125
0 0.244140625 0.0595703125 0.0546875 0.052734375
0 0.611328125 0.0537109375 0.08203125 0.083984375
0 0.451171875 0.03125 0.04296875 0.04296875
0 0.5556640625 0.0283203125 0.025390625 0.041015625
0 0.5263671875 0.01953125 0.021484375 0.03125
0 0.5048828125 0.0185546875 0.021484375 0.033203125
0 0.4794921875 0.0185546875 0.025390625 0.033203125
0 0.275390625 0.001953125 0.00390625 0.00390625