0 0.6201171875 0.998046875 0.017578125 0.00390625
0 0.5595703125 0.99609375 0.013671875 0.0078125
0 0.525390625 0.9951171875 0.0234375 0.009765625
0 0.6591796875 0.9921875 0.021484375 0.015625
0 0.4853515625 0.9912109375 0.021484375 0.017578125
0 0.7607421875 0.9892578125 0.029296875 0.021484375
0 0.84375 0.9873046875 0.03515625 0.025390625
0 0.2880859375 0.9853515625 0.025390625 0.025390625
0 0.12890625 0.984375 0.02734375 0.02734375
0 0.5458984375 0.974609375 0.009765625 0.015625
0 0.8955078125 0.9560546875 0.021484375 0.013671875
0 0.4453125 0.974609375 0.03515625 0.05078125
0 0.4072265625 0.970703125 0.044921875 0.046875
0 0.7646484375 0.953125 0.025390625 0.0234375
0 0.1083984375 0.9580078125 0.033203125 0.037109375
0 0.845703125 0.939453125 0.01953125 0.0234375
0 0.177734375 0.923828125 0.02734375 0.0234375
0 0.0576171875 0.9130859375 0.025390625 0.021484375
0 0.5283203125 0.9140625 0.013671875 0.03515625
0 0.8486328125 0.908203125 0.048828125 0.02734375
0 0.7451171875 0.90234375 0.033203125 0.015625
0 0.3173828125 0.9111328125 0.025390625 0.033203125
0 0.4892578125 0.8935546875 0.029296875 0.025390625
0 0.681640625 0.8837890625 0.015625 0.013671875
0 0.5888671875 0.888671875 0.021484375 0.0234375
0 0.189453125 0.888671875 0.02734375 0.0234375
0 0.060546875 0.8837890625 0.0234375 0.021484375
0 0.6513671875 0.8740234375 0.017578125 0.021484375
0 0.7314453125 0.8642578125 0.044921875 0.025390625
0 0.0029296875 0.8603515625 0.005859375 0.017578125
0 0.0654296875 0.859375 0.025390625 0.01953125
0 0.361328125 0.8544921875 0.02734375 0.033203125
0 0.841796875 0.8466796875 0.02734375 0.033203125
0 0.0673828125 0.8330078125 0.025390625 0.021484375
0 0.873046875 0.828125 0.015625 0.01953125
0 0.005859375 0.828125 0.01171875 0.0234375
0 0.2578125 0.818359375 0.03125 0.03515625
0 0.4130859375 0.810546875 0.037109375 0.0234375
0 0.3759765625 0.8076171875 0.017578125 0.017578125
0 0.8369140625 0.798828125 0.021484375 0.0234375
0 0.0078125 0.7978515625 0.015625 0.021484375
0 0.072265625 0.794921875 0.02734375 0.01953125
0 0.7294921875 0.79296875 0.025390625 0.0234375
0 0.5908203125 0.7890625 0.025390625 0.01953125
0 0.6298828125 0.7861328125 0.021484375 0.029296875
0 0.009765625 0.7666015625 0.01953125 0.021484375
0 0.0830078125 0.765625 0.041015625 0.02734375
0 0.4833984375 0.763671875 0.021484375 0.03125
0 0.8349609375 0.7509765625 0.033203125 0.021484375
0 0.7275390625 0.7529296875 0.021484375 0.025390625
0 0.0888671875 0.7333984375 0.037109375 0.021484375
0 0.01171875 0.7099609375 0.0234375 0.021484375
0 0.880859375 0.7001953125 0.05078125 0.025390625
0 0.0849609375 0.693359375 0.025390625 0.0234375
0 0.7119140625 0.6826171875 0.041015625 0.029296875
0 0.4189453125 0.677734375 0.029296875 0.03125
0 0.0166015625 0.6689453125 0.021484375 0.025390625
0 0.8984375 0.6494140625 0.05078125 0.041015625
0 0.0947265625 0.634765625 0.037109375 0.01953125
0 0.021484375 0.6318359375 0.01953125 0.017578125
0 0.4443359375 0.6201171875 0.017578125 0.013671875
0 0.3740234375 0.6181640625 0.033203125 0.033203125
0 0.677734375 0.6064453125 0.03125 0.025390625
0 0.1005859375 0.6005859375 0.041015625 0.021484375
0 0.9912109375 0.6181640625 0.017578125 0.060546875
0 0.7333984375 0.6005859375 0.060546875 0.048828125
0 0.927734375 0.599609375 0.06640625 0.0546875
0 0.453125 0.583984375 0.01953125 0.0234375
0 0.3828125 0.5712890625 0.0234375 0.017578125
0 0.025390625 0.5751953125 0.0234375 0.029296875
0 0.1025390625 0.54296875 0.021484375 0.01953125
0 0.0029296875 0.5439453125 0.005859375 0.025390625
0 0.3935546875 0.5390625 0.021484375 0.0234375
0 0.4677734375 0.5390625 0.029296875 0.02734375
0 0.03515625 0.525390625 0.02734375 0.0234375
0 0.1083984375 0.515625 0.021484375 0.0234375
0 0.78515625 0.521484375 0.046875 0.05078125
0 0.48046875 0.51171875 0.03125 0.03125
0 0.400390625 0.5048828125 0.01953125 0.025390625
0 0.9716796875 0.515625 0.044921875 0.0546875
0 0.1142578125 0.484375 0.021484375 0.01953125
0 0.947265625 0.484375 0.02734375 0.02734375
0 0.5322265625 0.4755859375 0.017578125 0.017578125
0 0.0419921875 0.4775390625 0.029296875 0.021484375
0 0.4091796875 0.474609375 0.025390625 0.0234375
0 0.4853515625 0.470703125 0.033203125 0.02734375
0 0.0107421875 0.45703125 0.013671875 0.01171875
0 0.1181640625 0.455078125 0.025390625 0.0234375
0 0.7919921875 0.462890625 0.072265625 0.0546875
0 0.4150390625 0.447265625 0.025390625 0.0234375
0 0.0517578125 0.4365234375 0.037109375 0.021484375
0 0.9130859375 0.455078125 0.072265625 0.06640625
0 0.6064453125 0.4306640625 0.017578125 0.021484375
0 0.125 0.4248046875 0.0234375 0.021484375
0 0.4228515625 0.4169921875 0.021484375 0.021484375
0 0.0185546875 0.416015625 0.017578125 0.01953125
0 0.5302734375 0.4208984375 0.033203125 0.033203125
0 0.193359375 0.400390625 0.015625 0.015625
0 0.166015625 0.3984375 0.015625 0.015625
0 0.984375 0.4169921875 0.03125 0.060546875
0 0.587890625 0.3994140625 0.02734375 0.029296875
0 0.216796875 0.3994140625 0.02734375 0.029296875
0 0.1318359375 0.39453125 0.021484375 0.01953125
0 0.6201171875 0.3935546875 0.029296875 0.033203125
0 0.4326171875 0.388671875 0.021484375 0.0234375
0 0.8486328125 0.4013671875 0.037109375 0.068359375
0 0.0654296875 0.3671875 0.021484375 0.0234375
0 0.671875 0.40234375 0.0625 0.09765625
0 0.98046875 0.3671875 0.0390625 0.0390625
0 0.2373046875 0.3603515625 0.029296875 0.033203125
0 0.17578125 0.349609375 0.015625 0.015625
0 0.1416015625 0.3466796875 0.025390625 0.021484375
0 0.5283203125 0.3447265625 0.029296875 0.025390625
0 0.56640625 0.3349609375 0.02734375 0.025390625
0 0.212890625 0.3310546875 0.015625 0.017578125
0 0.0517578125 0.314453125 0.013671875 0.015625
0 0.1533203125 0.314453125 0.033203125 0.0234375
0 0.2021484375 0.2978515625 0.017578125 0.021484375
0 0.7666015625 0.3349609375 0.142578125 0.099609375
0 0.078125 0.2958984375 0.03125 0.021484375
0 0.0068359375 0.294921875 0.013671875 0.046875
0 0.8955078125 0.2998046875 0.064453125 0.060546875
0 0.171875 0.2705078125 0.03515625 0.033203125
0 0.08203125 0.248046875 0.046875 0.0390625
0 0.3310546875 0.2353515625 0.021484375 0.021484375
0 0.0146484375 0.232421875 0.025390625 0.03125
0 0.4521484375 0.21875 0.021484375 0.01953125
0 0.64453125 0.240234375 0.05859375 0.06640625
0 0.9814453125 0.2197265625 0.037109375 0.041015625
0 0.9267578125 0.185546875 0.013671875 0.015625
0 0.1748046875 0.18359375 0.029296875 0.0234375
0 0.068359375 0.177734375 0.01953125 0.015625
0 0.046875 0.1748046875 0.015625 0.013671875
0 0.994140625 0.1767578125 0.01171875 0.033203125
0 0.103515625 0.171875 0.03125 0.03125
0 0.2314453125 0.1572265625 0.013671875 0.013671875
0 0.447265625 0.1591796875 0.0234375 0.025390625
0 0.359375 0.1640625 0.0234375 0.03515625
0 0.5244140625 0.1708984375 0.083984375 0.056640625
0 0.6728515625 0.216796875 0.134765625 0.16015625
0 0.8017578125 0.2109375 0.162109375 0.1640625
0 0.2666015625 0.142578125 0.025390625 0.03515625
0 0.0380859375 0.1357421875 0.029296875 0.025390625
0 0.0791015625 0.12109375 0.017578125 0.01171875
0 0.998046875 0.1201171875 0.00390625 0.017578125
0 0.1962890625 0.115234375 0.033203125 0.02734375
0 0.1123046875 0.1142578125 0.017578125 0.025390625
0 0.0615234375 0.09765625 0.017578125 0.01171875
0 0.998046875 0.068359375 0.00390625 0.0078125
0 0.048828125 0.072265625 0.03515625 0.02734375
0 0.1142578125 0.060546875 0.021484375 0.02734375
0 0.7255859375 0.07421875 0.076171875 0.078125
0 0.2373046875 0.0224609375 0.033203125 0.025390625
0 0.998046875 0.00390625 0.00390625 0.0078125
0 0.609375 0.015625 0.0703125 0.03125
0 0.345703125 0.037109375 0.1484375 0.07421875
0 0.2021484375 0.009765625 0.029296875 0.01953125