0 0.3125 0.998046875 0.01953125 0.00390625
0 0.078125 0.9970703125 0.0078125 0.005859375
0 0.2783203125 0.9921875 0.021484375 0.015625
0 0.173828125 0.9921875 0.0234375 0.015625
0 0.015625 0.9921875 0.03125 0.015625
0 0.0927734375 0.9892578125 0.025390625 0.021484375
0 0.11328125 0.9853515625 0.0234375 0.025390625
0 0.140625 0.9775390625 0.01953125 0.021484375
0 0.0244140625 0.9765625 0.037109375 0.02734375
0 0.3173828125 0.95703125 0.029296875 0.0234375
0 0.2919921875 0.955078125 0.021484375 0.0234375
0 0.048828125 0.953125 0.03125 0.0234375
0 0.015625 0.947265625 0.03125 0.0234375
0 0.2509765625 0.9462890625 0.044921875 0.025390625
0 0.185546875 0.93359375 0.03515625 0.01953125
0 0.3154296875 0.93359375 0.029296875 0.0234375
0 0.2490234375 0.9208984375 0.029296875 0.021484375
0 0.1328125 0.91796875 0.01953125 0.02734375
0 0.1005859375 0.912109375 0.025390625 0.0234375
0 0.1904296875 0.9091796875 0.033203125 0.021484375
0 0.3115234375 0.9091796875 0.025390625 0.025390625
0 0.2548828125 0.8955078125 0.029296875 0.017578125
0 0.076171875 0.900390625 0.0234375 0.03515625
0 0.1923828125 0.8876953125 0.033203125 0.021484375
0 0.0205078125 0.8896484375 0.025390625 0.029296875
0 0.310546875 0.8828125 0.03515625 0.0234375
0 0.0478515625 0.8896484375 0.021484375 0.037109375
0 0.2607421875 0.8740234375 0.029296875 0.021484375
0 0.115234375 0.876953125 0.046875 0.03515625
0 0.0107421875 0.875 0.021484375 0.03125
0 0.197265625 0.861328125 0.03515625 0.0234375
0 0.32421875 0.8583984375 0.0234375 0.021484375
0 0.177734375 0.83203125 0.02734375 0.0234375
0 0.3173828125 0.826171875 0.029296875 0.0234375
0 0.2724609375 0.8134765625 0.025390625 0.021484375
0 0.2109375 0.814453125 0.01953125 0.0234375
0 0.318359375 0.80078125 0.02734375 0.01953125
0 0.212890625 0.7880859375 0.0234375 0.017578125
0 0.27734375 0.78515625 0.02734375 0.01953125
0 0.3212890625 0.76953125 0.021484375 0.02734375
0 0.2109375 0.765625 0.03125 0.01953125
0 0.212890625 0.744140625 0.03515625 0.0234375
0 0.322265625 0.7412109375 0.03515625 0.029296875
0 0.28125 0.74609375 0.01953125 0.046875
0 0.2177734375 0.7177734375 0.037109375 0.025390625
0 0.3310546875 0.6923828125 0.033203125 0.025390625
0 0.33984375 0.669921875 0.0234375 0.01953125
0 0.2255859375 0.6708984375 0.037109375 0.025390625
0 0.3046875 0.662109375 0.046875 0.02734375
0 0.3359375 0.642578125 0.02734375 0.01953125
0 0.2314453125 0.642578125 0.041015625 0.0234375
0 0.3349609375 0.6201171875 0.029296875 0.025390625
0 0.3037109375 0.615234375 0.029296875 0.01953125
0 0.21484375 0.60546875 0.0234375 0.0234375
0 0.318359375 0.591796875 0.0390625 0.0234375
0 0.244140625 0.578125 0.046875 0.02734375
0 0.3310546875 0.5703125 0.033203125 0.0234375
0 0.244140625 0.5537109375 0.05078125 0.025390625
0 0.333984375 0.5478515625 0.04296875 0.021484375
0 0.2568359375 0.5302734375 0.033203125 0.021484375
0 0.3310546875 0.5244140625 0.029296875 0.021484375
0 0.2578125 0.505859375 0.03515625 0.0234375
0 0.3349609375 0.4990234375 0.033203125 0.021484375
0 0.240234375 0.4775390625 0.0234375 0.017578125
0 0.3330078125 0.4716796875 0.029296875 0.017578125
0 0.2666015625 0.4619140625 0.025390625 0.021484375
0 0.2734375 0.4365234375 0.03515625 0.021484375
0 0.2822265625 0.388671875 0.029296875 0.01953125
0 0.283203125 0.369140625 0.03515625 0.0234375
0 0.291015625 0.314453125 0.03515625 0.02734375
0 0.3134765625 0.29296875 0.029296875 0.0234375
0 0.322265625 0.2607421875 0.03515625 0.025390625
0 0.328125 0.2333984375 0.03125 0.025390625
0 0.33984375 0.2109375 0.03515625 0.02734375
0 0.3212890625 0.1884765625 0.017578125 0.021484375
0 0.3525390625 0.1865234375 0.033203125 0.025390625
0 0.353515625 0.1513671875 0.05078125 0.052734375
0 0.37109375 0.123046875 0.03515625 0.04296875
0 0.3876953125 0.0859375 0.033203125 0.02734375
0 0.40234375 0.04296875 0.05078125 0.0703125
0 0.421875 0.0048828125 0.0234375 0.009765625