0 0.576171875 0.998046875 0.00390625 0.00390625
0 0.091796875 0.998046875 0.00390625 0.00390625
0 0.1923828125 0.9970703125 0.009765625 0.005859375
0 0.662109375 0.99609375 0.015625 0.0078125
0 0.466796875 0.99609375 0.015625 0.0078125
0 0.251953125 0.9912109375 0.0390625 0.017578125
0 0.990234375 0.990234375 0.01953125 0.01953125
0 0.9404296875 0.9892578125 0.021484375 0.021484375
0 0.40234375 0.9892578125 0.04296875 0.021484375
0 0.07421875 0.9892578125 0.03125 0.021484375
0 0.6328125 0.9873046875 0.03125 0.025390625
0 0.494140625 0.9873046875 0.03125 0.025390625
0 0.0478515625 0.984375 0.029296875 0.02734375
0 0.6064453125 0.984375 0.029296875 0.03125
0 0.775390625 0.982421875 0.0390625 0.03515625
0 0.318359375 0.98046875 0.046875 0.0390625
0 0.435546875 0.974609375 0.0546875 0.03125
0 0.2392578125 0.97265625 0.033203125 0.03125
0 0.5185546875 0.970703125 0.029296875 0.03125
0 0.9482421875 0.962890625 0.025390625 0.03125
0 0.748046875 0.966796875 0.03125 0.0390625
0 0.134765625 0.9619140625 0.03125 0.033203125
0 0.0478515625 0.9580078125 0.025390625 0.025390625
0 0.9970703125 0.9521484375 0.005859375 0.017578125
0 0.7177734375 0.9560546875 0.029296875 0.033203125
0 0.54296875 0.9541015625 0.03125 0.033203125
0 0.3779296875 0.951171875 0.033203125 0.03125
0 0.859375 0.9619140625 0.0546875 0.060546875
0 0.1640625 0.9482421875 0.03515625 0.033203125
0 0.4736328125 0.943359375 0.033203125 0.02734375
0 0.69140625 0.943359375 0.02734375 0.03515625
0 0.0302734375 0.9375 0.029296875 0.0234375
0 0.564453125 0.9375 0.03125 0.03125
0 0.666015625 0.93359375 0.02734375 0.02734375
0 0.1171875 0.9345703125 0.03125 0.033203125
0 0.95703125 0.9267578125 0.02734375 0.033203125
0 0.79296875 0.927734375 0.0390625 0.03515625
0 0.4140625 0.927734375 0.03515625 0.03515625
0 0.8828125 0.9248046875 0.0390625 0.037109375
0 0.3115234375 0.923828125 0.052734375 0.03515625
0 0.1572265625 0.91796875 0.033203125 0.02734375
0 0.2060546875 0.9189453125 0.033203125 0.033203125
0 0.091796875 0.9091796875 0.03125 0.029296875
0 0.4453125 0.9091796875 0.0390625 0.033203125
0 0.890625 0.900390625 0.03125 0.02734375
0 0.6142578125 0.904296875 0.029296875 0.03515625
0 0.353515625 0.9033203125 0.03125 0.033203125
0 0.6884765625 0.896484375 0.033203125 0.02734375
0 0.0107421875 0.9033203125 0.021484375 0.041015625
0 0.736328125 0.890625 0.01953125 0.01953125
0 0.5302734375 0.89453125 0.033203125 0.03515625
0 0.7939453125 0.8974609375 0.064453125 0.052734375
0 0.3857421875 0.884765625 0.025390625 0.02734375
0 0.1865234375 0.8837890625 0.037109375 0.037109375
0 0.634765625 0.8740234375 0.0234375 0.021484375
0 0.97265625 0.8818359375 0.02734375 0.041015625
0 0.90234375 0.8779296875 0.03515625 0.033203125
0 0.06640625 0.8759765625 0.03125 0.029296875
0 0.826171875 0.8720703125 0.03125 0.025390625
0 0.69921875 0.873046875 0.03125 0.02734375
0 0.1123046875 0.865234375 0.021484375 0.01953125
0 0.5908203125 0.869140625 0.037109375 0.03125
0 0.9501953125 0.8720703125 0.029296875 0.041015625
0 0.4150390625 0.869140625 0.029296875 0.03515625
0 0.9306640625 0.861328125 0.021484375 0.02734375
0 0.9130859375 0.8515625 0.025390625 0.0234375
0 0.4501953125 0.859375 0.041015625 0.04296875
0 0.271484375 0.869140625 0.06640625 0.0625
0 0.7138671875 0.849609375 0.033203125 0.02734375
0 0.6484375 0.845703125 0.02734375 0.02734375
0 0.0458984375 0.84765625 0.033203125 0.03515625
0 0.5634765625 0.837890625 0.021484375 0.0234375
0 0.1142578125 0.8359375 0.017578125 0.01953125
0 0.0859375 0.8359375 0.01953125 0.01953125
0 0.27734375 0.8291015625 0.01953125 0.021484375
0 0.494140625 0.8486328125 0.06640625 0.064453125
0 0.9970703125 0.8154296875 0.005859375 0.009765625
0 0.7255859375 0.822265625 0.029296875 0.02734375
0 0.2392578125 0.8232421875 0.033203125 0.029296875
0 0.025390625 0.826171875 0.03515625 0.03515625
0 0.8095703125 0.814453125 0.013671875 0.01953125
0 0.87109375 0.8125 0.0234375 0.02734375
0 0.5546875 0.8115234375 0.02734375 0.029296875
0 0.669921875 0.8056640625 0.02734375 0.025390625
0 0.73828125 0.7998046875 0.02734375 0.025390625
0 0.01171875 0.802734375 0.0234375 0.03125
0 0.1396484375 0.8046875 0.044921875 0.04296875
0 0.9755859375 0.7939453125 0.029296875 0.025390625
0 0.84375 0.80078125 0.03125 0.0390625
0 0.083984375 0.794921875 0.02734375 0.02734375
0 0.9970703125 0.7841796875 0.005859375 0.009765625
0 0.2275390625 0.7900390625 0.041015625 0.029296875
0 0.5439453125 0.7890625 0.037109375 0.03125
0 0.748046875 0.7822265625 0.02734375 0.021484375
0 0.685546875 0.78515625 0.02734375 0.02734375
0 0.80859375 0.7861328125 0.02734375 0.033203125
0 0.9501953125 0.771484375 0.029296875 0.03515625
0 0.7880859375 0.767578125 0.021484375 0.02734375
0 0.58984375 0.7666015625 0.05078125 0.037109375
0 0.1181640625 0.7646484375 0.037109375 0.037109375
0 0.6962890625 0.7587890625 0.029296875 0.029296875
0 0.9072265625 0.75 0.025390625 0.03515625
0 0.625 0.74609375 0.03125 0.02734375
0 0.9482421875 0.7392578125 0.017578125 0.017578125
0 0.87890625 0.7392578125 0.0234375 0.025390625
0 0.1015625 0.740234375 0.04296875 0.0390625
0 0.7119140625 0.7333984375 0.029296875 0.029296875
0 0.2216796875 0.7431640625 0.060546875 0.048828125
0 0.8505859375 0.724609375 0.021484375 0.0234375
0 0.40234375 0.720703125 0.0234375 0.0234375
0 0.6826171875 0.7158203125 0.025390625 0.021484375
0 0.82421875 0.708984375 0.02734375 0.02734375
0 0.232421875 0.7021484375 0.01953125 0.017578125
0 0.185546875 0.712890625 0.046875 0.0390625
0 0.5078125 0.724609375 0.0546875 0.0703125
0 0.796875 0.6865234375 0.03125 0.033203125
0 0.064453125 0.6904296875 0.08203125 0.068359375
0 0.76171875 0.666015625 0.0390625 0.03515625
0 0.513671875 0.62109375 0.0390625 0.03515625
0 0.03125 0.6318359375 0.0625 0.091796875
0 0.1513671875 0.6337890625 0.119140625 0.123046875
0 0.08984375 0.56640625 0.05078125 0.05078125
0 0.005859375 0.5537109375 0.01171875 0.037109375
0 0.3603515625 0.5322265625 0.029296875 0.017578125
0 0.146484375 0.5361328125 0.02734375 0.033203125
0 0.41796875 0.53515625 0.03125 0.03515625
0 0.072265625 0.5302734375 0.03125 0.025390625
0 0.3388671875 0.5107421875 0.021484375 0.017578125
0 0.005859375 0.5107421875 0.01171875 0.029296875
0 0.0654296875 0.5078125 0.033203125 0.02734375
0 0.4140625 0.4970703125 0.04296875 0.025390625
0 0.3427734375 0.4873046875 0.029296875 0.021484375
0 0.2509765625 0.4873046875 0.025390625 0.029296875
0 0.16015625 0.5048828125 0.0546875 0.072265625
0 0.466796875 0.4794921875 0.03125 0.029296875
0 0.396484375 0.4755859375 0.0234375 0.029296875
0 0.3017578125 0.4638671875 0.021484375 0.025390625
0 0.197265625 0.4892578125 0.0703125 0.076171875
0 0.5224609375 0.4521484375 0.029296875 0.025390625
0 0.4521484375 0.4501953125 0.025390625 0.025390625
0 0.3896484375 0.4462890625 0.033203125 0.029296875
0 0.3232421875 0.4453125 0.033203125 0.03125
0 0.2236328125 0.4384765625 0.017578125 0.017578125
0 0.0791015625 0.470703125 0.103515625 0.08203125
0 0.2646484375 0.4541015625 0.048828125 0.064453125
0 0.505859375 0.419921875 0.03125 0.03125
0 0.4453125 0.3994140625 0.0234375 0.017578125
0 0.3857421875 0.404296875 0.037109375 0.02734375
0 0.3212890625 0.400390625 0.017578125 0.0234375
0 0.1044921875 0.3974609375 0.021484375 0.021484375
0 0.0625 0.3935546875 0.0390625 0.025390625
0 0.4970703125 0.384765625 0.037109375 0.02734375
0 0.3876953125 0.3720703125 0.029296875 0.025390625
0 0.3271484375 0.3681640625 0.025390625 0.017578125
0 0.4853515625 0.3564453125 0.033203125 0.025390625
0 0.3984375 0.34375 0.0390625 0.02734375
0 0.14453125 0.3505859375 0.0390625 0.041015625
0 0.0791015625 0.33984375 0.037109375 0.03125
0 0.32421875 0.3330078125 0.04296875 0.044921875
0 0.2568359375 0.32421875 0.029296875 0.02734375
0 0.181640625 0.32421875 0.02734375 0.02734375
0 0.21484375 0.3251953125 0.03125 0.033203125
0 0.1513671875 0.3154296875 0.021484375 0.021484375
0 0.494140625 0.3154296875 0.03125 0.033203125
0 0.083984375 0.306640625 0.03125 0.0234375
0 0.453125 0.271484375 0.02734375 0.01953125
0 0.23046875 0.2705078125 0.0234375 0.017578125
0 0.3310546875 0.265625 0.029296875 0.02734375
0 0.28515625 0.265625 0.0390625 0.02734375
0 0.1962890625 0.265625 0.021484375 0.02734375
0 0.1630859375 0.2626953125 0.021484375 0.029296875
0 0.3662109375 0.2548828125 0.029296875 0.017578125
0 0.1376953125 0.2548828125 0.017578125 0.025390625
0 0.107421875 0.259765625 0.03125 0.03515625
0 0.001953125 0.2451171875 0.00390625 0.005859375
0 0.0166015625 0.259765625 0.033203125 0.05078125
0 0.001953125 0.2294921875 0.00390625 0.005859375
0 0.375 0.2314453125 0.02734375 0.017578125
0 0.1142578125 0.2265625 0.029296875 0.0234375
0 0.4365234375 0.20703125 0.029296875 0.01953125
0 0.34765625 0.2041015625 0.01171875 0.013671875
0 0.162109375 0.203125 0.015625 0.01953125
0 0.373046875 0.2021484375 0.0234375 0.025390625
0 0.328125 0.201171875 0.0234375 0.0234375
0 0.3037109375 0.197265625 0.017578125 0.02734375
0 0.2763671875 0.1982421875 0.021484375 0.029296875
0 0.251953125 0.19921875 0.01953125 0.03515625
0 0.2216796875 0.1982421875 0.021484375 0.033203125
0 0.1923828125 0.197265625 0.021484375 0.03125
0 0.1259765625 0.193359375 0.033203125 0.03125
0 0.4384765625 0.181640625 0.029296875 0.01953125
0 0.0478515625 0.18359375 0.052734375 0.04296875
0 0.4384765625 0.1533203125 0.025390625 0.017578125
0 0.3681640625 0.154296875 0.041015625 0.01953125
0 0.0634765625 0.1494140625 0.037109375 0.029296875
0 0.0185546875 0.1455078125 0.017578125 0.021484375
0 0.306640625 0.142578125 0.02734375 0.01953125
0 0.2783203125 0.138671875 0.025390625 0.01953125
0 0.4423828125 0.1298828125 0.025390625 0.021484375
0 0.24609375 0.130859375 0.02734375 0.03125
0 0.369140625 0.1181640625 0.0390625 0.021484375
0 0.220703125 0.125 0.015625 0.04296875
0 0.0712890625 0.115234375 0.037109375 0.02734375
0 0.44140625 0.1044921875 0.0234375 0.021484375
0 0.013671875 0.0908203125 0.0234375 0.025390625
0 0.3701171875 0.0888671875 0.041015625 0.029296875
0 0.2900390625 0.0849609375 0.029296875 0.025390625
0 0.2275390625 0.0810546875 0.029296875 0.021484375
0 0.0888671875 0.0771484375 0.041015625 0.025390625
0 0.447265625 0.0693359375 0.02734375 0.017578125
0 0.1806640625 0.068359375 0.041015625 0.0234375
0 0.291015625 0.052734375 0.03515625 0.02734375
0 0.3779296875 0.0498046875 0.029296875 0.025390625
0 0.1865234375 0.037109375 0.037109375 0.0234375
0 0.09765625 0.0341796875 0.015625 0.017578125
0 0.4990234375 0.0322265625 0.029296875 0.017578125
0 0.4482421875 0.03125 0.029296875 0.015625
0 0.0400390625 0.0322265625 0.021484375 0.029296875
0 0.064453125 0.025390625 0.0234375 0.03515625
0 0.2890625 0.017578125 0.02734375 0.02734375
0 0.1201171875 0.0205078125 0.029296875 0.033203125
0 0.453125 0.009765625 0.03515625 0.01953125
0 0.3759765625 0.0078125 0.025390625 0.015625
0 0.201171875 0.01171875 0.03515625 0.0234375
0 0.0126953125 0.0068359375 0.017578125 0.013671875