0 0.81640625 0.9970703125 0.01171875 0.005859375
0 0.0576171875 0.99609375 0.021484375 0.0078125
0 0.990234375 0.9912109375 0.01953125 0.017578125
0 0.025390625 0.990234375 0.02734375 0.01953125
0 0.9599609375 0.986328125 0.029296875 0.02734375
0 0.171875 0.9794921875 0.0390625 0.025390625
0 0.6044921875 0.982421875 0.052734375 0.03515625
0 0.240234375 0.982421875 0.02734375 0.03515625
0 0.3662109375 0.9775390625 0.072265625 0.044921875
0 0.02734375 0.9560546875 0.0234375 0.017578125
0 0.9091796875 0.9716796875 0.083984375 0.052734375
0 0.712890625 0.9619140625 0.1171875 0.037109375
0 0.849609375 0.9560546875 0.0390625 0.029296875
0 0.1669921875 0.953125 0.037109375 0.0234375
0 0.4560546875 0.9599609375 0.103515625 0.080078125
0 0.869140625 0.927734375 0.03515625 0.03125
0 0.560546875 0.94140625 0.09375 0.06640625
0 0.02734375 0.912109375 0.03515625 0.0234375
0 0.16015625 0.91015625 0.03515625 0.0234375
0 0.732421875 0.9140625 0.13671875 0.04296875
0 0.8857421875 0.8984375 0.033203125 0.02734375
0 0.994140625 0.8935546875 0.01171875 0.021484375
0 0.96875 0.8974609375 0.02734375 0.033203125
0 0.025390625 0.88671875 0.03515625 0.01953125
0 0.15625 0.88671875 0.03515625 0.0234375
0 0.94140625 0.88671875 0.02734375 0.03515625
0 0.2939453125 0.9130859375 0.103515625 0.103515625
0 0.91015625 0.8720703125 0.02734375 0.025390625
0 0.1513671875 0.8662109375 0.041015625 0.021484375
0 0.025390625 0.8603515625 0.0390625 0.021484375
0 0.630859375 0.8603515625 0.05078125 0.044921875
0 0.1484375 0.8486328125 0.04296875 0.021484375
0 0.99609375 0.8369140625 0.0078125 0.017578125
0 0.7021484375 0.8466796875 0.052734375 0.044921875
0 0.361328125 0.873046875 0.1015625 0.10546875
0 0.0205078125 0.830078125 0.025390625 0.03125
0 0.9501953125 0.8203125 0.037109375 0.03125
0 0.8203125 0.8330078125 0.08203125 0.060546875
0 0.1376953125 0.80859375 0.033203125 0.02734375
0 0.9619140625 0.7939453125 0.037109375 0.033203125
0 0.8427734375 0.796875 0.060546875 0.046875
0 0.130859375 0.7783203125 0.03125 0.025390625
0 0.98046875 0.7705078125 0.03125 0.029296875
0 0.0400390625 0.78125 0.041015625 0.05078125
0 0.1240234375 0.74609375 0.033203125 0.02734375
0 0.056640625 0.7490234375 0.03515625 0.033203125
0 0.2900390625 0.7705078125 0.099609375 0.099609375
0 0.869140625 0.75 0.08203125 0.0625
0 0.07421875 0.7265625 0.0390625 0.03515625
0 0.478515625 0.7919921875 0.140625 0.173828125
0 0.8837890625 0.7177734375 0.052734375 0.048828125
0 0.1064453125 0.705078125 0.033203125 0.0390625
0 0.37890625 0.7158203125 0.10546875 0.107421875
0 0.2353515625 0.7138671875 0.103515625 0.103515625
0 0.9169921875 0.6787109375 0.080078125 0.068359375
0 0.0126953125 0.6611328125 0.025390625 0.076171875
0 0.94140625 0.6484375 0.08203125 0.0546875
0 0.1962890625 0.634765625 0.111328125 0.09375
0 0.96484375 0.6005859375 0.0546875 0.041015625
0 0.82421875 0.6005859375 0.0546875 0.048828125
0 0.294921875 0.6123046875 0.10546875 0.103515625
0 0.8466796875 0.5673828125 0.064453125 0.025390625
0 0.4697265625 0.61328125 0.158203125 0.12109375
0 0.9716796875 0.56640625 0.056640625 0.046875
0 0.642578125 0.55859375 0.21875 0.16015625
0 0.7666015625 0.5048828125 0.076171875 0.064453125
0 0.91015625 0.4951171875 0.08203125 0.060546875
0 0.98046875 0.458984375 0.0390625 0.046875
0 0.8330078125 0.4638671875 0.076171875 0.068359375
0 0.7109375 0.423828125 0.046875 0.05078125
0 0.884765625 0.419921875 0.046875 0.05078125
0 0.833984375 0.4033203125 0.05078125 0.048828125
0 0.998046875 0.3779296875 0.00390625 0.005859375
0 0.6611328125 0.408203125 0.072265625 0.08203125
0 0.9599609375 0.365234375 0.041015625 0.04296875
0 0.90234375 0.3388671875 0.04296875 0.044921875
0 0.703125 0.3525390625 0.078125 0.072265625
0 0.9345703125 0.3046875 0.021484375 0.01953125
0 0.9755859375 0.3203125 0.048828125 0.0546875
0 0.7734375 0.330078125 0.0703125 0.078125
0 0.7138671875 0.2939453125 0.048828125 0.048828125
0 0.986328125 0.2373046875 0.02734375 0.044921875
0 0.9013671875 0.2236328125 0.080078125 0.037109375
0 0.9931640625 0.0087890625 0.013671875 0.017578125
0 0.9765625 0.001953125 0.00390625 0.00390625