0 0.1435546875 0.98046875 0.021484375 0.0234375
0 0.2705078125 0.9833984375 0.037109375 0.033203125
0 0.65625 0.9736328125 0.0390625 0.033203125
0 0.5986328125 0.9697265625 0.056640625 0.044921875
0 0.4609375 0.9599609375 0.02734375 0.025390625
0 0.537109375 0.9638671875 0.0546875 0.041015625
0 0.4970703125 0.9580078125 0.025390625 0.037109375
0 0.2158203125 0.9677734375 0.052734375 0.056640625
0 0.4296875 0.951171875 0.03125 0.03125
0 0.1494140625 0.947265625 0.048828125 0.03125
0 0.47265625 0.939453125 0.02734375 0.02734375
0 0.3876953125 0.939453125 0.060546875 0.05078125
0 0.2734375 0.9384765625 0.0625 0.052734375
0 0.6298828125 0.921875 0.021484375 0.0234375
0 0.4423828125 0.9248046875 0.037109375 0.033203125
0 0.6640625 0.9228515625 0.03515625 0.033203125
0 0.3466796875 0.9130859375 0.041015625 0.037109375
0 0.4091796875 0.9091796875 0.029296875 0.033203125
0 0.169921875 0.9140625 0.046875 0.04296875
0 0.3193359375 0.900390625 0.021484375 0.0234375
0 0.5830078125 0.904296875 0.029296875 0.046875
0 0.5546875 0.9013671875 0.0234375 0.044921875
0 0.38671875 0.8935546875 0.02734375 0.033203125
0 0.298828125 0.888671875 0.03125 0.03515625
0 0.365234375 0.880859375 0.02734375 0.03125
0 0.466796875 0.87890625 0.03515625 0.03125
0 0.34375 0.8671875 0.03125 0.03125
0 0.513671875 0.884765625 0.05078125 0.0703125
0 0.1962890625 0.86328125 0.041015625 0.03515625
0 0.5390625 0.857421875 0.05078125 0.0390625
0 0.32421875 0.8544921875 0.03125 0.033203125
0 0.5771484375 0.8447265625 0.029296875 0.037109375
0 0.625 0.853515625 0.0703125 0.08984375
0 0.27734375 0.8505859375 0.07421875 0.083984375
0 0.4453125 0.8232421875 0.02734375 0.033203125
0 0.376953125 0.8212890625 0.03125 0.033203125
0 0.4140625 0.82421875 0.03515625 0.05078125
0 0.51171875 0.8037109375 0.03515625 0.033203125
0 0.44140625 0.7919921875 0.03125 0.021484375
0 0.5537109375 0.79296875 0.025390625 0.03515625
0 0.4775390625 0.8037109375 0.037109375 0.056640625
0 0.314453125 0.7822265625 0.03125 0.033203125
0 0.2373046875 0.7919921875 0.044921875 0.056640625
0 0.6015625 0.77734375 0.0234375 0.03125
0 0.34375 0.78515625 0.03515625 0.0625
0 0.576171875 0.7724609375 0.04296875 0.056640625
0 0.375 0.759765625 0.02734375 0.03125
0 0.400390625 0.75390625 0.0234375 0.03515625
0 0.4228515625 0.748046875 0.029296875 0.0390625
0 0.4501953125 0.7431640625 0.025390625 0.037109375
0 0.48046875 0.7353515625 0.046875 0.048828125
0 0.5185546875 0.7177734375 0.029296875 0.029296875
0 0.619140625 0.7392578125 0.04296875 0.083984375
0 0.3408203125 0.7109375 0.033203125 0.03125
0 0.3740234375 0.7021484375 0.033203125 0.033203125
0 0.3994140625 0.6953125 0.025390625 0.03125
0 0.5751953125 0.7001953125 0.041015625 0.044921875
0 0.333984375 0.6826171875 0.02734375 0.021484375
0 0.607421875 0.6826171875 0.03515625 0.037109375
0 0.458984375 0.669921875 0.02734375 0.046875
0 0.4892578125 0.6650390625 0.029296875 0.041015625
0 0.513671875 0.658203125 0.0234375 0.0390625
0 0.423828125 0.66796875 0.04296875 0.06640625
0 0.341796875 0.6484375 0.0390625 0.03125
0 0.580078125 0.6396484375 0.0546875 0.029296875
0 0.5361328125 0.64453125 0.025390625 0.0390625
0 0.267578125 0.6640625 0.05078125 0.10546875
0 0.337890625 0.6201171875 0.046875 0.029296875
0 0.376953125 0.611328125 0.02734375 0.03515625
0 0.529296875 0.6025390625 0.03515625 0.029296875
0 0.5732421875 0.59765625 0.033203125 0.03515625
0 0.4638671875 0.5849609375 0.025390625 0.037109375
0 0.4853515625 0.578125 0.021484375 0.03515625
0 0.5048828125 0.5751953125 0.029296875 0.041015625
0 0.541015625 0.5634765625 0.03125 0.037109375
0 0.3525390625 0.5625 0.025390625 0.03515625
0 0.3720703125 0.556640625 0.025390625 0.03515625
0 0.4306640625 0.54296875 0.025390625 0.03125
0 0.3994140625 0.544921875 0.025390625 0.04296875
0 0.455078125 0.533203125 0.02734375 0.03515625
0 0.318359375 0.5517578125 0.0625 0.095703125
0 0.3837890625 0.5 0.017578125 0.01953125
0 0.2119140625 0.513671875 0.052734375 0.046875
0 0.4873046875 0.5087890625 0.048828125 0.060546875
0 0.2939453125 0.4931640625 0.041015625 0.037109375
0 0.4462890625 0.482421875 0.025390625 0.01953125
0 0.3515625 0.4765625 0.0546875 0.05078125
0 0.3984375 0.4560546875 0.02734375 0.033203125
0 0.19140625 0.474609375 0.0625 0.0703125
0 0.4248046875 0.4541015625 0.029296875 0.041015625
0 0.251953125 0.4501953125 0.0390625 0.033203125
0 0.03515625 0.4794921875 0.05859375 0.091796875
0 0.44921875 0.4482421875 0.02734375 0.041015625
0 0.4697265625 0.4423828125 0.029296875 0.041015625
0 0.2900390625 0.4326171875 0.025390625 0.044921875
0 0.328125 0.4208984375 0.03515625 0.041015625
0 0.05078125 0.400390625 0.0390625 0.0390625
0 0.38671875 0.400390625 0.0546875 0.0546875
0 0.2197265625 0.400390625 0.064453125 0.0546875
0 0.453125 0.3876953125 0.0234375 0.033203125
0 0.3408203125 0.3818359375 0.021484375 0.021484375
0 0.2705078125 0.3818359375 0.025390625 0.021484375
0 0.4736328125 0.3828125 0.025390625 0.03515625
0 0.3916015625 0.3720703125 0.017578125 0.017578125
0 0.1357421875 0.392578125 0.080078125 0.06640625
0 0.4228515625 0.3837890625 0.041015625 0.052734375
0 0.3857421875 0.3564453125 0.017578125 0.017578125
0 0.1904296875 0.3564453125 0.052734375 0.037109375
0 0.240234375 0.3515625 0.03515625 0.0390625
0 0.2724609375 0.34765625 0.021484375 0.03515625
0 0.4462890625 0.3359375 0.017578125 0.01953125
0 0.2998046875 0.3427734375 0.029296875 0.037109375
0 0.3310546875 0.3369140625 0.029296875 0.041015625
0 0.3603515625 0.33203125 0.029296875 0.03515625
0 0.4033203125 0.326171875 0.044921875 0.03515625
0 0.0830078125 0.3173828125 0.033203125 0.021484375
0 0.005859375 0.326171875 0.01171875 0.046875
0 0.4599609375 0.3076171875 0.037109375 0.025390625
0 0.2021484375 0.30078125 0.021484375 0.03125
0 0.08203125 0.2939453125 0.046875 0.033203125
0 0.06640625 0.2744140625 0.0390625 0.029296875
0 0.388671875 0.267578125 0.0234375 0.0234375
0 0.4443359375 0.2666015625 0.044921875 0.025390625
0 0.3603515625 0.267578125 0.037109375 0.0546875
0 0.150390625 0.2822265625 0.078125 0.091796875
0 0.1865234375 0.2470703125 0.029296875 0.025390625
0 0.4345703125 0.2451171875 0.044921875 0.025390625
0 0.0546875 0.2470703125 0.0390625 0.033203125
0 0.12109375 0.2255859375 0.05078125 0.037109375
0 0.4140625 0.2119140625 0.04296875 0.029296875
0 0.2802734375 0.2470703125 0.134765625 0.103515625
0 0.0234375 0.1982421875 0.0234375 0.025390625
0 0.35546875 0.1875 0.03125 0.02734375
0 0.4033203125 0.1845703125 0.033203125 0.029296875
0 0.1455078125 0.1669921875 0.017578125 0.029296875
0 0.2119140625 0.158203125 0.021484375 0.03125
0 0.1787109375 0.16015625 0.029296875 0.03515625
0 0.255859375 0.1455078125 0.0546875 0.044921875
0 0.3662109375 0.1298828125 0.033203125 0.025390625
0 0.291015625 0.1396484375 0.03515625 0.044921875
0 0.31640625 0.1337890625 0.03125 0.041015625
0 0.015625 0.1484375 0.03125 0.0703125
0 0.1845703125 0.1220703125 0.021484375 0.037109375
0 0.2255859375 0.103515625 0.017578125 0.015625
0 0.0966796875 0.142578125 0.068359375 0.09375
0 0.3505859375 0.1025390625 0.037109375 0.021484375
0 0.12890625 0.0849609375 0.01953125 0.041015625
0 0.1513671875 0.08203125 0.025390625 0.0390625
0 0.185546875 0.0771484375 0.02734375 0.041015625
0 0.2109375 0.0712890625 0.0234375 0.041015625
0 0.2431640625 0.068359375 0.033203125 0.046875
0 0.275390625 0.0634765625 0.03515625 0.048828125
0 0.3271484375 0.0634765625 0.060546875 0.064453125
0 0.0634765625 0.03515625 0.025390625 0.03515625
0 0.0986328125 0.0302734375 0.021484375 0.033203125
0 0.123046875 0.02734375 0.01953125 0.03125
0 0.29296875 0.0087890625 0.0625 0.017578125
0 0.2255859375 0.013671875 0.056640625 0.02734375
0 0.1484375 0.01953125 0.02734375 0.0390625
0 0.0673828125 0.001953125 0.009765625 0.00390625
0 0.0234375 0.0244140625 0.046875 0.048828125