0 0.5869140625 0.9775390625 0.029296875 0.029296875
0 0.4794921875 0.9482421875 0.025390625 0.025390625
0 0.591796875 0.935546875 0.03515625 0.03125
0 0.66015625 0.7060546875 0.02734375 0.044921875
0 0.8154296875 0.583984375 0.021484375 0.015625
0 0.6376953125 0.5859375 0.033203125 0.01953125
0 0.3486328125 0.587890625 0.041015625 0.02734375
0 0.3955078125 0.5830078125 0.021484375 0.025390625
0 0.771484375 0.5771484375 0.03125 0.041015625
0 0.443359375 0.57421875 0.02734375 0.03515625
0 0.640625 0.5361328125 0.03125 0.021484375
0 0.1240234375 0.5029296875 0.017578125 0.017578125
0 0.3759765625 0.505859375 0.048828125 0.0390625
0 0.4326171875 0.498046875 0.037109375 0.02734375
0 0.73828125 0.4677734375 0.0390625 0.041015625
0 0.6845703125 0.4541015625 0.021484375 0.021484375
0 0.642578125 0.4423828125 0.03515625 0.021484375
0 0.3427734375 0.4541015625 0.037109375 0.052734375
0 0.5556640625 0.4326171875 0.025390625 0.044921875
0 0.50390625 0.408203125 0.04296875 0.0390625
0 0.6396484375 0.40234375 0.021484375 0.03515625
0 0.3505859375 0.3759765625 0.041015625 0.041015625
0 0.66015625 0.3623046875 0.03515625 0.029296875
0 0.6640625 0.3193359375 0.0234375 0.013671875
0 0.564453125 0.330078125 0.0234375 0.0546875
0 0.6591796875 0.2978515625 0.025390625 0.025390625
0 0.5166015625 0.28515625 0.029296875 0.0390625
0 0.67578125 0.2568359375 0.03515625 0.041015625
0 0.8681640625 0.2216796875 0.037109375 0.025390625
0 0.5703125 0.228515625 0.03125 0.0390625
0 0.443359375 0.2275390625 0.02734375 0.052734375
0 0.7060546875 0.2138671875 0.029296875 0.037109375
0 0.919921875 0.208984375 0.03125 0.03515625
0 0.9951171875 0.1904296875 0.009765625 0.017578125
0 0.943359375 0.1708984375 0.03515625 0.029296875
0 0.7431640625 0.173828125 0.041015625 0.03515625
0 0.529296875 0.1669921875 0.02734375 0.056640625
0 0.9736328125 0.1484375 0.029296875 0.03125
0 0.8603515625 0.1455078125 0.025390625 0.025390625
0 0.646484375 0.140625 0.02734375 0.01953125
0 0.8837890625 0.1259765625 0.025390625 0.025390625
0 0.5849609375 0.1103515625 0.025390625 0.041015625
0 0.84765625 0.095703125 0.01953125 0.01953125
0 0.8046875 0.1025390625 0.02734375 0.033203125
0 0.9189453125 0.0927734375 0.029296875 0.029296875
0 0.6982421875 0.0927734375 0.033203125 0.037109375
0 0.515625 0.0869140625 0.05078125 0.052734375
0 0.423828125 0.0908203125 0.0546875 0.060546875
0 0.8369140625 0.068359375 0.025390625 0.0234375
0 0.9599609375 0.0419921875 0.025390625 0.025390625
0 0.767578125 0.0400390625 0.03125 0.025390625
0 0.8681640625 0.0439453125 0.037109375 0.037109375
0 0.5849609375 0.0224609375 0.033203125 0.017578125
0 0.9873046875 0.0146484375 0.025390625 0.029296875
0 0.9150390625 0.0107421875 0.029296875 0.021484375
0 0.7939453125 0.0068359375 0.025390625 0.013671875