0 0.6357421875 0.998046875 0.005859375 0.00390625
0 0.5478515625 0.994140625 0.021484375 0.01171875
0 0.8662109375 0.9931640625 0.017578125 0.013671875
0 0.771484375 0.9931640625 0.015625 0.013671875
0 0.84375 0.990234375 0.0234375 0.01953125
0 0.7294921875 0.990234375 0.048828125 0.01953125
0 0.8935546875 0.9892578125 0.033203125 0.021484375
0 0.86328125 0.978515625 0.015625 0.01171875
0 0.810546875 0.98046875 0.0546875 0.0390625
0 0.4443359375 0.9794921875 0.095703125 0.041015625
0 0.53515625 0.97265625 0.0234375 0.03125
0 0.5595703125 0.9677734375 0.021484375 0.029296875
0 0.890625 0.9599609375 0.03125 0.021484375
0 0.5869140625 0.9677734375 0.025390625 0.037109375
0 0.8076171875 0.955078125 0.017578125 0.015625
0 0.83984375 0.94921875 0.015625 0.015625
0 0.646484375 0.962890625 0.07421875 0.05859375
0 0.693359375 0.951171875 0.01953125 0.0390625
0 0.884765625 0.9384765625 0.02734375 0.021484375
0 0.7236328125 0.9443359375 0.041015625 0.041015625
0 0.759765625 0.935546875 0.0234375 0.03125
0 0.8203125 0.9248046875 0.01953125 0.025390625
0 0.79296875 0.9267578125 0.02734375 0.041015625
0 0.8544921875 0.9150390625 0.021484375 0.025390625
0 0.884765625 0.9111328125 0.03515625 0.029296875
0 0.572265625 0.90625 0.01953125 0.02734375
0 0.603515625 0.8974609375 0.01953125 0.021484375
0 0.2783203125 0.89453125 0.064453125 0.02734375
0 0.5478515625 0.8955078125 0.021484375 0.044921875
0 0.6630859375 0.8837890625 0.021484375 0.033203125
0 0.6328125 0.8828125 0.03125 0.04296875
0 0.7265625 0.8740234375 0.01953125 0.029296875
0 0.7001953125 0.876953125 0.021484375 0.03515625
0 0.4716796875 0.8681640625 0.033203125 0.021484375
0 0.7509765625 0.869140625 0.021484375 0.02734375
0 0.6728515625 0.85546875 0.017578125 0.015625
0 0.7802734375 0.8623046875 0.029296875 0.033203125
0 0.5771484375 0.8623046875 0.056640625 0.041015625
0 0.8466796875 0.853515625 0.083984375 0.04296875
0 0.7265625 0.8447265625 0.01953125 0.025390625
0 0.6826171875 0.833984375 0.017578125 0.015625
0 0.8642578125 0.822265625 0.041015625 0.01953125
0 0.56640625 0.822265625 0.0390625 0.01953125
0 0.6201171875 0.8125 0.025390625 0.02734375
0 0.650390625 0.8095703125 0.0234375 0.025390625
0 0.6787109375 0.8056640625 0.029296875 0.025390625
0 0.7109375 0.802734375 0.0234375 0.03515625
0 0.7421875 0.7998046875 0.02734375 0.041015625
0 0.7763671875 0.802734375 0.037109375 0.0546875
0 0.8056640625 0.7939453125 0.021484375 0.044921875
0 0.380859375 0.845703125 0.05859375 0.15234375
0 0.8623046875 0.78125 0.021484375 0.02734375
0 0.568359375 0.765625 0.046875 0.0234375
0 0.4814453125 0.7548828125 0.029296875 0.025390625
0 0.6044921875 0.7509765625 0.021484375 0.033203125
0 0.6396484375 0.74609375 0.025390625 0.0390625
0 0.66796875 0.7421875 0.0234375 0.03515625
0 0.697265625 0.7373046875 0.0234375 0.033203125
0 0.0166015625 0.740234375 0.033203125 0.04296875
0 0.7275390625 0.7314453125 0.025390625 0.029296875
0 0.6142578125 0.7236328125 0.013671875 0.013671875
0 0.8173828125 0.7236328125 0.017578125 0.017578125
0 0.775390625 0.7236328125 0.03515625 0.029296875
0 0.849609375 0.7177734375 0.04296875 0.025390625
0 0.701171875 0.708984375 0.0234375 0.01953125
0 0.5576171875 0.7109375 0.037109375 0.0234375
0 0.7490234375 0.701171875 0.017578125 0.015625
0 0.4677734375 0.7109375 0.060546875 0.04296875
0 0.7216796875 0.6943359375 0.033203125 0.033203125
0 0.845703125 0.6875 0.04296875 0.0234375
0 0.775390625 0.6806640625 0.01953125 0.017578125
0 0.5947265625 0.681640625 0.033203125 0.0390625
0 0.62890625 0.673828125 0.0234375 0.03125
0 0.2783203125 0.6640625 0.017578125 0.01953125
0 0.6572265625 0.6708984375 0.029296875 0.041015625
0 0.4912109375 0.6640625 0.037109375 0.02734375
0 0.6884765625 0.6640625 0.021484375 0.0390625
0 0.8408203125 0.66015625 0.056640625 0.0390625
0 0.71875 0.6572265625 0.02734375 0.037109375
0 0.7470703125 0.650390625 0.025390625 0.03515625
0 0.78125 0.6455078125 0.02734375 0.033203125
0 0.43359375 0.6591796875 0.13671875 0.072265625
0 0.806640625 0.6396484375 0.0234375 0.037109375
0 0.5673828125 0.6201171875 0.037109375 0.021484375
0 0.6455078125 0.6005859375 0.029296875 0.037109375
0 0.57421875 0.5908203125 0.03125 0.025390625
0 0.767578125 0.587890625 0.0234375 0.0234375
0 0.6708984375 0.5966796875 0.025390625 0.041015625
0 0.6083984375 0.583984375 0.025390625 0.0234375
0 0.7119140625 0.587890625 0.025390625 0.046875
0 0.791015625 0.5771484375 0.0234375 0.033203125
0 0.833984375 0.572265625 0.0546875 0.02734375
0 0.447265625 0.58203125 0.13671875 0.05078125
0 0.55859375 0.5654296875 0.03125 0.029296875
0 0.7333984375 0.560546875 0.048828125 0.02734375
0 0.8369140625 0.546875 0.048828125 0.03125
0 0.546875 0.537109375 0.03125 0.03125
0 0.6005859375 0.5361328125 0.025390625 0.037109375
0 0.6328125 0.5263671875 0.01953125 0.029296875
0 0.8388671875 0.5185546875 0.041015625 0.021484375
0 0.662109375 0.5263671875 0.02734375 0.037109375
0 0.693359375 0.521484375 0.0234375 0.03515625
0 0.7548828125 0.5107421875 0.025390625 0.033203125
0 0.7216796875 0.5107421875 0.033203125 0.033203125
0 0.2392578125 0.5029296875 0.029296875 0.037109375
0 0.7939453125 0.4990234375 0.041015625 0.044921875
0 0.55859375 0.4853515625 0.03125 0.021484375
0 0.44921875 0.51953125 0.078125 0.09375
0 0.8388671875 0.4853515625 0.041015625 0.033203125
0 0.3203125 0.47265625 0.03125 0.02734375
0 0.2509765625 0.47265625 0.029296875 0.02734375
0 0.5908203125 0.474609375 0.029296875 0.03515625
0 0.623046875 0.46875 0.02734375 0.03125
0 0.65625 0.4619140625 0.02734375 0.033203125
0 0.5068359375 0.45703125 0.037109375 0.03125
0 0.712890625 0.4521484375 0.02734375 0.029296875
0 0.6826171875 0.4541015625 0.025390625 0.033203125
0 0.3642578125 0.453125 0.029296875 0.03125
0 0.1767578125 0.451171875 0.033203125 0.03125
0 0.640625 0.4326171875 0.01953125 0.013671875
0 0.7392578125 0.4443359375 0.025390625 0.041015625
0 0.2646484375 0.439453125 0.033203125 0.03125
0 0.759765625 0.4384765625 0.0234375 0.037109375
0 0.6728515625 0.427734375 0.017578125 0.015625
0 0.4775390625 0.4638671875 0.076171875 0.087890625
0 0.783203125 0.43359375 0.0234375 0.0390625
0 0.703125 0.4208984375 0.015625 0.017578125
0 0.505859375 0.4248046875 0.04296875 0.025390625
0 0.3408203125 0.4267578125 0.033203125 0.037109375
0 0.193359375 0.4228515625 0.02734375 0.029296875
0 0.8349609375 0.419921875 0.044921875 0.046875
0 0.5126953125 0.39453125 0.041015625 0.0234375
0 0.2412109375 0.3916015625 0.025390625 0.017578125
0 0.5859375 0.4140625 0.0625 0.06640625
0 0.2978515625 0.39453125 0.025390625 0.02734375
0 0.205078125 0.3916015625 0.02734375 0.025390625
0 0.607421875 0.392578125 0.0234375 0.03515625
0 0.6357421875 0.3818359375 0.025390625 0.029296875
0 0.6689453125 0.3798828125 0.025390625 0.029296875
0 0.21484375 0.375 0.0234375 0.01953125
0 0.8515625 0.37109375 0.0234375 0.0234375
0 0.7001953125 0.3740234375 0.025390625 0.033203125
0 0.73046875 0.3720703125 0.02734375 0.033203125
0 0.759765625 0.3681640625 0.02734375 0.033203125
0 0.8193359375 0.3544921875 0.025390625 0.025390625
0 0.7890625 0.36328125 0.02734375 0.04296875
0 0.2548828125 0.3544921875 0.037109375 0.033203125
0 0.8515625 0.34375 0.0234375 0.0234375
0 0.53125 0.3515625 0.05078125 0.05078125
0 0.396484375 0.3525390625 0.046875 0.056640625
0 0.138671875 0.33203125 0.01953125 0.01953125
0 0.33203125 0.3359375 0.0390625 0.0390625
0 0.224609375 0.3359375 0.03125 0.0390625
0 0.0458984375 0.328125 0.021484375 0.0234375
0 0.0986328125 0.326171875 0.052734375 0.0234375
0 0.017578125 0.32421875 0.02734375 0.02734375
0 0.658203125 0.3193359375 0.02734375 0.033203125
0 0.6220703125 0.3193359375 0.033203125 0.044921875
0 0.6875 0.3115234375 0.0234375 0.033203125
0 0.537109375 0.3046875 0.01953125 0.01953125
0 0.5615234375 0.3046875 0.025390625 0.0234375
0 0.177734375 0.306640625 0.0390625 0.02734375
0 0.3095703125 0.310546875 0.037109375 0.0390625
0 0.7158203125 0.3056640625 0.025390625 0.041015625
0 0.337890625 0.2939453125 0.0234375 0.021484375
0 0.80859375 0.2978515625 0.0234375 0.033203125
0 0.748046875 0.30078125 0.03125 0.0390625
0 0.65625 0.2890625 0.015625 0.015625
0 0.845703125 0.29296875 0.03515625 0.02734375
0 0.78125 0.2998046875 0.02734375 0.041015625
0 0.6875 0.2841796875 0.01953125 0.017578125
0 0.556640625 0.283203125 0.015625 0.015625
0 0.103515625 0.2861328125 0.03125 0.025390625
0 0.5849609375 0.28515625 0.033203125 0.03125
0 0.451171875 0.291015625 0.03515625 0.04296875
0 0.2509765625 0.27734375 0.021484375 0.01953125
0 0.78125 0.2685546875 0.0234375 0.021484375
0 0.8115234375 0.2607421875 0.017578125 0.017578125
0 0.603515625 0.2607421875 0.02734375 0.029296875
0 0.845703125 0.259765625 0.0390625 0.03125
0 0.6611328125 0.2568359375 0.025390625 0.025390625
0 0.041015625 0.26171875 0.05078125 0.046875
0 0.484375 0.251953125 0.03515625 0.03125
0 0.392578125 0.2607421875 0.04296875 0.052734375
0 0.28125 0.2548828125 0.0546875 0.041015625
0 0.0087890625 0.248046875 0.017578125 0.03515625
0 0.2138671875 0.2392578125 0.021484375 0.029296875
0 0.8388671875 0.2314453125 0.029296875 0.021484375
0 0.3369140625 0.23046875 0.025390625 0.0234375
0 0.177734375 0.236328125 0.02734375 0.03515625
0 0.6884765625 0.234375 0.037109375 0.04296875
0 0.283203125 0.2255859375 0.04296875 0.029296875
0 0.1572265625 0.2265625 0.029296875 0.03125
0 0.3984375 0.2158203125 0.0234375 0.025390625
0 0.634765625 0.2177734375 0.03125 0.033203125
0 0.84765625 0.2109375 0.046875 0.03125
0 0.3759765625 0.2109375 0.025390625 0.03125
0 0.1328125 0.21484375 0.02734375 0.04296875
0 0.0966796875 0.203125 0.041015625 0.02734375
0 0.3505859375 0.2001953125 0.025390625 0.029296875
0 0.8095703125 0.1982421875 0.025390625 0.029296875
0 0.716796875 0.1962890625 0.02734375 0.029296875
0 0.5126953125 0.197265625 0.041015625 0.03125
0 0.0380859375 0.197265625 0.041015625 0.03125
0 0.1728515625 0.18359375 0.029296875 0.015625
0 0.224609375 0.1884765625 0.03515625 0.029296875
0 0.7822265625 0.1884765625 0.025390625 0.033203125
0 0.6630859375 0.185546875 0.029296875 0.02734375
0 0.5615234375 0.1884765625 0.041015625 0.041015625
0 0.4794921875 0.181640625 0.021484375 0.02734375
0 0.30078125 0.1748046875 0.03515625 0.025390625
0 0.7451171875 0.1787109375 0.044921875 0.052734375
0 0.4521484375 0.1669921875 0.029296875 0.037109375
0 0.6845703125 0.1591796875 0.029296875 0.033203125
0 0.4189453125 0.15625 0.029296875 0.02734375
0 0.236328125 0.158203125 0.0390625 0.03125
0 0.029296875 0.1484375 0.01953125 0.01953125
0 0.8408203125 0.150390625 0.064453125 0.046875
0 0.3896484375 0.1416015625 0.033203125 0.029296875
0 0.619140625 0.1435546875 0.04296875 0.041015625
0 0.7724609375 0.1279296875 0.025390625 0.025390625
0 0.7978515625 0.12890625 0.025390625 0.03515625
0 0.361328125 0.1298828125 0.0390625 0.041015625
0 0.3193359375 0.1259765625 0.041015625 0.033203125
0 0.57421875 0.12890625 0.03125 0.04296875
0 0.123046875 0.125 0.03515625 0.0390625
0 0.8515625 0.115234375 0.0390625 0.0234375
0 0.5556640625 0.11328125 0.025390625 0.02734375
0 0.78125 0.1064453125 0.0234375 0.021484375
0 0.08984375 0.1103515625 0.03515625 0.033203125
0 0.2568359375 0.1005859375 0.041015625 0.037109375
0 0.33203125 0.0927734375 0.03515625 0.029296875
0 0.0556640625 0.0966796875 0.033203125 0.037109375
0 0.515625 0.1025390625 0.05859375 0.052734375
0 0.6630859375 0.0830078125 0.025390625 0.025390625
0 0.48046875 0.087890625 0.02734375 0.03515625
0 0.21484375 0.0859375 0.02734375 0.03125
0 0.693359375 0.0830078125 0.02734375 0.029296875
0 0.0224609375 0.083984375 0.033203125 0.03515625
0 0.0029296875 0.0654296875 0.005859375 0.009765625
0 0.72265625 0.0703125 0.02734375 0.03125
0 0.447265625 0.07421875 0.02734375 0.0390625
0 0.4228515625 0.0595703125 0.029296875 0.029296875
0 0.8564453125 0.07421875 0.048828125 0.06640625
0 0.7578125 0.0537109375 0.02734375 0.025390625
0 0.1572265625 0.0595703125 0.029296875 0.037109375
0 0.83984375 0.052734375 0.03125 0.03125
0 0.1767578125 0.0625 0.029296875 0.05078125
0 0.388671875 0.052734375 0.02734375 0.03515625
0 0.6015625 0.0478515625 0.02734375 0.033203125
0 0.3671875 0.0458984375 0.02734375 0.029296875
0 0.1240234375 0.0478515625 0.048828125 0.033203125
0 0.08203125 0.0390625 0.01953125 0.01953125
0 0.560546875 0.0400390625 0.03515625 0.033203125
0 0.3427734375 0.0390625 0.029296875 0.03515625
0 0.7802734375 0.033203125 0.037109375 0.03125
0 0.0615234375 0.029296875 0.021484375 0.03125
0 0.037109375 0.0234375 0.01953125 0.01953125
0 0.640625 0.0322265625 0.02734375 0.041015625
0 0.51171875 0.021484375 0.02734375 0.02734375
0 0.6806640625 0.0205078125 0.021484375 0.029296875
0 0.7109375 0.015625 0.01953125 0.0234375
0 0.818359375 0.00390625 0.015625 0.0078125
0 0.65625 0.0068359375 0.03515625 0.013671875
0 0.4794921875 0.0126953125 0.025390625 0.025390625
0 0.44140625 0.005859375 0.02734375 0.01171875
0 0.2724609375 0.041015625 0.056640625 0.08203125
0 0.248046875 0.0048828125 0.0234375 0.009765625
0 0.2197265625 0.0068359375 0.013671875 0.013671875
0 0.1767578125 0.001953125 0.005859375 0.00390625
0 0.0205078125 0.013671875 0.025390625 0.02734375
0 0.001953125 0.001953125 0.00390625 0.00390625