0 0.48046875 0.6220703125 0.0234375 0.029296875
0 0.5126953125 0.6181640625 0.021484375 0.029296875
0 0.451171875 0.6171875 0.0234375 0.02734375
0 0.4228515625 0.6064453125 0.025390625 0.029296875
0 0.521484375 0.595703125 0.015625 0.015625
0 0.349609375 0.5947265625 0.0234375 0.037109375
0 0.49609375 0.5771484375 0.02734375 0.029296875
0 0.4326171875 0.57421875 0.021484375 0.0234375
0 0.2314453125 0.560546875 0.017578125 0.01953125
0 0.5029296875 0.5478515625 0.033203125 0.025390625
0 0.4384765625 0.5419921875 0.025390625 0.029296875
0 0.4033203125 0.548828125 0.029296875 0.046875
0 0.3671875 0.54296875 0.03125 0.04296875
0 0.328125 0.5341796875 0.03515625 0.037109375
0 0.287109375 0.529296875 0.0234375 0.03515625
0 0.208984375 0.513671875 0.02734375 0.03515625
0 0.2451171875 0.517578125 0.029296875 0.046875
0 0.1630859375 0.515625 0.041015625 0.046875
0 0.697265625 0.5244140625 0.07421875 0.072265625
0 0.1142578125 0.5126953125 0.033203125 0.048828125
0 0.015625 0.5 0.02734375 0.03515625
0 0.083984375 0.50390625 0.02734375 0.046875
0 0.0546875 0.494140625 0.0234375 0.03515625
0 0.513671875 0.48828125 0.0234375 0.02734375
0 0.544921875 0.4833984375 0.02734375 0.025390625
0 0.48046875 0.48046875 0.0234375 0.03125
0 0.4462890625 0.478515625 0.025390625 0.02734375
0 0.38671875 0.470703125 0.02734375 0.03515625
0 0.33984375 0.46484375 0.02734375 0.02734375
0 0.4501953125 0.4541015625 0.013671875 0.013671875
0 0.3037109375 0.4609375 0.021484375 0.03515625
0 0.6396484375 0.455078125 0.029296875 0.03125
0 0.5703125 0.46484375 0.04296875 0.0546875
0 0.6806640625 0.4453125 0.025390625 0.02734375
0 0.478515625 0.439453125 0.01171875 0.015625
0 0.2724609375 0.4462890625 0.029296875 0.033203125
0 0.1748046875 0.4404296875 0.025390625 0.025390625
0 0.203125 0.439453125 0.0234375 0.03125
0 0.1279296875 0.4326171875 0.017578125 0.025390625
0 0.712890625 0.43359375 0.0234375 0.03125
0 0.638671875 0.42578125 0.0234375 0.0234375
0 0.099609375 0.42578125 0.0234375 0.02734375
0 0.7412109375 0.423828125 0.025390625 0.03515625
0 0.4560546875 0.416015625 0.029296875 0.01953125
0 0.375 0.4150390625 0.015625 0.017578125
0 0.072265625 0.421875 0.02734375 0.03125
0 0.005859375 0.419921875 0.01171875 0.02734375
0 0.7685546875 0.4208984375 0.021484375 0.033203125
0 0.5458984375 0.419921875 0.033203125 0.03125
0 0.6884765625 0.4140625 0.021484375 0.0234375
0 0.0263671875 0.419921875 0.021484375 0.03515625
0 0.94140625 0.4267578125 0.10546875 0.052734375
0 0.3515625 0.423828125 0.03125 0.05859375
0 0.1962890625 0.4072265625 0.029296875 0.025390625
0 0.71484375 0.40234375 0.015625 0.01953125
0 0.111328125 0.400390625 0.015625 0.015625
0 0.4580078125 0.392578125 0.029296875 0.015625
0 0.27734375 0.39453125 0.02734375 0.01953125
0 0.6220703125 0.4013671875 0.037109375 0.037109375
0 0.3994140625 0.392578125 0.025390625 0.01953125
0 0.5302734375 0.388671875 0.037109375 0.0234375
0 0.203125 0.3779296875 0.03515625 0.017578125
0 0.4599609375 0.369140625 0.029296875 0.015625
0 0.361328125 0.3740234375 0.0234375 0.025390625
0 0.3271484375 0.369140625 0.021484375 0.02734375
0 0.28125 0.365234375 0.03125 0.01953125
0 0.1025390625 0.3671875 0.021484375 0.02734375
0 0.4033203125 0.359375 0.021484375 0.01953125
0 0.025390625 0.365234375 0.02734375 0.03125
0 0.603515625 0.3681640625 0.046875 0.041015625
0 0.51953125 0.359375 0.03515625 0.02734375
0 0.138671875 0.3486328125 0.015625 0.017578125
0 0.205078125 0.3505859375 0.0390625 0.025390625
0 0.5908203125 0.341796875 0.033203125 0.02734375
0 0.4599609375 0.3349609375 0.025390625 0.017578125
0 0.1064453125 0.3349609375 0.021484375 0.025390625
0 0.4072265625 0.328125 0.025390625 0.01953125
0 0.50390625 0.333984375 0.0390625 0.03515625
0 0.0390625 0.32421875 0.03125 0.0234375
0 0.98046875 0.3291015625 0.0390625 0.048828125
0 0.2119140625 0.3154296875 0.029296875 0.021484375
0 0.5810546875 0.3193359375 0.041015625 0.033203125
0 0.494140625 0.306640625 0.02734375 0.0234375
0 0.1103515625 0.306640625 0.021484375 0.0234375
0 0.185546875 0.2958984375 0.015625 0.017578125
0 0.4111328125 0.2939453125 0.025390625 0.017578125
0 0.5712890625 0.294921875 0.044921875 0.03515625
0 0.21875 0.2861328125 0.02734375 0.025390625
0 0.2890625 0.283203125 0.02734375 0.0234375
0 0.3701171875 0.28125 0.017578125 0.0234375
0 0.03125 0.28515625 0.0625 0.03515625
0 0.47265625 0.2802734375 0.02734375 0.029296875
0 0.3310546875 0.2783203125 0.021484375 0.025390625
0 0.1162109375 0.275390625 0.021484375 0.01953125
0 0.41015625 0.2705078125 0.03515625 0.025390625
0 0.5595703125 0.26953125 0.041015625 0.03515625
0 0.2216796875 0.2626953125 0.029296875 0.021484375
0 0.189453125 0.251953125 0.015625 0.015625
0 0.29296875 0.25 0.0390625 0.02734375
0 0.0546875 0.2509765625 0.0234375 0.029296875
0 0.541015625 0.2490234375 0.03515625 0.033203125
0 0.1201171875 0.244140625 0.025390625 0.0234375
0 0.359375 0.240234375 0.015625 0.0234375
0 0.0107421875 0.2421875 0.021484375 0.03125
0 0.220703125 0.2294921875 0.02734375 0.021484375
0 0.52734375 0.2265625 0.0390625 0.03515625
0 0.2939453125 0.2177734375 0.037109375 0.021484375
0 0.19140625 0.2138671875 0.015625 0.017578125
0 0.123046875 0.2138671875 0.0234375 0.021484375
0 0.0595703125 0.2119140625 0.025390625 0.021484375
0 0.333984375 0.2080078125 0.01953125 0.017578125
0 0.4140625 0.2138671875 0.03515625 0.033203125
0 0.013671875 0.205078125 0.0234375 0.0234375
0 0.5068359375 0.20703125 0.033203125 0.03125
0 0.2275390625 0.197265625 0.029296875 0.0234375
0 0.2939453125 0.189453125 0.029296875 0.01953125
0 0.5244140625 0.18359375 0.017578125 0.015625
0 0.490234375 0.1865234375 0.03125 0.029296875
0 0.3740234375 0.189453125 0.029296875 0.03515625
0 0.068359375 0.18359375 0.0234375 0.0234375
0 0.23046875 0.1689453125 0.0234375 0.021484375
0 0.0205078125 0.169921875 0.025390625 0.0234375
0 0.296875 0.1630859375 0.03125 0.025390625
0 0.4677734375 0.1669921875 0.029296875 0.037109375
0 0.34375 0.169921875 0.03125 0.04296875
0 0.1796875 0.158203125 0.015625 0.01953125
0 0.1328125 0.171875 0.03515625 0.046875
0 0.0712890625 0.1572265625 0.029296875 0.025390625
0 0.1982421875 0.146484375 0.013671875 0.015625
0 0.2265625 0.1416015625 0.03515625 0.025390625
0 0.140625 0.134765625 0.03125 0.0234375
0 0.021484375 0.1357421875 0.0234375 0.025390625
0 0.3203125 0.1337890625 0.01953125 0.025390625
0 0.421875 0.1298828125 0.02734375 0.029296875
0 0.447265625 0.1357421875 0.03515625 0.052734375
0 0.296875 0.125 0.0234375 0.03515625
0 0.98046875 0.1455078125 0.0390625 0.080078125
0 0.4013671875 0.1142578125 0.025390625 0.029296875
0 0.228515625 0.1103515625 0.0390625 0.029296875
0 0.43359375 0.103515625 0.01953125 0.01953125
0 0.140625 0.103515625 0.03515625 0.02734375
0 0.3818359375 0.09765625 0.025390625 0.03125
0 0.4140625 0.0869140625 0.01953125 0.021484375
0 0.3623046875 0.0810546875 0.025390625 0.029296875
0 0.236328125 0.0791015625 0.01953125 0.033203125
0 0.142578125 0.072265625 0.0234375 0.01953125
0 0.392578125 0.0703125 0.01953125 0.01953125
0 0.080078125 0.08203125 0.0390625 0.05078125
0 0.33984375 0.064453125 0.02734375 0.02734375
0 0.04296875 0.0732421875 0.0234375 0.048828125
0 0.00390625 0.0654296875 0.0078125 0.033203125
0 0.2138671875 0.0576171875 0.029296875 0.029296875
0 0.146484375 0.0498046875 0.0234375 0.021484375
0 0.322265625 0.0498046875 0.03125 0.033203125
0 0.09375 0.03515625 0.02734375 0.0234375
0 0.1875 0.03125 0.02734375 0.03125
0 0.9931640625 0.0224609375 0.013671875 0.029296875
0 0.9296875 0.021484375 0.06640625 0.04296875
0 0.90625 0.001953125 0.00390625 0.00390625
0 0.2646484375 0.0146484375 0.033203125 0.029296875
0 0.2392578125 0.00390625 0.013671875 0.0078125
0 0.1484375 0.0107421875 0.02734375 0.021484375
0 0.00390625 0.00390625 0.0078125 0.0078125