0 0.5751953125 0.978515625 0.107421875 0.04296875
0 0.27734375 0.86328125 0.140625 0.109375
0 0.65625 0.884765625 0.12109375 0.1640625
0 0.740234375 0.8095703125 0.03515625 0.033203125
0 0.7568359375 0.7841796875 0.037109375 0.033203125
0 0.82421875 0.68359375 0.046875 0.0390625
0 0.8427734375 0.6572265625 0.048828125 0.044921875
0 0.88671875 0.6123046875 0.04296875 0.041015625
0 0.8505859375 0.5859375 0.021484375 0.0234375
0 0.572265625 0.5615234375 0.05859375 0.080078125
0 0.6064453125 0.515625 0.041015625 0.05078125
0 0.685546875 0.4306640625 0.05078125 0.052734375
0 0.73046875 0.3583984375 0.07421875 0.076171875