0 0.8046875 0.9970703125 0.0078125 0.005859375
0 0.392578125 0.9970703125 0.01171875 0.005859375
0 0.9384765625 0.99609375 0.013671875 0.0078125
0 0.56640625 0.99609375 0.015625 0.0078125
0 0.11328125 0.9951171875 0.015625 0.009765625
0 0.0263671875 0.9912109375 0.029296875 0.017578125
0 0.533203125 0.990234375 0.02734375 0.01953125
0 0.982421875 0.9892578125 0.03125 0.021484375
0 0.2568359375 0.986328125 0.060546875 0.02734375
0 0.625 0.9814453125 0.01953125 0.021484375
0 0.7041015625 0.9833984375 0.033203125 0.033203125
0 0.8466796875 0.974609375 0.029296875 0.02734375
0 0.5673828125 0.97265625 0.025390625 0.02734375
0 0.7451171875 0.9677734375 0.033203125 0.029296875
0 0.462890625 0.9619140625 0.0234375 0.025390625
0 0.59375 0.962890625 0.03125 0.03125
0 0.298828125 0.96484375 0.03125 0.03515625
0 0.9150390625 0.9521484375 0.037109375 0.037109375
0 0.6171875 0.94921875 0.02734375 0.03125
0 0.4853515625 0.947265625 0.025390625 0.02734375
0 0.3369140625 0.9404296875 0.029296875 0.025390625
0 0.1650390625 0.9384765625 0.037109375 0.029296875
0 0.7900390625 0.9404296875 0.033203125 0.037109375
0 0.4140625 0.9326171875 0.0234375 0.021484375
0 0.2216796875 0.9326171875 0.025390625 0.025390625
0 0.9462890625 0.935546875 0.029296875 0.03515625
0 0.826171875 0.9228515625 0.03125 0.033203125
0 0.2421875 0.9208984375 0.02734375 0.029296875
0 0.6728515625 0.9248046875 0.044921875 0.041015625
0 0.1396484375 0.9140625 0.033203125 0.03125
0 0.380859375 0.919921875 0.02734375 0.046875
0 0.982421875 0.908203125 0.03515625 0.02734375
0 0.556640625 0.90625 0.02734375 0.03125
0 0.2685546875 0.904296875 0.033203125 0.03125
0 0.697265625 0.90234375 0.02734375 0.03515625
0 0.41015625 0.89453125 0.03125 0.03125
0 0.5810546875 0.8916015625 0.029296875 0.029296875
0 0.3017578125 0.888671875 0.025390625 0.02734375
0 0.8837890625 0.8896484375 0.029296875 0.033203125
0 0.130859375 0.88671875 0.03125 0.02734375
0 0.7255859375 0.890625 0.033203125 0.0390625
0 0.435546875 0.8837890625 0.03125 0.037109375
0 0.91015625 0.875 0.03125 0.03125
0 0.6025390625 0.869140625 0.029296875 0.02734375
0 0.7587890625 0.8701171875 0.037109375 0.037109375
0 0.17578125 0.8642578125 0.03125 0.025390625
0 0.3330078125 0.8642578125 0.029296875 0.029296875
0 0.9365234375 0.8603515625 0.029296875 0.033203125
0 0.4853515625 0.8544921875 0.033203125 0.025390625
0 0.35546875 0.853515625 0.02734375 0.02734375
0 0.6259765625 0.85546875 0.033203125 0.0390625
0 0.2080078125 0.84765625 0.025390625 0.0234375
0 0.0908203125 0.849609375 0.033203125 0.02734375
0 0.7861328125 0.849609375 0.033203125 0.03515625
0 0.962890625 0.84375 0.03125 0.03515625
0 0.654296875 0.84375 0.03125 0.03515625
0 0.3837890625 0.837890625 0.025390625 0.03125
0 0.990234375 0.8193359375 0.01953125 0.025390625
0 0.24609375 0.822265625 0.03125 0.03125
0 0.8427734375 0.8134765625 0.029296875 0.025390625
0 0.7001953125 0.8134765625 0.029296875 0.025390625
0 0.2763671875 0.8056640625 0.025390625 0.029296875
0 0.072265625 0.810546875 0.04296875 0.05078125
0 0.7294921875 0.794921875 0.029296875 0.02734375
0 0.8740234375 0.794921875 0.029296875 0.03125
0 0.298828125 0.794921875 0.02734375 0.03125
0 0.6142578125 0.7900390625 0.029296875 0.029296875
0 0.7587890625 0.78515625 0.025390625 0.0234375
0 0.3232421875 0.7802734375 0.029296875 0.025390625
0 0.6669921875 0.779296875 0.033203125 0.02734375
0 0.90625 0.78125 0.03515625 0.03515625
0 0.21484375 0.7646484375 0.02734375 0.033203125
0 0.9345703125 0.7587890625 0.029296875 0.029296875
0 0.3544921875 0.76171875 0.029296875 0.03515625
0 0.2490234375 0.744140625 0.033203125 0.03125
0 0.6708984375 0.73828125 0.029296875 0.02734375
0 0.986328125 0.7314453125 0.02734375 0.033203125
0 0.27734375 0.7275390625 0.02734375 0.029296875
0 0.8330078125 0.7197265625 0.037109375 0.037109375
0 0.2958984375 0.71484375 0.025390625 0.03125
0 0.58203125 0.7119140625 0.046875 0.029296875
0 0.9091796875 0.7001953125 0.029296875 0.025390625
0 0.6435546875 0.6865234375 0.025390625 0.029296875
0 0.9462890625 0.68359375 0.029296875 0.03125
0 0.7841796875 0.677734375 0.029296875 0.03515625
0 0.9638671875 0.65625 0.021484375 0.0234375
0 0.990234375 0.642578125 0.01953125 0.03515625
0 0.8564453125 0.640625 0.041015625 0.03515625
0 0.7275390625 0.634765625 0.029296875 0.03515625
0 0.6650390625 0.62890625 0.029296875 0.02734375
0 0.6044921875 0.630859375 0.037109375 0.03125
0 0.91015625 0.6171875 0.0390625 0.03125
0 0.775390625 0.609375 0.03125 0.02734375
0 0.134765625 0.6171875 0.078125 0.078125
0 0.974609375 0.5751953125 0.03515625 0.033203125
0 0.8525390625 0.5654296875 0.044921875 0.033203125
0 0.0146484375 0.537109375 0.029296875 0.0546875
0 0.7861328125 0.529296875 0.029296875 0.0546875
0 0.9052734375 0.5234375 0.037109375 0.05078125
0 0.3017578125 0.5224609375 0.080078125 0.080078125
0 0.5751953125 0.466796875 0.056640625 0.0546875
0 0.1435546875 0.451171875 0.080078125 0.078125
0 0.00390625 0.373046875 0.0078125 0.03125
0 0.2763671875 0.361328125 0.080078125 0.078125
0 0.640625 0.3310546875 0.05859375 0.056640625
0 0.5478515625 0.2958984375 0.056640625 0.056640625
0 0.1474609375 0.2685546875 0.080078125 0.080078125
0 0.6962890625 0.1494140625 0.080078125 0.080078125
0 0.0517578125 0.125 0.080078125 0.078125
0 0.578125 0.1103515625 0.078125 0.080078125
0 0.4619140625 0.0732421875 0.080078125 0.080078125
0 0.810546875 0.041015625 0.03125 0.02734375
0 0.9892578125 0.0029296875 0.009765625 0.005859375
0 0.9287109375 0.009765625 0.041015625 0.01953125
0 0.8955078125 0.005859375 0.021484375 0.01171875
0 0.8056640625 0.0107421875 0.044921875 0.021484375
0 0.296875 0.005859375 0.01953125 0.01171875
0 0.1494140625 0.029296875 0.080078125 0.05859375