0 0.1484375 0.99609375 0.015625 0.0078125
0 0.9423828125 0.9951171875 0.021484375 0.009765625
0 0.26953125 0.9951171875 0.01171875 0.009765625
0 0.005859375 0.9921875 0.01171875 0.015625
0 0.236328125 0.9873046875 0.03125 0.025390625
0 0.9189453125 0.986328125 0.041015625 0.02734375
0 0.984375 0.9833984375 0.03125 0.033203125
0 0.10546875 0.98046875 0.0234375 0.03125
0 0.2080078125 0.970703125 0.029296875 0.02734375
0 0.908203125 0.9677734375 0.0390625 0.029296875
0 0.01171875 0.953125 0.0234375 0.0234375
0 0.181640625 0.94921875 0.02734375 0.02734375
0 0.9755859375 0.9462890625 0.048828125 0.037109375
0 0.05078125 0.9541015625 0.03515625 0.052734375
0 0.99609375 0.9267578125 0.0078125 0.013671875
0 0.88671875 0.9248046875 0.03125 0.029296875
0 0.150390625 0.923828125 0.02734375 0.03125
0 0.123046875 0.90625 0.02734375 0.02734375
0 0.9453125 0.9013671875 0.02734375 0.025390625
0 0.0166015625 0.9091796875 0.029296875 0.041015625
0 0.8740234375 0.900390625 0.033203125 0.02734375
0 0.857421875 0.8828125 0.03515625 0.02734375
0 0.984375 0.880859375 0.0234375 0.02734375
0 0.9970703125 0.8642578125 0.005859375 0.009765625
0 0.923828125 0.8720703125 0.03125 0.025390625
0 0.8427734375 0.8623046875 0.033203125 0.025390625
0 0.9072265625 0.845703125 0.033203125 0.02734375
0 0.8271484375 0.8427734375 0.037109375 0.029296875
0 0.0400390625 0.8330078125 0.037109375 0.033203125
0 0.953125 0.82421875 0.0234375 0.02734375
0 0.8125 0.8193359375 0.03125 0.025390625
0 0.9755859375 0.8125 0.021484375 0.0234375
0 0.8779296875 0.8056640625 0.029296875 0.025390625
0 0.994140625 0.798828125 0.01171875 0.0234375
0 0.7978515625 0.7978515625 0.029296875 0.025390625
0 0.013671875 0.80078125 0.02734375 0.0546875
0 0.8642578125 0.7841796875 0.029296875 0.025390625
0 0.91015625 0.7861328125 0.03515625 0.037109375
0 0.9345703125 0.77734375 0.029296875 0.03125
0 0.845703125 0.7646484375 0.03125 0.025390625
0 0.7724609375 0.76953125 0.048828125 0.05078125
0 0.9658203125 0.7587890625 0.033203125 0.037109375
0 0.884765625 0.75 0.02734375 0.03125
0 0.9921875 0.7421875 0.015625 0.0390625
0 0.9111328125 0.7314453125 0.025390625 0.025390625
0 0.814453125 0.724609375 0.02734375 0.0234375
0 0.9482421875 0.7255859375 0.033203125 0.033203125
0 0.861328125 0.7080078125 0.05078125 0.041015625
0 0.982421875 0.701171875 0.03515625 0.03125
0 0.7978515625 0.6923828125 0.037109375 0.048828125
0 0.8955078125 0.6806640625 0.048828125 0.037109375
0 0.82421875 0.6650390625 0.02734375 0.029296875
0 0.9677734375 0.6591796875 0.033203125 0.033203125
0 0.8525390625 0.65625 0.029296875 0.03515625
0 0.9931640625 0.6474609375 0.013671875 0.025390625
0 0.876953125 0.642578125 0.0234375 0.02734375
0 0.91796875 0.6552734375 0.05859375 0.072265625
0 0.7607421875 0.62890625 0.025390625 0.02734375
0 0.931640625 0.62890625 0.02734375 0.03125
0 0.72265625 0.673828125 0.09375 0.13671875
0 0.791015625 0.61328125 0.0234375 0.02734375
0 0.9580078125 0.609375 0.025390625 0.03125
0 0.74609375 0.6025390625 0.02734375 0.021484375
0 0.8173828125 0.603515625 0.029296875 0.03125
0 0.9814453125 0.60546875 0.029296875 0.0390625
0 0.9970703125 0.583984375 0.005859375 0.015625
0 0.73828125 0.578125 0.03515625 0.03125
0 0.8583984375 0.5810546875 0.060546875 0.041015625
0 0.8955078125 0.5615234375 0.025390625 0.033203125
0 0.82421875 0.546875 0.0234375 0.01953125
0 0.927734375 0.5517578125 0.03125 0.033203125
0 0.7314453125 0.552734375 0.044921875 0.03515625
0 0.9599609375 0.541015625 0.029296875 0.03125
0 0.76953125 0.537109375 0.02734375 0.03125
0 0.7939453125 0.529296875 0.025390625 0.03125
0 0.6513671875 0.5546875 0.072265625 0.08984375
0 0.888671875 0.517578125 0.01953125 0.01953125
0 0.9970703125 0.5078125 0.005859375 0.0078125
0 0.8173828125 0.5205078125 0.025390625 0.033203125
0 0.9853515625 0.5224609375 0.029296875 0.041015625
0 0.8388671875 0.5029296875 0.029296875 0.033203125
0 0.9052734375 0.49609375 0.025390625 0.02734375
0 0.623046875 0.4990234375 0.04296875 0.033203125
0 0.873046875 0.49609375 0.03125 0.03515625
0 0.759765625 0.4736328125 0.02734375 0.033203125
0 0.9306640625 0.47265625 0.025390625 0.03515625
0 0.705078125 0.4794921875 0.0703125 0.056640625
0 0.7890625 0.4580078125 0.03515625 0.033203125
0 0.677734375 0.4560546875 0.0390625 0.029296875
0 0.9677734375 0.4580078125 0.064453125 0.064453125
0 0.81640625 0.4443359375 0.03125 0.037109375
0 0.8466796875 0.4296875 0.021484375 0.03125
0 0.6572265625 0.431640625 0.033203125 0.0390625
0 0.869140625 0.419921875 0.0234375 0.02734375
0 0.6845703125 0.4189453125 0.021484375 0.033203125
0 0.7001953125 0.4111328125 0.021484375 0.025390625
0 0.8955078125 0.41015625 0.021484375 0.03125
0 0.7216796875 0.404296875 0.021484375 0.03125
0 0.923828125 0.3994140625 0.0234375 0.025390625
0 0.853515625 0.3974609375 0.0234375 0.021484375
0 0.7431640625 0.3935546875 0.025390625 0.025390625
0 0.7646484375 0.3876953125 0.021484375 0.033203125
0 0.7841796875 0.3759765625 0.021484375 0.029296875
0 0.955078125 0.3798828125 0.03125 0.044921875
0 0.919921875 0.3681640625 0.0234375 0.021484375
0 0.9912109375 0.3681640625 0.017578125 0.037109375
0 0.814453125 0.3681640625 0.03125 0.041015625
0 0.62890625 0.369140625 0.03125 0.04296875
0 0.587890625 0.4189453125 0.08984375 0.154296875
0 0.8359375 0.35546875 0.0234375 0.03125
0 0.6484375 0.3603515625 0.03125 0.044921875
0 0.69921875 0.3447265625 0.02734375 0.033203125
0 0.6728515625 0.3486328125 0.033203125 0.044921875
0 0.865234375 0.3486328125 0.03125 0.052734375
0 0.982421875 0.3291015625 0.03515625 0.037109375
0 0.8935546875 0.328125 0.025390625 0.0390625
0 0.7255859375 0.3271484375 0.029296875 0.044921875
0 0.92578125 0.3203125 0.03515625 0.0390625
0 0.7568359375 0.3154296875 0.033203125 0.044921875
0 0.609375 0.3134765625 0.03125 0.044921875
0 0.6923828125 0.3076171875 0.029296875 0.041015625
0 0.548828125 0.3173828125 0.05078125 0.064453125
0 0.787109375 0.3017578125 0.03125 0.037109375
0 0.6318359375 0.302734375 0.029296875 0.04296875
0 0.9716796875 0.2919921875 0.041015625 0.033203125
0 0.8154296875 0.291015625 0.029296875 0.03125
0 0.6513671875 0.29296875 0.033203125 0.04296875
0 0.53125 0.279296875 0.046875 0.03125
0 0.666015625 0.2724609375 0.02734375 0.025390625
0 0.8642578125 0.2705078125 0.025390625 0.033203125
0 0.7021484375 0.26953125 0.029296875 0.04296875
0 0.8916015625 0.26171875 0.025390625 0.03125
0 0.7275390625 0.2578125 0.029296875 0.04296875
0 0.5322265625 0.2451171875 0.029296875 0.025390625
0 0.7568359375 0.2392578125 0.025390625 0.037109375
0 0.890625 0.2314453125 0.02734375 0.025390625
0 0.783203125 0.228515625 0.0234375 0.03515625
0 0.5966796875 0.236328125 0.048828125 0.05078125
0 0.580078125 0.212890625 0.01953125 0.01953125
0 0.9306640625 0.21484375 0.044921875 0.02734375
0 0.5224609375 0.2138671875 0.025390625 0.025390625
0 0.80859375 0.22265625 0.03125 0.046875
0 0.62890625 0.220703125 0.03125 0.04296875
0 0.6513671875 0.208984375 0.033203125 0.0390625
0 0.8505859375 0.2080078125 0.060546875 0.052734375
0 0.9296875 0.19140625 0.03125 0.0234375
0 0.673828125 0.2001953125 0.03125 0.041015625
0 0.5810546875 0.1875 0.041015625 0.02734375
0 0.892578125 0.18359375 0.02734375 0.03125
0 0.69921875 0.1884765625 0.03125 0.041015625
0 0.5048828125 0.1796875 0.033203125 0.03125
0 0.7275390625 0.1767578125 0.025390625 0.033203125
0 0.6416015625 0.166015625 0.021484375 0.0234375
0 0.57421875 0.1669921875 0.04296875 0.029296875
0 0.927734375 0.1572265625 0.03515625 0.033203125
0 0.7548828125 0.1611328125 0.033203125 0.044921875
0 0.7880859375 0.1533203125 0.029296875 0.037109375
0 0.7041015625 0.1435546875 0.017578125 0.017578125
0 0.568359375 0.1416015625 0.0390625 0.025390625
0 0.8046875 0.138671875 0.02734375 0.0390625
0 0.8359375 0.130859375 0.03125 0.03125
0 0.767578125 0.125 0.01953125 0.01953125
0 0.55859375 0.1123046875 0.03125 0.021484375
0 0.86328125 0.1162109375 0.03125 0.037109375
0 0.7880859375 0.1025390625 0.017578125 0.017578125
0 0.5986328125 0.109375 0.044921875 0.03515625
0 0.9150390625 0.0966796875 0.041015625 0.029296875
0 0.6728515625 0.1015625 0.025390625 0.0390625
0 0.646484375 0.09765625 0.0234375 0.03125
0 0.7001953125 0.0966796875 0.025390625 0.041015625
0 0.732421875 0.0830078125 0.0234375 0.033203125
0 0.76171875 0.0791015625 0.02734375 0.037109375
0 0.7900390625 0.0693359375 0.029296875 0.033203125
0 0.8388671875 0.0712890625 0.044921875 0.041015625
0 0.548828125 0.052734375 0.02734375 0.01953125
0 0.873046875 0.0576171875 0.01953125 0.033203125
0 0.57421875 0.0498046875 0.0234375 0.017578125
0 0.9072265625 0.0556640625 0.048828125 0.041015625
0 0.6171875 0.037109375 0.046875 0.03515625
0 0.6865234375 0.025390625 0.017578125 0.0234375
0 0.66015625 0.02734375 0.0234375 0.03515625
0 0.8974609375 0.0029296875 0.021484375 0.005859375
0 0.8466796875 0.005859375 0.021484375 0.01171875
0 0.8056640625 0.01171875 0.041015625 0.0234375
0 0.7744140625 0.01171875 0.017578125 0.0234375
0 0.74609375 0.015625 0.0234375 0.03125
0 0.71875 0.017578125 0.0234375 0.03515625
0 0.6328125 0.01171875 0.015625 0.0234375
0 0.556640625 0.01953125 0.046875 0.0390625
0 0.4501953125 0.0380859375 0.103515625 0.076171875