0 0.5380859375 0.9970703125 0.033203125 0.005859375
0 0.9970703125 0.99609375 0.005859375 0.0078125
0 0.7734375 0.99609375 0.015625 0.0078125
0 0.908203125 0.994140625 0.01953125 0.01171875
0 0.9658203125 0.9921875 0.021484375 0.015625
0 0.884765625 0.9912109375 0.01953125 0.017578125
0 0.5703125 0.986328125 0.01953125 0.01171875
0 0.7431640625 0.9892578125 0.029296875 0.021484375
0 0.6318359375 0.984375 0.025390625 0.0234375
0 0.5361328125 0.9794921875 0.029296875 0.017578125
0 0.716796875 0.978515625 0.02734375 0.02734375
0 0.5869140625 0.9716796875 0.017578125 0.013671875
0 0.6904296875 0.9716796875 0.025390625 0.021484375
0 0.84375 0.9765625 0.04296875 0.03515625
0 0.638671875 0.958984375 0.0234375 0.01953125
0 0.52734375 0.95703125 0.02734375 0.01953125
0 0.791015625 0.9560546875 0.02734375 0.025390625
0 0.9921875 0.9462890625 0.015625 0.025390625
0 0.7666015625 0.9404296875 0.025390625 0.025390625
0 0.734375 0.9365234375 0.0234375 0.021484375
0 0.53125 0.9345703125 0.0390625 0.017578125
0 0.9658203125 0.9423828125 0.029296875 0.037109375
0 0.6337890625 0.9326171875 0.029296875 0.017578125
0 0.943359375 0.931640625 0.0234375 0.0234375
0 0.5869140625 0.927734375 0.021484375 0.01953125
0 0.708984375 0.919921875 0.02734375 0.02734375
0 0.6142578125 0.9130859375 0.017578125 0.021484375
0 0.525390625 0.912109375 0.02734375 0.01953125
0 0.900390625 0.9140625 0.0234375 0.03125
0 0.876953125 0.9033203125 0.01953125 0.029296875
0 0.583984375 0.89453125 0.02734375 0.02734375
0 0.5224609375 0.884765625 0.017578125 0.01953125
0 0.9892578125 0.8837890625 0.021484375 0.029296875
0 0.744140625 0.8828125 0.02734375 0.02734375
0 0.6630859375 0.8828125 0.029296875 0.02734375
0 0.826171875 0.8916015625 0.078125 0.064453125
0 0.771484375 0.8681640625 0.015625 0.021484375
0 0.552734375 0.869140625 0.0234375 0.02734375
0 0.91796875 0.86328125 0.02734375 0.0234375
0 0.623046875 0.8515625 0.02734375 0.02734375
0 0.69921875 0.84375 0.0234375 0.0234375
0 0.5244140625 0.845703125 0.033203125 0.0390625
0 0.5947265625 0.8330078125 0.029296875 0.029296875
0 0.716796875 0.82421875 0.03515625 0.03515625
0 0.5771484375 0.81640625 0.025390625 0.0234375
0 0.685546875 0.8095703125 0.03125 0.037109375
0 0.5576171875 0.8037109375 0.025390625 0.025390625
0 0.6640625 0.7919921875 0.03515625 0.037109375
0 0.6044921875 0.7783203125 0.017578125 0.017578125
0 0.541015625 0.7861328125 0.03125 0.033203125
0 0.6376953125 0.771484375 0.029296875 0.03125
0 0.6142578125 0.751953125 0.033203125 0.03515625
0 0.5263671875 0.7568359375 0.037109375 0.048828125
0 0.552734375 0.7236328125 0.03125 0.033203125