0 0.0712890625 0.99609375 0.021484375 0.0078125
0 0.3740234375 0.9912109375 0.025390625 0.017578125
0 0.65625 0.986328125 0.0234375 0.02734375
0 0.5595703125 0.978515625 0.041015625 0.02734375
0 0.7421875 0.9755859375 0.02734375 0.025390625
0 0.5146484375 0.9716796875 0.025390625 0.025390625
0 0.9697265625 0.9560546875 0.021484375 0.017578125
0 0.4794921875 0.9560546875 0.025390625 0.021484375
0 0.1376953125 0.9677734375 0.033203125 0.044921875
0 0.2802734375 0.9638671875 0.025390625 0.044921875
0 0.419921875 0.9443359375 0.04296875 0.033203125
0 0.0458984375 0.9453125 0.044921875 0.05078125
0 0.6044921875 0.919921875 0.029296875 0.02734375
0 0.6767578125 0.9189453125 0.029296875 0.029296875
0 0.12109375 0.9072265625 0.03125 0.041015625
0 0.716796875 0.8935546875 0.0234375 0.021484375
0 0.6103515625 0.8828125 0.017578125 0.01953125
0 0.4970703125 0.888671875 0.037109375 0.03515625
0 0.5302734375 0.8935546875 0.025390625 0.048828125
0 0.27734375 0.880859375 0.05859375 0.04296875
0 0.4541015625 0.8701171875 0.041015625 0.025390625
0 0.3388671875 0.8603515625 0.044921875 0.029296875
0 0.40234375 0.8525390625 0.046875 0.025390625
0 0.099609375 0.8466796875 0.0390625 0.041015625
0 0.9072265625 0.83203125 0.033203125 0.02734375
0 0.6875 0.826171875 0.0234375 0.01953125
0 0.7734375 0.82421875 0.05078125 0.0234375
0 0.6083984375 0.822265625 0.041015625 0.02734375
0 0.6162109375 0.7841796875 0.025390625 0.017578125
0 0.689453125 0.78515625 0.0234375 0.0234375
0 0.0126953125 0.7900390625 0.025390625 0.044921875
0 0.099609375 0.7861328125 0.02734375 0.041015625
0 0.548828125 0.767578125 0.03125 0.0390625
0 0.5126953125 0.74609375 0.033203125 0.03125
0 0.96484375 0.7314453125 0.01953125 0.017578125
0 0.6357421875 0.7216796875 0.021484375 0.021484375
0 0.4716796875 0.724609375 0.033203125 0.03125
0 0.58984375 0.7158203125 0.01953125 0.021484375
0 0.7177734375 0.7138671875 0.033203125 0.029296875
0 0.76171875 0.701171875 0.01953125 0.015625
0 0.015625 0.70703125 0.03125 0.04296875
0 0.986328125 0.6962890625 0.02734375 0.033203125
0 0.556640625 0.693359375 0.02734375 0.02734375
0 0.662109375 0.67578125 0.0234375 0.0234375
0 0.08984375 0.6904296875 0.0546875 0.052734375
0 0.7294921875 0.67578125 0.025390625 0.03125
0 0.5302734375 0.671875 0.021484375 0.0234375
0 0.7568359375 0.6435546875 0.037109375 0.029296875
0 0.681640625 0.638671875 0.01953125 0.0234375
0 0.4423828125 0.6396484375 0.021484375 0.033203125
0 0.9560546875 0.6298828125 0.029296875 0.033203125
0 0.755859375 0.603515625 0.0234375 0.0234375
0 0.6181640625 0.58203125 0.021484375 0.01953125
0 0.9208984375 0.583984375 0.037109375 0.03515625
0 0.6904296875 0.5791015625 0.025390625 0.025390625
0 0.767578125 0.5751953125 0.0234375 0.021484375
0 0.77734375 0.546875 0.0234375 0.01953125
0 0.6904296875 0.5419921875 0.033203125 0.025390625
0 0.8876953125 0.5341796875 0.041015625 0.041015625
0 0.7900390625 0.521484375 0.025390625 0.0234375
0 0.5322265625 0.521484375 0.056640625 0.05078125
0 0.7099609375 0.498046875 0.021484375 0.0234375
0 0.8583984375 0.48828125 0.033203125 0.0390625
0 0.6015625 0.46875 0.05859375 0.0546875
0 0.693359375 0.4267578125 0.046875 0.060546875
0 0.5390625 0.419921875 0.05859375 0.05078125
0 0.65625 0.3623046875 0.05859375 0.048828125
0 0.4921875 0.359375 0.05859375 0.05859375
0 0.7666015625 0.31640625 0.052734375 0.06640625
0 0.5205078125 0.294921875 0.056640625 0.05859375
0 0.4541015625 0.2919921875 0.060546875 0.056640625
0 0.6171875 0.2724609375 0.0625 0.052734375
0 0.75 0.2412109375 0.06640625 0.052734375
0 0.419921875 0.2255859375 0.0625 0.056640625
0 0.9287109375 0.361328125 0.142578125 0.3359375
0 0.4833984375 0.19921875 0.052734375 0.046875
0 0.5869140625 0.1748046875 0.052734375 0.060546875
0 0.71484375 0.1650390625 0.0625 0.052734375
0 0.3515625 0.1162109375 0.046875 0.048828125
0 0.984375 0.11328125 0.03125 0.05078125
0 0.4345703125 0.1064453125 0.056640625 0.052734375
0 0.7275390625 0.0888671875 0.052734375 0.048828125
0 0.8681640625 0.0732421875 0.025390625 0.044921875
0 0.5029296875 0.0791015625 0.052734375 0.060546875
0 0.65234375 0.0712890625 0.05078125 0.056640625
0 0.8544921875 0.037109375 0.044921875 0.0390625
0 0.681640625 0.0087890625 0.046875 0.017578125
0 0.603515625 0.0205078125 0.05859375 0.041015625
0 0.4287109375 0.013671875 0.068359375 0.02734375