0 0.1396484375 0.9931640625 0.025390625 0.013671875
0 0.005859375 0.9677734375 0.01171875 0.029296875
0 0.119140625 0.87890625 0.03125 0.01953125
0 0.1103515625 0.830078125 0.017578125 0.0234375
0 0.1005859375 0.7548828125 0.021484375 0.021484375
0 0.1396484375 0.7021484375 0.029296875 0.033203125
0 0.0322265625 0.701171875 0.021484375 0.03125
0 0.0595703125 0.6298828125 0.033203125 0.033203125
0 0.1669921875 0.6162109375 0.037109375 0.037109375
0 0.1650390625 0.5390625 0.025390625 0.03515625
0 0.0791015625 0.4716796875 0.021484375 0.029296875
0 0.1845703125 0.439453125 0.033203125 0.02734375
0 0.2197265625 0.419921875 0.017578125 0.015625
0 0.064453125 0.4140625 0.03125 0.03125
0 0.1826171875 0.3642578125 0.029296875 0.044921875
0 0.0703125 0.3310546875 0.03125 0.033203125
0 0.20703125 0.3154296875 0.01953125 0.021484375
0 0.177734375 0.2802734375 0.02734375 0.021484375
0 0.060546875 0.279296875 0.01953125 0.0234375
0 0.0439453125 0.2060546875 0.017578125 0.029296875
0 0.0205078125 0.0830078125 0.033203125 0.025390625