0 0.998046875 0.998046875 0.00390625 0.00390625
0 0.2021484375 0.9921875 0.021484375 0.015625
0 0.6044921875 0.9892578125 0.080078125 0.021484375
0 0.9931640625 0.9814453125 0.013671875 0.021484375
0 0.345703125 0.98046875 0.125 0.0390625
0 0.142578125 0.9765625 0.01953125 0.03125
0 0.1005859375 0.9697265625 0.021484375 0.025390625
0 0.962890625 0.9619140625 0.02734375 0.021484375
0 0.2197265625 0.95703125 0.025390625 0.0234375
0 0.1240234375 0.9482421875 0.013671875 0.013671875
0 0.26171875 0.9443359375 0.01953125 0.013671875
0 0.037109375 0.96484375 0.07421875 0.0546875
0 0.6357421875 0.9306640625 0.029296875 0.025390625
0 0.232421875 0.927734375 0.02734375 0.01953125
0 0.1474609375 0.9130859375 0.025390625 0.021484375
0 0.0537109375 0.9013671875 0.048828125 0.033203125
0 0.6142578125 0.8955078125 0.064453125 0.025390625
0 0.6162109375 0.8544921875 0.095703125 0.044921875
0 0.513671875 0.8125 0.0625 0.0234375
0 0.43359375 0.80859375 0.0625 0.02734375
0 0.3544921875 0.796875 0.064453125 0.03515625
0 0.6572265625 0.79296875 0.025390625 0.0390625
0 0.775390625 0.779296875 0.09765625 0.046875
0 0.2578125 0.7529296875 0.0625 0.029296875
0 0.1787109375 0.7470703125 0.064453125 0.029296875
0 0.0380859375 0.748046875 0.025390625 0.03515625
0 0.1015625 0.73828125 0.0625 0.03125
0 0.673828125 0.732421875 0.04296875 0.0390625
0 0.68359375 0.685546875 0.03125 0.01953125
0 0.7646484375 0.673828125 0.044921875 0.03515625
0 0.4658203125 0.6689453125 0.041015625 0.033203125
0 0.931640625 0.6298828125 0.0234375 0.021484375
0 0.2490234375 0.626953125 0.021484375 0.0234375
0 0.2783203125 0.623046875 0.029296875 0.02734375
0 0.8798828125 0.6162109375 0.037109375 0.029296875
0 0.0048828125 0.603515625 0.009765625 0.01953125
0 0.3388671875 0.6064453125 0.033203125 0.029296875
0 0.0302734375 0.59765625 0.017578125 0.015625
0 0.3740234375 0.6064453125 0.037109375 0.041015625
0 0.41796875 0.587890625 0.03515625 0.04296875
0 0.080078125 0.5830078125 0.03125 0.041015625
0 0.9052734375 0.5859375 0.080078125 0.0546875
0 0.568359375 0.560546875 0.03515625 0.04296875
0 0.181640625 0.55078125 0.01953125 0.0234375
0 0.12890625 0.541015625 0.01953125 0.015625
0 0.2333984375 0.5068359375 0.021484375 0.021484375
0 0.4375 0.5048828125 0.02734375 0.025390625
0 0.4794921875 0.482421875 0.017578125 0.015625
0 0.271484375 0.482421875 0.03515625 0.03125
0 0.0703125 0.4794921875 0.0390625 0.033203125
0 0.5078125 0.46484375 0.02734375 0.0234375
0 0.302734375 0.4541015625 0.03125 0.029296875
0 0.578125 0.4853515625 0.09765625 0.095703125
0 0.5419921875 0.4462890625 0.025390625 0.021484375
0 0.333984375 0.427734375 0.02734375 0.02734375
0 0.3857421875 0.4169921875 0.013671875 0.017578125
0 0.36328125 0.412109375 0.0234375 0.03515625
0 0.2548828125 0.3984375 0.044921875 0.046875
0 0.6103515625 0.3798828125 0.025390625 0.025390625
0 0.8662109375 0.3828125 0.029296875 0.03515625
0 0.4111328125 0.3779296875 0.041015625 0.041015625
0 0.2958984375 0.3779296875 0.037109375 0.041015625
0 0.4560546875 0.35546875 0.017578125 0.015625
0 0.3359375 0.345703125 0.03515625 0.03125
0 0.4326171875 0.345703125 0.025390625 0.03515625
0 0.2333984375 0.333984375 0.021484375 0.01953125
0 0.6455078125 0.341796875 0.052734375 0.046875
0 0.580078125 0.32421875 0.01953125 0.0234375
0 0.455078125 0.3193359375 0.015625 0.013671875
0 0.4697265625 0.3134765625 0.021484375 0.021484375
0 0.224609375 0.306640625 0.01953125 0.0234375
0 0.5009765625 0.3076171875 0.033203125 0.033203125
0 0.603515625 0.296875 0.03125 0.03125
0 0.3837890625 0.2900390625 0.021484375 0.033203125
0 0.009765625 0.283203125 0.01953125 0.02734375
0 0.7431640625 0.2802734375 0.041015625 0.041015625
0 0.5546875 0.2666015625 0.02734375 0.021484375
0 0.037109375 0.2666015625 0.0234375 0.021484375
0 0.814453125 0.259765625 0.0234375 0.0234375
0 0.8515625 0.25390625 0.015625 0.015625
0 0.59765625 0.251953125 0.03515625 0.03125
0 0.3642578125 0.2490234375 0.029296875 0.029296875
0 0.7998046875 0.234375 0.025390625 0.0234375
0 0.4443359375 0.2451171875 0.029296875 0.044921875
0 0.083984375 0.2353515625 0.03125 0.025390625
0 0.240234375 0.2373046875 0.04296875 0.048828125
0 0.505859375 0.2099609375 0.046875 0.037109375
0 0.4248046875 0.2021484375 0.025390625 0.021484375
0 0.12109375 0.20703125 0.03515625 0.03125
0 0.01171875 0.19921875 0.0234375 0.0234375
0 0.1650390625 0.197265625 0.037109375 0.03515625
0 0.3310546875 0.173828125 0.021484375 0.03125
0 0.046875 0.1728515625 0.0234375 0.029296875
0 0.205078125 0.1630859375 0.02734375 0.029296875
0 0.59765625 0.16015625 0.0625 0.02734375
0 0.7197265625 0.1552734375 0.017578125 0.033203125
0 0.3994140625 0.1552734375 0.021484375 0.037109375
0 0.0830078125 0.146484375 0.029296875 0.02734375
0 0.248046875 0.140625 0.02734375 0.03125
0 0.296875 0.1279296875 0.03125 0.025390625
0 0.1220703125 0.115234375 0.029296875 0.03125
0 0.7421875 0.10546875 0.01953125 0.015625
0 0.7158203125 0.1123046875 0.017578125 0.033203125
0 0.375 0.1123046875 0.02734375 0.033203125
0 0.8212890625 0.10546875 0.033203125 0.02734375
0 0.4384765625 0.1015625 0.033203125 0.0234375
0 0.482421875 0.0966796875 0.0390625 0.021484375
0 0.58984375 0.10546875 0.02734375 0.05078125
0 0.12109375 0.0859375 0.0234375 0.0234375
0 0.0126953125 0.0859375 0.025390625 0.02734375
0 0.0859375 0.0703125 0.01953125 0.01953125
0 0.8515625 0.0751953125 0.02734375 0.033203125
0 0.0380859375 0.072265625 0.025390625 0.03515625
0 0.177734375 0.0693359375 0.0546875 0.044921875
0 0.8837890625 0.0576171875 0.029296875 0.029296875
0 0.107421875 0.052734375 0.01953125 0.01953125
0 0.2412109375 0.048828125 0.013671875 0.015625
0 0.1279296875 0.0498046875 0.017578125 0.017578125
0 0.0615234375 0.05078125 0.021484375 0.0234375
0 0.7197265625 0.0546875 0.029296875 0.0546875
0 0.3037109375 0.0390625 0.021484375 0.0234375
0 0.3369140625 0.0361328125 0.029296875 0.021484375
0 0.271484375 0.0380859375 0.0234375 0.029296875
0 0.3740234375 0.03125 0.029296875 0.01953125
0 0.0849609375 0.0322265625 0.025390625 0.025390625
0 0.9248046875 0.029296875 0.025390625 0.0234375
0 0.4072265625 0.02734375 0.021484375 0.01953125
0 0.7587890625 0.0234375 0.037109375 0.0234375
0 0.478515625 0.01953125 0.02734375 0.01953125
0 0.005859375 0.015625 0.01171875 0.01953125
0 0.1103515625 0.0166015625 0.025390625 0.025390625
0 0.9541015625 0.009765625 0.033203125 0.01953125
0 0.7998046875 0.01171875 0.029296875 0.0234375
0 0.5390625 0.0126953125 0.0234375 0.025390625
0 0.13671875 0.0078125 0.0234375 0.015625
0 0.0234375 0.00390625 0.01953125 0.0078125