0 0.4072265625 0.9951171875 0.021484375 0.009765625
0 0.208984375 0.9931640625 0.0234375 0.013671875
0 0.1044921875 0.9931640625 0.021484375 0.013671875
0 0.2431640625 0.990234375 0.029296875 0.01953125
0 0.0751953125 0.9873046875 0.025390625 0.025390625
0 0.4755859375 0.9853515625 0.037109375 0.029296875
0 0.025390625 0.9814453125 0.01953125 0.025390625
0 0.005859375 0.978515625 0.01171875 0.01953125
0 0.435546875 0.966796875 0.01953125 0.01953125
0 0.3642578125 0.9736328125 0.033203125 0.033203125
0 0.1630859375 0.9697265625 0.021484375 0.025390625
0 0.1328125 0.9365234375 0.015625 0.017578125
0 0.087890625 0.9375 0.02734375 0.0234375
0 0.208984375 0.9375 0.0234375 0.03125
0 0.4169921875 0.9345703125 0.033203125 0.041015625
0 0.03125 0.919921875 0.05078125 0.02734375
0 0.3974609375 0.912109375 0.029296875 0.03125
0 0.31640625 0.9140625 0.0390625 0.0390625
0 0.2216796875 0.896484375 0.037109375 0.01953125
0 0.05859375 0.892578125 0.02734375 0.0234375
0 0.373046875 0.8818359375 0.02734375 0.029296875
0 0.2109375 0.875 0.02734375 0.015625
0 0.146484375 0.876953125 0.02734375 0.01953125
0 0.1015625 0.8779296875 0.03125 0.021484375
0 0.208984375 0.85546875 0.02734375 0.015625
0 0.0419921875 0.8447265625 0.021484375 0.013671875
0 0.2822265625 0.8583984375 0.041015625 0.044921875
0 0.3564453125 0.84765625 0.037109375 0.03515625
0 0.1357421875 0.841796875 0.044921875 0.03125
0 0.0615234375 0.8349609375 0.017578125 0.021484375
0 0.0107421875 0.828125 0.021484375 0.01953125
0 0.19921875 0.8271484375 0.0234375 0.021484375
0 0.326171875 0.8251953125 0.02734375 0.029296875
0 0.2626953125 0.8154296875 0.033203125 0.033203125
0 0.09375 0.806640625 0.0234375 0.0234375
0 0.1328125 0.8046875 0.0390625 0.03515625
0 0.189453125 0.7890625 0.0234375 0.01953125
0 0.3125 0.787109375 0.03125 0.03125
0 0.3017578125 0.76171875 0.021484375 0.01953125
0 0.080078125 0.755859375 0.015625 0.01953125
0 0.0556640625 0.7529296875 0.021484375 0.021484375
0 0.017578125 0.75390625 0.03515625 0.02734375
0 0.10546875 0.7509765625 0.01953125 0.029296875
0 0.2861328125 0.7470703125 0.021484375 0.025390625
0 0.1279296875 0.75 0.017578125 0.03125
0 0.1650390625 0.7421875 0.021484375 0.01953125
0 0.1884765625 0.744140625 0.017578125 0.02734375
0 0.2763671875 0.7197265625 0.025390625 0.021484375
0 0.130859375 0.716796875 0.0234375 0.015625
0 0.18359375 0.7099609375 0.015625 0.013671875
0 0.21875 0.7255859375 0.0390625 0.060546875
0 0.265625 0.6982421875 0.01953125 0.017578125
0 0.19140625 0.68359375 0.03515625 0.0234375
0 0.2578125 0.6796875 0.02734375 0.03125
0 0.181640625 0.6591796875 0.03515625 0.025390625
0 0.146484375 0.6572265625 0.03125 0.025390625
0 0.173828125 0.630859375 0.03125 0.0234375
0 0.146484375 0.568359375 0.0234375 0.0234375
0 0.255859375 0.572265625 0.0390625 0.046875
0 0.140625 0.541015625 0.02734375 0.0234375
0 0.1982421875 0.53125 0.029296875 0.03125
0 0.283203125 0.5068359375 0.03125 0.033203125
0 0.11328125 0.478515625 0.02734375 0.01953125
0 0.3046875 0.4658203125 0.03125 0.029296875
0 0.328125 0.439453125 0.03125 0.02734375
0 0.1611328125 0.4248046875 0.025390625 0.033203125
0 0.216796875 0.400390625 0.02734375 0.0234375
0 0.35546875 0.3857421875 0.046875 0.044921875
0 0.3095703125 0.3642578125 0.017578125 0.021484375
0 0.26171875 0.3623046875 0.03125 0.025390625
0 0.3427734375 0.3291015625 0.037109375 0.029296875
0 0.283203125 0.3271484375 0.01953125 0.025390625
0 0.189453125 0.326171875 0.015625 0.0234375
0 0.0380859375 0.3212890625 0.029296875 0.017578125
0 0.3359375 0.2763671875 0.0390625 0.017578125
0 0.4150390625 0.3056640625 0.064453125 0.083984375
0 0.0263671875 0.2744140625 0.029296875 0.021484375
0 0.4501953125 0.2529296875 0.033203125 0.033203125
0 0.015625 0.2451171875 0.0234375 0.017578125
0 0.0849609375 0.2392578125 0.033203125 0.013671875
0 0.40234375 0.2333984375 0.03515625 0.017578125
0 0.45703125 0.232421875 0.0234375 0.01953125
0 0.01953125 0.2216796875 0.0234375 0.013671875
0 0.34375 0.22265625 0.0234375 0.01953125
0 0.2919921875 0.2236328125 0.017578125 0.021484375
0 0.078125 0.220703125 0.03125 0.015625
0 0.474609375 0.21484375 0.01953125 0.01953125
0 0.4033203125 0.203125 0.021484375 0.02734375
0 0.2138671875 0.1982421875 0.029296875 0.025390625
0 0.484375 0.1923828125 0.01953125 0.017578125
0 0.3466796875 0.1953125 0.017578125 0.0234375
0 0.1669921875 0.1953125 0.029296875 0.0234375
0 0.078125 0.1904296875 0.03125 0.017578125
0 0.2626953125 0.1923828125 0.029296875 0.025390625
0 0.12890625 0.19140625 0.01953125 0.0234375
0 0.017578125 0.1875 0.02734375 0.015625
0 0.5107421875 0.1396484375 0.025390625 0.017578125
0 0.392578125 0.1416015625 0.015625 0.021484375
0 0.419921875 0.1396484375 0.015625 0.021484375
0 0.072265625 0.1376953125 0.02734375 0.017578125
0 0.46484375 0.138671875 0.015625 0.0234375
0 0.4482421875 0.13671875 0.013671875 0.02734375
0 0.0126953125 0.130859375 0.025390625 0.015625
0 0.158203125 0.1337890625 0.0234375 0.025390625
0 0.1875 0.1318359375 0.0234375 0.025390625
0 0.1279296875 0.1337890625 0.017578125 0.029296875
0 0.291015625 0.1259765625 0.01953125 0.025390625
0 0.220703125 0.12890625 0.0234375 0.03125
0 0.0751953125 0.119140625 0.033203125 0.01953125
0 0.5234375 0.1162109375 0.02734375 0.021484375
0 0.3505859375 0.1123046875 0.025390625 0.017578125
0 0.4912109375 0.1083984375 0.013671875 0.013671875
0 0.25 0.11328125 0.0234375 0.0234375
0 0.111328125 0.107421875 0.015625 0.01171875
0 0.3974609375 0.1083984375 0.025390625 0.017578125
0 0.0166015625 0.1015625 0.033203125 0.01953125
0 0.076171875 0.0927734375 0.03515625 0.021484375
0 0.1611328125 0.0830078125 0.025390625 0.013671875
0 0.125 0.0810546875 0.01171875 0.017578125
0 0.3974609375 0.078125 0.025390625 0.01953125
0 0.2021484375 0.080078125 0.017578125 0.0234375
0 0.4775390625 0.0615234375 0.021484375 0.017578125
0 0.27734375 0.0556640625 0.01171875 0.017578125
0 0.51953125 0.0556640625 0.015625 0.021484375
0 0.3486328125 0.060546875 0.021484375 0.03125
0 0.568359375 0.0556640625 0.0234375 0.025390625
0 0.4423828125 0.0517578125 0.021484375 0.021484375
0 0.4072265625 0.0498046875 0.037109375 0.017578125
0 0.2568359375 0.0576171875 0.021484375 0.033203125
0 0.232421875 0.0537109375 0.01953125 0.029296875
0 0.1904296875 0.0517578125 0.017578125 0.025390625
0 0.306640625 0.0537109375 0.03515625 0.033203125
0 0.1611328125 0.0498046875 0.017578125 0.025390625
0 0.138671875 0.0537109375 0.01953125 0.033203125
0 0.111328125 0.0537109375 0.01953125 0.033203125
0 0.0810546875 0.0556640625 0.037109375 0.041015625
0 0.0234375 0.05078125 0.01953125 0.03125
0 0.6025390625 0.009765625 0.025390625 0.01953125
0 0.5478515625 0.00390625 0.017578125 0.0078125
0 0.5224609375 0.0048828125 0.013671875 0.009765625
0 0.49609375 0.005859375 0.01953125 0.01171875
0 0.4443359375 0.005859375 0.017578125 0.01171875
0 0.3994140625 0.00390625 0.017578125 0.0078125
0 0.2529296875 0.001953125 0.017578125 0.00390625
0 0.2060546875 0.001953125 0.009765625 0.00390625