0 0.9521484375 0.998046875 0.005859375 0.00390625
0 0.0126953125 0.998046875 0.025390625 0.00390625
0 0.5712890625 0.9970703125 0.013671875 0.005859375
0 0.5048828125 0.99609375 0.021484375 0.0078125
0 0.6484375 0.990234375 0.01953125 0.01953125
0 0.1982421875 0.9833984375 0.025390625 0.013671875
0 0.259765625 0.9814453125 0.0234375 0.017578125
0 0.01171875 0.9814453125 0.0234375 0.021484375
0 0.580078125 0.9794921875 0.01953125 0.021484375
0 0.126953125 0.9619140625 0.015625 0.021484375
0 0.4482421875 0.9619140625 0.021484375 0.041015625
0 0.572265625 0.9501953125 0.01953125 0.021484375
0 0.509765625 0.9501953125 0.015625 0.021484375
0 0.537109375 0.943359375 0.0234375 0.015625
0 0.9345703125 0.95703125 0.021484375 0.046875
0 0.8203125 0.9453125 0.015625 0.0234375
0 0.2060546875 0.9423828125 0.029296875 0.017578125
0 0.283203125 0.939453125 0.015625 0.02734375
0 0.232421875 0.92578125 0.015625 0.01171875
0 0.5087890625 0.9169921875 0.025390625 0.021484375
0 0.3662109375 0.9150390625 0.033203125 0.021484375
0 0.1171875 0.9189453125 0.03515625 0.029296875
0 0.6357421875 0.9140625 0.017578125 0.0234375
0 0.205078125 0.9130859375 0.01953125 0.021484375
0 0.7763671875 0.9169921875 0.025390625 0.033203125
0 0.72265625 0.91796875 0.0234375 0.0390625
0 0.6826171875 0.904296875 0.029296875 0.03125
0 0.896484375 0.9052734375 0.03515625 0.037109375
0 0.5673828125 0.8974609375 0.017578125 0.021484375
0 0.83203125 0.90625 0.01953125 0.046875
0 0.802734375 0.9033203125 0.01953125 0.041015625
0 0.4306640625 0.89453125 0.021484375 0.03125
0 0.5068359375 0.888671875 0.017578125 0.0234375
0 0.0712890625 0.88671875 0.017578125 0.0234375
0 0.3017578125 0.8837890625 0.013671875 0.025390625
0 0.248046875 0.8828125 0.0234375 0.03125
0 0.9951171875 0.8798828125 0.009765625 0.029296875
0 0.19921875 0.873046875 0.01953125 0.015625
0 0.1318359375 0.869140625 0.033203125 0.01953125
0 0.9931640625 0.8466796875 0.013671875 0.029296875
0 0.826171875 0.83203125 0.0234375 0.0234375
0 0.892578125 0.8291015625 0.01953125 0.021484375
0 0.3056640625 0.826171875 0.021484375 0.02734375
0 0.7587890625 0.826171875 0.025390625 0.03515625
0 0.353515625 0.8193359375 0.02734375 0.021484375
0 0.2451171875 0.818359375 0.029296875 0.01953125
0 0.1884765625 0.8173828125 0.029296875 0.021484375
0 0.7919921875 0.8251953125 0.025390625 0.041015625
0 0.353515625 0.7783203125 0.0234375 0.017578125
0 0.9921875 0.7734375 0.015625 0.01953125
0 0.873046875 0.7783203125 0.03125 0.029296875
0 0.3759765625 0.7705078125 0.017578125 0.017578125
0 0.75 0.7685546875 0.03515625 0.029296875
0 0.7529296875 0.732421875 0.048828125 0.03125
0 0.8759765625 0.7216796875 0.048828125 0.033203125
0 0.203125 0.705078125 0.01953125 0.01953125
0 0.7373046875 0.7041015625 0.029296875 0.021484375
0 0.16796875 0.697265625 0.03125 0.03125
0 0.2373046875 0.6806640625 0.013671875 0.013671875
0 0.7333984375 0.67578125 0.025390625 0.0234375
0 0.8662109375 0.6708984375 0.029296875 0.033203125
0 0.9658203125 0.6650390625 0.033203125 0.029296875
0 0.212890625 0.654296875 0.03515625 0.0390625
0 0.7353515625 0.64453125 0.037109375 0.03125
0 0.81640625 0.623046875 0.08203125 0.0625
0 0.7294921875 0.6044921875 0.037109375 0.029296875
0 0.9462890625 0.59765625 0.025390625 0.03515625
0 0.2353515625 0.595703125 0.037109375 0.03515625
0 0.271484375 0.5732421875 0.03125 0.037109375
0 0.71484375 0.560546875 0.02734375 0.02734375
0 0.94140625 0.544921875 0.0234375 0.01953125
0 0.8232421875 0.5419921875 0.029296875 0.029296875
0 0.3037109375 0.5322265625 0.025390625 0.037109375
0 0.1826171875 0.4970703125 0.017578125 0.017578125
0 0.7119140625 0.513671875 0.033203125 0.0546875
0 0.83203125 0.4970703125 0.02734375 0.025390625
0 0.9287109375 0.49609375 0.033203125 0.02734375
0 0.7978515625 0.4892578125 0.017578125 0.017578125
0 0.3818359375 0.5107421875 0.060546875 0.060546875
0 0.234375 0.49609375 0.0390625 0.03515625
0 0.4833984375 0.44921875 0.037109375 0.03125
0 0.92578125 0.4375 0.0234375 0.0234375
0 0.3271484375 0.4287109375 0.033203125 0.033203125
0 0.83203125 0.427734375 0.02734375 0.04296875
0 0.3642578125 0.400390625 0.025390625 0.0234375
0 0.982421875 0.4052734375 0.02734375 0.037109375
0 0.521484375 0.390625 0.03515625 0.03125
0 0.7744140625 0.3818359375 0.025390625 0.021484375
0 0.814453125 0.3671875 0.03125 0.02734375
0 0.396484375 0.3603515625 0.02734375 0.033203125
0 0.888671875 0.341796875 0.01953125 0.02734375
0 0.54296875 0.2939453125 0.04296875 0.044921875
0 0.8779296875 0.27734375 0.033203125 0.0234375
0 0.923828125 0.265625 0.0390625 0.02734375
0 0.9658203125 0.2568359375 0.033203125 0.021484375
0 0.62890625 0.255859375 0.02734375 0.0234375
0 0.9951171875 0.248046875 0.009765625 0.015625
0 0.69140625 0.2392578125 0.015625 0.037109375
0 0.662109375 0.2275390625 0.03515625 0.017578125