0 0.51171875 0.99609375 0.01171875 0.0078125
0 0.1767578125 0.99609375 0.017578125 0.0078125
0 0.09765625 0.9921875 0.01953125 0.015625
0 0.990234375 0.9912109375 0.01953125 0.017578125
0 0.7158203125 0.990234375 0.021484375 0.01953125
0 0.28515625 0.9892578125 0.046875 0.021484375
0 0.7587890625 0.98828125 0.025390625 0.0234375
0 0.5927734375 0.986328125 0.029296875 0.02734375
0 0.05859375 0.98046875 0.0234375 0.0234375
0 0.0234375 0.9697265625 0.0234375 0.025390625
0 0.17578125 0.9658203125 0.02734375 0.021484375
0 0.73046875 0.96484375 0.01953125 0.0234375
0 0.37890625 0.9609375 0.01953125 0.03515625
0 0.6630859375 0.9521484375 0.025390625 0.033203125
0 0.1015625 0.9443359375 0.01953125 0.021484375
0 0.861328125 0.9521484375 0.078125 0.044921875
0 0.1748046875 0.93359375 0.025390625 0.01953125
0 0.935546875 0.935546875 0.03125 0.02734375
0 0.591796875 0.931640625 0.0234375 0.0234375
0 0.0673828125 0.916015625 0.021484375 0.01953125
0 0.0322265625 0.9052734375 0.021484375 0.017578125
0 0.2890625 0.9140625 0.03125 0.04296875
0 0.00390625 0.896484375 0.0078125 0.015625
0 0.6630859375 0.8984375 0.025390625 0.03125
0 0.1572265625 0.89453125 0.025390625 0.02734375
0 0.5888671875 0.88671875 0.033203125 0.03515625
0 0.3876953125 0.8837890625 0.029296875 0.037109375
0 0.2744140625 0.8759765625 0.025390625 0.025390625
0 0.962890625 0.8759765625 0.04296875 0.041015625
0 0.1435546875 0.8671875 0.021484375 0.0234375
0 0.2548828125 0.8427734375 0.025390625 0.029296875
0 0.595703125 0.84375 0.01953125 0.03515625
0 0.1318359375 0.8388671875 0.017578125 0.025390625
0 0.6708984375 0.8408203125 0.033203125 0.041015625
0 0.345703125 0.8349609375 0.02734375 0.029296875
0 0.0029296875 0.826171875 0.005859375 0.01171875
0 0.056640625 0.830078125 0.0234375 0.02734375
0 0.8515625 0.8212890625 0.0234375 0.021484375
0 0.234375 0.8115234375 0.0234375 0.025390625
0 0.123046875 0.810546875 0.01953125 0.0234375
0 0.9091796875 0.806640625 0.060546875 0.0390625
0 0.58984375 0.8037109375 0.02734375 0.033203125
0 0.0439453125 0.794921875 0.025390625 0.02734375
0 0.6640625 0.7880859375 0.0234375 0.029296875
0 0.81640625 0.787109375 0.02734375 0.03515625
0 0.12109375 0.779296875 0.02734375 0.0234375
0 0.2119140625 0.7822265625 0.025390625 0.037109375
0 0.3671875 0.775390625 0.0390625 0.03125
0 0.4375 0.755859375 0.0234375 0.01953125
0 0.51171875 0.7578125 0.03515625 0.03125
0 0.470703125 0.76171875 0.03125 0.0390625
0 0.5458984375 0.7548828125 0.025390625 0.029296875
0 0.998046875 0.7431640625 0.00390625 0.009765625
0 0.58203125 0.755859375 0.03515625 0.03515625
0 0.8974609375 0.755859375 0.029296875 0.0390625
0 0.1884765625 0.75390625 0.033203125 0.03515625
0 0.005859375 0.7490234375 0.01171875 0.025390625
0 0.6650390625 0.748046875 0.029296875 0.02734375
0 0.7451171875 0.7421875 0.025390625 0.0234375
0 0.705078125 0.744140625 0.02734375 0.02734375
0 0.2861328125 0.7431640625 0.025390625 0.033203125
0 0.7919921875 0.7412109375 0.037109375 0.033203125
0 0.0869140625 0.7177734375 0.029296875 0.029296875
0 0.2666015625 0.7119140625 0.029296875 0.029296875
0 0.8798828125 0.7109375 0.029296875 0.03125
0 0.9873046875 0.708984375 0.025390625 0.03125
0 0.322265625 0.7041015625 0.02734375 0.025390625
0 0.1572265625 0.6943359375 0.033203125 0.025390625
0 0.396484375 0.689453125 0.02734375 0.01953125
0 0.359375 0.6904296875 0.03125 0.025390625
0 0.4716796875 0.6865234375 0.029296875 0.021484375
0 0.431640625 0.6875 0.02734375 0.0234375
0 0.6181640625 0.6787109375 0.029296875 0.021484375
0 0.5078125 0.681640625 0.03125 0.02734375
0 0.5771484375 0.677734375 0.029296875 0.02734375
0 0.2421875 0.6796875 0.02734375 0.03125
0 0.654296875 0.6748046875 0.03125 0.025390625
0 0.54296875 0.677734375 0.03125 0.03125
0 0.69140625 0.671875 0.02734375 0.0234375
0 0.734375 0.669921875 0.02734375 0.0234375
0 0.041015625 0.6767578125 0.0390625 0.037109375
0 0.9658203125 0.6630859375 0.037109375 0.025390625
0 0.1484375 0.662109375 0.02734375 0.02734375
0 0.861328125 0.6650390625 0.02734375 0.041015625
0 0.78515625 0.6630859375 0.0390625 0.037109375
0 0.017578125 0.646484375 0.0234375 0.0234375
0 0.138671875 0.63671875 0.02734375 0.02734375
0 0.001953125 0.6240234375 0.00390625 0.005859375
0 0.330078125 0.6318359375 0.03125 0.033203125
0 0.22265625 0.6259765625 0.03515625 0.029296875
0 0.4150390625 0.6279296875 0.025390625 0.037109375
0 0.94921875 0.619140625 0.02734375 0.02734375
0 0.56640625 0.611328125 0.0390625 0.02734375
0 0.6083984375 0.6064453125 0.029296875 0.033203125
0 0.861328125 0.6025390625 0.02734375 0.041015625
0 0.66015625 0.5869140625 0.04296875 0.037109375
0 0.7939453125 0.5830078125 0.048828125 0.037109375
0 0.20703125 0.5810546875 0.02734375 0.033203125
0 0.9326171875 0.5810546875 0.029296875 0.037109375
0 0.501953125 0.5771484375 0.03125 0.037109375
0 0.3251953125 0.5712890625 0.025390625 0.033203125
0 0.232421875 0.5634765625 0.01953125 0.017578125
0 0.1025390625 0.5615234375 0.017578125 0.017578125
0 0.4111328125 0.564453125 0.029296875 0.03515625
0 0.71484375 0.5595703125 0.03515625 0.037109375
0 0.1181640625 0.5419921875 0.021484375 0.025390625
0 0.9931640625 0.53515625 0.013671875 0.01953125
0 0.1943359375 0.5322265625 0.029296875 0.021484375
0 0.5703125 0.533203125 0.0390625 0.03515625
0 0.486328125 0.5283203125 0.0234375 0.029296875
0 0.3193359375 0.5283203125 0.025390625 0.033203125
0 0.099609375 0.5185546875 0.02734375 0.017578125
0 0.9033203125 0.5205078125 0.029296875 0.025390625
0 0.3994140625 0.51953125 0.021484375 0.03515625
0 0.8583984375 0.5068359375 0.021484375 0.021484375
0 0.6396484375 0.5107421875 0.037109375 0.037109375
0 0.103515625 0.4912109375 0.03515625 0.033203125
0 0.5537109375 0.490234375 0.037109375 0.03515625
0 0.72265625 0.4921875 0.03125 0.04296875
0 0.4697265625 0.4853515625 0.025390625 0.033203125
0 0.3037109375 0.486328125 0.025390625 0.03515625
0 0.1865234375 0.4775390625 0.033203125 0.029296875
0 0.380859375 0.478515625 0.0234375 0.03515625
0 0.880859375 0.47265625 0.0234375 0.03515625
0 0.6318359375 0.4609375 0.041015625 0.03515625
0 0.455078125 0.4482421875 0.03125 0.029296875
0 0.7099609375 0.447265625 0.029296875 0.04296875
0 0.5361328125 0.4443359375 0.029296875 0.037109375
0 0.173828125 0.4384765625 0.0234375 0.025390625
0 0.29296875 0.4423828125 0.02734375 0.037109375
0 0.23828125 0.4326171875 0.0390625 0.025390625
0 0.9580078125 0.427734375 0.041015625 0.02734375
0 0.37109375 0.435546875 0.03125 0.04296875
0 0.8515625 0.4248046875 0.0390625 0.025390625
0 0.0166015625 0.4267578125 0.033203125 0.041015625
0 0.62109375 0.4150390625 0.03515625 0.041015625
0 0.7958984375 0.40234375 0.033203125 0.03125
0 0.5263671875 0.404296875 0.029296875 0.03515625
0 0.6943359375 0.404296875 0.025390625 0.0390625
0 0.4423828125 0.3955078125 0.021484375 0.033203125
0 0.3564453125 0.3955078125 0.037109375 0.037109375
0 0.9306640625 0.3818359375 0.021484375 0.021484375
0 0.2119140625 0.3662109375 0.017578125 0.013671875
0 0.603515625 0.3759765625 0.03125 0.041015625
0 0.0888671875 0.373046875 0.033203125 0.0390625
0 0.3125 0.3642578125 0.03515625 0.033203125
0 0.1728515625 0.3564453125 0.033203125 0.017578125
0 0.2607421875 0.359375 0.041015625 0.02734375
0 0.8505859375 0.3564453125 0.029296875 0.025390625
0 0.515625 0.357421875 0.02734375 0.0390625
0 0.43359375 0.349609375 0.01953125 0.03515625
0 0.67578125 0.34765625 0.02734375 0.0390625
0 0.92578125 0.33203125 0.03515625 0.01953125
0 0.0908203125 0.333984375 0.021484375 0.02734375
0 0.98828125 0.330078125 0.01953125 0.02734375
0 0.236328125 0.322265625 0.01171875 0.015625
0 0.16796875 0.3212890625 0.03515625 0.021484375
0 0.84375 0.3173828125 0.015625 0.017578125
0 0.595703125 0.3271484375 0.01953125 0.037109375
0 0.5 0.3193359375 0.01953125 0.021484375
0 0.275390625 0.3046875 0.015625 0.01953125
0 0.4296875 0.302734375 0.015625 0.01953125
0 0.666015625 0.306640625 0.03125 0.03515625
0 0.193359375 0.2900390625 0.01953125 0.017578125
0 0.087890625 0.2861328125 0.0234375 0.025390625
0 0.0283203125 0.28515625 0.029296875 0.0234375
0 0.21875 0.283203125 0.01953125 0.02734375
0 0.16015625 0.279296875 0.0234375 0.01953125
0 0.5859375 0.283203125 0.0234375 0.03515625
0 0.2548828125 0.2802734375 0.029296875 0.029296875
0 0.3037109375 0.27734375 0.033203125 0.03125
0 0.3447265625 0.26953125 0.029296875 0.01953125
0 0.408203125 0.2646484375 0.03515625 0.017578125
0 0.8212890625 0.2666015625 0.056640625 0.044921875
0 0.6552734375 0.263671875 0.025390625 0.0390625
0 0.498046875 0.26171875 0.01953125 0.03515625
0 0.99609375 0.251953125 0.0078125 0.0234375
0 0.80078125 0.236328125 0.01953125 0.01171875
0 0.5771484375 0.2373046875 0.025390625 0.037109375
0 0.0205078125 0.2216796875 0.025390625 0.021484375
0 0.828125 0.21875 0.01953125 0.01953125
0 0.6513671875 0.22265625 0.021484375 0.03125
0 0.990234375 0.2177734375 0.015625 0.025390625
0 0.15625 0.212890625 0.03515625 0.01953125
0 0.5068359375 0.216796875 0.033203125 0.03515625
0 0.0791015625 0.2060546875 0.021484375 0.025390625
0 0.28125 0.201171875 0.0234375 0.0234375
0 0.2451171875 0.201171875 0.021484375 0.02734375
0 0.21484375 0.19921875 0.0234375 0.02734375
0 0.3447265625 0.1962890625 0.025390625 0.029296875
0 0.40234375 0.1875 0.0390625 0.01953125
0 0.3125 0.193359375 0.02734375 0.0390625
0 0.576171875 0.1806640625 0.02734375 0.025390625
0 0.2705078125 0.173828125 0.013671875 0.01171875
0 0.1513671875 0.169921875 0.021484375 0.01953125
0 0.5029296875 0.171875 0.021484375 0.03515625
0 0.82421875 0.1669921875 0.02734375 0.029296875
0 0.6572265625 0.1708984375 0.025390625 0.044921875
0 0.07421875 0.162109375 0.0234375 0.02734375
0 0.26171875 0.12890625 0.0078125 0.01171875
0 0.24609375 0.1318359375 0.01953125 0.025390625
0 0.578125 0.1328125 0.01953125 0.03515625
0 0.5068359375 0.1298828125 0.029296875 0.033203125
0 0.4228515625 0.1298828125 0.021484375 0.033203125
0 0.2802734375 0.119140625 0.013671875 0.01171875
0 0.6650390625 0.1181640625 0.021484375 0.021484375
0 0.0673828125 0.1142578125 0.021484375 0.025390625
0 0.1640625 0.1015625 0.03125 0.015625
0 0.7763671875 0.109375 0.033203125 0.0390625
0 0.220703125 0.0927734375 0.01171875 0.021484375
0 0.255859375 0.0986328125 0.0234375 0.037109375
0 0.71484375 0.0849609375 0.015625 0.017578125
0 0.5087890625 0.087890625 0.021484375 0.03125
0 0.423828125 0.0849609375 0.0234375 0.029296875
0 0.572265625 0.0791015625 0.01953125 0.037109375
0 0.7431640625 0.064453125 0.025390625 0.0234375
0 0.140625 0.056640625 0.02734375 0.03125
0 0.0439453125 0.044921875 0.037109375 0.0234375
0 0.41796875 0.046875 0.03515625 0.03125
0 0.1533203125 0.033203125 0.017578125 0.01171875
0 0.8515625 0.03515625 0.0234375 0.01953125
0 0.505859375 0.037109375 0.02734375 0.0234375
0 0.638671875 0.0380859375 0.0234375 0.037109375
0 0.205078125 0.0224609375 0.0234375 0.013671875
0 0.5556640625 0.0322265625 0.025390625 0.037109375
0 0.0390625 0.015625 0.015625 0.01171875
0 0.6845703125 0.01953125 0.025390625 0.0234375
0 0.5126953125 0.00390625 0.013671875 0.0078125
0 0.42578125 0.009765625 0.015625 0.01953125
0 0.1337890625 0.0048828125 0.021484375 0.009765625