0 0.86328125 0.998046875 0.0078125 0.00390625
0 0.8759765625 0.9970703125 0.013671875 0.005859375
0 0.822265625 0.9970703125 0.01171875 0.005859375
0 0.7939453125 0.98828125 0.013671875 0.0234375
0 0.923828125 0.9873046875 0.03125 0.025390625
0 0.849609375 0.9873046875 0.02734375 0.025390625
0 0.6357421875 0.9873046875 0.041015625 0.025390625
0 0.9013671875 0.984375 0.021484375 0.03125
0 0.8056640625 0.9599609375 0.029296875 0.029296875
0 0.8427734375 0.955078125 0.033203125 0.03515625
0 0.701171875 0.94921875 0.0859375 0.08203125
0 0.775390625 0.951171875 0.078125 0.09765625
0 0.9072265625 0.8525390625 0.033203125 0.029296875
0 0.8427734375 0.83984375 0.029296875 0.0234375
0 0.8525390625 0.8193359375 0.025390625 0.017578125
0 0.6064453125 0.8310546875 0.080078125 0.068359375
0 0.8603515625 0.8046875 0.025390625 0.01953125
0 0.9609375 0.798828125 0.0234375 0.0234375
0 0.9189453125 0.794921875 0.013671875 0.02734375
0 0.8330078125 0.7841796875 0.029296875 0.021484375
0 0.0283203125 0.787109375 0.037109375 0.03515625
0 0.9072265625 0.7763671875 0.025390625 0.017578125
0 0.28125 0.8837890625 0.3203125 0.232421875
0 0.998046875 0.765625 0.00390625 0.00390625
0 0.5712890625 0.798828125 0.068359375 0.07421875
0 0.765625 0.7802734375 0.0390625 0.048828125
0 0.84375 0.7666015625 0.02734375 0.025390625
0 0.8671875 0.75390625 0.015625 0.02734375
0 0.9677734375 0.767578125 0.064453125 0.06640625
0 0.998046875 0.734375 0.00390625 0.0078125
0 0.8984375 0.7412109375 0.05078125 0.025390625
0 0.6923828125 0.7421875 0.044921875 0.04296875
0 0.9580078125 0.71875 0.017578125 0.0234375
0 0.9775390625 0.7119140625 0.013671875 0.021484375
0 0.7939453125 0.7109375 0.025390625 0.02734375
0 0.9951171875 0.7041015625 0.009765625 0.025390625
0 0.8662109375 0.708984375 0.033203125 0.0390625
0 0.9072265625 0.6845703125 0.029296875 0.025390625
0 0.7587890625 0.6748046875 0.041015625 0.033203125
0 0.951171875 0.669921875 0.02734375 0.03125
0 0.984375 0.6552734375 0.03125 0.037109375
0 0.830078125 0.634765625 0.03125 0.0234375
0 0.7470703125 0.6240234375 0.021484375 0.033203125
0 0.81640625 0.6103515625 0.015625 0.017578125
0 0.328125 0.6669921875 0.0703125 0.130859375
0 0.8818359375 0.615234375 0.029296875 0.03125
0 0.93359375 0.595703125 0.02734375 0.03515625
0 0.9716796875 0.580078125 0.025390625 0.03125
0 0.83984375 0.580078125 0.03125 0.0390625
0 0.76171875 0.5751953125 0.03125 0.033203125
0 0.1728515625 0.576171875 0.115234375 0.09765625
0 0.8681640625 0.533203125 0.017578125 0.015625
0 0.7861328125 0.5302734375 0.025390625 0.033203125
0 0.986328125 0.5263671875 0.01953125 0.033203125
0 0.8056640625 0.4970703125 0.025390625 0.029296875
0 0.890625 0.494140625 0.03125 0.03515625
0 0.9169921875 0.4677734375 0.033203125 0.029296875
0 0.0498046875 0.5078125 0.099609375 0.12890625
0 0.8310546875 0.455078125 0.029296875 0.02734375
0 0.95703125 0.4453125 0.03515625 0.02734375
0 0.9921875 0.4306640625 0.015625 0.021484375
0 0.3466796875 0.4677734375 0.130859375 0.111328125
0 0.849609375 0.4150390625 0.02734375 0.033203125
0 0.255859375 0.3935546875 0.01953125 0.025390625
0 0.88671875 0.384765625 0.02734375 0.02734375
0 0.9287109375 0.376953125 0.029296875 0.02734375
0 0.1884765625 0.376953125 0.033203125 0.03125
0 0.251953125 0.3642578125 0.01953125 0.013671875
0 0.98046875 0.3662109375 0.02734375 0.021484375
0 0.3984375 0.33203125 0.08203125 0.07421875
0 0.3271484375 0.2919921875 0.021484375 0.017578125
0 0.6025390625 0.341796875 0.263671875 0.30859375
0 0.236328125 0.0361328125 0.08984375 0.060546875
0 0.4267578125 0.01171875 0.080078125 0.0234375
0 0.326171875 0.0146484375 0.02734375 0.029296875