0 0.0205078125 0.9248046875 0.041015625 0.064453125
0 0.201171875 0.91796875 0.04296875 0.08203125
0 0.125 0.84375 0.02734375 0.0234375
0 0.244140625 0.849609375 0.09375 0.046875
0 0.9599609375 0.8076171875 0.017578125 0.017578125
0 0.0517578125 0.75390625 0.033203125 0.01953125
0 0.5205078125 0.736328125 0.107421875 0.08203125
0 0.046875 0.6494140625 0.09375 0.095703125
0 0.267578125 0.59765625 0.1640625 0.12109375
0 0.0263671875 0.548828125 0.052734375 0.0234375
0 0.8828125 0.4306640625 0.01953125 0.017578125
0 0.2431640625 0.4345703125 0.041015625 0.025390625
0 0.7744140625 0.455078125 0.126953125 0.10546875
0 0.955078125 0.41796875 0.02734375 0.0390625
0 0.91015625 0.3896484375 0.01953125 0.017578125
0 0.2587890625 0.3857421875 0.013671875 0.021484375
0 0.9765625 0.3916015625 0.03125 0.037109375
0 0.93359375 0.390625 0.0234375 0.0390625
0 0.9931640625 0.3720703125 0.013671875 0.021484375
0 0.890625 0.3642578125 0.03125 0.029296875
0 0.91015625 0.3486328125 0.03515625 0.033203125
0 0.6748046875 0.3671875 0.044921875 0.0703125
0 0.5634765625 0.4208984375 0.146484375 0.189453125
0 0.09765625 0.390625 0.14453125 0.13671875
0 0.982421875 0.3291015625 0.03515625 0.025390625
0 0.845703125 0.3271484375 0.02734375 0.037109375
0 0.9365234375 0.3154296875 0.052734375 0.056640625
0 0.8720703125 0.30078125 0.033203125 0.03125
0 0.9658203125 0.2880859375 0.033203125 0.033203125
0 0.724609375 0.2998046875 0.09765625 0.060546875
0 0.88671875 0.2802734375 0.03125 0.029296875
0 0.63671875 0.2744140625 0.015625 0.017578125
0 0.8154296875 0.2724609375 0.033203125 0.029296875
0 0.9755859375 0.2685546875 0.025390625 0.025390625
0 0.9033203125 0.2607421875 0.037109375 0.033203125
0 0.2822265625 0.25390625 0.017578125 0.01953125
0 0.990234375 0.25 0.01953125 0.0234375
0 0.828125 0.25390625 0.0390625 0.03515625
0 0.919921875 0.2451171875 0.03515625 0.037109375
0 0.6962890625 0.244140625 0.044921875 0.0390625
0 0.8466796875 0.2412109375 0.044921875 0.041015625
0 0.59375 0.22265625 0.02734375 0.03125
0 0.796875 0.2177734375 0.03515625 0.025390625
0 0.6728515625 0.216796875 0.029296875 0.02734375
0 0.8896484375 0.2021484375 0.033203125 0.037109375
0 0.7861328125 0.193359375 0.037109375 0.02734375
0 0.61328125 0.189453125 0.03125 0.02734375
0 0.955078125 0.20703125 0.06640625 0.0703125
0 0.8544921875 0.1728515625 0.033203125 0.033203125
0 0.9921875 0.1650390625 0.015625 0.025390625
0 0.767578125 0.1689453125 0.02734375 0.033203125
0 0.8388671875 0.15625 0.041015625 0.03515625
0 0.9609375 0.138671875 0.0234375 0.02734375
0 0.8779296875 0.1337890625 0.033203125 0.025390625
0 0.7568359375 0.130859375 0.041015625 0.03125
0 0.931640625 0.1259765625 0.0234375 0.029296875
0 0.9951171875 0.111328125 0.009765625 0.01953125
0 0.7958984375 0.1162109375 0.033203125 0.033203125
0 0.8916015625 0.1064453125 0.025390625 0.037109375
0 0.822265625 0.09765625 0.01171875 0.03125
0 0.875 0.0947265625 0.01953125 0.029296875
0 0.734375 0.0869140625 0.02734375 0.021484375
0 0.8515625 0.0849609375 0.015625 0.033203125
0 0.970703125 0.0888671875 0.05078125 0.044921875
0 0.9375 0.0712890625 0.02734375 0.037109375
0 0.751953125 0.0634765625 0.03515625 0.025390625
0 0.9931640625 0.060546875 0.013671875 0.0234375
0 0.916015625 0.060546875 0.02734375 0.03515625
0 0.890625 0.0458984375 0.02734375 0.033203125
0 0.7646484375 0.04296875 0.037109375 0.02734375
0 0.91796875 0.005859375 0.0234375 0.01171875
0 0.8681640625 0.0244140625 0.064453125 0.048828125
0 0.8193359375 0.0185546875 0.017578125 0.037109375
0 0.7939453125 0.009765625 0.013671875 0.01953125
0 0.73046875 0.0400390625 0.1015625 0.080078125
0 0.62109375 0.0283203125 0.05859375 0.056640625
0 0.3544921875 0.0771484375 0.197265625 0.154296875