0 0.662109375 0.994140625 0.01953125 0.01171875
0 0.1796875 0.9892578125 0.01953125 0.021484375
0 0.955078125 0.9873046875 0.03125 0.025390625
0 0.416015625 0.9833984375 0.0234375 0.017578125
0 0.2919921875 0.9794921875 0.025390625 0.017578125
0 0.0595703125 0.9833984375 0.091796875 0.033203125
0 0.2255859375 0.982421875 0.025390625 0.03515625
0 0.3544921875 0.970703125 0.029296875 0.0234375
0 0.4013671875 0.9560546875 0.025390625 0.017578125
0 0.482421875 0.958984375 0.01953125 0.02734375
0 0.1328125 0.9619140625 0.0390625 0.033203125
0 0.255859375 0.9384765625 0.01953125 0.025390625
0 0.5947265625 0.9619140625 0.044921875 0.076171875
0 0.2841796875 0.927734375 0.021484375 0.02734375
0 0.328125 0.9228515625 0.01953125 0.033203125
0 0.9638671875 0.912109375 0.017578125 0.02734375
0 0.361328125 0.904296875 0.01953125 0.01953125
0 0.0283203125 0.9091796875 0.021484375 0.033203125
0 0.39453125 0.8994140625 0.02734375 0.025390625
0 0.0595703125 0.896484375 0.037109375 0.03515625
0 0.4501953125 0.8876953125 0.021484375 0.025390625
0 0.4873046875 0.876953125 0.021484375 0.01953125
0 0.142578125 0.876953125 0.015625 0.0234375
0 0.1103515625 0.8779296875 0.025390625 0.033203125
0 0.1962890625 0.8662109375 0.025390625 0.029296875
0 0.2412109375 0.8603515625 0.021484375 0.033203125
0 0.2705078125 0.85546875 0.017578125 0.03125
0 0.3544921875 0.84765625 0.013671875 0.01953125
0 0.3095703125 0.84375 0.021484375 0.03515625
0 0.2783203125 0.82421875 0.013671875 0.015625
0 0.9931640625 0.828125 0.013671875 0.02734375
0 0.3076171875 0.814453125 0.013671875 0.015625
0 0.9521484375 0.8134765625 0.017578125 0.021484375
0 0.3798828125 0.822265625 0.033203125 0.0390625
0 0.3486328125 0.8125 0.013671875 0.0234375
0 0.203125 0.810546875 0.01953125 0.01953125
0 0.482421875 0.8037109375 0.01953125 0.025390625
0 0.59765625 0.802734375 0.0234375 0.02734375
0 0.630859375 0.7998046875 0.0234375 0.025390625
0 0.5224609375 0.7998046875 0.017578125 0.025390625
0 0.12109375 0.7880859375 0.0234375 0.017578125
0 0.6474609375 0.765625 0.013671875 0.015625
0 0.60546875 0.7666015625 0.01953125 0.017578125
0 0.1923828125 0.767578125 0.025390625 0.01953125
0 0.517578125 0.7626953125 0.0234375 0.017578125
0 0.1083984375 0.76171875 0.021484375 0.02734375
0 0.283203125 0.7578125 0.01953125 0.03515625
0 0.5859375 0.734375 0.02734375 0.01953125
0 0.1865234375 0.7314453125 0.029296875 0.017578125
0 0.5107421875 0.7265625 0.033203125 0.01953125
0 0.3720703125 0.724609375 0.029296875 0.01953125
0 0.2900390625 0.724609375 0.033203125 0.0234375
0 0.6201171875 0.71875 0.013671875 0.015625
0 0.095703125 0.7177734375 0.01953125 0.021484375
0 0.4130859375 0.70703125 0.017578125 0.015625
0 0.177734375 0.69921875 0.03125 0.01953125
0 0.5849609375 0.6953125 0.025390625 0.01953125
0 0.509765625 0.6943359375 0.02734375 0.021484375
0 0.376953125 0.689453125 0.0234375 0.01953125
0 0.3017578125 0.6875 0.021484375 0.01953125
0 0.0869140625 0.6728515625 0.021484375 0.021484375
0 0.390625 0.662109375 0.02734375 0.01953125
0 0.16796875 0.6630859375 0.02734375 0.021484375
0 0.5009765625 0.6630859375 0.025390625 0.025390625
0 0.58203125 0.6572265625 0.01953125 0.021484375
0 0.30078125 0.6484375 0.02734375 0.0234375
0 0.08203125 0.6357421875 0.01953125 0.021484375
0 0.494140625 0.6259765625 0.02734375 0.017578125
0 0.16015625 0.6259765625 0.0234375 0.017578125
0 0.576171875 0.609375 0.0234375 0.015625
0 0.3974609375 0.6083984375 0.029296875 0.025390625
0 0.3095703125 0.6015625 0.041015625 0.02734375
0 0.1572265625 0.5908203125 0.037109375 0.025390625
0 0.490234375 0.5888671875 0.02734375 0.025390625
0 0.0712890625 0.5830078125 0.017578125 0.025390625
0 0.57421875 0.5732421875 0.0234375 0.017578125
0 0.484375 0.560546875 0.01953125 0.015625
0 0.1416015625 0.55859375 0.017578125 0.01953125
0 0.607421875 0.548828125 0.01953125 0.015625
0 0.5625 0.5419921875 0.02734375 0.017578125
0 0.30078125 0.541015625 0.02734375 0.015625
0 0.0595703125 0.5439453125 0.021484375 0.029296875
0 0.4130859375 0.53125 0.025390625 0.02734375
0 0.1357421875 0.5263671875 0.021484375 0.021484375
0 0.4775390625 0.515625 0.021484375 0.0234375
0 0.2880859375 0.505859375 0.037109375 0.01953125
0 0.5546875 0.5 0.02734375 0.0234375
0 0.4541015625 0.4931640625 0.017578125 0.009765625
0 0.0498046875 0.5009765625 0.029296875 0.025390625
0 0.3662109375 0.486328125 0.033203125 0.03125
0 0.130859375 0.4814453125 0.03515625 0.021484375
0 0.474609375 0.478515625 0.01953125 0.01953125
0 0.5576171875 0.466796875 0.017578125 0.01953125
0 0.1767578125 0.4755859375 0.029296875 0.037109375
0 0.5869140625 0.4658203125 0.029296875 0.021484375
0 0.2177734375 0.46484375 0.021484375 0.03125
0 0.2431640625 0.44921875 0.021484375 0.01953125
0 0.4736328125 0.4453125 0.021484375 0.01953125
0 0.04296875 0.4404296875 0.01953125 0.025390625
0 0.2724609375 0.4345703125 0.021484375 0.021484375
0 0.1103515625 0.41796875 0.021484375 0.0234375
0 0.15625 0.4140625 0.02734375 0.0234375
0 0.494140625 0.400390625 0.01953125 0.0234375
0 0.1962890625 0.400390625 0.025390625 0.0234375
0 0.572265625 0.3994140625 0.04296875 0.029296875
0 0.0283203125 0.39453125 0.025390625 0.01953125
0 0.3193359375 0.3935546875 0.021484375 0.025390625
0 0.10546875 0.3876953125 0.02734375 0.025390625
0 0.3583984375 0.38671875 0.021484375 0.02734375
0 0.4853515625 0.3759765625 0.013671875 0.013671875
0 0.224609375 0.3828125 0.03515625 0.03515625
0 0.3896484375 0.3759765625 0.021484375 0.025390625
0 0.4189453125 0.365234375 0.025390625 0.02734375
0 0.5625 0.3662109375 0.05078125 0.033203125
0 0.451171875 0.359375 0.0234375 0.0234375
0 0.25 0.3583984375 0.0234375 0.033203125
0 0.0966796875 0.3525390625 0.029296875 0.025390625
0 0.0146484375 0.35546875 0.029296875 0.046875
0 0.5458984375 0.3359375 0.033203125 0.03125
0 0.31640625 0.31640625 0.02734375 0.0234375
0 0.0927734375 0.3095703125 0.033203125 0.025390625
0 0.24609375 0.310546875 0.0234375 0.03125
0 0.5341796875 0.3095703125 0.041015625 0.033203125
0 0.3828125 0.2978515625 0.0234375 0.033203125
0 0.4970703125 0.287109375 0.021484375 0.01953125
0 0.2333984375 0.28125 0.029296875 0.0234375
0 0.0087890625 0.2783203125 0.017578125 0.021484375
0 0.3115234375 0.2783203125 0.029296875 0.029296875
0 0.0888671875 0.2705078125 0.037109375 0.025390625
0 0.4423828125 0.2509765625 0.025390625 0.033203125
0 0.2294921875 0.2451171875 0.021484375 0.025390625
0 0.3017578125 0.2451171875 0.025390625 0.029296875
0 0.3994140625 0.2451171875 0.025390625 0.037109375
0 0.078125 0.23828125 0.03125 0.02734375
0 0.005859375 0.2294921875 0.01171875 0.029296875
0 0.220703125 0.2109375 0.03125 0.03125
0 0.384765625 0.201171875 0.01953125 0.01953125
0 0.2958984375 0.20703125 0.021484375 0.03515625
0 0.21484375 0.177734375 0.0234375 0.02734375
0 0.107421875 0.1728515625 0.0234375 0.017578125
0 0.06640625 0.1708984375 0.03125 0.025390625
0 0.2861328125 0.1689453125 0.025390625 0.033203125
0 0.388671875 0.158203125 0.02734375 0.0390625
0 0.208984375 0.1416015625 0.0234375 0.029296875
0 0.421875 0.1376953125 0.0390625 0.029296875
0 0.0556640625 0.1318359375 0.025390625 0.021484375
0 0.27734375 0.103515625 0.02734375 0.01953125
0 0.3359375 0.0830078125 0.03125 0.033203125
0 0.046875 0.083984375 0.03125 0.03515625
0 0.1796875 0.072265625 0.01953125 0.02734375
0 0.369140625 0.076171875 0.0234375 0.0390625
0 0.267578125 0.0693359375 0.02734375 0.033203125
0 0.408203125 0.0634765625 0.03125 0.029296875
0 0.0341796875 0.033203125 0.025390625 0.01953125
0 0.3125 0.0244140625 0.015625 0.013671875
0 0.2587890625 0.0283203125 0.021484375 0.025390625
0 0.43359375 0.0126953125 0.01953125 0.021484375
0 0.35546875 0.0048828125 0.015625 0.009765625
0 0.3291015625 0.0029296875 0.013671875 0.005859375
0 0.3173828125 0.001953125 0.005859375 0.00390625
0 0.2568359375 0.005859375 0.025390625 0.01171875
0 0.185546875 0.0126953125 0.02734375 0.025390625
0 0.130859375 0.0068359375 0.02734375 0.013671875