0 0.189453125 0.998046875 0.015625 0.00390625
0 0.2548828125 0.9951171875 0.025390625 0.009765625
0 0.3232421875 0.9892578125 0.025390625 0.021484375
0 0.1259765625 0.98828125 0.041015625 0.0234375
0 0.025390625 0.98828125 0.0234375 0.0234375
0 0.3564453125 0.9873046875 0.025390625 0.025390625
0 0.392578125 0.9765625 0.03125 0.0234375
0 0.9892578125 0.94140625 0.021484375 0.0234375
0 0.95703125 0.939453125 0.01953125 0.0234375
0 0.9248046875 0.935546875 0.025390625 0.01953125
0 0.2431640625 0.9384765625 0.025390625 0.025390625
0 0.1748046875 0.9345703125 0.029296875 0.025390625
0 0.294921875 0.92578125 0.01953125 0.02734375
0 0.0107421875 0.9248046875 0.021484375 0.025390625
0 0.369140625 0.9140625 0.03515625 0.0234375
0 0.2431640625 0.8984375 0.025390625 0.0234375
0 0.1787109375 0.8994140625 0.017578125 0.025390625
0 0.013671875 0.876953125 0.02734375 0.03125
0 0.1708984375 0.87109375 0.029296875 0.0234375
0 0.2373046875 0.8671875 0.017578125 0.02734375
0 0.9365234375 0.859375 0.021484375 0.02734375
0 0.9599609375 0.8564453125 0.021484375 0.033203125
0 0.91015625 0.8515625 0.02734375 0.02734375
0 0.00390625 0.845703125 0.0078125 0.02734375
0 0.1650390625 0.8349609375 0.021484375 0.033203125
0 0.9453125 0.8095703125 0.01953125 0.017578125
0 0.0419921875 0.7900390625 0.021484375 0.025390625
0 0.1474609375 0.7919921875 0.021484375 0.033203125
0 0.9404296875 0.7822265625 0.025390625 0.021484375
0 0.22265625 0.78515625 0.0234375 0.02734375
0 0.0107421875 0.771484375 0.021484375 0.01953125
0 0.4677734375 0.7734375 0.037109375 0.05078125
0 0.935546875 0.7548828125 0.03125 0.025390625
0 0.5625 0.751953125 0.03125 0.04296875
0 0.12890625 0.740234375 0.01953125 0.03515625
0 0.08984375 0.7275390625 0.02734375 0.029296875
0 0.9970703125 0.720703125 0.005859375 0.01953125
0 0.9306640625 0.7216796875 0.025390625 0.021484375
0 0.2099609375 0.7099609375 0.025390625 0.037109375
0 0.4658203125 0.705078125 0.029296875 0.0390625
0 0.541015625 0.6943359375 0.0234375 0.029296875
0 0.99609375 0.68359375 0.0078125 0.0234375
0 0.32421875 0.6796875 0.0390625 0.03125
0 0.92578125 0.6689453125 0.0234375 0.025390625
0 0.255859375 0.65625 0.03515625 0.0234375
0 0.2109375 0.658203125 0.03515625 0.02734375
0 0.279296875 0.6484375 0.015625 0.015625
0 0.9921875 0.6513671875 0.015625 0.025390625
0 0.12109375 0.6494140625 0.02734375 0.021484375
0 0.453125 0.6533203125 0.03125 0.037109375
0 0.5263671875 0.6328125 0.021484375 0.03515625
0 0.0380859375 0.6279296875 0.029296875 0.025390625
0 0.990234375 0.623046875 0.01953125 0.0234375
0 0.32421875 0.6142578125 0.02734375 0.029296875
0 0.1845703125 0.60546875 0.017578125 0.0234375
0 0.9892578125 0.59375 0.021484375 0.0234375
0 0.2490234375 0.5888671875 0.041015625 0.029296875
0 0.439453125 0.5908203125 0.03515625 0.044921875
0 0.11328125 0.5810546875 0.0234375 0.025390625
0 0.3212890625 0.5791015625 0.029296875 0.029296875
0 0.9130859375 0.5869140625 0.025390625 0.060546875
0 0.1845703125 0.572265625 0.021484375 0.03515625
0 0.0810546875 0.5654296875 0.017578125 0.025390625
0 0.515625 0.5693359375 0.0234375 0.037109375
0 0.9833984375 0.5595703125 0.025390625 0.021484375
0 0.251953125 0.5537109375 0.02734375 0.033203125
0 0.8974609375 0.541015625 0.033203125 0.015625
0 0.30859375 0.544921875 0.03125 0.03125
0 0.0986328125 0.5390625 0.025390625 0.01953125
0 0.98046875 0.5263671875 0.02734375 0.021484375
0 0.18359375 0.52734375 0.0234375 0.02734375
0 0.890625 0.5146484375 0.03515625 0.021484375
0 0.42578125 0.5234375 0.03125 0.0390625
0 0.2392578125 0.5166015625 0.025390625 0.025390625
0 0.5048828125 0.5146484375 0.029296875 0.037109375
0 0.087890625 0.50390625 0.02734375 0.01953125
0 0.2978515625 0.498046875 0.029296875 0.02734375
0 0.9775390625 0.4873046875 0.033203125 0.029296875
0 0.232421875 0.484375 0.03125 0.0234375
0 0.888671875 0.48046875 0.03125 0.0234375
0 0.1923828125 0.47265625 0.033203125 0.03515625
0 0.2919921875 0.4619140625 0.025390625 0.029296875
0 0.8818359375 0.455078125 0.037109375 0.0234375
0 0.9716796875 0.4521484375 0.029296875 0.021484375
0 0.4111328125 0.455078125 0.033203125 0.05078125
0 0.490234375 0.4462890625 0.02734375 0.041015625
0 0.2265625 0.4404296875 0.0390625 0.037109375
0 0.125 0.4384765625 0.02734375 0.033203125
0 0.3193359375 0.421875 0.021484375 0.0234375
0 0.8798828125 0.41796875 0.037109375 0.02734375
0 0.2890625 0.4189453125 0.0234375 0.033203125
0 0.970703125 0.416015625 0.02734375 0.03125
0 0.154296875 0.4052734375 0.0390625 0.037109375
0 0.9638671875 0.3759765625 0.029296875 0.021484375
0 0.8818359375 0.3798828125 0.025390625 0.029296875
0 0.18359375 0.3759765625 0.02734375 0.029296875
0 0.142578125 0.365234375 0.01953125 0.01953125
0 0.2978515625 0.3720703125 0.037109375 0.037109375
0 0.1044921875 0.361328125 0.017578125 0.01953125
0 0.4873046875 0.3740234375 0.033203125 0.052734375
0 0.9541015625 0.3447265625 0.017578125 0.025390625
0 0.216796875 0.3427734375 0.0234375 0.025390625
0 0.3984375 0.3486328125 0.02734375 0.044921875
0 0.876953125 0.3388671875 0.02734375 0.029296875
0 0.087890625 0.3232421875 0.02734375 0.025390625
0 0.9833984375 0.3193359375 0.021484375 0.033203125
0 0.267578125 0.310546875 0.01953125 0.015625
0 0.46875 0.3193359375 0.01953125 0.037109375
0 0.125 0.302734375 0.0234375 0.0234375
0 0.15625 0.298828125 0.02734375 0.03125
0 0.8623046875 0.2958984375 0.037109375 0.029296875
0 0.1923828125 0.2890625 0.025390625 0.03125
0 0.388671875 0.29296875 0.0234375 0.04296875
0 0.7802734375 0.2724609375 0.017578125 0.013671875
0 0.2265625 0.2802734375 0.02734375 0.029296875
0 0.26171875 0.275390625 0.02734375 0.0234375
0 0.3427734375 0.2763671875 0.033203125 0.044921875
0 0.5205078125 0.2568359375 0.029296875 0.021484375
0 0.8515625 0.2568359375 0.02734375 0.029296875
0 0.4462890625 0.26171875 0.021484375 0.04296875
0 0.015625 0.2470703125 0.03125 0.025390625
0 0.908203125 0.240234375 0.0234375 0.0234375
0 0.0478515625 0.240234375 0.021484375 0.0234375
0 0.783203125 0.2392578125 0.0234375 0.033203125
0 0.1083984375 0.224609375 0.017578125 0.015625
0 0.8173828125 0.1982421875 0.029296875 0.033203125
0 0.1396484375 0.1884765625 0.044921875 0.025390625
0 0.2880859375 0.181640625 0.033203125 0.01953125
0 0.20703125 0.1865234375 0.04296875 0.033203125
0 0.3310546875 0.1767578125 0.041015625 0.029296875
0 0.396484375 0.171875 0.0234375 0.03125
0 0.474609375 0.1552734375 0.01953125 0.025390625
0 0.0927734375 0.15625 0.029296875 0.03515625
0 0.9462890625 0.140625 0.052734375 0.046875
0 0.2919921875 0.12109375 0.029296875 0.02734375
0 0.078125 0.119140625 0.02734375 0.02734375
0 0.2080078125 0.11328125 0.017578125 0.0234375
0 0.9931640625 0.0986328125 0.013671875 0.025390625
0 0.82421875 0.0859375 0.0234375 0.02734375
0 0.2861328125 0.0703125 0.021484375 0.0390625
0 0.205078125 0.0634765625 0.0234375 0.029296875
0 0.4189453125 0.0576171875 0.029296875 0.021484375
0 0.86328125 0.05859375 0.0234375 0.02734375
0 0.7958984375 0.0322265625 0.025390625 0.021484375
0 0.9248046875 0.0224609375 0.029296875 0.021484375
0 0.2900390625 0.02734375 0.029296875 0.03125
0 0.205078125 0.017578125 0.0234375 0.03125
0 0.9541015625 0.0087890625 0.029296875 0.017578125
0 0.8291015625 0.0087890625 0.033203125 0.017578125