0 0.982421875 0.9931640625 0.01953125 0.013671875
0 0.126953125 0.9853515625 0.02734375 0.025390625
0 0.7109375 0.9853515625 0.04296875 0.029296875
0 0.4150390625 0.9853515625 0.033203125 0.029296875
0 0.9072265625 0.974609375 0.021484375 0.0234375
0 0.197265625 0.9755859375 0.02734375 0.025390625
0 0.2919921875 0.9677734375 0.041015625 0.037109375
0 0.6357421875 0.9619140625 0.033203125 0.029296875
0 0.05078125 0.9609375 0.03125 0.02734375
0 0.494140625 0.966796875 0.0390625 0.05078125
0 0.3916015625 0.953125 0.025390625 0.03515625
0 0.765625 0.9501953125 0.03515625 0.037109375
0 0.259765625 0.9287109375 0.02734375 0.029296875
0 0.107421875 0.9208984375 0.02734375 0.025390625
0 0.83203125 0.921875 0.0390625 0.04296875
0 0.615234375 0.919921875 0.0390625 0.04296875
0 0.3671875 0.9150390625 0.0390625 0.037109375
0 0.904296875 0.912109375 0.01953125 0.03515625
0 0.2958984375 0.9111328125 0.033203125 0.037109375
0 0.71875 0.9052734375 0.0234375 0.029296875
0 0.4755859375 0.8857421875 0.021484375 0.021484375
0 0.1513671875 0.890625 0.025390625 0.03515625
0 0.59765625 0.884765625 0.03515625 0.03125
0 0.9658203125 0.8798828125 0.021484375 0.025390625
0 0.333984375 0.875 0.04296875 0.03515625
0 0.8857421875 0.8671875 0.029296875 0.0234375
0 0.6923828125 0.87109375 0.025390625 0.03515625
0 0.01171875 0.86328125 0.0234375 0.01953125
0 0.455078125 0.861328125 0.02734375 0.03515625
0 0.5791015625 0.845703125 0.029296875 0.03125
0 0.2265625 0.8408203125 0.04296875 0.033203125
0 0.0703125 0.833984375 0.03515625 0.03515625
0 0.66796875 0.830078125 0.02734375 0.03125
0 0.4169921875 0.8291015625 0.041015625 0.041015625
0 0.126953125 0.82421875 0.0390625 0.03125
0 0.50390625 0.822265625 0.03125 0.0390625
0 0.8525390625 0.814453125 0.025390625 0.02734375
0 0.001953125 0.796875 0.00390625 0.00390625
0 0.5576171875 0.806640625 0.033203125 0.03125
0 0.9365234375 0.806640625 0.033203125 0.03515625
0 0.64453125 0.798828125 0.02734375 0.0390625
0 0.3271484375 0.78515625 0.037109375 0.03125
0 0.1923828125 0.779296875 0.021484375 0.0234375
0 0.53125 0.76953125 0.04296875 0.03515625
0 0.087890625 0.75390625 0.046875 0.03515625
0 0.041015625 0.75390625 0.02734375 0.03515625
0 0.8125 0.73828125 0.01953125 0.01953125
0 0.248046875 0.7392578125 0.03125 0.033203125
0 0.6240234375 0.728515625 0.041015625 0.02734375
0 0.375 0.7294921875 0.03125 0.033203125
0 0.689453125 0.7177734375 0.04296875 0.021484375
0 0.1640625 0.7158203125 0.02734375 0.029296875
0 0.0849609375 0.7119140625 0.021484375 0.021484375
0 0.73828125 0.70703125 0.02734375 0.0234375
0 0.3330078125 0.703125 0.021484375 0.01953125
0 0.279296875 0.705078125 0.01953125 0.0234375
0 0.4384765625 0.703125 0.048828125 0.03125
0 0.009765625 0.697265625 0.01953125 0.02734375
0 0.0771484375 0.6884765625 0.021484375 0.021484375
0 0.3544921875 0.6845703125 0.033203125 0.029296875
0 0.5068359375 0.67578125 0.025390625 0.0234375
0 0.31640625 0.6708984375 0.01953125 0.021484375
0 0.048828125 0.671875 0.03515625 0.03125
0 0.1455078125 0.669921875 0.033203125 0.04296875
0 0.4287109375 0.6494140625 0.033203125 0.025390625
0 0.337890625 0.6494140625 0.03125 0.025390625
0 0.5439453125 0.6494140625 0.037109375 0.037109375
0 0.609375 0.6357421875 0.0234375 0.029296875
0 0.576171875 0.6279296875 0.0234375 0.021484375
0 0.70703125 0.6201171875 0.02734375 0.021484375
0 0.12890625 0.62109375 0.0234375 0.0234375
0 0.763671875 0.615234375 0.0390625 0.0234375
0 0.390625 0.61328125 0.01953125 0.01953125
0 0.029296875 0.6142578125 0.0234375 0.021484375
0 0.83203125 0.60546875 0.03125 0.0390625
0 0.6806640625 0.5947265625 0.021484375 0.025390625
0 0.4072265625 0.5947265625 0.029296875 0.037109375
0 0.583984375 0.5888671875 0.02734375 0.029296875
0 0.029296875 0.583984375 0.01953125 0.0234375
0 0.982421875 0.5888671875 0.03515625 0.037109375
0 0.111328125 0.5810546875 0.0234375 0.029296875
0 0.310546875 0.5927734375 0.04296875 0.056640625
0 0.015625 0.552734375 0.02734375 0.02734375
0 0.6494140625 0.5537109375 0.037109375 0.052734375
0 0.9501953125 0.537109375 0.029296875 0.02734375
0 0.0849609375 0.53515625 0.033203125 0.02734375
0 0.005859375 0.53125 0.01171875 0.01953125
0 0.375 0.51953125 0.03125 0.03515625
0 0.2841796875 0.509765625 0.021484375 0.0234375
0 0.5380859375 0.4970703125 0.037109375 0.037109375
0 0.06640625 0.48828125 0.0234375 0.02734375
0 0.255859375 0.484375 0.03125 0.0234375
0 0.333984375 0.4755859375 0.03125 0.033203125
0 0.2548828125 0.4599609375 0.033203125 0.029296875
0 0.728515625 0.4658203125 0.03125 0.044921875
0 0.6142578125 0.4697265625 0.033203125 0.052734375
0 0.0537109375 0.453125 0.025390625 0.0234375
0 0.37890625 0.453125 0.03125 0.03125
0 0.498046875 0.4541015625 0.03125 0.044921875
0 0.2333984375 0.4287109375 0.021484375 0.021484375
0 0.416015625 0.431640625 0.03125 0.03515625
0 0.96484375 0.4345703125 0.0625 0.064453125
0 0.0380859375 0.4091796875 0.025390625 0.021484375
0 0.3037109375 0.4013671875 0.025390625 0.025390625
0 0.59375 0.3935546875 0.02734375 0.025390625
0 0.021484375 0.3759765625 0.01953125 0.021484375
0 0.29296875 0.3759765625 0.0234375 0.025390625
0 0.2060546875 0.3681640625 0.025390625 0.041015625
0 0.5458984375 0.34765625 0.025390625 0.0234375
0 0.2724609375 0.3466796875 0.029296875 0.033203125
0 0.4599609375 0.3486328125 0.025390625 0.048828125
0 0.927734375 0.33203125 0.0390625 0.04296875
0 0.181640625 0.32421875 0.03515625 0.02734375
0 0.982421875 0.3154296875 0.03515625 0.029296875
0 0.2490234375 0.2880859375 0.029296875 0.025390625
0 0.1669921875 0.283203125 0.025390625 0.02734375
0 0.23046875 0.2451171875 0.02734375 0.033203125
0 0.0146484375 0.2001953125 0.025390625 0.025390625
0 0.078125 0.1689453125 0.03125 0.041015625
0 0.181640625 0.109375 0.0234375 0.02734375
0 0.029296875 0.091796875 0.03515625 0.03125
0 0.3193359375 0.052734375 0.033203125 0.02734375
0 0.2626953125 0.0390625 0.029296875 0.0234375
0 0.0576171875 0.02734375 0.029296875 0.03125
0 0.0185546875 0.01953125 0.025390625 0.03125
0 0.412109375 0.0068359375 0.0234375 0.013671875
0 0.1220703125 0.0068359375 0.029296875 0.013671875