0 0.501953125 0.990234375 0.02734375 0.01953125
0 0.615234375 0.98828125 0.01953125 0.01953125
0 0.5361328125 0.982421875 0.037109375 0.03125
0 0.5791015625 0.9658203125 0.029296875 0.029296875
0 0.3173828125 0.951171875 0.017578125 0.02734375
0 0.6435546875 0.94921875 0.025390625 0.03125
0 0.37890625 0.9443359375 0.03125 0.021484375
0 0.423828125 0.9384765625 0.02734375 0.017578125
0 0.2802734375 0.94140625 0.025390625 0.03125
0 0.2578125 0.91015625 0.0234375 0.01953125
0 0.7236328125 0.9091796875 0.025390625 0.025390625
0 0.5166015625 0.91015625 0.021484375 0.02734375
0 0.5517578125 0.8935546875 0.017578125 0.025390625
0 0.7919921875 0.873046875 0.021484375 0.015625
0 0.634765625 0.8681640625 0.03125 0.025390625
0 0.744140625 0.8515625 0.01953125 0.01953125
0 0.572265625 0.8125 0.01171875 0.015625
0 0.0048828125 0.7978515625 0.009765625 0.021484375
0 0.658203125 0.7919921875 0.0234375 0.025390625
0 0.7392578125 0.7880859375 0.017578125 0.021484375
0 0.58984375 0.7783203125 0.01953125 0.029296875
0 0.55859375 0.7783203125 0.01953125 0.033203125
0 0.2060546875 0.880859375 0.099609375 0.23828125
0 0.4765625 0.76953125 0.03515625 0.01953125
0 0.40234375 0.765625 0.03125 0.0234375
0 0.333984375 0.7666015625 0.01953125 0.025390625
0 0.2861328125 0.7666015625 0.021484375 0.037109375
0 0.376953125 0.751953125 0.01171875 0.015625
0 0.7333984375 0.7333984375 0.025390625 0.025390625
0 0.615234375 0.720703125 0.015625 0.01953125
0 0.6640625 0.720703125 0.0234375 0.03125
0 0.568359375 0.71484375 0.015625 0.0234375
0 0.5224609375 0.70703125 0.037109375 0.02734375
0 0.7197265625 0.6982421875 0.017578125 0.013671875
0 0.28515625 0.693359375 0.02734375 0.01953125
0 0.2431640625 0.693359375 0.029296875 0.01953125
0 0.3271484375 0.69140625 0.025390625 0.01953125
0 0.1767578125 0.6953125 0.060546875 0.02734375
0 0.396484375 0.69140625 0.03125 0.03515625
0 0.44921875 0.681640625 0.03125 0.0234375
0 0.2822265625 0.6728515625 0.013671875 0.009765625
0 0.62109375 0.673828125 0.03125 0.02734375
0 0.068359375 0.6767578125 0.0546875 0.037109375
0 0.6494140625 0.6572265625 0.013671875 0.013671875
0 0.138671875 0.6533203125 0.0234375 0.037109375
0 0.6484375 0.62890625 0.01953125 0.01953125
0 0.1630859375 0.619140625 0.021484375 0.015625
0 0.0166015625 0.6318359375 0.033203125 0.041015625
0 0.7470703125 0.62109375 0.072265625 0.0234375
0 0.0751953125 0.6171875 0.025390625 0.0234375
0 0.6376953125 0.6083984375 0.033203125 0.017578125
0 0.1298828125 0.6064453125 0.033203125 0.025390625
0 0.115234375 0.5693359375 0.0234375 0.025390625
0 0.1630859375 0.55859375 0.025390625 0.01953125
0 0.0712890625 0.5634765625 0.029296875 0.029296875
0 0.8046875 0.578125 0.0234375 0.08203125
0 0.00390625 0.537109375 0.0078125 0.015625
0 0.73828125 0.546875 0.06640625 0.0390625
0 0.6396484375 0.53125 0.017578125 0.02734375
0 0.5830078125 0.5234375 0.037109375 0.03125
0 0.1220703125 0.4619140625 0.021484375 0.021484375
0 0.7333984375 0.4736328125 0.060546875 0.048828125
0 0.232421875 0.4296875 0.015625 0.015625
0 0.7978515625 0.4189453125 0.025390625 0.115234375
0 0.20703125 0.3720703125 0.015625 0.021484375
0 0.03515625 0.3720703125 0.03125 0.029296875
0 0.7294921875 0.375 0.068359375 0.05078125
0 0.0791015625 0.3564453125 0.029296875 0.021484375
0 0.1533203125 0.34765625 0.021484375 0.03125
0 0.1806640625 0.337890625 0.021484375 0.03125
0 0.2099609375 0.3349609375 0.021484375 0.029296875
0 0.0537109375 0.29296875 0.017578125 0.0234375
0 0.7265625 0.298828125 0.06640625 0.0390625
0 0.0849609375 0.287109375 0.029296875 0.0234375
0 0.26953125 0.275390625 0.015625 0.0234375
0 0.03515625 0.271484375 0.01171875 0.015625
0 0.169921875 0.2734375 0.01953125 0.0234375
0 0.1376953125 0.2763671875 0.025390625 0.029296875
0 0.205078125 0.259765625 0.02734375 0.03515625
0 0.3720703125 0.2509765625 0.025390625 0.025390625
0 0.416015625 0.240234375 0.0234375 0.03125
0 0.505859375 0.232421875 0.0234375 0.01953125
0 0.4697265625 0.2333984375 0.025390625 0.025390625
0 0.2802734375 0.21484375 0.029296875 0.01953125
0 0.6259765625 0.2392578125 0.052734375 0.087890625
0 0.7919921875 0.244140625 0.025390625 0.1171875
0 0.55078125 0.1904296875 0.02734375 0.025390625
0 0.7236328125 0.19140625 0.076171875 0.0390625
0 0.4013671875 0.1826171875 0.021484375 0.021484375
0 0.3408203125 0.1728515625 0.025390625 0.017578125
0 0.2763671875 0.171875 0.017578125 0.01953125
0 0.470703125 0.169921875 0.01953125 0.02734375
0 0.3134765625 0.14453125 0.021484375 0.015625
0 0.7919921875 0.1484375 0.013671875 0.02734375
0 0.384765625 0.140625 0.02734375 0.01953125
0 0.2734375 0.134765625 0.01953125 0.015625
0 0.54296875 0.1357421875 0.02734375 0.029296875
0 0.453125 0.134765625 0.03125 0.02734375
0 0.1552734375 0.1611328125 0.060546875 0.091796875
0 0.7080078125 0.1220703125 0.064453125 0.041015625
0 0.2666015625 0.1083984375 0.029296875 0.021484375
0 0.3779296875 0.111328125 0.021484375 0.03125
0 0.44921875 0.0947265625 0.0234375 0.025390625
0 0.5341796875 0.09375 0.029296875 0.03125
0 0.3173828125 0.0908203125 0.021484375 0.025390625
0 0.3740234375 0.078125 0.021484375 0.0234375
0 0.998046875 0.0654296875 0.00390625 0.005859375
0 0.1865234375 0.0615234375 0.021484375 0.025390625
0 0.4345703125 0.0498046875 0.025390625 0.025390625
0 0.361328125 0.046875 0.0234375 0.0234375
0 0.7783203125 0.072265625 0.025390625 0.09375
0 0.2431640625 0.0341796875 0.025390625 0.021484375
0 0.5166015625 0.025390625 0.021484375 0.03125
0 0.2978515625 0.021484375 0.021484375 0.0234375
0 0.2734375 0.0263671875 0.01953125 0.033203125
0 0.947265625 0.00390625 0.015625 0.0078125
0 0.69921875 0.0263671875 0.09375 0.052734375
0 0.6123046875 0.08984375 0.064453125 0.1796875
0 0.3544921875 0.01171875 0.021484375 0.0234375
0 0.23046875 0.009765625 0.015625 0.01953125
0 0.1806640625 0.0029296875 0.017578125 0.005859375
0 0.078125 0.0732421875 0.1328125 0.146484375