0 0.671875 0.681640625 0.0703125 0.02734375
0 0.3984375 0.439453125 0.03125 0.0234375
0 0.4482421875 0.443359375 0.041015625 0.0390625
0 0.4921875 0.4248046875 0.0390625 0.029296875
0 0.353515625 0.421875 0.03515625 0.03125
0 0.53515625 0.392578125 0.0234375 0.02734375
0 0.314453125 0.3876953125 0.03125 0.033203125
0 0.408203125 0.345703125 0.04296875 0.03515625
0 0.2880859375 0.34375 0.033203125 0.03515625
0 0.5908203125 0.3388671875 0.037109375 0.029296875
0 0.46875 0.3349609375 0.0234375 0.029296875
0 0.625 0.3154296875 0.03515625 0.033203125
0 0.3701171875 0.310546875 0.025390625 0.03125
0 0.279296875 0.302734375 0.02734375 0.03125
0 0.65234375 0.2861328125 0.0234375 0.025390625
0 0.533203125 0.275390625 0.01953125 0.03125
0 0.490234375 0.2626953125 0.03515625 0.033203125
0 0.693359375 0.259765625 0.02734375 0.03515625
0 0.271484375 0.2587890625 0.0234375 0.033203125
0 0.4375 0.24609375 0.03125 0.03125
0 0.7333984375 0.234375 0.025390625 0.0234375
0 0.2138671875 0.2255859375 0.021484375 0.021484375
0 0.771484375 0.2236328125 0.0234375 0.021484375
0 0.388671875 0.2255859375 0.03125 0.025390625
0 0.8251953125 0.208984375 0.037109375 0.0234375
0 0.2548828125 0.2109375 0.041015625 0.03515625
0 0.060546875 0.201171875 0.03515625 0.03515625
0 0.3505859375 0.197265625 0.029296875 0.03125
0 0.87890625 0.19140625 0.03125 0.0234375
0 0.0107421875 0.1943359375 0.021484375 0.033203125
0 0.5419921875 0.181640625 0.029296875 0.0234375
0 0.5888671875 0.1806640625 0.037109375 0.025390625
0 0.4990234375 0.1767578125 0.025390625 0.017578125
0 0.9873046875 0.173828125 0.025390625 0.0234375
0 0.9404296875 0.17578125 0.025390625 0.03125
0 0.6328125 0.1708984375 0.03125 0.029296875
0 0.677734375 0.1640625 0.02734375 0.0234375
0 0.251953125 0.1669921875 0.02734375 0.037109375
0 0.720703125 0.1513671875 0.03125 0.025390625
0 0.4501953125 0.15625 0.029296875 0.03515625
0 0.765625 0.134765625 0.02734375 0.0234375
0 0.4130859375 0.134765625 0.041015625 0.02734375
0 0.064453125 0.1318359375 0.03125 0.025390625
0 0.8125 0.1201171875 0.03515625 0.021484375
0 0.2451171875 0.1201171875 0.025390625 0.033203125
0 0.85546875 0.109375 0.03125 0.0234375
0 0.37890625 0.103515625 0.02734375 0.03125
0 0.0224609375 0.095703125 0.037109375 0.03125
0 0.8955078125 0.09375 0.033203125 0.03125
0 0.5556640625 0.0712890625 0.025390625 0.017578125
0 0.2353515625 0.0732421875 0.021484375 0.029296875
0 0.9345703125 0.076171875 0.025390625 0.0390625
0 0.60546875 0.0673828125 0.03515625 0.025390625
0 0.0419921875 0.0615234375 0.025390625 0.025390625
0 0.5048828125 0.060546875 0.033203125 0.02734375
0 0.345703125 0.064453125 0.03125 0.03515625
0 0.6455078125 0.0625 0.033203125 0.03515625
0 0.689453125 0.046875 0.0234375 0.01953125
0 0.4619140625 0.0390625 0.025390625 0.03515625
0 0.0673828125 0.03515625 0.029296875 0.02734375
0 0.7373046875 0.0341796875 0.029296875 0.033203125
0 0.2255859375 0.033203125 0.029296875 0.0390625
0 0.3251953125 0.0283203125 0.029296875 0.033203125
0 0.77734375 0.0185546875 0.03515625 0.029296875
0 0.001953125 0.0068359375 0.00390625 0.005859375
0 0.99609375 0.0078125 0.0078125 0.015625
0 0.912109375 0.00390625 0.01171875 0.0078125
0 0.8525390625 0.0048828125 0.013671875 0.009765625
0 0.8212890625 0.0087890625 0.021484375 0.017578125
0 0.4326171875 0.0087890625 0.017578125 0.017578125
0 0.2216796875 0.0029296875 0.013671875 0.005859375
0 0.1083984375 0.01171875 0.029296875 0.0234375