0 0.525390625 0.205078125 0.015625 0.0234375
0 0.486328125 0.203125 0.03125 0.03125
0 0.5478515625 0.1787109375 0.017578125 0.013671875
0 0.435546875 0.1806640625 0.05859375 0.041015625
0 0.5810546875 0.173828125 0.041015625 0.03515625
0 0.3583984375 0.1591796875 0.037109375 0.044921875
0 0.587890625 0.13671875 0.03515625 0.0234375
0 0.51953125 0.1357421875 0.0234375 0.025390625
0 0.3046875 0.134765625 0.03515625 0.03125
0 0.4599609375 0.1259765625 0.029296875 0.025390625
0 0.57421875 0.1142578125 0.03125 0.025390625
0 0.5615234375 0.1015625 0.017578125 0.015625
0 0.2705078125 0.1044921875 0.025390625 0.029296875
0 0.4208984375 0.1064453125 0.037109375 0.041015625
0 0.3798828125 0.09375 0.029296875 0.0390625
0 0.34765625 0.0830078125 0.0234375 0.029296875
0 0.54296875 0.0751953125 0.02734375 0.029296875
0 0.4931640625 0.0869140625 0.056640625 0.060546875
0 0.447265625 0.0576171875 0.0234375 0.021484375
0 0.2138671875 0.0703125 0.056640625 0.05078125
0 0.2685546875 0.048828125 0.025390625 0.02734375
0 0.373046875 0.044921875 0.03515625 0.02734375
0 0.296875 0.0537109375 0.03125 0.052734375
0 0.525390625 0.0419921875 0.03515625 0.033203125
0 0.4345703125 0.0341796875 0.029296875 0.029296875
0 0.2490234375 0.02734375 0.029296875 0.02734375
0 0.4755859375 0.0185546875 0.017578125 0.017578125
0 0.501953125 0.0205078125 0.03125 0.029296875
0 0.32421875 0.0224609375 0.03515625 0.033203125
0 0.47265625 0.00390625 0.01171875 0.0078125
0 0.40234375 0.013671875 0.0390625 0.02734375
0 0.24609375 0.0029296875 0.015625 0.005859375
0 0.20703125 0.0068359375 0.0234375 0.013671875
0 0.1025390625 0.0078125 0.021484375 0.015625
0 0.076171875 0.00390625 0.01171875 0.0078125