0 0.01953125 0.88671875 0.02734375 0.046875
0 0.068359375 0.8603515625 0.0546875 0.044921875
0 0.0078125 0.8251953125 0.015625 0.037109375
0 0.048828125 0.80859375 0.046875 0.02734375
0 0.068359375 0.759765625 0.02734375 0.046875
0 0.0322265625 0.724609375 0.044921875 0.02734375
0 0.001953125 0.4775390625 0.00390625 0.009765625
0 0.0302734375 0.43359375 0.025390625 0.05078125
0 0.06640625 0.400390625 0.046875 0.0234375
0 0.099609375 0.36328125 0.0234375 0.04296875
0 0.0517578125 0.345703125 0.044921875 0.02734375
0 0.009765625 0.33203125 0.01953125 0.046875