0 0.998046875 0.923828125 0.00390625 0.00390625
0 0.9765625 0.912109375 0.03125 0.03515625
0 0.919921875 0.8896484375 0.02734375 0.033203125
0 0.892578125 0.8798828125 0.02734375 0.025390625
0 0.908203125 0.8662109375 0.01953125 0.017578125
0 0.8330078125 0.8603515625 0.025390625 0.033203125
0 0.99609375 0.8330078125 0.0078125 0.017578125
0 0.8505859375 0.81640625 0.017578125 0.015625
0 0.9833984375 0.818359375 0.029296875 0.03515625
0 0.3427734375 0.814453125 0.021484375 0.03125
0 0.3154296875 0.806640625 0.021484375 0.0234375
0 0.9443359375 0.7900390625 0.025390625 0.025390625
0 0.3994140625 0.7958984375 0.021484375 0.037109375
0 0.2685546875 0.79296875 0.029296875 0.0390625
0 0.828125 0.78125 0.0234375 0.02734375
0 0.7431640625 0.77734375 0.021484375 0.0234375
0 0.921875 0.7744140625 0.02734375 0.025390625
0 0.8056640625 0.76171875 0.017578125 0.015625
0 0.4560546875 0.7626953125 0.025390625 0.029296875
0 0.216796875 0.7646484375 0.0234375 0.033203125
0 0.689453125 0.7529296875 0.02734375 0.041015625
0 0.46484375 0.736328125 0.01953125 0.0234375
0 0.9755859375 0.7314453125 0.033203125 0.021484375
0 0.357421875 0.736328125 0.02734375 0.03125
0 0.18359375 0.7392578125 0.02734375 0.037109375
0 0.294921875 0.7265625 0.0234375 0.0234375
0 0.8291015625 0.728515625 0.041015625 0.0390625
0 0.787109375 0.720703125 0.02734375 0.02734375
0 0.5751953125 0.72265625 0.033203125 0.03125
0 0.634765625 0.7236328125 0.02734375 0.041015625
0 0.40234375 0.7119140625 0.01953125 0.017578125
0 0.52734375 0.712890625 0.0234375 0.02734375
0 0.72265625 0.7119140625 0.01953125 0.037109375
0 0.46875 0.7041015625 0.0234375 0.021484375
0 0.0439453125 0.7041015625 0.017578125 0.021484375
0 0.669921875 0.7041015625 0.0234375 0.025390625
0 0.0126953125 0.703125 0.021484375 0.0234375
0 0.404296875 0.6904296875 0.02734375 0.017578125
0 0.240234375 0.69140625 0.02734375 0.02734375
0 0.4755859375 0.68359375 0.029296875 0.0234375
0 0.1455078125 0.6884765625 0.025390625 0.033203125
0 0.0859375 0.6806640625 0.02734375 0.025390625
0 0.171875 0.6611328125 0.03515625 0.029296875
0 0.8388671875 0.654296875 0.017578125 0.01953125
0 0.32421875 0.658203125 0.03515625 0.02734375
0 0.8798828125 0.654296875 0.029296875 0.02734375
0 0.2509765625 0.6533203125 0.041015625 0.033203125
0 0.3466796875 0.6376953125 0.017578125 0.017578125
0 0.423828125 0.638671875 0.0234375 0.0234375
0 0.09765625 0.638671875 0.0234375 0.0234375
0 0.931640625 0.6474609375 0.0390625 0.044921875
0 0.9921875 0.62890625 0.015625 0.01953125
0 0.732421875 0.626953125 0.0234375 0.01953125
0 0.7734375 0.634765625 0.0234375 0.0390625
0 0.3916015625 0.6279296875 0.021484375 0.025390625
0 0.8642578125 0.6201171875 0.013671875 0.013671875
0 0.1845703125 0.6259765625 0.025390625 0.025390625
0 0.697265625 0.6220703125 0.02734375 0.025390625
0 0.66796875 0.6181640625 0.015625 0.021484375
0 0.2607421875 0.6240234375 0.025390625 0.033203125
0 0.0126953125 0.62109375 0.025390625 0.02734375
0 0.3642578125 0.61328125 0.025390625 0.02734375
0 0.603515625 0.6083984375 0.0234375 0.021484375
0 0.8408203125 0.6123046875 0.021484375 0.033203125
0 0.33203125 0.6103515625 0.02734375 0.029296875
0 0.5615234375 0.6015625 0.017578125 0.01953125
0 0.5263671875 0.59375 0.021484375 0.0234375
0 0.107421875 0.5966796875 0.0390625 0.029296875
0 0.9912109375 0.591796875 0.017578125 0.0234375
0 0.01953125 0.5908203125 0.0234375 0.025390625
0 0.7734375 0.5888671875 0.0234375 0.025390625
0 0.4921875 0.5888671875 0.0234375 0.025390625
0 0.2705078125 0.5888671875 0.021484375 0.025390625
0 0.19140625 0.58984375 0.02734375 0.03125
0 0.923828125 0.578125 0.0234375 0.0234375
0 0.8447265625 0.5771484375 0.033203125 0.025390625
0 0.4306640625 0.572265625 0.033203125 0.03515625
0 0.0302734375 0.56640625 0.025390625 0.0234375
0 0.669921875 0.5634765625 0.0234375 0.021484375
0 0.1171875 0.5654296875 0.03125 0.025390625
0 0.76953125 0.5576171875 0.0234375 0.017578125
0 0.6025390625 0.5595703125 0.017578125 0.021484375
0 0.5712890625 0.5517578125 0.013671875 0.013671875
0 0.541015625 0.5546875 0.015625 0.01953125
0 0.28125 0.5595703125 0.03515625 0.029296875
0 0.2119140625 0.5556640625 0.033203125 0.029296875
0 0.4091796875 0.5537109375 0.048828125 0.033203125
0 0.8369140625 0.5458984375 0.033203125 0.021484375
0 0.9189453125 0.5419921875 0.037109375 0.021484375
0 0.041015625 0.5400390625 0.02734375 0.025390625
0 0.98828125 0.53515625 0.0234375 0.01953125
0 0.373046875 0.5419921875 0.03125 0.033203125
0 0.12890625 0.537109375 0.03515625 0.02734375
0 0.765625 0.53125 0.01953125 0.01953125
0 0.671875 0.5302734375 0.03125 0.017578125
0 0.5009765625 0.5322265625 0.033203125 0.021484375
0 0.6015625 0.5234375 0.01953125 0.01953125
0 0.2119140625 0.525390625 0.025390625 0.0234375
0 0.8388671875 0.5166015625 0.033203125 0.025390625
0 0.42578125 0.5166015625 0.03515625 0.025390625
0 0.048828125 0.5107421875 0.0234375 0.025390625
0 0.9208984375 0.5068359375 0.021484375 0.021484375
0 0.345703125 0.5107421875 0.03515625 0.037109375
0 0.138671875 0.5078125 0.0390625 0.03125
0 0.498046875 0.5009765625 0.0234375 0.021484375
0 0.3974609375 0.4990234375 0.013671875 0.017578125
0 0.9873046875 0.5029296875 0.021484375 0.029296875
0 0.6728515625 0.4990234375 0.033203125 0.021484375
0 0.7587890625 0.4990234375 0.037109375 0.025390625
0 0.5947265625 0.4970703125 0.025390625 0.025390625
0 0.4326171875 0.486328125 0.021484375 0.01953125
0 0.2294921875 0.4912109375 0.037109375 0.029296875
0 0.830078125 0.4853515625 0.01953125 0.021484375
0 0.326171875 0.48828125 0.03125 0.02734375
0 0.9150390625 0.482421875 0.029296875 0.01953125
0 0.05859375 0.482421875 0.03125 0.0234375
0 0.1533203125 0.478515625 0.033203125 0.02734375
0 0.5029296875 0.46875 0.033203125 0.015625
0 0.6689453125 0.4697265625 0.029296875 0.025390625
0 0.7509765625 0.4658203125 0.037109375 0.021484375
0 0.5947265625 0.46484375 0.025390625 0.01953125
0 0.00390625 0.4599609375 0.0078125 0.017578125
0 0.82421875 0.458984375 0.0234375 0.01953125
0 0.4306640625 0.4599609375 0.037109375 0.021484375
0 0.3115234375 0.4599609375 0.021484375 0.021484375
0 0.162109375 0.4521484375 0.03125 0.029296875
0 0.9130859375 0.4443359375 0.025390625 0.017578125
0 0.3330078125 0.443359375 0.017578125 0.015625
0 0.984375 0.443359375 0.03125 0.0234375
0 0.501953125 0.44140625 0.02734375 0.01953125
0 0.755859375 0.4404296875 0.02734375 0.021484375
0 0.6689453125 0.4345703125 0.029296875 0.021484375
0 0.59765625 0.4345703125 0.01953125 0.021484375
0 0.431640625 0.4306640625 0.0390625 0.021484375
0 0.3056640625 0.4287109375 0.017578125 0.021484375
0 0.5615234375 0.419921875 0.013671875 0.015625
0 0.828125 0.423828125 0.03515625 0.02734375
0 0.544921875 0.42578125 0.015625 0.03125
0 0.1689453125 0.423828125 0.029296875 0.02734375
0 0.91015625 0.4169921875 0.02734375 0.021484375
0 0.72265625 0.4169921875 0.015625 0.021484375
0 0.5048828125 0.4052734375 0.029296875 0.017578125
0 0.109375 0.404296875 0.015625 0.015625
0 0.748046875 0.4052734375 0.02734375 0.025390625
0 0.6669921875 0.4033203125 0.029296875 0.021484375
0 0.4404296875 0.40234375 0.021484375 0.0234375
0 0.01171875 0.400390625 0.01953125 0.01953125
0 0.82421875 0.396484375 0.0234375 0.01953125
0 0.3037109375 0.3955078125 0.021484375 0.017578125
0 0.1787109375 0.3984375 0.033203125 0.02734375
0 0.333984375 0.38671875 0.01953125 0.01171875
0 0.908203125 0.3857421875 0.02734375 0.017578125
0 0.5400390625 0.3818359375 0.013671875 0.017578125
0 0.990234375 0.380859375 0.01953125 0.01953125
0 0.0966796875 0.380859375 0.029296875 0.0234375
0 0.669921875 0.3779296875 0.03515625 0.021484375
0 0.59375 0.3779296875 0.0234375 0.021484375
0 0.7509765625 0.376953125 0.025390625 0.0234375
0 0.505859375 0.3759765625 0.02734375 0.021484375
0 0.01953125 0.373046875 0.02734375 0.0234375
0 0.4306640625 0.369140625 0.033203125 0.01953125
0 0.189453125 0.3671875 0.0234375 0.02734375
0 0.818359375 0.36328125 0.02734375 0.0234375
0 0.30078125 0.359375 0.02734375 0.01953125
0 0.1328125 0.3583984375 0.01953125 0.025390625
0 0.90625 0.3564453125 0.02734375 0.025390625
0 0.9755859375 0.349609375 0.029296875 0.01953125
0 0.7451171875 0.34765625 0.033203125 0.0234375
0 0.6640625 0.3447265625 0.0234375 0.017578125
0 0.5068359375 0.341796875 0.025390625 0.02734375
0 0.44140625 0.3388671875 0.0234375 0.021484375
0 0.8154296875 0.3349609375 0.025390625 0.025390625
0 0.03515625 0.3359375 0.03515625 0.02734375
0 0.904296875 0.3291015625 0.01953125 0.021484375
0 0.8603515625 0.326171875 0.013671875 0.01953125
0 0.3037109375 0.3271484375 0.029296875 0.021484375
0 0.2021484375 0.3310546875 0.037109375 0.037109375
0 0.9755859375 0.3212890625 0.033203125 0.021484375
0 0.7421875 0.3173828125 0.03125 0.021484375
0 0.6611328125 0.3134765625 0.025390625 0.021484375
0 0.814453125 0.306640625 0.01953125 0.02734375
0 0.5888671875 0.3037109375 0.041015625 0.025390625
0 0.9013671875 0.298828125 0.021484375 0.01953125
0 0.52734375 0.3017578125 0.06640625 0.025390625
0 0.1513671875 0.28515625 0.017578125 0.01953125
0 0.447265625 0.28125 0.0234375 0.02734375
0 0.390625 0.28515625 0.01953125 0.03515625
0 0.7041015625 0.2841796875 0.056640625 0.037109375
0 0.1884765625 0.2783203125 0.025390625 0.025390625
0 0.0390625 0.287109375 0.05859375 0.046875
0 0.21875 0.2861328125 0.03515625 0.048828125
0 0.2978515625 0.275390625 0.033203125 0.03125
0 0.97265625 0.279296875 0.0546875 0.04296875
0 0.8798828125 0.27734375 0.083984375 0.046875
0 0.1357421875 0.2607421875 0.021484375 0.029296875
0 0.0087890625 0.2607421875 0.017578125 0.033203125
0 0.806640625 0.2529296875 0.0234375 0.037109375
0 0.447265625 0.197265625 0.02734375 0.02734375
0 0.30078125 0.1953125 0.015625 0.0234375
0 0.2294921875 0.1904296875 0.017578125 0.025390625
0 0.1982421875 0.1865234375 0.013671875 0.021484375
0 0.2744140625 0.19140625 0.029296875 0.046875
0 0.63671875 0.1796875 0.01953125 0.03125
0 0.57421875 0.171875 0.04296875 0.03515625
0 0.0556640625 0.15234375 0.025390625 0.0234375
0 0.30078125 0.146484375 0.01171875 0.01953125
0 0.23046875 0.14453125 0.015625 0.015625
0 0.2734375 0.1435546875 0.01953125 0.025390625
0 0.9091796875 0.15625 0.095703125 0.0625
0 0.7109375 0.1494140625 0.0390625 0.060546875
0 0.37890625 0.1337890625 0.02734375 0.029296875
0 0.150390625 0.1552734375 0.078125 0.072265625
0 0.33203125 0.1162109375 0.0234375 0.029296875
0 0.384765625 0.107421875 0.0234375 0.015625
0 0.8818359375 0.1083984375 0.029296875 0.021484375
0 0.234375 0.1005859375 0.01171875 0.021484375
0 0.9560546875 0.08984375 0.021484375 0.02734375
0 0.796875 0.125 0.0859375 0.10546875
0 0.4521484375 0.0712890625 0.017578125 0.017578125
0 0.2861328125 0.0751953125 0.025390625 0.033203125
0 0.880859375 0.060546875 0.02734375 0.0234375
0 0.5009765625 0.05859375 0.025390625 0.02734375
0 0.34765625 0.0556640625 0.015625 0.021484375
0 0.3662109375 0.0546875 0.017578125 0.0234375
0 0.73828125 0.041015625 0.01953125 0.015625
0 0.404296875 0.0458984375 0.01953125 0.025390625
0 0.94921875 0.046875 0.02734375 0.03515625
0 0.8037109375 0.0322265625 0.029296875 0.021484375
0 0.8759765625 0.0234375 0.033203125 0.0234375
0 0.943359375 0.0146484375 0.03125 0.025390625
0 0.8037109375 0.0087890625 0.025390625 0.017578125
0 0.634765625 0.009765625 0.04296875 0.01953125
0 0.4970703125 0.00390625 0.017578125 0.0078125
0 0.462890625 0.017578125 0.0234375 0.03515625