0 0.6220703125 0.998046875 0.017578125 0.00390625
0 0.109375 0.99609375 0.015625 0.0078125
0 0.5556640625 0.990234375 0.029296875 0.01953125
0 0.4560546875 0.990234375 0.017578125 0.01953125
0 0.4814453125 0.9794921875 0.025390625 0.025390625
0 0.154296875 0.978515625 0.03125 0.02734375
0 0.0166015625 0.9765625 0.029296875 0.02734375
0 0.2666015625 0.974609375 0.025390625 0.02734375
0 0.435546875 0.9599609375 0.01953125 0.017578125
0 0.0478515625 0.9580078125 0.033203125 0.029296875
0 0.515625 0.9443359375 0.02734375 0.025390625
0 0.0771484375 0.9375 0.037109375 0.03125
0 0.330078125 0.9384765625 0.04296875 0.037109375
0 0.2333984375 0.9287109375 0.041015625 0.029296875
0 0.6357421875 0.935546875 0.037109375 0.046875
0 0.001953125 0.9130859375 0.00390625 0.009765625
0 0.5498046875 0.91796875 0.029296875 0.02734375
0 0.5234375 0.908203125 0.015625 0.01953125
0 0.11328125 0.9111328125 0.03125 0.029296875
0 0.6669921875 0.90625 0.029296875 0.02734375
0 0.1572265625 0.892578125 0.025390625 0.0234375
0 0.4453125 0.8798828125 0.04296875 0.041015625
0 0.310546875 0.8798828125 0.03125 0.041015625
0 0.1884765625 0.8759765625 0.037109375 0.033203125
0 0.0341796875 0.875 0.037109375 0.03515625
0 0.3515625 0.8642578125 0.02734375 0.029296875
0 0.49609375 0.8564453125 0.03515625 0.029296875
0 0.0595703125 0.8564453125 0.029296875 0.033203125
0 0.615234375 0.8564453125 0.03515625 0.037109375
0 0.373046875 0.8466796875 0.03125 0.037109375
0 0.09375 0.837890625 0.03125 0.02734375
0 0.41015625 0.830078125 0.02734375 0.02734375
0 0.65625 0.8271484375 0.02734375 0.025390625
0 0.541015625 0.828125 0.0390625 0.03515625
0 0.43359375 0.81640625 0.0234375 0.02734375
0 0.294921875 0.8203125 0.03125 0.0390625
0 0.009765625 0.8125 0.01953125 0.0234375
0 0.1279296875 0.8134765625 0.025390625 0.029296875
0 0.580078125 0.8125 0.03125 0.03125
0 0.20703125 0.8193359375 0.03125 0.044921875
0 0.16015625 0.8017578125 0.03125 0.025390625
0 0.4658203125 0.79296875 0.025390625 0.0234375
0 0.03515625 0.7978515625 0.03515625 0.033203125
0 0.4990234375 0.7919921875 0.025390625 0.025390625
0 0.7998046875 0.8076171875 0.052734375 0.060546875
0 0.583984375 0.78125 0.02734375 0.0234375
0 0.341796875 0.7861328125 0.03515625 0.041015625
0 0.1923828125 0.78125 0.029296875 0.0390625
0 0.080078125 0.7783203125 0.04296875 0.037109375
0 0.6162109375 0.7587890625 0.021484375 0.021484375
0 0.392578125 0.7626953125 0.02734375 0.033203125
0 0.5244140625 0.7548828125 0.029296875 0.033203125
0 0.60546875 0.7421875 0.0234375 0.0234375
0 0.12890625 0.7431640625 0.02734375 0.029296875
0 0.55859375 0.7431640625 0.03125 0.037109375
0 0.001953125 0.728515625 0.00390625 0.0078125
0 0.2666015625 0.740234375 0.041015625 0.0390625
0 0.416015625 0.7275390625 0.0390625 0.029296875
0 0.6650390625 0.7255859375 0.029296875 0.033203125
0 0.5849609375 0.7158203125 0.037109375 0.029296875
0 0.2958984375 0.7197265625 0.033203125 0.037109375
0 0.1689453125 0.7197265625 0.041015625 0.037109375
0 0.466796875 0.708984375 0.03515625 0.0390625
0 0.0341796875 0.703125 0.033203125 0.03515625
0 0.646484375 0.6943359375 0.0234375 0.025390625
0 0.353515625 0.69140625 0.03125 0.03125
0 0.21484375 0.6845703125 0.03125 0.033203125
0 0.5068359375 0.6796875 0.033203125 0.03125
0 0.091796875 0.673828125 0.02734375 0.02734375
0 0.25390625 0.6689453125 0.04296875 0.037109375
0 0.3955078125 0.6669921875 0.033203125 0.037109375
0 0.130859375 0.6591796875 0.04296875 0.041015625
0 0.5498046875 0.654296875 0.037109375 0.046875
0 0.4296875 0.6484375 0.0390625 0.0390625
0 0.0068359375 0.642578125 0.013671875 0.02734375
0 0.296875 0.640625 0.02734375 0.02734375
0 0.47265625 0.625 0.03125 0.02734375
0 0.6083984375 0.6259765625 0.041015625 0.037109375
0 0.0322265625 0.6240234375 0.037109375 0.033203125
0 0.529296875 0.6162109375 0.0234375 0.021484375
0 0.3369140625 0.62109375 0.037109375 0.03125
0 0.1865234375 0.6181640625 0.029296875 0.029296875
0 0.2255859375 0.5986328125 0.029296875 0.033203125
0 0.658203125 0.6015625 0.05078125 0.046875
0 0.5869140625 0.5908203125 0.033203125 0.029296875
0 0.51171875 0.58984375 0.03125 0.02734375
0 0.083984375 0.5908203125 0.03125 0.029296875
0 0.4169921875 0.583984375 0.029296875 0.03125
0 0.2822265625 0.5693359375 0.033203125 0.037109375
0 0.4404296875 0.5673828125 0.029296875 0.037109375
0 0.14453125 0.560546875 0.02734375 0.02734375
0 0.5673828125 0.5556640625 0.025390625 0.025390625
0 0.1767578125 0.54296875 0.029296875 0.02734375
0 0.0478515625 0.5224609375 0.029296875 0.025390625
0 0.4716796875 0.521484375 0.025390625 0.03125
0 0.2080078125 0.521484375 0.033203125 0.03125
0 0.345703125 0.5244140625 0.03125 0.041015625
0 0.1337890625 0.5146484375 0.021484375 0.021484375
0 0.5341796875 0.5107421875 0.029296875 0.037109375
0 0.244140625 0.5078125 0.03125 0.03515625
0 0.556640625 0.498046875 0.03125 0.0390625
0 0.2685546875 0.4931640625 0.029296875 0.033203125
0 0.3955078125 0.4931640625 0.029296875 0.037109375
0 0.13671875 0.4814453125 0.03125 0.033203125
0 0.60546875 0.4736328125 0.02734375 0.029296875
0 0.3046875 0.4736328125 0.02734375 0.029296875
0 0.4345703125 0.4716796875 0.033203125 0.029296875
0 0.17578125 0.45703125 0.03515625 0.03125
0 0.3447265625 0.451171875 0.029296875 0.02734375
0 0.486328125 0.439453125 0.0234375 0.02734375
0 0.6171875 0.4375 0.0234375 0.02734375
0 0.228515625 0.4267578125 0.03515625 0.033203125
0 0.53125 0.4208984375 0.02734375 0.033203125
0 0.37890625 0.423828125 0.03125 0.0390625
0 0.404296875 0.4091796875 0.03125 0.037109375
0 0.26953125 0.40234375 0.03515625 0.03515625
0 0.5615234375 0.396484375 0.033203125 0.02734375
0 0.169921875 0.384765625 0.0234375 0.0234375
0 0.5966796875 0.384765625 0.029296875 0.03125
0 0.45703125 0.3837890625 0.03125 0.037109375
0 0.7578125 0.37890625 0.03125 0.03125
0 0.3076171875 0.375 0.029296875 0.03125
0 0.490234375 0.369140625 0.02734375 0.02734375
0 0.388671875 0.365234375 0.01953125 0.01953125
0 0.1923828125 0.37109375 0.029296875 0.03125
0 0.529296875 0.3447265625 0.0234375 0.029296875
0 0.3701171875 0.3369140625 0.029296875 0.033203125
0 0.5517578125 0.3359375 0.029296875 0.03515625
0 0.576171875 0.3212890625 0.02734375 0.029296875
0 0.4365234375 0.3232421875 0.029296875 0.033203125
0 0.6298828125 0.291015625 0.025390625 0.02734375
0 0.6025390625 0.2802734375 0.017578125 0.017578125
0 0.451171875 0.28515625 0.02734375 0.02734375
0 0.478515625 0.2763671875 0.01953125 0.021484375
0 0.0390625 0.2744140625 0.0234375 0.037109375
0 0.7646484375 0.2685546875 0.033203125 0.029296875
0 0.5244140625 0.25 0.033203125 0.03515625
0 0.671875 0.2490234375 0.03515625 0.037109375
0 0.423828125 0.228515625 0.02734375 0.03125
0 0.5751953125 0.21875 0.025390625 0.02734375
0 0.59765625 0.21484375 0.0234375 0.0234375
0 0.73046875 0.2109375 0.03125 0.02734375
0 0.1796875 0.19921875 0.078125 0.0703125
0 0.5078125 0.1796875 0.0390625 0.03515625
0 0.4169921875 0.1435546875 0.029296875 0.025390625
0 0.5595703125 0.140625 0.025390625 0.02734375
0 0.0556640625 0.1455078125 0.083984375 0.111328125