0 0.7451171875 0.99609375 0.025390625 0.0078125
0 0.4873046875 0.99609375 0.013671875 0.0078125
0 0.37890625 0.994140625 0.01953125 0.01171875
0 0.056640625 0.9931640625 0.02734375 0.013671875
0 0.9287109375 0.9921875 0.029296875 0.015625
0 0.791015625 0.9892578125 0.03515625 0.021484375
0 0.265625 0.9853515625 0.04296875 0.029296875
0 0.9521484375 0.966796875 0.017578125 0.01953125
0 0.5771484375 0.9697265625 0.037109375 0.041015625
0 0.4521484375 0.9677734375 0.037109375 0.037109375
0 0.65234375 0.9619140625 0.046875 0.033203125
0 0.712890625 0.9453125 0.03125 0.0234375
0 0.9892578125 0.943359375 0.021484375 0.0234375
0 0.4189453125 0.9443359375 0.029296875 0.029296875
0 0.888671875 0.947265625 0.02734375 0.046875
0 0.0146484375 0.9296875 0.013671875 0.01953125
0 0.3310546875 0.923828125 0.033203125 0.01953125
0 0.27734375 0.9228515625 0.03125 0.025390625
0 0.2255859375 0.9228515625 0.037109375 0.025390625
0 0.7744140625 0.9228515625 0.044921875 0.029296875
0 0.173828125 0.9228515625 0.03515625 0.029296875
0 0.552734375 0.91796875 0.03125 0.03125
0 0.1220703125 0.9150390625 0.021484375 0.025390625
0 0.666015625 0.904296875 0.015625 0.015625
0 0.5986328125 0.9052734375 0.033203125 0.029296875
0 0.8515625 0.892578125 0.05078125 0.03125
0 0.9423828125 0.8798828125 0.009765625 0.017578125
0 0.68359375 0.8818359375 0.0234375 0.029296875
0 0.9873046875 0.86328125 0.025390625 0.0234375
0 0.7470703125 0.861328125 0.037109375 0.02734375
0 0.2529296875 0.8505859375 0.013671875 0.013671875
0 0.3974609375 0.8505859375 0.017578125 0.021484375
0 0.22265625 0.8466796875 0.03125 0.017578125
0 0.796875 0.8486328125 0.02734375 0.025390625
0 0.484375 0.8466796875 0.02734375 0.021484375
0 0.439453125 0.84375 0.01953125 0.03125
0 0.359375 0.83984375 0.03125 0.03125
0 0.142578125 0.837890625 0.03125 0.02734375
0 0.2744140625 0.837890625 0.021484375 0.03125
0 0.1083984375 0.8359375 0.017578125 0.03125
0 0.02734375 0.830078125 0.01953125 0.01953125
0 0.91796875 0.8291015625 0.01953125 0.021484375
0 0.859375 0.8291015625 0.0390625 0.021484375
0 0.1748046875 0.83203125 0.025390625 0.03515625
0 0.05859375 0.8310546875 0.01953125 0.033203125
0 0.00390625 0.8291015625 0.0078125 0.029296875
0 0.580078125 0.818359375 0.0234375 0.02734375
0 0.5361328125 0.822265625 0.025390625 0.0390625
0 0.267578125 0.7958984375 0.0234375 0.029296875
0 0.2373046875 0.783203125 0.017578125 0.015625
0 0.978515625 0.7841796875 0.01953125 0.021484375
0 0.341796875 0.78515625 0.02734375 0.0234375
0 0.6904296875 0.7822265625 0.025390625 0.029296875
0 0.5283203125 0.7763671875 0.013671875 0.017578125
0 0.7353515625 0.7705078125 0.025390625 0.021484375
0 0.390625 0.7705078125 0.02734375 0.021484375
0 0.7021484375 0.7607421875 0.017578125 0.017578125
0 0.4326171875 0.7587890625 0.029296875 0.025390625
0 0.0888671875 0.767578125 0.033203125 0.05078125
0 0.666015625 0.74609375 0.01953125 0.02734375
0 0.4755859375 0.744140625 0.029296875 0.02734375
0 0.6474609375 0.732421875 0.009765625 0.01171875
0 0.7705078125 0.7314453125 0.017578125 0.021484375
0 0.26171875 0.740234375 0.0390625 0.0390625
0 0.8681640625 0.73828125 0.044921875 0.0390625
0 0.521484375 0.7314453125 0.03125 0.025390625
0 0.951171875 0.720703125 0.02734375 0.02734375
0 0.626953125 0.708984375 0.015625 0.01953125
0 0.3125 0.712890625 0.03125 0.02734375
0 0.7998046875 0.7255859375 0.048828125 0.095703125
0 0.3505859375 0.697265625 0.037109375 0.0390625
0 0.3955078125 0.6826171875 0.029296875 0.029296875
0 0.435546875 0.6728515625 0.02734375 0.025390625
0 0.8369140625 0.6708984375 0.072265625 0.041015625
0 0.4873046875 0.66015625 0.029296875 0.0234375
0 0.5947265625 0.6533203125 0.025390625 0.021484375
0 0.9970703125 0.6220703125 0.005859375 0.013671875
0 0.96875 0.591796875 0.03515625 0.02734375
0 0.681640625 0.6357421875 0.0546875 0.123046875
0 0.7333984375 0.6025390625 0.048828125 0.095703125
0 0.07421875 0.615234375 0.1484375 0.13671875
0 0.77734375 0.5869140625 0.046875 0.095703125
0 0.9443359375 0.5498046875 0.041015625 0.033203125
0 0.826171875 0.5830078125 0.05859375 0.123046875
0 0.5732421875 0.53515625 0.041015625 0.03515625
0 0.623046875 0.5126953125 0.06640625 0.041015625
0 0.921875 0.494140625 0.02734375 0.02734375
0 0.9921875 0.4931640625 0.015625 0.029296875
0 0.9755859375 0.4560546875 0.025390625 0.029296875
0 0.80078125 0.447265625 0.0234375 0.03515625
0 0.70703125 0.453125 0.01953125 0.09765625
0 0.9599609375 0.4228515625 0.029296875 0.041015625
0 0.7587890625 0.4423828125 0.021484375 0.095703125
0 0.9482421875 0.380859375 0.025390625 0.0390625
0 0.8671875 0.3916015625 0.01953125 0.095703125
0 0.998046875 0.326171875 0.00390625 0.0078125
0 0.177734375 0.3173828125 0.03125 0.021484375
0 0.998046875 0.30859375 0.00390625 0.015625
0 0.533203125 0.376953125 0.20703125 0.15625
0 0.388671875 0.3876953125 0.10546875 0.212890625
0 0.8037109375 0.3251953125 0.017578125 0.095703125
0 0.7568359375 0.3212890625 0.021484375 0.095703125
0 0.701171875 0.3115234375 0.0234375 0.095703125
0 0.8564453125 0.2919921875 0.017578125 0.064453125
0 0.9423828125 0.255859375 0.021484375 0.0390625
0 0.955078125 0.2060546875 0.01953125 0.021484375
0 0.9638671875 0.1748046875 0.025390625 0.041015625
0 0.8154296875 0.162109375 0.052734375 0.03515625
0 0.974609375 0.130859375 0.01953125 0.02734375
0 0.763671875 0.078125 0.0234375 0.0234375
0 0.9853515625 0.05859375 0.029296875 0.03125
0 0.7919921875 0.0439453125 0.025390625 0.044921875