0 0.8037109375 0.9970703125 0.021484375 0.005859375
0 0.62890625 0.9951171875 0.015625 0.009765625
0 0.609375 0.9912109375 0.01953125 0.017578125
0 0.4931640625 0.98828125 0.029296875 0.0234375
0 0.869140625 0.9853515625 0.01953125 0.021484375
0 0.8037109375 0.982421875 0.017578125 0.01953125
0 0.9453125 0.978515625 0.01953125 0.02734375
0 0.5322265625 0.9765625 0.025390625 0.0234375
0 0.59375 0.9658203125 0.0234375 0.029296875
0 0.63671875 0.9619140625 0.01953125 0.025390625
0 0.798828125 0.955078125 0.0234375 0.01953125
0 0.8662109375 0.9482421875 0.021484375 0.029296875
0 0.935546875 0.9365234375 0.03125 0.021484375
0 0.6728515625 0.9228515625 0.025390625 0.029296875
0 0.7978515625 0.919921875 0.017578125 0.03125
0 0.8642578125 0.9111328125 0.025390625 0.025390625
0 0.9365234375 0.904296875 0.025390625 0.01953125
0 0.712890625 0.900390625 0.02734375 0.02734375
0 0.857421875 0.8828125 0.01953125 0.01953125
0 0.9365234375 0.875 0.021484375 0.01953125
0 0.7666015625 0.8759765625 0.025390625 0.029296875
0 0.6318359375 0.8701171875 0.021484375 0.025390625
0 0.9951171875 0.8671875 0.009765625 0.0234375
0 0.794921875 0.859375 0.0234375 0.0234375
0 0.9951171875 0.828125 0.009765625 0.0234375
0 0.7275390625 0.828125 0.021484375 0.03125
0 0.86328125 0.8271484375 0.03515625 0.044921875
0 0.759765625 0.8173828125 0.03125 0.025390625
0 0.91015625 0.80078125 0.0234375 0.01953125
0 0.6484375 0.8115234375 0.02734375 0.041015625
0 0.9921875 0.798828125 0.015625 0.01953125
0 0.8076171875 0.78515625 0.021484375 0.0234375
0 0.7412109375 0.783203125 0.033203125 0.02734375
0 0.6943359375 0.78515625 0.029296875 0.03515625
0 0.830078125 0.7744140625 0.0234375 0.025390625
0 0.990234375 0.7587890625 0.01953125 0.033203125
0 0.7265625 0.751953125 0.02734375 0.02734375
0 0.8662109375 0.75 0.029296875 0.03125
0 0.7958984375 0.732421875 0.033203125 0.02734375
0 0.912109375 0.7255859375 0.03125 0.033203125
0 0.70703125 0.71875 0.0234375 0.0234375
0 0.935546875 0.7158203125 0.0234375 0.025390625
0 0.83984375 0.7109375 0.03515625 0.03125
0 0.6884765625 0.69140625 0.025390625 0.0234375
0 0.970703125 0.6923828125 0.02734375 0.029296875
0 0.89453125 0.6884765625 0.0234375 0.021484375
0 0.76171875 0.6884765625 0.02734375 0.025390625
0 0.64453125 0.681640625 0.0234375 0.0234375
0 0.8271484375 0.6826171875 0.033203125 0.029296875
0 0.796875 0.6728515625 0.0234375 0.025390625
0 0.89453125 0.6669921875 0.03125 0.025390625
0 0.6806640625 0.6669921875 0.025390625 0.029296875
0 0.9541015625 0.6494140625 0.025390625 0.025390625
0 0.7431640625 0.650390625 0.029296875 0.02734375
0 0.880859375 0.646484375 0.02734375 0.02734375
0 0.998046875 0.62890625 0.00390625 0.00390625
0 0.6796875 0.6337890625 0.0234375 0.025390625
0 0.8037109375 0.634765625 0.029296875 0.03125
0 0.6396484375 0.6171875 0.013671875 0.01953125
0 0.9912109375 0.6083984375 0.017578125 0.021484375
0 0.791015625 0.611328125 0.03125 0.02734375
0 0.7333984375 0.60546875 0.025390625 0.02734375
0 0.869140625 0.6083984375 0.0546875 0.037109375
0 0.6708984375 0.5966796875 0.025390625 0.029296875
0 0.7548828125 0.58984375 0.021484375 0.0234375
0 0.6376953125 0.5869140625 0.025390625 0.025390625
0 0.9150390625 0.5830078125 0.029296875 0.029296875
0 0.6767578125 0.572265625 0.013671875 0.015625
0 0.78125 0.5703125 0.01953125 0.0234375
0 0.6357421875 0.5625 0.025390625 0.01953125
0 0.8466796875 0.5595703125 0.041015625 0.017578125
0 0.9111328125 0.5517578125 0.029296875 0.025390625
0 0.72265625 0.546875 0.01953125 0.015625
0 0.97265625 0.552734375 0.0390625 0.04296875
0 0.63671875 0.5400390625 0.01953125 0.017578125
0 0.779296875 0.5234375 0.01953125 0.015625
0 0.759765625 0.525390625 0.015625 0.01953125
0 0.9619140625 0.5185546875 0.021484375 0.021484375
0 0.8974609375 0.517578125 0.041015625 0.0234375
0 0.6416015625 0.515625 0.021484375 0.01953125
0 0.720703125 0.51171875 0.0234375 0.015625
0 0.77734375 0.5029296875 0.02734375 0.021484375
0 0.830078125 0.501953125 0.0234375 0.0234375
0 0.72265625 0.4853515625 0.0234375 0.017578125
0 0.623046875 0.48828125 0.02734375 0.02734375
0 0.9931640625 0.4765625 0.013671875 0.01953125
0 0.78515625 0.4755859375 0.0234375 0.021484375
0 0.6142578125 0.462890625 0.017578125 0.015625
0 0.9638671875 0.45703125 0.025390625 0.01953125
0 0.9013671875 0.44921875 0.033203125 0.015625
0 0.83984375 0.4501953125 0.0234375 0.017578125
0 0.9892578125 0.4453125 0.021484375 0.0234375
0 0.7646484375 0.4453125 0.021484375 0.03125
0 0.91015625 0.4306640625 0.02734375 0.017578125
0 0.8515625 0.4287109375 0.03125 0.017578125
0 0.6015625 0.431640625 0.03125 0.0234375
0 0.66015625 0.4267578125 0.02734375 0.017578125
0 0.78515625 0.41796875 0.03125 0.0234375
0 0.876953125 0.4052734375 0.03515625 0.017578125
0 0.7158203125 0.408203125 0.029296875 0.0234375
0 0.66015625 0.4033203125 0.0234375 0.021484375
0 0.59375 0.4033203125 0.02734375 0.021484375
0 0.9697265625 0.3994140625 0.021484375 0.025390625
0 0.8505859375 0.388671875 0.017578125 0.01171875
0 0.7646484375 0.3916015625 0.021484375 0.017578125
0 0.658203125 0.3798828125 0.0234375 0.013671875
0 0.720703125 0.3798828125 0.03125 0.017578125
0 0.845703125 0.369140625 0.02734375 0.015625
0 0.79296875 0.3671875 0.01953125 0.01953125
0 0.646484375 0.359375 0.01953125 0.015625
0 0.921875 0.357421875 0.0234375 0.0234375
0 0.71484375 0.3544921875 0.02734375 0.025390625
0 0.998046875 0.341796875 0.00390625 0.0078125
0 0.7490234375 0.3388671875 0.013671875 0.013671875
0 0.8486328125 0.337890625 0.025390625 0.01953125
0 0.8798828125 0.3349609375 0.017578125 0.017578125
0 0.7900390625 0.3359375 0.033203125 0.0234375
0 0.525390625 0.337890625 0.01953125 0.02734375
0 0.9248046875 0.3330078125 0.021484375 0.021484375
0 0.59375 0.33984375 0.02734375 0.03515625
0 0.7646484375 0.3212890625 0.013671875 0.009765625
0 0.8505859375 0.314453125 0.021484375 0.01953125
0 0.9912109375 0.3134765625 0.017578125 0.021484375
0 0.9287109375 0.310546875 0.021484375 0.01953125
0 0.7958984375 0.3115234375 0.029296875 0.021484375
0 0.72265625 0.318359375 0.03515625 0.0390625
0 0.7509765625 0.296875 0.017578125 0.01171875
0 0.85546875 0.2919921875 0.03125 0.017578125
0 0.9892578125 0.2861328125 0.021484375 0.021484375
0 0.6591796875 0.291015625 0.052734375 0.03125
0 0.9365234375 0.2841796875 0.025390625 0.021484375
0 0.8017578125 0.283203125 0.029296875 0.01953125
0 0.8623046875 0.2744140625 0.029296875 0.013671875
0 0.611328125 0.2822265625 0.03125 0.029296875
0 0.724609375 0.2705078125 0.03125 0.013671875
0 0.939453125 0.2607421875 0.02734375 0.025390625
0 0.8076171875 0.2578125 0.021484375 0.0234375
0 0.724609375 0.25390625 0.01953125 0.015625
0 0.7841796875 0.25390625 0.017578125 0.01953125
0 0.8583984375 0.2529296875 0.025390625 0.021484375
0 0.7578125 0.2451171875 0.01953125 0.017578125
0 0.6083984375 0.228515625 0.013671875 0.01171875
0 0.6767578125 0.21875 0.025390625 0.015625
0 0.93359375 0.2197265625 0.04296875 0.033203125
0 0.994140625 0.2119140625 0.01171875 0.025390625
0 0.8994140625 0.2138671875 0.021484375 0.029296875
0 0.8681640625 0.2109375 0.037109375 0.03125
0 0.8134765625 0.2060546875 0.025390625 0.021484375
0 0.681640625 0.201171875 0.01953125 0.01171875
0 0.7568359375 0.205078125 0.025390625 0.0234375
0 0.7275390625 0.2001953125 0.021484375 0.025390625
0 0.619140625 0.1943359375 0.0390625 0.033203125