0 0.919921875 0.99609375 0.0234375 0.0078125
0 0.478515625 0.9931640625 0.01953125 0.013671875
0 0.3427734375 0.9921875 0.029296875 0.015625
0 0.2763671875 0.9921875 0.017578125 0.015625
0 0.14453125 0.986328125 0.046875 0.02734375
0 0.7939453125 0.98046875 0.041015625 0.02734375
0 0.4130859375 0.9833984375 0.029296875 0.033203125
0 0.560546875 0.982421875 0.0234375 0.03515625
0 0.6474609375 0.9736328125 0.041015625 0.025390625
0 0.494140625 0.9697265625 0.03125 0.021484375
0 0.23828125 0.9677734375 0.02734375 0.025390625
0 0.716796875 0.9677734375 0.03515625 0.033203125
0 0.427734375 0.955078125 0.02734375 0.01953125
0 0.783203125 0.951171875 0.01953125 0.01953125
0 0.7080078125 0.94921875 0.017578125 0.01953125
0 0.9951171875 0.9482421875 0.009765625 0.021484375
0 0.9091796875 0.9501953125 0.029296875 0.025390625
0 0.35546875 0.9501953125 0.03515625 0.029296875
0 0.197265625 0.9462890625 0.0234375 0.025390625
0 0.068359375 0.947265625 0.02734375 0.02734375
0 0.87890625 0.9365234375 0.0234375 0.025390625
0 0.5068359375 0.9326171875 0.029296875 0.029296875
0 0.4375 0.927734375 0.0234375 0.01953125
0 0.646484375 0.9326171875 0.03125 0.037109375
0 0.84375 0.9326171875 0.046875 0.041015625
0 0.5537109375 0.919921875 0.017578125 0.015625
0 0.1611328125 0.9248046875 0.029296875 0.037109375
0 0.5908203125 0.9140625 0.029296875 0.0234375
0 0.013671875 0.916015625 0.02734375 0.03515625
0 0.6845703125 0.9052734375 0.017578125 0.017578125
0 0.8037109375 0.912109375 0.021484375 0.03515625
0 0.5439453125 0.89453125 0.017578125 0.015625
0 0.515625 0.896484375 0.0234375 0.01953125
0 0.259765625 0.9033203125 0.03515625 0.033203125
0 0.7470703125 0.8984375 0.025390625 0.02734375
0 0.37890625 0.8974609375 0.046875 0.025390625
0 0.1162109375 0.8935546875 0.041015625 0.033203125
0 0.931640625 0.884765625 0.0234375 0.01953125
0 0.71875 0.884765625 0.0234375 0.01953125
0 0.9111328125 0.87890625 0.017578125 0.015625
0 0.6064453125 0.8779296875 0.021484375 0.021484375
0 0.2958984375 0.875 0.025390625 0.0234375
0 0.201171875 0.8759765625 0.02734375 0.025390625
0 0.6943359375 0.876953125 0.025390625 0.03125
0 0.525390625 0.87109375 0.01953125 0.0234375
0 0.4560546875 0.873046875 0.025390625 0.02734375
0 0.66796875 0.873046875 0.0234375 0.03515625
0 0.9619140625 0.8623046875 0.021484375 0.025390625
0 0.8642578125 0.8583984375 0.048828125 0.025390625
0 0.064453125 0.86328125 0.05078125 0.0390625
0 0.61328125 0.8544921875 0.0234375 0.025390625
0 0.4169921875 0.8505859375 0.021484375 0.017578125
0 0.1826171875 0.8544921875 0.029296875 0.037109375
0 0.384765625 0.8466796875 0.02734375 0.029296875
0 0.3056640625 0.845703125 0.029296875 0.02734375
0 0.033203125 0.8466796875 0.02734375 0.033203125
0 0.583984375 0.841796875 0.03125 0.02734375
0 0.1533203125 0.84375 0.029296875 0.03125
0 0.97265625 0.8291015625 0.03125 0.025390625
0 0.1279296875 0.8291015625 0.025390625 0.029296875
0 0.009765625 0.830078125 0.01953125 0.03125
0 0.5478515625 0.82421875 0.041015625 0.0390625
0 0.7822265625 0.822265625 0.029296875 0.04296875
0 0.1083984375 0.8125 0.025390625 0.0234375
0 0.318359375 0.8125 0.02734375 0.02734375
0 0.751953125 0.81640625 0.02734375 0.0390625
0 0.72265625 0.806640625 0.0234375 0.02734375
0 0.484375 0.80078125 0.01953125 0.02734375
0 0.4052734375 0.80078125 0.037109375 0.02734375
0 0.9775390625 0.794921875 0.021484375 0.02734375
0 0.875 0.794921875 0.02734375 0.03125
0 0.076171875 0.794921875 0.03125 0.03125
0 0.4658203125 0.791015625 0.025390625 0.02734375
0 0.1328125 0.7861328125 0.015625 0.017578125
0 0.7978515625 0.7783203125 0.021484375 0.025390625
0 0.6953125 0.775390625 0.0390625 0.0234375
0 0.2353515625 0.7724609375 0.021484375 0.017578125
0 0.046875 0.779296875 0.03515625 0.03125
0 0.654296875 0.7783203125 0.03125 0.041015625
0 0.986328125 0.765625 0.02734375 0.01953125
0 0.3369140625 0.76171875 0.029296875 0.03125
0 0.0751953125 0.75390625 0.013671875 0.015625
0 0.017578125 0.76171875 0.03125 0.03125
0 0.603515625 0.7646484375 0.03125 0.041015625
0 0.578125 0.7548828125 0.0234375 0.033203125
0 0.8046875 0.7431640625 0.03515625 0.029296875
0 0.291015625 0.7353515625 0.015625 0.021484375
0 0.5439453125 0.7373046875 0.021484375 0.029296875
0 0.130859375 0.7314453125 0.01953125 0.021484375
0 0.1044921875 0.7314453125 0.017578125 0.021484375
0 0.0263671875 0.7294921875 0.033203125 0.017578125
0 0.8779296875 0.7431640625 0.033203125 0.048828125
0 0.1650390625 0.73046875 0.021484375 0.0234375
0 0.994140625 0.7255859375 0.01171875 0.017578125
0 0.974609375 0.7294921875 0.0234375 0.025390625
0 0.2412109375 0.7275390625 0.021484375 0.021484375
0 0.2021484375 0.7265625 0.017578125 0.01953125
0 0.4775390625 0.724609375 0.029296875 0.03125
0 0.8173828125 0.708984375 0.037109375 0.02734375
0 0.9931640625 0.7021484375 0.013671875 0.021484375
0 0.716796875 0.7080078125 0.01953125 0.033203125
0 0.9033203125 0.703125 0.029296875 0.02734375
0 0.40234375 0.7001953125 0.0234375 0.025390625
0 0.4765625 0.693359375 0.01953125 0.01953125
0 0.5634765625 0.693359375 0.029296875 0.02734375
0 0.607421875 0.6923828125 0.0234375 0.029296875
0 0.8271484375 0.6826171875 0.029296875 0.025390625
0 0.7958984375 0.6767578125 0.013671875 0.017578125
0 0.353515625 0.6787109375 0.0234375 0.033203125
0 0.646484375 0.6875 0.05078125 0.0546875
0 0.4482421875 0.673828125 0.029296875 0.03125
0 0.9189453125 0.66796875 0.021484375 0.0234375
0 0.66796875 0.671875 0.02734375 0.03125
0 0.333984375 0.6669921875 0.0234375 0.029296875
0 0.171875 0.666015625 0.02734375 0.02734375
0 0.2666015625 0.6591796875 0.029296875 0.021484375
0 0.7568359375 0.6611328125 0.037109375 0.029296875
0 0.6923828125 0.6611328125 0.021484375 0.029296875
0 0.3076171875 0.6591796875 0.025390625 0.033203125
0 0.7158203125 0.6552734375 0.021484375 0.029296875
0 0.1015625 0.65625 0.02734375 0.03125
0 0.4599609375 0.63671875 0.025390625 0.0234375
0 0.5341796875 0.6279296875 0.021484375 0.021484375
0 0.2509765625 0.6259765625 0.017578125 0.017578125
0 0.01171875 0.626953125 0.0234375 0.01953125
0 0.56640625 0.6240234375 0.02734375 0.025390625
0 0.22265625 0.6171875 0.015625 0.015625
0 0.1455078125 0.625 0.033203125 0.03125
0 0.595703125 0.6142578125 0.03125 0.025390625
0 0.9814453125 0.6083984375 0.017578125 0.029296875
0 0.42578125 0.60546875 0.03515625 0.0234375
0 0.193359375 0.60546875 0.02734375 0.0234375
0 0.6279296875 0.6083984375 0.029296875 0.033203125
0 0.5107421875 0.60546875 0.029296875 0.02734375
0 0.9365234375 0.5966796875 0.017578125 0.017578125
0 0.6611328125 0.6025390625 0.029296875 0.029296875
0 0.3095703125 0.5947265625 0.021484375 0.025390625
0 0.005859375 0.591796875 0.01171875 0.0234375
0 0.6884765625 0.5947265625 0.025390625 0.033203125
0 0.794921875 0.5908203125 0.0390625 0.037109375
0 0.7158203125 0.5849609375 0.025390625 0.033203125
0 0.630859375 0.578125 0.01171875 0.01953125
0 0.236328125 0.5849609375 0.0234375 0.033203125
0 0.0869140625 0.58203125 0.025390625 0.03125
0 0.5 0.5771484375 0.03125 0.029296875
0 0.7509765625 0.5732421875 0.021484375 0.029296875
0 0.412109375 0.57421875 0.03515625 0.03125
0 0.26171875 0.5703125 0.02734375 0.0234375
0 0.53515625 0.564453125 0.01953125 0.01953125
0 0.287109375 0.55859375 0.02734375 0.03125
0 0.3935546875 0.5439453125 0.033203125 0.025390625
0 0.3134765625 0.544921875 0.029296875 0.03125
0 0.166015625 0.54296875 0.02734375 0.02734375
0 0.4658203125 0.5322265625 0.029296875 0.029296875
0 0.0107421875 0.529296875 0.021484375 0.02734375
0 0.337890625 0.533203125 0.03125 0.0390625
0 0.0576171875 0.5244140625 0.033203125 0.021484375
0 0.197265625 0.5244140625 0.02734375 0.029296875
0 0.2177734375 0.513671875 0.025390625 0.03125
0 0.4501953125 0.5078125 0.029296875 0.03125
0 0.3720703125 0.505859375 0.025390625 0.03125
0 0.2470703125 0.5 0.029296875 0.02734375
0 0.0595703125 0.4921875 0.025390625 0.0234375
0 0.275390625 0.4814453125 0.02734375 0.029296875
0 0.123046875 0.470703125 0.02734375 0.03125
0 0.4208984375 0.46875 0.033203125 0.03515625
0 0.056640625 0.462890625 0.03515625 0.0234375
0 0.001953125 0.4501953125 0.00390625 0.005859375
0 0.29296875 0.4619140625 0.03515625 0.037109375
0 0.1484375 0.4521484375 0.02734375 0.033203125
0 0.4404296875 0.4462890625 0.029296875 0.025390625
0 0.3125 0.4423828125 0.0390625 0.037109375
0 0.173828125 0.4365234375 0.0234375 0.025390625
0 0.0556640625 0.4326171875 0.021484375 0.017578125
0 0.3388671875 0.4345703125 0.029296875 0.029296875
0 0.2021484375 0.4248046875 0.029296875 0.037109375
0 0.4697265625 0.4208984375 0.029296875 0.033203125
0 0.3642578125 0.416015625 0.029296875 0.03515625
0 0.22265625 0.4091796875 0.02734375 0.029296875
0 0.11328125 0.4052734375 0.03125 0.025390625
0 0.4912109375 0.404296875 0.029296875 0.03125
0 0.384765625 0.400390625 0.0234375 0.0234375
0 0.052734375 0.400390625 0.03125 0.0234375
0 0.2470703125 0.3935546875 0.033203125 0.033203125
0 0.404296875 0.384765625 0.02734375 0.02734375
0 0.005859375 0.3779296875 0.01171875 0.017578125
0 0.5224609375 0.3828125 0.029296875 0.03125
0 0.275390625 0.3740234375 0.02734375 0.029296875
0 0.05078125 0.369140625 0.01953125 0.01953125
0 0.4267578125 0.3671875 0.025390625 0.0234375
0 0.1083984375 0.3662109375 0.025390625 0.021484375
0 0.181640625 0.3681640625 0.02734375 0.033203125
0 0.5517578125 0.361328125 0.033203125 0.03125
0 0.3017578125 0.3564453125 0.033203125 0.033203125
0 0.0478515625 0.33984375 0.029296875 0.0234375
0 0.455078125 0.34375 0.03125 0.03515625
0 0.5712890625 0.341796875 0.037109375 0.0390625
0 0.32421875 0.3369140625 0.02734375 0.029296875
0 0.107421875 0.333984375 0.03125 0.0234375
0 0.1875 0.328125 0.03515625 0.0234375
0 0.6357421875 0.3203125 0.017578125 0.01953125
0 0.3466796875 0.3251953125 0.033203125 0.029296875
0 0.25390625 0.314453125 0.02734375 0.01953125
0 0.48828125 0.31640625 0.02734375 0.02734375
0 0.599609375 0.318359375 0.03515625 0.03515625
0 0.3759765625 0.3076171875 0.025390625 0.029296875
0 0.1044921875 0.30078125 0.021484375 0.01953125
0 0.5126953125 0.298828125 0.029296875 0.02734375
0 0.1884765625 0.2958984375 0.029296875 0.021484375
0 0.001953125 0.2900390625 0.00390625 0.013671875
0 0.2509765625 0.2890625 0.025390625 0.01953125
0 0.0419921875 0.30078125 0.029296875 0.04296875
0 0.3984375 0.2939453125 0.03125 0.033203125
0 0.630859375 0.2890625 0.03125 0.03125
0 0.5341796875 0.283203125 0.025390625 0.02734375
0 0.107421875 0.2763671875 0.04296875 0.021484375
0 0.30859375 0.2763671875 0.02734375 0.029296875
0 0.1865234375 0.26953125 0.029296875 0.01953125
0 0.423828125 0.2685546875 0.03125 0.029296875
0 0.6640625 0.267578125 0.03125 0.03125
0 0.251953125 0.2607421875 0.03125 0.025390625
0 0.552734375 0.26171875 0.02734375 0.03125
0 0.33203125 0.259765625 0.03515625 0.03125
0 0.0234375 0.2587890625 0.046875 0.033203125
0 0.5732421875 0.2490234375 0.029296875 0.029296875
0 0.142578125 0.2451171875 0.0390625 0.033203125
0 0.6904296875 0.2412109375 0.029296875 0.037109375
0 0.2705078125 0.234375 0.037109375 0.0234375
0 0.8291015625 0.3671875 0.150390625 0.29296875
0 0.595703125 0.232421875 0.02734375 0.02734375
0 0.515625 0.220703125 0.0390625 0.0234375
0 0.138671875 0.2177734375 0.02734375 0.017578125
0 0.3408203125 0.2216796875 0.041015625 0.033203125
0 0.6181640625 0.21484375 0.025390625 0.02734375
0 0.40234375 0.19921875 0.015625 0.02734375
0 0.501953125 0.193359375 0.02734375 0.03125
0 0.6474609375 0.1865234375 0.033203125 0.029296875
0 0.6103515625 0.1796875 0.017578125 0.01953125
0 0.7412109375 0.1767578125 0.072265625 0.041015625
0 0.8232421875 0.1611328125 0.033203125 0.033203125
0 0.091796875 0.1396484375 0.01171875 0.017578125
0 0.8916015625 0.1484375 0.037109375 0.0390625
0 0.056640625 0.1376953125 0.01953125 0.021484375
0 0.0263671875 0.123046875 0.017578125 0.01953125
0 0.3642578125 0.1240234375 0.037109375 0.044921875
0 0.212890625 0.1220703125 0.05859375 0.041015625
0 0.2939453125 0.1181640625 0.033203125 0.048828125
0 0.6044921875 0.1083984375 0.021484375 0.033203125
0 0.3974609375 0.10546875 0.013671875 0.03125
0 0.259765625 0.0966796875 0.03125 0.021484375
0 0.1494140625 0.1220703125 0.056640625 0.072265625
0 0.0693359375 0.0927734375 0.021484375 0.025390625
0 0.0283203125 0.0908203125 0.025390625 0.021484375
0 0.53515625 0.0947265625 0.0390625 0.052734375
0 0.2294921875 0.080078125 0.017578125 0.02734375
0 0.142578125 0.06640625 0.02734375 0.0234375
0 0.0263671875 0.0595703125 0.025390625 0.021484375
0 0.662109375 0.05859375 0.01953125 0.02734375
0 0.06640625 0.0546875 0.01953125 0.01953125
0 0.2890625 0.052734375 0.01953125 0.01953125
0 0.3486328125 0.0400390625 0.017578125 0.021484375
0 0.8359375 0.064453125 0.17578125 0.078125
0 0.177734375 0.03125 0.01953125 0.01953125
0 0.3935546875 0.029296875 0.029296875 0.0234375
0 0.4619140625 0.0283203125 0.029296875 0.029296875
0 0.2861328125 0.025390625 0.017578125 0.0234375
0 0.5791015625 0.01953125 0.029296875 0.0234375
0 0.068359375 0.0205078125 0.01953125 0.025390625
0 0.0234375 0.0185546875 0.02734375 0.021484375
0 0.1435546875 0.015625 0.025390625 0.01953125
0 0.984375 0.0185546875 0.03125 0.029296875
0 0.9111328125 0.00390625 0.013671875 0.0078125
0 0.79296875 0.0107421875 0.03125 0.021484375
0 0.4990234375 0.0078125 0.017578125 0.015625
0 0.2900390625 0.001953125 0.017578125 0.00390625