0 0.8193359375 0.9951171875 0.017578125 0.009765625
0 0.994140625 0.9912109375 0.01171875 0.017578125
0 0.4306640625 0.9912109375 0.025390625 0.017578125
0 0.861328125 0.98828125 0.03125 0.0234375
0 0.11328125 0.986328125 0.0234375 0.02734375
0 0.216796875 0.984375 0.02734375 0.03125
0 0.908203125 0.9833984375 0.03125 0.033203125
0 0.587890625 0.9814453125 0.03515625 0.033203125
0 0.6298828125 0.97265625 0.033203125 0.02734375
0 0.5283203125 0.974609375 0.037109375 0.03125
0 0.0185546875 0.9775390625 0.025390625 0.037109375
0 0.9951171875 0.9609375 0.009765625 0.01953125
0 0.3115234375 0.955078125 0.033203125 0.03125
0 0.7177734375 0.9482421875 0.029296875 0.021484375
0 0.67578125 0.955078125 0.02734375 0.03515625
0 0.3515625 0.9462890625 0.02734375 0.021484375
0 0.0458984375 0.9423828125 0.025390625 0.025390625
0 0.76171875 0.9345703125 0.03515625 0.029296875
0 0.3994140625 0.93359375 0.025390625 0.03125
0 0.2197265625 0.9345703125 0.033203125 0.033203125
0 0.8056640625 0.9208984375 0.033203125 0.029296875
0 0.4755859375 0.908203125 0.025390625 0.03515625
0 0.849609375 0.9013671875 0.03515625 0.025390625
0 0.984375 0.8916015625 0.02734375 0.021484375
0 0.5146484375 0.892578125 0.037109375 0.0234375
0 0.0126953125 0.8876953125 0.025390625 0.033203125
0 0.556640625 0.880859375 0.03125 0.02734375
0 0.21484375 0.8798828125 0.02734375 0.029296875
0 0.5947265625 0.8671875 0.029296875 0.0234375
0 0.880859375 0.873046875 0.02734375 0.04296875
0 0.6435546875 0.8564453125 0.037109375 0.021484375
0 0.328125 0.85546875 0.0390625 0.02734375
0 0.037109375 0.8544921875 0.03125 0.025390625
0 0.970703125 0.8515625 0.03125 0.0390625
0 0.6884765625 0.83984375 0.037109375 0.0234375
0 0.388671875 0.8408203125 0.03515625 0.033203125
0 0.189453125 0.837890625 0.03125 0.03515625
0 0.7236328125 0.8291015625 0.021484375 0.021484375
0 0.0634765625 0.8330078125 0.025390625 0.029296875
0 0.4306640625 0.826171875 0.041015625 0.03125
0 0.1728515625 0.818359375 0.021484375 0.01953125
0 0.771484375 0.8154296875 0.03125 0.021484375
0 0.2880859375 0.8232421875 0.025390625 0.037109375
0 0.0888671875 0.8076171875 0.029296875 0.021484375
0 0.4765625 0.8115234375 0.03515625 0.033203125
0 0.818359375 0.802734375 0.03515625 0.0234375
0 0.5234375 0.7998046875 0.02734375 0.029296875
0 0.00390625 0.796875 0.0078125 0.0234375
0 0.560546875 0.79296875 0.0234375 0.01953125
0 0.9599609375 0.798828125 0.025390625 0.03515625
0 0.8642578125 0.796875 0.025390625 0.0390625
0 0.2578125 0.7890625 0.03125 0.0390625
0 0.615234375 0.7705078125 0.0234375 0.029296875
0 0.0205078125 0.7666015625 0.029296875 0.029296875
0 0.6533203125 0.76171875 0.033203125 0.02734375
0 0.9501953125 0.7568359375 0.025390625 0.021484375
0 0.1171875 0.7548828125 0.01953125 0.021484375
0 0.6943359375 0.748046875 0.029296875 0.0234375
0 0.7392578125 0.732421875 0.041015625 0.02734375
0 0.0419921875 0.7353515625 0.029296875 0.037109375
0 0.791015625 0.720703125 0.03125 0.01953125
0 0.0634765625 0.7138671875 0.029296875 0.029296875
0 0.8388671875 0.7001953125 0.044921875 0.029296875
0 0.8896484375 0.689453125 0.037109375 0.03125
0 0.9404296875 0.67578125 0.025390625 0.0234375
0 0.103515625 0.67578125 0.03515625 0.03515625
0 0.9970703125 0.6572265625 0.005859375 0.013671875
0 0.9541015625 0.6474609375 0.021484375 0.021484375
0 0.2509765625 0.6357421875 0.033203125 0.033203125
0 0.12890625 0.6357421875 0.03515625 0.033203125
0 0.296875 0.607421875 0.0234375 0.01953125
0 0.1689453125 0.6123046875 0.029296875 0.029296875
0 0.3271484375 0.5791015625 0.021484375 0.029296875
0 0.205078125 0.578125 0.03515625 0.03515625
0 0.3798828125 0.5400390625 0.033203125 0.033203125
0 0.24609375 0.5244140625 0.04296875 0.056640625
0 0.998046875 0.49609375 0.00390625 0.00390625
0 0.3857421875 0.49609375 0.033203125 0.03125
0 0.296875 0.46484375 0.03515625 0.02734375
0 0.39453125 0.4560546875 0.0234375 0.025390625
0 0.1630859375 0.453125 0.048828125 0.046875
0 0.318359375 0.4130859375 0.03515625 0.041015625
0 0.111328125 0.3974609375 0.0390625 0.048828125
0 0.3408203125 0.3583984375 0.029296875 0.021484375
0 0.6591796875 0.3642578125 0.025390625 0.041015625
0 0.126953125 0.3173828125 0.03515625 0.029296875
0 0.3466796875 0.3076171875 0.029296875 0.017578125
0 0.02734375 0.3037109375 0.03125 0.025390625
0 0.1884765625 0.2919921875 0.041015625 0.025390625
0 0.26953125 0.28515625 0.0234375 0.01953125
0 0.0615234375 0.2724609375 0.025390625 0.025390625
0 0.578125 0.248046875 0.03125 0.04296875
0 0.3310546875 0.234375 0.029296875 0.01953125
0 0.1015625 0.2314453125 0.02734375 0.025390625
0 0.65625 0.2373046875 0.03125 0.041015625
0 0.009765625 0.2275390625 0.01953125 0.025390625
0 0.3994140625 0.23046875 0.029296875 0.04296875
0 0.4794921875 0.2158203125 0.021484375 0.025390625
0 0.0322265625 0.2001953125 0.025390625 0.025390625
0 0.1474609375 0.1953125 0.025390625 0.03125
0 0.564453125 0.1923828125 0.03125 0.044921875
0 0.056640625 0.17578125 0.02734375 0.02734375
0 0.6337890625 0.17578125 0.025390625 0.04296875
0 0.1796875 0.162109375 0.0234375 0.03125
0 0.431640625 0.1669921875 0.0390625 0.048828125
0 0.0859375 0.1513671875 0.02734375 0.025390625
0 0.4814453125 0.1533203125 0.048828125 0.033203125
0 0.54296875 0.1298828125 0.0390625 0.025390625
0 0.30859375 0.1328125 0.03515625 0.03125
0 0.1982421875 0.1162109375 0.021484375 0.017578125
0 0.25390625 0.119140625 0.02734375 0.02734375
0 0.115234375 0.1181640625 0.015625 0.025390625
0 0.6123046875 0.1103515625 0.029296875 0.041015625
0 0.7802734375 0.1044921875 0.025390625 0.033203125
0 0.65234375 0.0986328125 0.03515625 0.025390625
0 0.873046875 0.08203125 0.01953125 0.01953125
0 0.6943359375 0.087890625 0.041015625 0.03125
0 0.1181640625 0.0810546875 0.021484375 0.025390625
0 0.740234375 0.0810546875 0.03515625 0.044921875
0 0.0693359375 0.0576171875 0.021484375 0.017578125
0 0.7919921875 0.06640625 0.033203125 0.0390625
0 0.5478515625 0.0517578125 0.033203125 0.025390625
0 0.029296875 0.0498046875 0.0234375 0.025390625
0 0.1826171875 0.04296875 0.021484375 0.015625
0 0.84765625 0.0458984375 0.04296875 0.025390625
0 0.2431640625 0.0419921875 0.033203125 0.021484375
0 0.59375 0.0419921875 0.03515625 0.025390625
0 0.001953125 0.03125 0.00390625 0.00390625
0 0.98046875 0.0361328125 0.01953125 0.017578125
0 0.3095703125 0.033203125 0.017578125 0.01953125
0 0.9599609375 0.029296875 0.013671875 0.015625
0 0.892578125 0.0302734375 0.03125 0.025390625
0 0.49609375 0.03125 0.03125 0.03125
0 0.4072265625 0.0556640625 0.076171875 0.103515625
0 0.9921875 0.0087890625 0.015625 0.017578125
0 0.9404296875 0.01171875 0.025390625 0.0234375
0 0.7578125 0.001953125 0.0078125 0.00390625
0 0.7177734375 0.0068359375 0.021484375 0.013671875
0 0.6826171875 0.01171875 0.025390625 0.0234375
0 0.5126953125 0.0068359375 0.013671875 0.013671875
0 0.267578125 0.0029296875 0.0078125 0.005859375
0 0.1787109375 0.0078125 0.017578125 0.015625
0 0.0986328125 0.0029296875 0.013671875 0.005859375