0 0.572265625 0.99609375 0.01171875 0.0078125
0 0.72265625 0.9794921875 0.03125 0.041015625
0 0.9609375 0.95703125 0.03125 0.01953125
0 0.9091796875 0.9580078125 0.029296875 0.025390625
0 0.615234375 0.9677734375 0.04296875 0.044921875
0 0.4619140625 0.9677734375 0.037109375 0.044921875
0 0.806640625 0.958984375 0.03125 0.046875
0 0.6630859375 0.923828125 0.037109375 0.0390625
0 0.529296875 0.9248046875 0.0390625 0.044921875
0 0.7724609375 0.8916015625 0.033203125 0.044921875
0 0.84375 0.875 0.03125 0.03515625
0 0.982421875 0.8447265625 0.02734375 0.037109375
0 0.75 0.8154296875 0.046875 0.033203125
0 0.68359375 0.8076171875 0.046875 0.017578125
0 0.828125 0.806640625 0.03515625 0.04296875
0 0.966796875 0.791015625 0.01953125 0.0234375
0 0.896484375 0.775390625 0.04296875 0.046875
0 0.939453125 0.732421875 0.015625 0.01953125
0 0.7900390625 0.7236328125 0.037109375 0.044921875
0 0.56640625 0.7021484375 0.046875 0.033203125
0 0.998046875 0.685546875 0.00390625 0.00390625
0 0.916015625 0.677734375 0.015625 0.01953125
0 0.75 0.6591796875 0.03125 0.025390625
0 0.6416015625 0.658203125 0.025390625 0.0234375
0 0.7080078125 0.6533203125 0.033203125 0.017578125
0 0.3486328125 0.6318359375 0.064453125 0.033203125
0 0.8857421875 0.62109375 0.033203125 0.0234375
0 0.9755859375 0.6162109375 0.037109375 0.041015625
0 0.2763671875 0.5966796875 0.029296875 0.029296875
0 0.6083984375 0.5908203125 0.029296875 0.029296875
0 0.421875 0.59375 0.04296875 0.0390625
0 0.658203125 0.5771484375 0.02734375 0.021484375
0 0.7626953125 0.578125 0.029296875 0.02734375
0 0.7412109375 0.5712890625 0.013671875 0.017578125
0 0.7080078125 0.5673828125 0.025390625 0.025390625
0 0.95703125 0.560546875 0.03515625 0.02734375
0 0.46875 0.5576171875 0.04296875 0.041015625
0 0.689453125 0.533203125 0.015625 0.01953125
0 0.828125 0.5302734375 0.03125 0.033203125
0 0.53515625 0.5185546875 0.03515625 0.033203125
0 0.357421875 0.515625 0.03515625 0.03515625
0 0.2470703125 0.505859375 0.033203125 0.0390625
0 0.4189453125 0.4970703125 0.033203125 0.044921875
0 0.6064453125 0.484375 0.041015625 0.0390625
0 0.9228515625 0.478515625 0.029296875 0.03125
0 0.9931640625 0.47265625 0.013671875 0.02734375
0 0.390625 0.455078125 0.01953125 0.015625
0 0.3134765625 0.4609375 0.033203125 0.0390625
0 0.2158203125 0.4560546875 0.029296875 0.052734375
0 0.6708984375 0.439453125 0.021484375 0.0234375
0 0.48828125 0.4462890625 0.04296875 0.037109375
0 0.900390625 0.43359375 0.0234375 0.0234375
0 0.794921875 0.4267578125 0.03125 0.041015625
0 0.962890625 0.41796875 0.0390625 0.02734375
0 0.3828125 0.4169921875 0.02734375 0.037109375
0 0.5546875 0.3974609375 0.04296875 0.033203125
0 0.1611328125 0.38671875 0.033203125 0.02734375
0 0.2763671875 0.38671875 0.037109375 0.04296875
0 0.1416015625 0.3662109375 0.017578125 0.017578125
0 0.650390625 0.3701171875 0.03515625 0.033203125
0 0.4462890625 0.365234375 0.025390625 0.03125
0 0.87890625 0.36328125 0.0234375 0.0390625
0 0.75390625 0.3583984375 0.02734375 0.033203125
0 0.9501953125 0.3466796875 0.037109375 0.037109375
0 0.341796875 0.3466796875 0.03515625 0.041015625
0 0.7314453125 0.32421875 0.025390625 0.03125
0 0.916015625 0.3193359375 0.02734375 0.025390625
0 0.609375 0.32421875 0.03515625 0.04296875
0 0.505859375 0.3076171875 0.03125 0.033203125
0 0.1142578125 0.2998046875 0.021484375 0.029296875
0 0.833984375 0.296875 0.0390625 0.03125
0 0.7080078125 0.298828125 0.021484375 0.03515625
0 0.4091796875 0.2998046875 0.033203125 0.037109375
0 0.2294921875 0.296875 0.044921875 0.0390625
0 0.2919921875 0.279296875 0.033203125 0.0234375
0 0.95703125 0.27734375 0.02734375 0.02734375
0 0.6875 0.267578125 0.02734375 0.03125
0 0.794921875 0.2626953125 0.03515625 0.041015625
0 0.15625 0.248046875 0.03125 0.0234375
0 0.98828125 0.2431640625 0.0234375 0.025390625
0 0.5625 0.2548828125 0.0390625 0.048828125
0 0.470703125 0.2451171875 0.0234375 0.037109375
0 0.6630859375 0.2333984375 0.025390625 0.037109375
0 0.36328125 0.2275390625 0.03515625 0.048828125
0 0.9052734375 0.216796875 0.041015625 0.03515625
0 0.638671875 0.2021484375 0.0234375 0.037109375
0 0.2197265625 0.2041015625 0.052734375 0.041015625
0 0.75390625 0.203125 0.04296875 0.04296875
0 0.421875 0.1669921875 0.03125 0.025390625
0 0.5439453125 0.1689453125 0.037109375 0.033203125
0 0.6142578125 0.166015625 0.021484375 0.03125
0 0.30078125 0.1513671875 0.03515625 0.033203125
0 0.9375 0.150390625 0.03125 0.0390625
0 0.796875 0.1494140625 0.0390625 0.037109375
0 0.58984375 0.13671875 0.03125 0.03125
0 0.6953125 0.130859375 0.03125 0.03515625
0 0.9833984375 0.1171875 0.025390625 0.03125
0 0.349609375 0.115234375 0.03515625 0.03125
0 0.8515625 0.1083984375 0.03125 0.029296875
0 0.2275390625 0.1044921875 0.033203125 0.033203125
0 0.482421875 0.1015625 0.046875 0.04296875
0 0.7626953125 0.0927734375 0.037109375 0.037109375
0 0.6650390625 0.0869140625 0.029296875 0.029296875
0 0.4091796875 0.076171875 0.033203125 0.0234375
0 0.994140625 0.0751953125 0.01171875 0.029296875
0 0.9072265625 0.0712890625 0.033203125 0.041015625
0 0.6455078125 0.0576171875 0.017578125 0.013671875
0 0.5341796875 0.0625 0.025390625 0.02734375
0 0.2763671875 0.0703125 0.044921875 0.046875
0 0.8125 0.0576171875 0.0390625 0.033203125
0 0.630859375 0.04296875 0.03125 0.03125
0 0.328125 0.037109375 0.03515625 0.02734375
0 0.505859375 0.0341796875 0.0234375 0.037109375
0 0.6884765625 0.0234375 0.041015625 0.03125
0 0.8671875 0.017578125 0.03515625 0.03125
0 0.93359375 0.009765625 0.03125 0.01953125
0 0.78515625 0.005859375 0.01953125 0.01171875
0 0.740234375 0.01171875 0.0390625 0.0234375
0 0.4853515625 0.0068359375 0.021484375 0.013671875
0 0.3740234375 0.0107421875 0.033203125 0.021484375
0 0.2548828125 0.0029296875 0.013671875 0.005859375
0 0.2119140625 0.0185546875 0.048828125 0.037109375
0 0.0498046875 0.044921875 0.099609375 0.08984375