0 0.83984375 0.9912109375 0.03125 0.017578125
0 0.8857421875 0.97265625 0.017578125 0.02734375
0 0.8310546875 0.955078125 0.025390625 0.03515625
0 0.990234375 0.935546875 0.01953125 0.03515625
0 0.7626953125 0.921875 0.021484375 0.0234375
0 0.8525390625 0.87109375 0.064453125 0.0390625
0 0.966796875 0.7490234375 0.02734375 0.029296875
0 0.37109375 0.701171875 0.01953125 0.01953125
0 0.65234375 0.6806640625 0.03125 0.033203125
0 0.7880859375 0.69140625 0.068359375 0.05859375
0 0.34765625 0.6455078125 0.01953125 0.017578125
0 0.833984375 0.650390625 0.08203125 0.05859375
0 0.5966796875 0.6328125 0.037109375 0.03125
0 0.3779296875 0.626953125 0.037109375 0.03125
0 0.97265625 0.62109375 0.0546875 0.0390625
0 0.7919921875 0.5830078125 0.142578125 0.064453125
0 0.6376953125 0.556640625 0.025390625 0.0234375
0 0.974609375 0.55078125 0.05078125 0.0234375
0 0.66015625 0.5361328125 0.0234375 0.021484375
0 0.375 0.541015625 0.02734375 0.03515625
0 0.484375 0.5048828125 0.0390625 0.033203125
0 0.3408203125 0.5009765625 0.041015625 0.029296875
0 0.3818359375 0.478515625 0.021484375 0.0234375
0 0.4091796875 0.462890625 0.021484375 0.02734375
0 0.302734375 0.458984375 0.03515625 0.03125
0 0.572265625 0.4482421875 0.03125 0.029296875
0 0.4853515625 0.4423828125 0.021484375 0.017578125
0 0.5615234375 0.4091796875 0.021484375 0.021484375
0 0.814453125 0.431640625 0.06640625 0.078125
0 0.3505859375 0.3974609375 0.025390625 0.017578125
0 0.4755859375 0.3828125 0.029296875 0.015625
0 0.556640625 0.36328125 0.01953125 0.0234375
0 0.5556640625 0.330078125 0.017578125 0.01953125
0 0.48046875 0.314453125 0.03125 0.01953125
0 0.552734375 0.2978515625 0.01953125 0.021484375
0 0.5537109375 0.26953125 0.025390625 0.01953125
0 0.482421875 0.2548828125 0.0234375 0.025390625
0 0.2646484375 0.2587890625 0.037109375 0.037109375
0 0.5537109375 0.234375 0.021484375 0.01953125
0 0.287109375 0.2119140625 0.03515625 0.041015625
0 0.802734375 0.20703125 0.0546875 0.0625
0 0.4716796875 0.189453125 0.029296875 0.0390625
0 0.220703125 0.181640625 0.0234375 0.02734375
0 0.0087890625 0.1748046875 0.017578125 0.021484375
0 0.041015625 0.169921875 0.03515625 0.0234375
0 0.0869140625 0.162109375 0.037109375 0.0234375
0 0.564453125 0.166015625 0.04296875 0.046875
0 0.3095703125 0.1640625 0.033203125 0.04296875
0 0.125 0.1572265625 0.0234375 0.029296875
0 0.4501953125 0.12890625 0.033203125 0.02734375
0 0.21875 0.126953125 0.02734375 0.02734375
0 0.603515625 0.095703125 0.01953125 0.0078125
0 0.3056640625 0.103515625 0.025390625 0.02734375
0 0.5771484375 0.09375 0.029296875 0.015625
0 0.0302734375 0.0888671875 0.029296875 0.037109375
0 0.37890625 0.0830078125 0.0546875 0.041015625
0 0.853515625 0.056640625 0.0234375 0.015625
0 0.1640625 0.0595703125 0.02734375 0.033203125
0 0.0185546875 0.0419921875 0.029296875 0.037109375
0 0.2763671875 0.0283203125 0.021484375 0.037109375
0 0.560546875 0.0146484375 0.03515625 0.029296875
0 0.1552734375 0.0185546875 0.033203125 0.037109375
0 0.03515625 0.005859375 0.01953125 0.01171875
0 0.0078125 0.0078125 0.015625 0.015625