0 0.896484375 0.9951171875 0.015625 0.009765625
0 0.7060546875 0.9951171875 0.025390625 0.009765625
0 0.95703125 0.98828125 0.02734375 0.0234375
0 0.984375 0.98046875 0.015625 0.01953125
0 0.5966796875 0.9853515625 0.044921875 0.029296875
0 0.76171875 0.9755859375 0.03125 0.029296875
0 0.876953125 0.9697265625 0.0234375 0.029296875
0 0.796875 0.9609375 0.02734375 0.0234375
0 0.4892578125 0.9580078125 0.017578125 0.017578125
0 0.9921875 0.9599609375 0.015625 0.029296875
0 0.46484375 0.951171875 0.02734375 0.0234375
0 0.9404296875 0.9453125 0.033203125 0.02734375
0 0.6484375 0.9404296875 0.03125 0.037109375
0 0.86328125 0.93359375 0.0234375 0.02734375
0 0.69140625 0.935546875 0.02734375 0.03125
0 0.572265625 0.9306640625 0.03515625 0.025390625
0 0.4873046875 0.927734375 0.021484375 0.02734375
0 0.5166015625 0.919921875 0.029296875 0.03515625
0 0.73828125 0.9150390625 0.02734375 0.033203125
0 0.666015625 0.9091796875 0.01953125 0.021484375
0 0.9169921875 0.9091796875 0.025390625 0.029296875
0 0.7861328125 0.8984375 0.025390625 0.0234375
0 0.5615234375 0.900390625 0.025390625 0.02734375
0 0.439453125 0.8857421875 0.03125 0.037109375
0 0.8232421875 0.8720703125 0.029296875 0.025390625
0 0.6298828125 0.8701171875 0.033203125 0.029296875
0 0.4775390625 0.865234375 0.025390625 0.02734375
0 0.6826171875 0.8544921875 0.029296875 0.029296875
0 0.5380859375 0.845703125 0.033203125 0.04296875
0 0.712890625 0.8359375 0.0234375 0.02734375
0 0.89453125 0.8388671875 0.03125 0.041015625
0 0.93359375 0.828125 0.03125 0.03125
0 0.7998046875 0.826171875 0.025390625 0.03125
0 0.7470703125 0.818359375 0.029296875 0.0234375
0 0.603515625 0.8134765625 0.03125 0.025390625
0 0.4130859375 0.814453125 0.033203125 0.03125
0 0.9794921875 0.8046875 0.041015625 0.03125
0 0.4619140625 0.7958984375 0.033203125 0.025390625
0 0.6142578125 0.7890625 0.021484375 0.01953125
0 0.5146484375 0.7958984375 0.033203125 0.033203125
0 0.9033203125 0.787109375 0.017578125 0.0234375
0 0.705078125 0.7685546875 0.03125 0.029296875
0 0.87109375 0.767578125 0.03125 0.0390625
0 0.62890625 0.751953125 0.03515625 0.02734375
0 0.572265625 0.7578125 0.02734375 0.0390625
0 0.7587890625 0.75 0.029296875 0.02734375
0 0.9375 0.73828125 0.05078125 0.03125
0 0.4248046875 0.7265625 0.033203125 0.02734375
0 0.544921875 0.7197265625 0.0234375 0.025390625
0 0.982421875 0.7216796875 0.0234375 0.033203125
0 0.482421875 0.7158203125 0.02734375 0.025390625
0 0.8212890625 0.708984375 0.033203125 0.02734375
0 0.7236328125 0.701171875 0.017578125 0.0234375
0 0.39453125 0.6884765625 0.02734375 0.021484375
0 0.865234375 0.6904296875 0.03515625 0.029296875
0 0.599609375 0.68359375 0.0234375 0.02734375
0 0.90625 0.6650390625 0.03515625 0.037109375
0 0.705078125 0.6611328125 0.03125 0.037109375
0 0.4482421875 0.6630859375 0.044921875 0.044921875
0 0.8017578125 0.65625 0.033203125 0.03515625
0 0.529296875 0.6552734375 0.0234375 0.037109375
0 0.55859375 0.630859375 0.02734375 0.0234375
0 0.8388671875 0.625 0.037109375 0.02734375
0 0.92578125 0.6083984375 0.02734375 0.029296875
0 0.5107421875 0.6103515625 0.033203125 0.037109375
0 0.693359375 0.6044921875 0.0234375 0.029296875
0 0.62890625 0.6015625 0.03515625 0.02734375
0 0.4091796875 0.5947265625 0.025390625 0.029296875
0 0.5546875 0.5810546875 0.0234375 0.025390625
0 0.7666015625 0.5810546875 0.029296875 0.033203125
0 0.8251953125 0.5576171875 0.029296875 0.025390625
0 0.6748046875 0.5537109375 0.033203125 0.044921875
0 0.521484375 0.533203125 0.02734375 0.03125
0 0.5419921875 0.5244140625 0.029296875 0.037109375
0 0.748046875 0.4970703125 0.02734375 0.025390625
0 0.611328125 0.4970703125 0.02734375 0.033203125
0 0.7861328125 0.482421875 0.041015625 0.02734375
0 0.4169921875 0.4814453125 0.029296875 0.029296875
0 0.8193359375 0.46484375 0.021484375 0.01953125
0 0.9912109375 0.4501953125 0.017578125 0.029296875
0 0.869140625 0.44921875 0.0390625 0.03125
0 0.6298828125 0.451171875 0.033203125 0.0390625
0 0.513671875 0.451171875 0.04296875 0.04296875
0 0.435546875 0.435546875 0.02734375 0.03125
0 0.6953125 0.4306640625 0.0234375 0.025390625
0 0.935546875 0.4150390625 0.03125 0.029296875
0 0.572265625 0.4140625 0.03125 0.03515625
0 0.7939453125 0.40625 0.037109375 0.0234375
0 0.75 0.3984375 0.0234375 0.02734375
0 0.6064453125 0.3974609375 0.029296875 0.033203125
0 0.427734375 0.390625 0.02734375 0.02734375
0 0.8310546875 0.3896484375 0.037109375 0.029296875
0 0.8740234375 0.3779296875 0.025390625 0.025390625
0 0.669921875 0.376953125 0.02734375 0.03125
0 0.4482421875 0.3720703125 0.029296875 0.029296875
0 0.7138671875 0.3564453125 0.033203125 0.029296875
0 0.5302734375 0.349609375 0.029296875 0.0234375
0 0.9423828125 0.34765625 0.025390625 0.0234375
0 0.4775390625 0.3427734375 0.025390625 0.029296875
0 0.7529296875 0.3388671875 0.029296875 0.029296875
0 0.9736328125 0.33203125 0.029296875 0.03125
0 0.5703125 0.3271484375 0.04296875 0.029296875
0 0.8056640625 0.3203125 0.025390625 0.03515625
0 0.8193359375 0.3095703125 0.017578125 0.021484375
0 0.98828125 0.306640625 0.0234375 0.0234375
0 0.845703125 0.3037109375 0.0390625 0.033203125
0 0.8779296875 0.287109375 0.029296875 0.03515625
0 0.6181640625 0.2841796875 0.029296875 0.037109375
0 0.7099609375 0.279296875 0.041015625 0.03125
0 0.923828125 0.2734375 0.03125 0.0234375
0 0.6484375 0.2607421875 0.02734375 0.033203125
0 0.947265625 0.2548828125 0.0234375 0.029296875
0 0.755859375 0.2587890625 0.05078125 0.044921875
0 0.8076171875 0.240234375 0.048828125 0.04296875
0 0.8603515625 0.2041015625 0.025390625 0.033203125
0 0.873046875 0.1484375 0.03125 0.02734375