0 0.673828125 0.89453125 0.02734375 0.02734375
0 0.720703125 0.884765625 0.03125 0.046875
0 0.7353515625 0.8330078125 0.021484375 0.025390625
0 0.7900390625 0.7919921875 0.017578125 0.017578125
0 0.8369140625 0.7919921875 0.021484375 0.021484375
0 0.671875 0.80859375 0.03515625 0.06640625
0 0.560546875 0.744140625 0.0390625 0.0390625
0 0.7041015625 0.7353515625 0.029296875 0.025390625
0 0.87109375 0.7412109375 0.0390625 0.041015625
0 0.5224609375 0.7265625 0.017578125 0.01953125
0 0.599609375 0.6953125 0.05078125 0.03515625
0 0.734375 0.689453125 0.03515625 0.03515625
0 0.833984375 0.671875 0.0234375 0.0234375
0 0.2900390625 0.6162109375 0.044921875 0.033203125
0 0.2060546875 0.60546875 0.044921875 0.03125
0 0.8466796875 0.591796875 0.021484375 0.02734375
0 0.72265625 0.5869140625 0.01953125 0.021484375
0 0.7548828125 0.57421875 0.037109375 0.04296875
0 0.87109375 0.560546875 0.01953125 0.01953125
0 0.2578125 0.572265625 0.02734375 0.04296875
0 0.9521484375 0.5673828125 0.037109375 0.037109375
0 0.8369140625 0.5556640625 0.033203125 0.029296875
0 0.3115234375 0.564453125 0.037109375 0.05078125
0 0.1806640625 0.5546875 0.033203125 0.04296875
0 0.7802734375 0.537109375 0.033203125 0.03125
0 0.8681640625 0.53125 0.029296875 0.02734375
0 0.365234375 0.5361328125 0.046875 0.048828125
0 0.9775390625 0.5234375 0.037109375 0.03515625
0 0.99609375 0.501953125 0.0078125 0.015625
0 0.8798828125 0.5009765625 0.025390625 0.029296875
0 0.8076171875 0.5009765625 0.033203125 0.033203125
0 0.2451171875 0.4921875 0.044921875 0.03515625
0 0.4013671875 0.4931640625 0.048828125 0.044921875
0 0.0859375 0.494140625 0.05078125 0.046875
0 0.482421875 0.544921875 0.18359375 0.16015625
0 0.828125 0.474609375 0.02734375 0.0234375
0 0.3056640625 0.4814453125 0.048828125 0.044921875
0 0.9638671875 0.4697265625 0.025390625 0.025390625
0 0.1875 0.466796875 0.05078125 0.04296875
0 0.9326171875 0.4375 0.025390625 0.0234375
0 0.42578125 0.44140625 0.046875 0.03515625
0 0.7587890625 0.435546875 0.044921875 0.03515625
0 0.986328125 0.4267578125 0.02734375 0.033203125
0 0.8662109375 0.42578125 0.021484375 0.03125
0 0.3466796875 0.4326171875 0.041015625 0.048828125
0 0.1201171875 0.427734375 0.048828125 0.04296875
0 0.29296875 0.427734375 0.046875 0.05078125
0 0.7109375 0.4091796875 0.0234375 0.025390625
0 0.228515625 0.419921875 0.03125 0.046875
0 0.8310546875 0.40234375 0.029296875 0.03125
0 0.8759765625 0.3955078125 0.021484375 0.021484375
0 0.1728515625 0.408203125 0.033203125 0.046875
0 0.994140625 0.388671875 0.01171875 0.01953125
0 0.93359375 0.384765625 0.0234375 0.0234375
0 0.4287109375 0.3837890625 0.044921875 0.029296875
0 0.806640625 0.3837890625 0.03125 0.037109375
0 0.6650390625 0.3818359375 0.029296875 0.037109375
0 0.837890625 0.3681640625 0.01953125 0.017578125
0 0.9033203125 0.3701171875 0.029296875 0.025390625
0 0.78125 0.3701171875 0.0234375 0.025390625
0 0.2890625 0.3642578125 0.04296875 0.029296875
0 0.345703125 0.369140625 0.0390625 0.046875
0 0.2373046875 0.361328125 0.033203125 0.04296875
0 0.1806640625 0.3515625 0.033203125 0.046875
0 0.546875 0.337890625 0.01953125 0.0234375
0 0.4775390625 0.345703125 0.048828125 0.04296875
0 0.75 0.3408203125 0.03125 0.041015625
0 0.1162109375 0.341796875 0.033203125 0.046875
0 0.0087890625 0.330078125 0.017578125 0.0390625
0 0.4208984375 0.3291015625 0.033203125 0.044921875
0 0.5458984375 0.3046875 0.029296875 0.03125
0 0.6513671875 0.2958984375 0.025390625 0.029296875
0 0.7119140625 0.310546875 0.044921875 0.06640625
0 0.3056640625 0.287109375 0.041015625 0.02734375
0 0.2490234375 0.2841796875 0.048828125 0.033203125
0 0.51171875 0.2802734375 0.0390625 0.033203125
0 0.166015625 0.271484375 0.046875 0.03125
0 0.458984375 0.2666015625 0.04296875 0.048828125
0 0.3671875 0.265625 0.046875 0.046875
0 0.107421875 0.251953125 0.04296875 0.05078125
0 0.7587890625 0.240234375 0.029296875 0.03125
0 0.021484375 0.2421875 0.04296875 0.046875
0 0.5556640625 0.232421875 0.037109375 0.04296875
0 0.23046875 0.22265625 0.046875 0.03125
0 0.2998046875 0.2216796875 0.044921875 0.037109375
0 0.1748046875 0.216796875 0.044921875 0.03125
0 0.5185546875 0.2119140625 0.025390625 0.033203125
0 0.3955078125 0.212890625 0.048828125 0.04296875
0 0.1181640625 0.205078125 0.048828125 0.0390625
0 0.4951171875 0.1923828125 0.041015625 0.041015625
0 0.3466796875 0.1875 0.048828125 0.046875
0 0.57421875 0.1748046875 0.03515625 0.044921875
0 0.7841796875 0.162109375 0.021484375 0.0234375
0 0.728515625 0.162109375 0.0234375 0.02734375
0 0.4267578125 0.1376953125 0.044921875 0.029296875
0 0.52734375 0.134765625 0.02734375 0.03125
0 0.26953125 0.126953125 0.09765625 0.06640625
0 0.181640625 0.09765625 0.0703125 0.046875
0 0.5556640625 0.0869140625 0.029296875 0.033203125
0 0.37890625 0.0927734375 0.0390625 0.048828125
0 0.4609375 0.0859375 0.02734375 0.04296875
0 0.412109375 0.0478515625 0.046875 0.029296875
0 0.341796875 0.0458984375 0.05078125 0.044921875
0 0.6318359375 0.0263671875 0.021484375 0.029296875
0 0.53125 0.021484375 0.04296875 0.02734375
0 0.58984375 0.0087890625 0.02734375 0.017578125
0 0.4677734375 0.015625 0.048828125 0.03125
0 0.3662109375 0.0048828125 0.025390625 0.009765625
0 0.3056640625 0.013671875 0.041015625 0.02734375
0 0.08984375 0.0126953125 0.0390625 0.025390625