0 0.9921875 0.9775390625 0.015625 0.017578125
0 0.953125 0.97265625 0.03125 0.0234375
0 0.9169921875 0.9658203125 0.029296875 0.025390625
0 0.8447265625 0.95703125 0.025390625 0.03125
0 0.876953125 0.953125 0.02734375 0.02734375
0 0.826171875 0.9482421875 0.01953125 0.025390625
0 0.7958984375 0.94140625 0.021484375 0.0234375
0 0.7724609375 0.9384765625 0.021484375 0.025390625
0 0.736328125 0.93359375 0.01953125 0.0234375
0 0.0185546875 0.9306640625 0.017578125 0.017578125
0 0.00390625 0.9267578125 0.0078125 0.013671875
0 0.982421875 0.916015625 0.02734375 0.0234375
0 0.9453125 0.908203125 0.02734375 0.02734375
0 0.91015625 0.9033203125 0.02734375 0.017578125
0 0.005859375 0.8955078125 0.01171875 0.017578125
0 0.876953125 0.896484375 0.01953125 0.0234375
0 0.8466796875 0.8916015625 0.021484375 0.025390625
0 0.03125 0.890625 0.0234375 0.0234375
0 0.810546875 0.8876953125 0.0234375 0.021484375
0 0.77734375 0.8798828125 0.0234375 0.025390625
0 0.009765625 0.8759765625 0.01953125 0.021484375
0 0.4736328125 0.8515625 0.021484375 0.01953125
0 0.4189453125 0.8486328125 0.041015625 0.017578125
0 0.380859375 0.853515625 0.0234375 0.03125
0 0.8310546875 0.8369140625 0.029296875 0.025390625
0 0.8046875 0.8369140625 0.015625 0.025390625
0 0.77734375 0.8330078125 0.03125 0.021484375
0 0.0341796875 0.83984375 0.033203125 0.03515625
0 0.99609375 0.828125 0.0078125 0.01953125
0 0.916015625 0.830078125 0.0234375 0.02734375
0 0.8662109375 0.83203125 0.021484375 0.03125
0 0.943359375 0.828125 0.0234375 0.02734375
0 0.7197265625 0.8291015625 0.029296875 0.029296875
0 0.9765625 0.822265625 0.01953125 0.01953125
0 0.0732421875 0.8310546875 0.033203125 0.037109375
0 0.6787109375 0.8212890625 0.029296875 0.021484375
0 0.3212890625 0.8291015625 0.029296875 0.037109375
0 0.623046875 0.8134765625 0.0390625 0.025390625
0 0.45703125 0.8125 0.01953125 0.0234375
0 0.5791015625 0.8115234375 0.021484375 0.029296875
0 0.5498046875 0.8115234375 0.037109375 0.033203125
0 0.4384765625 0.80859375 0.017578125 0.02734375
0 0.509765625 0.8095703125 0.02734375 0.033203125
0 0.41796875 0.806640625 0.01953125 0.02734375
0 0.3984375 0.8046875 0.01953125 0.02734375
0 0.005859375 0.7978515625 0.01171875 0.017578125
0 0.05078125 0.7958984375 0.0234375 0.017578125
0 0.869140625 0.7822265625 0.0234375 0.025390625
0 0.8212890625 0.7822265625 0.021484375 0.029296875
0 0.791015625 0.7802734375 0.015625 0.025390625
0 0.8955078125 0.779296875 0.021484375 0.03125
0 0.6962890625 0.775390625 0.017578125 0.02734375
0 0.7685546875 0.7734375 0.021484375 0.02734375
0 0.6767578125 0.771484375 0.017578125 0.02734375
0 0.6220703125 0.76953125 0.017578125 0.0234375
0 0.9638671875 0.76953125 0.021484375 0.03125
0 0.6494140625 0.7666015625 0.029296875 0.037109375
0 0.5947265625 0.7626953125 0.037109375 0.033203125
0 0.458984375 0.75390625 0.015625 0.01953125
0 0.998046875 0.75390625 0.00390625 0.02734375
0 0.01171875 0.7607421875 0.0234375 0.041015625
0 0.5302734375 0.7548828125 0.017578125 0.037109375
0 0.5126953125 0.75390625 0.017578125 0.03515625
0 0.49609375 0.751953125 0.015625 0.03515625
0 0.26953125 0.74609375 0.0234375 0.03125
0 0.228515625 0.71875 0.01953125 0.02734375
0 0.046875 0.708984375 0.03125 0.02734375
0 0.06640625 0.6728515625 0.03125 0.029296875
0 0.1708984375 0.474609375 0.025390625 0.01953125
0 0.1611328125 0.451171875 0.029296875 0.01953125
0 0.005859375 0.443359375 0.01171875 0.015625
0 0.04296875 0.4384765625 0.01953125 0.021484375
0 0.0927734375 0.4375 0.021484375 0.03515625
0 0.1611328125 0.4189453125 0.037109375 0.025390625
0 0.1611328125 0.3896484375 0.033203125 0.021484375
0 0.92578125 0.376953125 0.01171875 0.015625
0 0.00390625 0.3779296875 0.0078125 0.017578125
0 0.0361328125 0.375 0.021484375 0.01953125
0 0.69140625 0.37109375 0.0234375 0.0234375
0 0.96875 0.3642578125 0.01953125 0.017578125
0 0.6201171875 0.361328125 0.029296875 0.01953125
0 0.150390625 0.361328125 0.0234375 0.01953125
0 0.0849609375 0.3623046875 0.025390625 0.025390625
0 0.908203125 0.3427734375 0.03515625 0.029296875
0 0.93359375 0.3369140625 0.015625 0.021484375
0 0.55859375 0.337890625 0.0234375 0.0234375
0 0.1455078125 0.3330078125 0.025390625 0.021484375
0 0.623046875 0.333984375 0.0234375 0.02734375
0 0.984375 0.3291015625 0.0234375 0.033203125
0 0.033203125 0.3212890625 0.03125 0.017578125
0 0.685546875 0.3173828125 0.02734375 0.017578125
0 0.078125 0.318359375 0.01953125 0.0234375
0 0.1416015625 0.30078125 0.025390625 0.01953125
0 0.8125 0.298828125 0.046875 0.0234375
0 0.689453125 0.2919921875 0.0390625 0.021484375
0 0.615234375 0.2900390625 0.02734375 0.025390625
0 0.8818359375 0.283203125 0.029296875 0.01953125
0 0.5458984375 0.28515625 0.021484375 0.0234375
0 0.9208984375 0.2783203125 0.017578125 0.025390625
0 0.58984375 0.271484375 0.0234375 0.01953125
0 0.1376953125 0.271484375 0.025390625 0.01953125
0 0.67578125 0.2685546875 0.0234375 0.017578125
0 0.7373046875 0.2587890625 0.021484375 0.021484375
0 0.0263671875 0.2568359375 0.025390625 0.021484375
0 0.794921875 0.2509765625 0.02734375 0.021484375
0 0.541015625 0.2509765625 0.01953125 0.025390625
0 0.9326171875 0.23828125 0.025390625 0.015625
0 0.6064453125 0.2412109375 0.033203125 0.025390625
0 0.0673828125 0.2451171875 0.021484375 0.033203125
0 0.7353515625 0.2333984375 0.021484375 0.017578125
0 0.6796875 0.236328125 0.03515625 0.0234375
0 0.1357421875 0.2353515625 0.021484375 0.025390625
0 0.474609375 0.2314453125 0.03125 0.021484375
0 0.537109375 0.2216796875 0.01953125 0.021484375
0 0.607421875 0.2119140625 0.0234375 0.021484375
0 0.6728515625 0.203125 0.029296875 0.01953125
0 0.7333984375 0.201171875 0.017578125 0.01953125
0 0.783203125 0.203125 0.01953125 0.02734375
0 0.4619140625 0.208984375 0.048828125 0.0390625
0 0.9482421875 0.1953125 0.013671875 0.01953125
0 0.8115234375 0.1962890625 0.017578125 0.021484375
0 0.833984375 0.1962890625 0.01953125 0.025390625
0 0.53515625 0.1923828125 0.01953125 0.021484375
0 0.984375 0.19140625 0.015625 0.0234375
0 0.888671875 0.1875 0.01953125 0.0234375
0 0.603515625 0.185546875 0.0234375 0.01953125
0 0.923828125 0.1875 0.0234375 0.03125
0 0.6689453125 0.17578125 0.029296875 0.0234375
0 0.46875 0.1689453125 0.01953125 0.021484375
0 0.05859375 0.1650390625 0.0234375 0.017578125
0 0.53515625 0.162109375 0.02734375 0.02734375
0 0.595703125 0.15234375 0.03125 0.0234375
0 0.669921875 0.150390625 0.03515625 0.0234375
0 0.7197265625 0.1474609375 0.021484375 0.029296875
0 0.4658203125 0.1416015625 0.021484375 0.025390625
0 0.8271484375 0.1376953125 0.021484375 0.021484375
0 0.794921875 0.1396484375 0.03125 0.025390625
0 0.044921875 0.1318359375 0.01953125 0.017578125
0 0.998046875 0.1298828125 0.00390625 0.017578125
0 0.53515625 0.1318359375 0.01953125 0.025390625
0 0.01171875 0.12890625 0.01953125 0.01953125
0 0.955078125 0.1279296875 0.0234375 0.021484375
0 0.9169921875 0.12890625 0.025390625 0.0234375
0 0.59765625 0.125 0.0234375 0.0234375
0 0.87109375 0.123046875 0.03125 0.02734375
0 0.7734375 0.1123046875 0.01953125 0.017578125
0 0.716796875 0.11328125 0.03515625 0.0234375
0 0.6630859375 0.1123046875 0.033203125 0.021484375
0 0.330078125 0.11328125 0.02734375 0.0234375
0 0.576171875 0.1005859375 0.01953125 0.017578125
0 0.4248046875 0.10546875 0.029296875 0.03125
0 0.3896484375 0.103515625 0.029296875 0.02734375
0 0.4560546875 0.0966796875 0.029296875 0.021484375
0 0.5361328125 0.09375 0.021484375 0.03125
0 0.59375 0.083984375 0.0234375 0.03125
0 0.6572265625 0.076171875 0.025390625 0.02734375
0 0.0751953125 0.0673828125 0.021484375 0.021484375
0 0.6884765625 0.0673828125 0.021484375 0.025390625
0 0.0498046875 0.06640625 0.021484375 0.0234375
0 0.716796875 0.0625 0.0234375 0.0234375
0 0.767578125 0.05859375 0.01953125 0.02734375
0 0.01171875 0.0595703125 0.0234375 0.029296875
0 0.796875 0.0625 0.0234375 0.0390625
0 0.8740234375 0.0595703125 0.017578125 0.037109375
0 0.9443359375 0.0498046875 0.017578125 0.021484375
0 0.8203125 0.052734375 0.01953125 0.02734375
0 0.91796875 0.0517578125 0.01953125 0.029296875
0 0.16015625 0.046875 0.02734375 0.03515625
0 0.083984375 0.02734375 0.03125 0.0234375
0 0.6474609375 0.015625 0.025390625 0.01953125
0 0.78515625 0.0029296875 0.01953125 0.005859375
0 0.763671875 0.00390625 0.01953125 0.0078125
0 0.7333984375 0.005859375 0.017578125 0.01171875
0 0.7109375 0.0068359375 0.01953125 0.013671875
0 0.6875 0.0078125 0.01953125 0.015625
0 0.56640625 0.0185546875 0.0625 0.037109375
0 0.4130859375 0.0224609375 0.083984375 0.044921875
0 0.2978515625 0.013671875 0.029296875 0.02734375
0 0.1484375 0.0107421875 0.01953125 0.021484375
0 0.0908203125 0.0029296875 0.021484375 0.005859375