0 0.2119140625 0.8154296875 0.017578125 0.029296875
0 0.265625 0.7421875 0.04296875 0.02734375
0 0.8271484375 0.7021484375 0.033203125 0.021484375
0 0.955078125 0.697265625 0.02734375 0.015625
0 0.912109375 0.6982421875 0.01953125 0.021484375
0 0.87109375 0.6953125 0.03125 0.01953125
0 0.791015625 0.6923828125 0.03125 0.029296875
0 0.693359375 0.693359375 0.0234375 0.03125
0 0.6708984375 0.6875 0.025390625 0.03125
0 0.7587890625 0.68359375 0.029296875 0.03125
0 0.62890625 0.669921875 0.03125 0.03515625
0 0.6650390625 0.650390625 0.021484375 0.01953125
0 0.7138671875 0.6533203125 0.025390625 0.029296875
0 0.455078125 0.646484375 0.01953125 0.046875
0 0.6875 0.634765625 0.01953125 0.02734375
0 0.9970703125 0.625 0.005859375 0.01171875
0 0.8671875 0.6259765625 0.0234375 0.021484375
0 0.8984375 0.6240234375 0.0234375 0.025390625
0 0.833984375 0.623046875 0.02734375 0.0234375
0 0.935546875 0.6240234375 0.03125 0.029296875
0 0.650390625 0.62109375 0.01953125 0.02734375
0 0.9462890625 0.5947265625 0.033203125 0.029296875
0 0.76953125 0.603515625 0.02734375 0.046875
0 0.8330078125 0.591796875 0.025390625 0.02734375
0 0.728515625 0.5830078125 0.0234375 0.025390625
0 0.9599609375 0.5654296875 0.021484375 0.025390625
0 0.68359375 0.5634765625 0.02734375 0.021484375
0 0.7880859375 0.5556640625 0.021484375 0.021484375
0 0.857421875 0.5537109375 0.0234375 0.025390625
0 0.3603515625 0.5419921875 0.103515625 0.048828125
0 0.7001953125 0.5244140625 0.021484375 0.017578125
0 0.7978515625 0.5263671875 0.033203125 0.025390625
0 0.8681640625 0.51953125 0.021484375 0.0234375
0 0.96484375 0.521484375 0.046875 0.03515625
0 0.2734375 0.525390625 0.04296875 0.05859375
0 0.7080078125 0.4912109375 0.029296875 0.025390625
0 0.7998046875 0.490234375 0.033203125 0.03125
0 0.9853515625 0.4873046875 0.025390625 0.029296875
0 0.7138671875 0.462890625 0.025390625 0.01953125
0 0.986328125 0.45703125 0.02734375 0.0234375
0 0.458984375 0.458984375 0.03515625 0.03515625
0 0.931640625 0.4453125 0.02734375 0.03515625
0 0.8935546875 0.4384765625 0.025390625 0.037109375
0 0.7275390625 0.423828125 0.025390625 0.01953125
0 0.3759765625 0.4111328125 0.021484375 0.021484375
0 0.8349609375 0.41796875 0.037109375 0.0390625
0 0.7900390625 0.404296875 0.021484375 0.03515625
0 0.7646484375 0.3916015625 0.017578125 0.025390625
0 0.96484375 0.3857421875 0.0234375 0.021484375
0 0.4375 0.41015625 0.03125 0.0703125
0 0.7333984375 0.3828125 0.021484375 0.02734375
0 0.935546875 0.3740234375 0.0234375 0.021484375
0 0.4296875 0.365234375 0.015625 0.015625
0 0.908203125 0.36328125 0.02734375 0.02734375
0 0.8818359375 0.3544921875 0.021484375 0.021484375
0 0.849609375 0.349609375 0.0234375 0.0234375
0 0.82421875 0.34375 0.0234375 0.02734375
0 0.763671875 0.31640625 0.0234375 0.01953125
0 0.37109375 0.30859375 0.0390625 0.0390625
0 0.7724609375 0.2890625 0.021484375 0.0234375
0 0.8525390625 0.2734375 0.025390625 0.03515625
0 0.994140625 0.265625 0.01171875 0.0234375
0 0.8125 0.259765625 0.0234375 0.03515625
0 0.9365234375 0.255859375 0.048828125 0.04296875
0 0.8408203125 0.2216796875 0.119140625 0.060546875
0 0.2109375 0.4794921875 0.28125 0.583984375
0 0.970703125 0.1611328125 0.01953125 0.025390625
0 0.9111328125 0.14453125 0.029296875 0.02734375
0 0.88671875 0.138671875 0.01953125 0.01953125
0 0.865234375 0.123046875 0.0234375 0.02734375
0 0.837890625 0.1083984375 0.0234375 0.025390625