0 0.95703125 0.9951171875 0.01953125 0.009765625
0 0.83203125 0.9912109375 0.0234375 0.017578125
0 0.8984375 0.986328125 0.01953125 0.01953125
0 0.2841796875 0.974609375 0.017578125 0.03125
0 0.814453125 0.9560546875 0.0234375 0.025390625
0 0.873046875 0.931640625 0.02734375 0.02734375
0 0.791015625 0.9208984375 0.03125 0.041015625
0 0.85546875 0.8916015625 0.03125 0.029296875
0 0.9755859375 0.8828125 0.025390625 0.046875
0 0.7744140625 0.8671875 0.025390625 0.02734375
0 0.8330078125 0.845703125 0.033203125 0.03125
0 0.7568359375 0.8271484375 0.025390625 0.029296875
0 0.9482421875 0.818359375 0.033203125 0.02734375
0 0.8134765625 0.806640625 0.029296875 0.03125
0 0.990234375 0.7958984375 0.01953125 0.021484375
0 0.9326171875 0.794921875 0.025390625 0.02734375
0 0.7353515625 0.78515625 0.021484375 0.0234375
0 0.9189453125 0.7685546875 0.029296875 0.025390625
0 0.7978515625 0.7666015625 0.029296875 0.025390625
0 0.9033203125 0.7431640625 0.029296875 0.025390625
0 0.7109375 0.744140625 0.0234375 0.02734375
0 0.9541015625 0.7197265625 0.025390625 0.021484375
0 0.8193359375 0.7177734375 0.025390625 0.029296875
0 0.98046875 0.7109375 0.0234375 0.02734375
0 0.998046875 0.693359375 0.00390625 0.0078125
0 0.6923828125 0.689453125 0.017578125 0.0234375
0 0.798828125 0.6884765625 0.0234375 0.037109375
0 0.880859375 0.68359375 0.0390625 0.03125
0 0.9091796875 0.6669921875 0.021484375 0.021484375
0 0.958984375 0.6474609375 0.0234375 0.021484375
0 0.78125 0.6455078125 0.02734375 0.025390625
0 0.986328125 0.6328125 0.0234375 0.02734375
0 0.853515625 0.6337890625 0.02734375 0.029296875
0 0.84375 0.6083984375 0.0234375 0.021484375
0 0.8935546875 0.587890625 0.025390625 0.02734375
0 0.9228515625 0.576171875 0.025390625 0.02734375
0 0.9521484375 0.55859375 0.025390625 0.0234375
0 0.818359375 0.5517578125 0.0390625 0.025390625
0 0.9931640625 0.533203125 0.013671875 0.01953125
0 0.8583984375 0.5283203125 0.029296875 0.029296875
0 0.892578125 0.51171875 0.0234375 0.03125
0 0.9248046875 0.4990234375 0.025390625 0.025390625
0 0.9794921875 0.4775390625 0.033203125 0.025390625
0 0.955078125 0.4580078125 0.01953125 0.017578125
0 0.9609375 0.431640625 0.03125 0.02734375
0 0.74609375 0.4306640625 0.0390625 0.048828125
0 0.8134765625 0.392578125 0.029296875 0.04296875
0 0.9150390625 0.33203125 0.029296875 0.0234375
0 0.7490234375 0.3359375 0.052734375 0.05078125
0 0.8388671875 0.3076171875 0.029296875 0.025390625
0 0.8876953125 0.27734375 0.029296875 0.03125
0 0.7900390625 0.2685546875 0.037109375 0.029296875
0 0.9521484375 0.2509765625 0.029296875 0.029296875
0 0.9814453125 0.2255859375 0.029296875 0.029296875
0 0.8623046875 0.2197265625 0.029296875 0.029296875
0 0.8349609375 0.1787109375 0.033203125 0.029296875
0 0.693359375 0.169921875 0.02734375 0.02734375
0 0.9423828125 0.16796875 0.025390625 0.02734375
0 0.97265625 0.146484375 0.03125 0.02734375
0 0.810546875 0.1396484375 0.02734375 0.033203125
0 0.755859375 0.1376953125 0.03125 0.033203125
0 0.8818359375 0.123046875 0.037109375 0.046875
0 0.650390625 0.1064453125 0.0234375 0.029296875
0 0.953125 0.09765625 0.02734375 0.03125
0 0.71875 0.083984375 0.03515625 0.0390625
0 0.759765625 0.06640625 0.0234375 0.02734375
0 0.9345703125 0.0634765625 0.029296875 0.033203125
0 0.7998046875 0.0517578125 0.041015625 0.029296875
0 0.6259765625 0.0302734375 0.025390625 0.025390625
0 0.8291015625 0.0234375 0.025390625 0.0234375
0 0.6806640625 0.0166015625 0.025390625 0.029296875
0 0.9541015625 0.001953125 0.005859375 0.00390625
0 0.900390625 0.01171875 0.0234375 0.0234375
0 0.705078125 0.0078125 0.03125 0.015625