0 0.3232421875 0.9921875 0.025390625 0.015625
0 0.44921875 0.96875 0.13671875 0.0625
0 0.619140625 0.9375 0.08203125 0.0625
0 0.4423828125 0.9072265625 0.056640625 0.033203125
0 0.2109375 0.9169921875 0.0625 0.080078125
0 0.3515625 0.904296875 0.09375 0.0703125
0 0.6162109375 0.865234375 0.052734375 0.02734375
0 0.326171875 0.8388671875 0.0546875 0.033203125
0 0.4658203125 0.83984375 0.107421875 0.08984375
0 0.5673828125 0.798828125 0.041015625 0.05078125
0 0.3232421875 0.7744140625 0.037109375 0.044921875
0 0.40234375 0.7587890625 0.03515625 0.044921875
0 0.2646484375 0.7373046875 0.080078125 0.103515625
0 0.41015625 0.6904296875 0.05859375 0.041015625
0 0.673828125 0.6923828125 0.06640625 0.091796875
0 0.3505859375 0.56640625 0.080078125 0.08984375
0 0.7001953125 0.43359375 0.052734375 0.015625
0 0.478515625 0.4375 0.0390625 0.0546875
0 0.412109375 0.42578125 0.08203125 0.1015625
0 0.5869140625 0.38671875 0.041015625 0.0390625
0 0.8125 0.3525390625 0.046875 0.041015625
0 0.7099609375 0.3310546875 0.052734375 0.033203125
0 0.548828125 0.3271484375 0.03515625 0.041015625
0 0.638671875 0.3046875 0.04296875 0.03515625
0 0.8779296875 0.30078125 0.052734375 0.046875
0 0.779296875 0.287109375 0.04296875 0.03125
0 0.888671875 0.2412109375 0.0234375 0.029296875
0 0.5244140625 0.2333984375 0.021484375 0.029296875
0 0.89453125 0.2197265625 0.01953125 0.013671875
0 0.5986328125 0.2265625 0.021484375 0.05078125
0 0.7255859375 0.212890625 0.041015625 0.02734375
0 0.654296875 0.2041015625 0.05078125 0.021484375
0 0.791015625 0.203125 0.046875 0.0234375
0 0.5322265625 0.16796875 0.029296875 0.03515625
0 0.92578125 0.1689453125 0.046875 0.048828125
0 0.9765625 0.1240234375 0.03125 0.025390625
0 0.6767578125 0.1181640625 0.052734375 0.021484375
0 0.994140625 0.115234375 0.01171875 0.01953125
0 0.7724609375 0.1171875 0.037109375 0.03125
0 0.6025390625 0.0859375 0.044921875 0.0390625
0 0.87109375 0.08203125 0.04296875 0.03515625
0 0.7529296875 0.05078125 0.033203125 0.046875
0 0.4404296875 0.046875 0.021484375 0.04296875
0 0.9755859375 0.0322265625 0.044921875 0.033203125
0 0.8310546875 0.025390625 0.037109375 0.046875
0 0.7294921875 0.00390625 0.017578125 0.0078125
0 0.5654296875 0.017578125 0.033203125 0.03515625